   2.4140457e+01
   2.3913997e+01
   2.3220206e+01
   2.2011243e+01
   2.0188439e+01
   1.7555619e+01
   1.3679989e+01
   7.3516010e+00
  -2.5911041e+00
   5.1105659e+00
   8.9089737e+00
   1.0069864e+01
   9.5853409e+00
   7.4997140e+00
   2.9634617e+00
  -1.0306974e+01
  -1.8889788e+00
   4.6253293e+00
   7.2301784e+00
   8.0222343e+00
   7.4071608e+00
   5.2210387e+00
   4.7778718e-01
  -7.2728569e+00
   6.6427596e-01
   5.6515554e+00
   8.1671082e+00
   9.2877069e+00
   9.3688045e+00
   8.5342587e+00
   6.9124606e+00
   5.2204292e+00
   5.4164938e+00
   7.5766945e+00
   9.7911733e+00
   1.1392498e+01
   1.2376384e+01
   1.2855057e+01
   1.2961775e+01
   1.2851833e+01
   1.2697152e+01
   1.2635461e+01
   1.2696019e+01
   1.2787780e+01
   1.2770088e+01
   1.2525530e+01
   1.1991392e+01
   1.1174880e+01
   1.0185307e+01
   9.2745727e+00
   8.7690762e+00
   8.7932865e+00
   9.1354585e+00
   9.5064280e+00
   9.7638737e+00
   9.9242833e+00
   1.0092154e+01
   1.0359593e+01
   1.0713898e+01
   1.1029044e+01
   1.1132894e+01
   1.0859504e+01
   1.0046535e+01
   8.4884888e+00
   5.8367251e+00
   1.4265062e+00
  -3.5435397e+00
   4.7614493e-01
   4.5172878e+00
   6.5591099e+00
   7.1379802e+00
   6.3397663e+00
   3.7992523e+00
  -8.2983777e-01
   1.3403378e+00
   7.3115742e+00
   1.1173135e+01
   1.3643570e+01
   1.5155580e+01
   1.5889087e+01
   1.5888323e+01
   1.5085664e+01
   1.3250580e+01
   9.7790591e+00
   3.3129430e+00
   4.3839820e+00
   1.0867821e+01
   1.4460582e+01
   1.6472504e+01
   1.7416876e+01
   1.7457218e+01
   1.6593128e+01
   1.4798987e+01
   1.2819370e+01
   1.3816180e+01
   1.7356402e+01
   2.0548586e+01
   2.2929231e+01
   2.4624941e+01
   2.5765602e+01
   2.6439827e+01
   2.6710224e+01
   2.6633279e+01
   2.6284376e+01
   2.5792236e+01
   2.5367074e+01
   2.5254887e+01
   2.5570570e+01
   2.6190290e+01
   2.6877207e+01
   2.7445506e+01
   2.7803474e+01
   2.7935313e+01
   2.7887985e+01
   2.7774334e+01
   2.7767101e+01
   2.8035155e+01
   2.8627600e+01
   2.9434191e+01
   3.0278749e+01
   3.1018675e+01
   3.1572388e+01
   3.1907083e+01
   3.2024498e+01
   3.1956252e+01
   3.1767028e+01
   3.1556118e+01
   3.1439002e+01
   3.1496423e+01
   3.1720916e+01
   3.2018555e+01
   3.2264500e+01
   3.2355301e+01
   3.2233253e+01
   3.1902400e+01
   3.1462112e+01
   3.1152080e+01
   3.1299986e+01
   3.2050012e+01
   3.3189525e+01
   3.4382713e+01
   3.5402009e+01
   3.6141678e+01
   3.6563790e+01
   3.6663843e+01
   3.6463930e+01
   3.6031685e+01
   3.5526549e+01
   3.5240425e+01
   3.5495517e+01
   3.6355175e+01
   3.7561784e+01
   3.8817049e+01
   3.9952368e+01
   4.0911016e+01
   4.1695124e+01
   4.2332411e+01
   4.2858647e+01
   4.3306663e+01
   4.3698089e+01
   4.4038207e+01
   4.4315367e+01
   4.4504731e+01
   4.4573953e+01
   4.4487993e+01
   4.4211587e+01
   4.3709383e+01
   4.2944487e+01
   4.1876602e+01
   4.0462147e+01
   3.8664428e+01
   3.6503653e+01
   3.4235896e+01
   3.2672516e+01
   3.2637164e+01
   3.3577555e+01
   3.4561296e+01
   3.5242402e+01
   3.5618579e+01
   3.5813263e+01
   3.5997099e+01
   3.6318980e+01
   3.6824708e+01
   3.7437141e+01
   3.8022172e+01
   3.8460089e+01
   3.8669832e+01
   3.8601925e+01
   3.8225439e+01
   3.7520083e+01
   3.6478183e+01
   3.5125867e+01
   3.3586141e+01
   3.2194841e+01
   3.1484642e+01
   3.1676492e+01
   3.2366730e+01
   3.3066036e+01
   3.3533312e+01
   3.3702601e+01
   3.3583883e+01
   3.3221119e+01
   3.2681138e+01
   3.2050504e+01
   3.1425376e+01
   3.0886967e+01
   3.0473188e+01
   3.0172088e+01
   2.9945777e+01
   2.9762106e+01
   2.9609058e+01
   2.9487199e+01
   2.9391040e+01
   2.9294886e+01
   2.9153368e+01
   2.8914794e+01
   2.8538723e+01
   2.8013184e+01
   2.7373396e+01
   2.6720596e+01
   2.6217317e+01
   2.6013604e+01
   2.6126834e+01
   2.6418196e+01
   2.6699175e+01
   2.6825948e+01
   2.6719341e+01
   2.6352162e+01
   2.5740971e+01
   2.4952659e+01
   2.4118358e+01
   2.3420947e+01
   2.3008124e+01
   2.2874434e+01
   2.2863153e+01
   2.2785312e+01
   2.2505248e+01
   2.1953542e+01
   2.1117359e+01
   2.0043212e+01
   1.8857441e+01
   1.7771900e+01
   1.6994237e+01
   1.6549975e+01
   1.6247417e+01
   1.5846535e+01
   1.5199133e+01
   1.4297057e+01
   1.3320198e+01
   1.2661900e+01
   1.2671230e+01
   1.3219863e+01
   1.3862310e+01
   1.4259394e+01
   1.4249764e+01
   1.3762888e+01
   1.2757710e+01
   1.1206580e+01
   9.1420936e+00
   6.8746517e+00
   5.3962718e+00
   5.5816937e+00
   6.6136734e+00
   7.5136290e+00
   8.0103458e+00
   8.1524979e+00
   8.0855240e+00
   7.9709399e+00
   7.9191458e+00
   7.9416409e+00
   7.9736445e+00
   7.9472854e+00
   7.8494810e+00
   7.7357550e+00
   7.6970688e+00
   7.7874559e+00
   7.9654359e+00
   8.1109239e+00
   8.0928008e+00
   7.8229452e+00
   7.2896135e+00
   6.6034752e+00
   6.0516844e+00
   6.0023421e+00
   6.5374863e+00
   7.3312379e+00
   8.0003756e+00
   8.3138895e+00
   8.1577103e+00
   7.4685246e+00
   6.2153349e+00
   4.4767892e+00
   2.7541971e+00
   2.2247541e+00
   3.2042178e+00
   4.5068608e+00
   5.3422415e+00
   5.4843971e+00
   4.8601195e+00
   3.4120662e+00
   1.2333973e+00
  -5.2565887e-01
   4.7797894e-01
   2.9715229e+00
   5.0112809e+00
   6.2580544e+00
   6.7574573e+00
   6.5616254e+00
   5.6912072e+00
   4.1889021e+00
   2.3610237e+00
   1.3326025e+00
   2.2132181e+00
   3.9937804e+00
   5.5245627e+00
   6.5029990e+00
   6.9285827e+00
   6.8559967e+00
   6.3497214e+00
   5.4940036e+00
   4.4199994e+00
   3.3207098e+00
   2.3920845e+00
   1.6855273e+00
   1.0379908e+00
   1.8456433e-01
  -1.1105246e+00
  -2.9761551e+00
  -5.1619138e+00
  -6.2368101e+00
  -4.9331718e+00
  -2.8404213e+00
  -1.1674070e+00
  -9.2575182e-02
   4.5798805e-01
   5.8749356e-01
   3.9678684e-01
  -1.7978698e-02
  -5.7320509e-01
  -1.2157652e+00
  -1.9393614e+00
  -2.7827607e+00
  -3.8080372e+00
  -5.0729904e+00
  -6.6091840e+00
  -8.4040088e+00
  -1.0367433e+01
  -1.2208921e+01
  -1.3146355e+01
  -1.2281931e+01
  -1.0131409e+01
  -7.8280322e+00
  -5.9063263e+00
  -4.5188082e+00
  -3.7129968e+00
  -3.5341457e+00
  -4.0733352e+00
  -5.5301564e+00
  -8.3844183e+00
  -1.4095532e+01
  -2.0870304e+01
  -1.1397261e+01
  -6.7257094e+00
  -4.2645037e+00
  -3.0817946e+00
  -2.8866956e+00
  -3.6148266e+00
  -5.2675459e+00
  -7.4039363e+00
  -7.6314812e+00
  -4.9671104e+00
  -2.1654075e+00
  -1.6708618e-01
   1.0360013e+00
   1.5318118e+00
   1.3685965e+00
   5.6388432e-01
  -8.2971776e-01
  -2.4841665e+00
  -3.3414037e+00
  -2.4934824e+00
  -8.7986268e-01
   4.4629338e-01
   1.1582707e+00
   1.2027375e+00
   5.8010289e-01
  -6.5811232e-01
  -2.2050983e+00
  -3.0706948e+00
  -2.3121329e+00
  -7.4587799e-01
   5.5882857e-01
   1.2324881e+00
   1.1878435e+00
   3.7320636e-01
  -1.2707466e+00
  -3.6068001e+00
  -5.2427018e+00
  -3.9816447e+00
  -1.5887088e+00
   1.9853247e-01
   1.1309872e+00
   1.2434330e+00
   5.5554616e-01
  -9.1990929e-01
  -2.9064924e+00
  -3.9797887e+00
  -2.6032359e+00
  -3.4245068e-01
   1.4477633e+00
   2.5529367e+00
   3.0391093e+00
   3.0157941e+00
   2.6336477e+00
   2.1317940e+00
   1.8325122e+00
   1.9564924e+00
   2.4129969e+00
   2.9188638e+00
   3.2470804e+00
   3.3050930e+00
   3.1140625e+00
   2.7868544e+00
   2.4947080e+00
   2.3729607e+00
   2.4042522e+00
   2.4190510e+00
   2.2091267e+00
   1.6176551e+00
   5.9430830e-01
  -6.5437477e-01
  -1.3532452e+00
  -6.2668252e-01
   1.0328467e+00
   2.6487430e+00
   3.8197760e+00
   4.4907312e+00
   4.7275761e+00
   4.6770709e+00
   4.5891365e+00
   4.7730711e+00
   5.3866259e+00
   6.2838215e+00
   7.1815481e+00
   7.8673493e+00
   8.2375093e+00
   8.2630702e+00
   7.9691550e+00
   7.4438841e+00
   6.8634548e+00
   6.4749296e+00
   6.4527857e+00
   6.7333754e+00
   7.0797089e+00
   7.2749926e+00
   7.2132497e+00
   6.9105685e+00
   6.5214428e+00
   6.3358181e+00
   6.6158822e+00
   7.3283919e+00
   8.1844292e+00
   8.9132605e+00
   9.3793781e+00
   9.5632362e+00
   9.5381149e+00
   9.4672750e+00
   9.5691288e+00
   9.9901022e+00
   1.0679310e+01
   1.1444171e+01
   1.2101815e+01
   1.2551316e+01
   1.2772752e+01
   1.2814931e+01
   1.2788338e+01
   1.2840263e+01
   1.3084018e+01
   1.3518638e+01
   1.4031651e+01
   1.4481783e+01
   1.4768651e+01
   1.4856839e+01
   1.4782004e+01
   1.4656394e+01
   1.4651668e+01
   1.4914365e+01
   1.5449496e+01
   1.6114176e+01
   1.6729379e+01
   1.7167741e+01
   1.7371865e+01
   1.7348522e+01
   1.7171120e+01
   1.6986542e+01
   1.6984391e+01
   1.7287303e+01
   1.7845620e+01
   1.8481199e+01
   1.9015371e+01
   1.9336642e+01
   1.9406430e+01
   1.9258818e+01
   1.9019950e+01
   1.8922051e+01
   1.9217500e+01
   1.9969418e+01
   2.0985020e+01
   2.2001675e+01
   2.2836407e+01
   2.3393320e+01
   2.3624230e+01
   2.3497044e+01
   2.2975992e+01
   2.2005760e+01
   2.0489755e+01
   1.8244797e+01
   1.4879558e+01
   9.4177473e+00
   2.6282175e+00
   8.8587194e+00
   1.3368151e+01
   1.5875248e+01
   1.7344736e+01
   1.8195654e+01
   1.8665635e+01
   1.8924475e+01
   1.9102352e+01
   1.9282194e+01
   1.9487094e+01
   1.9687950e+01
   1.9831760e+01
   1.9870964e+01
   1.9780769e+01
   1.9565801e+01
   1.9260999e+01
   1.8926614e+01
   1.8631889e+01
   1.8426017e+01
   1.8311090e+01
   1.8239896e+01
   1.8140444e+01
   1.7945462e+01
   1.7610184e+01
   1.7118963e+01
   1.6487744e+01
   1.5765325e+01
   1.5028440e+01
   1.4359996e+01
   1.3809162e+01
   1.3359543e+01
   1.2937860e+01
   1.2455398e+01
   1.1847607e+01
   1.1097185e+01
   1.0247468e+01
   9.4063279e+00
   8.7161113e+00
   8.2685128e+00
   8.0257917e+00
   7.8475780e+00
   7.5882838e+00
   7.1638966e+00
   6.5742881e+00
   5.9119318e+00
   5.3510871e+00
   5.0651593e+00
   5.0849232e+00
   5.2637128e+00
   5.3993932e+00
   5.3443795e+00
   5.0309173e+00
   4.4656095e+00
   3.7365146e+00
   3.0278890e+00
   2.5780595e+00
   2.5185604e+00
   2.7458887e+00
   3.0242267e+00
   3.1551234e+00
   3.0310826e+00
   2.6181394e+00
   1.9390928e+00
   1.0769340e+00
   1.8580758e-01
  -5.3582863e-01
  -9.5519512e-01
  -1.1144319e+00
  -1.1843936e+00
  -1.3272465e+00
  -1.6204282e+00
  -2.0476187e+00
  -2.5123247e+00
  -2.8752512e+00
  -3.0334205e+00
  -2.9954061e+00
  -2.8668377e+00
  -2.7664590e+00
  -2.7649288e+00
  -2.8734595e+00
  -3.0604113e+00
  -3.2807935e+00
  -3.5106035e+00
  -3.7695003e+00
  -4.1154365e+00
  -4.6144709e+00
  -5.2996364e+00
  -6.1195809e+00
  -6.8783035e+00
  -7.2530618e+00
  -7.0509511e+00
  -6.4579807e+00
  -5.8441569e+00
  -5.4863620e+00
  -5.5330836e+00
  -6.0661398e+00
  -7.1451612e+00
  -8.8101459e+00
  -1.0984470e+01
  -1.3086401e+01
  -1.3754051e+01
  -1.2836955e+01
  -1.1729313e+01
  -1.1158339e+01
  -1.1244502e+01
  -1.1888510e+01
  -1.2752476e+01
  -1.3135231e+01
  -1.2497569e+01
  -1.1255501e+01
  -1.0105650e+01
  -9.3912374e+00
  -9.2180936e+00
  -9.6169885e+00
  -1.0598393e+01
  -1.2121593e+01
  -1.3904919e+01
  -1.5038199e+01
  -1.4582687e+01
  -1.3200597e+01
  -1.1917223e+01
  -1.1095608e+01
  -1.0779702e+01
  -1.0938409e+01
  -1.1529918e+01
  -1.2505577e+01
  -1.3784698e+01
  -1.5192221e+01
  -1.6370135e+01
  -1.6845236e+01
  -1.6465218e+01
  -1.5581551e+01
  -1.4611413e+01
  -1.3777832e+01
  -1.3153947e+01
  -1.2734484e+01
  -1.2465651e+01
  -1.2255870e+01
  -1.1996559e+01
  -1.1608978e+01
  -1.1093487e+01
  -1.0531607e+01
  -1.0039732e+01
  -9.7244992e+00
  -9.6677084e+00
  -9.9320546e+00
  -1.0573020e+01
  -1.1649603e+01
  -1.3228532e+01
  -1.5359770e+01
  -1.7914256e+01
  -2.0001531e+01
  -2.0054355e+01
  -1.8644489e+01
  -1.7216921e+01
  -1.6107069e+01
  -1.5105542e+01
  -1.3908706e+01
  -1.2398726e+01
  -1.0721494e+01
  -9.1059141e+00
  -7.7113591e+00
  -6.6138982e+00
  -5.8407415e+00
  -5.3972628e+00
  -5.2800825e+00
  -5.4806550e+00
  -5.9818557e+00
  -6.7468155e+00
  -7.6980674e+00
  -8.6931395e+00
  -9.5329331e+00
  -1.0060557e+01
  -1.0297295e+01
  -1.0432341e+01
  -1.0682994e+01
  -1.1207237e+01
  -1.2100045e+01
  -1.3407586e+01
  -1.5106219e+01
  -1.6986586e+01
  -1.8437361e+01
  -1.8708796e+01
  -1.7970632e+01
  -1.6991213e+01
  -1.6193982e+01
  -1.5673914e+01
  -1.5408352e+01
  -1.5345474e+01
  -1.5421821e+01
  -1.5551654e+01
  -1.5616603e+01
  -1.5492624e+01
  -1.5128753e+01
  -1.4606005e+01
  -1.4097347e+01
  -1.3783754e+01
  -1.3814989e+01
  -1.4320702e+01
  -1.5445177e+01
  -1.7397023e+01
  -2.0493566e+01
  -2.4595118e+01
  -2.4863261e+01
  -2.1148969e+01
  -1.8461244e+01
  -1.7035709e+01
  -1.6612150e+01
  -1.7036552e+01
  -1.8132429e+01
  -1.9314759e+01
  -1.9259003e+01
  -1.7623724e+01
  -1.5685180e+01
  -1.4204675e+01
  -1.3331367e+01
  -1.3036437e+01
  -1.3234950e+01
  -1.3758633e+01
  -1.4274312e+01
  -1.4330411e+01
  -1.3755401e+01
  -1.2875347e+01
  -1.2119654e+01
  -1.1747881e+01
  -1.1890883e+01
  -1.2641496e+01
  -1.4111492e+01
  -1.6446542e+01
  -1.9595077e+01
  -2.1695547e+01
  -2.0016466e+01
  -1.7553009e+01
  -1.6005000e+01
  -1.5445572e+01
  -1.5831229e+01
  -1.7243707e+01
  -1.9968251e+01
  -2.4315245e+01
  -2.5860070e+01
  -2.1399871e+01
  -1.8058751e+01
  -1.6168631e+01
  -1.5345817e+01
  -1.5429121e+01
  -1.6431858e+01
  -1.8565552e+01
  -2.2420321e+01
  -2.8508275e+01
  -2.5858764e+01
  -2.0566257e+01
  -1.7528838e+01
  -1.5810576e+01
  -1.4941023e+01
  -1.4654706e+01
  -1.4715280e+01
  -1.4825621e+01
  -1.4661520e+01
  -1.4083887e+01
  -1.3260495e+01
  -1.2475815e+01
  -1.1936423e+01
  -1.1745063e+01
  -1.1933150e+01
  -1.2469051e+01
  -1.3218035e+01
  -1.3870963e+01
  -1.4009072e+01
  -1.3492652e+01
  -1.2642282e+01
  -1.1855217e+01
  -1.1346730e+01
  -1.1172133e+01
  -1.1278317e+01
  -1.1510285e+01
  -1.1624491e+01
  -1.1410768e+01
  -1.0880825e+01
  -1.0260032e+01
  -9.7988916e+00
  -9.6666244e+00
  -9.9538363e+00
  -1.0683954e+01
  -1.1758901e+01
  -1.2780644e+01
  -1.2985721e+01
  -1.2068724e+01
  -1.0688964e+01
  -9.4881195e+00
  -8.7074718e+00
  -8.3799711e+00
  -8.4471500e+00
  -8.7639952e+00
  -9.0639472e+00
  -9.0130724e+00
  -8.4634872e+00
  -7.6056554e+00
  -6.7464434e+00
  -6.0884103e+00
  -5.7080960e+00
  -5.5972372e+00
  -5.6866884e+00
  -5.8563306e+00
  -5.9621247e+00
  -5.9025139e+00
  -5.6828769e+00
  -5.4008923e+00
  -5.1668995e+00
  -5.0386718e+00
  -4.9972335e+00
  -4.9522200e+00
  -4.7829121e+00
  -4.4194745e+00
  -3.9053257e+00
  -3.3698385e+00
  -2.9502962e+00
  -2.7421658e+00
  -2.7866155e+00
  -3.0646856e+00
  -3.4780461e+00
  -3.8298150e+00
  -3.8790955e+00
  -3.5213458e+00
  -2.9001030e+00
  -2.2705685e+00
  -1.8298921e+00
  -1.6728955e+00
  -1.7981500e+00
  -2.0853991e+00
  -2.2452932e+00
  -1.8911420e+00
  -8.8680466e-01
   4.8635370e-01
   1.8578739e+00
   3.0063861e+00
   3.8390510e+00
   4.3218127e+00
   4.4377658e+00
   4.1669209e+00
   3.4736729e+00
   2.2923317e+00
   4.9904265e-01
  -2.1607913e+00
  -6.3231255e+00
  -1.4527580e+01
  -2.1055066e+01
  -9.5704063e+00
  -5.4153438e+00
  -3.1096103e+00
  -1.6494767e+00
  -6.2190246e-01
   1.9835193e-01
   9.2930975e-01
   1.6050128e+00
   2.2028706e+00
   2.6785107e+00
   2.9929811e+00
   3.1265058e+00
   3.0839072e+00
   2.8976215e+00
   2.6288974e+00
   2.3606919e+00
   2.1729884e+00
   2.1045307e+00
   2.1294201e+00
   2.1724463e+00
   2.1473721e+00
   1.9869229e+00
   1.6552646e+00
   1.1519261e+00
   5.1591682e-01
  -1.7064940e-01
  -7.9343270e-01
  -1.2502868e+00
  -1.5152241e+00
  -1.6594815e+00
  -1.8035613e+00
  -2.0550938e+00
  -2.4780949e+00
  -3.0866965e+00
  -3.8434632e+00
  -4.6582219e+00
  -5.4049832e+00
  -5.9808220e+00
  -6.3822645e+00
  -6.7178347e+00
  -7.1417204e+00
  -7.7860203e+00
  -8.7305025e+00
  -9.9790867e+00
  -1.1393234e+01
  -1.2584933e+01
  -1.3045073e+01
  -1.2741693e+01
  -1.2195372e+01
  -1.1880884e+01
  -1.2042980e+01
  -1.2819804e+01
  -1.4355898e+01
  -1.6870539e+01
  -2.0513227e+01
  -2.3057193e+01
  -2.0399290e+01
  -1.7232248e+01
  -1.5220542e+01
  -1.4177288e+01
  -1.3916011e+01
  -1.4345485e+01
  -1.5426524e+01
  -1.7087564e+01
  -1.8958027e+01
  -1.9904838e+01
  -1.9071257e+01
  -1.7477754e+01
  -1.6110658e+01
  -1.5214769e+01
  -1.4761469e+01
  -1.4655499e+01
  -1.4779411e+01
  -1.5008505e+01
  -1.5240199e+01
  -1.5436286e+01
  -1.5642582e+01
  -1.5965464e+01
  -1.6534598e+01
  -1.7489685e+01
  -1.9004352e+01
  -2.1361065e+01
  -2.5143758e+01
  -3.1201849e+01
  -3.0079314e+01
  -2.4220711e+01
  -2.0635237e+01
  -1.8384515e+01
  -1.6987628e+01
  -1.6243822e+01
  -1.6077980e+01
  -1.6487214e+01
  -1.7521884e+01
  -1.9257515e+01
  -2.1593419e+01
  -2.3260385e+01
  -2.2017070e+01
  -1.9417904e+01
  -1.7278545e+01
  -1.5878141e+01
  -1.5164664e+01
  -1.5091596e+01
  -1.5667252e+01
  -1.6978082e+01
  -1.9253876e+01
  -2.3108475e+01
  -3.0986489e+01
  -3.7749895e+01
  -2.6266204e+01
  -2.2285059e+01
  -2.0392419e+01
  -1.9665363e+01
  -1.9802586e+01
  -2.0698731e+01
  -2.2318711e+01
  -2.4541422e+01
  -2.6656058e+01
  -2.7033945e+01
  -2.5718118e+01
  -2.4312936e+01
  -2.3468687e+01
  -2.3258505e+01
  -2.3648948e+01
  -2.4614011e+01
  -2.6157132e+01
  -2.8323037e+01
  -3.1228618e+01
  -3.5162974e+01
  -4.0911932e+01
  -4.7964246e+01
  -4.2345402e+01
  -3.7335729e+01
  -3.4105928e+01
  -3.1800618e+01
  -3.0100846e+01
  -2.8861494e+01
  -2.7997361e+01
  -2.7451205e+01
  -2.7188638e+01
  -2.7202830e+01
  -2.7521624e+01
  -2.8211308e+01
  -2.9363193e+01
  -3.0986480e+01
  -3.2463414e+01
  -3.1864408e+01
  -2.9132767e+01
  -2.6263422e+01
  -2.3973139e+01
  -2.2310989e+01
  -2.1232165e+01
  -2.0713023e+01
  -2.0771250e+01
  -2.1479911e+01
  -2.2996553e+01
  -2.5595409e+01
  -2.9207021e+01
  -2.9473972e+01
  -2.5281573e+01
  -2.1817838e+01
  -1.9470705e+01
  -1.7942608e+01
  -1.7041295e+01
  -1.6658225e+01
  -1.6730885e+01
  -1.7219967e+01
  -1.8091398e+01
  -1.9292768e+01
  -2.0713120e+01
  -2.2129496e+01
  -2.3217200e+01
  -2.3757703e+01
  -2.3858430e+01
  -2.3806831e+01
  -2.3814696e+01
  -2.3962927e+01
  -2.4251564e+01
  -2.4643815e+01
  -2.5077043e+01
  -2.5442788e+01
  -2.5570462e+01
  -2.5295238e+01
  -2.4613523e+01
  -2.3722152e+01
  -2.2871808e+01
  -2.2245303e+01
  -2.1943415e+01
  -2.2008559e+01
  -2.2434265e+01
  -2.3140797e+01
  -2.3912019e+01
  -2.4368078e+01
  -2.4195230e+01
  -2.3499786e+01
  -2.2660853e+01
  -2.1964786e+01
  -2.1529212e+01
  -2.1373141e+01
  -2.1477414e+01
  -2.1821774e+01
  -2.2412029e+01
  -2.3300743e+01
  -2.4595367e+01
  -2.6427084e+01
  -2.8696770e+01
  -2.9960321e+01
  -2.8196147e+01
  -2.5346141e+01
  -2.3037893e+01
  -2.1478648e+01
  -2.0612925e+01
  -2.0399036e+01
  -2.0848251e+01
  -2.2045441e+01
  -2.4207745e+01
  -2.7891935e+01
  -3.5089723e+01
  -4.3714022e+01
  -3.2269149e+01
  -2.8358317e+01
  -2.6717904e+01
  -2.6341595e+01
  -2.6786360e+01
  -2.7507394e+01
  -2.7584920e+01
  -2.6540102e+01
  -2.5061271e+01
  -2.3873468e+01
  -2.3256656e+01
  -2.3290910e+01
  -2.4019282e+01
  -2.5490792e+01
  -2.7684165e+01
  -3.0014737e+01
  -3.0563856e+01
  -2.9029460e+01
  -2.7420217e+01
  -2.6543005e+01
  -2.6491823e+01
  -2.7274609e+01
  -2.8947766e+01
  -3.1596168e+01
  -3.4857066e+01
  -3.6066331e+01
  -3.4089250e+01
  -3.2110059e+01
  -3.1032775e+01
  -3.0774784e+01
  -3.1197831e+01
  -3.2215868e+01
  -3.3783863e+01
  -3.5700511e+01
  -3.6649745e+01
  -3.4613196e+01
  -3.1211980e+01
  -2.8190777e+01
  -2.5852748e+01
  -2.4166378e+01
  -2.3082610e+01
  -2.2579927e+01
  -2.2669471e+01
  -2.3396234e+01
  -2.4827268e+01
  -2.6934283e+01
  -2.8943581e+01
  -2.8683708e+01
  -2.6472158e+01
  -2.4394623e+01
  -2.3030951e+01
  -2.2367908e+01
  -2.2304916e+01
  -2.2693079e+01
  -2.3247918e+01
  -2.3489711e+01
  -2.3041223e+01
  -2.2089257e+01
  -2.1126617e+01
  -2.0501649e+01
  -2.0390069e+01
  -2.0910491e+01
  -2.2218298e+01
  -2.4598782e+01
  -2.8501571e+01
  -3.1887551e+01
  -2.7970316e+01
  -2.3861339e+01
  -2.1242003e+01
  -1.9655788e+01
  -1.8825518e+01
  -1.8611816e+01
  -1.8945297e+01
  -1.9789176e+01
  -2.1105473e+01
  -2.2796976e+01
  -2.4607899e+01
  -2.6107879e+01
  -2.7093892e+01
  -2.8016326e+01
  -2.9650142e+01
  -3.2528971e+01
  -3.3417850e+01
  -2.8478063e+01
  -2.3983912e+01
  -2.0796433e+01
  -1.8547618e+01
  -1.6996214e+01
  -1.6006924e+01
  -1.5503253e+01
  -1.5442886e+01
  -1.5804544e+01
  -1.6578658e+01
  -1.7755304e+01
  -1.9299285e+01
  -2.1096476e+01
  -2.2878833e+01
  -2.4278050e+01
  -2.5208511e+01
  -2.6111273e+01
  -2.7686780e+01
  -3.0949909e+01
  -3.9319945e+01
  -3.7107926e+01
  -2.8163788e+01
  -2.3661373e+01
  -2.0818850e+01
  -1.8931799e+01
  -1.7719288e+01
  -1.7039322e+01
  -1.6798429e+01
  -1.6898963e+01
  -1.7184283e+01
  -1.7392642e+01
  -1.7221575e+01
  -1.6570343e+01
  -1.5652897e+01
  -1.4782084e+01
  -1.4183289e+01
  -1.3990516e+01
  -1.4303726e+01
  -1.5245199e+01
  -1.7031282e+01
  -2.0142915e+01
  -2.5926975e+01
  -3.1446127e+01
  -2.3185575e+01
  -1.8674824e+01
  -1.6131832e+01
  -1.4660517e+01
  -1.3885351e+01
  -1.3571383e+01
  -1.3490830e+01
  -1.3379511e+01
  -1.3007831e+01
  -1.2331934e+01
  -1.1513055e+01
  -1.0765767e+01
  -1.0245124e+01
  -1.0037660e+01
  -1.0188531e+01
  -1.0722134e+01
  -1.1645927e+01
  -1.2928096e+01
  -1.4423092e+01
  -1.5738515e+01
  -1.6299340e+01
  -1.5976799e+01
  -1.5287988e+01
  -1.4734697e+01
  -1.4548354e+01
  -1.4811085e+01
  -1.5559667e+01
  -1.6827049e+01
  -1.8641167e+01
  -2.0937683e+01
  -2.3186817e+01
  -2.3965438e+01
  -2.2870481e+01
  -2.1326909e+01
  -2.0133956e+01
  -1.9423012e+01
  -1.9160754e+01
  -1.9299796e+01
  -1.9805626e+01
  -2.0653427e+01
  -2.1807957e+01
  -2.3170057e+01
  -2.4464835e+01
  -2.5174838e+01
  -2.4924251e+01
  -2.3997753e+01
  -2.2945950e+01
  -2.2098974e+01
  -2.1581290e+01
  -2.1427324e+01
  -2.1635710e+01
  -2.2175384e+01
  -2.2957910e+01
  -2.3786347e+01
  -2.4353338e+01
  -2.4440056e+01
  -2.4174797e+01
  -2.3922264e+01
  -2.4012333e+01
  -2.4669857e+01
  -2.6031788e+01
  -2.7920124e+01
  -2.8757739e+01
  -2.6720321e+01
  -2.3789934e+01
  -2.1419943e+01
  -1.9765031e+01
  -1.8738931e+01
  -1.8251191e+01
  -1.8220646e+01
  -1.8547491e+01
  -1.9069300e+01
  -1.9533512e+01
  -1.9684147e+01
  -1.9478403e+01
  -1.9145278e+01
  -1.8990742e+01
  -1.9260978e+01
  -2.0164636e+01
  -2.1972600e+01
  -2.5202402e+01
  -3.0664317e+01
  -3.0775446e+01
  -2.4869354e+01
  -2.1187012e+01
  -1.8963111e+01
  -1.7679447e+01
  -1.7106930e+01
  -1.7147784e+01
  -1.7781196e+01
  -1.9054843e+01
  -2.1114746e+01
  -2.4318563e+01
  -2.9677234e+01
  -3.9451193e+01
  -3.2387556e+01
  -2.7138174e+01
  -2.4481637e+01
  -2.3047336e+01
  -2.2352387e+01
  -2.2165307e+01
  -2.2341395e+01
  -2.2759496e+01
  -2.3287222e+01
  -2.3765672e+01
  -2.4032105e+01
  -2.3988598e+01
  -2.3657175e+01
  -2.3149066e+01
  -2.2585721e+01
  -2.2051395e+01
  -2.1588908e+01
  -2.1211984e+01
  -2.0916389e+01
  -2.0685125e+01
  -2.0488949e+01
  -2.0286553e+01
  -2.0030834e+01
  -1.9685543e+01
  -1.9246680e+01
  -1.8752707e+01
  -1.8274102e+01
  -1.7891849e+01
  -1.7680954e+01
  -1.7705214e+01
  -1.8020412e+01
  -1.8681799e+01
  -1.9754497e+01
  -2.1329074e+01
  -2.3550274e+01
  -2.6681390e+01
  -3.1262484e+01
  -3.7964007e+01
  -3.8488828e+01
  -3.4160029e+01
  -3.2025850e+01
  -3.1329671e+01
  -3.1530722e+01
  -3.2238134e+01
  -3.3025519e+01
  -3.3512790e+01
  -3.3638045e+01
  -3.3565541e+01
  -3.3238419e+01
  -3.2274649e+01
  -3.0535740e+01
  -2.8450443e+01
  -2.6485145e+01
  -2.4848871e+01
  -2.3578359e+01
  -2.2635337e+01
  -2.1947422e+01
  -2.1423274e+01
  -2.0966848e+01
  -2.0501351e+01
  -1.9995221e+01
  -1.9469612e+01
  -1.8980034e+01
  -1.8589180e+01
  -1.8349897e+01
  -1.8301966e+01
  -1.8477199e+01
  -1.8907838e+01
  -1.9636639e+01
  -2.0730171e+01
  -2.2300909e+01
  -2.4553809e+01
  -2.7902462e+01
  -3.3176752e+01
  -3.7065209e+01
  -3.1522197e+01
  -2.7516758e+01
  -2.5154446e+01
  -2.3781106e+01
  -2.3084611e+01
  -2.2883843e+01
  -2.3031080e+01
  -2.3364892e+01
  -2.3708308e+01
  -2.3933396e+01
  -2.4050900e+01
  -2.4213462e+01
  -2.4629575e+01
  -2.5496180e+01
  -2.6973516e+01
  -2.9057449e+01
  -3.0824308e+01
  -3.0025747e+01
  -2.7463945e+01
  -2.5157279e+01
  -2.3549031e+01
  -2.2600099e+01
  -2.2235429e+01
  -2.2409686e+01
  -2.3112689e+01
  -2.4373252e+01
  -2.6273178e+01
  -2.8971005e+01
  -3.2619113e+01
  -3.5854911e+01
  -3.4105984e+01
  -3.0589570e+01
  -2.7886742e+01
  -2.5962316e+01
  -2.4633432e+01
  -2.3802481e+01
  -2.3429920e+01
  -2.3508014e+01
  -2.4044192e+01
  -2.5043205e+01
  -2.6468522e+01
  -2.8150933e+01
  -2.9673145e+01
  -3.0580621e+01
  -3.1047458e+01
  -3.1823547e+01
  -3.3660778e+01
  -3.6736608e+01
  -3.5956307e+01
  -3.0754116e+01
  -2.6714622e+01
  -2.3951157e+01
  -2.2114582e+01
  -2.1007375e+01
  -2.0530376e+01
  -2.0639982e+01
  -2.1318441e+01
  -2.2521867e+01
  -2.4021852e+01
  -2.5078310e+01
  -2.4758851e+01
  -2.3421050e+01
  -2.2065076e+01
  -2.1158575e+01
  -2.0816321e+01
  -2.1064890e+01
  -2.1938310e+01
  -2.3517459e+01
  -2.5975133e+01
  -2.9680720e+01
  -3.5451325e+01
  -4.2077587e+01
  -3.8448193e+01
  -3.5999008e+01
  -3.6310538e+01
  -3.9567545e+01
  -4.6343605e+01
  -3.8997364e+01
  -3.3191520e+01
  -2.9958604e+01
  -2.8109142e+01
  -2.7179572e+01
  -2.6919927e+01
  -2.7116135e+01
  -2.7498302e+01
  -2.7751850e+01
  -2.7714777e+01
  -2.7551301e+01
  -2.7609180e+01
  -2.8214425e+01
  -2.9625877e+01
  -3.1866157e+01
  -3.3235290e+01
  -3.0799206e+01
  -2.7361779e+01
  -2.4738779e+01
  -2.2966456e+01
  -2.1890515e+01
  -2.1389062e+01
  -2.1360963e+01
  -2.1684751e+01
  -2.2166590e+01
  -2.2519963e+01
  -2.2489653e+01
  -2.2079981e+01
  -2.1545692e+01
  -2.1159925e+01
  -2.1096547e+01
  -2.1449228e+01
  -2.2273273e+01
  -2.3606529e+01
  -2.5456583e+01
  -2.7716442e+01
  -2.9952776e+01
  -3.1399264e+01
  -3.1966586e+01
  -3.2587232e+01
  -3.4215612e+01
  -3.8003829e+01
  -4.8988394e+01
  -4.2551262e+01
  -3.5086599e+01
  -3.1657993e+01
  -2.9947188e+01
  -2.9334858e+01
  -2.9465679e+01
  -2.9757595e+01
  -2.9165398e+01
  -2.7285215e+01
  -2.4981257e+01
  -2.2955296e+01
  -2.1408811e+01
  -2.0352324e+01
  -1.9756762e+01
  -1.9595331e+01
  -1.9852728e+01
  -2.0526192e+01
  -2.1624402e+01
  -2.3163892e+01
  -2.5156691e+01
  -2.7566273e+01
  -3.0163748e+01
  -3.2231259e+01
  -3.2771429e+01
  -3.1840898e+01
  -3.0249714e+01
  -2.8479738e+01
  -2.6755230e+01
  -2.5218321e+01
  -2.3958096e+01
  -2.3019770e+01
  -2.2420441e+01
  -2.2162779e+01
  -2.2242946e+01
  -2.2653418e+01
  -2.3381553e+01
  -2.4403503e+01
  -2.5671478e+01
  -2.7091774e+01
  -2.8496724e+01
  -2.9638644e+01
  -3.0268639e+01
  -3.0299952e+01
  -2.9879208e+01
  -2.9273383e+01
  -2.8737768e+01
  -2.8473838e+01
  -2.8645362e+01
  -2.9410258e+01
  -3.0936204e+01
  -3.3230419e+01
  -3.4845870e+01
  -3.2863753e+01
  -2.9576021e+01
  -2.6978442e+01
  -2.5184052e+01
  -2.4021595e+01
  -2.3297101e+01
  -2.2770429e+01
  -2.2143724e+01
  -2.1179434e+01
  -1.9881622e+01
  -1.8464059e+01
  -1.7152079e+01
  -1.6084231e+01
  -1.5325585e+01
  -1.4902548e+01
  -1.4825325e+01
  -1.5097477e+01
  -1.5715660e+01
  -1.6657714e+01
  -1.7850268e+01
  -1.9107826e+01
  -2.0094217e+01
  -2.0492904e+01
  -2.0348443e+01
  -2.0018336e+01
  -1.9828084e+01
  -1.9953283e+01
  -2.0473841e+01
  -2.1432198e+01
  -2.2861795e+01
  -2.4788096e+01
  -2.7173646e+01
  -2.9679589e+01
  -3.1220510e+01
  -3.0895568e+01
  -2.9636983e+01
  -2.8443889e+01
  -2.7594114e+01
  -2.7098623e+01
  -2.6919418e+01
  -2.7010568e+01
  -2.7308428e+01
  -2.7713368e+01
  -2.8093452e+01
  -2.8341377e+01
  -2.8458475e+01
  -2.8561020e+01
  -2.8772762e+01
  -2.9069037e+01
  -2.9118991e+01
  -2.8383917e+01
  -2.6791659e+01
  -2.4891069e+01
  -2.3174158e+01
  -2.1856488e+01
  -2.1009774e+01
  -2.0666691e+01
  -2.0869867e+01
  -2.1704945e+01
  -2.3353457e+01
  -2.6241975e+01
  -3.1686065e+01
  -4.4177603e+01
  -3.1854978e+01
  -2.6287398e+01
  -2.3300630e+01
  -2.1513043e+01
  -2.0453587e+01
  -1.9886365e+01
  -1.9653675e+01
  -1.9626639e+01
  -1.9697526e+01
  -1.9796307e+01
  -1.9910941e+01
  -2.0087110e+01
  -2.0404008e+01
  -2.0945336e+01
  -2.1778615e+01
  -2.2932971e+01
  -2.4340078e+01
  -2.5687149e+01
  -2.6318920e+01
  -2.5817258e+01
  -2.4640835e+01
  -2.3423859e+01
  -2.2458417e+01
  -2.1817871e+01
  -2.1504423e+01
  -2.1510298e+01
  -2.1839801e+01
  -2.2519778e+01
  -2.3609672e+01
  -2.5218735e+01
  -2.7540280e+01
  -3.0895743e+01
  -3.5290614e+01
  -3.6100704e+01
  -3.2290804e+01
  -2.9331516e+01
  -2.7524234e+01
  -2.6558103e+01
  -2.6247596e+01
  -2.6496478e+01
  -2.7258549e+01
  -2.8516417e+01
  -3.0267091e+01
  -3.2503530e+01
  -3.5174654e+01
  -3.8089400e+01
  -4.0735832e+01
  -4.2203406e+01
  -4.1799167e+01
  -3.9883946e+01
  -3.7346876e+01
  -3.4769163e+01
  -3.2372920e+01
  -3.0220134e+01
  -2.8330577e+01
  -2.6722186e+01
  -2.5418246e+01
  -2.4446189e+01
  -2.3837477e+01
  -2.3630694e+01
  -2.3877827e+01
  -2.4653153e+01
  -2.6058574e+01
  -2.8172799e+01
  -3.0595577e+01
  -3.1094567e+01
  -2.8729537e+01
  -2.6083711e+01
  -2.4108961e+01
  -2.2802731e+01
  -2.2051213e+01
  -2.1753115e+01
  -2.1813323e+01
  -2.2117525e+01
  -2.2508130e+01
  -2.2790570e+01
  -2.2808251e+01
  -2.2545098e+01
  -2.2125045e+01
  -2.1707410e+01
  -2.1408546e+01
  -2.1291531e+01
  -2.1385184e+01
  -2.1703649e+01
  -2.2259541e+01
  -2.3070883e+01
  -2.4161410e+01
  -2.5548949e+01
  -2.7203616e+01
  -2.8934544e+01
  -3.0227630e+01
  -3.0496033e+01
  -2.9893340e+01
  -2.9087709e+01
  -2.8496408e+01
  -2.8228381e+01
  -2.8234010e+01
  -2.8379669e+01
  -2.8500700e+01
  -2.8489579e+01
  -2.8370892e+01
  -2.8267057e+01
  -2.8285099e+01
  -2.8416183e+01
  -2.8472290e+01
  -2.8132610e+01
  -2.7228631e+01
  -2.5963829e+01
  -2.4687779e+01
  -2.3639726e+01
  -2.2928856e+01
  -2.2593754e+01
  -2.2642957e+01
  -2.3069990e+01
  -2.3849473e+01
  -2.4912384e+01
  -2.6094083e+01
  -2.7085851e+01
  -2.7538821e+01
  -2.7376766e+01
  -2.6860892e+01
  -2.6284538e+01
  -2.5800913e+01
  -2.5455117e+01
  -2.5248553e+01
  -2.5175213e+01
  -2.5230369e+01
  -2.5400241e+01
  -2.5642180e+01
  -2.5870029e+01
  -2.5970641e+01
  -2.5870569e+01
  -2.5607902e+01
  -2.5324880e+01
  -2.5195183e+01
  -2.5372955e+01
  -2.5992701e+01
  -2.7201176e+01
  -2.9215090e+01
  -3.2429425e+01
  -3.7400403e+01
  -3.9672551e+01
  -3.4885538e+01
  -3.1399625e+01
  -2.9320457e+01
  -2.8091092e+01
  -2.7366661e+01
  -2.6897762e+01
  -2.6504771e+01
  -2.6111310e+01
  -2.5760141e+01
  -2.5570338e+01
  -2.5678551e+01
  -2.6212907e+01
  -2.7297352e+01
  -2.9050415e+01
  -3.1447495e+01
  -3.3504719e+01
  -3.2895180e+01
  -3.0587691e+01
  -2.8632499e+01
  -2.7453666e+01
  -2.7028712e+01
  -2.7322164e+01
  -2.8347560e+01
  -3.0155638e+01
  -3.2681610e+01
  -3.4922384e+01
  -3.4543215e+01
  -3.2488243e+01
  -3.0792021e+01
  -2.9852341e+01
  -2.9574078e+01
  -2.9737366e+01
  -2.9952194e+01
  -2.9682073e+01
  -2.8684448e+01
  -2.7287060e+01
  -2.5926928e+01
  -2.4831007e+01
  -2.4064682e+01
  -2.3622656e+01
  -2.3472355e+01
  -2.3567908e+01
  -2.3852301e+01
  -2.4256365e+01
  -2.4699837e+01
  -2.5098692e+01
  -2.5380518e+01
  -2.5503812e+01
  -2.5471466e+01
  -2.5330381e+01
  -2.5158309e+01
  -2.5046751e+01
  -2.5088712e+01
  -2.5375332e+01
  -2.6001797e+01
  -2.7083748e+01
  -2.8792876e+01
  -3.1446830e+01
  -3.5812852e+01
  -4.4530298e+01
  -4.3145471e+01
  -3.6085000e+01
  -3.2779156e+01
  -3.1059127e+01
  -3.0268711e+01
  -3.0102257e+01
  -3.0334962e+01
  -3.0730944e+01
  -3.1056359e+01
  -3.1203933e+01
  -3.1289104e+01
  -3.1570428e+01
  -3.2327074e+01
  -3.3846513e+01
  -3.6491484e+01
  -4.0357894e+01
  -4.1021098e+01
  -3.6818891e+01
  -3.3503977e+01
  -3.1451644e+01
  -3.0338310e+01
  -2.9975478e+01
  -3.0273980e+01
  -3.1204537e+01
  -3.2779070e+01
  -3.5044951e+01
  -3.8101791e+01
  -4.2225723e+01
  -4.8448431e+01
  -5.2128585e+01
  -4.3538452e+01
  -3.7949469e+01
  -3.4076292e+01
  -3.1245267e+01
  -2.9182775e+01
  -2.7749480e+01
  -2.6866634e+01
  -2.6489732e+01
  -2.6595311e+01
  -2.7168221e+01
  -2.8174829e+01
  -2.9489640e+01
  -3.0736134e+01
  -3.1240012e+01
  -3.0686761e+01
  -2.9589177e+01
  -2.8521538e+01
  -2.7716552e+01
  -2.7202706e+01
  -2.6931344e+01
  -2.6827405e+01
  -2.6811831e+01
  -2.6820130e+01
  -2.6819611e+01
  -2.6816530e+01
  -2.6847562e+01
  -2.6961451e+01
  -2.7200632e+01
  -2.7585866e+01
  -2.8100030e+01
  -2.8669279e+01
  -2.9158261e+01
  -2.9424156e+01
  -2.9437365e+01
  -2.9346508e+01
  -2.9404612e+01
  -2.9881774e+01
  -3.1082694e+01
  -3.3520473e+01
  -3.8682695e+01
  -5.7102640e+01
  -3.7615325e+01
  -3.1589644e+01
  -2.8286493e+01
  -2.6289427e+01
  -2.5165635e+01
  -2.4742848e+01
  -2.4953009e+01
  -2.5774305e+01
  -2.7170620e+01
  -2.8920256e+01
  -3.0233233e+01
  -3.0082725e+01
  -2.8920734e+01
  -2.7864907e+01
  -2.7420191e+01
  -2.7757286e+01
  -2.9037923e+01
  -3.1632006e+01
  -3.6709738e+01
  -5.3908651e+01
  -3.9604712e+01
  -3.3592933e+01
  -3.0936858e+01
  -2.9814307e+01
  -2.9667020e+01
  -3.0066237e+01
  -3.0270921e+01
  -2.9416388e+01
  -2.7660170e+01
  -2.5828036e+01
  -2.4373528e+01
  -2.3411629e+01
  -2.2944603e+01
  -2.2953011e+01
  -2.3420088e+01
  -2.4333978e+01
  -2.5678950e+01
  -2.7411427e+01
  -2.9407815e+01
  -3.1388078e+01
  -3.2932770e+01
  -3.3767662e+01
  -3.3955113e+01
  -3.3621908e+01
  -3.2830302e+01
  -3.1747077e+01
  -3.0645814e+01
  -2.9755131e+01
  -2.9199628e+01
  -2.9025667e+01
  -2.9232108e+01
  -2.9779934e+01
  -3.0580561e+01
  -3.1471106e+01
  -3.2208594e+01
  -3.2543471e+01
  -3.2356298e+01
  -3.1697369e+01
  -3.0699469e+01
  -2.9511365e+01
  -2.8279311e+01
  -2.7129638e+01
  -2.6153674e+01
  -2.5407204e+01
  -2.4919997e+01
  -2.4707366e+01
  -2.4780544e+01
  -2.5156449e+01
  -2.5869255e+01
  -2.6988188e+01
  -2.8652471e+01
  -3.1160476e+01
  -3.5289577e+01
  -4.4499213e+01
  -4.4144893e+01
  -3.5049621e+01
  -3.0936266e+01
  -2.8508648e+01
  -2.7033847e+01
  -2.6240983e+01
  -2.6010951e+01
  -2.6290176e+01
  -2.7053824e+01
  -2.8269707e+01
  -2.9813967e+01
  -3.1268930e+01
  -3.1817997e+01
  -3.1087413e+01
  -2.9732537e+01
  -2.8399618e+01
  -2.7318728e+01
  -2.6526954e+01
  -2.6019227e+01
  -2.5798961e+01
  -2.5890497e+01
  -2.6339990e+01
  -2.7213192e+01
  -2.8585266e+01
  -3.0477955e+01
  -3.2546224e+01
  -3.3394640e+01
  -3.2066757e+01
  -3.0053796e+01
  -2.8436477e+01
  -2.7414284e+01
  -2.6961686e+01
  -2.7031592e+01
  -2.7588601e+01
  -2.8605960e+01
  -3.0050941e+01
  -3.1858179e+01
