   2.5422843e+01
   2.5189132e+01
   2.4472871e+01
   2.3223701e+01
   2.1336998e+01
   1.8601370e+01
   1.4531357e+01
   7.5620327e+00
  -2.1074312e+01
   5.4366506e+00
   9.3070419e+00
   1.0144510e+01
   9.0589963e+00
   5.7882829e+00
  -1.5474991e+00
  -4.2775060e-01
   6.4381333e+00
   9.6557394e+00
   1.1045795e+01
   1.1123405e+01
   9.9151451e+00
   6.9702413e+00
   2.6202730e-01
  -6.3941612e+00
   4.9765502e+00
   9.3811332e+00
   1.1601846e+01
   1.2582926e+01
   1.2654991e+01
   1.2020709e+01
   1.1067258e+01
   1.0758151e+01
   1.1957866e+01
   1.3989548e+01
   1.5909988e+01
   1.7396981e+01
   1.8422112e+01
   1.9028057e+01
   1.9268556e+01
   1.9200909e+01
   1.8894290e+01
   1.8443994e+01
   1.7982234e+01
   1.7664374e+01
   1.7611036e+01
   1.7840212e+01
   1.8267993e+01
   1.8777788e+01
   1.9279424e+01
   1.9724340e+01
   2.0096722e+01
   2.0401609e+01
   2.0657249e+01
   2.0891496e+01
   2.1139326e+01
   2.1437805e+01
   2.1816304e+01
   2.2284493e+01
   2.2825547e+01
   2.3400426e+01
   2.3960814e+01
   2.4462954e+01
   2.4877073e+01
   2.5192182e+01
   2.5418145e+01
   2.5585765e+01
   2.5742896e+01
   2.5943106e+01
   2.6226834e+01
   2.6603978e+01
   2.7051204e+01
   2.7526759e+01
   2.7991354e+01
   2.8422906e+01
   2.8821517e+01
   2.9206261e+01
   2.9605699e+01
   3.0044425e+01
   3.0530723e+01
   3.1051973e+01
   3.1580312e+01
   3.2084201e+01
   3.2539213e+01
   3.2934446e+01
   3.3274446e+01
   3.3577506e+01
   3.3870562e+01
   3.4180875e+01
   3.4526405e+01
   3.4909038e+01
   3.5314596e+01
   3.5719609e+01
   3.6100890e+01
   3.6443654e+01
   3.6746159e+01
   3.7020658e+01
   3.7290645e+01
   3.7584176e+01
   3.7924170e+01
   3.8319161e+01
   3.8759391e+01
   3.9220520e+01
   3.9672269e+01
   4.0087046e+01
   4.0445398e+01
   4.0737945e+01
   4.0964840e+01
   4.1133714e+01
   4.1256648e+01
   4.1346506e+01
   4.1413270e+01
   4.1461415e+01
   4.1489375e+01
   4.1491501e+01
   4.1461956e+01
   4.1399367e+01
   4.1310864e+01
   4.1214113e+01
   4.1135750e+01
   4.1104866e+01
   4.1142325e+01
   4.1250502e+01
   4.1409812e+01
   4.1584478e+01
   4.1733521e+01
   4.1820922e+01
   4.1821960e+01
   4.1726354e+01
   4.1539984e+01
   4.1286172e+01
   4.1005548e+01
   4.0751430e+01
   4.0577381e+01
   4.0518584e+01
   4.0577378e+01
   4.0724418e+01
   4.0914550e+01
   4.1105122e+01
   4.1266882e+01
   4.1386259e+01
   4.1462214e+01
   4.1500781e+01
   4.1509274e+01
   4.1491729e+01
   4.1446902e+01
   4.1369491e+01
   4.1254177e+01
   4.1101199e+01
   4.0921811e+01
   4.0741621e+01
   4.0599038e+01
   4.0536016e+01
   4.0581913e+01
   4.0738573e+01
   4.0977689e+01
   4.1252654e+01
   4.1515719e+01
   4.1730599e+01
   4.1877812e+01
   4.1955031e+01
   4.1974969e+01
   4.1961655e+01
   4.1944750e+01
   4.1951851e+01
   4.2000522e+01
   4.2093504e+01
   4.2219710e+01
   4.2360276e+01
   4.2496087e+01
   4.2613392e+01
   4.2706146e+01
   4.2775414e+01
   4.2826851e+01
   4.2867378e+01
   4.2902182e+01
   4.2933035e+01
   4.2958445e+01
   4.2975374e+01
   4.2981668e+01
   4.2978095e+01
   4.2969184e+01
   4.2962504e+01
   4.2966576e+01
   4.2988209e+01
   4.3030399e+01
   4.3091800e+01
   4.3168017e+01
   4.3254038e+01
   4.3346561e+01
   4.3445139e+01
   4.3551623e+01
   4.3668115e+01
   4.3794313e+01
   4.3925450e+01
   4.4051821e+01
   4.4160122e+01
   4.4236031e+01
   4.4267085e+01
   4.4245111e+01
   4.4167795e+01
   4.4039291e+01
   4.3869731e+01
   4.3673458e+01
   4.3465928e+01
   4.3259697e+01
   4.3060698e+01
   4.2866368e+01
   4.2666614e+01
   4.2447288e+01
   4.2194805e+01
   4.1900398e+01
   4.1563071e+01
   4.1190778e+01
   4.0799421e+01
   4.0409276e+01
   4.0039061e+01
   3.9699334e+01
   3.9388262e+01
   3.9092275e+01
   3.8791478e+01
   3.8467146e+01
   3.8108330e+01
   3.7715778e+01
   3.7302431e+01
   3.6889926e+01
   3.6501055e+01
   3.6150012e+01
   3.5834899e+01
   3.5537066e+01
   3.5227963e+01
   3.4879659e+01
   3.4474586e+01
   3.4012288e+01
   3.3512541e+01
   3.3013468e+01
   3.2561903e+01
   3.2195513e+01
   3.1924243e+01
   3.1724356e+01
   3.1550358e+01
   3.1355532e+01
   3.1108627e+01
   3.0802113e+01
   3.0453161e+01
   3.0098201e+01
   2.9780117e+01
   2.9529687e+01
   2.9349998e+01
   2.9214941e+01
   2.9083124e+01
   2.8917091e+01
   2.8697704e+01
   2.8430442e+01
   2.8143848e+01
   2.7879498e+01
   2.7673654e+01
   2.7537445e+01
   2.7448544e+01
   2.7360920e+01
   2.7224921e+01
   2.7005425e+01
   2.6693066e+01
   2.6309670e+01
   2.5907678e+01
   2.5557992e+01
   2.5321173e+01
   2.5213033e+01
   2.5192612e+01
   2.5184566e+01
   2.5114461e+01
   2.4932936e+01
   2.4625644e+01
   2.4216528e+01
   2.3767270e+01
   2.3365631e+01
   2.3092265e+01
   2.2975380e+01
   2.2971303e+01
   2.2992075e+01
   2.2951152e+01
   2.2792950e+01
   2.2502912e+01
   2.2109300e+01
   2.1680688e+01
   2.1310583e+01
   2.1078602e+01
   2.1002885e+01
   2.1026730e+01
   2.1054287e+01
   2.0998068e+01
   2.0805917e+01
   2.0469306e+01
   2.0025566e+01
   1.9555978e+01
   1.9166756e+01
   1.8940194e+01
   1.8879914e+01
   1.8905504e+01
   1.8902853e+01
   1.8777036e+01
   1.8477097e+01
   1.8003874e+01
   1.7417203e+01
   1.6839671e+01
   1.6426762e+01
   1.6277991e+01
   1.6353895e+01
   1.6504929e+01
   1.6571445e+01
   1.6445188e+01
   1.6079516e+01
   1.5488272e+01
   1.4756683e+01
   1.4054729e+01
   1.3597081e+01
   1.3501605e+01
   1.3676457e+01
   1.3904609e+01
   1.3995381e+01
   1.3841067e+01
   1.3409160e+01
   1.2735828e+01
   1.1941195e+01
   1.1240389e+01
   1.0866617e+01
   1.0883973e+01
   1.1117897e+01
   1.1316031e+01
   1.1294692e+01
   1.0960941e+01
   1.0294350e+01
   9.3543652e+00
   8.3311330e+00
   7.5799479e+00
   7.4285663e+00
   7.8107676e+00
   8.3427993e+00
   8.6920390e+00
   8.6841855e+00
   8.2419884e+00
   7.3340994e+00
   5.9755357e+00
   4.3087553e+00
   2.7961820e+00
   2.1790867e+00
   2.5674298e+00
   3.2337581e+00
   3.5841719e+00
   3.3693816e+00
   2.4694655e+00
   7.4757369e-01
  -2.0657472e+00
  -6.6451971e+00
  -1.5659714e+01
  -2.2769062e+01
  -1.3329984e+01
  -1.2192480e+01
  -1.5852264e+01
  -2.7618531e+01
  -1.0678230e+01
  -4.5917304e+00
  -1.1231058e+00
   9.5694146e-01
   2.0470975e+00
   2.2956200e+00
   1.7376908e+00
   3.8128249e-01
  -1.4933813e+00
  -2.3749227e+00
  -7.0415252e-01
   1.7935485e+00
   3.7692785e+00
   5.0339572e+00
   5.6560798e+00
   5.7390428e+00
   5.4355133e+00
   5.0318956e+00
   4.9763253e+00
   5.5823379e+00
   6.6634597e+00
   7.7917982e+00
   8.6787264e+00
   9.2082948e+00
   9.3608405e+00
   9.1771295e+00
   8.7718732e+00
   8.3717161e+00
   8.2883660e+00
   8.7083137e+00
   9.5007380e+00
   1.0369774e+01
   1.1089147e+01
   1.1554299e+01
   1.1747145e+01
   1.1710441e+01
   1.1544632e+01
   1.1403945e+01
   1.1450094e+01
   1.1755196e+01
   1.2247369e+01
   1.2773995e+01
   1.3199124e+01
   1.3447547e+01
   1.3507681e+01
   1.3428118e+01
   1.3315177e+01
   1.3310291e+01
   1.3522806e+01
   1.3953600e+01
   1.4496529e+01
   1.5015687e+01
   1.5410710e+01
   1.5636242e+01
   1.5699347e+01
   1.5655222e+01
   1.5599910e+01
   1.5643751e+01
   1.5858276e+01
   1.6231050e+01
   1.6676991e+01
   1.7092859e+01
   1.7401861e+01
   1.7569340e+01
   1.7602816e+01
   1.7548321e+01
   1.7482075e+01
   1.7488307e+01
   1.7621571e+01
   1.7876294e+01
   1.8192712e+01
   1.8493295e+01
   1.8717653e+01
   1.8839564e+01
   1.8870709e+01
   1.8857515e+01
   1.8869400e+01
   1.8973226e+01
   1.9200008e+01
   1.9527446e+01
   1.9894633e+01
   2.0234580e+01
   2.0499882e+01
   2.0673535e+01
   2.0769865e+01
   2.0829811e+01
   2.0909316e+01
   2.1058882e+01
   2.1300468e+01
   2.1616968e+01
   2.1962994e+01
   2.2287558e+01
   2.2553110e+01
   2.2744613e+01
   2.2870701e+01
   2.2959666e+01
   2.3050555e+01
   2.3179392e+01
   2.3364478e+01
   2.3598789e+01
   2.3854709e+01
   2.4097429e+01
   2.4298547e+01
   2.4444436e+01
   2.4538772e+01
   2.4600340e+01
   2.4656722e+01
   2.4734528e+01
   2.4848927e+01
   2.4997495e+01
   2.5162026e+01
   2.5317046e+01
   2.5440030e+01
   2.5519018e+01
   2.5556107e+01
   2.5566866e+01
   2.5575832e+01
   2.5608462e+01
   2.5681618e+01
   2.5796837e+01
   2.5940260e+01
   2.6089134e+01
   2.6220908e+01
   2.6320577e+01
   2.6384238e+01
   2.6418791e+01
   2.6438406e+01
   2.6458632e+01
   2.6489814e+01
   2.6532395e+01
   2.6576296e+01
   2.6604579e+01
   2.6599417e+01
   2.6547773e+01
   2.6445152e+01
   2.6296839e+01
   2.6116518e+01
   2.5922265e+01
   2.5730522e+01
   2.5549966e+01
   2.5378168e+01
   2.5203158e+01
   2.5009458e+01
   2.4786085e+01
   2.4533686e+01
   2.4268674e+01
   2.4022350e+01
   2.3832971e+01
   2.3731272e+01
   2.3725871e+01
   2.3798594e+01
   2.3913538e+01
   2.4033033e+01
   2.4130817e+01
   2.4198036e+01
   2.4242569e+01
   2.4283366e+01
   2.4341360e+01
   2.4429600e+01
   2.4546771e+01
   2.4677404e+01
   2.4798255e+01
   2.4886952e+01
   2.4929003e+01
   2.4921427e+01
   2.4872905e+01
   2.4800727e+01
   2.4724883e+01
   2.4660520e+01
   2.4611546e+01
   2.4568561e+01
   2.4512318e+01
   2.4420827e+01
   2.4276886e+01
   2.4073763e+01
   2.3818204e+01
   2.3530349e+01
   2.3239713e+01
   2.2976664e+01
   2.2761256e+01
   2.2594815e+01
   2.2459903e+01
   2.2329063e+01
   2.2177110e+01
   2.1991162e+01
   2.1775572e+01
   2.1551024e+01
   2.1347370e+01
   2.1191066e+01
   2.1091874e+01
   2.1036651e+01
   2.0994615e+01
   2.0930369e+01
   2.0817126e+01
   2.0645429e+01
   2.0426546e+01
   2.0190444e+01
   1.9977056e+01
   1.9820708e+01
   1.9733288e+01
   1.9696774e+01
   1.9670879e+01
   1.9609960e+01
   1.9478882e+01
   1.9262832e+01
   1.8971718e+01
   1.8640084e+01
   1.8320275e+01
   1.8065332e+01
   1.7904607e+01
   1.7826913e+01
   1.7785459e+01
   1.7720380e+01
   1.7581995e+01
   1.7344911e+01
   1.7014014e+01
   1.6625357e+01
   1.6240008e+01
   1.5924796e+01
   1.5720644e+01
   1.5617415e+01
   1.5557910e+01
   1.5467192e+01
   1.5282783e+01
   1.4971997e+01
   1.4539666e+01
   1.4032098e+01
   1.3534067e+01
   1.3145233e+01
   1.2930139e+01
   1.2874042e+01
   1.2891375e+01
   1.2877267e+01
   1.2752531e+01
   1.2482516e+01
   1.2081870e+01
   1.1615825e+01
   1.1191268e+01
   1.0918164e+01
   1.0843794e+01
   1.0915944e+01
   1.1018570e+01
   1.1037231e+01
   1.0898141e+01
   1.0578990e+01
   1.0112998e+01
   9.5944550e+00
   9.1682686e+00
   8.9693368e+00
   9.0268432e+00
   9.2367273e+00
   9.4394568e+00
   9.5041866e+00
   9.3582211e+00
   8.9863176e+00
   8.4320439e+00
   7.8079468e+00
   7.2889769e+00
   7.0381846e+00
   7.0819732e+00
   7.2827495e+00
   7.4494737e+00
   7.4388618e+00
   7.1815792e+00
   6.6798846e+00
   6.0173562e+00
   5.3776167e+00
   5.0067539e+00
   5.0470311e+00
   5.3936620e+00
   5.7982231e+00
   6.0504259e+00
   6.0362484e+00
   5.7215061e+00
   5.1414432e+00
   4.4200000e+00
   3.7935572e+00
   3.5384040e+00
   3.7466057e+00
   4.2252890e+00
   4.6911272e+00
   4.9468638e+00
   4.8991371e+00
   4.5272638e+00
   3.8752476e+00
   3.0804197e+00
   2.4081444e+00
   2.1679402e+00
   2.4437127e+00
   2.9957140e+00
   3.5102700e+00
   3.7871620e+00
   3.7413142e+00
   3.3653486e+00
   2.7260266e+00
   1.9988547e+00
   1.4841925e+00
   1.4561985e+00
   1.8876413e+00
   2.4778951e+00
   2.9319729e+00
   3.0793636e+00
   2.8443588e+00
   2.2095976e+00
   1.2237845e+00
   7.3348457e-02
  -8.1853363e-01
  -9.6722978e-01
  -3.9940063e-01
   3.7981794e-01
   9.5446335e-01
   1.1382915e+00
   8.7001732e-01
   1.4580288e-01
  -9.7412329e-01
  -2.2743702e+00
  -3.2513126e+00
  -3.3469144e+00
  -2.6693371e+00
  -1.8292100e+00
  -1.2539255e+00
  -1.1122317e+00
  -1.4597861e+00
  -2.3159781e+00
  -3.6645919e+00
  -5.3514744e+00
  -6.8031686e+00
  -7.0476112e+00
  -6.0522887e+00
  -4.7874698e+00
  -3.8609814e+00
  -3.4539151e+00
  -3.6162962e+00
  -4.3949002e+00
  -5.8795040e+00
  -8.2131288e+00
  -1.1386234e+01
  -1.3619999e+01
  -1.1857656e+01
  -9.1355814e+00
  -7.2879283e+00
  -6.3576414e+00
  -6.2426387e+00
  -6.9224824e+00
  -8.4803380e+00
  -1.1101933e+01
  -1.4652817e+01
  -1.5655372e+01
  -1.2374224e+01
  -9.4124868e+00
  -7.5174999e+00
  -6.4706219e+00
  -6.1056417e+00
  -6.3433543e+00
  -7.1718559e+00
  -8.6379563e+00
  -1.0817996e+01
  -1.3529561e+01
  -1.4959066e+01
  -1.3036205e+01
  -1.0251072e+01
  -8.0932786e+00
  -6.6675397e+00
  -5.8994436e+00
  -5.7492145e+00
  -6.2266191e+00
  -7.3749139e+00
  -9.1766488e+00
  -1.1062477e+01
  -1.1126007e+01
  -9.0182059e+00
  -6.7374750e+00
  -5.0914501e+00
  -4.1515993e+00
  -3.8804263e+00
  -4.2568417e+00
  -5.2712747e+00
  -6.8214413e+00
  -8.3302581e+00
  -8.4317112e+00
  -6.8796391e+00
  -5.0389750e+00
  -3.6582673e+00
  -2.8841747e+00
  -2.7146784e+00
  -3.1329692e+00
  -4.1087014e+00
  -5.4959227e+00
  -6.7385504e+00
  -6.7995403e+00
  -5.5407865e+00
  -3.9730299e+00
  -2.7496867e+00
  -2.0502726e+00
  -1.8987475e+00
  -2.2851053e+00
  -3.1676000e+00
  -4.3743798e+00
  -5.3705958e+00
  -5.3204986e+00
  -4.1752225e+00
  -2.7553304e+00
  -1.6295037e+00
  -9.8154103e-01
  -8.4439791e-01
  -1.2012680e+00
  -1.9790938e+00
  -2.9508060e+00
  -3.5950106e+00
  -3.3435757e+00
  -2.3242134e+00
  -1.1627381e+00
  -2.8209066e-01
   1.6053478e-01
   1.2877451e-01
  -3.5634533e-01
  -1.1917157e+00
  -2.0834722e+00
  -2.4792946e+00
  -1.9885612e+00
  -9.2091325e-01
   1.6411049e-01
   9.5219785e-01
   1.3423352e+00
   1.3327644e+00
   9.8313828e-01
   4.3635749e-01
  -4.2482817e-02
  -1.3049647e-01
   2.9320014e-01
   1.0156976e+00
   1.7226004e+00
   2.2044635e+00
   2.3693750e+00
   2.2034872e+00
   1.7614198e+00
   1.1964087e+00
   7.9028052e-01
   8.4771665e-01
   1.4192723e+00
   2.2452329e+00
   3.0221357e+00
   3.5676801e+00
   3.8095232e+00
   3.7446957e+00
   3.4286198e+00
   2.9928832e+00
   2.6582293e+00
   2.6598912e+00
   3.0661180e+00
   3.7126847e+00
   4.3613355e+00
   4.8445293e+00
   5.0882952e+00
   5.0909543e+00
   4.9122007e+00
   4.6742369e+00
   4.5443511e+00
   4.6596742e+00
   5.0283504e+00
   5.5254188e+00
   5.9894163e+00
   6.3015109e+00
   6.4044378e+00
   6.2967092e+00
   6.0308181e+00
   5.7169535e+00
   5.5084800e+00
   5.5359882e+00
   5.8163708e+00
   6.2403407e+00
   6.6554795e+00
   6.9432190e+00
   7.0415831e+00
   6.9409756e+00
   6.6808900e+00
   6.3523779e+00
   6.0898662e+00
   6.0235420e+00
   6.1987866e+00
   6.5417077e+00
   6.9155340e+00
   7.1976162e+00
   7.3140306e+00
   7.2416264e+00
   7.0047706e+00
   6.6766030e+00
   6.3747186e+00
   6.2265297e+00
   6.2982678e+00
   6.5457327e+00
   6.8466949e+00
   7.0740408e+00
   7.1399961e+00
   7.0047363e+00
   6.6746118e+00
   6.2053557e+00
   5.7070899e+00
   5.3267797e+00
   5.1798429e+00
   5.2662443e+00
   5.4689715e+00
   5.6370971e+00
   5.6561146e+00
   5.4682132e+00
   5.0711607e+00
   4.5215964e+00
   3.9432179e+00
   3.5092972e+00
   3.3571962e+00
   3.4795353e+00
   3.7285153e+00
   3.9266000e+00
   3.9469428e+00
   3.7277357e+00
   3.2657735e+00
   2.6215279e+00
   1.9373413e+00
   1.4290275e+00
   1.2782035e+00
   1.4737770e+00
   1.8193395e+00
   2.0944057e+00
   2.1545423e+00
   1.9375841e+00
   1.4522184e+00
   7.9014949e-01
   1.5482357e-01
  -1.7278715e-01
  -3.1315962e-02
   4.4808834e-01
   9.7763823e-01
   1.3269380e+00
   1.3760252e+00
   1.0880731e+00
   4.9723701e-01
  -2.6227567e-01
  -9.1222429e-01
  -1.1107205e+00
  -7.5763350e-01
  -1.1714859e-01
   4.6851655e-01
   7.8743681e-01
   7.5159747e-01
   3.5208261e-01
  -3.4356912e-01
  -1.1444877e+00
  -1.7008562e+00
  -1.6801037e+00
  -1.1227302e+00
  -3.9046123e-01
   1.9313948e-01
   4.6344856e-01
   3.6333483e-01
  -1.0152668e-01
  -8.5899198e-01
  -1.7202968e+00
  -2.3398775e+00
  -2.3799020e+00
  -1.8657729e+00
  -1.1538018e+00
  -5.7371698e-01
  -2.9917307e-01
  -3.9833675e-01
  -8.8315152e-01
  -1.7122234e+00
  -2.7392820e+00
  -3.6256180e+00
  -3.9130180e+00
  -3.4767468e+00
  -2.6995945e+00
  -2.0147083e+00
  -1.6547221e+00
  -1.7081501e+00
  -2.1916583e+00
  -3.0572162e+00
  -4.1235927e+00
  -4.9645479e+00
  -5.0588729e+00
  -4.3999838e+00
  -3.5118643e+00
  -2.8388124e+00
  -2.5827965e+00
  -2.8179227e+00
  -3.5671546e+00
  -4.7982618e+00
  -6.3051089e+00
  -7.4545401e+00
  -7.4236445e+00
  -6.4093381e+00
  -5.2926778e+00
  -4.5677310e+00
  -4.3832828e+00
  -4.7780762e+00
  -5.7672675e+00
  -7.3243931e+00
  -9.2007149e+00
  -1.0493350e+01
  -1.0137584e+01
  -8.7755342e+00
  -7.5403335e+00
  -6.8491070e+00
  -6.7795509e+00
  -7.3404349e+00
  -8.5206798e+00
  -1.0183191e+01
  -1.1661455e+01
  -1.1624131e+01
  -1.0088477e+01
  -8.3805131e+00
  -7.1467303e+00
  -6.5149961e+00
  -6.4961190e+00
  -7.1030900e+00
  -8.3629629e+00
  -1.0228702e+01
  -1.2145948e+01
  -1.2460886e+01
  -1.0796877e+01
  -8.8737425e+00
  -7.5204870e+00
  -6.8634585e+00
  -6.9051310e+00
  -7.6766051e+00
  -9.2765925e+00
  -1.1857232e+01
  -1.5133120e+01
  -1.5965726e+01
  -1.3185985e+01
  -1.0622505e+01
  -9.0833705e+00
  -8.4551020e+00
  -8.6456639e+00
  -9.6605707e+00
  -1.1602718e+01
  -1.4571260e+01
  -1.7482106e+01
  -1.6391896e+01
  -1.3335984e+01
  -1.1088204e+01
  -9.7922035e+00
  -9.2877750e+00
  -9.4842177e+00
  -1.0375020e+01
  -1.2046916e+01
  -1.4723472e+01
  -1.8781077e+01
  -2.2916454e+01
  -2.0455639e+01
  -1.6804645e+01
  -1.4610623e+01
  -1.3552802e+01
  -1.3415482e+01
  -1.4173939e+01
  -1.6002092e+01
  -1.9454419e+01
  -2.6110690e+01
  -2.7050596e+01
  -2.0038234e+01
  -1.6456770e+01
  -1.4655252e+01
  -1.4051417e+01
  -1.4506640e+01
  -1.6150278e+01
  -1.9457123e+01
  -2.4590823e+01
  -2.2344051e+01
  -1.7122303e+01
  -1.3932014e+01
  -1.2080045e+01
  -1.1160690e+01
  -1.0996173e+01
  -1.1524882e+01
  -1.2766524e+01
  -1.4832493e+01
  -1.7996296e+01
  -2.2903534e+01
  -2.9806347e+01
  -2.7077803e+01
  -2.2514801e+01
  -1.9863656e+01
  -1.8131691e+01
  -1.6889551e+01
  -1.6031882e+01
  -1.5613024e+01
  -1.5759220e+01
  -1.6653666e+01
  -1.8591801e+01
  -2.2060813e+01
  -2.6060622e+01
  -2.2887205e+01
  -1.8522407e+01
  -1.5858802e+01
  -1.4472033e+01
  -1.4123416e+01
  -1.4801936e+01
  -1.6756049e+01
  -2.0876539e+01
  -3.1669520e+01
  -2.5163569e+01
  -1.8059120e+01
  -1.4623341e+01
  -1.2762026e+01
  -1.1911876e+01
  -1.1876929e+01
  -1.2624196e+01
  -1.4261368e+01
  -1.7143590e+01
  -2.2402603e+01
  -3.3804633e+01
  -2.3969694e+01
  -1.8362107e+01
  -1.5459872e+01
  -1.3838154e+01
  -1.3062645e+01
  -1.2992295e+01
  -1.3639027e+01
  -1.5168810e+01
  -1.8047061e+01
  -2.3722255e+01
  -3.0731069e+01
  -2.1070288e+01
  -1.6248736e+01
  -1.3631296e+01
  -1.2267013e+01
  -1.1860038e+01
  -1.2363364e+01
  -1.3925123e+01
  -1.7032321e+01
  -2.3078608e+01
  -2.5764097e+01
  -1.8411714e+01
  -1.4511116e+01
  -1.2478703e+01
  -1.1642998e+01
  -1.1796185e+01
  -1.2954753e+01
  -1.5335170e+01
  -1.9235407e+01
  -2.1765435e+01
  -1.7947997e+01
  -1.4435333e+01
  -1.2379575e+01
  -1.1430508e+01
  -1.1407896e+01
  -1.2303123e+01
  -1.4292366e+01
  -1.7881835e+01
  -2.3740030e+01
  -2.2774089e+01
  -1.7374949e+01
  -1.4248912e+01
  -1.2563930e+01
  -1.1868124e+01
  -1.1995019e+01
  -1.2938885e+01
  -1.4847552e+01
  -1.8089369e+01
  -2.2771046e+01
  -2.2481505e+01
  -1.7820944e+01
  -1.4682006e+01
  -1.2860432e+01
  -1.2012723e+01
  -1.2016271e+01
  -1.2909283e+01
  -1.4904889e+01
  -1.8401689e+01
  -2.1875383e+01
  -1.8375727e+01
  -1.4105147e+01
  -1.1360041e+01
  -9.7378749e+00
  -8.9792496e+00
  -8.9832451e+00
  -9.7561812e+00
  -1.1403371e+01
  -1.4115329e+01
  -1.7642932e+01
  -1.8335216e+01
  -1.5229252e+01
  -1.2627820e+01
  -1.1168836e+01
  -1.0698587e+01
  -1.1148516e+01
  -1.2602427e+01
  -1.5367240e+01
  -1.9997493e+01
  -2.2810939e+01
  -1.8013475e+01
  -1.4408042e+01
  -1.2419655e+01
  -1.1550540e+01
  -1.1588692e+01
  -1.2500667e+01
  -1.4400918e+01
  -1.7546159e+01
  -2.1512597e+01
  -2.0967894e+01
  -1.7177315e+01
  -1.4496448e+01
  -1.2973053e+01
  -1.2356913e+01
  -1.2548759e+01
  -1.3596696e+01
  -1.5760127e+01
  -1.9863121e+01
  -3.0213061e+01
  -2.6901863e+01
  -1.8734335e+01
  -1.5114065e+01
  -1.3232474e+01
  -1.2467437e+01
  -1.2652840e+01
  -1.3833486e+01
  -1.6205272e+01
  -1.9514358e+01
  -1.9384839e+01
  -1.5378639e+01
  -1.2159831e+01
  -1.0087813e+01
  -8.9098133e+00
  -8.4670937e+00
  -8.6788484e+00
  -9.4871155e+00
  -1.0749663e+01
  -1.1984319e+01
  -1.2250478e+01
  -1.1261409e+01
  -9.8911419e+00
  -8.8387181e+00
  -8.3400218e+00
  -8.4599726e+00
  -9.2393068e+00
  -1.0724625e+01
  -1.2866307e+01
  -1.4941907e+01
  -1.4965100e+01
  -1.3053854e+01
  -1.1169084e+01
  -9.9636624e+00
  -9.4857739e+00
  -9.7182157e+00
  -1.0686220e+01
  -1.2460021e+01
  -1.4979701e+01
  -1.6961597e+01
  -1.5726543e+01
  -1.3008983e+01
  -1.0846175e+01
  -9.4842483e+00
  -8.8443951e+00
  -8.8672417e+00
  -9.5382200e+00
  -1.0846949e+01
  -1.2600738e+01
  -1.3845001e+01
  -1.3125758e+01
  -1.1141570e+01
  -9.3073452e+00
  -8.0681369e+00
  -7.4691291e+00
  -7.4948360e+00
  -8.1371582e+00
  -9.3682120e+00
  -1.0975178e+01
  -1.2131269e+01
  -1.1680134e+01
  -1.0084245e+01
  -8.5310970e+00
  -7.4958294e+00
  -7.0646685e+00
  -7.2395118e+00
  -8.0140477e+00
  -9.3446094e+00
  -1.0968565e+01
  -1.2008087e+01
  -1.1466549e+01
  -9.9372879e+00
  -8.4894800e+00
  -7.5291116e+00
  -7.1281786e+00
  -7.2867397e+00
  -8.0034482e+00
  -9.2675553e+00
  -1.0953704e+01
  -1.2483755e+01
  -1.2680167e+01
  -1.1398798e+01
  -9.8064500e+00
  -8.5904169e+00
  -7.9170473e+00
  -7.8072705e+00
  -8.2684653e+00
  -9.3147419e+00
  -1.0911264e+01
  -1.2714434e+01
  -1.3573479e+01
  -1.2597543e+01
  -1.0885016e+01
  -9.4887740e+00
  -8.6995037e+00
  -8.5590655e+00
  -9.0838097e+00
  -1.0310924e+01
  -1.2250285e+01
  -1.4534268e+01
  -1.5505912e+01
  -1.4075363e+01
  -1.2115833e+01
  -1.0756535e+01
  -1.0165885e+01
  -1.0343647e+01
  -1.1329248e+01
  -1.3260834e+01
  -1.6397754e+01
  -2.0448979e+01
  -2.0517940e+01
  -1.6958962e+01
  -1.4405307e+01
  -1.3048277e+01
  -1.2642810e+01
  -1.3081738e+01
  -1.4391529e+01
  -1.6738986e+01
  -2.0330079e+01
  -2.3276253e+01
  -2.0537681e+01
  -1.6957750e+01
  -1.4559468e+01
  -1.3113094e+01
  -1.2405637e+01
  -1.2346173e+01
  -1.2937791e+01
  -1.4276605e+01
  -1.6581190e+01
  -2.0132450e+01
  -2.3284444e+01
  -2.0622753e+01
  -1.6989645e+01
  -1.4665648e+01
  -1.3440448e+01
  -1.3131782e+01
  -1.3713660e+01
  -1.5328861e+01
  -1.8423663e+01
  -2.4178181e+01
  -2.7449455e+01
  -2.0644265e+01
  -1.6851799e+01
  -1.4950731e+01
  -1.4289038e+01
  -1.4681435e+01
  -1.6205386e+01
  -1.9263070e+01
  -2.4695033e+01
  -2.6004398e+01
  -2.0167617e+01
  -1.6657082e+01
  -1.4778288e+01
  -1.3992270e+01
  -1.4094538e+01
  -1.5057238e+01
  -1.7015174e+01
  -2.0408165e+01
  -2.6751167e+01
  -3.8158823e+01
  -2.6267366e+01
  -2.1834083e+01
  -1.9846818e+01
  -1.9155741e+01
  -1.9414904e+01
  -2.0551891e+01
  -2.2669685e+01
  -2.5901909e+01
  -2.8471113e+01
  -2.5743339e+01
  -2.1959251e+01
  -1.9269049e+01
  -1.7545579e+01
  -1.6623119e+01
  -1.6452707e+01
  -1.7097718e+01
  -1.8782738e+01
  -2.2112001e+01
  -2.8904379e+01
  -2.9602747e+01
  -2.2065104e+01
  -1.8248748e+01
  -1.6217662e+01
  -1.5345936e+01
  -1.5450721e+01
  -1.6580426e+01
  -1.9075213e+01
  -2.4155797e+01
  -4.4153506e+01
  -2.6061320e+01
  -2.0060780e+01
  -1.7271588e+01
  -1.5995671e+01
  -1.5791783e+01
  -1.6566108e+01
  -1.8455640e+01
  -2.1991955e+01
  -2.9103560e+01
  -3.2972777e+01
  -2.4278955e+01
  -2.0422246e+01
  -1.8457030e+01
  -1.7544220e+01
  -1.7349157e+01
  -1.7706611e+01
  -1.8541010e+01
  -1.9860262e+01
  -2.1772564e+01
  -2.4418804e+01
  -2.7037303e+01
  -2.6004906e+01
  -2.2483553e+01
  -1.9570216e+01
  -1.7605899e+01
  -1.6472140e+01
  -1.6096474e+01
  -1.6489996e+01
  -1.7770613e+01
  -2.0257979e+01
  -2.4841127e+01
  -3.3765876e+01
  -2.8400779e+01
  -2.2868659e+01
  -2.0349100e+01
  -1.9465769e+01
  -1.9878696e+01
  -2.1699563e+01
  -2.5598513e+01
  -3.1829596e+01
  -2.6839344e+01
  -2.1496563e+01
  -1.8449059e+01
  -1.6679121e+01
  -1.5750981e+01
  -1.5455852e+01
  -1.5685543e+01
  -1.6397675e+01
  -1.7625612e+01
  -1.9536588e+01
  -2.2615117e+01
  -2.8535916e+01
  -4.1802594e+01
  -2.6123185e+01
  -2.0584791e+01
  -1.7473017e+01
  -1.5609241e+01
  -1.4637889e+01
  -1.4448815e+01
  -1.5064613e+01
  -1.6650052e+01
  -1.9647425e+01
  -2.5218161e+01
  -2.9336989e+01
  -2.2343709e+01
  -1.8332906e+01
  -1.6276253e+01
  -1.5465882e+01
  -1.5688163e+01
  -1.6992753e+01
  -1.9766372e+01
  -2.5494271e+01
  -5.5993503e+01
  -2.5250054e+01
  -1.9964324e+01
  -1.7461275e+01
  -1.6357426e+01
  -1.6265659e+01
  -1.7098187e+01
  -1.8965541e+01
  -2.2272071e+01
  -2.7952848e+01
  -3.0454381e+01
  -2.4441366e+01
  -2.0753788e+01
  -1.8661872e+01
  -1.7542890e+01
  -1.7145526e+01
  -1.7398478e+01
  -1.8364032e+01
  -2.0277360e+01
  -2.3723678e+01
  -2.9562865e+01
  -2.7839682e+01
  -2.1861216e+01
  -1.8296178e+01
  -1.6189988e+01
  -1.5093612e+01
  -1.4853454e+01
  -1.5482879e+01
  -1.7178485e+01
  -2.0551697e+01
  -2.8164795e+01
  -3.3417281e+01
  -2.2084132e+01
  -1.7850965e+01
  -1.5717718e+01
  -1.4814739e+01
  -1.4893489e+01
  -1.5956905e+01
  -1.8258313e+01
  -2.2640231e+01
  -3.2098286e+01
  -2.7013975e+01
  -2.0744142e+01
  -1.7744233e+01
  -1.6285169e+01
  -1.5856395e+01
  -1.6294778e+01
  -1.7617508e+01
  -2.0049236e+01
  -2.4335352e+01
  -3.4281718e+01
  -3.3429393e+01
  -2.4677116e+01
  -2.0914036e+01
  -1.8784926e+01
  -1.7554256e+01
  -1.6965242e+01
  -1.6936823e+01
  -1.7486229e+01
  -1.8714384e+01
  -2.0826103e+01
  -2.4121849e+01
  -2.7906712e+01
  -2.6812310e+01
  -2.3263723e+01
  -2.0950989e+01
  -1.9883696e+01
  -1.9895013e+01
  -2.0993602e+01
  -2.3357155e+01
  -2.6897769e+01
  -2.7699892e+01
  -2.4086968e+01
  -2.1175003e+01
  -1.9574211e+01
  -1.9065765e+01
  -1.9551526e+01
  -2.1058552e+01
  -2.3591958e+01
  -2.6091573e+01
  -2.5323452e+01
  -2.2775995e+01
  -2.1010461e+01
  -2.0366172e+01
  -2.0830593e+01
  -2.2457683e+01
  -2.5093029e+01
  -2.6321296e+01
  -2.3635192e+01
  -2.0691200e+01
  -1.8838655e+01
  -1.8042905e+01
  -1.8252912e+01
  -1.9591600e+01
  -2.2554860e+01
  -2.9116385e+01
  -3.7630631e+01
  -2.5049076e+01
  -2.0436912e+01
  -1.8073107e+01
  -1.6951662e+01
  -1.6755842e+01
  -1.7403483e+01
  -1.8965535e+01
  -2.1700066e+01
  -2.6029107e+01
  -2.9128874e+01
  -2.5001036e+01
  -2.1243873e+01
  -1.8925073e+01
  -1.7592401e+01
  -1.7013125e+01
  -1.7118281e+01
  -1.7968892e+01
  -1.9805167e+01
  -2.3309866e+01
  -3.1235833e+01
  -3.2531969e+01
  -2.3192992e+01
  -1.9029798e+01
  -1.6746780e+01
  -1.5613973e+01
  -1.5417648e+01
  -1.6168632e+01
  -1.8099642e+01
  -2.1882543e+01
  -2.8209928e+01
  -2.4402085e+01
  -1.8829080e+01
  -1.5684398e+01
  -1.3938766e+01
  -1.3178220e+01
  -1.3260978e+01
  -1.4195451e+01
  -1.6127847e+01
  -1.9332163e+01
  -2.3125431e+01
  -2.1862542e+01
  -1.8048861e+01
  -1.5450884e+01
  -1.3990669e+01
  -1.3418272e+01
  -1.3622087e+01
  -1.4600720e+01
  -1.6450052e+01
  -1.9294153e+01
  -2.2372417e+01
  -2.1795260e+01
  -1.8620630e+01
  -1.6093683e+01
  -1.4509601e+01
  -1.3714677e+01
  -1.3618970e+01
  -1.4221944e+01
  -1.5615300e+01
  -1.7981531e+01
  -2.1249781e+01
  -2.2472972e+01
  -1.9306292e+01
  -1.6155784e+01
  -1.4071998e+01
  -1.2900030e+01
  -1.2508467e+01
  -1.2866231e+01
  -1.4044176e+01
  -1.6248968e+01
  -1.9840573e+01
  -2.3791009e+01
  -2.1508656e+01
  -1.7606734e+01
  -1.5160845e+01
  -1.3880719e+01
  -1.3517308e+01
  -1.3986693e+01
  -1.5335420e+01
  -1.7751492e+01
  -2.1486868e+01
  -2.4742456e+01
  -2.2166838e+01
  -1.8780661e+01
  -1.6698351e+01
  -1.5674814e+01
  -1.5501428e+01
  -1.6110711e+01
  -1.7568992e+01
  -2.0155885e+01
  -2.4769471e+01
  -3.6721229e+01
  -3.1019686e+01
  -2.3518768e+01
  -2.0122418e+01
  -1.8308338e+01
  -1.7484942e+01
  -1.7478450e+01
  -1.8310770e+01
  -2.0208982e+01
  -2.3875882e+01
  -3.2415944e+01
  -3.3306949e+01
  -2.4010961e+01
  -2.0108872e+01
  -1.8124048e+01
  -1.7343674e+01
  -1.7590507e+01
  -1.8958245e+01
  -2.1914805e+01
  -2.8002649e+01
  -3.1537037e+01
  -2.3289809e+01
  -1.9092319e+01
  -1.6828804e+01
  -1.5732619e+01
  -1.5539404e+01
  -1.6188362e+01
  -1.7770576e+01
  -2.0615617e+01
  -2.5777893e+01
  -4.0199340e+01
  -3.0526187e+01
  -2.4488370e+01
  -2.2073831e+01
  -2.1317640e+01
  -2.1759852e+01
  -2.3355149e+01
  -2.6362563e+01
  -3.1302622e+01
  -3.3850073e+01
  -2.8968619e+01
  -2.5373076e+01
  -2.3152131e+01
  -2.1736052e+01
  -2.0853174e+01
  -2.0411669e+01
  -2.0434798e+01
  -2.1030277e+01
  -2.2391411e+01
  -2.4819215e+01
  -2.8371685e+01
  -2.9261815e+01
  -2.5373981e+01
  -2.2112358e+01
  -2.0145547e+01
  -1.9237195e+01
  -1.9281788e+01
  -2.0339732e+01
  -2.2705738e+01
  -2.7166122e+01
  -3.2815728e+01
  -2.7443535e+01
  -2.2939125e+01
  -2.0596937e+01
  -1.9623952e+01
  -1.9741787e+01
  -2.0928358e+01
  -2.3325325e+01
  -2.6794517e+01
  -2.7840425e+01
  -2.4652901e+01
  -2.1921390e+01
  -2.0415339e+01
  -1.9933069e+01
  -2.0317497e+01
  -2.1427725e+01
  -2.2913225e+01
  -2.3870303e+01
  -2.3516153e+01
  -2.2552791e+01
  -2.1978572e+01
  -2.2255733e+01
  -2.3654522e+01
  -2.6443495e+01
  -2.9299483e+01
  -2.6580155e+01
  -2.2453215e+01
  -1.9612990e+01
  -1.7836172e+01
  -1.6857705e+01
  -1.6527396e+01
  -1.6768846e+01
  -1.7558260e+01
  -1.8926901e+01
  -2.0992871e+01
  -2.4045243e+01
  -2.8605171e+01
  -3.2058020e+01
  -2.7505467e+01
  -2.3331982e+01
  -2.0644794e+01
  -1.8969885e+01
  -1.8082410e+01
  -1.7912273e+01
  -1.8492614e+01
  -1.9973418e+01
  -2.2725434e+01
  -2.7659691e+01
  -3.3390769e+01
  -2.7503428e+01
  -2.3287110e+01
  -2.1249087e+01
  -2.0641712e+01
  -2.1296340e+01
  -2.3458695e+01
  -2.8219491e+01
  -3.7210326e+01
  -2.7973934e+01
  -2.2626766e+01
  -1.9857128e+01
  -1.8464624e+01
  -1.8064173e+01
  -1.8538524e+01
  -1.9923094e+01
  -2.2414051e+01
  -2.6404255e+01
  -3.0985598e+01
  -2.8933170e+01
  -2.5223110e+01
  -2.3015184e+01
  -2.1864905e+01
  -2.1383646e+01
  -2.1319715e+01
  -2.1527573e+01
  -2.1984320e+01
  -2.2790421e+01
  -2.4108464e+01
  -2.5938826e+01
  -2.7250494e+01
  -2.5960658e+01
  -2.3247761e+01
  -2.0977235e+01
  -1.9544747e+01
  -1.8965150e+01
  -1.9274905e+01
  -2.0650443e+01
  -2.3626724e+01
  -3.0305965e+01
  -4.0502220e+01
  -2.6132443e+01
  -2.1449676e+01
  -1.9087161e+01
  -1.8012892e+01
  -1.7920209e+01
  -1.8749357e+01
  -2.0607845e+01
  -2.3790760e+01
  -2.8333051e+01
  -2.9076897e+01
  -2.5253855e+01
  -2.2637195e+01
  -2.1340434e+01
  -2.0989574e+01
  -2.1322421e+01
  -2.2092644e+01
  -2.3016006e+01
  -2.3870970e+01
  -2.4712987e+01
  -2.5864056e+01
  -2.7516557e+01
  -2.8617280e+01
  -2.6828781e+01
  -2.3691804e+01
  -2.1168030e+01
  -1.9570579e+01
  -1.8877950e+01
  -1.9117040e+01
  -2.0473456e+01
  -2.3534753e+01
  -3.0760152e+01
  -3.6646524e+01
  -2.4724111e+01
  -2.0285843e+01
  -1.8004425e+01
  -1.6981398e+01
  -1.6957851e+01
  -1.7927598e+01
  -2.0127616e+01
  -2.4362673e+01
  -3.4373949e+01
  -3.1043328e+01
  -2.3861228e+01
  -2.0823949e+01
  -1.9560390e+01
  -1.9492567e+01
  -2.0444253e+01
  -2.2306278e+01
  -2.4443445e+01
  -2.4754907e+01
  -2.2905407e+01
  -2.1057805e+01
  -1.9998969e+01
  -1.9772628e+01
  -2.0314345e+01
  -2.1512885e+01
  -2.3039573e+01
  -2.4068811e+01
  -2.3863087e+01
  -2.2975988e+01
  -2.2280999e+01
  -2.2122859e+01
  -2.2519682e+01
  -2.3321988e+01
  -2.4240950e+01
  -2.4992146e+01
  -2.5639473e+01
  -2.6705188e+01
  -2.9073522e+01
  -3.5005097e+01
  -4.5117127e+01
  -2.9787673e+01
  -2.4497688e+01
  -2.1601345e+01
  -2.0051977e+01
  -1.9549524e+01
  -2.0067934e+01
  -2.1831024e+01
  -2.5640831e+01
  -3.5724867e+01
  -3.2236558e+01
  -2.4088535e+01
  -2.0475813e+01
  -1.8633714e+01
  -1.7927356e+01
  -1.8167018e+01
  -1.9365569e+01
  -2.1732534e+01
  -2.5811563e+01
  -3.1736101e+01
  -2.9825819e+01
  -2.5511728e+01
  -2.3417345e+01
  -2.2888762e+01
  -2.3637914e+01
  -2.5548446e+01
  -2.7735030e+01
  -2.6999375e+01
  -2.3998673e+01
  -2.1503512e+01
  -1.9924867e+01
  -1.9136875e+01
  -1.9019579e+01
  -1.9503313e+01
  -2.0564444e+01
  -2.2226885e+01
  -2.4551071e+01
  -2.7388786e+01
  -2.8927405e+01
  -2.6742211e+01
  -2.3532872e+01
  -2.0965194e+01
  -1.9160160e+01
  -1.8055958e+01
  -1.7631593e+01
  -1.7931490e+01
  -1.9089732e+01
  -2.1382555e+01
  -2.5096337e+01
  -2.7092358e+01
  -2.2990408e+01
  -1.9278850e+01
  -1.6953638e+01
  -1.5669792e+01
  -1.5232064e+01
  -1.5583067e+01
  -1.6777431e+01
  -1.8999461e+01
  -2.2526566e+01
  -2.6056686e+01
  -2.3889912e+01
  -2.0301700e+01
  -1.8010773e+01
  -1.6811018e+01
  -1.6474420e+01
  -1.6910774e+01
  -1.8146396e+01
  -2.0352512e+01
  -2.3973390e+01
  -2.9687973e+01
  -3.0358567e+01
  -2.5019278e+01
  -2.1714001e+01
  -1.9821176e+01
  -1.8856492e+01
  -1.8631463e+01
  -1.9119145e+01
  -2.0433975e+01
  -2.2926473e+01
  -2.7657880e+01
  -3.9283372e+01
  -3.0280648e+01
  -2.4099967e+01
  -2.1079539e+01
  -1.9580733e+01
  -1.9170484e+01
  -1.9776685e+01
  -2.1593082e+01
  -2.5356610e+01
  -3.4797713e+01
  -3.3750332e+01
  -2.4949043e+01
  -2.1296120e+01
  -1.9530106e+01
  -1.8980699e+01
  -1.9494087e+01
  -2.1206454e+01
  -2.4743270e+01
  -3.3035124e+01
  -3.5779086e+01
  -2.5659812e+01
  -2.1708166e+01
  -1.9726300e+01
  -1.8894760e+01
  -1.8937987e+01
  -1.9770475e+01
  -2.1416483e+01
  -2.3992273e+01
  -2.7583323e+01
  -3.0842385e+01
  -2.9676028e+01
  -2.6738168e+01
  -2.4483923e+01
  -2.2920488e+01
  -2.1883360e+01
  -2.1326396e+01
  -2.1306163e+01
  -2.1970098e+01
  -2.3610757e+01
  -2.6920460e+01
  -3.4256106e+01
  -3.4617780e+01
  -2.6220921e+01
  -2.2146111e+01
  -1.9879144e+01
  -1.8737826e+01
  -1.8498529e+01
  -1.9134242e+01
  -2.0790977e+01
  -2.3948372e+01
  -3.0396034e+01
  -4.6454982e+01
  -2.8559076e+01
  -2.3843326e+01
  -2.1627556e+01
  -2.0720570e+01
  -2.0749454e+01
  -2.1565354e+01
  -2.3077645e+01
  -2.5085111e+01
  -2.6924544e+01
  -2.7474922e+01
  -2.6700457e+01
  -2.5562829e+01
  -2.4508975e+01
  -2.3558858e+01
  -2.2702934e+01
  -2.2031931e+01
  -2.1702313e+01
  -2.1886928e+01
  -2.2783390e+01
  -2.4694546e+01
  -2.8257015e+01
  -3.4782056e+01
  -3.3984940e+01
  -2.7887721e+01
  -2.4715460e+01
  -2.3235006e+01
  -2.2971870e+01
  -2.3811121e+01
  -2.5773972e+01
  -2.8399591e+01
  -2.8637358e+01
  -2.5766822e+01
  -2.3187308e+01
  -2.1649419e+01
