   1.6107303e+01
   1.5692779e+01
   1.4488062e+01
   1.2605560e+01
   1.0219318e+01
   7.5471149e+00
   4.8305818e+00
   2.3312028e+00
   7.4206987e-01
   1.8010605e+00
   2.7890011e+00
   3.1878157e+00
   3.0148593e+00
   2.3712956e+00
   1.4066080e+00
   3.0524694e-01
   8.0454633e-01
   1.7032032e+00
   2.2988409e+00
   2.5183246e+00
   2.3461622e+00
   1.8241138e+00
   1.0565483e+00
   4.3286967e-01
   1.0794780e+00
   1.9168043e+00
   2.5606806e+00
   2.9133009e+00
   2.9406289e+00
   2.6712401e+00
   2.2162719e+00
   1.8239858e+00
   1.8656265e+00
   2.3924051e+00
   3.0871566e+00
   3.7121449e+00
   4.1573750e+00
   4.3929156e+00
   4.4472211e+00
   4.3912855e+00
   4.3137759e+00
   4.2832464e+00
   4.3132133e+00
   4.3590216e+00
   4.3501517e+00
   4.2293781e+00
   3.9771284e+00
   3.6202954e+00
   3.2304674e+00
   2.9088990e+00
   2.7444404e+00
   2.7521007e+00
   2.8626808e+00
   2.9875928e+00
   3.0774690e+00
   3.1348312e+00
   3.1960067e+00
   3.2959426e+00
   3.4331667e+00
   3.5600179e+00
   3.6028377e+00
   3.4912038e+00
   3.1792650e+00
   2.6572012e+00
   1.9581062e+00
   1.1784884e+00
   6.6500210e-01
   1.0563486e+00
   1.6821487e+00
   2.1279210e+00
   2.2745684e+00
   2.0748577e+00
   1.5486833e+00
   9.0888327e-01
   1.1668550e+00
   2.3204847e+00
   3.6195681e+00
   4.8103701e+00
   5.7250461e+00
   6.2295165e+00
   6.2289685e+00
   5.6791483e+00
   4.5975769e+00
   3.0828540e+00
   1.4643576e+00
   1.6565292e+00
   3.4945483e+00
   5.2848064e+00
   6.6623155e+00
   7.4275197e+00
   7.4620969e+00
   6.7554830e+00
   5.4947677e+00
   4.3749036e+00
   4.9069203e+00
   7.3759866e+00
   1.0651954e+01
   1.4010755e+01
   1.7031271e+01
   1.9421382e+01
   2.0988980e+01
   2.1652658e+01
   2.1461692e+01
   2.0616682e+01
   1.9481025e+01
   1.8550419e+01
   1.8312361e+01
   1.8990154e+01
   2.0394567e+01
   2.2072949e+01
   2.3565426e+01
   2.4556910e+01
   2.4932488e+01
   2.4797005e+01
   2.4474663e+01
   2.4454290e+01
   2.5220736e+01
   2.7001010e+01
   2.9628491e+01
   3.2654079e+01
   3.5557707e+01
   3.7898273e+01
   3.9387114e+01
   3.9923160e+01
   3.9610710e+01
   3.8757112e+01
   3.7827349e+01
   3.7320727e+01
   3.7568268e+01
   3.8551899e+01
   3.9895851e+01
   4.1041668e+01
   4.1472962e+01
   4.0894289e+01
   3.9365884e+01
   3.7420155e+01
   3.6108047e+01
   3.6728173e+01
   4.0040604e+01
   4.5653728e+01
   5.2376399e+01
   5.8897989e+01
   6.4133344e+01
   6.7327036e+01
   6.8107063e+01
   6.6557420e+01
   6.3326321e+01
   5.9748560e+01
   5.7812436e+01
   5.9535482e+01
   6.5729263e+01
   7.5524733e+01
   8.7267484e+01
   9.9453118e+01
   1.1105825e+02
   1.2155035e+02
   1.3080386e+02
   1.3897362e+02
   1.4632992e+02
   1.5307506e+02
   1.5918801e+02
   1.6434948e+02
   1.6797187e+02
   1.6931587e+02
   1.6764848e+02
   1.6239751e+02
   1.5327422e+02
   1.4035385e+02
   1.2411666e+02
   1.0546476e+02
   8.5747488e+01
   6.6862505e+01
   5.1498523e+01
   4.3015581e+01
   4.2840862e+01
   4.7739486e+01
   5.3464413e+01
   5.7825595e+01
   6.0384986e+01
   6.1753723e+01
   6.3074665e+01
   6.5455927e+01
   6.9380176e+01
   7.4448690e+01
   7.9635851e+01
   8.3753787e+01
   8.5800850e+01
   8.5132674e+01
   8.1521456e+01
   7.5163008e+01
   6.6666726e+01
   5.7054950e+01
   4.7786703e+01
   4.0713839e+01
   3.7517344e+01
   3.8355231e+01
   4.1527570e+01
   4.5009254e+01
   4.7496935e+01
   4.8431739e+01
   4.7774281e+01
   4.5820094e+01
   4.3058303e+01
   4.0042868e+01
   3.7262226e+01
   3.5022598e+01
   3.3393306e+01
   3.2255545e+01
   3.1425980e+01
   3.0768426e+01
   3.0231025e+01
   2.9809861e+01
   2.9481665e+01
   2.9157099e+01
   2.8685893e+01
   2.7908707e+01
   2.6726135e+01
   2.5157019e+01
   2.3370598e+01
   2.1678529e+01
   2.0458126e+01
   1.9983898e+01
   2.0246114e+01
   2.0936775e+01
   2.1625131e+01
   2.1943070e+01
   2.1675397e+01
   2.0778209e+01
   1.9366384e+01
   1.7686135e+01
   1.6066376e+01
   1.4826797e+01
   1.4138594e+01
   1.3922643e+01
   1.3904572e+01
   1.3780519e+01
   1.3343273e+01
   1.2522099e+01
   1.1372814e+01
   1.0049874e+01
   8.7674247e+00
   7.7373987e+00
   7.0747619e+00
   6.7220036e+00
   6.4918858e+00
   6.1990728e+00
   5.7538248e+00
   5.1862427e+00
   4.6345749e+00
   4.2963038e+00
   4.3009214e+00
   4.5813468e+00
   4.9330498e+00
   5.1638031e+00
   5.1580813e+00
   4.8769062e+00
   4.3439571e+00
   3.6335322e+00
   2.8648684e+00
   2.2066456e+00
   1.8612881e+00
   1.9014490e+00
   2.1413303e+00
   2.3750975e+00
   2.5148801e+00
   2.5563770e+00
   2.5367414e+00
   2.5034965e+00
   2.4886126e+00
   2.4950660e+00
   2.5042762e+00
   2.4966880e+00
   2.4687326e+00
   2.4366197e+00
   2.4257913e+00
   2.4511664e+00
   2.5019106e+00
   2.5441704e+00
   2.5388675e+00
   2.4612020e+00
   2.3146252e+00
   2.1388177e+00
   2.0071703e+00
   1.9958004e+00
   2.1226301e+00
   2.3257439e+00
   2.5119951e+00
   2.6043208e+00
   2.5579115e+00
   2.3627960e+00
   2.0453458e+00
   1.6743238e+00
   1.3731243e+00
   1.2919262e+00
   1.4461418e+00
   1.6801306e+00
   1.8497459e+00
   1.8802684e+00
   1.7498708e+00
   1.4811645e+00
   1.1525768e+00
   9.4127615e-01
   1.0565716e+00
   1.4079141e+00
   1.7805905e+00
   2.0554301e+00
   2.1770724e+00
   2.1285373e+00
   1.9255747e+00
   1.6197392e+00
   1.3123546e+00
   1.1658163e+00
   1.2902115e+00
   1.5837587e+00
   1.8889834e+00
   2.1142189e+00
   2.2203893e+00
   2.2019114e+00
   2.0772371e+00
   1.8823491e+00
   1.6634125e+00
   1.4656676e+00
   1.3170559e+00
   1.2141612e+00
   1.1269368e+00
   1.0214761e+00
   8.7998196e-01
   7.0989194e-01
   5.5195581e-01
   4.8770757e-01
   5.6668460e-01
   7.2107250e-01
   8.7423794e-01
   9.8939848e-01
   1.0541427e+00
   1.0699776e+00
   1.0467413e+00
   9.9793227e-01
   9.3613772e-01
   8.6938420e-01
   7.9989306e-01
   7.2587521e-01
   6.4505707e-01
   5.5763558e-01
   4.6724084e-01
   3.8001397e-01
   3.0312961e-01
   2.4521891e-01
   2.2013152e-01
   2.4316632e-01
   3.1147957e-01
   4.0606765e-01
   5.0662158e-01
   5.9437371e-01
   6.5215400e-01
   6.6572170e-01
   6.2565258e-01
   5.2904447e-01
   3.8087204e-01
   1.9734377e-01
   9.0465879e-02
   2.6923836e-01
   4.6101444e-01
   6.1203296e-01
   7.0131039e-01
   7.1724118e-01
   6.5956662e-01
   5.4528394e-01
   4.2638625e-01
   4.1536122e-01
   5.6447469e-01
   7.7934477e-01
   9.8094733e-01
   1.1266786e+00
   1.1928631e+00
   1.1706574e+00
   1.0670732e+00
   9.0889583e-01
   7.5126244e-01
   6.8065935e-01
   7.5045711e-01
   9.0366376e-01
   1.0527244e+00
   1.1426508e+00
   1.1485155e+00
   1.0690675e+00
   9.2703127e-01
   7.7579162e-01
   7.0220717e-01
   7.6629035e-01
   9.1771135e-01
   1.0664523e+00
   1.1524561e+00
   1.1465478e+00
   1.0439034e+00
   8.6389840e-01
   6.6017640e-01
   5.4684583e-01
   6.3229211e-01
   8.3284572e-01
   1.0231201e+00
   1.1390672e+00
   1.1539092e+00
   1.0660493e+00
   8.9950698e-01
   7.1560831e-01
   6.3242724e-01
   7.4103412e-01
   9.6134100e-01
   1.1813761e+00
   1.3416735e+00
   1.4189120e+00
   1.4151084e+00
   1.3541987e+00
   1.2781732e+00
   1.2348824e+00
   1.2526352e+00
   1.3202308e+00
   1.3994043e+00
   1.4532958e+00
   1.4630348e+00
   1.4312092e+00
   1.3782967e+00
   1.3327092e+00
   1.3141594e+00
   1.3189023e+00
   1.3211513e+00
   1.2896039e+00
   1.2047107e+00
   1.0708174e+00
   9.2743026e-01
   8.5573194e-01
   9.3039180e-01
   1.1262695e+00
   1.3565542e+00
   1.5523470e+00
   1.6770135e+00
   1.7233711e+00
   1.7133794e+00
   1.6961210e+00
   1.7324215e+00
   1.8592222e+00
   2.0615367e+00
   2.2860062e+00
   2.4738164e+00
   2.5815198e+00
   2.5891279e+00
   2.5029821e+00
   2.3561026e+00
   2.2038028e+00
   2.1073976e+00
   2.1020318e+00
   2.1710447e+00
   2.2593600e+00
   2.3107323e+00
   2.2943649e+00
   2.2157891e+00
   2.1187130e+00
   2.0739148e+00
   2.1418749e+00
   2.3249820e+00
   2.5657921e+00
   2.7903779e+00
   2.9442108e+00
   3.0071965e+00
   2.9985117e+00
   2.9741560e+00
   3.0092373e+00
   3.1586762e+00
   3.4195226e+00
   3.7342946e+00
   4.0280118e+00
   4.2419524e+00
   4.3514860e+00
   4.3726685e+00
   4.3593015e+00
   4.3854396e+00
   4.5102531e+00
   4.7416764e+00
   5.0301686e+00
   5.2977221e+00
   5.4756104e+00
   5.5314877e+00
   5.4840346e+00
   5.4052988e+00
   5.4023587e+00
   5.5682438e+00
   5.9220876e+00
   6.3930601e+00
   6.8622884e+00
   7.2175041e+00
   7.3891289e+00
   7.3692974e+00
   7.2203122e+00
   7.0684971e+00
   7.0667474e+00
   7.3175404e+00
   7.8033483e+00
   8.3957585e+00
   8.9282956e+00
   9.2647163e+00
   9.3394543e+00
   9.1820763e+00
   8.9330032e+00
   8.8328840e+00
   9.1385013e+00
   9.9648532e+00
   1.1200850e+01
   1.2591682e+01
   1.3861822e+01
   1.4779713e+01
   1.5177893e+01
   1.4957266e+01
   1.4086387e+01
   1.2597605e+01
   1.0580051e+01
   8.1703349e+00
   5.5459747e+00
   2.9572454e+00
   1.3533523e+00
   2.7729112e+00
   4.6602320e+00
   6.2195991e+00
   7.3660859e+00
   8.1242396e+00
   8.5759405e+00
   8.8353494e+00
   9.0181529e+00
   9.2068212e+00
   9.4265916e+00
   9.6471158e+00
   9.8081706e+00
   9.8525393e+00
   9.7507596e+00
   9.5123987e+00
   9.1843827e+00
   8.8375256e+00
   8.5426866e+00
   8.3425890e+00
   8.2329311e+00
   8.1657261e+00
   8.0727628e+00
   7.8935631e+00
   7.5946747e+00
   7.1770864e+00
   6.6740153e+00
   6.1413838e+00
   5.6418561e+00
   5.2239594e+00
   4.9029569e+00
   4.6556161e+00
   4.4349937e+00
   4.1953663e+00
   3.9118332e+00
   3.5880562e+00
   3.2536691e+00
   2.9533601e+00
   2.7277563e+00
   2.5907508e+00
   2.5193563e+00
   2.4681918e+00
   2.3955994e+00
   2.2813653e+00
   2.1316427e+00
   1.9751341e+00
   1.8516306e+00
   1.7916698e+00
   1.7957512e+00
   1.8330978e+00
   1.8619570e+00
   1.8502013e+00
   1.7846204e+00
   1.6721702e+00
   1.5375376e+00
   1.4170803e+00
   1.3455597e+00
   1.3363740e+00
   1.3718115e+00
   1.4164829e+00
   1.4379910e+00
   1.4176014e+00
   1.3517830e+00
   1.2501285e+00
   1.1320007e+00
   1.0216223e+00
   9.4017472e-01
   8.9586020e-01
   8.7958619e-01
   8.7252991e-01
   8.5829716e-01
   8.2980985e-01
   7.8998540e-01
   7.4883091e-01
   7.1818683e-01
   7.0522707e-01
   7.0832031e-01
   7.1888284e-01
   7.2723882e-01
   7.2736694e-01
   7.1833499e-01
   7.0303903e-01
   6.8542560e-01
   6.6752852e-01
   6.4792537e-01
   6.2262733e-01
   5.8786345e-01
   5.4327307e-01
   4.9433454e-01
   4.5298605e-01
   4.3385730e-01
   4.4407103e-01
   4.7544574e-01
   5.1026074e-01
   5.3171866e-01
   5.2886621e-01
   4.9738538e-01
   4.3928052e-01
   3.6265419e-01
   2.8234264e-01
   2.2165624e-01
   2.0525676e-01
   2.2811416e-01
   2.5913995e-01
   2.7674708e-01
   2.7401536e-01
   2.5443361e-01
   2.3034363e-01
   2.2041362e-01
   2.3720375e-01
   2.7366858e-01
   3.1240465e-01
   3.3918616e-01
   3.4601531e-01
   3.3048411e-01
   2.9517554e-01
   2.4769678e-01
   2.0172235e-01
   1.7704760e-01
   1.8658025e-01
   2.1876114e-01
   2.5359392e-01
   2.7875303e-01
   2.8907789e-01
   2.8384388e-01
   2.6515762e-01
   2.3698515e-01
   2.0453381e-01
   1.7393579e-01
   1.5187743e-01
   1.4379315e-01
   1.5022393e-01
   1.6631156e-01
   1.8596421e-01
   2.0469555e-01
   2.1993920e-01
   2.3082125e-01
   2.3807701e-01
   2.4389701e-01
   2.5128818e-01
   2.6275507e-01
   2.7882112e-01
   2.9745390e-01
   3.1478454e-01
   3.2641871e-01
   3.2855992e-01
   3.1871116e-01
   2.9603905e-01
   2.6152899e-01
   2.1805870e-01
   1.7061276e-01
   1.2714146e-01
   9.9982372e-02
   9.9376166e-02
   1.1688951e-01
   1.3776978e-01
   1.5654765e-01
   1.7568022e-01
   2.0163444e-01
   2.3991847e-01
   2.9102165e-01
   3.5051314e-01
   4.1155894e-01
   4.6698732e-01
   5.1046142e-01
   5.3720106e-01
   5.4449748e-01
   5.3206813e-01
   5.0223528e-01
   4.5989557e-01
   4.1218922e-01
   3.6757251e-01
   3.3369780e-01
   3.1403073e-01
   3.0558726e-01
   3.0087280e-01
   2.9231446e-01
   2.7519350e-01
   2.4831202e-01
   2.1360958e-01
   1.7566655e-01
   1.4147207e-01
   1.1971042e-01
   1.1602731e-01
   1.2631892e-01
   1.4139673e-01
   1.5498900e-01
   1.6455244e-01
   1.6966116e-01
   1.7089379e-01
   1.6939826e-01
   1.6688500e-01
   1.6564177e-01
   1.6802303e-01
   1.7521139e-01
   1.8608003e-01
   1.9730253e-01
   2.0455603e-01
   2.0382176e-01
   1.9229362e-01
   1.6894336e-01
   1.3494252e-01
   9.4476043e-02
   5.8917473e-02
   5.7126412e-02
   8.7609573e-02
   1.1938170e-01
   1.4067422e-01
   1.4770409e-01
   1.4066057e-01
   1.2398768e-01
   1.0820867e-01
   1.0890550e-01
   1.3146611e-01
   1.6433913e-01
   1.9487955e-01
   2.1549226e-01
   2.2293495e-01
   2.1789763e-01
   2.0514851e-01
   1.9332338e-01
   1.9207882e-01
   2.0522484e-01
   2.2710811e-01
   2.4775207e-01
   2.5858656e-01
   2.5436412e-01
   2.3330561e-01
   1.9698149e-01
   1.5054728e-01
   1.0477223e-01
   8.2266427e-02
   9.9810608e-02
   1.3254078e-01
   1.5839811e-01
   1.6893570e-01
   1.6159895e-01
   1.3734557e-01
   1.0036619e-01
   6.0846804e-02
   5.0932679e-02
   8.5115068e-02
   1.2504388e-01
   1.5544203e-01
   1.7088706e-01
   1.6925596e-01
   1.5080200e-01
   1.1795665e-01
   7.5680490e-02
   3.7547950e-02
   5.0940335e-02
   9.3688687e-02
   1.3291013e-01
   1.6198366e-01
   1.7903950e-01
   1.8503961e-01
   1.8375365e-01
   1.8143410e-01
   1.8489451e-01
   1.9760851e-01
   2.1725775e-01
   2.3779857e-01
   2.5303398e-01
   2.5867046e-01
   2.5312935e-01
   2.3798383e-01
   2.1832238e-01
   2.0251250e-01
   1.9931794e-01
   2.1152777e-01
   2.3328452e-01
   2.5541073e-01
   2.7080926e-01
   2.7630794e-01
   2.7295065e-01
   2.6575762e-01
   2.6228621e-01
   2.6882002e-01
   2.8573192e-01
   3.0690106e-01
   3.2363495e-01
   3.2860092e-01
   3.1791292e-01
   2.9228215e-01
   2.5825869e-01
   2.2959785e-01
   2.2424046e-01
   2.4920903e-01
   2.9211361e-01
   3.3542392e-01
   3.6696649e-01
   3.8106709e-01
   3.7813119e-01
   3.6458621e-01
   3.5221078e-01
   3.5427979e-01
   3.7742063e-01
   4.1659805e-01
   4.5991527e-01
   4.9611172e-01
   5.1831670e-01
   5.2497442e-01
   5.1959574e-01
   5.0954609e-01
   5.0337746e-01
   5.0684399e-01
   5.1982380e-01
   5.3697663e-01
   5.5163908e-01
   5.5984320e-01
   5.6252046e-01
   5.6544322e-01
   5.7657312e-01
   6.0121011e-01
   6.3787226e-01
   6.7843473e-01
   7.1200852e-01
   7.2927565e-01
   7.2555313e-01
   7.0269315e-01
   6.7003532e-01
   6.4344177e-01
   6.3980146e-01
   6.6670346e-01
   7.1613492e-01
   7.6996605e-01
   8.1003800e-01
   8.2481248e-01
   8.1300366e-01
   7.8655672e-01
   7.7220986e-01
   8.0434599e-01
   9.0294182e-01
   1.0575909e+00
   1.2384934e+00
   1.4135765e+00
   1.5557956e+00
   1.6447149e+00
   1.6668184e+00
   1.6156454e+00
   1.4917074e+00
   1.3020168e+00
   1.0591370e+00
   7.7975907e-01
   4.8288501e-01
   1.8776775e-01
   8.8561856e-02
   3.3226124e-01
   5.3608395e-01
   6.9906810e-01
   8.2703933e-01
   9.3090396e-01
   1.0230989e+00
   1.1129239e+00
   1.2029585e+00
   1.2886754e+00
   1.3612113e+00
   1.4113966e+00
   1.4332610e+00
   1.4262490e+00
   1.3959860e+00
   1.3534583e+00
   1.3123044e+00
   1.2842495e+00
   1.2741675e+00
   1.2778239e+00
   1.2841694e+00
   1.2804676e+00
   1.2570315e+00
   1.2099383e+00
   1.1418165e+00
   1.0611966e+00
   9.8054500e-01
   9.1270066e-01
   8.6593573e-01
   8.3992169e-01
   8.2608726e-01
   8.1249732e-01
   7.8930582e-01
   7.5178776e-01
   7.0091471e-01
   6.4243152e-01
   5.8490981e-01
   5.3672378e-01
   5.0229505e-01
   4.7960839e-01
   4.6143259e-01
   4.3945456e-01
   4.0803648e-01
   3.6599476e-01
   3.1699008e-01
   2.6936323e-01
   2.3482989e-01
   2.2271341e-01
   2.3062977e-01
   2.4560171e-01
   2.5465711e-01
   2.4994876e-01
   2.2856505e-01
   1.9151601e-01
   1.4337487e-01
   9.4262437e-02
   7.0329955e-02
   9.5507062e-02
   1.3752688e-01
   1.7336958e-01
   1.9549498e-01
   2.0146492e-01
   1.9174576e-01
   1.6930656e-01
   1.3983690e-01
   1.1274535e-01
   1.0110162e-01
   1.1128513e-01
   1.3369411e-01
   1.5648297e-01
   1.7348484e-01
   1.8277911e-01
   1.8502271e-01
   1.8240193e-01
   1.7765389e-01
   1.7297768e-01
   1.6911639e-01
   1.6514708e-01
   1.5912074e-01
   1.4902877e-01
   1.3351060e-01
   1.1214564e-01
   8.5496188e-02
   5.5311077e-02
   2.7536426e-02
   3.1335333e-02
   6.1512652e-02
   9.2947589e-02
   1.2044097e-01
   1.4145510e-01
   1.5410222e-01
   1.5707281e-01
   1.4984399e-01
   1.3301659e-01
   1.0892416e-01
   8.3239418e-02
   6.8703800e-02
   7.9276872e-02
   1.0693129e-01
   1.3679579e-01
   1.6072853e-01
   1.7448850e-01
   1.7596252e-01
   1.6467868e-01
   1.4161064e-01
   1.0896981e-01
   6.9915948e-02
   2.8227702e-02
   1.2957023e-02
   4.8605992e-02
   7.6868263e-02
   9.5582643e-02
   1.0392783e-01
   1.0229884e-01
   9.2270625e-02
   7.6571022e-02
   5.9282825e-02
   4.6472612e-02
   4.4494134e-02
   5.1771901e-02
   6.0862982e-02
   6.7075765e-02
   6.8718668e-02
   6.5698068e-02
   5.8789454e-02
   4.9220203e-02
   3.8357309e-02
   2.7451692e-02
   1.7452245e-02
   9.0033351e-03
   3.9974930e-03
   7.6336086e-03
   1.3589815e-02
   1.9710771e-02
   2.5702129e-02
   3.1257751e-02
   3.6051664e-02
   3.9822812e-02
   4.2407216e-02
   4.3708721e-02
   4.3637365e-02
   4.2064798e-02
   3.8853896e-02
   3.4028309e-02
   2.8227732e-02
   2.3813833e-02
   2.5514062e-02
   3.4943120e-02
   4.8621560e-02
   6.3291163e-02
   7.6639124e-02
   8.6774426e-02
   9.2118926e-02
   9.1503455e-02
   8.4334341e-02
   7.0822678e-02
   5.2508493e-02
   3.4645669e-02
   3.3597069e-02
   5.4440408e-02
   8.1116293e-02
   1.0628323e-01
   1.2672713e-01
   1.4058378e-01
   1.4692265e-01
   1.4569873e-01
   1.3772148e-01
   1.2457477e-01
   1.0848298e-01
   9.2117889e-02
   7.8257358e-02
   6.9046237e-02
   6.4880601e-02
   6.4132552e-02
   6.4514665e-02
   6.4456271e-02
   6.3365616e-02
   6.1294544e-02
   5.8588075e-02
   5.5737550e-02
   5.3439283e-02
   5.2659521e-02
   5.4354827e-02
   5.8792764e-02
   6.5146696e-02
   7.1847157e-02
   7.7220899e-02
   7.9951989e-02
   7.9354592e-02
   7.5559095e-02
   6.9656258e-02
   6.3738088e-02
   6.0477819e-02
   6.1693372e-02
   6.6836037e-02
   7.3613477e-02
   7.9755514e-02
   8.3857018e-02
   8.5377405e-02
   8.4358585e-02
   8.1079549e-02
   7.5752777e-02
   6.8385317e-02
   5.8915780e-02
   4.7713997e-02
   3.6741892e-02
   3.1767566e-02
   3.8921776e-02
   5.4037215e-02
   7.0486400e-02
   8.4346605e-02
   9.3186664e-02
   9.5509863e-02
   9.0695862e-02
   7.9018345e-02
   6.1604543e-02
   4.0309112e-02
   1.7600048e-02
   6.5207703e-03
   2.4352445e-02
   3.8201827e-02
   4.6142890e-02
   4.8185931e-02
   4.5780656e-02
   4.2133770e-02
   4.1759376e-02
   4.7097181e-02
   5.5838851e-02
   6.4021612e-02
   6.8733300e-02
   6.8462772e-02
   6.2955822e-02
   5.3144753e-02
   4.1284950e-02
   3.1569168e-02
   2.9635156e-02
   3.5361201e-02
   4.2558779e-02
   4.7081442e-02
   4.7359689e-02
   4.3278234e-02
   3.5695354e-02
   2.6314286e-02
   1.8077846e-02
   1.5728361e-02
   1.9748653e-02
   2.4802591e-02
   2.8077681e-02
   2.8924163e-02
   2.7549167e-02
   2.4502285e-02
   2.0455347e-02
   1.6404932e-02
   1.4706616e-02
   1.8592603e-02
   2.7504327e-02
   3.8945845e-02
   5.0975631e-02
   6.1898640e-02
   7.0124458e-02
   7.4302542e-02
   7.3540475e-02
   6.7637620e-02
   5.7363624e-02
   4.5007602e-02
   3.5712556e-02
   3.6797187e-02
   4.7467033e-02
   6.0293273e-02
   7.0542758e-02
   7.6138551e-02
   7.6692734e-02
   7.3340870e-02
   6.8802482e-02
   6.6913608e-02
   7.0459386e-02
   7.8620747e-02
   8.7835316e-02
   9.4388170e-02
   9.5608514e-02
   9.0048281e-02
   7.7461359e-02
   5.8892622e-02
   3.7576943e-02
   2.5446171e-02
   3.9947003e-02
   6.4111073e-02
   8.6676193e-02
   1.0404246e-01
   1.1447854e-01
   1.1733003e-01
   1.1291072e-01
   1.0245689e-01
   8.8049391e-02
   7.2468822e-02
   5.8830840e-02
   4.9500097e-02
   4.4188109e-02
   3.9735961e-02
   3.2922506e-02
   2.3634774e-02
   2.1335729e-02
   3.7678781e-02
   6.3212707e-02
   9.1238543e-02
   1.1820045e-01
   1.4131534e-01
   1.5836303e-01
   1.6781753e-01
   1.6898794e-01
   1.6209619e-01
   1.4827472e-01
   1.2948957e-01
   1.0840162e-01
   8.8140640e-02
   7.1789077e-02
   6.1107918e-02
   5.4900268e-02
   4.9480758e-02
   4.1272519e-02
   2.8346832e-02
   1.0814408e-02
   1.3950947e-02
   3.9067048e-02
   6.5604153e-02
   9.1003373e-02
   1.1308631e-01
   1.3002762e-01
   1.4061573e-01
   1.4457012e-01
   1.4290645e-01
   1.3828843e-01
   1.3501062e-01
   1.3769598e-01
   1.4841672e-01
   1.6495108e-01
   1.8234581e-01
   1.9535995e-01
   1.9974420e-01
   1.9266982e-01
   1.7287813e-01
   1.4074595e-01
   9.8368093e-02
   5.0541866e-02
   2.6772792e-02
   6.9298088e-02
   1.1648200e-01
   1.5610198e-01
   1.8491586e-01
   2.0217733e-01
   2.0961911e-01
   2.1157215e-01
   2.1430114e-01
   2.2367036e-01
   2.4177050e-01
   2.6567289e-01
   2.8954204e-01
   3.0742826e-01
   3.1485963e-01
   3.0943785e-01
   2.9100020e-01
   2.6163970e-01
   2.2573307e-01
   1.9004017e-01
   1.6333311e-01
   1.5312037e-01
   1.5891324e-01
   1.7202858e-01
   1.8334334e-01
   1.8731921e-01
   1.8173800e-01
   1.6673111e-01
   1.4409455e-01
   1.1693423e-01
   8.9766825e-02
   6.9288178e-02
   6.3347296e-02
   7.1858140e-02
   8.5833048e-02
   9.8469608e-02
   1.0686842e-01
   1.1014437e-01
   1.0839523e-01
   1.0226304e-01
   9.2753149e-02
   8.1208620e-02
   6.9422001e-02
   5.9807858e-02
   5.5113512e-02
   5.6726690e-02
   6.3112059e-02
   7.1236491e-02
   7.8532840e-02
   8.3355743e-02
   8.4846469e-02
   8.2835122e-02
   7.7845010e-02
   7.1138464e-02
   6.4666993e-02
   6.0580537e-02
   5.9978722e-02
   6.1838670e-02
   6.3662955e-02
   6.3006208e-02
   5.8412683e-02
   4.9935636e-02
   4.0178507e-02
   3.6484889e-02
   4.6130051e-02
   6.4640293e-02
   8.4918600e-02
   1.0274210e-01
   1.1562546e-01
   1.2230395e-01
   1.2273479e-01
   1.1820217e-01
   1.1131021e-01
   1.0551748e-01
   1.0370331e-01
   1.0618907e-01
   1.1034079e-01
   1.1232151e-01
   1.0888075e-01
   9.8122408e-02
   7.9683794e-02
   5.4938892e-02
   2.9294371e-02
   2.8921960e-02
   5.7086354e-02
   8.7226690e-02
   1.1267937e-01
   1.3062540e-01
   1.3952547e-01
   1.3887076e-01
   1.2910415e-01
   1.1149563e-01
   8.7955441e-02
   6.0823561e-02
   3.2819979e-02
   1.0652226e-02
   2.4022721e-02
   4.3963400e-02
   5.9692280e-02
   7.0409812e-02
   7.6274724e-02
   7.7935380e-02
   7.6371308e-02
   7.2782207e-02
   6.8491852e-02
   6.4821098e-02
   6.2862947e-02
   6.3178613e-02
   6.5635871e-02
   6.9589976e-02
   7.4252989e-02
   7.8964203e-02
   8.3282660e-02
   8.6976273e-02
   8.9987166e-02
   9.2415269e-02
   9.4526277e-02
   9.6754761e-02
   9.9645636e-02
   1.0368665e-01
   1.0906013e-01
   1.1544221e-01
   1.2198177e-01
   1.2746987e-01
   1.3060274e-01
   1.3023847e-01
   1.2559704e-01
   1.1638849e-01
   1.0286678e-01
   8.5811659e-02
   6.6448673e-02
   4.6337275e-02
   2.7344867e-02
   1.2641531e-02
   1.1900320e-02
   1.9588381e-02
   2.5044219e-02
   2.7134165e-02
   2.6513306e-02
   2.4439554e-02
   2.2321536e-02
   2.1103792e-02
   2.0801649e-02
   2.0976014e-02
   2.1781061e-02
   2.4337029e-02
   2.9731237e-02
   3.7798787e-02
   4.7396115e-02
   5.7221133e-02
   6.6234166e-02
   7.3830046e-02
   7.9915112e-02
   8.4886043e-02
   8.9465913e-02
   9.4391409e-02
   1.0005504e-01
   1.0629660e-01
   1.1246006e-01
   1.1763621e-01
   1.2092196e-01
   1.2159108e-01
   1.1916262e-01
   1.1339871e-01
   1.0427208e-01
   9.1937242e-02
   7.6728121e-02
   5.9198341e-02
   4.0260290e-02
   2.1936250e-02
   1.4019727e-02
   2.6539343e-02
   4.2088371e-02
   5.5243054e-02
   6.4706022e-02
   7.0108303e-02
   7.1747681e-02
   7.0541709e-02
   6.7882124e-02
   6.5250613e-02
   6.3581414e-02
   6.2727072e-02
   6.1564012e-02
   5.8684206e-02
   5.3111795e-02
   4.4804765e-02
   3.5247437e-02
   2.8759715e-02
   3.1529179e-02
   4.2345060e-02
   5.5225040e-02
   6.6458178e-02
   7.4130182e-02
   7.7308729e-02
   7.5773216e-02
   6.9882040e-02
   6.0441801e-02
   4.8566980e-02
   3.5599981e-02
   2.3390761e-02
   1.6115896e-02
   1.9710643e-02
   2.9547551e-02
   4.0333221e-02
   5.0336638e-02
   5.8658155e-02
   6.4546986e-02
   6.7375806e-02
   6.6772756e-02
   6.2775532e-02
   5.5955110e-02
   4.7486909e-02
   3.9124912e-02
   3.2835434e-02
   2.9578011e-02
   2.8030260e-02
   2.5634369e-02
   2.0747277e-02
   1.4560276e-02
   1.5928859e-02
   2.8993070e-02
   4.6160330e-02
   6.3451540e-02
   7.8391846e-02
   8.9049447e-02
   9.4076513e-02
   9.2896831e-02
   8.5916769e-02
   7.4800869e-02
   6.2937195e-02
   5.5729416e-02
   5.7817252e-02
   6.7444648e-02
   7.8839929e-02
   8.7512729e-02
   9.1029879e-02
   8.8461740e-02
   7.9998989e-02
   6.6700190e-02
   5.0262412e-02
   3.2806808e-02
   1.6882384e-02
   7.8726450e-03
   1.1956122e-02
   1.5850743e-02
   1.5292310e-02
   1.0510485e-02
   4.8174780e-03
   1.1223590e-02
   2.1898985e-02
   3.1773846e-02
   3.9313609e-02
   4.3754367e-02
   4.5082051e-02
   4.4075096e-02
   4.2177895e-02
   4.0964485e-02
   4.1139705e-02
   4.1921318e-02
   4.1642906e-02
   3.8839956e-02
   3.3014608e-02
   2.5508926e-02
   2.1788910e-02
   2.8842951e-02
   4.2846075e-02
   5.7951016e-02
   7.1068506e-02
   8.0440404e-02
   8.5221054e-02
   8.5497191e-02
   8.2368745e-02
   7.7923870e-02
   7.4817266e-02
   7.5078807e-02
   7.8704748e-02
   8.3698064e-02
   8.7499133e-02
   8.8139915e-02
   8.4632782e-02
   7.6972638e-02
   6.6019700e-02
   5.3354476e-02
   4.1131819e-02
   3.1795173e-02
   2.6917628e-02
   2.5215682e-02
   2.3476773e-02
   1.9463431e-02
   1.2583705e-02
   3.5528781e-03
   7.4548156e-03
   1.7606378e-02
   2.6127649e-02
   3.1815636e-02
   3.4139497e-02
   3.3629164e-02
   3.2517731e-02
   3.4812089e-02
   4.3225422e-02
   5.6355608e-02
   7.1159877e-02
   8.5027512e-02
   9.6024882e-02
   1.0283997e-01
   1.0476915e-01
   1.0170999e-01
   9.4121840e-02
   8.2943027e-02
   6.9471300e-02
   5.5228782e-02
   4.1849120e-02
   3.1032203e-02
   2.4458908e-02
   2.2984156e-02
   2.5583214e-02
   3.0726586e-02
   3.7671514e-02
   4.5945027e-02
   5.4838297e-02
   6.3400864e-02
   7.0633625e-02
   7.5679445e-02
   7.7958069e-02
   7.7241858e-02
   7.3676519e-02
   6.7752038e-02
   6.0231665e-02
   5.2050641e-02
   4.4198884e-02
   3.7597919e-02
   3.2966115e-02
   3.0659710e-02
   3.0549380e-02
   3.2065617e-02
   3.4381976e-02
   3.6568874e-02
   3.7697113e-02
   3.6959996e-02
   3.3844422e-02
   2.8391596e-02
   2.1801133e-02
   1.8101164e-02
   2.2741145e-02
   3.3204654e-02
   4.4779363e-02
   5.5055080e-02
   6.2939058e-02
   6.8413993e-02
   7.2690649e-02
   7.8129276e-02
   8.7302825e-02
   1.0137221e-01
   1.1934302e-01
   1.3880211e-01
   1.5695981e-01
   1.7128557e-01
   1.7983433e-01
   1.8144030e-01
   1.7584342e-01
   1.6376346e-01
   1.4693129e-01
   1.2808155e-01
   1.1081759e-01
   9.8921154e-02
   9.4483240e-02
   9.6067798e-02
   9.9789119e-02
   1.0199898e-01
   1.0053930e-01
   9.4690838e-02
   8.4798879e-02
   7.1930032e-02
   5.7622912e-02
   4.3784229e-02
   3.2811082e-02
   2.7477328e-02
   2.8524735e-02
   3.2972422e-02
   3.7827319e-02
   4.1715198e-02
   4.4164044e-02
   4.5084693e-02
   4.4614044e-02
   4.3110056e-02
   4.1146377e-02
   3.9384687e-02
   3.8276406e-02
   3.7763848e-02
   3.7320632e-02
   3.6421843e-02
   3.5200443e-02
   3.4998583e-02
   3.8089402e-02
   4.5752732e-02
   5.6943815e-02
   6.9389234e-02
   8.0756153e-02
   8.9024857e-02
   9.2611617e-02
   9.0470424e-02
   8.2177470e-02
   6.7971548e-02
   4.8741767e-02
   2.6043345e-02
   6.1818697e-03
   2.5541777e-02
   4.8487534e-02
   6.8386201e-02
   8.4013260e-02
   9.4911897e-02
   1.0131686e-01
   1.0406777e-01
   1.0439220e-01
   1.0354370e-01
   1.0237281e-01
   1.0103061e-01
   9.9002126e-02
   9.5455202e-02
   8.9687766e-02
   8.1483420e-02
   7.1343014e-02
   6.0673086e-02
   5.1956820e-02
   4.8311886e-02
   5.1184341e-02
   5.8608179e-02
   6.7422840e-02
   7.5349288e-02
   8.1115987e-02
   8.4096676e-02
   8.4039815e-02
   8.0911445e-02
   7.4818863e-02
   6.5995812e-02
   5.4835684e-02
   4.1974547e-02
   2.8524158e-02
   1.7197658e-02
   1.5666241e-02
   2.4291806e-02
   3.4152635e-02
   4.2052158e-02
   4.6999677e-02
   4.8710231e-02
   4.7334316e-02
   4.3358330e-02
   3.7512772e-02
   3.0665176e-02
   2.3704103e-02
   1.7428792e-02
   1.2460343e-02
   9.1877336e-03
   7.7594278e-03
   8.1290843e-03
   1.0134508e-02
   1.3572386e-02
   1.8261728e-02
   2.4063235e-02
   3.0831402e-02
   3.8324029e-02
   4.6120151e-02
   5.3590488e-02
   5.9936386e-02
   6.4287443e-02
   6.5836283e-02
   6.3989494e-02
   5.8525125e-02
   4.9781878e-02
   3.9026538e-02
   2.9527126e-02
   2.7878644e-02
   3.6603544e-02
   4.9638018e-02
   6.2309171e-02
   7.2420821e-02
   7.8965856e-02
   8.1722994e-02
   8.1158468e-02
   7.8365291e-02
   7.4919262e-02
   7.2522287e-02
   7.2374816e-02
   7.4601075e-02
   7.8297473e-02
   8.2154152e-02
   8.5030104e-02
   8.6183370e-02
   8.5259113e-02
   8.2189730e-02
   7.7094423e-02
   7.0219192e-02
   6.1934055e-02
   5.2790106e-02
   4.3633414e-02
   3.5749735e-02
   3.0804809e-02
   2.9867465e-02
   3.2013489e-02
   3.5124857e-02
   3.7599286e-02
   3.8777604e-02
   3.8752482e-02
   3.8108034e-02
   3.7580711e-02
   3.7628860e-02
   3.8146560e-02
   3.8605320e-02
   3.8525214e-02
   3.7948172e-02
   3.7703834e-02
   3.9207530e-02
   4.3507934e-02
   5.0327871e-02
   5.8292279e-02
   6.5767860e-02
   7.1376818e-02
   7.4184350e-02
   7.3765306e-02
   7.0226416e-02
   6.4198717e-02
   5.6804248e-02
   4.9578779e-02
   4.4229035e-02
   4.1981598e-02
   4.2772213e-02
   4.5389501e-02
   4.8503503e-02
   5.1280751e-02
   5.3363480e-02
   5.4647760e-02
   5.5111135e-02
   5.4762283e-02
   5.3701689e-02
   5.2226512e-02
   5.0874311e-02
   5.0288416e-02
   5.0871152e-02
   5.2433025e-02
   5.4169649e-02
   5.4984572e-02
   5.3870651e-02
   5.0160860e-02
   4.3645672e-02
   3.4613500e-02
   2.3907202e-02
   1.3489003e-02
   1.0384186e-02
   1.8018686e-02
   2.6916510e-02
   3.4196146e-02
   3.9395391e-02
   4.2822002e-02
   4.5197240e-02
   4.7289143e-02
   4.9480549e-02
   5.1522026e-02
   5.2660272e-02
   5.2008275e-02
   4.8905154e-02
   4.3165067e-02
   3.5275991e-02
   2.6768576e-02
   2.1123411e-02
   2.2659014e-02
   2.9553944e-02
   3.7014768e-02
   4.2395204e-02
   4.4520949e-02
   4.3041935e-02
   3.8249168e-02
   3.1061191e-02
   2.3223064e-02
   1.7942410e-02
   1.8743005e-02
   2.3745856e-02
   2.8866819e-02
   3.2164955e-02
   3.3212082e-02
   3.2593553e-02
   3.1797304e-02
   3.2801700e-02
   3.6794052e-02
   4.3216240e-02
   5.0542137e-02
   5.7338937e-02
   6.2627621e-02
   6.5897239e-02
   6.7047446e-02
   6.6313903e-02
   6.4177822e-02
   6.1260668e-02
   5.8211413e-02
   5.5598798e-02
   5.3823769e-02
   5.3065153e-02
   5.3263133e-02
   5.4135352e-02
   5.5218494e-02
   5.5932273e-02
   5.5662718e-02
   5.3855913e-02
   5.0108355e-02
   4.4239745e-02
   3.6337596e-02
   2.6770624e-02
   1.6194122e-02
   5.9358799e-03
   6.9618786e-03
   1.5694592e-02
   2.2963717e-02
   2.7992627e-02
   3.0659456e-02
   3.1252673e-02
   3.0426492e-02
   2.9070522e-02
   2.8001549e-02
   2.7529818e-02
   2.7261190e-02
   2.6392383e-02
   2.4190581e-02
   2.0308338e-02
   1.4977033e-02
   9.5963331e-03
   8.8908876e-03
   1.4422994e-02
   2.1125216e-02
   2.6755792e-02
   3.0414766e-02
   3.1712180e-02
   3.0640863e-02
   2.7527905e-02
   2.2963946e-02
   1.7691002e-02
   1.2442580e-02
   7.7395166e-03
   3.7807541e-03
   2.4749746e-03
   6.6539173e-03
   1.2662706e-02
   1.9778138e-02
   2.7399123e-02
   3.4742515e-02
   4.0975665e-02
   4.5359506e-02
   4.7371094e-02
   4.6798772e-02
   4.3811582e-02
   3.9017421e-02
   3.3536521e-02
   2.9053156e-02
   2.7415704e-02
   2.9218771e-02
   3.3154399e-02
   3.7490661e-02
   4.1131298e-02
   4.3637985e-02
   4.5022832e-02
   4.5564829e-02
   4.5646601e-02
   4.5603008e-02
   4.5605735e-02
   4.5621912e-02
   4.5459210e-02
   4.4867045e-02
   4.3648409e-02
   4.1754830e-02
   3.9354870e-02
   3.6858362e-02
   3.4840707e-02
   3.3790314e-02
   3.3738966e-02
   3.4093735e-02
   3.3866430e-02
   3.2056144e-02
   2.7916779e-02
   2.1085134e-02
   1.1637649e-02
   1.3959440e-03
   1.3159330e-02
   2.6334060e-02
   3.8519031e-02
   4.8476210e-02
   5.5171941e-02
   5.7923871e-02
   5.6539183e-02
   5.1438082e-02
   4.3799482e-02
   3.5808588e-02
   3.0784944e-02
   3.1323027e-02
   3.5806616e-02
   4.0434739e-02
   4.2558906e-02
   4.0938854e-02
   3.5326764e-02
   2.6205939e-02
   1.4605388e-02
   2.0163572e-03
   1.0465606e-02
   2.0909967e-02
   2.8389459e-02
   3.2306108e-02
   3.2858595e-02
   3.1382543e-02
   3.0651657e-02
   3.3820545e-02
   4.1399159e-02
   5.1120863e-02
   6.0439882e-02
   6.7517844e-02
   7.1247539e-02
   7.1178598e-02
   6.7452117e-02
   6.0715712e-02
   5.2005887e-02
   4.2601868e-02
   3.3853941e-02
   2.6952318e-02
   2.2561165e-02
   2.0493535e-02
   2.0056001e-02
   2.0840330e-02
   2.2828895e-02
   2.5861050e-02
   2.9356841e-02
   3.2526957e-02
   3.4675171e-02
   3.5376647e-02
   3.4545748e-02
   3.2434210e-02
   2.9578214e-02
   2.6695908e-02
   2.4522814e-02
   2.3595351e-02
   2.4109328e-02
   2.6009473e-02
   2.9176053e-02
   3.3452745e-02
   3.8550894e-02
   4.4006629e-02
   4.9239800e-02
   5.3658656e-02
   5.6754481e-02
   5.8160976e-02
   5.7673037e-02
   5.5230321e-02
   5.0878844e-02
   4.4729147e-02
   3.6929758e-02
   2.7667900e-02
   1.7199711e-02
   5.9571611e-03
   6.2051938e-03
   1.7681493e-02
   2.8391393e-02
   3.7546341e-02
   4.4494635e-02
   4.8747333e-02
   5.0055577e-02
   4.8472030e-02
   4.4392417e-02
   3.8593541e-02
   3.2307374e-02
   2.7324580e-02
   2.5650756e-02
   2.7901615e-02
   3.2611677e-02
   3.8020613e-02
   4.3058965e-02
   4.7168523e-02
   5.0007905e-02
   5.1292275e-02
   5.0754567e-02
   4.8194836e-02
   4.3585338e-02
   3.7216601e-02
   2.9929692e-02
   2.3587875e-02
   2.1392817e-02
   2.4926549e-02
   3.1427525e-02
   3.7859612e-02
   4.2587857e-02
   4.4865827e-02
   4.4506186e-02
   4.1741684e-02
   3.7128036e-02
   3.1437857e-02
   2.5532365e-02
