   3.1415927e+00
   2.7565367e+00
   2.3703593e+00
   1.9815091e+00
   1.5872013e+00
   1.1811966e+00
   7.4526736e-01
   1.9501915e-01
  -1.4047562e+00
  -2.9631951e+00
  -3.5053183e+00
  -3.9332303e+00
  -4.3272939e+00
  -4.7018740e+00
  -5.0491930e+00
  -5.1581506e+00
  -2.8385507e+00
  -3.1323881e+00
  -3.4690821e+00
  -3.8057955e+00
  -4.1290499e+00
  -4.4162773e+00
  -4.5751789e+00
  -3.7622326e+00
  -2.9391146e+00
  -3.0772383e+00
  -3.3277552e+00
  -3.5928134e+00
  -3.8397423e+00
  -4.0364523e+00
  -4.1263317e+00
  -4.0185588e+00
  -3.7553269e+00
  -3.6265777e+00
  -3.6821350e+00
  -3.8299071e+00
  -4.0111481e+00
  -4.1948867e+00
  -4.3627774e+00
  -4.5045024e+00
  -4.6194169e+00
  -4.7187503e+00
  -4.8208410e+00
  -4.9396505e+00
  -5.0774288e+00
  -5.2259589e+00
  -5.3705305e+00
  -5.4924335e+00
  -5.5716752e+00
  -5.5962633e+00
  -5.5806524e+00
  -5.5678996e+00
  -5.5927769e+00
  -5.6571065e+00
  -5.7440049e+00
  -5.8371648e+00
  -5.9314198e+00
  -6.0359520e+00
  -6.1679887e+00
  -6.3410433e+00
  -6.5593211e+00
  -6.8208527e+00
  -7.1233625e+00
  -7.4705152e+00
  -7.8852586e+00
  -8.4713193e+00
  -9.7089703e+00
  -1.1031003e+01
  -1.1659687e+01
  -1.2106059e+01
  -1.2485180e+01
  -1.2808313e+01
  -1.3020556e+01
  -1.2807179e+01
  -1.1970435e+01
  -1.1915893e+01
  -1.2150171e+01
  -1.2458050e+01
  -1.2791348e+01
  -1.3133257e+01
  -1.3474568e+01
  -1.3806212e+01
  -1.4111553e+01
  -1.4338512e+01
  -1.4180324e+01
  -1.3037436e+01
  -1.2957364e+01
  -1.3180064e+01
  -1.3459331e+01
  -1.3745851e+01
  -1.4014751e+01
  -1.4234626e+01
  -1.4337431e+01
  -1.4175707e+01
  -1.3797703e+01
  -1.3674591e+01
  -1.3785725e+01
  -1.3993807e+01
  -1.4239688e+01
  -1.4497671e+01
  -1.4753502e+01
  -1.4996494e+01
  -1.5216228e+01
  -1.5401234e+01
  -1.5540183e+01
  -1.5628213e+01
  -1.5678212e+01
  -1.5722679e+01
  -1.5792622e+01
  -1.5897887e+01
  -1.6030479e+01
  -1.6175630e+01
  -1.6317731e+01
  -1.6442339e+01
  -1.6538475e+01
  -1.6604018e+01
  -1.6651854e+01
  -1.6706594e+01
  -1.6789144e+01
  -1.6905910e+01
  -1.7051530e+01
  -1.7215847e+01
  -1.7387979e+01
  -1.7557583e+01
  -1.7715154e+01
  -1.7852807e+01
  -1.7966496e+01
  -1.8059375e+01
  -1.8143131e+01
  -1.8233185e+01
  -1.8340109e+01
  -1.8464946e+01
  -1.8600341e+01
  -1.8733311e+01
  -1.8846962e+01
  -1.8922724e+01
  -1.8948950e+01
  -1.8939537e+01
  -1.8939398e+01
  -1.8989296e+01
  -1.9097362e+01
  -1.9250445e+01
  -1.9431080e+01
  -1.9623414e+01
  -1.9812999e+01
  -1.9985013e+01
  -2.0122901e+01
  -2.0210221e+01
  -2.0241446e+01
  -2.0240418e+01
  -2.0255635e+01
  -2.0320721e+01
  -2.0437451e+01
  -2.0592187e+01
  -2.0770464e+01
  -2.0961489e+01
  -2.1158426e+01
  -2.1357826e+01
  -2.1559016e+01
  -2.1763356e+01
  -2.1973242e+01
  -2.2191030e+01
  -2.2418181e+01
  -2.2654845e+01
  -2.2899844e+01
  -2.3150804e+01
  -2.3404230e+01
  -2.3655299e+01
  -2.3897175e+01
  -2.4119430e+01
  -2.4304823e+01
  -2.4423594e+01
  -2.4430649e+01
  -2.4304999e+01
  -2.4150224e+01
  -2.4098233e+01
  -2.4148938e+01
  -2.4252635e+01
  -2.4371396e+01
  -2.4483510e+01
  -2.4582065e+01
  -2.4675057e+01
  -2.4780063e+01
  -2.4912450e+01
  -2.5077502e+01
  -2.5271631e+01
  -2.5487022e+01
  -2.5714665e+01
  -2.5945158e+01
  -2.6168063e+01
  -2.6370303e+01
  -2.6533914e+01
  -2.6635093e+01
  -2.6653900e+01
  -2.6609074e+01
  -2.6575160e+01
  -2.6610958e+01
  -2.6716203e+01
  -2.6866309e+01
  -2.7038310e+01
  -2.7215218e+01
  -2.7384602e+01
  -2.7537482e+01
  -2.7668593e+01
  -2.7777605e+01
  -2.7869708e+01
  -2.7953614e+01
  -2.8037318e+01
  -2.8124949e+01
  -2.8216997e+01
  -2.8312808e+01
  -2.8412920e+01
  -2.8519602e+01
  -2.8635460e+01
  -2.8761281e+01
  -2.8894562e+01
  -2.9029221e+01
  -2.9156175e+01
  -2.9264773e+01
  -2.9346240e+01
  -2.9400450e+01
  -2.9442412e+01
  -2.9497432e+01
  -2.9584646e+01
  -2.9707651e+01
  -2.9858628e+01
  -3.0025267e+01
  -3.0194278e+01
  -3.0352324e+01
  -3.0486798e+01
  -3.0588897e+01
  -3.0660393e+01
  -3.0719006e+01
  -3.0790826e+01
  -3.0892990e+01
  -3.1026424e+01
  -3.1181270e+01
  -3.1343406e+01
  -3.1497285e+01
  -3.1626921e+01
  -3.1718594e+01
  -3.1768881e+01
  -3.1794725e+01
  -3.1827683e+01
  -3.1889027e+01
  -3.1976354e+01
  -3.2070268e+01
  -3.2143496e+01
  -3.2169363e+01
  -3.2142697e+01
  -3.2106036e+01
  -3.2121031e+01
  -3.2209407e+01
  -3.2356349e+01
  -3.2538613e+01
  -3.2735061e+01
  -3.2925550e+01
  -3.3085620e+01
  -3.3178050e+01
  -3.3147604e+01
  -3.2971912e+01
  -3.2784037e+01
  -3.2720486e+01
  -3.2760193e+01
  -3.2845889e+01
  -3.2939740e+01
  -3.3022366e+01
  -3.3089447e+01
  -3.3148593e+01
  -3.3211317e+01
  -3.3283394e+01
  -3.3361607e+01
  -3.3437651e+01
  -3.3504925e+01
  -3.3564748e+01
  -3.3627706e+01
  -3.3706845e+01
  -3.3808090e+01
  -3.3926525e+01
  -3.4048331e+01
  -3.4153566e+01
  -3.4219846e+01
  -3.4234501e+01
  -3.4218736e+01
  -3.4227354e+01
  -3.4299131e+01
  -3.4433134e+01
  -3.4609423e+01
  -3.4805513e+01
  -3.4998339e+01
  -3.5158832e+01
  -3.5242518e+01
  -3.5192887e+01
  -3.5032412e+01
  -3.4935915e+01
  -3.4984827e+01
  -3.5131256e+01
  -3.5321114e+01
  -3.5513311e+01
  -3.5661903e+01
  -3.5686161e+01
  -3.5473171e+01
  -3.5179670e+01
  -3.5121682e+01
  -3.5244415e+01
  -3.5447111e+01
  -3.5679214e+01
  -3.5911422e+01
  -3.6116722e+01
  -3.6256183e+01
  -3.6267395e+01
  -3.6114978e+01
  -3.5954632e+01
  -3.5952001e+01
  -3.6077807e+01
  -3.6269105e+01
  -3.6487403e+01
  -3.6709696e+01
  -3.6919319e+01
  -3.7101850e+01
  -3.7245343e+01
  -3.7345916e+01
  -3.7416310e+01
  -3.7483930e+01
  -3.7570865e+01
  -3.7677252e+01
  -3.7780289e+01
  -3.7832233e+01
  -3.7748835e+01
  -3.7478600e+01
  -3.7239600e+01
  -3.7206140e+01
  -3.7309044e+01
  -3.7475137e+01
  -3.7666502e+01
  -3.7863395e+01
  -3.8055088e+01
  -3.8236909e+01
  -3.8409626e+01
  -3.8578659e+01
  -3.8751661e+01
  -3.8935201e+01
  -3.9132804e+01
  -3.9345696e+01
  -3.9576188e+01
  -3.9833764e+01
  -4.0144442e+01
  -4.0558356e+01
  -4.1117686e+01
  -4.1743312e+01
  -4.2291263e+01
  -4.2743835e+01
  -4.3142122e+01
  -4.3515141e+01
  -4.3876530e+01
  -4.4231230e+01
  -4.4578883e+01
  -4.4913227e+01
  -4.5212227e+01
  -4.5361076e+01
  -4.4155405e+01
  -4.3679815e+01
  -4.3901310e+01
  -4.4200184e+01
  -4.4510562e+01
  -4.4807583e+01
  -4.5064368e+01
  -4.5227748e+01
  -4.5182277e+01
  -4.4886369e+01
  -4.4730217e+01
  -4.4826180e+01
  -4.5042851e+01
  -4.5307312e+01
  -4.5585325e+01
  -4.5854444e+01
  -4.6090681e+01
  -4.6257280e+01
  -4.6297623e+01
  -4.6189422e+01
  -4.6079647e+01
  -4.6112129e+01
  -4.6261453e+01
  -4.6468557e+01
  -4.6691899e+01
  -4.6897836e+01
  -4.7045815e+01
  -4.7078902e+01
  -4.6969914e+01
  -4.6850932e+01
  -4.6869413e+01
  -4.7009033e+01
  -4.7212337e+01
  -4.7437827e+01
  -4.7651690e+01
  -4.7808851e+01
  -4.7822711e+01
  -4.7587064e+01
  -4.7316319e+01
  -4.7292158e+01
  -4.7430540e+01
  -4.7635075e+01
  -4.7855880e+01
  -4.8057027e+01
  -4.8192045e+01
  -4.8179636e+01
  -4.7955113e+01
  -4.7730961e+01
  -4.7711971e+01
  -4.7829959e+01
  -4.8004760e+01
  -4.8192316e+01
  -4.8364775e+01
  -4.8500177e+01
  -4.8583485e+01
  -4.8619090e+01
  -4.8640425e+01
  -4.8687608e+01
  -4.8775085e+01
  -4.8892120e+01
  -4.9018820e+01
  -4.9135732e+01
  -4.9229041e+01
  -4.9296870e+01
  -4.9353546e+01
  -4.9421343e+01
  -4.9512966e+01
  -4.9623091e+01
  -4.9730611e+01
  -4.9799685e+01
  -4.9779286e+01
  -4.9639387e+01
  -4.9474109e+01
  -4.9420062e+01
  -4.9481849e+01
  -4.9608193e+01
  -4.9757096e+01
  -4.9898396e+01
  -5.0008825e+01
  -5.0075160e+01
  -5.0107057e+01
  -5.0140951e+01
  -5.0212832e+01
  -5.0332354e+01
  -5.0488520e+01
  -5.0663884e+01
  -5.0840756e+01
  -5.1001917e+01
  -5.1130890e+01
  -5.1216010e+01
  -5.1260868e+01
  -5.1291569e+01
  -5.1340995e+01
  -5.1423161e+01
  -5.1529574e+01
  -5.1640158e+01
  -5.1731437e+01
  -5.1782989e+01
  -5.1790737e+01
  -5.1781779e+01
  -5.1799239e+01
  -5.1864449e+01
  -5.1969804e+01
  -5.2095296e+01
  -5.2219539e+01
  -5.2323671e+01
  -5.2395708e+01
  -5.2438816e+01
  -5.2475364e+01
  -5.2533027e+01
  -5.2624733e+01
  -5.2745709e+01
  -5.2882293e+01
  -5.3018967e+01
  -5.3141828e+01
  -5.3241846e+01
  -5.3319610e+01
  -5.3387936e+01
  -5.3465517e+01
  -5.3564653e+01
  -5.3685394e+01
  -5.3818504e+01
  -5.3950414e+01
  -5.4066921e+01
  -5.4157368e+01
  -5.4221404e+01
  -5.4274367e+01
  -5.4340552e+01
  -5.4436542e+01
  -5.4563344e+01
  -5.4711097e+01
  -5.4865606e+01
  -5.5011752e+01
  -5.5135664e+01
  -5.5229016e+01
  -5.5296505e+01
  -5.5359075e+01
  -5.5442068e+01
  -5.5558110e+01
  -5.5703724e+01
  -5.5866191e+01
  -5.6029254e+01
  -5.6175563e+01
  -5.6289603e+01
  -5.6366269e+01
  -5.6423662e+01
  -5.6499808e+01
  -5.6624758e+01
  -5.6804552e+01
  -5.7030511e+01
  -5.7291137e+01
  -5.7576956e+01
  -5.7881261e+01
  -5.8199760e+01
  -5.8530355e+01
  -5.8873656e+01
  -5.9235609e+01
  -5.9638535e+01
  -6.0187100e+01
  -6.1611631e+01
  -6.2964972e+01
  -6.3476561e+01
  -6.3834579e+01
  -6.4134599e+01
  -6.4396530e+01
  -6.4626141e+01
  -6.4827182e+01
  -6.5005707e+01
  -6.5170998e+01
  -6.5333302e+01
  -6.5500098e+01
  -6.5673874e+01
  -6.5852466e+01
  -6.6030786e+01
  -6.6202709e+01
  -6.6362872e+01
  -6.6508623e+01
  -6.6641849e+01
  -6.6769314e+01
  -6.6900137e+01
  -6.7041530e+01
  -6.7195896e+01
  -6.7360766e+01
  -6.7530368e+01
  -6.7697304e+01
  -6.7853959e+01
  -6.7994087e+01
  -6.8115047e+01
  -6.8220075e+01
  -6.8318233e+01
  -6.8420191e+01
  -6.8532349e+01
  -6.8653939e+01
  -6.8778015e+01
  -6.8894072e+01
  -6.8991192e+01
  -6.9062615e+01
  -6.9111777e+01
  -6.9154403e+01
  -6.9209721e+01
  -6.9287428e+01
  -6.9383779e+01
  -6.9486160e+01
  -6.9578725e+01
  -6.9647698e+01
  -6.9689040e+01
  -6.9716180e+01
  -6.9755272e+01
  -6.9826135e+01
  -6.9930947e+01
  -7.0058841e+01
  -7.0193597e+01
  -7.0317560e+01
  -7.0414092e+01
  -7.0473337e+01
  -7.0503001e+01
  -7.0531883e+01
  -7.0590677e+01
  -7.0690477e+01
  -7.0823847e+01
  -7.0975765e+01
  -7.1129943e+01
  -7.1270546e+01
  -7.1383263e+01
  -7.1459149e+01
  -7.1502195e+01
  -7.1532928e+01
  -7.1576393e+01
  -7.1644315e+01
  -7.1731701e+01
  -7.1824719e+01
  -7.1908442e+01
  -7.1972690e+01
  -7.2017554e+01
  -7.2055337e+01
  -7.2103228e+01
  -7.2171570e+01
  -7.2259625e+01
  -7.2359752e+01
  -7.2463175e+01
  -7.2564022e+01
  -7.2661306e+01
  -7.2758351e+01
  -7.2859437e+01
  -7.2965378e+01
  -7.3070620e+01
  -7.3162652e+01
  -7.3223906e+01
  -7.3239775e+01
  -7.3217969e+01
  -7.3200960e+01
  -7.3234620e+01
  -7.3331598e+01
  -7.3478775e+01
  -7.3656346e+01
  -7.3844664e+01
  -7.4022440e+01
  -7.4160091e+01
  -7.4208566e+01
  -7.4103260e+01
  -7.3880125e+01
  -7.3742247e+01
  -7.3752425e+01
  -7.3843689e+01
  -7.3952573e+01
  -7.4028581e+01
  -7.4027032e+01
  -7.3940367e+01
  -7.3851159e+01
  -7.3851710e+01
  -7.3947029e+01
  -7.4102439e+01
  -7.4285986e+01
  -7.4472098e+01
  -7.4634723e+01
  -7.4737960e+01
  -7.4729585e+01
  -7.4582268e+01
  -7.4412862e+01
  -7.4367517e+01
  -7.4440716e+01
  -7.4579664e+01
  -7.4747131e+01
  -7.4919899e+01
  -7.5080914e+01
  -7.5214081e+01
  -7.5300944e+01
  -7.5320504e+01
  -7.5260182e+01
  -7.5144979e+01
  -7.5042645e+01
  -7.5003401e+01
  -7.5029414e+01
  -7.5101576e+01
  -7.5200159e+01
  -7.5309392e+01
  -7.5417646e+01
  -7.5518504e+01
  -7.5613185e+01
  -7.5711476e+01
  -7.5827501e+01
  -7.5972105e+01
  -7.6148515e+01
  -7.6353412e+01
  -7.6579930e+01
  -7.6819620e+01
  -7.7062732e+01
  -7.7296877e+01
  -7.7503461e+01
  -7.7649669e+01
  -7.7674532e+01
  -7.7507782e+01
  -7.7251213e+01
  -7.7126918e+01
  -7.7128815e+01
  -7.7174746e+01
  -7.7220054e+01
  -7.7263404e+01
  -7.7332658e+01
  -7.7452670e+01
  -7.7626847e+01
  -7.7844693e+01
  -7.8092928e+01
  -7.8360001e+01
  -7.8636522e+01
  -7.8914450e+01
  -7.9186091e+01
  -7.9443195e+01
  -7.9676391e+01
  -7.9875745e+01
  -8.0034340e+01
  -8.0156340e+01
  -8.0263588e+01
  -8.0386621e+01
  -8.0544680e+01
  -8.0738613e+01
  -8.0957752e+01
  -8.1186367e+01
  -8.1404514e+01
  -8.1584746e+01
  -8.1690449e+01
  -8.1700547e+01
  -8.1680218e+01
  -8.1746487e+01
  -8.1928822e+01
  -8.2193472e+01
  -8.2504291e+01
  -8.2834255e+01
  -8.3162337e+01
  -8.3471152e+01
  -8.3747438e+01
  -8.3985541e+01
  -8.4192314e+01
  -8.4387025e+01
  -8.4591186e+01
  -8.4816907e+01
  -8.5064756e+01
  -8.5328204e+01
  -8.5597107e+01
  -8.5857174e+01
  -8.6082740e+01
  -8.6208597e+01
  -8.6025064e+01
  -8.5413961e+01
  -8.5209358e+01
  -8.5312646e+01
  -8.5504508e+01
  -8.5709418e+01
  -8.5883319e+01
  -8.5975254e+01
  -8.5922107e+01
  -8.5747146e+01
  -8.5642048e+01
  -8.5687662e+01
  -8.5829191e+01
  -8.6012151e+01
  -8.6200900e+01
  -8.6367728e+01
  -8.6486888e+01
  -8.6541630e+01
  -8.6550230e+01
  -8.6573974e+01
  -8.6662157e+01
  -8.6817873e+01
  -8.7021539e+01
  -8.7251686e+01
  -8.7488174e+01
  -8.7706498e+01
  -8.7862040e+01
  -8.7848704e+01
  -8.7518139e+01
  -8.7209839e+01
  -8.7222076e+01
  -8.7398799e+01
  -8.7639537e+01
  -8.7899799e+01
  -8.8147003e+01
  -8.8325089e+01
  -8.8245956e+01
  -8.7567141e+01
  -8.7278747e+01
  -8.7409713e+01
  -8.7660220e+01
  -8.7950776e+01
  -8.8253155e+01
  -8.8549359e+01
  -8.8813997e+01
  -8.8972448e+01
  -8.8628997e+01
  -8.7694559e+01
  -8.7650960e+01
  -8.7842232e+01
  -8.8078813e+01
  -8.8312780e+01
  -8.8519943e+01
  -8.8682368e+01
  -8.8791594e+01
  -8.8862216e+01
  -8.8933623e+01
  -8.9040811e+01
  -8.9191261e+01
  -8.9372738e+01
  -8.9566758e+01
  -8.9753452e+01
  -8.9911133e+01
  -9.0016490e+01
  -9.0054448e+01
  -9.0043991e+01
  -9.0043259e+01
  -9.0096219e+01
  -9.0202156e+01
  -9.0338169e+01
  -9.0478871e+01
  -9.0601679e+01
  -9.0689872e+01
  -9.0741266e+01
  -9.0777436e+01
  -9.0832942e+01
  -9.0928218e+01
  -9.1060679e+01
  -9.1214483e+01
  -9.1368239e+01
  -9.1495151e+01
  -9.1559786e+01
  -9.1526103e+01
  -9.1410777e+01
  -9.1320905e+01
  -9.1329794e+01
  -9.1420892e+01
  -9.1554669e+01
  -9.1698434e+01
  -9.1825878e+01
  -9.1914593e+01
  -9.1951775e+01
  -9.1950294e+01
  -9.1952135e+01
  -9.1994830e+01
  -9.2084919e+01
  -9.2208205e+01
  -9.2345768e+01
  -9.2480374e+01
  -9.2598263e+01
  -9.2691423e+01
  -9.2761380e+01
  -9.2820446e+01
  -9.2884904e+01
  -9.2964159e+01
  -9.3056402e+01
  -9.3152101e+01
  -9.3239983e+01
  -9.3313180e+01
  -9.3374876e+01
  -9.3439063e+01
  -9.3522212e+01
  -9.3632624e+01
  -9.3767539e+01
  -9.3916677e+01
  -9.4065947e+01
  -9.4199410e+01
  -9.4301635e+01
  -9.4364541e+01
  -9.4399200e+01
  -9.4437403e+01
  -9.4508862e+01
  -9.4620703e+01
  -9.4761182e+01
  -9.4910476e+01
  -9.5045699e+01
  -9.5143397e+01
  -9.5189405e+01
  -9.5201771e+01
  -9.5234635e+01
  -9.5331512e+01
  -9.5496961e+01
  -9.5715662e+01
  -9.5971220e+01
  -9.6251374e+01
  -9.6547668e+01
  -9.6854233e+01
  -9.7166816e+01
  -9.7482146e+01
  -9.7797552e+01
  -9.8110826e+01
  -9.8420752e+01
  -9.8734349e+01
  -9.5798199e+01
  -9.6110048e+01
  -9.6368780e+01
  -9.6602585e+01
  -9.6812306e+01
  -9.7000120e+01
  -9.7172054e+01
  -9.7337353e+01
  -9.7505297e+01
  -9.7681698e+01
  -9.7867501e+01
  -9.8059585e+01
  -9.8252341e+01
  -9.8439088e+01
  -9.8613329e+01
  -9.8770373e+01
  -9.8909554e+01
  -9.9036104e+01
  -9.9160318e+01
  -9.9293044e+01
  -9.9440607e+01
  -9.9603001e+01
  -9.9775229e+01
  -9.9949446e+01
  -1.0011661e+02
  -1.0026794e+02
  -1.0039727e+02
  -1.0050470e+02
  -1.0059952e+02
  -1.0069747e+02
  -1.0081212e+02
  -1.0094812e+02
  -1.0110137e+02
  -1.0126266e+02
  -1.0142083e+02
  -1.0156514e+02
  -1.0168818e+02
  -1.0179037e+02
  -1.0188300e+02
  -1.0198372e+02
  -1.0210558e+02
  -1.0224999e+02
  -1.0240776e+02
  -1.0256216e+02
  -1.0268997e+02
  -1.0276324e+02
  -1.0276500e+02
  -1.0272846e+02
  -1.0273290e+02
  -1.0282103e+02
  -1.0298098e+02
  -1.0318525e+02
  -1.0340788e+02
  -1.0362112e+02
  -1.0377762e+02
  -1.0375137e+02
  -1.0329500e+02
  -1.0289371e+02
  -1.0290672e+02
  -1.0308217e+02
  -1.0331114e+02
  -1.0355269e+02
  -1.0378258e+02
  -1.0397559e+02
  -1.0409301e+02
  -1.0407593e+02
  -1.0390712e+02
  -1.0374539e+02
  -1.0372639e+02
  -1.0381724e+02
  -1.0396042e+02
  -1.0412025e+02
  -1.0427638e+02
  -1.0441785e+02
  -1.0454193e+02
  -1.0465433e+02
  -1.0476676e+02
  -1.0489092e+02
  -1.0503297e+02
  -1.0519232e+02
  -1.0536313e+02
  -1.0553466e+02
  -1.0568597e+02
  -1.0575571e+02
  -1.0542931e+02
  -1.0433739e+02
  -1.0413872e+02
  -1.0425064e+02
  -1.0443961e+02
  -1.0465767e+02
  -1.0488802e+02
  -1.0512065e+02
  -1.0534504e+02
  -1.0554430e+02
  -1.0568376e+02
  -1.0568582e+02
  -1.0544601e+02
  -1.0515629e+02
  -1.0511468e+02
  -1.0525299e+02
  -1.0547805e+02
  -1.0574744e+02
  -1.0604230e+02
  -1.0635348e+02
  -1.0667639e+02
  -1.0700951e+02
  -1.0735648e+02
  -1.0775589e+02
  -1.1088289e+02
  -1.1139513e+02
  -1.1175189e+02
  -1.1208876e+02
  -1.1241224e+02
  -1.1271825e+02
  -1.1299540e+02
  -1.1321957e+02
  -1.1334130e+02
  -1.1328977e+02
  -1.1312308e+02
  -1.1308557e+02
  -1.1322674e+02
  -1.1347580e+02
  -1.1378520e+02
  -1.1413234e+02
  -1.1450675e+02
  -1.1490344e+02
  -1.1531906e+02
  -1.1574731e+02
  -1.1616638e+02
  -1.1647607e+02
  -1.1602018e+02
  -1.1548559e+02
  -1.1581073e+02
  -1.1627764e+02
  -1.1677011e+02
  -1.1726331e+02
  -1.1775162e+02
  -1.1823408e+02
  -1.1870975e+02
  -1.1917575e+02
  -1.1962644e+02
  -1.2005259e+02
  -1.2043938e+02
  -1.2076025e+02
  -1.2096123e+02
  -1.2095211e+02
  -1.2077488e+02
  -1.2072932e+02
  -1.2087117e+02
  -1.2111091e+02
  -1.2139436e+02
  -1.2169608e+02
  -1.2200247e+02
  -1.2230356e+02
  -1.2258765e+02
  -1.2283280e+02
  -1.2298111e+02
  -1.2284398e+02
  -1.2226037e+02
  -1.2203226e+02
  -1.2214043e+02
  -1.2235879e+02
  -1.2261639e+02
  -1.2288763e+02
  -1.2316000e+02
  -1.2342496e+02
  -1.2367450e+02
  -1.2389924e+02
  -1.2408711e+02
  -1.2422376e+02
  -1.2429847e+02
  -1.2432006e+02
  -1.2432798e+02
  -1.2436758e+02
  -1.2445748e+02
  -1.2459373e+02
  -1.2476843e+02
  -1.2497924e+02
  -1.2523105e+02
  -1.2553384e+02
  -1.2589727e+02
  -1.2632090e+02
  -1.2678362e+02
  -1.2724803e+02
  -1.2768293e+02
  -1.2807616e+02
  -1.2842765e+02
  -1.2873929e+02
  -1.2900955e+02
  -1.2923124e+02
  -1.2939128e+02
  -1.2947586e+02
  -1.2948940e+02
  -1.2947606e+02
  -1.2949377e+02
  -1.2956494e+02
  -1.2967914e+02
  -1.2981811e+02
  -1.2996716e+02
  -1.3011702e+02
  -1.3026295e+02
  -1.3040268e+02
  -1.3053262e+02
  -1.3064094e+02
  -1.3069401e+02
  -1.3060923e+02
  -1.3029066e+02
  -1.2997696e+02
  -1.2992898e+02
  -1.3005685e+02
  -1.3027180e+02
  -1.3053384e+02
  -1.3082445e+02
  -1.3113377e+02
  -1.3145530e+02
  -1.3178244e+02
  -1.3210102e+02
  -1.3233251e+02
  -1.3049776e+02
  -1.3037424e+02
  -1.3072705e+02
  -1.3115275e+02
  -1.3163916e+02
  -1.3220882e+02
  -1.3289591e+02
  -1.3368749e+02
  -1.3446383e+02
  -1.3513333e+02
  -1.3570990e+02
  -1.3623376e+02
  -1.3673638e+02
  -1.3724370e+02
  -1.3778731e+02
  -1.3842267e+02
  -1.3924259e+02
  -1.4022666e+02
  -1.4108021e+02
  -1.4173059e+02
  -1.4227098e+02
  -1.4276347e+02
  -1.4324382e+02
  -1.4374515e+02
  -1.4432489e+02
  -1.4511199e+02
  -1.4616957e+02
  -1.4704660e+02
  -1.4763195e+02
  -1.4807585e+02
  -1.4845235e+02
  -1.4879667e+02
  -1.4913889e+02
  -1.4952570e+02
  -1.5004711e+02
  -1.5080913e+02
  -1.5162112e+02
  -1.5221274e+02
  -1.5264996e+02
  -1.5301770e+02
  -1.5335239e+02
  -1.5366724e+02
  -1.5396500e+02
  -1.5424183e+02
  -1.5448612e+02
  -1.5467148e+02
  -1.5473850e+02
  -1.5458653e+02
  -1.5428518e+02
  -1.5415594e+02
  -1.5421454e+02
  -1.5435823e+02
  -1.5452682e+02
  -1.5468436e+02
  -1.5480132e+02
  -1.5485249e+02
  -1.5483797e+02
  -1.5481109e+02
  -1.5483986e+02
  -1.5494382e+02
  -1.5510592e+02
  -1.5530301e+02
  -1.5551449e+02
  -1.5571792e+02
  -1.5587268e+02
  -1.5585234e+02
  -1.5526257e+02
  -1.5471032e+02
  -1.5471282e+02
  -1.5488450e+02
  -1.5510944e+02
  -1.5535236e+02
  -1.5559712e+02
  -1.5583227e+02
  -1.5604578e+02
  -1.5622173e+02
  -1.5633869e+02
  -1.5637611e+02
  -1.5634146e+02
  -1.5629188e+02
  -1.5627624e+02
  -1.5626220e+02
  -1.5607754e+02
  -1.5540295e+02
  -1.5499046e+02
  -1.5502670e+02
  -1.5521539e+02
  -1.5546411e+02
  -1.5574179e+02
  -1.5603457e+02
  -1.5633444e+02
  -1.5663537e+02
  -1.5693144e+02
  -1.5721550e+02
  -1.5747772e+02
  -1.5770416e+02
  -1.5787731e+02
  -1.5798585e+02
  -1.5805020e+02
  -1.5813105e+02
  -1.5828025e+02
  -1.5851022e+02
  -1.5882805e+02
  -1.5942117e+02
  -1.6206165e+02
  -1.6262813e+02
  -1.6302077e+02
  -1.6338489e+02
  -1.6373487e+02
  -1.6407050e+02
  -1.6438683e+02
  -1.6467562e+02
  -1.6492541e+02
  -1.6512361e+02
  -1.6526548e+02
  -1.6537050e+02
  -1.6548321e+02
  -1.6564104e+02
  -1.6585281e+02
  -1.6610972e+02
  -1.6640010e+02
  -1.6671535e+02
  -1.6705157e+02
  -1.6741192e+02
  -1.6781878e+02
  -1.6840325e+02
  -1.7020247e+02
  -1.7132148e+02
  -1.7178192e+02
  -1.7213316e+02
  -1.7243507e+02
  -1.7269611e+02
  -1.7291276e+02
  -1.7307981e+02
  -1.7320049e+02
  -1.7329627e+02
  -1.7340116e+02
  -1.7353983e+02
  -1.7371699e+02
  -1.7392469e+02
  -1.7415120e+02
  -1.7438451e+02
  -1.7461220e+02
  -1.7481947e+02
  -1.7498636e+02
  -1.7508680e+02
  -1.7510138e+02
  -1.7505919e+02
  -1.7504590e+02
  -1.7511498e+02
  -1.7525782e+02
  -1.7544730e+02
  -1.7566001e+02
  -1.7587706e+02
  -1.7607931e+02
  -1.7624004e+02
  -1.7631316e+02
  -1.7623138e+02
  -1.7601391e+02
  -1.7587414e+02
  -1.7590130e+02
  -1.7603561e+02
  -1.7622396e+02
  -1.7643744e+02
  -1.7665941e+02
  -1.7687778e+02
  -1.7708045e+02
  -1.7725179e+02
  -1.7737014e+02
  -1.7741265e+02
  -1.7738384e+02
  -1.7734900e+02
  -1.7738176e+02
  -1.7749564e+02
  -1.7766780e+02
  -1.7787269e+02
  -1.7808984e+02
  -1.7830193e+02
  -1.7849190e+02
  -1.7864175e+02
  -1.7873690e+02
  -1.7878129e+02
  -1.7881077e+02
  -1.7887035e+02
  -1.7897611e+02
  -1.7911362e+02
  -1.7925156e+02
  -1.7933900e+02
  -1.7928124e+02
  -1.7898982e+02
  -1.7871662e+02
  -1.7868981e+02
  -1.7881526e+02
  -1.7900718e+02
  -1.7922426e+02
  -1.7944360e+02
  -1.7964834e+02
  -1.7982292e+02
  -1.7995386e+02
  -1.8003818e+02
  -1.8009655e+02
  -1.8016897e+02
  -1.8028523e+02
  -1.8044937e+02
  -1.8064943e+02
  -1.8086754e+02
  -1.8107834e+02
  -1.8122313e+02
  -1.8104094e+02
  -1.8006039e+02
  -1.7985839e+02
  -1.8002546e+02
  -1.8028187e+02
  -1.8057096e+02
  -1.8087473e+02
  -1.8118514e+02
  -1.8149724e+02
  -1.8180647e+02
  -1.8210597e+02
  -1.8237921e+02
  -1.8255848e+02
  -1.8194551e+02
  -1.8081598e+02
  -1.8093958e+02
  -1.8120507e+02
  -1.8150922e+02
  -1.8183374e+02
  -1.8217565e+02
  -1.8253729e+02
  -1.8292347e+02
  -1.8333904e+02
  -1.8378493e+02
  -1.8425309e+02
  -1.8472557e+02
  -1.8518240e+02
  -1.8561196e+02
  -1.8601348e+02
  -1.8639312e+02
  -1.8675976e+02
  -1.8712271e+02
  -1.8749081e+02
  -1.8787190e+02
  -1.8827211e+02
  -1.8869473e+02
  -1.8913892e+02
  -1.8959907e+02
  -1.9006609e+02
  -1.9053039e+02
  -1.9098499e+02
  -1.9142657e+02
  -1.9185475e+02
  -1.9227075e+02
  -1.9267622e+02
  -1.9307248e+02
  -1.9345997e+02
  -1.9383741e+02
  -1.9419976e+02
  -1.9453139e+02
  -1.9477632e+02
  -1.9464971e+02
  -1.9381437e+02
  -1.9378388e+02
  -1.9410301e+02
  -1.9453943e+02
  -1.9505787e+02
  -1.9565980e+02
  -1.9634477e+02
  -1.9708564e+02
  -1.9784089e+02
  -1.9859901e+02
  -1.9937692e+02
  -2.0016333e+02
  -2.0089164e+02
  -2.0151114e+02
  -2.0202581e+02
  -2.0245896e+02
  -2.0282940e+02
  -2.0314850e+02
  -2.0342297e+02
  -2.0365826e+02
  -2.0386160e+02
  -2.0404348e+02
  -2.0421647e+02
  -2.0439188e+02
  -2.0457687e+02
  -2.0477408e+02
  -2.0498320e+02
  -2.0520274e+02
  -2.0543127e+02
  -2.0566814e+02
  -2.0591382e+02
  -2.0617047e+02
  -2.0644309e+02
  -2.0674357e+02
  -2.0710708e+02
  -2.0768536e+02
  -2.0908865e+02
  -2.1013401e+02
  -2.1059932e+02
  -2.1093176e+02
  -2.1121279e+02
  -2.1146004e+02
  -2.1167530e+02
  -2.1185527e+02
  -2.1199752e+02
  -2.1210715e+02
  -2.1220114e+02
  -2.1230225e+02
  -2.1242509e+02
  -2.1256848e+02
  -2.1271579e+02
  -2.1283193e+02
  -2.1284568e+02
  -2.1264907e+02
  -2.1235311e+02
  -2.1227864e+02
  -2.1240591e+02
  -2.1263635e+02
  -2.1292081e+02
  -2.1323684e+02
  -2.1357267e+02
  -2.1392016e+02
  -2.1427072e+02
  -2.1460997e+02
  -2.1490472e+02
  -2.1505980e+02
  -2.1484558e+02
  -2.1452072e+02
  -2.1461210e+02
  -2.1490694e+02
  -2.1527027e+02
  -2.1565446e+02
  -2.1603935e+02
  -2.1641421e+02
  -2.1677137e+02
  -2.1710269e+02
  -2.1739677e+02
  -2.1763629e+02
  -2.1779927e+02
  -2.1787927e+02
  -2.1792898e+02
  -2.1804353e+02
  -2.1827998e+02
  -2.1868323e+02
  -2.1944223e+02
  -2.2071550e+02
  -2.2155886e+02
  -2.2207301e+02
  -2.2248468e+02
  -2.2285417e+02
  -2.2319852e+02
  -2.2352089e+02
  -2.2381695e+02
  -2.2407440e+02
  -2.2426868e+02
  -2.2435903e+02
  -2.2431780e+02
  -2.2423178e+02
  -2.2424809e+02
  -2.2438838e+02
  -2.2460957e+02
  -2.2487691e+02
  -2.2517001e+02
  -2.2547625e+02
  -2.2578554e+02
  -2.2608480e+02
  -2.2634463e+02
  -2.2645210e+02
  -2.2582102e+02
  -2.2520831e+02
  -2.2535633e+02
  -2.2570132e+02
  -2.2621462e+02
  -2.2755394e+02
  -2.2920501e+02
  -2.2982281e+02
  -2.3030476e+02
  -2.3076610e+02
  -2.3123696e+02
  -2.3173452e+02
  -2.3227309e+02
  -2.3286010e+02
  -2.3348207e+02
  -2.3409757e+02
  -2.3466159e+02
  -2.3515118e+02
  -2.3555632e+02
  -2.3585118e+02
  -2.3594800e+02
  -2.3570146e+02
  -2.3542668e+02
  -2.3545905e+02
  -2.3565103e+02
  -2.3590053e+02
  -2.3616606e+02
  -2.3642633e+02
  -2.3666574e+02
  -2.3686964e+02
  -2.3702625e+02
  -2.3713736e+02
  -2.3723150e+02
  -2.3735313e+02
  -2.3753044e+02
  -2.3776637e+02
  -2.3805290e+02
  -2.3838265e+02
  -2.3875335e+02
  -2.3916993e+02
  -2.3964744e+02
  -2.4021405e+02
  -2.4089853e+02
  -2.4166560e+02
  -2.4239054e+02
  -2.4300458e+02
  -2.4352361e+02
  -2.4396203e+02
  -2.4409126e+02
  -2.4204818e+02
  -2.4236841e+02
  -2.4278895e+02
  -2.4324899e+02
  -2.4375827e+02
  -2.4434816e+02
  -2.4505957e+02
  -2.4587093e+02
  -2.4663933e+02
  -2.4727861e+02
  -2.4781470e+02
  -2.4828810e+02
  -2.4872412e+02
  -2.4913666e+02
  -2.4953326e+02
  -2.4991793e+02
  -2.5029224e+02
  -2.5065560e+02
  -2.5100442e+02
  -2.5132998e+02
  -2.5161402e+02
  -2.5182520e+02
  -2.5194221e+02
  -2.5203915e+02
  -2.5225032e+02
  -2.5259309e+02
  -2.5300801e+02
  -2.5344415e+02
  -2.5387570e+02
  -2.5429393e+02
  -2.5469801e+02
  -2.5508968e+02
  -2.5547095e+02
  -2.5584332e+02
  -2.5620744e+02
  -2.5656291e+02
  -2.5690794e+02
  -2.5723900e+02
  -2.5755083e+02
  -2.5783815e+02
  -2.5810107e+02
  -2.5835206e+02
  -2.5861279e+02
  -2.5889772e+02
  -2.5920499e+02
  -2.5952296e+02
  -2.5983806e+02
  -2.6013636e+02
  -2.6039893e+02
  -2.6058860e+02
  -2.6061516e+02
  -2.6033187e+02
  -2.5998549e+02
  -2.5993117e+02
  -2.6004345e+02
  -2.6021133e+02
  -2.6038479e+02
  -2.6053610e+02
  -2.6064892e+02
  -2.6072381e+02
  -2.6078616e+02
  -2.6087337e+02
  -2.6100741e+02
  -2.6118820e+02
  -2.6140520e+02
  -2.6164657e+02
  -2.6190208e+02
  -2.6216286e+02
  -2.6242036e+02
  -2.6266496e+02
  -2.6288448e+02
  -2.6306337e+02
  -2.6318616e+02
  -2.6325267e+02
  -2.6329899e+02
  -2.6338144e+02
  -2.6352912e+02
  -2.6373725e+02
  -2.6398935e+02
  -2.6426952e+02
  -2.6456392e+02
  -2.6485807e+02
  -2.6513175e+02
  -2.6535038e+02
  -2.6545924e+02
  -2.6544023e+02
  -2.6544484e+02
  -2.6561476e+02
  -2.6592451e+02
  -2.6631916e+02
  -2.6676563e+02
  -2.6724752e+02
  -2.6775795e+02
  -2.6829501e+02
  -2.6885688e+02
  -2.6943511e+02
  -2.7000901e+02
  -2.7054838e+02
  -2.7102373e+02
  -2.7141102e+02
  -2.7168851e+02
  -2.7184560e+02
  -2.7192324e+02
  -2.7201612e+02
  -2.7218019e+02
  -2.7240916e+02
  -2.7268017e+02
  -2.7297532e+02
  -2.7328308e+02
  -2.7359583e+02
  -2.7390755e+02
  -2.7421136e+02
  -2.7449328e+02
  -2.7469521e+02
  -2.7371926e+02
  -2.7264672e+02
  -2.7282117e+02
  -2.7306220e+02
  -2.7330801e+02
  -2.7354315e+02
  -2.7376023e+02
  -2.7395500e+02
  -2.7412642e+02
  -2.7427777e+02
  -2.7441673e+02
  -2.7455286e+02
  -2.7469326e+02
  -2.7483949e+02
  -2.7498668e+02
  -2.7512359e+02
  -2.7523156e+02
  -2.7528267e+02
  -2.7524581e+02
  -2.7512703e+02
  -2.7501430e+02
  -2.7499158e+02
  -2.7506197e+02
  -2.7519666e+02
  -2.7537223e+02
  -2.7557500e+02
  -2.7579812e+02
  -2.7603907e+02
  -2.7629838e+02
  -2.7657956e+02
  -2.7689084e+02
  -2.7725197e+02
  -2.7771975e+02
  -2.7849024e+02
  -2.7974029e+02
  -2.8060777e+02
  -2.8113936e+02
  -2.8156681e+02
  -2.8195802e+02
  -2.8233562e+02
  -2.8270888e+02
  -2.8308224e+02
  -2.8345803e+02
  -2.8383755e+02
  -2.8422144e+02
  -2.8460998e+02
  -2.8500429e+02
  -2.8541033e+02
  -2.8584379e+02
  -2.8631603e+02
  -2.8681376e+02
  -2.8731974e+02
  -2.8782726e+02
  -2.8833299e+02
  -2.8883306e+02
  -2.8932365e+02
  -2.8980232e+02
  -2.9026855e+02
  -2.9072360e+02
  -2.9117022e+02
  -2.9161266e+02
  -2.9205743e+02
  -2.9251563e+02
  -2.9300921e+02
  -2.9358797e+02
  -2.9435978e+02
  -2.9535848e+02
  -2.9621676e+02
  -2.9681547e+02
  -2.9727296e+02
  -2.9765505e+02
  -2.9798684e+02
  -2.9827623e+02
  -2.9852315e+02
  -2.9872404e+02
  -2.9887660e+02
  -2.9898700e+02
  -2.9907514e+02
  -2.9916835e+02
  -2.9928641e+02
  -2.9943507e+02
  -2.9961109e+02
  -2.9980894e+02
  -3.0002436e+02
  -3.0025551e+02
  -3.0050325e+02
  -3.0077123e+02
  -3.0106661e+02
  -3.0140163e+02
  -3.0179619e+02
  -3.0227700e+02
  -3.0285383e+02
  -3.0346482e+02
  -3.0400578e+02
  -3.0443850e+02
  -3.0477830e+02
  -3.0504393e+02
  -3.0524544e+02
  -3.0538946e+02
  -3.0548757e+02
  -3.0555991e+02
  -3.0562711e+02
  -3.0569754e+02
  -3.0576334e+02
  -3.0580629e+02
  -3.0581085e+02
  -3.0578614e+02
  -3.0577573e+02
  -3.0582274e+02
  -3.0593692e+02
  -3.0610524e+02
  -3.0631043e+02
  -3.0653772e+02
  -3.0677483e+02
  -3.0701038e+02
  -3.0723189e+02
  -3.0742459e+02
  -3.0757324e+02
  -3.0767360e+02
  -3.0775252e+02
  -3.0786307e+02
  -3.0804125e+02
  -3.0828787e+02
  -3.0858624e+02
  -3.0891688e+02
  -3.0926165e+02
  -3.0960423e+02
  -3.0993016e+02
  -3.1022709e+02
  -3.1048572e+02
  -3.1070225e+02
  -3.1088265e+02
  -3.1104432e+02
  -3.1120922e+02
  -3.1139261e+02
  -3.1159839e+02
  -3.1182215e+02
  -3.1205521e+02
  -3.1228541e+02
  -3.1249261e+02
  -3.1262787e+02
  -3.1250533e+02
  -3.1167967e+02
  -3.1127034e+02
  -3.1130440e+02
  -3.1143784e+02
  -3.1158776e+02
  -3.1172757e+02
  -3.1185001e+02
  -3.1196095e+02
  -3.1207483e+02
  -3.1220571e+02
  -3.1235970e+02
  -3.1253356e+02
  -3.1271663e+02
  -3.1289035e+02
  -3.1302061e+02
  -3.1303610e+02
  -3.1282676e+02
  -3.1251868e+02
  -3.1244116e+02
  -3.1256384e+02
  -3.1278877e+02
  -3.1307134e+02
  -3.1339657e+02
  -3.1376694e+02
  -3.1420543e+02
  -3.1477506e+02
  -3.1557905e+02
  -3.1648683e+02
  -3.1716400e+02
  -3.1763327e+02
  -3.1798373e+02
  -3.1824804e+02
  -3.1842711e+02
  -3.1851548e+02
  -3.1853836e+02
  -3.1856839e+02
  -3.1866500e+02
  -3.1883443e+02
  -3.1905869e+02
  -3.1932026e+02
  -3.1960729e+02
  -3.1991241e+02
  -3.2023102e+02
  -3.2056004e+02
  -3.2089688e+02
  -3.2123873e+02
  -3.2158212e+02
  -3.2192314e+02
  -3.2225831e+02
  -3.2258574e+02
  -3.2290556e+02
  -3.2321934e+02
  -3.2352900e+02
  -3.2383595e+02
  -3.2414065e+02
  -3.2444251e+02
  -3.2473954e+02
  -3.2502740e+02
  -3.2529527e+02
  -3.2550560e+02
  -3.2536711e+02
  -3.2372751e+02
  -3.2368975e+02
  -3.2388006e+02
  -3.2409748e+02
  -3.2430615e+02
  -3.2448908e+02
  -3.2463426e+02
  -3.2473691e+02
  -3.2480755e+02
  -3.2487348e+02
  -3.2496210e+02
  -3.2508281e+02
  -3.2522542e+02
  -3.2536265e+02
  -3.2543175e+02
  -3.2523719e+02
  -3.2455921e+02
  -3.2425908e+02
  -3.2432529e+02
  -3.2450870e+02
  -3.2473422e+02
  -3.2497433e+02
  -3.2521445e+02
  -3.2544326e+02
  -3.2564855e+02
  -3.2581444e+02
  -3.2591833e+02
  -3.2592168e+02
  -3.2567566e+02
  -3.2426274e+02
  -3.2365015e+02
  -3.2365007e+02
  -3.2379296e+02
  -3.2400429e+02
  -3.2425797e+02
  -3.2454149e+02
  -3.2484876e+02
  -3.2517794e+02
  -3.2553104e+02
  -3.2591493e+02
  -3.2634357e+02
  -3.2684018e+02
  -3.2742851e+02
  -3.2808813e+02
  -3.2872226e+02
  -3.2925459e+02
  -3.2968594e+02
  -3.3004220e+02
  -3.3034369e+02
  -3.3060308e+02
  -3.3082940e+02
  -3.3103138e+02
  -3.3121941e+02
  -3.3140547e+02
  -3.3160152e+02
  -3.3181775e+02
  -3.3206213e+02
  -3.3234112e+02
  -3.3266097e+02
  -3.3302818e+02
  -3.3344792e+02
  -3.3391865e+02
  -3.3442498e+02
  -3.3493875e+02
  -3.3543373e+02
  -3.3589834e+02
  -3.3633407e+02
  -3.3674867e+02
  -3.3715394e+02
  -3.3758272e+02
  -3.3946939e+02
  -3.4121817e+02
  -3.4161930e+02
  -3.4197660e+02
  -3.4231626e+02
  -3.4264152e+02
  -3.4295000e+02
  -3.4323483e+02
  -3.4348222e+02
  -3.4366578e+02
  -3.4374059e+02
  -3.4367316e+02
  -3.4355874e+02
  -3.4355837e+02
  -3.4368825e+02
  -3.4389919e+02
  -3.4415459e+02
  -3.4443336e+02
  -3.4472157e+02
  -3.4500079e+02
  -3.4497019e+02
  -3.4258595e+02
  -3.4283825e+02
  -3.4309805e+02
  -3.4333085e+02
  -3.4350942e+02
  -3.4359698e+02
  -3.4357031e+02
  -3.4349788e+02
  -3.4350677e+02
  -3.4362909e+02
  -3.4383134e+02
  -3.4408085e+02
  -3.4435707e+02
  -3.4464722e+02
  -3.4494226e+02
  -3.4523425e+02
  -3.4551441e+02
  -3.4577177e+02
  -3.4599388e+02
  -3.4617560e+02
  -3.4634157e+02
  -3.4655527e+02
  -3.4687282e+02
  -3.4729673e+02
  -3.4778277e+02
  -3.4827622e+02
  -3.4874429e+02
  -3.4917880e+02
  -3.4958241e+02
  -3.4995906e+02
  -3.5031050e+02
  -3.5063574e+02
  -3.5093206e+02
  -3.5119833e+02
  -3.5144223e+02
  -3.5168692e+02
  -3.5196342e+02
  -3.5228915e+02
  -3.5265782e+02
  -3.5304923e+02
  -3.5344349e+02
  -3.5382797e+02
  -3.5419709e+02
  -3.5454955e+02
  -3.5488603e+02
  -3.5520798e+02
  -3.5551726e+02
  -3.5581608e+02
  -3.5610711e+02
  -3.5639363e+02
  -3.5667983e+02
  -3.5697207e+02
  -3.5728595e+02
  -3.5773911e+02
  -3.6066848e+02
  -3.6112587e+02
  -3.6146254e+02
  -3.6178793e+02
  -3.6211552e+02
  -3.6245017e+02
  -3.6279577e+02
  -3.6315771e+02
  -3.6354515e+02
  -3.6397458e+02
  -3.6447379e+02
  -3.6507461e+02
  -3.6575789e+02
  -3.6640814e+02
  -3.6694295e+02
  -3.6737578e+02
  -3.6774381e+02
  -3.6807532e+02
  -3.6838940e+02
  -3.6869969e+02
  -3.6901688e+02
  -3.6935091e+02
  -3.6971390e+02
  -3.7012574e+02
  -3.7062534e+02
  -3.7128252e+02
  -3.7211890e+02
  -3.7291796e+02
  -3.7353004e+02
  -3.7401161e+02
  -3.7442269e+02
  -3.7479260e+02
  -3.7513388e+02
  -3.7545058e+02
  -3.7574175e+02
  -3.7600272e+02
  -3.7622651e+02
