   3.1415927e+00
   2.7553078e+00
   2.3691059e+00
   1.9830526e+00
   1.5971556e+00
   1.2112267e+00
   8.2428074e-01
   4.3003252e-01
  -2.3967521e+00
  -3.4145322e+00
  -3.7957850e+00
  -4.1586127e+00
  -4.4970504e+00
  -4.7701633e+00
  -4.6823378e+00
  -3.3193687e+00
  -3.3156405e+00
  -3.5916739e+00
  -3.9189070e+00
  -4.2594651e+00
  -4.5980094e+00
  -4.9153363e+00
  -5.1188185e+00
  -3.2298720e+00
  -3.1052664e+00
  -3.3741146e+00
  -3.6681571e+00
  -3.9492906e+00
  -4.1938449e+00
  -4.3690137e+00
  -4.4266961e+00
  -4.3492683e+00
  -4.2588554e+00
  -4.2907793e+00
  -4.4371585e+00
  -4.6490049e+00
  -4.8923150e+00
  -5.1466811e+00
  -5.3985247e+00
  -5.6371679e+00
  -5.8531189e+00
  -6.0381970e+00
  -6.1879019e+00
  -6.3057451e+00
  -6.4057260e+00
  -6.5071478e+00
  -6.6242860e+00
  -6.7612983e+00
  -6.9148686e+00
  -7.0788040e+00
  -7.2468707e+00
  -7.4138405e+00
  -7.5757084e+00
  -7.7297896e+00
  -7.8750288e+00
  -8.0124864e+00
  -8.1455682e+00
  -8.2793945e+00
  -8.4191884e+00
  -8.5684431e+00
  -8.7278837e+00
  -8.8955309e+00
  -9.0674437e+00
  -9.2386385e+00
  -9.4040118e+00
  -9.5593723e+00
  -9.7026656e+00
  -9.8350868e+00
  -9.9612151e+00
  -1.0087420e+01
  -1.0219123e+01
  -1.0358722e+01
  -1.0505315e+01
  -1.0655873e+01
  -1.0806888e+01
  -1.0955887e+01
  -1.1102489e+01
  -1.1248639e+01
  -1.1397795e+01
  -1.1553341e+01
  -1.1717120e+01
  -1.1888818e+01
  -1.2066263e+01
  -1.2246230e+01
  -1.2425372e+01
  -1.2601106e+01
  -1.2772339e+01
  -1.2939843e+01
  -1.3106000e+01
  -1.3273862e+01
  -1.3445890e+01
  -1.3623026e+01
  -1.3804450e+01
  -1.3987990e+01
  -1.4170867e+01
  -1.4350577e+01
  -1.4525739e+01
  -1.4696742e+01
  -1.4865863e+01
  -1.5036648e+01
  -1.5212694e+01
  -1.5396455e+01
  -1.5588647e+01
  -1.5788355e+01
  -1.5993566e+01
  -1.6201793e+01
  -1.6410617e+01
  -1.6618096e+01
  -1.6823028e+01
  -1.7025034e+01
  -1.7224436e+01
  -1.7421916e+01
  -1.7618045e+01
  -1.7812858e+01
  -1.8005619e+01
  -1.8194878e+01
  -1.8378844e+01
  -1.8556031e+01
  -1.8726073e+01
  -1.8890418e+01
  -1.9052444e+01
  -1.9216664e+01
  -1.9387238e+01
  -1.9566592e+01
  -1.9754817e+01
  -1.9949877e+01
  -2.0148206e+01
  -2.0345354e+01
  -2.0536585e+01
  -2.0717530e+01
  -2.0885091e+01
  -2.1038574e+01
  -2.1180606e+01
  -2.1316922e+01
  -2.1454504e+01
  -2.1598968e+01
  -2.1752918e+01
  -2.1915993e+01
  -2.2085990e+01
  -2.2260125e+01
  -2.2435954e+01
  -2.2611861e+01
  -2.2787116e+01
  -2.2961591e+01
  -2.3135248e+01
  -2.3307593e+01
  -2.3477332e+01
  -2.3642354e+01
  -2.3800133e+01
  -2.3948565e+01
  -2.4087111e+01
  -2.4217856e+01
  -2.4345665e+01
  -2.4476834e+01
  -2.4616774e+01
  -2.4768196e+01
  -2.4930737e+01
  -2.5101728e+01
  -2.5277311e+01
  -2.5453422e+01
  -2.5626552e+01
  -2.5794376e+01
  -2.5956210e+01
  -2.6113155e+01
  -2.6267714e+01
  -2.6422897e+01
  -2.6581175e+01
  -2.6743790e+01
  -2.6910647e+01
  -2.7080684e+01
  -2.7252438e+01
  -2.7424562e+01
  -2.7596177e+01
  -2.7766986e+01
  -2.7937163e+01
  -2.8107084e+01
  -2.8277017e+01
  -2.8446906e+01
  -2.8616333e+01
  -2.8784666e+01
  -2.8951318e+01
  -2.9116021e+01
  -2.9278995e+01
  -2.9440946e+01
  -2.9602860e+01
  -2.9765695e+01
  -2.9930110e+01
  -3.0096358e+01
  -3.0264388e+01
  -3.0434091e+01
  -3.0605575e+01
  -3.0779331e+01
  -3.0956212e+01
  -3.1137213e+01
  -3.1323132e+01
  -3.1514262e+01
  -3.1710217e+01
  -3.1909944e+01
  -3.2111869e+01
  -3.2314155e+01
  -3.2514996e+01
  -3.2712951e+01
  -3.2907237e+01
  -3.3097930e+01
  -3.3285964e+01
  -3.3472848e+01
  -3.3660171e+01
  -3.3849044e+01
  -3.4039716e+01
  -3.4231463e+01
  -3.4422761e+01
  -3.4611663e+01
  -3.4796300e+01
  -3.4975421e+01
  -3.5148863e+01
  -3.5317756e+01
  -3.5484261e+01
  -3.5650844e+01
  -3.5819364e+01
  -3.5990407e+01
  -3.6163130e+01
  -3.6335606e+01
  -3.6505486e+01
  -3.6670821e+01
  -3.6830852e+01
  -3.6986499e+01
  -3.7140228e+01
  -3.7295143e+01
  -3.7453669e+01
  -3.7616497e+01
  -3.7782239e+01
  -3.7947788e+01
  -3.8109142e+01
  -3.8262525e+01
  -3.8405744e+01
  -3.8539476e+01
  -3.8667691e+01
  -3.8796407e+01
  -3.8931075e+01
  -3.9074273e+01
  -3.9225048e+01
  -3.9379775e+01
  -3.9533663e+01
  -3.9682358e+01
  -3.9823448e+01
  -3.9957572e+01
  -4.0088424e+01
  -4.0221170e+01
  -4.0359937e+01
  -4.0505970e+01
  -4.0657384e+01
  -4.0810216e+01
  -4.0960033e+01
  -4.1103655e+01
  -4.1240674e+01
  -4.1374064e+01
  -4.1509124e+01
  -4.1650930e+01
  -4.1801866e+01
  -4.1960661e+01
  -4.2122982e+01
  -4.2282778e+01
  -4.2433959e+01
  -4.2572448e+01
  -4.2698465e+01
  -4.2817752e+01
  -4.2939754e+01
  -4.3072974e+01
  -4.3220982e+01
  -4.3381678e+01
  -4.3548947e+01
  -4.3714773e+01
  -4.3871181e+01
  -4.4012430e+01
  -4.4137767e+01
  -4.4253367e+01
  -4.4370568e+01
  -4.4500017e+01
  -4.4646343e+01
  -4.4807259e+01
  -4.4975831e+01
  -4.5143166e+01
  -4.5300681e+01
  -4.5442567e+01
  -4.5568729e+01
  -4.5686507e+01
  -4.5808048e+01
  -4.5943707e+01
  -4.6096971e+01
  -4.6264282e+01
  -4.6437672e+01
  -4.6607462e+01
  -4.6764539e+01
  -4.6903147e+01
  -4.7024385e+01
  -4.7137918e+01
  -4.7257983e+01
  -4.7395214e+01
  -4.7551621e+01
  -4.7721474e+01
  -4.7894545e+01
  -4.8058803e+01
  -4.8202896e+01
  -4.8320310e+01
  -4.8415466e+01
  -4.8505920e+01
  -4.8613087e+01
  -4.8748620e+01
  -4.8910689e+01
  -4.9088890e+01
  -4.9269192e+01
  -4.9436349e+01
  -4.9576011e+01
  -4.9680124e+01
  -4.9756427e+01
  -4.9831275e+01
  -4.9932953e+01
  -5.0072444e+01
  -5.0243245e+01
  -5.0430676e+01
  -5.0617744e+01
  -5.0787120e+01
  -5.0923571e+01
  -5.1021516e+01
  -5.1096293e+01
  -5.1181538e+01
  -5.1304281e+01
  -5.1468713e+01
  -5.1662843e+01
  -5.1868707e+01
  -5.2066156e+01
  -5.2233124e+01
  -5.2349005e+01
  -5.2410671e+01
  -5.2454551e+01
  -5.2537199e+01
  -5.2684312e+01
  -5.2886446e+01
  -5.3122655e+01
  -5.3371880e+01
  -5.3612864e+01
  -5.3819848e+01
  -5.3958851e+01
  -5.4000830e+01
  -5.3980695e+01
  -5.4010510e+01
  -5.4148796e+01
  -5.4376309e+01
  -5.4661075e+01
  -5.4981023e+01
  -5.5322802e+01
  -5.5678068e+01
  -5.6040533e+01
  -5.6398639e+01
  -5.3690158e+01
  -5.4030937e+01
  -5.4385224e+01
  -5.4685942e+01
  -5.2897517e+01
  -5.2576948e+01
  -5.2896667e+01
  -5.3245832e+01
  -5.3595400e+01
  -5.3934422e+01
  -5.4251645e+01
  -5.4528095e+01
  -5.4724631e+01
  -5.4760719e+01
  -5.4572167e+01
  -5.4391488e+01
  -5.4423614e+01
  -5.4591210e+01
  -5.4813394e+01
  -5.5046291e+01
  -5.5260736e+01
  -5.5430804e+01
  -5.5535328e+01
  -5.5578780e+01
  -5.5612076e+01
  -5.5693911e+01
  -5.5839166e+01
  -5.6030578e+01
  -5.6244617e+01
  -5.6459772e+01
  -5.6656070e+01
  -5.6814513e+01
  -5.6922357e+01
  -5.6987733e+01
  -5.7047566e+01
  -5.7141704e+01
  -5.7282818e+01
  -5.7460469e+01
  -5.7656938e+01
  -5.7854830e+01
  -5.8038833e+01
  -5.8197103e+01
  -5.8325227e+01
  -5.8431553e+01
  -5.8536092e+01
  -5.8658323e+01
  -5.8805617e+01
  -5.8973071e+01
  -5.9149351e+01
  -5.9321336e+01
  -5.9476955e+01
  -5.9608462e+01
  -5.9717161e+01
  -5.9815996e+01
  -5.9923647e+01
  -6.0052982e+01
  -6.0205482e+01
  -6.0374107e+01
  -6.0548155e+01
  -6.0716518e+01
  -6.0869948e+01
  -6.1003807e+01
  -6.1121204e+01
  -6.1233390e+01
  -6.1354349e+01
  -6.1493024e+01
  -6.1650046e+01
  -6.1819732e+01
  -6.1993475e+01
  -6.2162324e+01
  -6.2318976e+01
  -6.2459958e+01
  -6.2587689e+01
  -6.2710423e+01
  -6.2838455e+01
  -6.2978729e+01
  -6.3132102e+01
  -6.3294249e+01
  -6.3458127e+01
  -6.3616354e+01
  -6.3763399e+01
  -6.3897750e+01
  -6.4023311e+01
  -6.4148275e+01
  -6.4281130e+01
  -6.4426522e+01
  -6.4583891e+01
  -6.4748758e+01
  -6.4914856e+01
  -6.5076086e+01
  -6.5228237e+01
  -6.5370522e+01
  -6.5506276e+01
  -6.5641824e+01
  -6.5783571e+01
  -6.5935141e+01
  -6.6096351e+01
  -6.6264007e+01
  -6.6433454e+01
  -6.6600092e+01
  -6.6760692e+01
  -6.6914428e+01
  -6.7063275e+01
  -6.7211302e+01
  -6.7362918e+01
  -6.7520998e+01
  -6.7685934e+01
  -6.7855864e+01
  -6.8027612e+01
  -6.8197808e+01
  -6.8363940e+01
  -6.8525159e+01
  -6.8682616e+01
  -6.8839043e+01
  -6.8997606e+01
  -6.9160561e+01
  -6.9328423e+01
  -6.9499913e+01
  -6.9672544e+01
  -6.9843482e+01
  -7.0010454e+01
  -7.0172539e+01
  -7.0330588e+01
  -7.0487020e+01
  -7.0644919e+01
  -7.0806826e+01
  -7.0973855e+01
  -7.1145497e+01
  -7.1320046e+01
  -7.1495330e+01
  -7.1669477e+01
  -7.1841527e+01
  -7.2011743e+01
  -7.2181468e+01
  -7.2352554e+01
  -7.2526561e+01
  -7.2704111e+01
  -7.2884634e+01
  -7.3066537e+01
  -7.3247662e+01
  -7.3425866e+01
  -7.3599613e+01
  -7.3768417e+01
  -7.3932987e+01
  -7.4094902e+01
  -7.4255863e+01
  -7.4416829e+01
  -7.4577437e+01
  -7.4735945e+01
  -7.4889716e+01
  -7.5036136e+01
  -7.5173798e+01
  -7.5303591e+01
  -7.5429037e+01
  -7.5555291e+01
  -7.5687107e+01
  -7.5827036e+01
  -7.5974881e+01
  -7.6128384e+01
  -7.6284455e+01
  -7.6440402e+01
  -7.6594875e+01
  -7.6748307e+01
  -7.6902659e+01
  -7.7060502e+01
  -7.7223844e+01
  -7.7393305e+01
  -7.7567940e+01
  -7.7745648e+01
  -7.7923858e+01
  -7.8100290e+01
  -7.8273626e+01
  -7.8443934e+01
  -7.8612641e+01
  -7.8781963e+01
  -7.8953958e+01
  -7.9129643e+01
  -7.9308546e+01
  -7.9488788e+01
  -7.9667579e+01
  -7.9841927e+01
  -8.0009482e+01
  -8.0169368e+01
  -8.0322716e+01
  -8.0472476e+01
  -8.0622341e+01
  -8.0775220e+01
  -8.0932100e+01
  -8.1091846e+01
  -8.1251843e+01
  -8.1409096e+01
  -8.1561482e+01
  -8.1708802e+01
  -8.1853201e+01
  -8.1998476e+01
  -8.2148440e+01
  -8.2305220e+01
  -8.2468438e+01
  -8.2635480e+01
  -8.2802452e+01
  -8.2965428e+01
  -8.3121796e+01
  -8.3271458e+01
  -8.3417308e+01
  -8.3564311e+01
  -8.3717350e+01
  -8.3879060e+01
  -8.4048899e+01
  -8.4223561e+01
  -8.4398088e+01
  -8.4567201e+01
  -8.4726794e+01
  -8.4875553e+01
  -8.5016148e+01
  -8.5154787e+01
  -8.5298612e+01
  -8.5452367e+01
  -8.5616597e+01
  -8.5787977e+01
  -8.5960765e+01
  -8.6128485e+01
  -8.6285712e+01
  -8.6430112e+01
  -8.6564234e+01
  -8.6695413e+01
  -8.6832606e+01
  -8.6981913e+01
  -8.7144078e+01
  -8.7314910e+01
  -8.7487110e+01
  -8.7652197e+01
  -8.7802589e+01
  -8.7934461e+01
  -8.8050971e+01
  -8.8162872e+01
  -8.8283571e+01
  -8.8421669e+01
  -8.8577520e+01
  -8.8744867e+01
  -8.8914049e+01
  -8.9074698e+01
  -8.9218418e+01
  -8.9342441e+01
  -8.9453127e+01
  -8.9564797e+01
  -8.9691768e+01
  -8.9840328e+01
  -9.0007399e+01
  -9.0183830e+01
  -9.0357779e+01
  -9.0517138e+01
  -9.0652596e+01
  -9.0762843e+01
  -9.0859353e+01
  -9.0962755e+01
  -9.1089890e+01
  -9.1244919e+01
  -9.1421153e+01
  -9.1606537e+01
  -9.1787171e+01
  -9.1949199e+01
  -9.2081765e+01
  -9.2183366e+01
  -9.2268335e+01
  -9.2362026e+01
  -9.2483588e+01
  -9.2635767e+01
  -9.2808830e+01
  -9.2987499e+01
  -9.3154622e+01
  -9.3293529e+01
  -9.3393817e+01
  -9.3462772e+01
  -9.3530083e+01
  -9.3628204e+01
  -9.3769018e+01
  -9.3944542e+01
  -9.4138423e+01
  -9.4332333e+01
  -9.4507506e+01
  -9.4646571e+01
  -9.4741480e+01
  -9.4807686e+01
  -9.4883645e+01
  -9.5001206e+01
  -9.5165367e+01
  -9.5363096e+01
  -9.5576064e+01
  -9.5785232e+01
  -9.5971050e+01
  -9.6114893e+01
  -9.6208188e+01
  -9.6269583e+01
  -9.6343470e+01
  -9.6463593e+01
  -9.6632284e+01
  -9.6833539e+01
  -9.7047101e+01
  -9.7252594e+01
  -9.7429626e+01
  -9.7560714e+01
  -9.7643724e+01
  -9.7707679e+01
  -9.7798920e+01
  -9.7942292e+01
  -9.8132904e+01
  -9.8352960e+01
  -9.8582468e+01
  -9.8800499e+01
  -9.8982945e+01
  -9.9103188e+01
  -9.9149217e+01
  -9.9160743e+01
  -9.9214714e+01
  -9.9346581e+01
  -9.9542156e+01
  -9.9774467e+01
  -1.0001873e+02
  -1.0025139e+02
  -1.0044564e+02
  -1.0057098e+02
  -1.0061413e+02
  -1.0062634e+02
  -1.0069757e+02
  -1.0085942e+02
  -1.0109038e+02
  -1.0136087e+02
  -1.0164606e+02
  -1.0192265e+02
  -1.0216183e+02
  -1.0232231e+02
  -1.0236445e+02
  -1.0233510e+02
  -1.0238009e+02
  -1.0255291e+02
  -1.0281623e+02
  -1.0312962e+02
  -1.0346604e+02
  -1.0380498e+02
  -1.0412313e+02
  -1.0437798e+02
  -1.0446551e+02
  -1.0422158e+02
  -1.0397540e+02
  -1.0406337e+02
  -1.0432285e+02
  -1.0464924e+02
  -1.0499991e+02
  -1.0535039e+02
  -1.0567372e+02
  -1.0591369e+02
  -1.0591048e+02
  -1.0551374e+02
  -1.0537154e+02
  -1.0557161e+02
  -1.0590176e+02
  -1.0628410e+02
  -1.0668913e+02
  -1.0710079e+02
  -1.0750455e+02
  -1.0787900e+02
  -1.0818061e+02
  -1.0831025e+02
  -1.0816295e+02
  -1.0804549e+02
  -1.0819815e+02
  -1.0849801e+02
  -1.0885591e+02
  -1.0923218e+02
  -1.0960496e+02
  -1.0995530e+02
  -1.1025611e+02
  -1.1045511e+02
  -1.1046153e+02
  -1.1029360e+02
  -1.1024556e+02
  -1.1039475e+02
  -1.1064898e+02
  -1.1094688e+02
  -1.1125548e+02
  -1.1155046e+02
  -1.1180281e+02
  -1.1196571e+02
  -1.1197622e+02
  -1.1186589e+02
  -1.1183847e+02
  -1.1196846e+02
  -1.1219741e+02
  -1.1247262e+02
  -1.1276150e+02
  -1.1303878e+02
  -1.1327554e+02
  -1.1343004e+02
  -1.1345776e+02
  -1.1339716e+02
  -1.1340138e+02
  -1.1353340e+02
  -1.1375376e+02
  -1.1401787e+02
  -1.1429465e+02
  -1.1455873e+02
  -1.1478156e+02
  -1.1492534e+02
  -1.1495759e+02
  -1.1492124e+02
  -1.1494096e+02
  -1.1506842e+02
  -1.1527354e+02
  -1.1551745e+02
  -1.1577057e+02
  -1.1600755e+02
  -1.1620064e+02
  -1.1631845e+02
  -1.1634761e+02
  -1.1634148e+02
  -1.1639141e+02
  -1.1652700e+02
  -1.1672452e+02
  -1.1695269e+02
  -1.1718484e+02
  -1.1739573e+02
  -1.1755707e+02
  -1.1764116e+02
  -1.1765080e+02
  -1.1765377e+02
  -1.1772412e+02
  -1.1787180e+02
  -1.1807066e+02
  -1.1829246e+02
  -1.1851351e+02
  -1.1871251e+02
  -1.1886997e+02
  -1.1897566e+02
  -1.1904530e+02
  -1.1912229e+02
  -1.1924308e+02
  -1.1941281e+02
  -1.1961665e+02
  -1.1983473e+02
  -1.2004702e+02
  -1.2023337e+02
  -1.2037525e+02
  -1.2046599e+02
  -1.2052780e+02
  -1.2060628e+02
  -1.2073242e+02
  -1.2090612e+02
  -1.2111114e+02
  -1.2132847e+02
  -1.2154002e+02
  -1.2172862e+02
  -1.2187962e+02
  -1.2198803e+02
  -1.2206943e+02
  -1.2215718e+02
  -1.2227814e+02
  -1.2243694e+02
  -1.2262276e+02
  -1.2281987e+02
  -1.2301254e+02
  -1.2318689e+02
  -1.2333360e+02
  -1.2345333e+02
  -1.2356084e+02
  -1.2367865e+02
  -1.2382253e+02
  -1.2399443e+02
  -1.2418631e+02
  -1.2438598e+02
  -1.2458040e+02
  -1.2475741e+02
  -1.2490861e+02
  -1.2503441e+02
  -1.2514797e+02
  -1.2527025e+02
  -1.2541698e+02
  -1.2559129e+02
  -1.2578644e+02
  -1.2599126e+02
  -1.2619350e+02
  -1.2638153e+02
  -1.2654658e+02
  -1.2668685e+02
  -1.2681156e+02
  -1.2693881e+02
  -1.2708505e+02
  -1.2725638e+02
  -1.2744871e+02
  -1.2765246e+02
  -1.2785621e+02
  -1.2804867e+02
  -1.2822074e+02
  -1.2836886e+02
  -1.2849917e+02
  -1.2862728e+02
  -1.2877006e+02
  -1.2893623e+02
  -1.2912428e+02
  -1.2932612e+02
  -1.2953082e+02
  -1.2972670e+02
  -1.2990291e+02
  -1.3005244e+02
  -1.3017718e+02
  -1.3029122e+02
  -1.3041495e+02
  -1.3056258e+02
  -1.3073593e+02
  -1.3092741e+02
  -1.3112507e+02
  -1.3131555e+02
  -1.3148602e+02
  -1.3162767e+02
  -1.3174219e+02
  -1.3184637e+02
  -1.3196461e+02
  -1.3211275e+02
  -1.3229138e+02
  -1.3249078e+02
  -1.3269699e+02
  -1.3289466e+02
  -1.3306843e+02
  -1.3320659e+02
  -1.3330959e+02
  -1.3339805e+02
  -1.3350329e+02
  -1.3364436e+02
  -1.3382003e+02
  -1.3401704e+02
  -1.3421803e+02
  -1.3440440e+02
  -1.3455785e+02
  -1.3466637e+02
  -1.3473786e+02
  -1.3480667e+02
  -1.3490971e+02
  -1.3505890e+02
  -1.3524407e+02
  -1.3544687e+02
  -1.3564737e+02
  -1.3582474e+02
  -1.3595852e+02
  -1.3603802e+02
  -1.3608210e+02
  -1.3613938e+02
  -1.3624707e+02
  -1.3640718e+02
  -1.3660207e+02
  -1.3681018e+02
  -1.3700985e+02
  -1.3717873e+02
  -1.3729625e+02
  -1.3735847e+02
  -1.3739946e+02
  -1.3747447e+02
  -1.3761025e+02
  -1.3779841e+02
  -1.3801810e+02
  -1.3824809e+02
  -1.3846786e+02
  -1.3865606e+02
  -1.3879270e+02
  -1.3887336e+02
  -1.3893095e+02
  -1.3902080e+02
  -1.3917119e+02
  -1.3937489e+02
  -1.3961158e+02
  -1.3986044e+02
  -1.4010122e+02
  -1.4031194e+02
  -1.4046830e+02
  -1.4055465e+02
  -1.4059396e+02
  -1.4065226e+02
  -1.4077585e+02
  -1.4096189e+02
  -1.4118674e+02
  -1.4142569e+02
  -1.4165525e+02
  -1.4184990e+02
  -1.4198136e+02
  -1.4203445e+02
  -1.4204674e+02
  -1.4209896e+02
  -1.4223069e+02
  -1.4242796e+02
  -1.4266275e+02
  -1.4290938e+02
  -1.4314293e+02
  -1.4333280e+02
  -1.4343825e+02
  -1.4343181e+02
  -1.4337962e+02
  -1.4340986e+02
  -1.4355327e+02
  -1.4377239e+02
  -1.4402944e+02
  -1.4429601e+02
  -1.4454520e+02
  -1.4474106e+02
  -1.4482947e+02
  -1.4477399e+02
  -1.4468839e+02
  -1.4473505e+02
  -1.4491140e+02
  -1.4515935e+02
  -1.4543610e+02
  -1.4570986e+02
  -1.4594612e+02
  -1.4609364e+02
  -1.4609274e+02
  -1.4599669e+02
  -1.4600305e+02
  -1.4616203e+02
  -1.4641458e+02
  -1.4671200e+02
  -1.4702405e+02
  -1.4732670e+02
  -1.4759036e+02
  -1.4776416e+02
  -1.4776847e+02
  -1.4762183e+02
  -1.4757632e+02
  -1.4771660e+02
  -1.4796621e+02
  -1.4826707e+02
  -1.4858726e+02
  -1.4890397e+02
  -1.4918914e+02
  -1.4938474e+02
  -1.4934249e+02
  -1.4897280e+02
  -1.4882357e+02
  -1.4897606e+02
  -1.4925083e+02
  -1.4957186e+02
  -1.4990591e+02
  -1.5022866e+02
  -1.5050450e+02
  -1.5064863e+02
  -1.5047106e+02
  -1.5013707e+02
  -1.5016240e+02
  -1.5041113e+02
  -1.5074872e+02
  -1.5112531e+02
  -1.5151911e+02
  -1.5191592e+02
  -1.5229933e+02
  -1.5263595e+02
  -1.5282223e+02
  -1.5252351e+02
  -1.5209885e+02
  -1.5223146e+02
  -1.5257044e+02
  -1.5298039e+02
  -1.5342394e+02
  -1.5389080e+02
  -1.5438581e+02
  -1.5494510e+02
  -1.5580573e+02
  -1.5786526e+02
  -1.5880364e+02
  -1.5936597e+02
  -1.5985125e+02
  -1.6030206e+02
  -1.6072354e+02
  -1.6109999e+02
  -1.6136193e+02
  -1.6116315e+02
  -1.6044023e+02
  -1.6049328e+02
  -1.6081319e+02
  -1.6120901e+02
  -1.6163843e+02
  -1.6208929e+02
  -1.6255898e+02
  -1.6305017e+02
  -1.6357181e+02
  -1.6414763e+02
  -1.6485994e+02
  -1.6615555e+02
  -1.6794389e+02
  -1.6887546e+02
  -1.6961245e+02
  -1.7030518e+02
  -1.7097298e+02
  -1.7161390e+02
  -1.7222794e+02
  -1.7282224e+02
  -1.7341257e+02
  -1.7403282e+02
  -1.7478534e+02
  -1.7604088e+02
  -1.7747267e+02
  -1.7827874e+02
  -1.7886907e+02
  -1.7938715e+02
  -1.7987129e+02
  -1.8033347e+02
  -1.8077304e+02
  -1.8116363e+02
  -1.8114484e+02
  -1.7939416e+02
  -1.7968313e+02
  -1.8009374e+02
  -1.8052937e+02
  -1.8097485e+02
  -1.8142524e+02
  -1.8187742e+02
  -1.8232661e+02
  -1.8275997e+02
  -1.8311984e+02
  -1.8257071e+02
  -1.8153273e+02
  -1.8187528e+02
  -1.8232494e+02
  -1.8280042e+02
  -1.8328326e+02
  -1.8376489e+02
  -1.8423843e+02
  -1.8469447e+02
  -1.8511007e+02
  -1.8537383e+02
  -1.8428174e+02
  -1.8388255e+02
  -1.8419947e+02
  -1.8459466e+02
  -1.8500655e+02
  -1.8541893e+02
  -1.8582258e+02
  -1.8620466e+02
  -1.8652918e+02
  -1.8660451e+02
  -1.8548665e+02
  -1.8529415e+02
  -1.8556577e+02
  -1.8591413e+02
  -1.8628029e+02
  -1.8664269e+02
  -1.8698092e+02
  -1.8725198e+02
  -1.8731267e+02
  -1.8682098e+02
  -1.8649844e+02
  -1.8664855e+02
  -1.8694821e+02
  -1.8729866e+02
  -1.8766701e+02
  -1.8803481e+02
  -1.8837891e+02
  -1.8863626e+02
  -1.8849518e+02
  -1.8763942e+02
  -1.8762688e+02
  -1.8792238e+02
  -1.8829428e+02
  -1.8869229e+02
  -1.8909695e+02
  -1.8949325e+02
  -1.8985733e+02
  -1.9012416e+02
  -1.9004060e+02
  -1.8942029e+02
  -1.8937260e+02
  -1.8964489e+02
  -1.9000454e+02
  -1.9039038e+02
  -1.9077751e+02
  -1.9114568e+02
  -1.9145910e+02
  -1.9160702e+02
  -1.9122641e+02
  -1.9076514e+02
  -1.9086695e+02
  -1.9115488e+02
  -1.9149956e+02
  -1.9186231e+02
  -1.9222523e+02
  -1.9257313e+02
  -1.9288195e+02
  -1.9309340e+02
  -1.9304170e+02
  -1.9262582e+02
  -1.9248792e+02
  -1.9266116e+02
  -1.9294984e+02
  -1.9328071e+02
  -1.9362246e+02
  -1.9395039e+02
  -1.9421882e+02
  -1.9426290e+02
  -1.9360807e+02
  -1.9328742e+02
  -1.9347415e+02
  -1.9379080e+02
  -1.9414870e+02
  -1.9451819e+02
  -1.9487986e+02
  -1.9520553e+02
  -1.9542252e+02
  -1.9529940e+02
  -1.9482277e+02
  -1.9480637e+02
  -1.9507581e+02
  -1.9544333e+02
  -1.9585242e+02
  -1.9628293e+02
  -1.9672645e+02
  -1.9718064e+02
  -1.9765325e+02
  -1.9826063e+02
  -1.9517332e+02
  -1.9570781e+02
  -1.9616027e+02
  -1.9658998e+02
  -1.9700011e+02
  -1.9738337e+02
  -1.9771883e+02
  -1.9794614e+02
  -1.9787508e+02
  -1.9740447e+02
  -1.9728614e+02
  -1.9747417e+02
  -1.9776237e+02
  -1.9808141e+02
  -1.9840205e+02
  -1.9870370e+02
  -1.9896214e+02
  -1.9914145e+02
  -1.9920135e+02
  -1.9916711e+02
  -1.9917558e+02
  -1.9930390e+02
  -1.9952453e+02
  -1.9979520e+02
  -2.0008493e+02
  -2.0036769e+02
  -2.0061021e+02
  -2.0075263e+02
  -2.0070126e+02
  -2.0051151e+02
  -2.0048015e+02
  -2.0064305e+02
  -2.0090703e+02
  -2.0121513e+02
  -2.0153544e+02
  -2.0184109e+02
  -2.0209234e+02
  -2.0220485e+02
  -2.0204790e+02
  -2.0181612e+02
  -2.0185558e+02
  -2.0207789e+02
  -2.0237624e+02
  -2.0270167e+02
  -2.0302702e+02
  -2.0332806e+02
  -2.0357005e+02
  -2.0369304e+02
  -2.0363739e+02
  -2.0352152e+02
  -2.0355793e+02
  -2.0374166e+02
  -2.0400195e+02
  -2.0429361e+02
  -2.0458857e+02
  -2.0486204e+02
  -2.0508091e+02
  -2.0519363e+02
  -2.0515702e+02
  -2.0506727e+02
  -2.0509899e+02
  -2.0526492e+02
  -2.0550793e+02
  -2.0578530e+02
  -2.0606843e+02
  -2.0633123e+02
  -2.0653904e+02
  -2.0664069e+02
  -2.0660479e+02
  -2.0654117e+02
  -2.0660382e+02
  -2.0679397e+02
  -2.0705853e+02
  -2.0735877e+02
  -2.0766908e+02
  -2.0796714e+02
  -2.0822464e+02
  -2.0839732e+02
  -2.0843303e+02
  -2.0837095e+02
  -2.0838607e+02
  -2.0854343e+02
  -2.0879521e+02
  -2.0909416e+02
  -2.0941004e+02
  -2.0971987e+02
  -2.0999814e+02
  -2.1020542e+02
  -2.1028061e+02
  -2.1020329e+02
  -2.1013922e+02
  -2.1023075e+02
  -2.1044275e+02
  -2.1071623e+02
  -2.1101394e+02
  -2.1130975e+02
  -2.1157536e+02
  -2.1176369e+02
  -2.1178890e+02
  -2.1161530e+02
  -2.1150284e+02
  -2.1160436e+02
  -2.1183705e+02
  -2.1213085e+02
  -2.1244935e+02
  -2.1276803e+02
  -2.1305669e+02
  -2.1324612e+02
  -2.1312310e+02
  -2.1261702e+02
  -2.1252957e+02
  -2.1274523e+02
  -2.1306317e+02
  -2.1341921e+02
  -2.1378568e+02
  -2.1413964e+02
  -2.1444097e+02
  -2.1457474e+02
  -2.1426157e+02
  -2.1393770e+02
  -2.1407715e+02
  -2.1440061e+02
  -2.1478877e+02
  -2.1520154e+02
  -2.1562012e+02
  -2.1603067e+02
  -2.1641565e+02
  -2.1673862e+02
  -2.1689058e+02
  -2.1658217e+02
  -2.1621162e+02
  -2.1631679e+02
  -2.1660801e+02
  -2.1696061e+02
  -2.1733441e+02
  -2.1771048e+02
  -2.1807116e+02
  -2.1837789e+02
  -2.1845039e+02
  -2.1745256e+02
  -2.1718808e+02
  -2.1743719e+02
  -2.1777816e+02
  -2.1814369e+02
  -2.1851045e+02
  -2.1885744e+02
  -2.1913568e+02
  -2.1912145e+02
  -2.1824737e+02
  -2.1808709e+02
  -2.1834689e+02
  -2.1870396e+02
  -2.1909660e+02
  -2.1950629e+02
  -2.1992466e+02
  -2.2034471e+02
  -2.2075197e+02
  -2.2107574e+02
  -2.1985652e+02
  -2.1937057e+02
  -2.1976309e+02
  -2.2023678e+02
  -2.2074758e+02
  -2.2129110e+02
  -2.2187657e+02
  -2.2253577e+02
  -2.2337229e+02
  -2.2463173e+02
  -2.2592629e+02
  -2.2678396e+02
  -2.2744884e+02
  -2.2803810e+02
  -2.2859077e+02
  -2.2912402e+02
  -2.2964956e+02
  -2.3018257e+02
  -2.3076304e+02
  -2.3162870e+02
  -2.3380879e+02
  -2.3473416e+02
  -2.3530084e+02
  -2.3580016e+02
  -2.3627521e+02
  -2.3673864e+02
  -2.3719590e+02
  -2.3765036e+02
  -2.3810668e+02
  -2.3867646e+02
  -2.3583441e+02
  -2.3629371e+02
  -2.3674953e+02
  -2.3720798e+02
  -2.3767217e+02
  -2.3814631e+02
  -2.3863920e+02
  -2.3917759e+02
  -2.3992188e+02
  -2.4230501e+02
  -2.4331962e+02
  -2.4392581e+02
  -2.4448871e+02
  -2.4505227e+02
  -2.4563036e+02
  -2.4622987e+02
  -2.4685548e+02
  -2.4751391e+02
  -2.4822479e+02
  -2.4905257e+02
  -2.5016294e+02
  -2.5146887e+02
  -2.5244104e+02
  -2.5315983e+02
  -2.5377017e+02
  -2.5432882e+02
  -2.5486021e+02
  -2.5537812e+02
  -2.5589444e+02
  -2.5642825e+02
  -2.5704258e+02
  -2.5828035e+02
  -2.6031970e+02
  -2.6104046e+02
  -2.6159151e+02
  -2.6211013e+02
  -2.6263035e+02
  -2.6318275e+02
  -2.6385592e+02
  -2.6518835e+02
  -2.6689271e+02
  -2.6766383e+02
  -2.6825375e+02
  -2.6880232e+02
  -2.6934174e+02
  -2.6988346e+02
  -2.7043189e+02
  -2.7098726e+02
  -2.7154604e+02
  -2.7210051e+02
  -2.7263578e+02
  -2.7309867e+02
  -2.7163871e+02
  -2.7133144e+02
  -2.7177306e+02
  -2.7224188e+02
  -2.7270817e+02
  -2.7316578e+02
  -2.7361191e+02
  -2.7404263e+02
  -2.7444823e+02
  -2.7479724e+02
  -2.7493222e+02
  -2.7399953e+02
  -2.7369113e+02
  -2.7396005e+02
  -2.7433071e+02
  -2.7473364e+02
  -2.7515089e+02
  -2.7557595e+02
  -2.7600569e+02
  -2.7643614e+02
  -2.7414190e+02
  -2.7420262e+02
  -2.7464780e+02
  -2.7510296e+02
  -2.7556735e+02
  -2.7604361e+02
  -2.7653759e+02
  -2.7706295e+02
  -2.7766105e+02
  -2.7852794e+02
  -2.8032768e+02
  -2.8147211e+02
  -2.8214984e+02
  -2.8273216e+02
  -2.8328264e+02
  -2.8381577e+02
  -2.8433257e+02
  -2.8482664e+02
  -2.8527982e+02
  -2.8563135e+02
  -2.8555176e+02
  -2.8470675e+02
  -2.8476720e+02
  -2.8511292e+02
  -2.8552305e+02
  -2.8595404e+02
  -2.8639312e+02
  -2.8683610e+02
  -2.8728277e+02
  -2.8773858e+02
  -2.8824801e+02
  -2.8519741e+02
  -2.8579691e+02
  -2.8625452e+02
  -2.8669543e+02
  -2.8712918e+02
  -2.8755672e+02
  -2.8797497e+02
  -2.8837287e+02
  -2.8870395e+02
  -2.8851305e+02
  -2.8716204e+02
  -2.8737029e+02
  -2.8775588e+02
  -2.8818373e+02
  -2.8863117e+02
  -2.8909182e+02
  -2.8956353e+02
  -2.9004539e+02
  -2.9053551e+02
  -2.9101427e+02
  -2.8846984e+02
  -2.8897552e+02
  -2.8950963e+02
  -2.9005390e+02
  -2.9060401e+02
  -2.9115754e+02
  -2.9171410e+02
  -2.9227680e+02
  -2.9285554e+02
  -2.9347691e+02
  -2.9422113e+02
  -2.9533328e+02
  -2.9671374e+02
  -2.9762896e+02
  -2.9829561e+02
  -2.9888258e+02
  -2.9944933e+02
  -3.0003439e+02
  -3.0070027e+02
  -3.0162416e+02
  -3.0298304e+02
  -3.0403835e+02
  -3.0474704e+02
  -3.0534073e+02
  -3.0590088e+02
  -3.0646659e+02
  -3.0707894e+02
  -3.0782006e+02
  -3.0884720e+02
  -3.1001901e+02
  -3.1089894e+02
  -3.1157532e+02
  -3.1217906e+02
  -3.1277725e+02
  -3.1343427e+02
  -3.1427973e+02
  -3.1546684e+02
  -3.1654982e+02
  -3.1729785e+02
  -3.1789380e+02
  -3.1842794e+02
  -3.1893515e+02
  -3.1943336e+02
  -3.1994113e+02
  -3.2053100e+02
  -3.2331043e+02
  -3.2426269e+02
  -3.2479482e+02
  -3.2529537e+02
  -3.2579293e+02
  -3.2629763e+02
  -3.2681854e+02
  -3.2737111e+02
  -3.2799467e+02
  -3.2883084e+02
  -3.3028321e+02
  -3.3156796e+02
  -3.3234109e+02
  -3.3296727e+02
  -3.3354388e+02
  -3.3409827e+02
  -3.3464042e+02
  -3.3517572e+02
  -3.3571092e+02
  -3.3626638e+02
  -3.3699368e+02
  -3.3978941e+02
  -3.4056549e+02
  -3.4108938e+02
  -3.4156880e+02
  -3.4202608e+02
  -3.4246478e+02
  -3.4288049e+02
  -3.4325518e+02
  -3.4351685e+02
  -3.4321615e+02
  -3.4234119e+02
  -3.4244050e+02
  -3.4275665e+02
  -3.4312350e+02
  -3.4350384e+02
  -3.4388149e+02
  -3.4424119e+02
  -3.4455452e+02
  -3.4474098e+02
  -3.4454746e+02
  -3.4406680e+02
  -3.4406907e+02
  -3.4432301e+02
  -3.4465982e+02
  -3.4502661e+02
  -3.4539980e+02
  -3.4576006e+02
  -3.4607679e+02
  -3.4627606e+02
  -3.4617712e+02
  -3.4584728e+02
  -3.4585064e+02
  -3.4610069e+02
  -3.4644538e+02
  -3.4682655e+02
  -3.4721794e+02
  -3.4760096e+02
  -3.4795169e+02
  -3.4821895e+02
  -3.4826031e+02
  -3.4790843e+02
  -3.4773253e+02
  -3.4790207e+02
  -3.4820631e+02
  -3.4856008e+02
  -3.4893112e+02
  -3.4930194e+02
  -3.4965542e+02
  -3.4995959e+02
  -3.5011903e+02
  -3.4981998e+02
  -3.4932302e+02
  -3.4937556e+02
  -3.4964519e+02
  -3.4998330e+02
  -3.5034504e+02
  -3.5070929e+02
  -3.5105622e+02
  -3.5134812e+02
  -3.5147254e+02
  -3.5113760e+02
  -3.5077672e+02
  -3.5089882e+02
  -3.5121234e+02
  -3.5159788e+02
  -3.5201880e+02
  -3.5246134e+02
  -3.5291959e+02
  -3.5339147e+02
  -3.5388043e+02
  -3.5445978e+02
  -3.5160762e+02
  -3.5213618e+02
  -3.5263581e+02
  -3.5312876e+02
  -3.5361653e+02
  -3.5409810e+02
  -3.5457136e+02
  -3.5503190e+02
  -3.5546515e+02
  -3.5575381e+02
  -3.5365443e+02
  -3.5390227e+02
  -3.5430977e+02
  -3.5473422e+02
  -3.5515850e+02
  -3.5557501e+02
  -3.5597327e+02
  -3.5632297e+02
  -3.5645572e+02
  -3.5524593e+02
  -3.5505550e+02
  -3.5536021e+02
  -3.5574232e+02
  -3.5614923e+02
  -3.5656714e+02
  -3.5699065e+02
  -3.5741648e+02
  -3.5783993e+02
  -3.5824369e+02
  -3.5832038e+02
  -3.5622828e+02
  -3.5661572e+02
  -3.5706777e+02
  -3.5754587e+02
  -3.5805052e+02
  -3.5859578e+02
  -3.5922561e+02
  -3.6011808e+02
  -3.6174745e+02
  -3.6298260e+02
  -3.6375950e+02
  -3.6443245e+02
  -3.6507591e+02
  -3.6570605e+02
  -3.6632539e+02
  -3.6693572e+02
  -3.6754421e+02
  -3.6817056e+02
  -3.6886859e+02
  -3.6981009e+02
  -3.7120257e+02
  -3.7229384e+02
  -3.7301270e+02
  -3.7360243e+02
  -3.7414368e+02
  -3.7466769e+02
  -3.7519550e+02
  -3.7575938e+02
  -3.7646957e+02
  -3.7793441e+02
  -3.7944503e+02
  -3.8016683e+02
  -3.8073419e+02
  -3.8126569e+02
  -3.8179806e+02
  -3.8236113e+02
  -3.8301209e+02
  -3.8391235e+02
  -3.8522052e+02
  -3.8628324e+02
  -3.8701282e+02
  -3.8762950e+02
  -3.8821953e+02
  -3.8882646e+02
  -3.8949154e+02
  -3.9026583e+02
  -3.9116748e+02
  -3.9208063e+02
  -3.9287800e+02
  -3.9357085e+02
  -3.9421757e+02
  -3.9488104e+02
  -3.9567641e+02
  -3.9689292e+02
  -3.9823910e+02
  -3.9909632e+02
  -3.9974593e+02
  -4.0032695e+02
  -4.0088374e+02
  -4.0143482e+02
  -4.0199051e+02
  -4.0255850e+02
  -4.0314688e+02
  -4.0376892e+02
  -4.0445911e+02
  -4.0535121e+02
  -4.0689031e+02
  -4.0826374e+02
  -4.0907276e+02
  -4.0971915e+02
  -4.1030426e+02
  -4.1085837e+02
  -4.1139548e+02
  -4.1192599e+02
  -4.1246337e+02
  -4.1303772e+02
  -4.1376760e+02
  -4.1534094e+02
  -4.1679262e+02
  -4.1748486e+02
  -4.1803598e+02
  -4.1854888e+02
  -4.1905455e+02
  -4.1957950e+02
  -4.2020682e+02
  -4.2185361e+02
  -4.2356671e+02
  -4.2419954e+02
  -4.2472342e+02
  -4.2522361e+02
  -4.2572146e+02
  -4.2622912e+02
  -4.2676134e+02
  -4.2734892e+02
  -4.2808701e+02
  -4.2931264e+02
  -4.3077875e+02
  -4.3167194e+02
  -4.3236673e+02
  -4.3301867e+02
  -4.3367209e+02
  -4.3434040e+02
  -4.3502317e+02
  -4.3571529e+02
  -4.3641906e+02
  -4.3715949e+02
  -4.3800604e+02
  -4.3905845e+02
  -4.4016843e+02
  -4.4104403e+02
  -4.4172855e+02
  -4.4231583e+02
  -4.4285210e+02
  -4.4335880e+02
  -4.4384671e+02
  -4.4432105e+02
  -4.4477853e+02
  -4.4220142e+02
  -4.4260353e+02
  -4.4306086e+02
  -4.4352471e+02
  -4.4399555e+02
  -4.4447779e+02
  -4.4498054e+02
  -4.4552461e+02
  -4.4616947e+02
  -4.4712855e+02
  -4.4859958e+02
  -4.4963272e+02
  -4.5033715e+02
  -4.5095788e+02
  -4.5157001e+02
  -4.5220765e+02
  -4.5289198e+02
  -4.5362939e+02
  -4.5440292e+02
  -4.5518626e+02
  -4.5598510e+02
  -4.5687336e+02
  -4.5797404e+02
  -4.5911681e+02
  -4.5998742e+02
  -4.6065944e+02
  -4.6123522e+02
  -4.6176178e+02
  -4.6226100e+02
  -4.6274531e+02
  -4.6322646e+02
  -4.6374721e+02
  -4.6072947e+02
  -4.6134169e+02
  -4.6181020e+02
  -4.6226363e+02
  -4.6271328e+02
  -4.6316356e+02
  -4.6361879e+02
  -4.6408720e+02
  -4.6459696e+02
  -4.6541865e+02
  -4.6812952e+02
  -4.6879388e+02
  -4.6931406e+02
  -4.6982311e+02
  -4.7035108e+02
  -4.7092726e+02
  -4.7160654e+02
  -4.7248809e+02
  -4.7355532e+02
  -4.7448879e+02
  -4.7521997e+02
  -4.7585356e+02
  -4.7645777e+02
  -4.7707527e+02
  -4.7774710e+02
  -4.7852150e+02
  -4.7941545e+02
  -4.8032792e+02
  -4.8114085e+02
  -4.8185814e+02
  -4.8253031e+02
  -4.8320081e+02
  -4.8390113e+02
  -4.8464405e+02
  -4.8540685e+02
  -4.8613970e+02
  -4.8681015e+02
  -4.8742012e+02
  -4.8799590e+02
  -4.8520371e+02
  -4.8580790e+02
  -4.8629660e+02
  -4.8676589e+02
  -4.8722360e+02
  -4.8767262e+02
  -4.8811377e+02
  -4.8854498e+02
  -4.8895358e+02
  -4.8919377e+02
  -4.8697229e+02
  -4.8729576e+02
  -4.8771281e+02
  -4.8814925e+02
  -4.8859750e+02
  -4.8905911e+02
  -4.8954195e+02
  -4.9006804e+02
  -4.9071387e+02
  -4.9185387e+02
  -4.9348860e+02
  -4.9434094e+02
  -4.9496172e+02
  -4.9554426e+02
  -4.9615742e+02
  -4.9688318e+02
  -4.9787445e+02
  -4.9906322e+02
  -4.9999061e+02
  -5.0069379e+02
  -5.0130711e+02
  -5.0188907e+02
  -5.0246639e+02
  -5.0305528e+02
  -5.0366994e+02
  -5.0432939e+02
  -5.0507166e+02
  -5.0599021e+02
  -5.0720324e+02
  -5.0838763e+02
  -5.0925894e+02
  -5.0994735e+02
  -5.1054380e+02
  -5.1108438e+02
  -5.1158321e+02
  -5.1204303e+02
  -5.1245425e+02
  -5.1277815e+02
  -5.1286862e+02
  -5.1240621e+02
  -5.1214345e+02
  -5.1232370e+02
  -5.1264167e+02
  -5.1300441e+02
  -5.1338103e+02
  -5.1375520e+02
  -5.1410998e+02
  -5.1441204e+02
  -5.1456266e+02
  -5.1427827e+02
  -5.1386033e+02
  -5.1393728e+02
  -5.1422530e+02
  -5.1458760e+02
  -5.1498165e+02
  -5.1538933e+02
  -5.1579754e+02
  -5.1618681e+02
  -5.1650302e+02
  -5.1649688e+02
  -5.1573165e+02
  -5.1569005e+02
  -5.1602507e+02
  -5.1645475e+02
  -5.1691980e+02
  -5.1740140e+02
  -5.1789234e+02
  -5.1839145e+02
  -5.1890612e+02
  -5.1947825e+02
  -5.2071885e+02
  -5.2304276e+02
  -5.2366285e+02
  -5.2416758e+02
  -5.2464275e+02
  -5.2510398e+02
  -5.2555583e+02
  -5.2599872e+02
  -5.2642634e+02
  -5.2676700e+02
  -5.2435816e+02
  -5.2471046e+02
  -5.2513175e+02
  -5.2556287e+02
  -5.2599692e+02
  -5.2643174e+02
  -5.2686519e+02
  -5.2729071e+02
  -5.2765522e+02
  -5.2527727e+02
  -5.2560700e+02
  -5.2604786e+02
  -5.2651049e+02
  -5.2698918e+02
  -5.2748640e+02
  -5.2800938e+02
  -5.2857317e+02
  -5.2921210e+02
  -5.3001854e+02
  -5.3119480e+02
  -5.3250592e+02
  -5.3346003e+02
  -5.3422175e+02
  -5.3490847e+02
  -5.3555481e+02
  -5.3617077e+02
  -5.3676147e+02
  -5.3733361e+02
  -5.3789968e+02
  -5.3849401e+02
  -5.3933659e+02
  -5.4179093e+02
  -5.4265887e+02
  -5.4321663e+02
  -5.4371926e+02
  -5.4420148e+02
  -5.4467388e+02
  -5.4514139e+02
  -5.4560724e+02
  -5.4607484e+02
  -5.4655360e+02
  -5.4368832e+02
  -5.4430693e+02
  -5.4479747e+02
  -5.4529376e+02
  -5.4580557e+02
  -5.4634249e+02
  -5.4691940e+02
  -5.4756213e+02
  -5.4831423e+02
  -5.4922128e+02
  -5.5023164e+02
  -5.5118762e+02
  -5.5204231e+02
  -5.5283407e+02
  -5.5358731e+02
  -5.5430321e+02
  -5.5497720e+02
  -5.5561079e+02
  -5.5621258e+02
  -5.5679645e+02
  -5.5738491e+02
  -5.5803573e+02
  -5.5905846e+02
  -5.6102935e+02
  -5.6195902e+02
  -5.6257815e+02
  -5.6313743e+02
  -5.6369220e+02
  -5.6427899e+02
  -5.6496014e+02
  -5.6587984e+02
  -5.6708562e+02
  -5.6807541e+02
  -5.6879101e+02
  -5.6939333e+02
