0 -1.282386 0
6250 -1.275135 0.00122889999999964
12500 -1.252665 0.00125339999999996
18750 -1.212458 -0.00154349999999992
25000 -1.148559 -0.00995429999999997
31250 -1.045751 -0.0300301000000001
37500 -0.851367999999999 -0.0790133799999999
43750 -0.2104317 -0.23501337
50000 18.4832079 0.9919959
56250 -0.3260847 0.4513371
62500 -0.398068199999999 0.2904667
68750 -0.0746459999999995 0.2253824
75000 0.5263446 0.1697565
81250 1.7114311 0.0682893
87500 4.5109608 -0.3668552
93750 -9.8792234 -1.8387819
100000 -8.3271121 0.4770898
106250 -5.0304101 0.4592858
112500 -3.8156166 0.4498249
118750 -3.1011707 0.4536696
125000 -2.5079843 0.4689595
131250 -1.7492026 0.499059
137500 0.21575988 0.5436396
143750 -0.8786957 -0.5323606
150000 -4.31227424 0.1661518
156250 -3.7295778 0.2968763
162500 -3.4347378 0.3404019
168750 -3.2952191 0.3564772
175000 -3.2861865 0.3541026
181250 -3.4864503 0.3325614
187500 -4.1547974 0.3003644
193750 -5.5377218 0.3307095
200000 -6.5413722 0.5035285
206250 -6.4128535 0.6642016
212500 -6.1188147 0.7550235
218750 -6.004483 0.819097800000001
225000 -6.045728 0.8811669
231250 -6.173 0.951794400000001
237500 -6.306781 1.0357473
243750 -6.349076 1.1326655
250000 -6.197138 1.233702
256250 -5.808533 1.3194467
262500 -5.286215 1.3670609
268750 -4.876594 1.3660946
275000 -4.840948 1.3282972
281250 -5.314682 1.2811889
287500 -6.276601 1.2537555
293750 -7.602908 1.2688648
300000 -9.094117 1.3431934
306250 -10.4497673 1.4825407
312500 -11.3276458 1.6662183
318750 -11.6083225 1.8459409
325000 -11.5217905 1.9829315
331250 -11.385068 2.0726831
337500 -11.3754523 2.1310239
343750 -11.5135217 2.1753216
350000 -11.72415 2.2141484
356250 -11.9249 2.2434425
362500 -12.111649 2.2511997
368750 -12.371382 2.2273998
375000 -12.82792 2.1685626
381250 -13.60345 2.0746782
387500 -14.830538 1.9440812
393750 -16.7036932 1.7681233
400000 -19.5814199 1.5187532
406250 -24.1592588 1.088053
412500 -29.2864357 -0.00630470000000116
418750 -25.46696107 -1.1959162
425000 -21.7095462 -1.6984719
431250 -20.0448681 -2.018639
437500 -19.9132238 -2.266057
443750 -21.1869927 -2.449591
450000 -24.1921017 -2.515241
456250 -29.25274377 -2.151306
462500 -27.4811792 -1.163547
468750 -21.8946868 -0.960006
475000 -18.432564 -1.047682
481250 -16.400855 -1.209411
487500 -15.375143 -1.393553
493750 -15.162886 -1.579916
500000 -15.691989 -1.757448
506250 -16.998537 -1.917394
512500 -19.288633 -2.04529
518750 -23.1553869 -2.092282
525000 -29.961503 -1.754952
531250 -29.193524 -0.43633
537500 -23.002741 -0.185025
543750 -19.720293 -0.240221
550000 -18.053901 -0.353331000000001
556250 -17.492162 -0.471989000000001
562500 -17.857378 -0.568861
568750 -19.126481 -0.611600000000001
575000 -21.301903 -0.532981000000001
581250 -23.624284 -0.187716999999999
587500 -22.929979 0.373163999999999
593750 -19.664256 0.675986
600000 -16.742059 0.740014
606250 -14.654945 0.702935
612500 -13.299229 0.626175
618750 -12.553559 0.538976999999999
625000 -12.319564 0.459192000000002
631250 -12.510296 0.399960999999999
637500 -13.03899 0.372419000000001
643750 -13.80267 0.387120999999999
650000 -14.653162 0.453382999999999
656250 -15.370871 0.573579999999998
662500 -15.709953 0.732404999999998
668750 -15.563144 0.895417000000002
675000 -15.066358 1.030406
681250 -14.469299 1.127147
687500 -13.967764 1.193957
693750 -13.657941 1.246286
700000 -13.554062 1.300314
706250 -13.603516 1.370519
712500 -13.687622 1.467144
718750 -13.632266 1.59086
725000 -13.275709 1.72699
731250 -12.586513 1.849437
737500 -11.701559 1.936929
743750 -10.826117 1.984508
750000 -10.12365 2.000914
756250 -9.678114 2.000817
762500 -9.502729 1.999259
768750 -9.55998 2.009009
775000 -9.777269 2.039663
781250 -10.053894 2.09707
787500 -10.265842 2.18171
793750 -10.287352 2.285979
800000 -10.043561 2.393454
806250 -9.565256 2.484345
812500 -8.986993 2.544982
818750 -8.48693 2.573628
825000 -8.22208000000001 2.580265
831250 -8.285331 2.583611
837500 -8.674978 2.607542
843750 -9.262306 2.676244
850000 -9.76247 2.803968
856250 -9.805136 2.976456
862500 -9.21687 3.146592
868750 -8.196734 3.270829
875000 -7.079501 3.338592
881250 -6.098772 3.361416
887500 -5.367596 3.356036
893750 -4.927939 3.338177
900000 -4.783059 3.322249
906250 -4.905561 3.32258
912500 -5.222492 3.354431
918750 -5.57465 3.432133
925000 -5.681386 3.558687
931250 -5.246104 3.708147
937500 -4.243863 3.831476
943750 -2.97423199999999 3.897135
950000 -1.764864 3.908214
956250 -0.786205000000002 3.884647
962500 -0.0666730000000015 3.84631
968750 0.44247 3.806707
975000 0.816692000000003 3.772311
981250 1.128048 3.743902
987500 1.428851 3.718295
993750 1.743058 3.690066
1000000 2.063238 3.65331
1006250 2.353712 3.603346
1012500 2.559981 3.538029
1018750 2.62210200000001 3.45831
1025000 2.48747100000001 3.36787
1031250 2.118083 3.272093
1037500 1.489673 3.176945
1043750 0.584211000000003 3.088491
1050000 -0.619485000000005 3.013472
1056250 -2.151245 2.961254
1062500 -4.041718 2.947615
1068750 -6.271761 3.000968
1075000 -8.590955 3.165528
1081250 -10.194862 3.461987
1087500 -10.265018 3.786939
1093750 -9.35548 4.008851
1100000 -8.397149 4.128079
1106250 -7.732972 4.194271
1112500 -7.363089 4.244937
1118750 -7.164832 4.301156
1125000 -6.972085 4.369253
1131250 -6.643524 4.440964
1137500 -6.141868 4.498932
1143750 -5.551068 4.528496
1150000 -5.00822700000001 4.525358
1156250 -4.631711 4.494064
1162500 -4.498185 4.443088
1168750 -4.652113 4.381693
1175000 -5.121122 4.31923
1181250 -5.925056 4.266028
1187500 -7.07344 4.235272
1193750 -8.542248 4.245417
1200000 -10.208172 4.321119
1206250 -11.730609 4.483313
1212500 -12.567179 4.714058
1218750 -12.48363 4.939102
1225000 -11.869301 5.099259
1231250 -11.201049 5.193741
1237500 -10.711799 5.24556
1243750 -10.465194 5.275845
1250000 -10.455408 5.299778
1256250 -10.648612 5.328349
1262500 -10.99232 5.369755
1268750 -11.415424 5.429337
1275000 -11.834321 5.508359
1281250 -12.173731 5.60314
1287500 -12.39318 5.706557
1293750 -12.494526 5.811726
1300000 -12.501511 5.914767
1306250 -12.432699 6.014466
1312500 -12.29134 6.109953
1318750 -12.075872 6.198743
1325000 -11.799738 6.276698
1331250 -11.504535 6.339961
1337500 -11.255908 6.387582
1343750 -11.124267 6.423194
1350000 -11.160611 6.45504
1356250 -11.375078 6.494669
1362500 -11.718879 6.554591
1368750 -12.070882 6.644167
1375000 -12.249829 6.76268
1381250 -12.094726 6.893194
1387500 -11.588944 7.008054
1393750 -10.884235 7.086175
1400000 -10.190751 7.123201
1406250 -9.675107 7.127871
1412500 -9.430671 7.114961
1418750 -9.482737 7.100865
1425000 -9.796095 7.101345
1431250 -10.275304 7.129699
1437500 -10.761301 7.193342
1443750 -11.053639 7.287395
1450000 -11.004164 7.390136
1456250 -10.638107 7.471699
1462500 -10.150315 7.512754
1468750 -9.776591 7.513052
1475000 -9.690265 7.486421
1481250 -9.970701 7.453001
1487500 -10.606997 7.43379
1493750 -11.507146 7.447352
1500000 -12.498091 7.506454
1506250 -13.336727 7.610894
1512500 -13.807876 7.738938
1518750 -13.903186 7.854675
1525000 -13.850784 7.934421
1531250 -13.933582 7.981218
1537500 -14.330554 8.018156
1543750 -15.052941 8.077674
1550000 -15.894743 8.19057400000001
1556250 -16.421224 8.363273
1562500 -16.245861 8.551348
1568750 -15.477841 8.68918499999999
1575000 -14.568132 8.750626
1581250 -13.884454 8.747306
1587500 -13.629734 8.702061
1593750 -13.910766 8.639003
1600000 -14.779735 8.583574
1606250 -16.241964 8.56531
1612500 -18.2188264 8.623816
1618750 -20.3502693 8.813057
1625000 -21.6091532 9.15107
1631250 -21.1113723 9.498741
1637500 -19.6959966 9.713473
1643750 -18.394049 9.812255
1650000 -17.5476462 9.852576
1656250 -17.1686751 9.878012
1662500 -17.127509 9.917388
1668750 -17.2216721 9.983527
1675000 -17.2654202 10.072389
1681250 -17.1728201 10.170361
1687500 -16.9592915 10.265553
1693750 -16.6783586 10.353166
1700000 -16.367047 10.43353
1706250 -16.031515 10.507505
1712500 -15.6685622 10.573019
1718750 -15.3048091 10.625661
1725000 -15.0099441 10.663723
1731250 -14.8603791 10.691927
1737500 -14.8992742 10.719818
1743750 -15.1282068 10.758928
1750000 -15.5033365 10.822265
1756250 -15.8994368 10.92332
1762500 -16.0576156 11.06618
1768750 -15.6783459 11.223831
1775000 -14.7730967 11.341375
1781250 -13.7473641 11.387376
1787500 -13.0025094 11.374914
1793750 -12.7128405 11.334284
1800000 -12.8965767 11.291458
1806250 -13.5295434 11.265943
1812500 -14.5905821 11.27884
1818750 -15.9925168 11.364944
1825000 -17.2713689 11.571652
1831250 -17.3312239 11.870735
1837500 -15.9625382 12.08847
1843750 -14.4333332 12.153091
1850000 -13.5376725 12.126727
1856250 -13.4211069 12.0741
1862500 -14.0427335 12.03831
1868750 -15.3649698 12.059571
1875000 -17.2436997 12.208384
1881250 -18.52953287 12.585632
1887500 -16.93922406 13.023226
1893750 -13.8681481 13.198628
1900000 -11.4154811 13.171051
1906250 -10.0199366 13.058809
1912500 -9.5964377 12.933873
1918750 -9.9433036 12.837198
1925000 -10.8802378 12.793967
1931250 -12.2562859 12.832707
1937500 -13.7184923 13.001797
1943750 -14.1556695 13.321371
1950000 -12.5434649 13.621379
1956250 -10.0609486 13.728123
1962500 -8.0725183 13.67862
1968750 -6.998606 13.56217
1975000 -6.7478743 13.44555
1981250 -7.0486123 13.362748
1987500 -7.6456596 13.323926
1993750 -8.3470634 13.328826
2000000 -8.9891606 13.372401
2006250 -9.4151182 13.441204
2012500 -9.5491105 13.507261
2018750 -9.5548617 13.537586
2025000 -9.8286262 13.525428
2031250 -10.69940867 13.504286
2037500 -12.2284216 13.523992
2043750 -14.2921861 13.63648
2050000 -16.4566058 13.914008
2056250 -17.1977511 14.390107
2062500 -15.2275218 14.826556
2068750 -12.1947865 15.026984
2075000 -9.49854 15.039961
2081250 -7.672523082 14.935534
2087500 -6.97057825 14.788049
2093750 -7.22327404 14.673804
2100000 -7.94601246 14.629224
2106250 -8.710017698 14.649537
2112500 -9.25739059 14.713029
2118750 -9.4577536 14.793221
2125000 -9.2734608 14.861203
2131250 -8.7582964 14.884647
2137500 -8.1167925 14.826047
2143750 -7.8691724 14.655134
2150000 -8.7882707 14.404507
2156250 -10.9714386 14.176746
2162500 -13.6011911 14.004354
2168750 -15.7930929 13.817953
2175000 -16.5157366 13.543389
2181250 -14.7513965 13.237711
2187500 -10.87898269 13.031539
2193750 -5.762285 12.934233
2200000 0.7388708 12.898411
2206250 11.1409058 12.883498
2212500 19.0560652 9.81362799999999
2218750 9.7958383 9.79970700000001
2225000 8.1191448 9.806341
2231250 10.3221076 9.772715
2237500 19.2341127 7.68529
2243750 -3.417302 7.215872
2250000 -16.2785736 8.741262
2256250 -10.2741552 9.566017
2262500 -7.68265086 9.69409
2268750 -6.3116012 9.734238
2275000 -5.3774146 9.741083
2281250 -4.6243864 9.720512
2287500 -3.99610909 9.660263
2293750 -3.7741646 9.532971
2300000 -5.0290136 9.38989
2306250 -6.92732868 9.505119
2312500 -6.7606589 9.693397
2318750 -5.934686 9.76503
2325000 -5.20104338 9.770543
2331250 -4.6200785 9.73897899999999
2337500 -4.207231 9.675411
2343750 -4.0669168 9.57636
2350000 -4.46801128 9.444647
2356250 -5.80604306 9.3215
2362500 -8.0665044 9.314453
2368750 -10.0048634 9.504489
2375000 -10.2852806 9.759519
2381250 -9.55858908 9.918449
2387500 -8.76200142 9.983164
2393750 -8.2025698 9.991215
2400000 -7.974392 9.964171
2406250 -8.19177031 9.916677
2412500 -9.02982842 9.876542
2418750 -10.4934643 9.908831
2425000 -11.7790085 10.077652
2431250 -11.8128709 10.290772
2437500 -11.11565199 10.413405
2443750 -10.53031843 10.451436
2450000 -10.3218109 10.444601
2456250 -10.5593015 10.417003
2462500 -11.33723464 10.387143
2468750 -12.8153786 10.388252
2475000 -15.0107451 10.502516
2481250 -16.6927958 10.844489
2487500 -15.7368407 11.219773
2493750 -13.8360778 11.366165
2500000 -12.57546253 11.375077
2506250 -12.0681368 11.337996
2512500 -12.204114 11.293471
2518750 -12.95213484 11.264309
2525000 -14.34802729 11.28491
2531250 -16.2216694 11.428826
2537500 -17.2900797 11.762048
2543750 -16.1260419 12.085035
2550000 -14.29605068 12.211676
2556250 -13.0487657 12.223023
2562500 -12.4627503 12.200722
2568750 -12.3716007 12.181791
2575000 -12.6204479 12.18338
2581250 -13.0656993 12.216341
2587500 -13.523428 12.286463
2593750 -13.7673978 12.384717
2600000 -13.6872586 12.480779
2606250 -13.4452791 12.545782
2612500 -13.3121862 12.579264
2618750 -13.4299106 12.600904
2625000 -13.787766 12.631226
2631250 -14.2877985 12.684
2637500 -14.7824856 12.764434
2643750 -15.108108 12.865454
2650000 -15.1753603 12.96543
2656250 -15.0778228 13.038615
2662500 -15.069256 13.074723
2668750 -15.4124443 13.087332
2675000 -16.2586389 13.107844
2681250 -17.5984037 13.179044
2687500 -19.14766977 13.352816
2693750 -20.0708982 13.654862
2700000 -19.46624652 13.984018
2706250 -17.8378623 14.196292
2712500 -16.208772 14.28155
2718750 -15.049624 14.289557
2725000 -14.4824948 14.266215
2731250 -14.4724319 14.249879
2737500 -14.8503751 14.272305
2743750 -15.3054965 14.351362
2750000 -15.4615089 14.476834
2756250 -15.1132561 14.607807
2762500 -14.3897135 14.702024
2768750 -13.5883169 14.743732
2775000 -12.9624617 14.739717
2781250 -12.6718067 14.706638
2787500 -12.7958118 14.66552
2793750 -13.331313 14.639907
2800000 -14.1730839 14.652681
2806250 -15.0995392 14.719131
2812500 -15.8126284 14.835483
2818750 -16.1003243 14.972438
2825000 -16.0112376 15.092459
2831250 -15.7909921 15.176931
2837500 -15.6846734 15.231118
2843750 -15.8373053 15.27427
2850000 -16.2688235 15.331838
2856250 -16.8430352 15.428313
2862500 -17.2629709 15.572181
2868750 -17.2388268 15.739219
2875000 -16.7690371 15.886695
2881250 -16.1141178 15.991415
2887500 -15.5311755 16.057808
2893750 -15.1593939 16.102512
2900000 -15.0371038 16.144401
2906250 -15.1186071 16.201488
2912500 -15.267253 16.286908
2918750 -15.2797982 16.400227
2925000 -15.0073928 16.522242
2931250 -14.482716 16.627534
2937500 -13.872875 16.70369
2943750 -13.338215 16.754204
2950000 -12.967702 16.790251
2956250 -12.783355 16.824515
2962500 -12.751935 16.868626
2968750 -12.787494 16.930693
2975000 -12.768199 17.010978
2981250 -12.5976 17.099084
2987500 -12.278199 17.179402
2993750 -11.908609 17.242173
3000000 -11.607351 17.288461
3006250 -11.452257 17.326993
3012500 -11.463738 17.369632
3018750 -11.602234 17.428409
3025000 -11.762397 17.512109
3031250 -11.786738 17.620123
3037500 -11.544267 17.737376
3043750 -11.040318 17.840916
3050000 -10.418219 17.916012
3056250 -9.846917 17.963217
3062500 -9.436838 17.993014
3068750 -9.227552 18.019028
3075000 -9.199251 18.054785
3081250 -9.274032 18.111998
3087500 -9.310297 18.19685
3093750 -9.132127 18.303108
3100000 -8.634962 18.409342
3106250 -7.884902 18.490919
3112500 -7.068767 18.536792
3118750 -6.362797 18.552139
3125000 -5.866516 18.550638
3131250 -5.603028 18.548183
3137500 -5.527267 18.560382
3143750 -5.513736 18.600113
3150000 -5.346623 18.669867
3156250 -4.80485 18.750136
3162500 -3.863553 18.803783
3168750 -2.746252 18.804279
3175000 -1.724196 18.750739
3181250 -0.962187 18.656596
3187500 -0.520218 18.535899
3193750 -0.408802999999999 18.397925
3200000 -0.633773000000001 18.247123
3206250 -1.222044 18.084695
3212500 -2.236809 17.910047
3218750 -3.793611 17.721219
3225000 -6.096563 17.512698
3231250 -9.550042 17.264124
3237500 -15.1290237 16.873402
3243750 -22.0491865 15.612213
3250000 -15.9395356 14.428333
3256250 -11.518801 14.091379
3262500 -9.053755 13.911069
3268750 -7.576691 13.789259
3275000 -6.677251 13.70376
3281250 -6.135092 13.647485
3287500 -5.800408 13.616752
3293750 -5.558168 13.606934
3300000 -5.329352 13.610965
3306250 -5.081467 13.620656
3312500 -4.824368 13.629545
3318750 -4.589067 13.634672
3325000 -4.405922 13.636322
3331250 -4.292994 13.636793
3337500 -4.252403 13.639218
3343750 -4.26935 13.64661
3350000 -4.313099 13.660745
3356250 -4.344775 13.680867
3362500 -4.335239 13.703162
3368750 -4.283725 13.722204
3375000 -4.220007 13.73369
3381250 -4.188619 13.736204
3387500 -4.231648 13.73108
3393750 -4.380978 13.721475
3400000 -4.656609 13.711792
3406250 -5.06328 13.707523
3412500 -5.582045 13.714715
3418750 -6.162626 13.738154
3425000 -6.731878 13.778401
3431250 -7.227489 13.830207
3437500 -7.635072 13.885029
3443750 -7.992509 13.936089
3450000 -8.361728 13.981541
3456250 -8.797822 14.024437
3462500 -9.329361 14.071356
3468750 -9.942976 14.130604
3475000 -10.5707281 14.208843
3481250 -11.1045967 14.305531
3487500 -11.4647752 14.409908
3493750 -11.6709823 14.507629
3500000 -11.823301 14.591632
3506250 -12.0216762 14.66512
3512500 -12.3149854 14.737401
3518750 -12.6885439 14.819363
3525000 -13.0597862 14.919503
3531250 -13.2889969 15.037754
3537500 -13.2551157 15.159373
3543750 -12.9804088 15.260876
3550000 -12.6408942 15.328652
3556250 -12.4275198 15.367665
3562500 -12.4410795 15.393526
3568750 -12.6894627 15.423
3575000 -13.1163855 15.470417
3581250 -13.6083964 15.546673
3587500 -13.986125 15.655148
3593750 -14.0472975 15.782711
3600000 -13.7214476 15.898229
3606250 -13.1789073 15.973557
3612500 -12.6964173 16.004936
3618750 -12.4622916 16.008759
3625000 -12.5268274 16.006148
3631250 -12.8490526 16.014135
3637500 -13.3436902 16.044364
3643750 -13.895063 16.103847
3650000 -14.35385842 16.193048
3656250 -14.56792663 16.300394
3662500 -14.48926212 16.401533
3668750 -14.2596649 16.474578
3675000 -14.1145326 16.518557
3681250 -14.2012885 16.55187
3687500 -14.5118032 16.59695
3693750 -14.9248857 16.669078
3700000 -15.2648557 16.772177
3706250 -15.3577672 16.896495
3712500 -15.1152905 17.019361
3718750 -14.6112311 17.11519
3725000 -14.0581057 17.170871
3731250 -13.684623 17.193502
3737500 -13.6087228 17.205045
3743750 -13.7894035 17.228593
3750000 -14.0789813 17.276306
3756250 -14.3180245 17.346093
3762500 -14.4087445 17.425479
3768750 -14.3484903 17.498342
3775000 -14.2284345 17.55176
3781250 -14.2089259 17.581976
3787500 -14.467905 17.600191
3793750 -15.0889177 17.635447
3800000 -15.9051467 17.72298
3806250 -16.4897891 17.871921
3812500 -16.4904079 18.043959
3818750 -15.9621673 18.186533
3825000 -15.202378 18.274939
3831250 -14.4726796 18.308396
3837500 -13.9651275 18.292853
3843750 -13.8740866 18.237101
3850000 -14.4341381 18.160926
3856250 -15.8483305 18.108244
3862500 -18.0664432 18.15346
3868750 -20.3691505 18.380328
3875000 -21.2035247 18.755642
3881250 -20.2758168 19.066583
3887500 -18.9108922 19.235074
3893750 -17.8382236 19.310933
3900000 -17.2618582 19.340956
3906250 -17.2661267 19.365236
3912500 -17.7592299 19.43574
3918750 -18.1822621 19.589716
3925000 -17.891231 19.777045
3931250 -17.0537241 19.917308
3937500 -16.1560759 19.997513
3943750 -15.4274858 20.035984
3950000 -14.9395997 20.046347
3956250 -14.7584317 20.035408
3962500 -15.018393 20.011848
3968750 -15.9151502 20.00352
3975000 -17.443323 20.078101
3981250 -18.7848047 20.301377
3987500 -18.807976 20.588344
3993750 -17.8917242 20.79785
4000000 -16.8640868 20.92238
4006250 -15.9947451 20.9964
4012500 -15.3069658 21.038101
4018750 -14.8136566 21.051151
4025000 -14.6103377 21.033979
4031250 -14.9137214 20.994107
4037500 -15.9526382 20.968639
4043750 -17.6359337 21.022966
4050000 -19.365849 21.203411
4056250 -20.355506 21.487305
4062500 -20.25238 21.790894
4068750 -19.3228652 22.0437
4075000 -17.9767616 22.22318
4081250 -16.5038586 22.32805
4087500 -15.1528017 22.360555
4093750 -14.2186765 22.334332
4100000 -13.9218495 22.290033
4106250 -14.1435113 22.280416
4112500 -14.4744541 22.329107
4118750 -14.5409509 22.421428
4125000 -14.1728506 22.525459
4131250 -13.3759658 22.610363
4137500 -12.2493296 22.651984
4143750 -10.9482837 22.629533
4150000 -9.741056857 22.523258
4156250 -9.11352097 22.329597
4162500 -9.60579022 22.098011
4168750 -11.25020237 21.917837
4175000 -13.60834994 21.84312
4181250 -16.31423335 21.892487
4187500 -19.0525475 22.099935
4193750 -20.87154832 22.510948
4200000 -20.20015788 23.000177
4206250 -17.67036571 23.318722
4212500 -14.9425508 23.442165
4218750 -12.8557564 23.439384
4225000 -11.7586276 23.406286
4231250 -11.2393689 23.434166
4237500 -10.569516 23.526762
4243750 -9.4675685 23.63771
4250000 -7.9936824 23.734023
4256250 -6.251573 23.801367
4262500 -4.2979201 23.829722
4268750 -2.1761496 23.801829
4275000 -0.0457884000000002 23.685788
4281250 1.5230861 23.45
4287500 1.5669562 23.149009
4293750 0.0704330000000004 22.936895
4300000 -1.9593457 22.876519
4306250 -3.837086 22.940485
4312500 -5.2392244 23.09528
4318750 -5.9166369 23.3097
4325000 -5.6656568 23.541392
4331250 -4.417791 23.736509
4337500 -2.2192122 23.8333
4343750 0.703239999999999 23.726897
4350000 2.412762 23.263828
4356250 -0.242388999999999 22.789033
4362500 -4.2720046 22.658856
4368750 -7.8182907 22.738104
4375000 -10.6289446 22.958791
4381250 -12.1947223 23.299363
4387500 -11.7863136 23.670172
4393750 -9.490294 23.927233
4400000 -5.88928 23.984868
4406250 -1.541165 23.717008
4412500 -0.0185420000000001 23.009449
4418750 -3.034128 22.537285
4425000 -5.9329872 22.409273
4431250 -7.9043211 22.430608
4437500 -9.0810321 22.536662
4443750 -9.5109613 22.703589
4450000 -9.1492697 22.908476
4456250 -7.9568971 23.117525
4462500 -5.9680487 23.287814
4468750 -3.279351 23.363703
4475000 -0.254193000000001 23.245494
4481250 1.144077 22.834746
4487500 -1.284497 22.448383
4493750 -5.194105 22.340976
4500000 -9.3037444 22.41527
4506250 -13.8260263 22.647313
4512500 -18.6956744 23.207116
4518750 -19.1140465 24.190999
4525000 -14.9223499 24.745942
4531250 -11.0863301 24.943464
4537500 -7.8590602 24.950602
4543750 -5.549673 24.752112
4550000 -5.910545 24.410281
4556250 -9.1142231 24.270306
4562500 -12.577284 24.472643
4568750 -14.1675529 24.901834
4575000 -13.4721247 25.304832
4581250 -11.8047537 25.567818
4587500 -9.9478333 25.721269
4593750 -8.0600923 25.790659
4600000 -6.2149957 25.76481
4606250 -4.9046919 25.608492
4612500 -5.3269218 25.379002
4618750 -7.3946729 25.29684
4625000 -9.291436 25.41823
4631250 -10.0971337 25.623436
4637500 -9.9911723 25.810463
4643750 -9.4049756 25.943627
4650000 -8.6149118 26.017241
4656250 -7.7821816 26.023854
4662500 -7.1455733 25.941866
4668750 -7.3729416 25.751262
4675000 -9.6470017 25.53512
4681250 -14.0542905 25.552676
4687500 -17.7225171 26.015261
4693750 -17.2667793 26.543921
4700000 -15.5027364 26.795794
4706250 -14.1062525 26.895851
4712500 -13.1604667 26.919193
4718750 -12.663629 26.881761
4725000 -12.8693272 26.778337
4731250 -14.5976552 26.632501
4737500 -18.9947464 26.675284
4743750 -21.6848475 27.373819
4750000 -18.6445406 27.789673
4756250 -16.4292473 27.863827
4762500 -15.18708997 27.85723
4768750 -14.50141909 27.819794
4775000 -14.227853 27.754395
4781250 -14.4527642 27.651281
4787500 -15.614746 27.504453
4793750 -18.8253104 27.375162
4800000 -25.1646993 27.712483
4806250 -23.5345506 28.696851
4812500 -19.4035189 28.87604
4818750 -17.24674734 28.882288
4825000 -15.97111078 28.873877
4831250 -15.06979751 28.87206
4837500 -14.29836067 28.875787
4843750 -13.5235643 28.874702
4850000 -12.7421488 28.849566
4856250 -12.1822254 28.788584
4862500 -12.0953258 28.720147
4868750 -12.33958175 28.683309
4875000 -12.63992549 28.680539
4881250 -12.88862085 28.697922
4887500 -13.0873982 28.725702
4893750 -13.2659144 28.760058
4900000 -13.45218928 28.801377
4906250 -13.65439249 28.85348
4912500 -13.828480183 28.921212
4918750 -13.87857553 29.001309
4925000 -13.78585214 29.079031
4931250 -13.6579796 29.146861
4937500 -13.5778174 29.210654
4943750 -13.5511935 29.278481
4950000 -13.541508 29.355859
4956250 -13.4818042 29.445341
4962500 -13.2717048 29.543498
4968750 -12.8208997 29.633984
4975000 -12.20104852 29.688554
4981250 -11.72854165 29.694858
4987500 -11.6793043 29.678062
4993750 -12.0441245 29.671741
5000000 -12.6887601 29.691637
5006250 -13.5215164 29.742901
5012500 -14.4934772 29.833319
5018750 -15.5035967 29.980234
5025000 -16.2092638 30.202517
5031250 -15.9786042 30.468843
5037500 -14.7269533 30.667125
5043750 -13.3488552 30.739636
5050000 -12.5542375 30.736288
5056250 -12.4201565 30.723471
5062500 -12.7413066 30.738506
5068750 -13.2916793 30.796882
5075000 -13.8522904 30.905277
5081250 -14.1549015 31.060765
5087500 -13.9252731 31.236596
5093750 -13.1377241 31.381465
5100000 -12.1500065 31.4585
5106250 -11.4061176 31.475921
5112500 -11.1167607 31.470445
5118750 -11.2335148 31.476762
5125000 -11.5866535 31.514056
5131250 -11.9881993 31.588047
5137500 -12.2607684 31.694557
5143750 -12.2588339 31.81902
5150000 -11.933332 31.936964
5156250 -11.3998304 32.023706
5162500 -10.9093723 32.070251
5168750 -10.7028877 32.091568
5175000 -10.8550426 32.118149
5181250 -11.2375742 32.176997
5187500 -11.6076995 32.27811
5193750 -11.7261311 32.411564
5200000 -11.4610576 32.552197
5206250 -10.8463013 32.671288
5212500 -10.0507285 32.748906
5218750 -9.3026741 32.779041
5225000 -8.832032 32.770173
5231250 -8.8101575 32.745613
5237500 -9.2634722 32.7394
5243750 -10.0197538 32.783415
5250000 -10.745349 32.891839
5256250 -11.0767117 33.04951
5262500 -10.8353764 33.215057
5268750 -10.1417294 33.347348
5275000 -9.2753391 33.427967
5281250 -8.5064951 33.459558
5287500 -8.0476141 33.458384
5293750 -8.0246797 33.453471
5300000 -8.3836669 33.483883
5306250 -8.7910259 33.580655
5312500 -8.7378369 33.734459
5318750 -7.96084546 33.889645
5325000 -6.6536424 33.994608
5331250 -5.1468624 34.033859
5337500 -3.6682257 34.011038
5343750 -2.3663047 33.93169
5350000 -1.3852772 33.801066
5356250 -0.8890139 33.629512
5362500 -1.012922 33.436987
5368750 -1.7925714 33.248134
5375000 -3.1766398 33.080434
5381250 -5.13805445 32.938378
5387500 -7.8169059 32.816584
5393750 -11.7913387 32.704318
5400000 -19.5987407 32.581201
5406250 -25.5766624 35.687821
5412500 -13.5136242 35.517622
5418750 -8.924641 35.37341
5425000 -6.4668065 35.243785
5431250 -5.129012 35.152304
5437500 -4.35041776 35.11263
5443750 -3.72824807 35.119326
5450000 -3.01763305 35.153427
5456250 -2.1227229 35.191693
5462500 -1.0629029 35.212962
5468750 0.0569828000000001 35.200929
5475000 1.0556398 35.147005
5481250 1.6974783 35.057249
5487500 1.8057037 34.958962
5493750 1.4238445 34.889961
5500000 0.8095579 34.873987
5506250 0.2662862 34.910476
5512500 0.0184460999999998 34.980936
5518750 0.1669466 35.057712
5525000 0.6772017 35.111356
5531250 1.38229681 35.117243
5537500 1.99254853 35.063369
5543750 2.15971005 34.962631
5550000 1.686580562 34.857224
5556250 0.70383776 34.7931
5562500 -0.46172141 34.79096
5568750 -1.4975874 34.8468
5575000 -2.1694579 34.94217
5581250 -2.3383599 35.04785
5587500 -2.01246111 35.12727
5593750 -1.39720583 35.1464
5600000 -0.89133701 35.0899
5606250 -0.9443733 34.98073
5612500 -1.7204614 34.87672
5618750 -2.96954791 34.82624
5625000 -4.31197975 34.84204
5631250 -5.44565871 34.91389
5637500 -6.15658067 35.01981
5643750 -6.33290461 35.12685
5650000 -6.03869538 35.19501
5656250 -5.573347 35.19067
5662500 -5.4408642 35.10848
5668750 -6.1059166 34.9917
5675000 -7.6077723 34.91231
5681250 -9.58862547 34.92028
5687500 -11.58637348 35.03517
5693750 -13.04838156 35.2531
5700000 -13.40840783 35.51963
5706250 -12.64016632 35.73496
5712500 -11.33638002 35.83503
5718750 -10.1605872 35.81172
5725000 -9.7031025 35.68811
5731250 -10.439902 35.52307
5737500 -12.4901251 35.39968
5743750 -15.7167372 35.39357
5750000 -19.93951002 35.62352
5756250 -22.75801993 36.31658
5762500 -20.00095325 36.96673
5768750 -16.34909648 37.1945
5775000 -13.5083186 37.22977
5781250 -11.438006 37.15716
5787500 -10.290393 37.00196
5793750 -10.432467 36.81138
5800000 -11.9497772 36.67667
5806250 -14.3879695 36.68284
5812500 -16.9433187 36.88596
5818750 -18.2501159 37.27962
5825000 -17.3631069 37.6803
5831250 -15.2860957 37.92886
5837500 -13.0534418 38.03266
5843750 -11.0911763 38.02094
5850000 -9.7969211 37.9142
5856250 -9.5966261 37.77036
5862500 -10.3794272 37.68111
5868750 -11.4966407 37.68876
5875000 -12.4013866 37.77363
5881250 -12.8534895 37.89599
5887500 -12.8246593 38.01846
5893750 -12.3983094 38.10996
5900000 -11.7363362 38.14048
5906250 -11.1845761 38.07512
5912500 -11.5498119 37.89715
5918750 -13.9374205 37.69365
5925000 -18.7344199 37.65415
5931250 -25.9091712 38.12396
5937500 -25.511583 39.435
5943750 -19.8374282 39.89072
5950000 -15.8571608 40.04537
5956250 -12.6172475 40.10559
5962500 -9.6632349 40.08339
5968750 -7.0431071 39.94145
5975000 -5.58463 39.65334
5981250 -6.34963 39.34335
5987500 -8.7463498 39.19075
5993750 -11.7171815 39.22764
6000000 -14.744312 39.47353
6006250 -16.4808341 39.99009
6012500 -14.6766351 40.55357
6018750 -10.8972242 40.83144
6025000 -7.095354 40.84065
6031250 -4.216686 40.61469
6037500 -3.540533 40.24925
6043750 -5.003119 39.96075
6050000 -7.2867389 39.80855
6056250 -9.8313517 39.73819
6062500 -12.7388799 39.70249
6068750 -16.612356 39.66757
6075000 -23.883399 39.57081
6081250 -29.3869321 36.70747
6087500 -16.037502 36.36903
6093750 -10.139111 36.01658
6100000 -7.931533 35.53307
6106250 -8.868486 35.16408
6112500 -10.9288435 34.99835
6118750 -13.178244 34.97081
6125000 -15.4552525 35.0475
6131250 -17.636291 35.24596
6137500 -18.9794529 35.6142
6143750 -17.7573525 36.06606
6150000 -13.860886 36.29917
6156250 -9.179816 36.11575
6162500 -7.502961 35.497
6168750 -10.07252 35.03837
6175000 -13.026443 34.84372
6181250 -15.5306405 34.74408
6187500 -17.70203 34.66842
6193750 -19.6773731 34.58685
6200000 -21.5680473 34.48135
6206250 -23.560256 34.33812
6212500 -26.340672 34.17256
6218750 -30.48214 34.45088
6225000 -25.953506 34.65148
6231250 -23.999745 34.35167
6237500 -23.017724 34.13349
6243750 -22.0084145 33.97861
6250000 -20.813071 33.862
6256250 -19.3772763 33.76749
6262500 -17.622341 33.68184
6268750 -15.404289 33.58958
6275000 -12.465166 33.4602
6281250 -8.421753 33.19579
6287500 -4.60517 32.47092
6293750 -7.755669 31.65947
6300000 -12.558548 31.47121
6306250 -16.375857 31.60921
6312500 -18.910612 32.02828
6318750 -18.448926 32.64906
6325000 -14.958828 33.16148
6331250 -10.26133 33.51464
6337500 -4.51872 33.83419
6343750 3.799701 34.41137
6350000 5.818431 36.16918
6356250 -0.674789000000001 36.80117
6362500 -4.31448 37.06241
6368750 -6.824659 37.2636
6375000 -8.945136 37.46926
6381250 -11.088769 37.74243
6387500 -13.056743 38.25601
6393750 -10.016849 39.10156
6400000 -0.690750000000001 39.13089
6406250 0.526213000000002 38.2998
6412500 -2.348402 38.13449
6418750 -4.010594 38.1968
6425000 -4.96125 38.32138
6431250 -5.497535 38.47843
6437500 -5.734712 38.66433
6443750 -5.695085 38.88448
6450000 -5.324874 39.15093
6456250 -4.460275 39.4847
6462500 -2.716824 39.92387
6468750 0.774038000000001 40.56147
6475000 6.589147 41.83549
6481250 3.3201 43.61591
6487500 -1.343629 44.50788
6493750 -3.943175 45.15497
6500000 -5.683005 45.71145
6506250 -7.073376 46.20455
6512500 -8.219682 46.63466
6518750 -9.030791 46.99689
6525000 -9.317823 47.2884
6531250 -8.789122 47.5153
6537500 -6.978661 47.71192
6543750 -3.234425 48.00172
6550000 1.447099 48.79285
6556250 -0.834947 49.78974
6562500 -4.349401 50.20258
6568750 -6.386501 50.44142
6575000 -7.471382 50.64786
6581250 -7.885143 50.86174
6587500 -7.632329 51.10223
6593750 -6.384748 51.38176
6600000 -3.03548 51.68777
6606250 7.301442 51.65544
6612500 0.968339 49.9181
6618750 -5.440666 50.18936
6625000 -8.037512 50.5288
6631250 -9.20276 50.85023
6637500 -9.617336 51.15674
6643750 -9.496212 51.45808
6650000 -8.853218 51.7604
6656250 -7.560406 52.06366
6662500 -5.268439 52.35729
6668750 -0.898140000000001 52.58722
6675000 9.209266 51.92977
6681250 -2.45739 50.83872
6687500 -10.334663 51.26605
6693750 -14.500449 52.03428
6700000 -14.357993 52.82346
6706250 -12.283496 53.35428
6712500 -10.045598 53.70804
6718750 -7.839621 53.96663
6725000 -5.444115 54.16063
6731250 -2.351975 54.28562
6737500 2.874004 54.24006
6743750 8.685628 52.82644
6750000 -3.137457 52.10011
6756250 -11.643199 52.09845
6762500 -21.458427 52.26215
6768750 -31.447009 54.50879
6775000 -20.409111 55.04469
6781250 -15.994953 55.09553
6787500 -12.792781 55.05191
6793750 -9.309274 54.89002
6800000 -3.707752 54.39569
6806250 -1.743297 52.59074
6812500 -9.173206 51.60666
6818750 -12.028986 51.10194
6825000 -12.582568 50.7808
6831250 -12.23047 50.57039
6837500 -11.460471 50.40893
6843750 -10.336157 50.24454
6850000 -8.684112 50.00828
6856250 -6.255385 49.52536
6862500 -5.91873 48.39831
6868750 -12.06674 47.25585
6875000 -16.128523 46.42189
6881250 -16.649885 45.868
6887500 -15.989709 45.56807
6893750 -15.135109 45.39603
6900000 -14.1887 45.27134
6906250 -12.982243 45.13509
6912500 -11.065931 44.89111
6918750 -7.856138 44.17029
6925000 -12.082977 42.52743
6931250 -18.691382 41.45731
6937500 -19.840338 40.87578
6943750 -19.546129 40.66233
6950000 -19.164651 40.61644
6956250 -18.779765 40.6446
6962500 -18.258946 40.69658
6968750 -17.368316 40.71844
6975000 -15.694494 40.59846
6981250 -12.929465 39.99349
6987500 -14.16824 38.61116
6993750 -16.792252 37.75148
7000000 -16.529974 37.43215
7006250 -15.330345 37.35458
7012500 -13.840025 37.37268
7018750 -12.150107 37.42512
7025000 -10.173327 37.47844
7031250 -7.675038 37.4941
7037500 -4.267782 37.36519
7043750 -1.520851 36.74029
7050000 -6.451541 36.09366
7056250 -12.829136 36.12845
7062500 -17.58354 36.56835
7068750 -18.9458331 37.21438
7075000 -17.4929084 37.70637
7081250 -15.4113779 38.01069
7087500 -13.2747698 38.2149
7093750 -10.964537 38.35513
7100000 -8.189587 38.40904
7106250 -5.050147 38.24038
7112500 -4.912702 37.77333
7118750 -8.260459 37.64995
7125000 -10.413403 37.85007
7131250 -10.920421 38.10998
7137500 -10.42803 38.33689
7143750 -9.353133 38.51654
7150000 -7.787642 38.64738
7156250 -5.543251 38.70433
7162500 -2.220805 38.54498
7168750 -1.787843 37.73539
7175000 -10.488096 37.43508
7181250 -17.479509 38.21158
7187500 -15.550661 39.08048
7193750 -12.310799 39.43588
7200000 -9.653311 39.63369
7206250 -7.155121 39.77042
7212500 -4.4246 39.85317
7218750 -1.065657 39.8254
7225000 2.5673 39.46713
7231250 1.178718 38.77699
7237500 -3.928158 38.58464
7243750 -8.300528 38.73712
7250000 -11.634846 39.06722
7256250 -13.750966 39.51096
7262500 -14.545133 39.99105
7268750 -14.41963 40.45021
7275000 -13.890015 40.91844
7281250 -12.66585 41.57571
7287500 -3.204789 42.85768
7293750 -1.5762 40.18286
7300000 -5.249577 40.68111
7306250 -5.682368 40.94488
7312500 -5.315144 41.12587
7318750 -4.528777 41.25832
7325000 -3.354084 41.3488
7331250 -1.669767 41.38439
7337500 0.762386000000001 41.31077
7343750 3.709814 40.94364
7350000 2.806181 40.18897
7356250 -2.376665 39.80842
7362500 -7.139454 39.77001
7368750 -11.008663 39.88506
7375000 -13.9690197 40.09556
7381250 -15.8109563 40.35185
7387500 -16.5296626 40.57265
7393750 -16.6241575 40.68189
7400000 -16.937117 40.63123
7406250 -18.96559 40.3733
7412500 -27.069467 39.74594
7418750 -25.846517 37.11393
7425000 -18.2726461 36.67577
7431250 -14.8226549 36.50376
7437500 -12.4788282 36.41031
7443750 -10.4718264 36.35006
7450000 -8.4799812 36.29719
7456250 -6.314697 36.22338
7462500 -3.932122 36.07701
7468750 -1.957056 35.77585
7475000 -2.219183 35.3879
7481250 -4.338788 35.21467
7487500 -6.052491 35.27255
7493750 -6.6066806 35.42382
7500000 -6.1671231 35.57409
7506250 -5.0638683 35.68263
7512500 -3.497069 35.73137
7518750 -1.530495 35.69224
7525000 0.675975000000001 35.4895
7531250 1.716398 34.99633
7537500 -1.304739 34.4042
7543750 -7.133932 34.0368
7550000 -15.0808 33.67464
7556250 -21.9618787 32.17377
7562500 -14.3411799 31.38019
7568750 -9.8075823 31.2451
7575000 -6.593612 31.1949
7581250 -3.813568 31.13498
7587500 -1.284613 30.99693
7593750 0.273617999999999 30.72463
7600000 -0.365072000000001 30.44171
7606250 -2.237941 30.35744
7612500 -3.7004858 30.44539
7618750 -4.2637971 30.60079
7625000 -4.0439259 30.75378
7631250 -3.270931 30.87158
7637500 -2.1079658 30.93735
7643750 -0.669448000000001 30.92971
7650000 0.786647 30.80912
7656250 1.409135 30.54482
7662500 0.0342070000000003 30.2478
7668750 -2.843851 30.11263
7675000 -5.891995 30.17812
7681250 -8.2426856 30.40655
7687500 -9.2346715 30.72611
7693750 -8.7372872 31.02253
7700000 -7.2739403 31.21625
7706250 -5.3900876 31.28122
7712500 -3.579789 31.19339
7718750 -2.802998 30.94478
7725000 -4.093118 30.66411
7731250 -6.8897611 30.52451
7737500 -10.151687 30.55393
7743750 -13.4085714 30.74537
7750000 -16.0586384 31.12739
7756250 -16.6786983 31.65517
7762500 -14.8670328 32.093
7768750 -12.0593537 32.32334
7775000 -9.180252 32.36171
7781250 -6.939257 32.20907
7787500 -6.480587 31.93351
7793750 -7.900998 31.72666
7800000 -9.999176 31.66565
7806250 -12.0630101 31.71476
7812500 -13.8909097 31.84237
7818750 -15.3627865 32.0399
7825000 -16.1963697 32.30722
7831250 -15.8600961 32.6143
7837500 -14.012987 32.85642
7843750 -11.283319 32.89885
7850000 -9.372471 32.70765
7856250 -9.501431 32.47142
7862500 -10.696274 32.35806
7868750 -11.93855 32.35291
7875000 -12.9362063 32.4143
7881250 -13.6163185 32.52204
7887500 -13.8741003 32.668
7893750 -13.475423 32.83846
7900000 -12.103053 32.9824
7906250 -9.905788 32.97813
7912500 -8.668885 32.74495
7918750 -9.846901 32.52673
7925000 -11.8965 32.49074
7931250 -13.913322 32.58549
7937500 -15.865903 32.79185
7943750 -17.576477 33.16811
7950000 -17.428491 33.77821
7956250 -13.459487 34.34007
7962500 -7.39218 34.55631
7968750 -0.970963999999999 34.30784
7975000 0.752908999999999 33.60984
7981250 -1.779969 33.30531
7987500 -3.845884 33.30163
7993750 -5.172369 33.41483
8000000 -5.904681 33.59629
8006250 -5.987562 33.83182
8012500 -5.141983 34.10146
8018750 -2.945161 34.34442
8025000 0.851676000000001 34.40577
8031250 4.130975 33.97634
8037500 1.546939 33.48833
8043750 -2.303228 33.42772
8050000 -5.605168 33.53307
8056250 -8.859506 33.71043
8062500 -12.796765 33.97841
8068750 -18.318144 34.57918
8075000 -17.837655 35.97028
8081250 -10.592749 36.55726
8087500 -4.605822 36.71316
8093750 1.169339 36.60871
8100000 5.604997 36.01121
8106250 3.515823 35.33689
8112500 -0.158139000000002 35.13165
8118750 -3.115548 35.11077
8125000 -5.614395 35.15414
8131250 -7.982964 35.22844
8137500 -10.604903 35.33127
8143750 -14.348373 35.51268
8150000 -21.02753 36.43238
8156250 -8.209375 37.63441
8162500 0.311281000000001 36.51298
8168750 -3.837372 35.98301
8175000 -6.195537 35.92797
8181250 -7.401656 35.94442
8187500 -7.876269 35.96804
8193750 -7.65996 35.97316
8200000 -6.55411 35.93397
8206250 -4.024152 35.79664
8212500 0.929361 35.33652
8218750 1.972293 33.99428
8225000 -3.820981 33.36152
8231250 -7.000093 33.16449
8237500 -8.370778 33.092
8243750 -8.593451 33.08312
8250000 -7.956857 33.11317
8256250 -6.53167 33.1649
8262500 -4.19681 33.222
8268750 -0.508223999999998 33.26116
8275000 6.066042 33.20384
8281250 17.669874 31.58441
8287500 5.980813 30.67584
8293750 1.803249 30.62417
8300000 0.161275 30.63771
8306250 -0.0909390000000023 30.68149
8312500 0.662196999999999 30.76071
8318750 2.277789 30.89158
8325000 4.777836 31.1092
8331250 8.220955 31.51754
8337500 10.765899 32.36098
8343750 7.722927 33.25007
8350000 3.277452 33.71148
8356250 -0.485448000000002 33.98887
8362500 -3.783495 34.20069
8368750 -6.927155 34.39101
8375000 -10.228683 34.59263
8381250 -14.164766 34.87324
8387500 -19.181269 35.53286
8393750 -16.376827 36.94867
8400000 -5.25565 37.84482
8406250 -2.423103 39.70578
8412500 -9.264567 40.19473
8418750 -13.281974 40.24297
8425000 -16.020472 40.14036
8431250 -17.679583 39.93044
8437500 -18.062069 39.653
8443750 -17.057619 39.35501
8450000 -14.490328 39.05135
8456250 -9.082622 38.72976
8462500 11.878857 38.51313
8468750 -4.47442 34.94277
8475000 -8.389663 34.78257
8481250 -9.213557 34.72372
8487500 -8.8532 34.74902
8493750 -7.786576 34.84277
8500000 -6.069229 34.99781
8506250 -3.491782 35.21623
8512500 0.568681000000002 35.51933
8518750 8.136712 36.06028
8525000 12.471426 38.26153
8531250 4.283734 39.10315
8537500 0.952634 39.53393
8543750 -0.523004 39.91184
8550000 -1.04496 40.27819
8556250 -1.00074 40.64716
8562500 -0.595355000000001 41.02713
8568750 0.0638110000000012 41.42421
8575000 0.952423999999997 41.84577
8581250 2.135925 42.31097
8587500 3.688633 42.8821
8593750 4.736394 43.71985
8600000 1.451097 44.7253
8606250 -5.418909 45.33396
8612500 -13.606536 45.47447
8618750 -19.45931 44.68152
8625000 -15.050057 44.19481
8631250 -11.420284 44.26089
8637500 -8.66445 44.44636
8643750 -6.010493 44.68165
8650000 -2.826632 44.96821
8656250 1.957284 45.36728
8662500 10.734796 46.42508
8668750 5.035887 48.32218
8675000 -0.839648999999998 48.93331
8681250 -3.584296 49.39037
8687500 -4.585131 49.80788
8693750 -4.334766 50.20526
8700000 -2.930012 50.61427
8706250 0.102333000000002 51.14013
8712500 4.85608 52.35642
8718750 -2.218105 54.04703
8725000 -9.327745 55.01476
8731250 -11.576688 55.90064
8737500 -10.784824 56.52368
8743750 -9.406298 56.93583
8750000 -8.093179 57.24711
8756250 -6.914556 57.51108
8762500 -5.837754 57.75042
8768750 -4.784074 57.97337
8775000 -3.576101 58.18035
8781250 -1.758135 58.36506
8787500 2.262738 58.4887
8793750 12.831589 56.73399
8800000 -6.495928 56.27164
8806250 -15.27012 56.92748
8812500 -16.632967 57.72116
8818750 -14.980329 58.09607
8825000 -13.248853 58.25884
8831250 -11.513501 58.34164
8837500 -9.568819 58.38817
8843750 -7.152429 58.40888
8850000 -3.782495 58.38303
8856250 1.710147 58.16085
8862500 5.292797 56.89684
8868750 -2.699496 56.29436
8875000 -8.135616 56.32376
8881250 -11.87468 56.53144
8887500 -14.207263 56.85437
8893750 -14.892458 57.22191
8900000 -14.054705 57.53242
8906250 -12.057175 57.72571
8912500 -8.166507 57.75291
8918750 19.256895 54.69967
8925000 -10.706253 53.48712
8931250 -10.789792 53.08894
8937500 -9.253347 53.02995
8943750 -7.593731 53.08267
8950000 -5.848923 53.18944
8956250 -3.909188 53.33907
8962500 -1.564835 53.54206
8968750 1.632089 53.8441
8975000 6.634407 54.45354
8981250 7.932514 56.059
8987500 0.419513999999999 57.11308
8993750 -4.324522 57.83204
9000000 -6.096979 58.50038
9006250 -5.87816 59.03455
9012500 -4.91955 59.42739
9018750 -3.760097 59.723
9025000 -2.452289 59.94973
9031250 -0.787529999999997 60.10981
9037500 1.785368 60.1551
9043750 6.045406 59.76622
9050000 1.864549 58.62195
9056250 -7.819504 58.42257
9062500 -17.155147 58.66082
9068750 -25.887599 59.70203
9075000 -23.354581 60.74573
9081250 -21.145554 61.03679
9087500 -20.827659 61.13478
9093750 -22.38906 61.06815
9100000 -25.791908 60.18464
9106250 -10.832569 59.043
9112500 0.225761000000006 55.3746
9118750 -7.874472 55.49215
9125000 -10.258177 55.48842
9131250 -11.461854 55.45847
9137500 -12.105188 55.39466
9143750 -12.222646 55.28363
9150000 -11.541397 55.11487
9156250 -9.493537 54.8908
9162500 -5.074546 54.60638
9168750 4.546985 53.85146
9175000 -0.595205 52.01086
9181250 -7.470283 51.81397
9187500 -11.881644 51.9047
9193750 -15.580988 52.23573
9200000 -17.378895 52.92971
9206250 -14.504428 53.66514
9212500 -9.744271 54.10448
9218750 -4.689543 54.39436
9225000 1.368896 54.63498
9231250 12.391203 54.84821
9237500 12.040331 52.04351
9243750 3.316153 52.30978
9250000 -0.770714999999999 52.63999
9256250 -3.381664 53.02765
9262500 -4.965707 53.46665
9268750 -5.524411 53.92604
9275000 -5.143158 54.36097
9281250 -4.059463 54.74636
9287500 -2.445541 55.08917
9293750 -0.270444000000001 55.42401
9300000 2.672621 55.83848
9306250 5.633439 56.57993
9312500 3.205781 57.54381
9318750 -2.19286 57.98152
9325000 -6.765453 58.08156
9331250 -10.06908 57.98405
9337500 -11.504251 57.78373
9343750 -10.972984 57.64385
9350000 -9.230077 57.69569
9356250 -7.317843 58.10055
9362500 -10.303937 59.02101
9368750 -24.901426 59.94709
9375000 -21.376259 62.69886
9381250 -15.512388 62.97232
9387500 -12.592228 63.11193
9393750 -10.395662 63.2176
9400000 -8.276306 63.32067
9406250 -5.873721 63.4719
9412500 -3.666022 63.78763
9418750 -3.841946 64.14808
9425000 -4.50922 64.25961
9431250 -3.970796 64.29671
9437500 -2.589124 64.36436
9443750 -0.578218 64.48915
9450000 2.105359 64.71015
9456250 5.336267 65.14307
9462500 6.725965 65.93358
9468750 3.782464 66.63189
9475000 0.165007999999997 67.00561
9481250 -2.785747 67.2382
9487500 -5.120987 67.42352
9493750 -6.903779 67.60517
9500000 -7.974673 67.81934
9506250 -7.608888 68.11593
9512500 -3.114874 68.58879
9518750 4.859202 71.27128
9525000 -6.791822 72.01237
9531250 -9.812802 72.20173
9537500 -10.406631 72.28736
9543750 -9.803568 72.34878
9550000 -8.462479 72.42193
9556250 -6.554613 72.52461
9562500 -4.054235 72.6731
9568750 -0.720375000000001 72.90499
9575000 3.866328 73.35989
9581250 6.885928 74.43989
9587500 2.347618 75.36052
9593750 -2.13768 75.77818
9600000 -5.47843 76.05933
9606250 -8.079077 76.30488
9612500 -10.078649 76.54744
9618750 -11.378443 76.80227
9625000 -11.669752 77.07465
9631250 -10.463472 77.35886
9637500 -6.990086 77.65359
9643750 1.356625 78.09596
9650000 3.258586 80.58442
9656250 -5.544776 81.04253
9662500 -9.44404 81.25132
9668750 -11.898582 81.43244
9675000 -13.796285 81.62715
9681250 -15.518556 81.87618
9687500 -17.061787 82.26533
9693750 -16.746228 82.92331
9700000 -10.98121 83.5313599999999
9706250 -1.366093 83.28498
9712500 -2.576357 82.29774
9718750 -6.354972 82.22917
9725000 -8.337197 82.37186
9731250 -9.358335 82.5874
9737500 -9.592209 82.85492
9743750 -8.882746 83.15768
9750000 -6.983983 83.45503
9756250 -3.753775 83.68115
9762500 0.868104000000002 83.73357
9768750 5.973352 83.35926
9775000 5.778311 82.6616
9781250 2.723276 82.4225
9787500 0.548336000000001 82.42093
9793750 -0.834655999999999 82.49696
9800000 -1.679205 82.60625
9806250 -2.093573 82.73484
9812500 -2.056994 82.87558
9818750 -1.400216 83.01342
9825000 0.186327000000002 83.0899
9831250 2.2782 82.92445
9837500 1.302356 82.54829
9843750 -1.727813 82.4692
9850000 -3.924653 82.57157
9856250 -5.318483 82.70813
9862500 -6.238606 82.8372
9868750 -6.854871 82.94842
9875000 -7.210254 83.03704
9881250 -7.246495 83.09362
9887500 -6.806565 83.0872
9893750 -5.923865 82.90993
9900000 -7.206617 82.44919
9906250 -11.914218 82.2923
9912500 -14.739784 82.45723
9918750 -15.564985 82.59155
9925000 -15.543859 82.63557
9931250 -15.085647 82.61196
9937500 -14.232392 82.53631
9943750 -12.875242 82.4079
9950000 -10.7616 82.20164
9956250 -7.467855 81.82402
9962500 -3.922359 80.9631
9968750 -6.584796 79.88791
9975000 -10.734643 79.36655
9981250 -13.29763 79.09681
9987500 -14.680301 78.95957
9993750 -15.255454 78.93402
10000000 -15.082344 79.02078
10006250 -13.783571 79.21062
10012500 -10.632425 79.42488
10018750 -5.304791 79.45642
10025000 -0.148613000000001 78.95741
10031250 -1.00732 78.36756
10037500 -3.075827 78.21865
10043750 -4.311423 78.23702
10050000 -4.991877 78.3148
10056250 -5.368439 78.42297
10062500 -5.594234 78.55379
10068750 -5.784465 78.70823
10075000 -6.08609 78.89819
10081250 -6.916594 79.18522
10087500 -7.456374 80.74052
10093750 -0.835291999999999 78.9609
10100000 -2.76863 79.31501
10106250 -3.178212 79.57361
10112500 -3.204705 79.82075
10118750 -2.968645 80.07338
10125000 -2.407915 80.33787
10131250 -1.342905 80.61636
10137500 0.582342999999998 80.90548
10143750 4.178356 81.18738
10150000 12.619637 81.33708
10156250 13.396008 79.10157
10162500 3.923851 79.20901
10168750 -0.295135999999999 79.47028
10175000 -2.821288 79.74754
10181250 -4.434941 80.03491
10187500 -5.342464 80.34345
10193750 -5.381833 80.6906
10200000 -3.772344 81.07716
10206250 1.683729 81.32869
10212500 5.719779 80.23163
10218750 -1.351026 80.06392
10225000 -4.33154 80.29824
10231250 -5.629613 80.54566
10237500 -6.085252 80.777
10243750 -5.965019 80.99214
10250000 -5.321936 81.19253
10256250 -4.069225 81.37741
10262500 -1.904161 81.54155
10268750 2.168221 81.66413
10275000 14.980605 81.42954
10281250 2.985907 78.97631
10287500 -6.407373 78.89597
10293750 -13.216783 78.57753
10300000 -14.783064 77.80558
10306250 -10.530952 77.44275
10312500 -5.976367 77.45642
10318750 -1.161671 77.6588
10325000 4.744519 78.16006
10331250 7.602477 79.41183
10337500 2.472141 80.27372
10343750 -1.885473 80.67726
10350000 -5.364286 80.97442
10356250 -8.531039 81.23836
10362500 -11.650356 81.48461
10368750 -14.762985 81.71541
10375000 -17.654602 81.93143
10381250 -19.705555 82.13388
10387500 -19.811995 82.32677
10393750 -16.979952 82.55256
10400000 -11.512261 82.99633
10406250 -8.085061 83.88283
10412500 -9.395182 84.46658
10418750 -10.260562 84.67971
10425000 -10.074587 84.76937
10431250 -9.093382 84.82003
10437500 -7.440398 84.86537
10443750 -5.078514 84.92695
10450000 -1.740451 85.03578
10456250 3.328645 85.29935
10462500 9.185034 86.32175
10468750 3.565708 87.3876
10475000 -1.714028 87.6512
10481250 -5.461637 87.72498
10487500 -8.548847 87.67772
10493750 -10.85379 87.43828
10500000 -10.166209 87.00265
10506250 -5.404212 86.79533
10512500 0.710805999999998 87.09688
10518750 3.731464 87.94756
10525000 1.85017 88.62819
10531250 -0.129823000000002 89.02598
10537500 -1.337776 89.35327
10543750 -1.880254 89.69638
10550000 -1.800028 90.10242
10556250 -1.080405 90.61494
10562500 0.122655000000002 91.27883
10568750 1.062052 92.09234
10575000 0.971055 92.91228
10581250 0.427745999999999 93.59159
10587500 0.271162 94.13578
10593750 0.847186999999998 94.60648
10600000 2.362991 95.0721
10606250 5.058311 95.65205
10612500 7.595834 96.63741
10618750 4.320614 97.73585
10625000 -0.617667999999998 98.32509
10631250 -4.54842 98.67932
10637500 -7.712777 98.92532
10643750 -10.345911 99.08755
10650000 -12.407148 99.15782
10656250 -13.458784 99.13668
10662500 -12.937773 99.09368
10668750 -10.966439 99.1411
10675000 -8.094838 99.33042
10681250 -4.451165 99.68081
10687500 0.37679 100.30728
10693750 3.82401 101.64487
10700000 -0.874202 102.87428
10706250 -5.168718 103.58519
10712500 -7.844785 104.15924
10718750 -9.401007 104.67715
10725000 -10.184647 105.16083
10731250 -10.372826 105.63214
10737500 -9.923569 106.1197
10743750 -8.498872 106.65252
10750000 -5.407176 107.25158
10756250 0.431059999999999 107.99187
10762500 7.42694 109.5182
10768750 2.815649 110.8557
10775000 -0.352616000000001 111.37962
10781250 -1.679769 111.72555
10787500 -1.952042 112.01116
10793750 -1.346617 112.27972
10800000 0.388704999999998 112.56912
10806250 4.370018 112.97493
10812500 12.297942 114.42902
10818750 1.879851 115.99347
10825000 -4.459085 116.52594
10831250 -7.681693 116.9709
10837500 -8.912142 117.36054
10843750 -8.796719 117.68021
10850000 -7.746014 117.94125
10856250 -5.877819 118.1751
10862500 -3.041066 118.43204
10868750 1.155702 118.82536
10875000 5.810385 119.70841
10881250 3.702801 120.84859
10887500 -0.177131000000003 121.44485
10893750 -2.626996 121.88101
10900000 -4.005124 122.31642
10906250 -4.586995 122.78944
10912500 -4.550854 123.29608
10918750 -4.080329 123.81395
10925000 -3.34056 124.32268
10931250 -2.404762 124.82067
10937500 -1.264491 125.33734
10943750 -0.0538750000000014 125.95083
10950000 0.0493179999999995 126.77304
10956250 -3.254432 127.67582
10962500 -9.181664 128.41616
10968750 -16.423168 129.22322
10975000 -20.127804 130.63616
10981250 -15.920388 131.58176
10987500 -12.12472 132.0544
10993750 -8.670014 132.40887
11000000 -4.464368 132.73329
11006250 2.939304 133.05096
11012500 13.604458 130.35141
11018750 -0.372328000000003 130.64258
11025000 -4.661634 130.98603
11031250 -6.67298 131.319
11037500 -7.557446 131.63585
11043750 -7.758342 131.94423
11050000 -7.46355 132.26391
11056250 -6.689507 132.63426
11062500 -5.259655 133.14886
11068750 -3.114444 134.09245
11075000 -4.427822 135.77282
11081250 -7.641325 137.11404
11087500 -7.950496 137.89599
11093750 -7.292065 138.39404
11100000 -6.464092 138.78124
11106250 -5.706291 139.13631
11112500 -5.22952 139.49541
11118750 -5.331554 139.86245
11125000 -6.284668 140.19749
11131250 -7.968623 140.4112
11137500 -9.058328 140.40605
11143750 -7.026658 140.38653
11150000 -3.870963 140.81004
11156250 -3.96324 141.48354
11162500 -6.160537 142.00369
11168750 -8.406048 142.4114
11175000 -10.166787 142.80811
11181250 -11.074244 143.2463
11187500 -10.565033 143.72264
11193750 -8.210992 144.17692
11200000 -3.752307 144.56146
11206250 4.833224 144.91278
11212500 11.815517 141.67078
11218750 0.659428999999999 142.02143
11225000 -3.336813 142.20291
11231250 -5.46793 142.35122
11237500 -6.58651 142.48226
11243750 -6.89445 142.60352
11250000 -6.328767 142.72191
11256250 -4.572221 142.84847
11262500 -0.736018999999999 143.01484
11268750 8.993431 143.49551
11275000 5.539516 145.87121
11281250 -1.610238 146.20814
11287500 -4.506432 146.4085
11293750 -5.597919 146.60377
11300000 -5.554184 146.82208
11306250 -4.644459 147.09131
11312500 -3.069054 147.46589
11318750 -1.558352 148.04558
11325000 -2.328841 148.81578
11331250 -5.887469 149.46139
11337500 -10.389025 149.9247
11343750 -15.813883 150.34796
11350000 -24.75767 151.09066
11356250 -22.831126 153.34776
11362500 -14.572115 154.05735
11368750 -9.739583 154.64144
11375000 -6.990316 155.31797
11381250 -6.405624 156.02177
11387500 -7.126269 156.65177
11393750 -8.053963 157.22388
11400000 -8.608085 157.7934
11406250 -8.536677 158.39326
11412500 -7.881945 159.02765
11418750 -7.048154 159.68195
11425000 -6.578282 160.32404
11431250 -6.687601 160.91428
11437500 -7.141325 161.4475
11443750 -7.417962 161.98837
11450000 -5.352797 162.75871
11456250 4.096029 160.6445
11462500 -7.031218 161.54882
11468750 -9.006289 161.97131
11475000 -9.850299 162.25719
11481250 -10.286333 162.48938
11487500 -10.425954 162.69829
11493750 -10.206046 162.89932
11500000 -9.373513 163.10172
11506250 -7.138239 163.30503
11512500 0.679916000000006 163.37933
11518750 -5.865233 161.05396
11525000 -18.137188 161.37408
11531250 -27.972618 162.03715
11537500 -33.494871 163.88651
11543750 -25.611096 164.94735
11550000 -19.782451 165.40904
11556250 -14.710723 165.74899
11562500 -9.512733 166.06375
11568750 -3.371212 166.4559
11575000 3.986621 167.31238
11581250 2.959185 168.63984
11587500 -0.978003999999999 169.163
11593750 -3.177966 169.43068
11600000 -4.279459 169.62933
11606250 -4.536915 169.81385
11612500 -3.941194 170.043
11618750 -3.001104 170.44594
11625000 -4.240637 170.97509
11631250 -6.688088 171.26835
11637500 -8.085665 171.4392
11643750 -8.596671 171.62117
11650000 -8.579677 171.84687
11656250 -8.183127 172.1227
11662500 -7.428031 172.4522
11668750 -6.262961 172.84054
11675000 -4.584946 173.29801
11681250 -2.269059 173.85225
11687500 0.569175000000001 174.58474
11693750 2.110875 175.60172
11700000 -0.105350999999999 176.56988
11706250 -3.428579 177.19681
11712500 -6.235438 177.60623
11718750 -8.425706 177.88283
11725000 -10.044072 178.0562
11731250 -11.037686 178.13529
11737500 -11.226771 178.12438
11743750 -10.334424 178.02927
11750000 -8.05481 177.8394
11756250 -4.250171 177.43489
11762500 -2.312254 176.50787
11768750 -6.891366 175.80938
11775000 -11.803844 175.57503
11781250 -16.566835 175.48773
11787500 -23.012903 175.42169
11793750 -41.870576 173.91164
11800000 -22.032258 172.53703
11806250 -14.812213 172.49068
11812500 -9.287032 172.43544
11818750 -3.762861 172.2464
11825000 0.891050999999997 171.63675
11831250 -0.852936 170.91033
11837500 -4.651309 170.70245
11843750 -7.763532 170.74308
11850000 -10.359602 170.92182
11856250 -12.445836 171.24106
11862500 -13.322459 171.71617
11868750 -11.936329 172.2388
11875000 -8.568222 172.62844
11881250 -3.891517 172.81477
11887500 2.267782 172.59769
11893750 2.601281 171.57706
11900000 -4.018645 171.25669
11906250 -9.918005 171.3035
11912500 -16.888562 171.45396
11918750 -35.052159 171.94961
11925000 -20.973249 174.81545
11931250 -14.473788 175.05409
11937500 -10.502883 175.2934
11943750 -6.887834 175.57527
11950000 -2.00914 175.96883
11956250 9.217135 177.12187
11962500 0.00972699999999804 179.47245
11968750 -5.316421 180.16497
11975000 -6.580631 180.66081
11981250 -6.247303 181.01366
11987500 -5.203044 181.27264
11993750 -3.634944 181.47498
12000000 -1.351521 181.64165
12006250 2.403599 181.77912
12012500 11.377625 181.82474
12018750 9.416354 179.12391
12025000 -0.729907000000001 179.19605
12031250 -6.115307 179.35998
12037500 -9.877709 179.56899
12043750 -12.407379 179.82132
12050000 -13.438683 180.09017
12056250 -12.561208 180.30992
12062500 -9.211843 180.41789
12068750 -0.586783999999994 180.35849
12075000 2.948784 177.4945
12081250 -6.087265 177.33078
12087500 -8.937648 177.30357
12093750 -10.028831 177.33169
12100000 -10.304868 177.40677
12106250 -10.08768 177.52734
12112500 -9.461633 177.69888
12118750 -8.363451 177.93743
12125000 -6.588288 178.28004
12131250 -3.887783 178.82021
12137500 -1.366209 179.75257
12143750 -2.867443 180.819
12150000 -5.61813 181.49661
12156250 -7.213446 181.9326
12162500 -7.778981 182.25065
12168750 -7.628005 182.50558
12175000 -6.952915 182.72728
12181250 -5.823475 182.9335
12187500 -4.183576 183.13652
12193750 -1.796447 183.35013
12200000 2.000463 183.60798
12206250 9.54874 184.12861
12212500 9.837236 186.27367
12218750 1.064472 186.84279
12225000 -3.723144 187.10952
12231250 -7.109044 187.32563
12237500 -9.914645 187.52165
12243750 -12.661947 187.70181
12250000 -16.155335 187.85544
12256250 -23.708236 187.86813
12262500 -20.196521 185.40636
12268750 -4.653587 185.42773
12275000 15.518716 182.22578
12281250 0.0504280000000001 182.519
12287500 -3.190521 182.68195
12293750 -4.613427 182.84359
12300000 -5.290381 183.0098
12306250 -5.540722 183.18478
12312500 -5.48847 183.37425
12318750 -5.192062 183.58755
12325000 -4.728856 183.84044
12331250 -4.344386 184.14667
12337500 -4.343075 184.47375
12343750 -4.386956 184.77948
12350000 -4.169708 185.09936
12356250 -3.890643 185.45829
12362500 -3.75987 185.8435
12368750 -3.82402 186.22789
12375000 -3.987296 186.5878
12381250 -4.096648 186.9111
12387500 -4.003569 187.1957
12393750 -3.5566 187.44554
12400000 -2.518646 187.67101
12406250 -0.328251000000002 187.90999
12412500 4.304101 188.43312
12418750 1.438716 189.74683
12425000 -5.506919 189.84012
12431250 -7.351297 189.66019
12437500 -6.81879 189.60739
12443750 -5.464607 189.68059
12450000 -3.603163 189.8563
12456250 -1.187714 190.16754
12462500 1.367999 190.74596
12468750 1.048757 191.63504
12475000 -2.839138 192.33366
12481250 -6.863633 192.78829
12487500 -10.20876 193.16682
