   2.3875363e+01
   2.3706830e+01
   2.3189721e+01
   2.2287140e+01
   2.0928239e+01
   1.8987874e+01
   1.6240059e+01
   1.2264489e+01
   6.7358221e+00
   5.4225566e+00
   9.2797584e+00
   1.1546059e+01
   1.2240334e+01
   1.1584646e+01
   9.3643501e+00
   4.3670303e+00
  -1.8280453e+01
   3.1962965e+00
   9.0128333e+00
   1.1628793e+01
   1.2605722e+01
   1.2253111e+01
   1.0364134e+01
   5.7735512e+00
  -8.0701139e+00
   5.7075750e+00
   1.1841007e+01
   1.5047136e+01
   1.6830096e+01
   1.7628632e+01
   1.7584232e+01
   1.6692026e+01
   1.4843035e+01
   1.2014861e+01
   9.9136521e+00
   1.2047878e+01
   1.5265931e+01
   1.7563245e+01
   1.8935354e+01
   1.9526200e+01
   1.9405100e+01
   1.8571021e+01
   1.6992041e+01
   1.4828769e+01
   1.3396036e+01
   1.4736842e+01
   1.7322258e+01
   1.9474968e+01
   2.0925953e+01
   2.1724889e+01
   2.1927581e+01
   2.1560323e+01
   2.0642562e+01
   1.9281615e+01
   1.7960518e+01
   1.7755261e+01
   1.9021800e+01
   2.0724623e+01
   2.2098103e+01
   2.2920863e+01
   2.3154735e+01
   2.2801980e+01
   2.1919917e+01
   2.0814873e+01
   2.0416246e+01
   2.1610601e+01
   2.3700729e+01
   2.5695931e+01
   2.7252770e+01
   2.8332624e+01
   2.8971495e+01
   2.9222950e+01
   2.9160887e+01
   2.8906830e+01
   2.8661331e+01
   2.8678802e+01
   2.9117352e+01
   2.9897760e+01
   3.0791770e+01
   3.1599104e+01
   3.2210102e+01
   3.2587550e+01
   3.2742206e+01
   3.2723479e+01
   3.2620093e+01
   3.2554353e+01
   3.2647758e+01
   3.2959203e+01
   3.3449498e+01
   3.4015495e+01
   3.4553891e+01
   3.4998824e+01
   3.5328436e+01
   3.5559171e+01
   3.5737801e+01
   3.5929706e+01
   3.6198750e+01
   3.6581929e+01
   3.7074161e+01
   3.7635817e+01
   3.8215732e+01
   3.8771747e+01
   3.9279712e+01
   3.9732909e+01
   4.0136795e+01
   4.0502406e+01
   4.0840305e+01
   4.1156505e+01
   4.1451401e+01
   4.1721758e+01
   4.1964645e+01
   4.2181570e+01
   4.2381163e+01
   4.2579148e+01
   4.2794990e+01
   4.3045697e+01
   4.3339101e+01
   4.3670066e+01
   4.4021925e+01
   4.4372288e+01
   4.4700105e+01
   4.4991141e+01
   4.5240695e+01
   4.5453666e+01
   4.5642349e+01
   4.5822347e+01
   4.6007362e+01
   4.6204386e+01
   4.6411238e+01
   4.6617559e+01
   4.6808731e+01
   4.6970878e+01
   4.7095120e+01
   4.7180078e+01
   4.7232277e+01
   4.7264403e+01
   4.7291540e+01
   4.7326091e+01
   4.7373002e+01
   4.7427390e+01
   4.7475790e+01
   4.7500469e+01
   4.7484962e+01
   4.7419039e+01
   4.7302175e+01
   4.7145120e+01
   4.6969037e+01
   4.6801323e+01
   4.6667812e+01
   4.6583306e+01
   4.6544989e+01
   4.6532866e+01
   4.6517092e+01
   4.6467993e+01
   4.6364560e+01
   4.6199826e+01
   4.5983421e+01
   4.5741339e+01
   4.5511654e+01
   4.5334485e+01
   4.5237537e+01
   4.5224025e+01
   4.5271234e+01
   4.5340787e+01
   4.5393224e+01
   4.5399061e+01
   4.5343875e+01
   4.5228782e+01
   4.5068020e+01
   4.4884267e+01
   4.4701794e+01
   4.4538588e+01
   4.4400263e+01
   4.4278859e+01
   4.4157260e+01
   4.4016798e+01
   4.3844529e+01
   4.3637840e+01
   4.3405544e+01
   4.3165281e+01
   4.2937462e+01
   4.2737238e+01
   4.2567850e+01
   4.2419101e+01
   4.2272123e+01
   4.2108001e+01
   4.1916375e+01
   4.1701174e+01
   4.1481838e+01
   4.1288640e+01
   4.1151594e+01
   4.1086133e+01
   4.1083360e+01
   4.1111635e+01
   4.1128169e+01
   4.1092873e+01
   4.0978448e+01
   4.0775826e+01
   4.0496685e+01
   4.0173735e+01
   3.9856681e+01
   3.9600155e+01
   3.9443664e+01
   3.9393296e+01
   3.9419251e+01
   3.9471450e+01
   3.9500750e+01
   3.9473562e+01
   3.9377418e+01
   3.9220483e+01
   3.9027422e+01
   3.8831769e+01
   3.8664838e+01
   3.8543996e+01
   3.8466086e+01
   3.8410195e+01
   3.8347774e+01
   3.8253968e+01
   3.8115315e+01
   3.7932433e+01
   3.7718193e+01
   3.7492043e+01
   3.7271644e+01
   3.7064523e+01
   3.6863744e+01
   3.6650141e+01
   3.6400014e+01
   3.6094696e+01
   3.5728875e+01
   3.5316046e+01
   3.4889489e+01
   3.4495680e+01
   3.4177768e+01
   3.3953969e+01
   3.3804931e+01
   3.3680727e+01
   3.3521573e+01
   3.3277898e+01
   3.2922673e+01
   3.2458020e+01
   3.1919485e+01
   3.1375887e+01
   3.0915127e+01
   3.0608027e+01
   3.0466633e+01
   3.0435510e+01
   3.0426026e+01
   3.0359501e+01
   3.0191318e+01
   2.9917314e+01
   2.9572277e+01
   2.9222014e+01
   2.8942172e+01
   2.8782567e+01
   2.8737154e+01
   2.8746912e+01
   2.8732446e+01
   2.8627422e+01
   2.8396330e+01
   2.8040430e+01
   2.7599111e+01
   2.7145599e+01
   2.6767117e+01
   2.6524613e+01
   2.6414598e+01
   2.6369916e+01
   2.6298908e+01
   2.6126243e+01
   2.5814443e+01
   2.5372139e+01
   2.4858084e+01
   2.4375725e+01
   2.4038766e+01
   2.3904646e+01
   2.3928888e+01
   2.3993553e+01
   2.3974151e+01
   2.3782339e+01
   2.3377139e+01
   2.2768443e+01
   2.2029019e+01
   2.1308856e+01
   2.0807697e+01
   2.0657029e+01
   2.0802035e+01
   2.1050464e+01
   2.1213893e+01
   2.1177492e+01
   2.0899452e+01
   2.0400198e+01
   1.9765717e+01
   1.9152506e+01
   1.8747088e+01
   1.8649461e+01
   1.8784788e+01
   1.8968454e+01
   1.9030379e+01
   1.8871071e+01
   1.8464262e+01
   1.7858569e+01
   1.7194249e+01
   1.6697409e+01
   1.6567664e+01
   1.6799845e+01
   1.7185036e+01
   1.7487746e+01
   1.7554021e+01
   1.7313402e+01
   1.6761140e+01
   1.5967381e+01
   1.5118600e+01
   1.4529363e+01
   1.4466394e+01
   1.4868562e+01
   1.5416305e+01
   1.5822313e+01
   1.5932096e+01
   1.5686050e+01
   1.5082838e+01
   1.4182421e+01
   1.3150907e+01
   1.2304387e+01
   1.1982095e+01
   1.2209950e+01
   1.2666996e+01
   1.3018729e+01
   1.3080507e+01
   1.2786598e+01
   1.2149200e+01
   1.1266003e+01
   1.0366581e+01
   9.8008980e+00
   9.7962021e+00
   1.0196819e+01
   1.0643301e+01
   1.0860794e+01
   1.0707116e+01
   1.0118046e+01
   9.0756370e+00
   7.6361097e+00
   6.0590557e+00
   4.9733459e+00
   4.9524168e+00
   5.6452761e+00
   6.3120087e+00
   6.5414912e+00
   6.1703692e+00
   5.1011640e+00
   3.2345248e+00
   5.9736994e-01
  -1.6774043e+00
  -9.0307725e-01
   1.5086302e+00
   3.4021852e+00
   4.4656605e+00
   4.7702324e+00
   4.3757353e+00
   3.2859269e+00
   1.4392024e+00
  -1.3182144e+00
  -5.3139436e+00
  -1.1304774e+01
  -2.0322361e+01
  -1.8208606e+01
  -1.3087247e+01
  -8.8442524e+00
  -5.0605640e+00
  -2.0469000e+00
   1.3186136e-01
   1.5307924e+00
   2.2091738e+00
   2.2130205e+00
   1.6253492e+00
   7.5306114e-01
   4.5250159e-01
   1.5604969e+00
   3.5061260e+00
   5.3490997e+00
   6.7199265e+00
   7.5553139e+00
   7.8763237e+00
   7.7360447e+00
   7.2489622e+00
   6.6789884e+00
   6.4892908e+00
   7.0416290e+00
   8.1518776e+00
   9.3496131e+00
   1.0318814e+01
   1.0934820e+01
   1.1172814e+01
   1.1061191e+01
   1.0685405e+01
   1.0223995e+01
   9.9622106e+00
   1.0158566e+01
   1.0805473e+01
   1.1644911e+01
   1.2413581e+01
   1.2964017e+01
   1.3249005e+01
   1.3289708e+01
   1.3166393e+01
   1.3019180e+01
   1.3020440e+01
   1.3287303e+01
   1.3795633e+01
   1.4406696e+01
   1.4970096e+01
   1.5388370e+01
   1.5625900e+01
   1.5699638e+01
   1.5671279e+01
   1.5636252e+01
   1.5694347e+01
   1.5900933e+01
   1.6233797e+01
   1.6611072e+01
   1.6940598e+01
   1.7157477e+01
   1.7237952e+01
   1.7201151e+01
   1.7106533e+01
   1.7042069e+01
   1.7092567e+01
   1.7294542e+01
   1.7613257e+01
   1.7966075e+01
   1.8267108e+01
   1.8457603e+01
   1.8515934e+01
   1.8458075e+01
   1.8335141e+01
   1.8224415e+01
   1.8205205e+01
   1.8321682e+01
   1.8558120e+01
   1.8850891e+01
   1.9125234e+01
   1.9326396e+01
   1.9433223e+01
   1.9459815e+01
   1.9450736e+01
   1.9468309e+01
   1.9569014e+01
   1.9776226e+01
   2.0068365e+01
   2.0392950e+01
   2.0693802e+01
   2.0932393e+01
   2.1096982e+01
   2.1202725e+01
   2.1285651e+01
   2.1390276e+01
   2.1551727e+01
   2.1779490e+01
   2.2053318e+01
   2.2334184e+01
   2.2581780e+01
   2.2768444e+01
   2.2885899e+01
   2.2946049e+01
   2.2977159e+01
   2.3015271e+01
   2.3091455e+01
   2.3219236e+01
   2.3389400e+01
   2.3575760e+01
   2.3747866e+01
   2.3883281e+01
   2.3974952e+01
   2.4033005e+01
   2.4081419e+01
   2.4149883e+01
   2.4262342e+01
   2.4426784e+01
   2.4632106e+01
   2.4853998e+01
   2.5065851e+01
   2.5248689e+01
   2.5396757e+01
   2.5518301e+01
   2.5632098e+01
   2.5760477e+01
   2.5920536e+01
   2.6116990e+01
   2.6340298e+01
   2.6570955e+01
   2.6787188e+01
   2.6972137e+01
   2.7118128e+01
   2.7227592e+01
   2.7311066e+01
   2.7382899e+01
   2.7455676e+01
   2.7535102e+01
   2.7617409e+01
   2.7690427e+01
   2.7737633e+01
   2.7743226e+01
   2.7696384e+01
   2.7593782e+01
   2.7440192e+01
   2.7247202e+01
   2.7030142e+01
   2.6803650e+01
   2.6577102e+01
   2.6351794e+01
   2.6121425e+01
   2.5875947e+01
   2.5607241e+01
   2.5314531e+01
   2.5007641e+01
   2.4706618e+01
   2.4436642e+01
   2.4218809e+01
   2.4060449e+01
   2.3950761e+01
   2.3864974e+01
   2.3774573e+01
   2.3658065e+01
   2.3508271e+01
   2.3334838e+01
   2.3161626e+01
   2.3018627e+01
   2.2929703e+01
   2.2901185e+01
   2.2918181e+01
   2.2951163e+01
   2.2968295e+01
   2.2946711e+01
   2.2879114e+01
   2.2775335e+01
   2.2659233e+01
   2.2560916e+01
   2.2505358e+01
   2.2501674e+01
   2.2539080e+01
   2.2592136e+01
   2.2631615e+01
   2.2634865e+01
   2.2591964e+01
   2.2507182e+01
   2.2396422e+01
   2.2281254e+01
   2.2180710e+01
   2.2103566e+01
   2.2044831e+01
   2.1988421e+01
   2.1914421e+01
   2.1807193e+01
   2.1661249e+01
   2.1483525e+01
   2.1291636e+01
   2.1108085e+01
   2.0951506e+01
   2.0828266e+01
   2.0728922e+01
   2.0631800e+01
   2.0511573e+01
   2.0348495e+01
   2.0135076e+01
   1.9879068e+01
   1.9602297e+01
   1.9334592e+01
   1.9102956e+01
   1.8919424e+01
   1.8774318e+01
   1.8639564e+01
   1.8479954e+01
   1.8265822e+01
   1.7982384e+01
   1.7634646e+01
   1.7247859e+01
   1.6862117e+01
   1.6519140e+01
   1.6243655e+01
   1.6029474e+01
   1.5840990e+01
   1.5629220e+01
   1.5351383e+01
   1.4985333e+01
   1.4537641e+01
   1.4046140e+01
   1.3573710e+01
   1.3186836e+01
   1.2921478e+01
   1.2758877e+01
   1.2634263e+01
   1.2470161e+01
   1.2207547e+01
   1.1823072e+01
   1.1337208e+01
   1.0817048e+01
   1.0364776e+01
   1.0075997e+01
   9.9793310e+00
   1.0012734e+01
   1.0064348e+01
   1.0031534e+01
   9.8533145e+00
   9.5190340e+00
   9.0708037e+00
   8.6028010e+00
   8.2399224e+00
   8.0771227e+00
   8.1116288e+00
   8.2424086e+00
   8.3373514e+00
   8.2941762e+00
   8.0632347e+00
   7.6525226e+00
   7.1347608e+00
   6.6504899e+00
   6.3691326e+00
   6.3840925e+00
   6.6320844e+00
   6.9466839e+00
   7.1704497e+00
   7.2104464e+00
   7.0420639e+00
   6.7045088e+00
   6.3018442e+00
   5.9887745e+00
   5.9038763e+00
   6.0709543e+00
   6.3789746e+00
   6.6680846e+00
   6.8135055e+00
   6.7516131e+00
   6.4773613e+00
   6.0436353e+00
   5.5652417e+00
   5.2014367e+00
   5.0816483e+00
   5.2096741e+00
   5.4601881e+00
   5.6723119e+00
   5.7268484e+00
   5.5661499e+00
   5.1911761e+00
   4.6643090e+00
   4.1173673e+00
   3.7306837e+00
   3.6398671e+00
   3.8258783e+00
   4.1309439e+00
   4.3766484e+00
   4.4414562e+00
   4.2716197e+00
   3.8745952e+00
   3.3245889e+00
   2.7755109e+00
   2.4348670e+00
   2.4435118e+00
   2.7495381e+00
   3.1550539e+00
   3.4632327e+00
   3.5509794e+00
   3.3673108e+00
   2.9222263e+00
   2.2957242e+00
   1.6607456e+00
   1.2623646e+00
   1.2706609e+00
   1.6167098e+00
   2.0599391e+00
   2.3752470e+00
   2.4282583e+00
   2.1597748e+00
   1.5644972e+00
   6.9749826e-01
  -2.8590410e-01
  -1.0952645e+00
  -1.4198233e+00
  -1.2236510e+00
  -7.8997586e-01
  -4.3339839e-01
  -3.3847264e-01
  -5.7889336e-01
  -1.1585215e+00
  -2.0140939e+00
  -2.9762366e+00
  -3.7356114e+00
  -3.9732075e+00
  -3.6707873e+00
  -3.1318969e+00
  -2.6757809e+00
  -2.4880131e+00
  -2.6521066e+00
  -3.1982578e+00
  -4.1138359e+00
  -5.2985137e+00
  -6.4469256e+00
  -7.0028424e+00
  -6.6344798e+00
  -5.7161182e+00
  -4.8099702e+00
  -4.2226078e+00
  -4.0662661e+00
  -4.3747368e+00
  -5.1425986e+00
  -6.2892881e+00
  -7.5187013e+00
  -8.1711458e+00
  -7.7199741e+00
  -6.5663322e+00
  -5.4067251e+00
  -4.5895316e+00
  -4.2180233e+00
  -4.3133684e+00
  -4.8771287e+00
  -5.8939255e+00
  -7.2722926e+00
  -8.6650562e+00
  -9.2975024e+00
  -8.6595802e+00
  -7.3400044e+00
  -6.0864512e+00
  -5.2164208e+00
  -4.8145578e+00
  -4.8987101e+00
  -5.4660738e+00
  -6.4637383e+00
  -7.6523854e+00
  -8.3780328e+00
  -7.9196800e+00
  -6.5743557e+00
  -5.1634524e+00
  -4.1227423e+00
  -3.5778575e+00
  -3.5466639e+00
  -4.0041110e+00
  -4.8509953e+00
  -5.7876820e+00
  -6.2091795e+00
  -5.6638500e+00
  -4.5061656e+00
  -3.3633829e+00
  -2.5718860e+00
  -2.2403840e+00
  -2.3853877e+00
  -2.9726068e+00
  -3.8774119e+00
  -4.7722629e+00
  -5.1075222e+00
  -4.5937190e+00
  -3.6075013e+00
  -2.6749310e+00
  -2.0776667e+00
  -1.9151685e+00
  -2.2093520e+00
  -2.9349370e+00
  -3.9749144e+00
  -4.9925810e+00
  -5.3894035e+00
  -4.8422129e+00
  -3.7758884e+00
  -2.7602752e+00
  -2.0823797e+00
  -1.8345618e+00
  -2.0302991e+00
  -2.6350661e+00
  -3.5241124e+00
  -4.3746820e+00
  -4.6591398e+00
  -4.1126802e+00
  -3.1040342e+00
  -2.1426255e+00
  -1.5049490e+00
  -1.2880716e+00
  -1.5038224e+00
  -2.0974116e+00
  -2.8906618e+00
  -3.4904490e+00
  -3.4208368e+00
  -2.6430712e+00
  -1.6071824e+00
  -7.2688459e-01
  -1.9373302e-01
  -5.9762716e-02
  -3.0119933e-01
  -8.1594945e-01
  -1.3766796e+00
  -1.6317964e+00
  -1.3309436e+00
  -5.9867168e-01
   2.1875167e-01
   8.5228904e-01
   1.1752948e+00
   1.1561996e+00
   8.3013088e-01
   3.1202443e-01
  -1.7168759e-01
  -3.2454694e-01
   8.0406199e-03
   6.7826646e-01
   1.3984304e+00
   1.9531062e+00
   2.2407466e+00
   2.2415735e+00
   1.9992339e+00
   1.6294505e+00
   1.3291784e+00
   1.3179541e+00
   1.6835483e+00
   2.3014145e+00
   2.9536098e+00
   3.4697400e+00
   3.7640621e+00
   3.8208476e+00
   3.6838709e+00
   3.4598320e+00
   3.3127371e+00
   3.4046147e+00
   3.7865003e+00
   4.3572687e+00
   4.9489491e+00
   5.4246890e+00
   5.7111807e+00
   5.7927636e+00
   5.7034026e+00
   5.5249141e+00
   5.3781929e+00
   5.3837614e+00
   5.5939694e+00
   5.9570585e+00
   6.3570688e+00
   6.6815433e+00
   6.8588007e+00
   6.8642776e+00
   6.7177808e+00
   6.4816920e+00
   6.2537765e+00
   6.1383898e+00
   6.1937634e+00
   6.3939012e+00
   6.6467416e+00
   6.8474398e+00
   6.9177207e+00
   6.8187099e+00
   6.5520873e+00
   6.1618202e+00
   5.7355595e+00
   5.3901188e+00
   5.2229449e+00
   5.2493403e+00
   5.3891567e+00
   5.5195552e+00
   5.5349553e+00
   5.3748695e+00
   5.0312039e+00
   4.5557643e+00
   4.0699849e+00
   3.7473688e+00
   3.7260815e+00
   3.9985021e+00
   4.4178413e+00
   4.8125482e+00
   5.0683391e+00
   5.1426158e+00
   5.0552598e+00
   4.8808188e+00
   4.7344327e+00
   4.7295780e+00
   4.9117746e+00
   5.2261734e+00
   5.5572299e+00
   5.7928792e+00
   5.8595148e+00
   5.7285434e+00
   5.4161249e+00
   4.9870951e+00
   4.5565441e+00
   4.2640337e+00
   4.2022899e+00
   4.3491725e+00
   4.5845445e+00
   4.7698370e+00
   4.8049618e+00
   4.6420372e+00
   4.2833595e+00
   3.7837436e+00
   3.2559105e+00
   2.8534502e+00
   2.6991306e+00
   2.7940053e+00
   3.0146320e+00
   3.2022653e+00
   3.2374405e+00
   3.0605652e+00
   2.6711260e+00
   2.1337159e+00
   1.5899172e+00
   1.2359217e+00
   1.2136745e+00
   1.4871342e+00
   1.8731621e+00
   2.1800049e+00
   2.2860704e+00
   2.1457357e+00
   1.7825329e+00
   1.2979169e+00
   8.7927257e-01
   7.4210254e-01
   9.7540226e-01
   1.4556478e+00
   1.9617155e+00
   2.3171659e+00
   2.4285736e+00
   2.2700925e+00
   1.8722886e+00
   1.3294945e+00
   8.0898707e-01
   5.1011473e-01
   5.3842435e-01
   8.1123103e-01
   1.1319520e+00
   1.3227783e+00
   1.2780742e+00
   9.5996713e-01
   3.9328658e-01
  -3.1723530e-01
  -9.6311345e-01
  -1.2820847e+00
  -1.1504307e+00
  -7.1263554e-01
  -2.3621130e-01
   7.2071656e-02
   1.0591782e-01
  -1.6579266e-01
  -7.1089174e-01
  -1.4127421e+00
  -2.0368285e+00
  -2.2852920e+00
  -2.0290017e+00
  -1.4507564e+00
  -8.5232952e-01
  -4.4904484e-01
  -3.4343185e-01
  -5.6189034e-01
  -1.0709357e+00
  -1.7588569e+00
  -2.4038751e+00
  -2.7189462e+00
  -2.5631344e+00
  -2.0934697e+00
  -1.6011059e+00
  -1.3062124e+00
  -1.3199089e+00
  -1.6762131e+00
  -2.3467128e+00
  -3.2170474e+00
  -4.0431330e+00
  -4.4960362e+00
  -4.4214100e+00
  -4.0209193e+00
  -3.6341592e+00
  -3.5033988e+00
  -3.7517703e+00
  -4.4296712e+00
  -5.5265520e+00
  -6.9053100e+00
  -8.1362253e+00
  -8.5261866e+00
  -7.9111025e+00
  -6.9226842e+00
  -6.1258587e+00
  -5.7509387e+00
  -5.8645943e+00
  -6.4787766e+00
  -7.5608583e+00
  -8.9402526e+00
  -1.0082455e+01
  -1.0168837e+01
  -9.1691951e+00
  -7.8942372e+00
  -6.9025275e+00
  -6.3760422e+00
  -6.3480967e+00
  -6.8019284e+00
  -7.6648543e+00
  -8.7169772e+00
  -9.4658662e+00
  -9.3779502e+00
  -8.5609354e+00
  -7.6087334e+00
  -6.9487799e+00
  -6.7623476e+00
  -7.1237491e+00
  -8.0771751e+00
  -9.6316203e+00
  -1.1598934e+01
  -1.3100390e+01
  -1.2848776e+01
  -1.1425183e+01
  -1.0142946e+01
  -9.4874794e+00
  -9.5646624e+00
  -1.0445822e+01
  -1.2295990e+01
  -1.5498395e+01
  -2.0607451e+01
  -2.2279324e+01
  -1.7359991e+01
  -1.4105694e+01
  -1.2369963e+01
  -1.1682910e+01
  -1.1849652e+01
  -1.2837694e+01
  -1.4752804e+01
  -1.7865024e+01
  -2.2180993e+01
  -2.2930567e+01
  -1.8955452e+01
  -1.5916035e+01
  -1.4071133e+01
  -1.3104416e+01
  -1.2856486e+01
  -1.3293269e+01
  -1.4494019e+01
  -1.6706229e+01
  -2.0565354e+01
  -2.7449302e+01
  -2.6173506e+01
  -2.0095869e+01
  -1.6901296e+01
  -1.5303425e+01
  -1.4829989e+01
  -1.5378171e+01
  -1.7104813e+01
  -2.0629071e+01
  -2.8303810e+01
  -2.8848922e+01
  -2.0818113e+01
  -1.7145268e+01
  -1.5315041e+01
  -1.4662940e+01
  -1.4997861e+01
  -1.6361288e+01
  -1.9074067e+01
  -2.4254555e+01
  -3.9629504e+01
  -2.7701474e+01
  -2.1930094e+01
  -1.9531686e+01
  -1.8715414e+01
  -1.8975678e+01
  -2.0041372e+01
  -2.1489957e+01
  -2.2459684e+01
  -2.2366686e+01
  -2.1921749e+01
  -2.2072206e+01
  -2.3404095e+01
  -2.6442368e+01
  -2.9670912e+01
  -2.5676625e+01
  -2.1175685e+01
  -1.8378412e+01
  -1.6835969e+01
  -1.6300445e+01
  -1.6722424e+01
  -1.8240442e+01
  -2.1330657e+01
  -2.7388475e+01
  -3.0326248e+01
  -2.2929792e+01
  -1.9049037e+01
  -1.7048721e+01
  -1.6230376e+01
  -1.6357567e+01
  -1.7395375e+01
  -1.9449314e+01
  -2.2662860e+01
  -2.5859072e+01
  -2.4510835e+01
  -2.1374759e+01
  -1.9260335e+01
  -1.8188318e+01
  -1.7987652e+01
  -1.8602318e+01
  -2.0105820e+01
  -2.2714002e+01
  -2.6395526e+01
  -2.7224149e+01
  -2.3337826e+01
  -2.0034927e+01
  -1.7927130e+01
  -1.6778210e+01
  -1.6475482e+01
  -1.7046103e+01
  -1.8662574e+01
  -2.1579951e+01
  -2.4297385e+01
  -2.1309382e+01
  -1.7142954e+01
  -1.4257669e+01
  -1.2435667e+01
  -1.1448980e+01
  -1.1193331e+01
  -1.1653292e+01
  -1.2885892e+01
  -1.4992876e+01
  -1.7829418e+01
  -1.9448183e+01
  -1.7590480e+01
  -1.5087199e+01
  -1.3438441e+01
  -1.2710974e+01
  -1.2830893e+01
  -1.3761362e+01
  -1.5402282e+01
  -1.7080544e+01
  -1.6996387e+01
  -1.5028651e+01
  -1.2973577e+01
  -1.1547898e+01
  -1.0823425e+01
  -1.0767005e+01
  -1.1350721e+01
  -1.2526335e+01
  -1.4055144e+01
  -1.5097474e+01
  -1.4558915e+01
  -1.2920208e+01
  -1.1308548e+01
  -1.0172205e+01
  -9.5869490e+00
  -9.5407014e+00
  -1.0003062e+01
  -1.0898589e+01
  -1.1982591e+01
  -1.2650160e+01
  -1.2240389e+01
  -1.0970954e+01
  -9.5793533e+00
  -8.4943274e+00
  -7.8487745e+00
  -7.6603263e+00
  -7.8998553e+00
  -8.4796216e+00
  -9.1828485e+00
  -9.6032558e+00
  -9.3566907e+00
  -8.5239845e+00
  -7.5424013e+00
  -6.7632944e+00
  -6.3504058e+00
  -6.3583555e+00
  -6.7834243e+00
  -7.5531532e+00
  -8.4511672e+00
  -9.0410800e+00
  -8.8970583e+00
  -8.1175772e+00
  -7.1876793e+00
  -6.4745397e+00
  -6.1351018e+00
  -6.2100685e+00
  -6.6750065e+00
  -7.4235070e+00
  -8.1963458e+00
  -8.5675077e+00
  -8.2473356e+00
  -7.4358491e+00
  -6.5627062e+00
  -5.9199786e+00
  -5.6339852e+00
  -5.7435223e+00
  -6.2394283e+00
  -7.0506350e+00
  -7.9735836e+00
  -8.5995711e+00
  -8.5128055e+00
  -7.7723846e+00
  -6.8324741e+00
  -6.0634640e+00
  -5.6341544e+00
  -5.5955658e+00
  -5.9357526e+00
  -6.5730715e+00
  -7.2962761e+00
  -7.7231972e+00
  -7.5099908e+00
  -6.7379774e+00
  -5.8055123e+00
  -5.0355020e+00
  -4.5764263e+00
  -4.4665977e+00
  -4.6792134e+00
  -5.1219536e+00
  -5.6113547e+00
  -5.8848938e+00
  -5.7465109e+00
  -5.2487907e+00
  -4.6342878e+00
  -4.1339391e+00
  -3.8822182e+00
  -3.9334472e+00
  -4.2870024e+00
  -4.8884159e+00
  -5.6063228e+00
  -6.2157969e+00
  -6.4743546e+00
  -6.3139636e+00
  -5.9110250e+00
  -5.5185029e+00
  -5.3165143e+00
  -5.3923490e+00
  -5.7628053e+00
  -6.3764047e+00
  -7.0833647e+00
  -7.6119766e+00
  -7.6788360e+00
  -7.2496025e+00
  -6.5807867e+00
  -5.9689909e+00
  -5.5990787e+00
  -5.5556865e+00
  -5.8632644e+00
  -6.4969797e+00
  -7.3540942e+00
  -8.1949579e+00
  -8.6554346e+00
  -8.5153974e+00
  -7.9623741e+00
  -7.3741683e+00
  -7.0225060e+00
  -7.0377145e+00
  -7.4661250e+00
  -8.2954211e+00
  -9.4201894e+00
  -1.0544576e+01
  -1.1168182e+01
  -1.1011828e+01
  -1.0408905e+01
  -9.8712048e+00
  -9.7006861e+00
  -1.0024576e+01
  -1.0886755e+01
  -1.2244342e+01
  -1.3792861e+01
  -1.4661083e+01
  -1.4083174e+01
  -1.2713333e+01
  -1.1476238e+01
  -1.0730143e+01
  -1.0557348e+01
  -1.0984519e+01
  -1.2051196e+01
  -1.3807872e+01
  -1.6158405e+01
  -1.8095250e+01
  -1.7549853e+01
  -1.5418146e+01
  -1.3556340e+01
  -1.2400131e+01
  -1.1950107e+01
  -1.2181363e+01
  -1.3106333e+01
  -1.4744440e+01
  -1.6887433e+01
  -1.8260619e+01
  -1.7185551e+01
  -1.5042345e+01
  -1.3331710e+01
  -1.2358206e+01
  -1.2120138e+01
  -1.2600135e+01
  -1.3778321e+01
  -1.5457319e+01
  -1.6679414e+01
  -1.5957657e+01
  -1.3971571e+01
  -1.2150045e+01
  -1.0936948e+01
  -1.0367113e+01
  -1.0407734e+01
  -1.1018755e+01
  -1.2110664e+01
  -1.3388705e+01
  -1.4142714e+01
  -1.3726839e+01
  -1.2553442e+01
  -1.1407839e+01
  -1.0672493e+01
  -1.0459194e+01
  -1.0800471e+01
  -1.1719306e+01
  -1.3224630e+01
  -1.5183809e+01
  -1.6868930e+01
  -1.6869161e+01
  -1.5363431e+01
  -1.3757449e+01
  -1.2653921e+01
  -1.2158640e+01
  -1.2284794e+01
  -1.3068904e+01
  -1.4602236e+01
  -1.7002525e+01
  -1.9939660e+01
  -2.0696956e+01
  -1.8124386e+01
  -1.5535144e+01
  -1.3856556e+01
  -1.3043790e+01
  -1.3028355e+01
  -1.3830274e+01
  -1.5581649e+01
  -1.8513085e+01
  -2.2065200e+01
  -2.1355257e+01
  -1.7705104e+01
  -1.5063923e+01
  -1.3561452e+01
  -1.2982900e+01
  -1.3232773e+01
  -1.4328398e+01
  -1.6380669e+01
  -1.9399159e+01
  -2.1644843e+01
  -1.9716027e+01
  -1.6750289e+01
  -1.4695757e+01
  -1.3555345e+01
  -1.3182809e+01
  -1.3503648e+01
  -1.4518408e+01
  -1.6298956e+01
  -1.8945286e+01
  -2.2061955e+01
  -2.2771685e+01
  -2.0174139e+01
  -1.7587379e+01
  -1.5825623e+01
  -1.4809151e+01
  -1.4440216e+01
  -1.4688668e+01
  -1.5587719e+01
  -1.7212292e+01
  -1.9522710e+01
  -2.1482790e+01
  -2.0639408e+01
  -1.8111665e+01
  -1.6007265e+01
  -1.4727449e+01
  -1.4257024e+01
  -1.4599106e+01
  -1.5864894e+01
  -1.8377603e+01
  -2.2959134e+01
  -2.8793588e+01
  -2.3239952e+01
  -1.8625621e+01
  -1.6140853e+01
  -1.4952758e+01
  -1.4752917e+01
  -1.5481111e+01
  -1.7277337e+01
  -2.0637804e+01
  -2.7208535e+01
  -3.1474989e+01
  -2.3125892e+01
  -1.9160333e+01
  -1.7129852e+01
  -1.6223312e+01
  -1.6146638e+01
  -1.6798802e+01
  -1.8202944e+01
  -2.0545202e+01
  -2.4416570e+01
  -3.2367988e+01
  -3.8165313e+01
  -2.6489985e+01
  -2.2013510e+01
  -1.9479329e+01
  -1.8011075e+01
  -1.7346483e+01
  -1.7433644e+01
  -1.8356942e+01
  -2.0383691e+01
  -2.4192506e+01
  -3.0680298e+01
  -2.7470517e+01
  -2.1846110e+01
  -1.8752492e+01
  -1.7126383e+01
  -1.6554580e+01
  -1.6925946e+01
  -1.8331756e+01
  -2.1171165e+01
  -2.6852203e+01
  -4.0002969e+01
  -2.6616691e+01
  -2.1577768e+01
  -1.9195275e+01
  -1.8189952e+01
  -1.8171538e+01
  -1.9000375e+01
  -2.0620869e+01
  -2.2906856e+01
  -2.5277955e+01
  -2.6504649e+01
  -2.6541954e+01
  -2.6808847e+01
  -2.8202428e+01
  -3.0554248e+01
  -3.0081170e+01
  -2.6140544e+01
  -2.2875946e+01
  -2.0814058e+01
  -1.9763792e+01
  -1.9610637e+01
  -2.0357776e+01
  -2.2151181e+01
  -2.5391107e+01
  -3.0858467e+01
  -3.3454795e+01
  -2.8267541e+01
  -2.5155861e+01
  -2.3771122e+01
  -2.3528339e+01
  -2.4082203e+01
  -2.5028555e+01
  -2.5750087e+01
  -2.5833771e+01
  -2.5653623e+01
  -2.5868432e+01
  -2.6815528e+01
  -2.8047815e+01
  -2.7470220e+01
  -2.4663244e+01
  -2.1858677e+01
  -1.9863596e+01
  -1.8721081e+01
  -1.8400419e+01
  -1.8938306e+01
  -2.0502587e+01
  -2.3541563e+01
  -2.9137220e+01
  -3.1932856e+01
  -2.5480387e+01
  -2.1765441e+01
  -1.9884451e+01
  -1.9219413e+01
  -1.9580521e+01
  -2.1022700e+01
  -2.3920675e+01
  -2.9632185e+01
  -4.2268615e+01
  -2.9782760e+01
  -2.4852586e+01
  -2.2566309e+01
  -2.1632473e+01
  -2.1642631e+01
  -2.2445533e+01
  -2.4020466e+01
  -2.6476695e+01
  -3.0096593e+01
  -3.4367241e+01
  -3.2747346e+01
  -2.8121668e+01
  -2.4762517e+01
  -2.2519901e+01
  -2.1170580e+01
  -2.0655752e+01
  -2.1051218e+01
  -2.2618424e+01
  -2.6010288e+01
  -3.1379911e+01
  -2.7142150e+01
  -2.1550799e+01
  -1.8174978e+01
  -1.6140158e+01
  -1.5056443e+01
  -1.4769802e+01
  -1.5243194e+01
  -1.6505023e+01
  -1.8536271e+01
  -2.0667499e+01
  -2.0645100e+01
  -1.8429643e+01
  -1.6285729e+01
  -1.4904233e+01
  -1.4304651e+01
  -1.4451218e+01
  -1.5360452e+01
  -1.7115786e+01
  -1.9792848e+01
  -2.2680870e+01
  -2.2558231e+01
  -1.9882238e+01
  -1.7621551e+01
  -1.6245186e+01
  -1.5643262e+01
  -1.5722558e+01
  -1.6459141e+01
  -1.7893627e+01
  -2.0074547e+01
  -2.2589755e+01
  -2.3084946e+01
  -2.0573814e+01
  -1.7805712e+01
  -1.5743697e+01
  -1.4395051e+01
  -1.3683279e+01
  -1.3572050e+01
  -1.4067859e+01
  -1.5198916e+01
  -1.6917614e+01
  -1.8678419e+01
  -1.8891379e+01
  -1.7182767e+01
  -1.5202357e+01
  -1.3775097e+01
  -1.3030059e+01
  -1.2955961e+01
  -1.3538368e+01
  -1.4745859e+01
  -1.6366460e+01
  -1.7561745e+01
  -1.7127091e+01
  -1.5527226e+01
  -1.3982145e+01
  -1.2968710e+01
  -1.2566552e+01
  -1.2773066e+01
  -1.3585106e+01
  -1.4990162e+01
  -1.6850092e+01
  -1.8529468e+01
  -1.8794022e+01
  -1.7621065e+01
  -1.6236831e+01
  -1.5284701e+01
  -1.4903494e+01
  -1.5106222e+01
  -1.5903303e+01
  -1.7318977e+01
  -1.9311347e+01
  -2.1363636e+01
  -2.1860171e+01
  -2.0310406e+01
  -1.8421231e+01
  -1.7083264e+01
  -1.6458850e+01
  -1.6586080e+01
  -1.7552833e+01
  -1.9551814e+01
  -2.2725011e+01
  -2.4809462e+01
  -2.1657169e+01
  -1.8048691e+01
  -1.5628651e+01
  -1.4202671e+01
  -1.3588219e+01
  -1.3708498e+01
  -1.4563375e+01
  -1.6188766e+01
  -1.8462413e+01
  -2.0226336e+01
  -1.9356121e+01
  -1.7090496e+01
  -1.5237897e+01
  -1.4146095e+01
  -1.3790940e+01
  -1.4145009e+01
  -1.5243712e+01
  -1.7224554e+01
  -2.0423470e+01
  -2.5593265e+01
  -3.1044020e+01
  -2.6490807e+01
  -2.2817240e+01
  -2.1081102e+01
  -2.0590243e+01
  -2.1072279e+01
  -2.2482873e+01
  -2.4980463e+01
  -2.9097215e+01
  -3.6140202e+01
  -3.6515787e+01
  -3.0538207e+01
  -2.7431856e+01
  -2.5892632e+01
  -2.5430208e+01
  -2.5978369e+01
  -2.7799895e+01
  -3.1817665e+01
  -3.9693618e+01
  -3.2477498e+01
  -2.6471328e+01
  -2.3160099e+01
  -2.1302535e+01
  -2.0512685e+01
  -2.0711782e+01
  -2.2031781e+01
  -2.4874057e+01
  -2.9278494e+01
  -2.7688606e+01
  -2.2514513e+01
  -1.9110055e+01
  -1.7035164e+01
  -1.5910439e+01
  -1.5565468e+01
  -1.5943824e+01
  -1.7058892e+01
  -1.8941689e+01
  -2.1378446e+01
  -2.2935300e+01
  -2.1851518e+01
  -1.9821584e+01
  -1.8341159e+01
  -1.7654445e+01
  -1.7750614e+01
  -1.8648144e+01
  -2.0464815e+01
  -2.3478688e+01
  -2.7907295e+01
  -2.9699117e+01
  -2.5771071e+01
  -2.2620873e+01
  -2.0768580e+01
  -1.9857051e+01
  -1.9710906e+01
  -2.0313254e+01
  -2.1819996e+01
  -2.4735677e+01
  -3.0921772e+01
  -4.0624107e+01
  -2.7018925e+01
  -2.1842197e+01
  -1.8917571e+01
  -1.7187165e+01
  -1.6312855e+01
  -1.6178445e+01
  -1.6776234e+01
  -1.8169403e+01
  -2.0400996e+01
  -2.2844676e+01
  -2.2823652e+01
  -2.0292846e+01
  -1.7953203e+01
  -1.6460613e+01
  -1.5778562e+01
  -1.5844409e+01
  -1.6655998e+01
  -1.8278099e+01
  -2.0801742e+01
  -2.3907958e+01
  -2.5147199e+01
  -2.3200406e+01
  -2.1124841e+01
  -1.9964642e+01
  -1.9723515e+01
  -2.0358155e+01
  -2.1930103e+01
  -2.4678706e+01
  -2.9128160e+01
  -3.4004628e+01
  -3.0595902e+01
  -2.6646084e+01
  -2.4367497e+01
  -2.3165360e+01
  -2.2733577e+01
  -2.2983458e+01
  -2.4006482e+01
  -2.6167073e+01
  -3.0648628e+01
  -4.6838624e+01
  -3.2027329e+01
  -2.5071653e+01
  -2.1374784e+01
  -1.9122954e+01
  -1.7817902e+01
  -1.7277303e+01
  -1.7448295e+01
  -1.8356745e+01
  -2.0078868e+01
  -2.2580998e+01
  -2.4744740e+01
  -2.3916121e+01
  -2.1467973e+01
  -1.9559592e+01
  -1.8527196e+01
  -1.8327439e+01
  -1.8946251e+01
  -2.0466201e+01
  -2.3111026e+01
  -2.7141050e+01
  -3.0047703e+01
  -2.6870125e+01
  -2.3560351e+01
  -2.1544104e+01
  -2.0464935e+01
  -2.0053640e+01
  -2.0149783e+01
  -2.0666545e+01
  -2.1588040e+01
  -2.2987865e+01
  -2.5058054e+01
  -2.8101187e+01
  -3.1720773e+01
  -3.1208011e+01
  -2.7505653e+01
  -2.4804682e+01
  -2.3343036e+01
  -2.2980452e+01
  -2.3763529e+01
  -2.6060835e+01
  -3.1062575e+01
  -3.6067122e+01
  -2.7886031e+01
  -2.3133798e+01
  -2.0467057e+01
  -1.9036783e+01
  -1.8544542e+01
  -1.8911353e+01
  -2.0210871e+01
  -2.2731862e+01
  -2.7285288e+01
  -3.4895398e+01
  -3.0052657e+01
  -2.4919679e+01
  -2.2330003e+01
  -2.1109989e+01
  -2.0798922e+01
  -2.1159540e+01
  -2.2005385e+01
  -2.3131143e+01
  -2.4344671e+01
  -2.5636948e+01
  -2.7350216e+01
  -3.0229529e+01
  -3.5181603e+01
  -3.4103236e+01
  -2.7900108e+01
  -2.3976731e+01
  -2.1581230e+01
  -2.0245435e+01
  -1.9784476e+01
  -2.0164240e+01
  -2.1477446e+01
  -2.3988792e+01
  -2.8098913e+01
  -3.1094659e+01
  -2.7169548e+01
  -2.3567912e+01
  -2.1472710e+01
  -2.0449240e+01
  -2.0237829e+01
  -2.0695290e+01
  -2.1718218e+01
  -2.3184979e+01
  -2.4916947e+01
  -2.6735734e+01
  -2.8702798e+01
  -3.1383813e+01
  -3.6008022e+01
  -3.9506143e+01
  -3.2682889e+01
  -2.8078550e+01
  -2.5451890e+01
  -2.4142000e+01
  -2.3939808e+01
  -2.4894195e+01
  -2.7339439e+01
  -3.1822351e+01
  -3.2768052e+01
  -2.7203784e+01
  -2.3438046e+01
  -2.1243860e+01
  -2.0145864e+01
  -1.9953019e+01
  -2.0645078e+01
  -2.2364487e+01
  -2.5527405e+01
  -3.0903472e+01
  -3.2324182e+01
  -2.6667432e+01
  -2.3108954e+01
  -2.1075955e+01
  -2.0011704e+01
  -1.9664534e+01
  -1.9929780e+01
  -2.0804965e+01
  -2.2413518e+01
  -2.5138537e+01
  -3.0246216e+01
  -4.7003346e+01
  -3.1008506e+01
  -2.4621135e+01
  -2.1150549e+01
  -1.9009784e+01
  -1.7746701e+01
  -1.7198028e+01
  -1.7323932e+01
  -1.8171340e+01
  -1.9890383e+01
  -2.2796715e+01
  -2.7222909e+01
  -2.9273027e+01
  -2.5178856e+01
  -2.1965564e+01
  -2.0202075e+01
  -1.9520627e+01
  -1.9754087e+01
  -2.0888532e+01
  -2.3020479e+01
  -2.6159471e+01
  -2.8621407e+01
  -2.6985972e+01
  -2.4313615e+01
  -2.2623152e+01
  -2.1967382e+01
  -2.2270442e+01
  -2.3601531e+01
  -2.6312173e+01
  -3.1577167e+01
  -3.9902297e+01
  -3.0915358e+01
  -2.5846531e+01
  -2.3096214e+01
  -2.1563767e+01
  -2.0880343e+01
  -2.0924852e+01
  -2.1711283e+01
  -2.3373011e+01
  -2.6135992e+01
  -2.9452712e+01
  -2.8645687e+01
  -2.4847259e+01
  -2.1977407e+01
  -2.0223938e+01
  -1.9390284e+01
  -1.9392920e+01
  -2.0266906e+01
  -2.2168001e+01
  -2.5252915e+01
  -2.7852191e+01
  -2.5434804e+01
  -2.1960720e+01
  -1.9652517e+01
  -1.8404501e+01
  -1.8047401e+01
  -1.8526874e+01
  -1.9886539e+01
  -2.2203387e+01
  -2.5023359e+01
  -2.5487267e+01
  -2.2932656e+01
  -2.0543202e+01
  -1.9095435e+01
  -1.8531441e+01
  -1.8785690e+01
  -1.9889942e+01
  -2.2033134e+01
  -2.5781623e+01
  -3.3337644e+01
  -3.9530912e+01
  -2.8934809e+01
  -2.4896795e+01
  -2.2832467e+01
  -2.1796245e+01
  -2.1448732e+01
  -2.1666262e+01
  -2.2465146e+01
  -2.4019944e+01
  -2.6798700e+01
  -3.2111505e+01
  -3.7710722e+01
  -2.9169727e+01
  -2.4273030e+01
  -2.1464430e+01
  -1.9874341e+01
  -1.9208760e+01
  -1.9393989e+01
  -2.0500753e+01
  -2.2765012e+01
  -2.6521598e+01
  -2.9354027e+01
  -2.5693126e+01
  -2.2017317e+01
  -1.9817634e+01
  -1.8746012e+01
  -1.8605631e+01
  -1.9360862e+01
  -2.1116305e+01
  -2.4115677e+01
  -2.8119960e+01
  -2.8386625e+01
  -2.4882401e+01
  -2.2382427e+01
  -2.1135924e+01
  -2.0878670e+01
  -2.1420386e+01
  -2.2499257e+01
  -2.3457304e+01
  -2.3299091e+01
  -2.2051815e+01
  -2.0676821e+01
  -1.9738876e+01
  -1.9394693e+01
  -1.9678046e+01
  -2.0612470e+01
  -2.2226810e+01
  -2.4444057e+01
  -2.6503272e+01
  -2.6440376e+01
  -2.4394506e+01
  -2.2242198e+01
  -2.0594327e+01
  -1.9476958e+01
  -1.8848527e+01
  -1.8700250e+01
  -1.9070498e+01
  -2.0052790e+01
  -2.1811688e+01
  -2.4552617e+01
  -2.7755982e+01
  -2.7461149e+01
  -2.4145315e+01
  -2.1516986e+01
  -1.9962146e+01
  -1.9334891e+01
  -1.9574041e+01
  -2.0752763e+01
  -2.3155445e+01
  -2.7560483e+01
  -3.4439565e+01
  -2.9655663e+01
  -2.4658856e+01
  -2.2067401e+01
  -2.0866118e+01
  -2.0676159e+01
  -2.1375519e+01
  -2.2968765e+01
  -2.5479665e+01
  -2.8405866e+01
  -2.9304107e+01
  -2.7568944e+01
  -2.5900509e+01
  -2.5153723e+01
  -2.5354131e+01
  -2.6484775e+01
  -2.8605565e+01
  -3.1810838e+01
  -3.5512176e+01
  -3.6060559e+01
  -3.3354771e+01
  -3.0712647e+01
  -2.8509785e+01
  -2.6640989e+01
  -2.5151166e+01
  -2.4156304e+01
  -2.3777844e+01
  -2.4155923e+01
  -2.5510976e+01
  -2.8240046e+01
  -3.2402190e+01
  -3.1652518e+01
  -2.6776489e+01
  -2.3446699e+01
  -2.1472916e+01
  -2.0508204e+01
  -2.0410114e+01
  -2.1178847e+01
  -2.2962043e+01
  -2.6155492e+01
  -3.1443722e+01
  -3.3517038e+01
  -2.8460190e+01
  -2.5344893e+01
  -2.3946166e+01
  -2.3825270e+01
  -2.4916738e+01
  -2.7485115e+01
  -3.2138186e+01
  -3.4482130e+01
  -2.9087026e+01
  -2.5307607e+01
  -2.3142404e+01
  -2.2032914e+01
  -2.1718693e+01
  -2.2092105e+01
  -2.3149392e+01
  -2.5016031e+01
  -2.8104244e+01
  -3.3916113e+01
  -6.1729134e+01
  -3.3008876e+01
  -2.7143281e+01
  -2.3866562e+01
  -2.1820768e+01
  -2.0616366e+01
  -2.0124767e+01
  -2.0336378e+01
