   2.4289283e+01
   2.4072545e+01
   2.3409178e+01
   2.2255827e+01
   2.0524405e+01
   1.8044307e+01
   1.4455398e+01
   8.8222937e+00
  -1.4292983e+00
   3.1338335e+00
   7.7354157e+00
   9.1278625e+00
   8.6151730e+00
   6.2287180e+00
   1.1238376e+00
  -1.6040074e+00
   4.9157518e+00
   8.7532471e+00
   1.0696752e+01
   1.1358890e+01
   1.0902159e+01
   9.1871258e+00
   5.5433819e+00
  -3.3762330e+00
  -4.1453451e+00
   5.1813051e+00
   8.8450525e+00
   1.0523800e+01
   1.0929387e+01
   1.0229399e+01
   8.3504742e+00
   5.2003510e+00
   2.7183932e+00
   5.1912976e+00
   8.3628441e+00
   1.0259540e+01
   1.0970210e+01
   1.0579306e+01
   8.9967858e+00
   6.1002489e+00
   3.8514196e+00
   6.8614635e+00
   1.0596460e+01
   1.3104247e+01
   1.4572183e+01
   1.5200660e+01
   1.5084567e+01
   1.4252170e+01
   1.2732181e+01
   1.0790913e+01
   9.5537868e+00
   1.0300017e+01
   1.1990614e+01
   1.3341013e+01
   1.3999491e+01
   1.3929606e+01
   1.3151436e+01
   1.1775182e+01
   1.0321569e+01
   1.0041215e+01
   1.1328274e+01
   1.2950361e+01
   1.4094241e+01
   1.4547439e+01
   1.4254474e+01
   1.3160883e+01
   1.1248084e+01
   9.0510696e+00
   8.8619653e+00
   1.1190422e+01
   1.3569421e+01
   1.5171384e+01
   1.5973985e+01
   1.6024643e+01
   1.5319322e+01
   1.3792099e+01
   1.1384403e+01
   8.6479252e+00
   8.2620930e+00
   1.0519873e+01
   1.2593074e+01
   1.3762502e+01
   1.4094406e+01
   1.3791571e+01
   1.3301098e+01
   1.3462680e+01
   1.4745146e+01
   1.6526982e+01
   1.8107235e+01
   1.9212141e+01
   1.9788201e+01
   1.9855753e+01
   1.9486374e+01
   1.8859891e+01
   1.8358900e+01
   1.8466144e+01
   1.9269120e+01
   2.0356233e+01
   2.1327660e+01
   2.2019674e+01
   2.2444063e+01
   2.2725993e+01
   2.3058114e+01
   2.3602732e+01
   2.4368686e+01
   2.5208994e+01
   2.5939579e+01
   2.6427439e+01
   2.6606824e+01
   2.6475884e+01
   2.6114522e+01
   2.5728497e+01
   2.5643074e+01
   2.6089162e+01
   2.6946662e+01
   2.7879808e+01
   2.8617372e+01
   2.9020464e+01
   2.9040255e+01
   2.8694630e+01
   2.8100579e+01
   2.7558985e+01
   2.7540182e+01
   2.8281917e+01
   2.9479750e+01
   3.0686484e+01
   3.1650115e+01
   3.2288980e+01
   3.2608052e+01
   3.2663333e+01
   3.2560266e+01
   3.2455825e+01
   3.2523117e+01
   3.2861154e+01
   3.3430074e+01
   3.4101181e+01
   3.4756838e+01
   3.5341129e+01
   3.5858236e+01
   3.6349122e+01
   3.6860438e+01
   3.7413900e+01
   3.7990649e+01
   3.8539418e+01
   3.8998753e+01
   3.9316661e+01
   3.9461328e+01
   3.9426918e+01
   3.9240620e+01
   3.8973035e+01
   3.8743207e+01
   3.8693537e+01
   3.8918592e+01
   3.9399937e+01
   4.0027202e+01
   4.0678475e+01
   4.1274405e+01
   4.1786160e+01
   4.2221739e+01
   4.2607562e+01
   4.2969876e+01
   4.3318832e+01
   4.3640223e+01
   4.3897632e+01
   4.4041440e+01
   4.4017771e+01
   4.3772843e+01
   4.3252174e+01
   4.2396099e+01
   4.1133875e+01
   3.9383727e+01
   3.7098936e+01
   3.4562360e+01
   3.3229317e+01
   3.4384468e+01
   3.6399520e+01
   3.8044543e+01
   3.9129447e+01
   3.9712795e+01
   3.9882056e+01
   3.9731925e+01
   3.9381957e+01
   3.8993983e+01
   3.8752825e+01
   3.8781945e+01
   3.9058504e+01
   3.9441337e+01
   3.9774348e+01
   3.9949273e+01
   3.9911007e+01
   3.9644274e+01
   3.9164857e+01
   3.8519868e+01
   3.7792505e+01
   3.7097931e+01
   3.6550471e+01
   3.6204040e+01
   3.6017227e+01
   3.5885171e+01
   3.5701142e+01
   3.5393718e+01
   3.4933772e+01
   3.4329079e+01
   3.3616538e+01
   3.2850728e+01
   3.2083933e+01
   3.1340207e+01
   3.0598785e+01
   2.9801277e+01
   2.8878132e+01
   2.7779736e+01
   2.6508578e+01
   2.5159221e+01
   2.3946421e+01
   2.3122999e+01
   2.2746367e+01
   2.2592380e+01
   2.2364534e+01
   2.1869401e+01
   2.1044786e+01
   1.9969540e+01
   1.8915773e+01
   1.8307975e+01
   1.8346511e+01
   1.8740105e+01
   1.9063877e+01
   1.9072048e+01
   1.8698465e+01
   1.8016790e+01
   1.7260846e+01
   1.6802470e+01
   1.6879201e+01
   1.7310863e+01
   1.7709631e+01
   1.7788566e+01
   1.7403694e+01
   1.6507748e+01
   1.5176770e+01
   1.3798424e+01
   1.3224830e+01
   1.3884885e+01
   1.5040416e+01
   1.5946333e+01
   1.6318942e+01
   1.6084019e+01
   1.5228805e+01
   1.3811620e+01
   1.2170447e+01
   1.1286857e+01
   1.1955765e+01
   1.3359699e+01
   1.4538149e+01
   1.5172249e+01
   1.5215909e+01
   1.4688272e+01
   1.3642837e+01
   1.2233838e+01
   1.0868707e+01
   1.0185120e+01
   1.0360521e+01
   1.0822929e+01
   1.1005069e+01
   1.0646661e+01
   9.6846050e+00
   8.2712115e+00
   7.0839214e+00
   7.2285769e+00
   8.5552869e+00
   9.9440469e+00
   1.0827653e+01
   1.1072216e+01
   1.0665093e+01
   9.6417131e+00
   8.1872062e+00
   6.9501988e+00
   6.9547833e+00
   8.0999889e+00
   9.3455192e+00
   1.0118786e+01
   1.0265794e+01
   9.7589867e+00
   8.6209045e+00
   7.0283568e+00
   5.6595456e+00
   5.6167767e+00
   6.7517117e+00
   7.9360295e+00
   8.5878336e+00
   8.5578666e+00
   7.8232153e+00
   6.4521161e+00
   4.8591664e+00
   4.2235995e+00
   5.2393743e+00
   6.7746475e+00
   7.8773027e+00
   8.2732915e+00
   7.8915459e+00
   6.6693725e+00
   4.5744051e+00
   2.1443814e+00
   1.8168610e+00
   4.0548892e+00
   6.2353390e+00
   7.5506833e+00
   7.9822903e+00
   7.5526368e+00
   6.2095415e+00
   3.8584833e+00
   9.2831047e-01
   4.6916942e-01
   3.1659663e+00
   5.6081005e+00
   7.0543439e+00
   7.5908556e+00
   7.3042414e+00
   6.2234173e+00
   4.4112023e+00
   2.3838429e+00
   1.8157105e+00
   3.2936751e+00
   5.0513217e+00
   6.1726395e+00
   6.5059978e+00
   6.0262531e+00
   4.6646779e+00
   2.3002085e+00
  -8.1783468e-01
  -1.8766159e+00
   7.1390178e-01
   3.2905493e+00
   4.8729918e+00
   5.5542680e+00
   5.4497076e+00
   4.6157425e+00
   3.1094671e+00
   1.2190627e+00
   1.5117889e-02
   6.8437463e-01
   2.3288447e+00
   3.7514091e+00
   4.6109637e+00
   4.8902333e+00
   4.6239810e+00
   3.8355619e+00
   2.5205884e+00
   6.2775692e-01
  -1.9970341e+00
  -5.7982310e+00
  -1.2345423e+01
  -1.9988589e+01
  -9.4202077e+00
  -4.3635416e+00
  -1.3028155e+00
   7.0088153e-01
   1.9499018e+00
   2.5511070e+00
   2.5207587e+00
   1.8066157e+00
   2.7367413e-01
  -2.3253187e+00
  -6.0775229e+00
  -7.7097364e+00
  -4.2908534e+00
  -1.1870391e+00
   6.5962278e-01
   1.4790073e+00
   1.3982795e+00
   3.9627867e-01
  -1.7284417e+00
  -5.4944165e+00
  -1.1103610e+01
  -9.2774455e+00
  -4.5531224e+00
  -1.9548119e+00
  -8.2819567e-01
  -8.5359567e-01
  -2.0212394e+00
  -4.6534542e+00
  -9.9182860e+00
  -1.9412348e+01
  -1.0280182e+01
  -5.4982762e+00
  -3.3691293e+00
  -2.7574783e+00
  -3.3399485e+00
  -4.9569285e+00
  -6.8208748e+00
  -6.4554475e+00
  -3.9938230e+00
  -1.8244499e+00
  -5.9528353e-01
  -3.4669551e-01
  -1.1309254e+00
  -3.1312493e+00
  -6.4335035e+00
  -7.9374819e+00
  -4.2635131e+00
  -8.4152974e-01
   1.2736641e+00
   2.3307042e+00
   2.4878444e+00
   1.7864773e+00
   2.1425705e-01
  -2.0288135e+00
  -3.4580716e+00
  -2.1020484e+00
   1.9871367e-01
   1.8559082e+00
   2.6396024e+00
   2.5771247e+00
   1.7037009e+00
   1.6990657e-01
  -1.2027711e+00
  -7.1960453e-01
   1.3076353e+00
   3.2476854e+00
   4.5266319e+00
   5.0845284e+00
   4.9418877e+00
   4.1211795e+00
   2.7135692e+00
   1.1722919e+00
   6.7031344e-01
   1.7556046e+00
   3.2942123e+00
   4.4113752e+00
   4.8658488e+00
   4.6196651e+00
   3.6978865e+00
   2.3062312e+00
   1.2739949e+00
   1.8585361e+00
   3.6453045e+00
   5.3801852e+00
   6.5678068e+00
   7.1289828e+00
   7.0740553e+00
   6.4264580e+00
   5.2542943e+00
   3.8257316e+00
   2.8693777e+00
   3.1392257e+00
   4.2228046e+00
   5.2403352e+00
   5.7679320e+00
   5.6907074e+00
   5.0131433e+00
   3.8821500e+00
   2.8290347e+00
   2.8089676e+00
   3.9820658e+00
   5.4381669e+00
   6.5437292e+00
   7.1220139e+00
   7.1861517e+00
   6.8590100e+00
   6.4282406e+00
   6.3653222e+00
   6.9893838e+00
   8.0761864e+00
   9.1693719e+00
   9.9800517e+00
   1.0404281e+01
   1.0445134e+01
   1.0190173e+01
   9.8387383e+00
   9.7013385e+00
   1.0025653e+01
   1.0748962e+01
   1.1575793e+01
   1.2243452e+01
   1.2617105e+01
   1.2663778e+01
   1.2431079e+01
   1.2060150e+01
   1.1795542e+01
   1.1888903e+01
   1.2387100e+01
   1.3086927e+01
   1.3734962e+01
   1.4174569e+01
   1.4359623e+01
   1.4337381e+01
   1.4245525e+01
   1.4290705e+01
   1.4644208e+01
   1.5302603e+01
   1.6097118e+01
   1.6836941e+01
   1.7402257e+01
   1.7753488e+01
   1.7917504e+01
   1.7979680e+01
   1.8070878e+01
   1.8321100e+01
   1.8782558e+01
   1.9393131e+01
   2.0026174e+01
   2.0565438e+01
   2.0942834e+01
   2.1144969e+01
   2.1214090e+01
   2.1250689e+01
   2.1399389e+01
   2.1788087e+01
   2.2440935e+01
   2.3258954e+01
   2.4092529e+01
   2.4814603e+01
   2.5341803e+01
   2.5623796e+01
   2.5626994e+01
   2.5321487e+01
   2.4670757e+01
   2.3621086e+01
   2.2086312e+01
   1.9921697e+01
   1.6888907e+01
   1.2816393e+01
   1.0078171e+01
   1.2783193e+01
   1.5963659e+01
   1.8087697e+01
   1.9395046e+01
   2.0114489e+01
   2.0395092e+01
   2.0348195e+01
   2.0078747e+01
   1.9703395e+01
   1.9348426e+01
   1.9117676e+01
   1.9045490e+01
   1.9082123e+01
   1.9131263e+01
   1.9100694e+01
   1.8929848e+01
   1.8595874e+01
   1.8113261e+01
   1.7534378e+01
   1.6946363e+01
   1.6450334e+01
   1.6115812e+01
   1.5937931e+01
   1.5842042e+01
   1.5731614e+01
   1.5533669e+01
   1.5219431e+01
   1.4808367e+01
   1.4363742e+01
   1.3974146e+01
   1.3712766e+01
   1.3591271e+01
   1.3549784e+01
   1.3493514e+01
   1.3338586e+01
   1.3037772e+01
   1.2589194e+01
   1.2039379e+01
   1.1479746e+01
   1.1020444e+01
   1.0732438e+01
   1.0595652e+01
   1.0510236e+01
   1.0357393e+01
   1.0049670e+01
   9.5514268e+00
   8.8875246e+00
   8.1525925e+00
   7.5035394e+00
   7.0918128e+00
   6.9473872e+00
   6.9442892e+00
   6.8960807e+00
   6.6539719e+00
   6.1376311e+00
   5.3375923e+00
   4.3330967e+00
   3.3285176e+00
   2.6250775e+00
   2.3994010e+00
   2.4950688e+00
   2.5785975e+00
   2.3822742e+00
   1.7540080e+00
   6.2650703e-01
  -9.5811170e-01
  -2.6642191e+00
  -3.6339458e+00
  -3.2972428e+00
  -2.3852540e+00
  -1.7505185e+00
  -1.7512634e+00
  -2.5402388e+00
  -4.2778372e+00
  -7.1871167e+00
  -1.0826774e+01
  -1.0735143e+01
  -7.4181559e+00
  -5.0013142e+00
  -3.7733734e+00
  -3.5510925e+00
  -4.2720441e+00
  -6.0160435e+00
  -8.9884584e+00
  -1.2859402e+01
  -1.3184118e+01
  -9.9830273e+00
  -7.7119310e+00
  -6.7216220e+00
  -6.8421915e+00
  -8.0449748e+00
  -1.0425464e+01
  -1.3699966e+01
  -1.4610871e+01
  -1.1878313e+01
  -9.5458639e+00
  -8.4488074e+00
  -8.5429438e+00
  -9.9338012e+00
  -1.3203253e+01
  -2.1151386e+01
  -2.4797647e+01
  -1.4156920e+01
  -1.0174726e+01
  -8.3044751e+00
  -7.7447493e+00
  -8.3077336e+00
  -1.0105922e+01
  -1.3610134e+01
  -1.9041009e+01
  -1.7183553e+01
  -1.2280951e+01
  -9.5150801e+00
  -8.2113760e+00
  -8.0093519e+00
  -8.8084675e+00
  -1.0638061e+01
  -1.3341321e+01
  -1.4962456e+01
  -1.3043132e+01
  -1.0496281e+01
  -8.9004324e+00
  -8.3477153e+00
  -8.8392141e+00
  -1.0542018e+01
  -1.3869715e+01
  -1.7762470e+01
  -1.4373962e+01
  -9.8093199e+00
  -6.8932078e+00
  -5.1491962e+00
  -4.2748886e+00
  -4.1398670e+00
  -4.7161042e+00
  -6.0513503e+00
  -8.2364917e+00
  -1.1126271e+01
  -1.2908947e+01
  -1.1356710e+01
  -9.0762007e+00
  -7.6432870e+00
  -7.2034508e+00
  -7.7738866e+00
  -9.4938723e+00
  -1.2530702e+01
  -1.4856856e+01
  -1.1675313e+01
  -7.8540034e+00
  -5.2835997e+00
  -3.7410468e+00
  -3.0207053e+00
  -3.0340176e+00
  -3.7829378e+00
  -5.3555653e+00
  -7.9231575e+00
  -1.1438615e+01
  -1.3294690e+01
  -1.0844839e+01
  -8.2455708e+00
  -6.7714689e+00
  -6.3362390e+00
  -6.8641552e+00
  -8.4001606e+00
  -1.1008576e+01
  -1.3700644e+01
  -1.2679304e+01
  -9.5567624e+00
  -7.2051315e+00
  -5.8496988e+00
  -5.3568551e+00
  -5.6687689e+00
  -6.8471114e+00
  -9.1463056e+00
  -1.3292125e+01
  -2.0723089e+01
  -1.6950138e+01
  -1.0993938e+01
  -7.6968594e+00
  -5.7452271e+00
  -4.6525833e+00
  -4.2261322e+00
  -4.4071509e+00
  -5.2325157e+00
  -6.8575687e+00
  -9.6835803e+00
  -1.4936816e+01
  -2.7388987e+01
  -1.6029696e+01
  -1.0366748e+01
  -7.5040085e+00
  -6.0182942e+00
  -5.4980095e+00
  -5.8295876e+00
  -7.0715183e+00
  -9.5018091e+00
  -1.3954976e+01
  -2.3208209e+01
  -1.8833683e+01
  -1.2744550e+01
  -9.9866372e+00
  -8.8842382e+00
  -8.9872334e+00
  -1.0230705e+01
  -1.2722925e+01
  -1.5939867e+01
  -1.5637044e+01
  -1.2227122e+01
  -9.6558679e+00
  -8.2672786e+00
  -7.9047535e+00
  -8.5374290e+00
  -1.0334817e+01
  -1.3869375e+01
  -2.0706762e+01
  -2.0470704e+01
  -1.3868542e+01
  -1.0505119e+01
  -8.8364037e+00
  -8.3048905e+00
  -8.7453296e+00
  -1.0207348e+01
  -1.2994387e+01
  -1.7933042e+01
  -2.3921358e+01
  -1.8630577e+01
  -1.4589079e+01
  -1.2763570e+01
  -1.2421985e+01
  -1.3433317e+01
  -1.6179162e+01
  -2.2405750e+01
  -2.8057814e+01
  -1.7945307e+01
  -1.3522462e+01
  -1.1268421e+01
  -1.0318372e+01
  -1.0446737e+01
  -1.1734463e+01
  -1.4672882e+01
  -2.0954724e+01
  -2.3310301e+01
  -1.4992676e+01
  -1.0739785e+01
  -8.3458690e+00
  -7.0831657e+00
  -6.7041705e+00
  -7.1624599e+00
  -8.5725080e+00
  -1.1321411e+01
  -1.6666959e+01
  -2.8296783e+01
  -1.7205558e+01
  -1.1973447e+01
  -9.4794644e+00
  -8.4390385e+00
  -8.5148295e+00
  -9.7156326e+00
  -1.2401984e+01
  -1.7916092e+01
  -2.8510602e+01
  -1.7332318e+01
  -1.2466025e+01
  -1.0225656e+01
  -9.4804457e+00
  -9.9739975e+00
  -1.1843190e+01
  -1.5718109e+01
  -2.1491310e+01
  -1.7115131e+01
  -1.2191060e+01
  -9.5452735e+00
  -8.3457748e+00
  -8.2939851e+00
  -9.3996937e+00
  -1.1983084e+01
  -1.6784746e+01
  -1.9295452e+01
  -1.3566371e+01
  -9.7807403e+00
  -7.7571046e+00
  -6.9508477e+00
  -7.1818472e+00
  -8.4903595e+00
  -1.1111141e+01
  -1.5025544e+01
  -1.5610965e+01
  -1.1642531e+01
  -8.7085252e+00
  -7.1542487e+00
  -6.7320540e+00
  -7.3945657e+00
  -9.3422096e+00
  -1.3183516e+01
  -1.8411523e+01
  -1.4175362e+01
  -9.3523952e+00
  -6.5997356e+00
  -5.1673118e+00
  -4.7250876e+00
  -5.1678046e+00
  -6.5080306e+00
  -8.7366632e+00
  -1.1047404e+01
  -1.0687545e+01
  -8.1625125e+00
  -6.0120884e+00
  -4.7607928e+00
  -4.3716190e+00
  -4.7916420e+00
  -5.9606581e+00
  -7.5332638e+00
  -8.1802293e+00
  -6.7182173e+00
  -4.4850231e+00
  -2.6701314e+00
  -1.5273825e+00
  -1.0545679e+00
  -1.2260557e+00
  -2.0140304e+00
  -3.2966035e+00
  -4.5488999e+00
  -4.6358596e+00
  -3.2627670e+00
  -1.5288650e+00
  -1.7207730e-01
   6.1761906e-01
   8.2810171e-01
   4.9932474e-01
  -2.4489717e-01
  -1.0356366e+00
  -1.1477852e+00
  -1.5924528e-01
   1.3956203e+00
   2.8509150e+00
   3.9118302e+00
   4.4936897e+00
   4.5686358e+00
   4.1020576e+00
   3.0194444e+00
   1.1645377e+00
  -1.7921219e+00
  -6.4958762e+00
  -1.0913442e+01
  -6.3830266e+00
  -2.2915156e+00
   1.5976614e-01
   1.6150588e+00
   2.4176604e+00
   2.7673063e+00
   2.8076514e+00
   2.6605347e+00
   2.4310902e+00
   2.1942348e+00
   1.9792413e+00
   1.7726690e+00
   1.5429356e+00
   1.2695536e+00
   9.5989953e-01
   6.4671249e-01
   3.6665852e-01
   1.2983069e-01
  -9.8232227e-02
  -3.8670442e-01
  -8.1061040e-01
  -1.4203547e+00
  -2.2120140e+00
  -3.0895827e+00
  -3.8367681e+00
  -4.1951995e+00
  -4.0971363e+00
  -3.7621047e+00
  -3.4963325e+00
  -3.5232954e+00
  -3.9779642e+00
  -4.9512604e+00
  -6.5076784e+00
  -8.6026285e+00
  -1.0665738e+01
  -1.1160606e+01
  -9.8446020e+00
  -8.3040653e+00
  -7.3203393e+00
  -7.0315450e+00
  -7.4494262e+00
  -8.5941141e+00
  -1.0481251e+01
  -1.2888791e+01
  -1.4559817e+01
  -1.3929551e+01
  -1.2349371e+01
  -1.1287917e+01
  -1.1094005e+01
  -1.1834261e+01
  -1.3540668e+01
  -1.5856131e+01
  -1.6575015e+01
  -1.4341146e+01
  -1.1851671e+01
  -1.0222177e+01
  -9.5060692e+00
  -9.6774034e+00
  -1.0815333e+01
  -1.3215847e+01
  -1.7757994e+01
  -2.6319312e+01
  -2.0647953e+01
  -1.5222812e+01
  -1.2649285e+01
  -1.1632427e+01
  -1.1809798e+01
  -1.3196892e+01
  -1.6187867e+01
  -2.1885623e+01
  -2.4284449e+01
  -1.7775996e+01
  -1.4158139e+01
  -1.2381360e+01
  -1.1838318e+01
  -1.2339178e+01
  -1.3885250e+01
  -1.6463489e+01
  -1.8863300e+01
  -1.7741549e+01
  -1.4991979e+01
  -1.3052135e+01
  -1.2158931e+01
  -1.2259190e+01
  -1.3417920e+01
  -1.5964002e+01
  -2.0954655e+01
  -2.9046750e+01
  -2.1195831e+01
  -1.6246624e+01
  -1.3740321e+01
  -1.2572061e+01
  -1.2368233e+01
  -1.3004610e+01
  -1.4485150e+01
  -1.6898977e+01
  -2.0249185e+01
  -2.3213544e+01
  -2.2656958e+01
  -2.0713559e+01
  -1.9624853e+01
  -1.9612403e+01
  -2.0640741e+01
  -2.2741782e+01
  -2.5864597e+01
  -2.8619761e+01
  -2.7987693e+01
  -2.6128650e+01
  -2.5155478e+01
  -2.5087853e+01
  -2.5127226e+01
  -2.3853114e+01
  -2.1200879e+01
  -1.8405185e+01
  -1.6055820e+01
  -1.4235691e+01
  -1.2907789e+01
  -1.2030365e+01
  -1.1579372e+01
  -1.1550444e+01
  -1.1957549e+01
  -1.2831264e+01
  -1.4213652e+01
  -1.6134650e+01
  -1.8513818e+01
  -2.0864018e+01
  -2.2140347e+01
  -2.2110360e+01
  -2.1729209e+01
  -2.1364471e+01
  -2.0519941e+01
  -1.8793651e+01
  -1.6657395e+01
  -1.4740869e+01
  -1.3330582e+01
  -1.2509640e+01
  -1.2307897e+01
  -1.2766693e+01
  -1.3972089e+01
  -1.6087972e+01
  -1.9370841e+01
  -2.3646848e+01
  -2.5010892e+01
  -2.2746793e+01
  -2.1629414e+01
  -2.2712316e+01
  -2.7754588e+01
  -3.6310875e+01
  -2.1615490e+01
  -1.5890138e+01
  -1.2490949e+01
  -1.0329037e+01
  -9.0260338e+00
  -8.4161608e+00
  -8.4236704e+00
  -9.0145635e+00
  -1.0151373e+01
  -1.1683624e+01
  -1.3086301e+01
  -1.3431972e+01
  -1.2582863e+01
  -1.1435348e+01
  -1.0619316e+01
  -1.0331079e+01
  -1.0612821e+01
  -1.1483280e+01
  -1.2979479e+01
  -1.5170294e+01
  -1.8139056e+01
  -2.1782158e+01
  -2.4838060e+01
  -2.5170282e+01
  -2.4345129e+01
  -2.4190111e+01
  -2.5117994e+01
  -2.7375228e+01
  -3.1383828e+01
  -3.3396062e+01
  -2.7947445e+01
  -2.3465011e+01
  -2.0458951e+01
  -1.8481408e+01
  -1.7344067e+01
  -1.7018640e+01
  -1.7609117e+01
  -1.9415082e+01
  -2.3071536e+01
  -2.6699181e+01
  -2.1362321e+01
  -1.6482974e+01
  -1.3380813e+01
  -1.1426172e+01
  -1.0317734e+01
  -9.9312600e+00
  -1.0246331e+01
  -1.1339038e+01
  -1.3441465e+01
  -1.7195936e+01
  -2.5206661e+01
  -2.8975575e+01
  -1.8958074e+01
  -1.4974369e+01
  -1.2918920e+01
  -1.1941966e+01
  -1.1736203e+01
  -1.2168142e+01
  -1.3181568e+01
  -1.4763478e+01
  -1.6926748e+01
  -1.9681189e+01
  -2.2911170e+01
  -2.5908848e+01
  -2.7051269e+01
  -2.6241736e+01
  -2.4970689e+01
  -2.3845102e+01
  -2.2863199e+01
  -2.1871885e+01
  -2.0737600e+01
  -1.9463525e+01
  -1.8201403e+01
  -1.7153048e+01
  -1.6493351e+01
  -1.6368989e+01
  -1.6944014e+01
  -1.8490388e+01
  -2.1639437e+01
  -2.8615294e+01
  -3.1800685e+01
  -2.2157511e+01
  -1.7816064e+01
  -1.5438690e+01
  -1.4223914e+01
  -1.3905922e+01
  -1.4420109e+01
  -1.5842611e+01
  -1.8452583e+01
  -2.3081627e+01
  -3.3835964e+01
  -3.1546536e+01
  -2.4401247e+01
  -2.1925823e+01
  -2.1385662e+01
  -2.2045483e+01
  -2.3055306e+01
  -2.2791019e+01
  -2.1011749e+01
  -1.9245434e+01
  -1.8272117e+01
  -1.8311744e+01
  -1.9592518e+01
  -2.2766143e+01
  -3.0728143e+01
  -3.2424304e+01
  -2.2707756e+01
  -1.8754505e+01
  -1.6866445e+01
  -1.6331948e+01
  -1.7042092e+01
  -1.9304019e+01
  -2.4430626e+01
  -3.5165105e+01
  -2.3275676e+01
  -1.7982049e+01
  -1.5303171e+01
  -1.4036121e+01
  -1.3836563e+01
  -1.4660503e+01
  -1.6707086e+01
  -2.0623545e+01
  -2.7551947e+01
  -2.4801049e+01
  -1.9239934e+01
  -1.6395904e+01
  -1.5100726e+01
  -1.4925584e+01
  -1.5767024e+01
  -1.7731308e+01
  -2.1162695e+01
  -2.6134809e+01
  -2.6405900e+01
  -2.2514454e+01
  -2.0312738e+01
  -1.9718935e+01
  -2.0569389e+01
  -2.3190832e+01
  -2.9355186e+01
  -4.3629998e+01
  -2.6584524e+01
  -2.1771415e+01
  -1.9415239e+01
  -1.8287674e+01
  -1.7868324e+01
  -1.7712972e+01
  -1.7351416e+01
  -1.6539471e+01
  -1.5468522e+01
  -1.4496363e+01
  -1.3871796e+01
  -1.3726698e+01
  -1.4153249e+01
  -1.5275131e+01
  -1.7341981e+01
  -2.0998502e+01
  -2.8905450e+01
  -3.3892028e+01
  -2.2607715e+01
  -1.8287881e+01
  -1.5961058e+01
  -1.4763044e+01
  -1.4438428e+01
  -1.4965340e+01
  -1.6522758e+01
  -1.9691934e+01
  -2.6742517e+01
  -3.1509160e+01
  -2.0818163e+01
  -1.6395538e+01
  -1.4049007e+01
  -1.2934643e+01
  -1.2812772e+01
  -1.3688301e+01
  -1.5767690e+01
  -1.9359001e+01
  -2.1889760e+01
  -1.8001857e+01
  -1.4206182e+01
  -1.1882093e+01
  -1.0682268e+01
  -1.0407477e+01
  -1.0991238e+01
  -1.2383197e+01
  -1.4125841e+01
  -1.4397194e+01
  -1.2283341e+01
  -9.7818192e+00
  -7.9042723e+00
  -6.7563653e+00
  -6.2967965e+00
  -6.5100874e+00
  -7.4424360e+00
  -9.2360289e+00
  -1.2205666e+01
  -1.6841076e+01
  -2.0066843e+01
  -1.5954901e+01
  -1.2533453e+01
  -1.0653719e+01
  -9.8304833e+00
  -9.7756679e+00
  -1.0256955e+01
  -1.0923932e+01
  -1.1214150e+01
  -1.0719388e+01
  -9.6944158e+00
  -8.6676280e+00
  -7.9550205e+00
  -7.6707840e+00
  -7.8400660e+00
  -8.4480766e+00
  -9.4311077e+00
  -1.0612983e+01
  -1.1621233e+01
  -1.2016695e+01
  -1.1769772e+01
  -1.1314745e+01
  -1.1074363e+01
  -1.1279558e+01
  -1.2045292e+01
  -1.3424718e+01
  -1.5315373e+01
  -1.7004698e+01
  -1.7033761e+01
  -1.5580452e+01
  -1.4131171e+01
  -1.3336441e+01
  -1.3360109e+01
  -1.4337163e+01
  -1.6602883e+01
  -2.1208548e+01
  -3.3256720e+01
  -2.3778446e+01
  -1.7536335e+01
  -1.4520363e+01
  -1.3037166e+01
  -1.2632505e+01
  -1.3206160e+01
  -1.4889013e+01
  -1.8198730e+01
  -2.5085866e+01
  -3.1190029e+01
  -2.1057824e+01
  -1.7059637e+01
  -1.5271864e+01
  -1.4853822e+01
  -1.5622795e+01
  -1.7711284e+01
  -2.1415754e+01
  -2.4180067e+01
  -2.0375507e+01
  -1.6711266e+01
  -1.4570822e+01
  -1.3589627e+01
  -1.3579597e+01
  -1.4537991e+01
  -1.6677247e+01
  -2.0711990e+01
  -2.9986956e+01
  -3.0320825e+01
  -2.1773034e+01
  -1.8482802e+01
  -1.7137213e+01
  -1.7056250e+01
  -1.8075853e+01
  -2.0236727e+01
  -2.3400484e+01
  -2.5078013e+01
  -2.2683341e+01
  -2.0023731e+01
  -1.8394202e+01
  -1.7675249e+01
  -1.7677490e+01
  -1.8234025e+01
  -1.9144285e+01
  -2.0124244e+01
  -2.0869381e+01
  -2.1269740e+01
  -2.1479987e+01
  -2.1691702e+01
  -2.1946623e+01
  -2.2161901e+01
  -2.2297448e+01
  -2.2504545e+01
  -2.3111434e+01
  -2.4574024e+01
  -2.7656326e+01
  -3.3841393e+01
  -3.1769093e+01
  -2.4919797e+01
  -2.0979883e+01
  -1.8580893e+01
  -1.7167614e+01
  -1.6493804e+01
  -1.6424139e+01
  -1.6853053e+01
  -1.7646620e+01
  -1.8591438e+01
  -1.9412780e+01
  -1.9959041e+01
  -2.0387683e+01
  -2.1062635e+01
  -2.2376458e+01
  -2.4797292e+01
  -2.9297297e+01
  -3.9339681e+01
  -3.3772179e+01
  -2.7440749e+01
  -2.4303572e+01
  -2.2358367e+01
  -2.0810652e+01
  -1.9275386e+01
  -1.7714529e+01
  -1.6294830e+01
  -1.5192959e+01
  -1.4523785e+01
  -1.4358124e+01
  -1.4756142e+01
  -1.5795023e+01
  -1.7593577e+01
  -2.0326619e+01
  -2.4078302e+01
  -2.7460211e+01
  -2.7151149e+01
  -2.5821730e+01
  -2.5764639e+01
  -2.6709283e+01
  -2.6071775e+01
  -2.2616485e+01
  -1.9191318e+01
  -1.6730489e+01
  -1.5193715e+01
  -1.4485125e+01
  -1.4581171e+01
  -1.5557108e+01
  -1.7648522e+01
  -2.1425084e+01
  -2.7279771e+01
  -2.5171214e+01
  -2.0208901e+01
  -1.7514853e+01
  -1.6318929e+01
  -1.6280935e+01
  -1.7379398e+01
  -1.9899903e+01
  -2.4685283e+01
  -2.9610167e+01
  -2.3649789e+01
  -1.9454286e+01
  -1.7292327e+01
  -1.6433159e+01
  -1.6630460e+01
  -1.7900371e+01
  -2.0551828e+01
  -2.5619521e+01
  -3.4049253e+01
  -2.6357314e+01
  -2.1393333e+01
  -1.8852311e+01
  -1.7541544e+01
  -1.6986582e+01
  -1.6912365e+01
  -1.7111424e+01
  -1.7435825e+01
  -1.7842521e+01
  -1.8416631e+01
  -1.9330875e+01
  -2.0771729e+01
  -2.2784943e+01
  -2.4614827e+01
  -2.4162419e+01
  -2.1846350e+01
  -1.9692761e+01
  -1.8260502e+01
  -1.7548241e+01
  -1.7495323e+01
  -1.8064738e+01
  -1.9247592e+01
  -2.1052594e+01
  -2.3477010e+01
  -2.6419345e+01
  -2.9466082e+01
  -3.1743494e+01
  -3.2549303e+01
  -3.1877850e+01
  -3.0195399e+01
  -2.8355214e+01
  -2.7008895e+01
  -2.6462181e+01
  -2.6906554e+01
  -2.8624990e+01
  -3.2170451e+01
  -3.6574674e+01
  -3.2817390e+01
  -2.8440753e+01
  -2.6014255e+01
  -2.4888867e+01
  -2.4519958e+01
  -2.4127108e+01
  -2.2817017e+01
  -2.0684258e+01
  -1.8535813e+01
  -1.6844921e+01
  -1.5753026e+01
  -1.5300004e+01
  -1.5531306e+01
  -1.6553584e+01
  -1.8615089e+01
  -2.2342767e+01
  -2.9551987e+01
  -2.9971537e+01
  -2.3031987e+01
  -1.9669887e+01
  -1.8066438e+01
  -1.7624823e+01
  -1.8163172e+01
  -1.9685390e+01
  -2.2270547e+01
  -2.5471146e+01
  -2.6223738e+01
  -2.3963328e+01
  -2.2119102e+01
  -2.1493196e+01
  -2.2181512e+01
  -2.4572823e+01
  -3.0443790e+01
  -4.4446232e+01
  -2.7034743e+01
  -2.1797706e+01
  -1.8990603e+01
  -1.7434345e+01
  -1.6748024e+01
  -1.6788694e+01
  -1.7535782e+01
  -1.9085490e+01
  -2.1742698e+01
  -2.6439959e+01
  -3.7699039e+01
  -3.1105857e+01
  -2.4316181e+01
  -2.1015161e+01
  -1.9211664e+01
  -1.8390509e+01
  -1.8413750e+01
  -1.9344843e+01
  -2.1502375e+01
  -2.5913427e+01
  -3.7080980e+01
  -2.8089477e+01
  -2.1584054e+01
  -1.8204023e+01
  -1.6266273e+01
  -1.5275778e+01
  -1.5048419e+01
  -1.5532884e+01
  -1.6769958e+01
  -1.8911336e+01
  -2.2322550e+01
  -2.7939249e+01
  -3.6172768e+01
  -3.1431031e+01
  -2.8064910e+01
  -2.7667057e+01
  -2.9759357e+01
  -3.4327092e+01
  -3.1331487e+01
  -2.5457599e+01
  -2.1848805e+01
  -1.9655225e+01
  -1.8398949e+01
  -1.7818602e+01
  -1.7714735e+01
  -1.7869585e+01
  -1.8028171e+01
  -1.7989129e+01
  -1.7750032e+01
  -1.7499208e+01
  -1.7463070e+01
  -1.7813693e+01
  -1.8674857e+01
  -2.0162316e+01
  -2.2427483e+01
  -2.5676047e+01
  -2.9705062e+01
  -3.0755417e+01
  -2.7398788e+01
  -2.4147414e+01
  -2.1614936e+01
  -1.9620752e+01
  -1.8081537e+01
  -1.6992933e+01
  -1.6382567e+01
  -1.6295294e+01
  -1.6800064e+01
  -1.8013356e+01
  -2.0149904e+01
  -2.3625708e+01
  -2.8826983e+01
  -2.9879809e+01
  -2.5531805e+01
  -2.2826961e+01
  -2.1577999e+01
  -2.1273653e+01
  -2.1439133e+01
  -2.1426511e+01
  -2.0713232e+01
  -1.9514675e+01
  -1.8418189e+01
  -1.7803946e+01
  -1.7855002e+01
  -1.8717454e+01
  -2.0639002e+01
  -2.4226738e+01
  -3.1640669e+01
  -3.6074903e+01
  -2.6993294e+01
  -2.3559943e+01
  -2.2405966e+01
  -2.2917104e+01
  -2.5301149e+01
  -3.0444927e+01
  -3.0517465e+01
  -2.3957348e+01
  -2.0054000e+01
  -1.7814846e+01
  -1.6689610e+01
  -1.6473564e+01
  -1.7137867e+01
  -1.8806189e+01
  -2.1825633e+01
  -2.6653665e+01
  -2.8265085e+01
  -2.3543414e+01
  -2.0310173e+01
  -1.8589138e+01
  -1.7938446e+01
  -1.8163673e+01
  -1.9208498e+01
  -2.1074715e+01
  -2.3604825e+01
  -2.5618585e+01
  -2.5116323e+01
  -2.3350103e+01
  -2.2069191e+01
  -2.1669111e+01
  -2.2242576e+01
  -2.4020062e+01
  -2.7743969e+01
  -3.5681446e+01
  -3.1460631e+01
  -2.4627853e+01
  -2.0911574e+01
  -1.8677009e+01
  -1.7403888e+01
  -1.6907747e+01
  -1.7155913e+01
  -1.8232806e+01
  -2.0376090e+01
  -2.4016539e+01
  -2.7908435e+01
  -2.4789254e+01
  -2.0647011e+01
  -1.8106271e+01
  -1.6772167e+01
  -1.6405258e+01
  -1.6959977e+01
  -1.8574744e+01
  -2.1727690e+01
  -2.8121207e+01
  -3.7008999e+01
  -2.5814700e+01
  -2.1598049e+01
  -1.9823592e+01
  -1.9567977e+01
  -2.0712155e+01
  -2.3645995e+01
  -2.9295386e+01
  -2.8871540e+01
  -2.2812251e+01
  -1.9418888e+01
  -1.7710463e+01
  -1.7229352e+01
  -1.7903897e+01
  -1.9998986e+01
  -2.4556121e+01
  -3.4639070e+01
  -2.5493362e+01
  -1.9713577e+01
  -1.6756718e+01
  -1.5238609e+01
  -1.4741404e+01
  -1.5149161e+01
  -1.6526761e+01
  -1.9172568e+01
  -2.3900337e+01
  -3.0345757e+01
  -2.5092603e+01
  -2.0576621e+01
  -1.8291077e+01
  -1.7345469e+01
  -1.7413641e+01
  -1.8420790e+01
  -2.0458668e+01
  -2.3749168e+01
  -2.7784795e+01
  -2.7563056e+01
  -2.4290377e+01
  -2.2083259e+01
  -2.1062928e+01
  -2.1017379e+01
  -2.1890452e+01
  -2.3830286e+01
  -2.7413901e+01
  -3.4938712e+01
  -3.6881031e+01
  -2.7847416e+01
  -2.3534323e+01
  -2.0942156e+01
  -1.9302965e+01
  -1.8329610e+01
  -1.7889684e+01
  -1.7906309e+01
  -1.8308128e+01
  -1.8986299e+01
  -1.9758369e+01
  -2.0396295e+01
  -2.0786426e+01
  -2.1078655e+01
  -2.1607588e+01
  -2.2754915e+01
  -2.5008228e+01
  -2.9455000e+01
  -4.2537984e+01
  -3.3923578e+01
  -2.7029559e+01
  -2.4050702e+01
  -2.2839405e+01
  -2.2901635e+01
  -2.4055540e+01
  -2.5691607e+01
  -2.5442329e+01
  -2.2688714e+01
  -1.9936899e+01
  -1.8022066e+01
  -1.6954210e+01
  -1.6678386e+01
  -1.7203807e+01
  -1.8646278e+01
  -2.1331227e+01
  -2.6209367e+01
  -3.7227202e+01
  -3.1294299e+01
  -2.5612553e+01
  -2.3563561e+01
  -2.3507028e+01
  -2.5331625e+01
  -2.9704143e+01
  -3.1858436e+01
  -2.5385430e+01
  -2.1158734e+01
  -1.8743881e+01
  -1.7536074e+01
  -1.7314998e+01
  -1.8072687e+01
  -2.0019490e+01
  -2.3828338e+01
  -3.1392819e+01
  -2.9262503e+01
  -2.2830747e+01
  -1.9636461e+01
  -1.8085545e+01
  -1.7669951e+01
  -1.8266358e+01
  -1.9996631e+01
  -2.3358613e+01
  -2.9723565e+01
  -3.0948449e+01
  -2.4196399e+01
  -2.0617514e+01
  -1.8758160e+01
  -1.8012353e+01
  -1.8183978e+01
  -1.9292341e+01
  -2.1606940e+01
  -2.6059366e+01
  -3.8045519e+01
  -3.0770312e+01
  -2.3621218e+01
  -2.0217485e+01
  -1.8359037e+01
  -1.7484331e+01
  -1.7409097e+01
  -1.8115328e+01
  -1.9721508e+01
  -2.2537389e+01
  -2.7013536e+01
  -2.9654303e+01
  -2.5371605e+01
  -2.1984171e+01
  -2.0187714e+01
  -1.9595197e+01
  -2.0092087e+01
  -2.1828483e+01
  -2.5385965e+01
  -3.1814185e+01
  -2.9630827e+01
  -2.3848671e+01
  -2.0761080e+01
  -1.9255172e+01
  -1.8907510e+01
  -1.9647847e+01
  -2.1699935e+01
  -2.5939877e+01
  -3.7201666e+01
  -3.1177941e+01
  -2.4062358e+01
  -2.0886110e+01
  -1.9370621e+01
  -1.8915068e+01
  -1.9249365e+01
  -2.0110041e+01
  -2.0991645e+01
  -2.1165378e+01
  -2.0492652e+01
  -1.9635174e+01
  -1.9169892e+01
  -1.9350256e+01
  -2.0265244e+01
  -2.1827095e+01
  -2.3295550e+01
  -2.3013354e+01
  -2.1143086e+01
  -1.9317806e+01
  -1.8169253e+01
  -1.7789916e+01
  -1.8202388e+01
  -1.9491057e+01
  -2.1881787e+01
  -2.5878007e+01
  -3.1508985e+01
  -3.0072876e+01
  -2.5865180e+01
  -2.3685056e+01
  -2.2978383e+01
  -2.3444851e+01
  -2.5065925e+01
  -2.8079769e+01
  -3.2960398e+01
  -3.6634107e+01
  -3.2786480e+01
  -2.9583905e+01
  -2.7577702e+01
  -2.5896094e+01
  -2.4095461e+01
  -2.2245317e+01
  -2.0606511e+01
  -1.9354306e+01
  -1.8553060e+01
  -1.8205858e+01
  -1.8285224e+01
  -1.8740840e+01
  -1.9497467e+01
  -2.0462070e+01
  -2.1565957e+01
  -2.2848029e+01
  -2.4539719e+01
  -2.7164779e+01
  -3.2021633e+01
  -4.3593709e+01
  -3.2974308e+01
  -2.7023074e+01
  -2.3997907e+01
  -2.2454219e+01
  -2.1977564e+01
  -2.2445209e+01
  -2.3840488e+01
  -2.5986708e+01
  -2.7533611e+01
  -2.6375995e+01
  -2.4132352e+01
  -2.2522887e+01
  -2.1832821e+01
  -2.2042568e+01
  -2.3100294e+01
  -2.4758785e+01
  -2.5956664e+01
  -2.5271439e+01
  -2.3616921e+01
  -2.2422235e+01
  -2.2179667e+01
  -2.3146621e+01
  -2.5911494e+01
  -3.2994336e+01
  -3.7740692e+01
  -2.6054720e+01
  -2.1428539e+01
  -1.8892950e+01
  -1.7547107e+01
  -1.7088182e+01
  -1.7411562e+01
  -1.8514414e+01
  -2.0456029e+01
  -2.3232135e+01
  -2.6025230e+01
  -2.6334657e+01
  -2.4739897e+01
  -2.3626531e+01
  -2.3623393e+01
  -2.4928785e+01
  -2.8058816e+01
  -3.4846570e+01
  -3.6790730e+01
  -2.8905417e+01
  -2.5228484e+01
  -2.3473198e+01
  -2.2928080e+01
  -2.3320807e+01
  -2.4455125e+01
  -2.5858612e+01
  -2.6380069e+01
  -2.5329766e+01
  -2.3704358e+01
  -2.2372285e+01
  -2.1544076e+01
  -2.1195822e+01
  -2.1266775e+01
  -2.1725074e+01
  -2.2609146e+01
  -2.4076622e+01
  -2.6491140e+01
  -3.0561582e+01
  -3.4511744e+01
  -2.9373308e+01
  -2.4647832e+01
  -2.1704713e+01
  -1.9937915e+01
  -1.9074430e+01
  -1.9028706e+01
  -1.9843738e+01
  -2.1717256e+01
  -2.5127817e+01
  -3.0475197e+01
  -2.9598817e+01
  -2.4554558e+01
  -2.1563495e+01
  -2.0019227e+01
  -1.9500003e+01
  -1.9801451e+01
  -2.0742862e+01
  -2.1901805e+01
  -2.2353832e+01
  -2.1513528e+01
  -2.0113700e+01
  -1.8963184e+01
  -1.8353879e+01
  -1.8343299e+01
  -1.8933920e+01
  -2.0122146e+01
  -2.1893662e+01
  -2.4174872e+01
  -2.6714299e+01
  -2.8933255e+01
  -3.0028429e+01
  -2.9424432e+01
  -2.7350624e+01
  -2.4804914e+01
  -2.2552878e+01
  -2.0885097e+01
  -1.9882717e+01
  -1.9587412e+01
  -2.0079637e+01
  -2.1554006e+01
  -2.4516431e+01
  -3.0784047e+01
  -4.4606240e+01
  -2.8249526e+01
  -2.3347079e+01
  -2.0885494e+01
  -1.9696087e+01
  -1.9395217e+01
  -1.9806521e+01
  -2.0796373e+01
  -2.2150828e+01
  -2.3457186e+01
  -2.4253377e+01
  -2.4591228e+01
  -2.5068089e+01
  -2.6331812e+01
  -2.9106742e+01
  -3.4827033e+01
  -3.6371916e+01
  -2.9035354e+01
  -2.4953173e+01
  -2.2640494e+01
  -2.1417952e+01
  -2.1002918e+01
  -2.1260992e+01
  -2.2126079e+01
  -2.3575570e+01
  -2.5644418e+01
  -2.8508691e+01
  -3.2682289e+01
  -3.7543140e+01
  -3.3378608e+01
  -2.7995262e+01
  -2.4379214e+01
  -2.1923313e+01
  -2.0319986e+01
  -1.9437881e+01
  -1.9235929e+01
  -1.9739464e+01
  -2.1049488e+01
  -2.3382582e+01
  -2.7082231e+01
  -3.1196394e+01
  -2.9520626e+01
  -2.6071136e+01
  -2.4071659e+01
  -2.3288579e+01
  -2.3416055e+01
  -2.4140061e+01
  -2.4890499e+01
  -2.4906716e+01
  -2.4146011e+01
  -2.3356292e+01
  -2.3148867e+01
  -2.3886372e+01
  -2.6025887e+01
  -3.0895477e+01
  -5.2822855e+01
  -3.1353290e+01
  -2.5321767e+01
  -2.2367975e+01
  -2.0915535e+01
  -2.0540415e+01
  -2.1145330e+01
  -2.2842894e+01
  -2.6077794e+01
  -3.2456767e+01
  -4.7158989e+01
  -3.2343782e+01
  -2.8277339e+01
  -2.7118781e+01
  -2.7832683e+01
  -3.0006485e+01
  -3.0633127e+01
  -2.6852177e+01
  -2.3155554e+01
  -2.0659112e+01
  -1.9164362e+01
  -1.8498691e+01
  -1.8587152e+01
  -1.9437550e+01
  -2.1144424e+01
  -2.3905180e+01
  -2.7813564e+01
  -3.0428258e+01
  -2.8124858e+01
  -2.5576318e+01
  -2.4275905e+01
  -2.4094285e+01
  -2.4967068e+01
  -2.7085327e+01
  -3.1260837e+01
  -4.0712051e+01
  -3.4470407e+01
  -2.7448618e+01
  -2.3482248e+01
  -2.0824062e+01
  -1.8961361e+01
  -1.7707073e+01
  -1.6997730e+01
  -1.6833429e+01
  -1.7264135e+01
  -1.8404489e+01
  -2.0491643e+01
  -2.4064979e+01
  -3.0462118e+01
  -3.2992922e+01
  -2.6515683e+01
  -2.3296949e+01
  -2.2049229e+01
  -2.2285931e+01
  -2.4151368e+01
  -2.8821449e+01
  -4.4109910e+01
