   1.5623134e+01
   1.5322919e+01
   1.4437303e+01
   1.3012388e+01
   1.1127868e+01
   8.9000762e+00
   6.4863882e+00
   4.1041614e+00
   2.1716564e+00
   1.8669291e+00
   2.9106362e+00
   3.7783567e+00
   4.0927642e+00
   3.7951791e+00
   2.9391213e+00
   1.6532994e+00
   1.2189260e-01
   1.4448236e+00
   2.8225501e+00
   3.8145180e+00
   4.2686063e+00
   4.0987887e+00
   3.2976664e+00
   1.9439163e+00
   3.9490652e-01
   1.9292067e+00
   3.9088620e+00
   5.6540127e+00
   6.9423226e+00
   7.6108225e+00
   7.5720170e+00
   6.8328408e+00
   5.5227037e+00
   3.9878887e+00
   3.1309967e+00
   4.0030764e+00
   5.7982451e+00
   7.5537442e+00
   8.8464226e+00
   9.4691286e+00
   9.3380248e+00
   8.4830312e+00
   7.0729736e+00
   5.5136402e+00
   4.6752175e+00
   5.4555947e+00
   7.3470482e+00
   9.4134406e+00
   1.1124940e+01
   1.2196759e+01
   1.2484728e+01
   1.1967851e+01
   1.0767828e+01
   9.2062076e+00
   7.9072576e+00
   7.7225912e+00
   8.9349063e+00
   1.0870041e+01
   1.2732250e+01
   1.3997264e+01
   1.4379267e+01
   1.3806990e+01
   1.2473717e+01
   1.0983573e+01
   1.0490889e+01
   1.2037327e+01
   1.5312160e+01
   1.9266222e+01
   2.3048280e+01
   2.6099440e+01
   2.8091488e+01
   2.8916618e+01
   2.8710738e+01
   2.7883129e+01
   2.7106070e+01
   2.7160647e+01
   2.8567195e+01
   3.1252734e+01
   3.4640847e+01
   3.8015017e+01
   4.0785436e+01
   4.2596850e+01
   4.3362098e+01
   4.3268708e+01
   4.2756746e+01
   4.2434361e+01
   4.2893146e+01
   4.4459046e+01
   4.7040823e+01
   5.0208210e+01
   5.3418855e+01
   5.6226517e+01
   5.8401202e+01
   5.9973381e+01
   6.1219536e+01
   6.2587169e+01
   6.4556131e+01
   6.7467786e+01
   7.1401615e+01
   7.6171211e+01
   8.1430405e+01
   8.6813515e+01
   9.2041904e+01
   9.6971793e+01
   1.0158737e+02
   1.0595472e+02
   1.1015780e+02
   1.1424185e+02
   1.1818709e+02
   1.2192364e+02
   1.2538115e+02
   1.2855191e+02
   1.3154009e+02
   1.3457284e+02
   1.3795883e+02
   1.4199886e+02
   1.4687742e+02
   1.5258201e+02
   1.5888989e+02
   1.6543005e+02
   1.7179292e+02
   1.7764666e+02
   1.8282464e+02
   1.8736277e+02
   1.9147737e+02
   1.9548677e+02
   1.9969541e+02
   2.0427692e+02
   2.0920010e+02
   2.1422884e+02
   2.1899619e+02
   2.2312276e+02
   2.2633723e+02
   2.2856194e+02
   2.2993965e+02
   2.3079168e+02
   2.3151387e+02
   2.3243661e+02
   2.3369536e+02
   2.3516328e+02
   2.3647732e+02
   2.3715018e+02
   2.3672717e+02
   2.3493729e+02
   2.3179750e+02
   2.2764388e+02
   2.2307548e+02
   2.1880950e+02
   2.1547189e+02
   2.1338570e+02
   2.1244644e+02
   2.1215012e+02
   2.1176520e+02
   2.1057153e+02
   2.0807887e+02
   2.0416971e+02
   1.9914575e+02
   1.9367206e+02
   1.8861781e+02
   1.8480948e+02
   1.8275819e+02
   1.8247411e+02
   1.8346857e+02
   1.8494362e+02
   1.8606350e+02
   1.8618858e+02
   1.8500939e+02
   1.8257406e+02
   1.7922599e+02
   1.7547423e+02
   1.7182632e+02
   1.6862789e+02
   1.6596371e+02
   1.6366015e+02
   1.6138494e+02
   1.5879613e+02
   1.5567771e+02
   1.5201694e+02
   1.4800528e+02
   1.4396737e+02
   1.4024038e+02
   1.3704458e+02
   1.3439791e+02
   1.3211589e+02
   1.2989911e+02
   1.2746767e+02
   1.2468631e+02
   1.2163504e+02
   1.1860197e+02
   1.1599306e+02
   1.1417728e+02
   1.1332003e+02
   1.1328385e+02
   1.1365322e+02
   1.1386977e+02
   1.1340798e+02
   1.1192379e+02
   1.0934308e+02
   1.0588496e+02
   1.0202034e+02
   9.8363519e+01
   9.5500967e+01
   9.3795756e+01
   9.3253432e+01
   9.3532506e+01
   9.4096295e+01
   9.4414238e+01
   9.4119177e+01
   9.3083112e+01
   9.1416409e+01
   8.9406913e+01
   8.7415499e+01
   8.5751539e+01
   8.4566778e+01
   8.3811632e+01
   8.3274064e+01
   8.2677760e+01
   8.1789663e+01
   8.0494416e+01
   7.8817320e+01
   7.6897041e+01
   7.4920755e+01
   7.3043603e+01
   7.1322432e+01
   6.9692684e+01
   6.7999706e+01
   6.6069449e+01
   6.3787387e+01
   6.1156656e+01
   5.8317956e+01
   5.5523197e+01
   5.3062046e+01
   5.1155039e+01
   4.9853822e+01
   4.9005693e+01
   4.8309921e+01
   4.7432787e+01
   4.6120596e+01
   4.4272459e+01
   4.1966333e+01
   3.9443390e+01
   3.7050522e+01
   3.5136325e+01
   3.3915745e+01
   3.3368112e+01
   3.3248762e+01
   3.3212478e+01
   3.2959078e+01
   3.2327039e+01
   3.1323168e+01
   3.0103284e+01
   2.8913502e+01
   2.7996812e+01
   2.7487063e+01
   2.7343726e+01
   2.7374462e+01
   2.7328909e+01
   2.7000455e+01
   2.6291570e+01
   2.5236058e+01
   2.3985873e+01
   2.2765645e+01
   2.1794948e+01
   2.1194864e+01
   2.0928104e+01
   2.0820722e+01
   2.0651205e+01
   2.0244737e+01
   1.9530894e+01
   1.8561238e+01
   1.7494607e+01
   1.6549552e+01
   1.5919824e+01
   1.5675893e+01
   1.5719705e+01
   1.5837173e+01
   1.5801837e+01
   1.5456706e+01
   1.4752206e+01
   1.3753782e+01
   1.2631384e+01
   1.1626334e+01
   1.0974503e+01
   1.0785777e+01
   1.0967351e+01
   1.1285562e+01
   1.1499915e+01
   1.1451822e+01
   1.1091049e+01
   1.0471525e+01
   9.7338765e+00
   9.0703766e+00
   8.6567403e+00
   8.5599862e+00
   8.6943954e+00
   8.8801994e+00
   8.9437357e+00
   8.7811940e+00
   8.3794032e+00
   7.8149904e+00
   7.2395650e+00
   6.8370770e+00
   6.7357075e+00
   6.9181866e+00
   7.2318894e+00
   7.4883704e+00
   7.5457261e+00
   7.3395609e+00
   6.8874272e+00
   6.2859228e+00
   5.7007235e+00
   5.3268216e+00
   5.2883442e+00
   5.5389582e+00
   5.8995004e+00
   6.1818099e+00
   6.2604391e+00
   6.0855877e+00
   5.6773005e+00
   5.1182449e+00
   4.5451202e+00
   4.1230572e+00
   3.9728734e+00
   4.0784723e+00
   4.2988251e+00
   4.4764779e+00
   4.5084303e+00
   4.3584283e+00
   4.0500464e+00
   3.6584756e+00
   3.2985954e+00
   3.0906150e+00
   3.0889445e+00
   3.2347517e+00
   3.4053758e+00
   3.4917222e+00
   3.4304871e+00
   3.2055482e+00
   2.8430327e+00
   2.4088263e+00
   2.0088744e+00
   1.7728308e+00
   1.7685642e+00
   1.9154191e+00
   2.0682376e+00
   2.1236090e+00
   2.0347847e+00
   1.7991120e+00
   1.4511966e+00
   1.0711949e+00
   8.2438444e-01
   9.0125178e-01
   1.1896837e+00
   1.4794805e+00
   1.6721800e+00
   1.7318554e+00
   1.6549572e+00
   1.4598100e+00
   1.1802123e+00
   8.5919013e-01
   5.4237895e-01
   2.7212051e-01
   9.6356703e-02
   1.2290504e-01
   2.2163464e-01
   3.6123297e-01
   5.5843394e-01
   7.9005077e-01
   1.0152969e+00
   1.1927231e+00
   1.2896109e+00
   1.2901821e+00
   1.2057783e+00
   1.0905688e+00
   1.0534771e+00
   1.1968090e+00
   1.4972913e+00
   1.8512070e+00
   2.1676858e+00
   2.3865234e+00
   2.4763737e+00
   2.4367010e+00
   2.3038177e+00
   2.1574931e+00
   2.1108848e+00
   2.2494764e+00
   2.5561944e+00
   2.9341388e+00
   3.2805050e+00
   3.5216078e+00
   3.6194342e+00
   3.5732183e+00
   3.4219231e+00
   3.2448884e+00
   3.1485495e+00
   3.2205370e+00
   3.4695542e+00
   3.8216028e+00
   4.1752170e+00
   4.4483692e+00
   4.5967434e+00
   4.6183348e+00
   4.5532307e+00
   4.4767104e+00
   4.4773597e+00
   4.6170563e+00
   4.8953265e+00
   5.2521218e+00
   5.6040860e+00
   5.8805577e+00
   6.0435901e+00
   6.0951149e+00
   6.0752473e+00
   6.0507972e+00
   6.0914035e+00
   6.2380186e+00
   6.4817136e+00
   6.7694531e+00
   7.0312070e+00
   7.2089804e+00
   7.2760820e+00
   7.2453193e+00
   7.1668223e+00
   7.1138294e+00
   7.1553084e+00
   7.3236418e+00
   7.5973625e+00
   7.9123181e+00
   8.1913481e+00
   8.3729814e+00
   8.4294006e+00
   8.3734368e+00
   8.2557596e+00
   8.1511854e+00
   8.1331779e+00
   8.2429776e+00
   8.4704407e+00
   8.7608161e+00
   9.0419412e+00
   9.2537932e+00
   9.3683079e+00
   9.3970326e+00
   9.3872162e+00
   9.4062273e+00
   9.5159182e+00
   9.7456604e+00
   1.0079018e+01
   1.0462790e+01
   1.0831537e+01
   1.1133190e+01
   1.1346165e+01
   1.1485139e+01
   1.1595315e+01
   1.1735830e+01
   1.1956013e+01
   1.2273672e+01
   1.2666771e+01
   1.3083056e+01
   1.3461362e+01
   1.3753784e+01
   1.3941032e+01
   1.4037911e+01
   1.4088280e+01
   1.4150232e+01
   1.4274889e+01
   1.4486445e+01
   1.4773045e+01
   1.5093431e+01
   1.5395482e+01
   1.5637383e+01
   1.5803294e+01
   1.5909269e+01
   1.5998193e+01
   1.6124793e+01
   1.6334923e+01
   1.6647124e+01
   1.7045325e+01
   1.7486380e+01
   1.7918124e+01
   1.8299298e+01
   1.8613920e+01
   1.8876221e+01
   1.9125152e+01
   1.9409925e+01
   1.9770916e+01
   2.0223182e+01
   2.0749847e+01
   2.1308249e+01
   2.1845371e+01
   2.2315512e+01
   2.2693756e+01
   2.2981566e+01
   2.3203491e+01
   2.3396180e+01
   2.3593035e+01
   2.3809766e+01
   2.4036457e+01
   2.4239371e+01
   2.4371466e+01
   2.4387165e+01
   2.4256000e+01
   2.3971161e+01
   2.3551012e+01
   2.3033508e+01
   2.2465034e+01
   2.1886812e+01
   2.1323334e+01
   2.0777327e+01
   2.0233511e+01
   1.9669682e+01
   1.9070499e+01
   1.8438540e+01
   1.7798444e+01
   1.7192177e+01
   1.6666028e+01
   1.6253258e+01
   1.5959616e+01
   1.5759341e+01
   1.5604458e+01
   1.5442892e+01
   1.5237132e+01
   1.4976611e+01
   1.4680536e+01
   1.4390680e+01
   1.4155699e+01
   1.4011518e+01
   1.3965589e+01
   1.3992943e+01
   1.4046178e+01
   1.4073909e+01
   1.4038980e+01
   1.3930148e+01
   1.3764700e+01
   1.3581936e+01
   1.3429066e+01
   1.3343443e+01
   1.3337784e+01
   1.3395348e+01
   1.3477421e+01
   1.3538818e+01
   1.3543884e+01
   1.3477154e+01
   1.3346245e+01
   1.3177138e+01
   1.3003573e+01
   1.2853918e+01
   1.2740260e+01
   1.2654400e+01
   1.2572483e+01
   1.2465826e+01
   1.2312880e+01
   1.2107722e+01
   1.1862501e+01
   1.1603308e+01
   1.1360678e+01
   1.1157716e+01
   1.1000522e+01
   1.0875422e+01
   1.0754494e+01
   1.0606660e+01
   1.0409377e+01
   1.0156727e+01
   9.8617370e+00
   9.5524514e+00
   9.2625293e+00
   9.0187798e+00
   8.8302137e+00
   8.6839213e+00
   8.5502378e+00
   8.3945558e+00
   8.1901356e+00
   7.9271887e+00
   7.6160940e+00
   7.2843860e+00
   6.9679630e+00
   6.6981830e+00
   6.4890742e+00
   6.3310203e+00
   6.1951167e+00
   6.0459008e+00
   5.8555695e+00
   5.6139257e+00
   5.3319008e+00
   5.0385664e+00
   4.7718360e+00
   4.5639599e+00
   4.4266371e+00
   4.3445404e+00
   4.2826554e+00
   4.2025034e+00
   4.0773441e+00
   3.9007994e+00
   3.6885903e+00
   3.4741807e+00
   3.2979101e+00
   3.1900672e+00
   3.1547616e+00
   3.1669170e+00
   3.1857920e+00
   3.1737793e+00
   3.1093222e+00
   2.9919319e+00
   2.8414511e+00
   2.6924029e+00
   2.5822371e+00
   2.5342890e+00
   2.5443769e+00
   2.5829763e+00
   2.6113650e+00
   2.5984168e+00
   2.5302401e+00
   2.4133823e+00
   2.2737255e+00
   2.1504260e+00
   2.0818845e+00
   2.0854733e+00
   2.1458740e+00
   2.2250214e+00
   2.2830871e+00
   2.2936245e+00
   2.2495891e+00
   2.1638415e+00
   2.0658187e+00
   1.9926853e+00
   1.9733032e+00
   2.0116282e+00
   2.0842448e+00
   2.1547864e+00
   2.1911660e+00
   2.1756080e+00
   2.1079877e+00
   2.0053111e+00
   1.8978509e+00
   1.8200019e+00
   1.7950742e+00
   1.8217287e+00
   1.8750351e+00
   1.9213903e+00
   1.9334922e+00
   1.8980493e+00
   1.8178532e+00
   1.7108638e+00
   1.6064543e+00
   1.5365057e+00
   1.5205243e+00
   1.5534380e+00
   1.6089672e+00
   1.6551312e+00
   1.6675268e+00
   1.6352381e+00
   1.5621753e+00
   1.4663223e+00
   1.3764979e+00
   1.3235591e+00
   1.3248771e+00
   1.3723880e+00
   1.4379795e+00
   1.4899155e+00
   1.5050432e+00
   1.4735522e+00
   1.3999461e+00
   1.3025254e+00
   1.2107021e+00
   1.1564270e+00
   1.1575321e+00
   1.2045796e+00
   1.2676430e+00
   1.3145053e+00
   1.3225525e+00
   1.2822973e+00
   1.1973603e+00
   1.0836148e+00
   9.6761991e-01
   8.8152935e-01
   8.4919775e-01
   8.6859525e-01
   9.1306397e-01
   9.5132756e-01
   9.6178139e-01
   9.3552486e-01
   8.7513273e-01
   7.9304039e-01
   7.0988528e-01
   6.5045825e-01
   6.3290660e-01
   6.5533089e-01
   6.9727670e-01
   7.3487074e-01
   7.5092981e-01
   7.3687644e-01
   6.9196975e-01
   6.2274207e-01
   5.4334330e-01
   4.7605126e-01
   4.4653744e-01
   4.6588208e-01
   5.1783821e-01
   5.7477979e-01
   6.1499220e-01
   6.2616198e-01
   6.0431470e-01
   5.5318459e-01
   4.8476985e-01
   4.2078954e-01
   3.9033969e-01
   4.1115095e-01
   4.6955167e-01
   5.3661616e-01
   5.8955377e-01
   6.1531689e-01
   6.0859948e-01
   5.7035278e-01
   5.0734540e-01
   4.3289779e-01
   3.6876287e-01
   3.4286636e-01
   3.6899543e-01
   4.2953621e-01
   4.9622363e-01
   5.4850294e-01
   5.7447629e-01
   5.6893742e-01
   5.3296208e-01
   4.7513069e-01
   4.1436277e-01
   3.8115214e-01
   4.0180561e-01
   4.6911813e-01
   5.5185805e-01
   6.2210385e-01
   6.6237987e-01
   6.6476295e-01
   6.3065878e-01
   5.7207140e-01
   5.1358922e-01
   4.8926148e-01
   5.2096374e-01
   5.9523947e-01
   6.7893916e-01
   7.4371356e-01
   7.7264643e-01
   7.5985480e-01
   7.1018200e-01
   6.3992549e-01
   5.7728046e-01
   5.5542304e-01
   5.8926962e-01
   6.6012311e-01
   7.3494265e-01
   7.8725725e-01
   8.0212412e-01
   7.7541179e-01
   7.1326868e-01
   6.3278224e-01
   5.6282185e-01
   5.3768736e-01
   5.7265012e-01
   6.4744902e-01
   7.2775675e-01
   7.8683019e-01
   8.0960263e-01
   7.9156220e-01
   7.3832350e-01
   6.6649114e-01
   6.0431852e-01
   5.8484800e-01
   6.2282494e-01
   6.9951702e-01
   7.8139158e-01
   8.4091587e-01
   8.6217697e-01
   8.4102495e-01
   7.8546967e-01
   7.1691375e-01
   6.6907923e-01
   6.7446305e-01
   7.3764336e-01
   8.3107626e-01
   9.1972030e-01
   9.7794256e-01
   9.9314318e-01
   9.6591750e-01
   9.1033770e-01
   8.5342630e-01
   8.2872450e-01
   8.5793191e-01
   9.3339703e-01
   1.0255045e+00
   1.1030989e+00
   1.1448926e+00
   1.1423784e+00
   1.1002884e+00
   1.0365762e+00
   9.8042781e-01
   9.6332461e-01
   1.0009261e+00
   1.0812181e+00
   1.1746853e+00
   1.2521470e+00
   1.2943071e+00
   1.2944303e+00
   1.2588144e+00
   1.2063478e+00
   1.1653568e+00
   1.1638519e+00
   1.2138846e+00
   1.3033790e+00
   1.4050135e+00
   1.4910321e+00
   1.5424216e+00
   1.5525385e+00
   1.5282470e+00
   1.4893323e+00
   1.4643229e+00
   1.4798944e+00
   1.5464113e+00
   1.6514424e+00
   1.7678583e+00
   1.8673875e+00
   1.9300077e+00
   1.9482208e+00
   1.9282802e+00
   1.8890598e+00
   1.8574180e+00
   1.8586092e+00
   1.9041382e+00
   1.9854224e+00
   2.0789950e+00
   2.1581278e+00
   2.2026223e+00
   2.2040116e+00
   2.1671503e+00
   2.1090389e+00
   2.0544181e+00
   2.0273069e+00
   2.0402725e+00
   2.0878296e+00
   2.1494982e+00
   2.1997432e+00
   2.2176144e+00
   2.1924793e+00
   2.1262012e+00
   2.0327830e+00
   1.9354323e+00
   1.8599700e+00
   1.8245142e+00
   1.8300671e+00
   1.8597640e+00
   1.8878947e+00
   1.8912449e+00
   1.8567074e+00
   1.7846793e+00
   1.6896168e+00
   1.5977148e+00
   1.5394601e+00
   1.5356918e+00
   1.5846199e+00
   1.6629993e+00
   1.7403132e+00
   1.7923258e+00
   1.8077184e+00
   1.7896289e+00
   1.7540458e+00
   1.7247321e+00
   1.7237683e+00
   1.7603083e+00
   1.8251925e+00
   1.8961011e+00
   1.9482468e+00
   1.9632506e+00
   1.9338695e+00
   1.8655472e+00
   1.7756393e+00
   1.6897685e+00
   1.6338105e+00
   1.6222377e+00
   1.6499038e+00
   1.6952245e+00
   1.7317765e+00
   1.7387938e+00
   1.7064826e+00
   1.6374497e+00
   1.5459206e+00
   1.4547740e+00
   1.3889049e+00
   1.3644466e+00
   1.3794319e+00
   1.4149191e+00
   1.4458168e+00
   1.4516838e+00
   1.4224213e+00
   1.3600545e+00
   1.2784560e+00
   1.2008696e+00
   1.1529118e+00
   1.1499626e+00
   1.1867431e+00
   1.2406752e+00
   1.2852874e+00
   1.3010786e+00
   1.2802264e+00
   1.2277972e+00
   1.1611701e+00
   1.1065311e+00
   1.0891937e+00
   1.1188455e+00
   1.1824489e+00
   1.2533887e+00
   1.3057448e+00
   1.3226005e+00
   1.2986874e+00
   1.2405505e+00
   1.1653992e+00
   1.0976133e+00
   1.0604879e+00
   1.0639500e+00
   1.0978969e+00
   1.1391938e+00
   1.1644985e+00
   1.1585205e+00
   1.1168590e+00
   1.0463195e+00
   9.6413586e-01
   8.9504388e-01
   8.6277145e-01
   8.7594828e-01
   9.2123032e-01
   9.7317162e-01
   1.0083321e+00
   1.0122689e+00
   9.8109343e-01
   9.2141529e-01
   8.4989035e-01
   7.9096738e-01
   7.6866198e-01
   7.9168044e-01
   8.4617888e-01
   9.0653280e-01
   9.4961542e-01
   9.6123241e-01
   9.3735798e-01
   8.8400194e-01
   8.1668984e-01
   7.5823922e-01
   7.3122780e-01
   7.4446328e-01
   7.8582622e-01
   8.3165787e-01
   8.6037816e-01
   8.5902253e-01
   8.2449750e-01
   7.6324569e-01
   6.9047447e-01
   6.2783186e-01
   5.9593404e-01
   6.0107616e-01
   6.2943956e-01
   6.5810022e-01
   6.6808244e-01
   6.4924929e-01
   6.0050474e-01
   5.2926406e-01
   4.5157979e-01
   3.9191216e-01
   3.7470602e-01
   4.0220260e-01
   4.5067741e-01
   4.9397738e-01
   5.1576642e-01
   5.0906154e-01
   4.7430878e-01
   4.1875218e-01
   3.5726245e-01
   3.1324001e-01
   3.1014027e-01
   3.4796875e-01
   4.0298431e-01
   4.5172448e-01
   4.7995209e-01
   4.8149875e-01
   4.5698672e-01
   4.1376837e-01
   3.6656512e-01
   3.3628438e-01
   3.3970543e-01
   3.7320996e-01
   4.1645044e-01
   4.4932544e-01
   4.5907392e-01
   4.4036475e-01
   3.9458561e-01
   3.2992786e-01
   2.6305909e-01
   2.2129953e-01
   2.2780391e-01
   2.6837424e-01
   3.1106611e-01
   3.3544863e-01
   3.3248104e-01
   3.0040621e-01
   2.4277307e-01
   1.6791143e-01
   9.3245409e-02
   7.6919032e-02
   1.3551908e-01
   1.9711302e-01
   2.4071428e-01
   2.6052804e-01
   2.5557442e-01
   2.2809474e-01
   1.8296154e-01
   1.2786416e-01
   7.7794759e-02
   7.1362759e-02
   1.1277878e-01
   1.6002883e-01
   1.9789889e-01
   2.2119698e-01
   2.2760180e-01
   2.1643950e-01
   1.8849465e-01
   1.4611290e-01
   9.3698431e-02
   4.2416505e-02
   4.9127502e-02
   9.8902341e-02
   1.4286809e-01
   1.7172311e-01
   1.8134290e-01
   1.7025170e-01
   1.3955949e-01
   9.3013600e-02
   3.8442313e-02
   3.6103881e-02
   9.1011102e-02
   1.3891098e-01
   1.7149361e-01
   1.8486429e-01
   1.7787173e-01
   1.5203221e-01
   1.1124914e-01
   6.1273436e-02
   1.0435778e-02
   4.1202758e-02
   8.0074694e-02
   1.0553966e-01
   1.1593894e-01
   1.1251647e-01
   9.9524820e-02
   8.4236855e-02
   7.5338294e-02
   7.6149265e-02
   8.0151665e-02
   7.8775235e-02
   6.7576431e-02
   4.7630110e-02
   3.2843876e-02
   5.2019808e-02
   8.7340519e-02
   1.2052563e-01
   1.4394665e-01
   1.5310090e-01
   1.4584072e-01
   1.2245539e-01
   8.5796026e-02
   4.2714592e-02
   3.0457033e-02
   7.1369132e-02
   1.1157019e-01
   1.4046364e-01
   1.5434097e-01
   1.5209735e-01
   1.3496814e-01
   1.0654530e-01
   7.3596474e-02
   5.0938529e-02
   5.9491956e-02
   8.5361501e-02
   1.0888881e-01
   1.2319246e-01
   1.2607164e-01
   1.1745840e-01
   9.8789098e-02
   7.3164415e-02
   4.7887668e-02
   4.3530391e-02
   6.8093976e-02
   9.9598697e-02
   1.2695316e-01
   1.4490704e-01
   1.5004650e-01
   1.4050600e-01
   1.1664639e-01
   8.3368586e-02
   6.0972044e-02
   8.6006428e-02
   1.3894800e-01
   1.9369417e-01
   2.3890026e-01
   2.6764000e-01
   2.7563441e-01
   2.6141794e-01
   2.2683257e-01
   1.7797385e-01
   1.2838938e-01
   1.0655918e-01
   1.3197024e-01
   1.7605163e-01
   2.1285210e-01
   2.3144688e-01
   2.2827341e-01
   2.0508406e-01
   1.6977975e-01
   1.3994997e-01
   1.4131252e-01
   1.7724233e-01
   2.2455418e-01
   2.6460931e-01
   2.8762640e-01
   2.8950079e-01
   2.7068484e-01
   2.3641948e-01
   1.9826351e-01
   1.7584348e-01
   1.8709158e-01
   2.2593816e-01
   2.7200232e-01
   3.1002003e-01
   3.3162904e-01
   3.3339949e-01
   3.1611632e-01
   2.8514815e-01
   2.5169259e-01
   2.3307303e-01
   2.4433211e-01
   2.8278237e-01
   3.3191917e-01
   3.7608294e-01
   4.0509910e-01
   4.1398412e-01
   4.0272375e-01
   3.7672021e-01
   3.4742221e-01
   3.3100703e-01
   3.4053791e-01
   3.7480103e-01
   4.1964296e-01
   4.5902388e-01
   4.8137077e-01
   4.8093040e-01
   4.5796131e-01
   4.1912382e-01
   3.7795635e-01
   3.5313926e-01
   3.5904351e-01
   3.9275447e-01
   4.3713546e-01
   4.7454021e-01
   4.9345200e-01
   4.8921141e-01
   4.6371343e-01
   4.2542661e-01
   3.8920885e-01
   3.7292768e-01
   3.8693073e-01
   4.2482253e-01
   4.6974773e-01
   5.0582591e-01
   5.2275806e-01
   5.1620700e-01
   4.8756058e-01
   4.4408720e-01
   3.9931978e-01
   3.7155358e-01
   3.7528372e-01
   4.0867754e-01
   4.5538246e-01
   4.9753862e-01
   5.2274788e-01
   5.2507544e-01
   5.0490814e-01
   4.6918749e-01
   4.3170412e-01
   4.1099841e-01
   4.2121173e-01
   4.6036376e-01
   5.1253601e-01
   5.6004755e-01
   5.9044396e-01
   5.9795722e-01
   5.8349794e-01
   5.5450098e-01
   5.2412185e-01
   5.0787321e-01
   5.1602941e-01
   5.4646263e-01
   5.8652376e-01
   6.2130242e-01
   6.3957148e-01
   6.3581042e-01
   6.1044969e-01
   5.6961210e-01
   5.2442557e-01
   4.8888888e-01
   4.7455032e-01
   4.8339463e-01
   5.0634760e-01
   5.2975474e-01
   5.4221844e-01
   5.3750505e-01
   5.1506227e-01
   4.7993206e-01
   4.4241696e-01
   4.1629498e-01
   4.1310286e-01
   4.3403013e-01
   4.6877092e-01
   5.0297970e-01
   5.2486313e-01
   5.2749175e-01
   5.0913949e-01
   4.7331582e-01
   4.2884000e-01
   3.8927105e-01
   3.6917159e-01
   3.7517175e-01
   3.9983545e-01
   4.2785005e-01
   4.4552769e-01
   4.4474828e-01
   4.2334433e-01
   3.8479458e-01
   3.3805746e-01
   2.9701010e-01
   2.7643364e-01
   2.8145475e-01
   3.0168570e-01
   3.2095176e-01
   3.2731484e-01
   3.1533430e-01
   2.8553690e-01
   2.4422094e-01
   2.0434167e-01
   1.8490380e-01
   1.9762473e-01
   2.3138401e-01
   2.6680140e-01
   2.9073201e-01
   2.9657367e-01
   2.8234106e-01
   2.4971247e-01
   2.0398884e-01
   1.5562513e-01
   1.2451954e-01
   1.3258896e-01
   1.6946996e-01
   2.0998246e-01
   2.3987968e-01
   2.5263566e-01
   2.4599816e-01
   2.2114817e-01
   1.8313781e-01
   1.4309628e-01
   1.2217127e-01
   1.3826824e-01
   1.7696312e-01
   2.1548374e-01
   2.4104032e-01
   2.4773828e-01
   2.3441923e-01
   2.0468402e-01
   1.6870737e-01
   1.4656467e-01
   1.5926383e-01
   2.0018036e-01
   2.4688672e-01
   2.8389162e-01
   3.0314076e-01
   3.0172640e-01
   2.8123039e-01
   2.4800863e-01
   2.1407440e-01
   1.9627470e-01
   2.0590080e-01
   2.3568280e-01
   2.6891068e-01
   2.9266808e-01
   2.9994407e-01
   2.8838750e-01
   2.5943866e-01
   2.1815667e-01
   1.7410432e-01
   1.4340144e-01
   1.4339761e-01
   1.7054086e-01
   2.0517647e-01
   2.3297212e-01
   2.4664255e-01
   2.4308621e-01
   2.2210320e-01
   1.8616078e-01
   1.4121270e-01
   1.0069711e-01
   9.2289480e-02
   1.2410255e-01
   1.6720252e-01
   2.0284869e-01
   2.2274629e-01
   2.2314248e-01
   2.0346340e-01
   1.6630970e-01
   1.1867131e-01
   7.8838797e-02
   8.5553376e-02
   1.3024012e-01
   1.7652404e-01
   2.0985892e-01
   2.2431328e-01
   2.1795224e-01
   1.9212333e-01
   1.5169335e-01
   1.0716230e-01
   8.2748067e-02
   1.0332339e-01
   1.4537361e-01
   1.8416714e-01
   2.1000651e-01
   2.1920958e-01
   2.1126015e-01
   1.8796613e-01
   1.5312716e-01
   1.1291086e-01
   7.8868258e-02
   7.2680137e-02
   9.8015116e-02
   1.3201735e-01
   1.6170329e-01
   1.8177847e-01
   1.8966588e-01
   1.8431752e-01
   1.6619350e-01
   1.3784322e-01
   1.0564878e-01
   8.4306389e-02
   9.2902974e-02
   1.2428443e-01
   1.5835682e-01
   1.8349639e-01
   1.9370856e-01
   1.8622789e-01
   1.6097383e-01
   1.2053686e-01
   7.1128446e-02
   3.6334616e-02
   6.8865607e-02
   1.1714371e-01
   1.5593994e-01
   1.7879778e-01
   1.8295916e-01
   1.6824589e-01
   1.3681482e-01
   9.2920123e-02
   4.3608712e-02
   2.6683975e-02
   6.9775895e-02
   1.1014971e-01
   1.3915775e-01
   1.5446654e-01
   1.5583611e-01
   1.4456392e-01
   1.2298519e-01
   9.3916070e-02
   6.0141118e-02
   2.4076900e-02
   1.2351917e-02
   4.7369710e-02
   7.9309372e-02
   1.0617776e-01
   1.2573212e-01
   1.3573000e-01
   1.3437479e-01
   1.2082391e-01
   9.5678741e-02
   6.1712721e-02
   2.9240522e-02
   4.2313031e-02
   8.0852694e-02
   1.1544507e-01
   1.3921334e-01
   1.4868632e-01
   1.4246321e-01
   1.2117476e-01
   8.7385974e-02
   4.5434929e-02
   9.9965827e-03
   4.6683720e-02
   8.3389541e-02
   1.0970749e-01
   1.2316927e-01
   1.2343067e-01
   1.1219700e-01
   9.3101475e-02
   7.1557833e-02
   5.4463084e-02
   4.7289806e-02
   4.7087140e-02
   4.5662288e-02
   3.8893641e-02
   2.9667953e-02
   3.1328636e-02
   4.9314289e-02
   7.1812940e-02
   9.1053591e-02
   1.0275676e-01
   1.0458470e-01
   9.5964637e-02
   7.8062227e-02
   5.3758190e-02
   2.8646834e-02
   2.1245172e-02
   3.8603166e-02
   5.5234055e-02
   6.4780441e-02
   6.6616693e-02
   6.2501415e-02
   5.6049567e-02
   5.1581702e-02
   5.1087121e-02
   5.2157748e-02
   5.0883665e-02
   4.5627178e-02
   3.9592166e-02
   4.2314480e-02
   5.8457172e-02
   8.0735800e-02
   1.0158281e-01
   1.1586331e-01
   1.2022064e-01
   1.1300162e-01
   9.4377969e-02
   6.6515347e-02
   3.4925209e-02
   2.5313793e-02
   5.3208453e-02
   8.1607104e-02
   1.0133919e-01
   1.0940303e-01
   1.0494795e-01
   8.8892480e-02
   6.3674602e-02
   3.2990642e-02
   7.7013924e-03
   3.2423656e-02
   5.7196667e-02
   7.4419122e-02
   8.2865997e-02
   8.2769140e-02
   7.5461137e-02
   6.2947241e-02
   4.7442247e-02
   3.1273060e-02
   1.9126609e-02
   2.3047972e-02
   3.9256953e-02
   5.7792858e-02
   7.4817800e-02
   8.7391866e-02
   9.2728320e-02
   8.8601095e-02
   7.3973950e-02
   5.0059393e-02
   2.6977671e-02
   4.3943283e-02
   8.3648861e-02
   1.2338180e-01
   1.5595241e-01
   1.7667612e-01
   1.8260383e-01
   1.7291803e-01
   1.4953706e-01
   1.1835496e-01
   9.2603000e-02
   9.2842108e-02
   1.1981684e-01
   1.5336051e-01
   1.7979945e-01
   1.9264931e-01
   1.8942578e-01
   1.7059936e-01
   1.3938328e-01
   1.0241359e-01
   7.3444032e-02
   7.4488364e-02
   1.0136502e-01
   1.3149901e-01
   1.5407802e-01
   1.6513416e-01
   1.6363345e-01
   1.5032907e-01
   1.2744378e-01
   9.9145415e-02
   7.4218512e-02
   7.0105595e-02
   9.3607213e-02
   1.2874026e-01
   1.6323570e-01
   1.9065467e-01
   2.0693600e-01
   2.0960301e-01
   1.9797349e-01
   1.7380177e-01
   1.4259992e-01
   1.1643380e-01
   1.1361379e-01
   1.3831257e-01
   1.7373293e-01
   2.0476001e-01
   2.2309871e-01
   2.2501006e-01
   2.1041736e-01
   1.8310788e-01
   1.5194170e-01
   1.3240754e-01
   1.3920199e-01
   1.6735500e-01
   1.9993680e-01
   2.2468004e-01
   2.3532734e-01
   2.2979825e-01
   2.0928817e-01
   1.7802947e-01
   1.4371278e-01
   1.1844769e-01
   1.1489441e-01
   1.3150635e-01
   1.5422630e-01
   1.7209370e-01
   1.7981475e-01
   1.7566648e-01
   1.6026358e-01
   1.3616051e-01
   1.0825119e-01
   8.5470883e-02
   8.0721910e-02
   9.6489416e-02
   1.1993293e-01
   1.3990614e-01
   1.5033409e-01
   1.4814807e-01
   1.3254347e-01
   1.0529537e-01
   7.3071737e-02
   5.7481345e-02
   8.2630727e-02
   1.2518879e-01
   1.6541217e-01
   1.9492451e-01
   2.0921317e-01
   2.0633604e-01
   1.8699553e-01
   1.5508211e-01
   1.1936565e-01
   9.7427864e-02
   1.0769460e-01
   1.3978971e-01
   1.7302352e-01
   1.9619830e-01
   2.0438688e-01
   1.9622283e-01
   1.7290774e-01
   1.3764876e-01
   9.5241561e-02
   5.2521454e-02
   2.8041354e-02
   4.7365227e-02
   7.2299951e-02
   8.8296790e-02
   9.3430318e-02
   8.8386520e-02
   7.5137429e-02
   5.6360760e-02
   3.5086436e-02
   1.5595163e-02
   1.4935186e-02
   2.9722796e-02
   4.2501789e-02
   5.0742094e-02
   5.3516732e-02
   5.0243694e-02
   4.0738519e-02
   2.5651736e-02
   1.0359030e-02
   2.3775250e-02
   4.7471570e-02
   6.9501637e-02
   8.6074253e-02
   9.4268313e-02
   9.2132086e-02
   7.9142719e-02
   5.7055449e-02
   3.4361753e-02
   4.1263847e-02
   7.4864227e-02
   1.1078916e-01
   1.4068306e-01
   1.6013198e-01
   1.6661979e-01
   1.5951767e-01
   1.4029926e-01
   1.1295763e-01
   8.5325278e-02
   7.1323889e-02
   8.0802371e-02
   1.0207534e-01
   1.2104366e-01
   1.3100195e-01
   1.2955952e-01
   1.1684033e-01
   9.4789283e-02
   6.6998583e-02
   4.0237895e-02
   3.2737398e-02
   5.1457236e-02
   7.3953098e-02
   9.1531591e-02
   1.0165938e-01
   1.0338433e-01
   9.6457791e-02
   8.1096143e-02
   5.7971714e-02
   2.8438810e-02
   9.3066773e-03
   4.4571142e-02
   8.0889132e-02
   1.1327171e-01
   1.3824256e-01
   1.5288232e-01
   1.5526650e-01
   1.4494001e-01
   1.2346101e-01
   9.5488305e-02
   7.2071941e-02
   7.2246599e-02
   9.6684687e-02
   1.2657264e-01
   1.5030359e-01
   1.6258180e-01
   1.6135394e-01
   1.4696032e-01
   1.2192564e-01
   9.1182800e-02
   6.3767897e-02
   5.5289169e-02
   6.9179860e-02
   8.7853277e-02
   1.0040791e-01
   1.0323435e-01
   9.5960447e-02
   8.0074616e-02
   5.8353202e-02
   3.4961656e-02
   1.9941994e-02
   2.9526021e-02
   4.6526011e-02
   6.0481861e-02
   6.9459554e-02
   7.2999711e-02
   7.0929534e-02
   6.3048668e-02
   4.9163901e-02
   2.9347330e-02
   4.5506016e-03
   2.5039954e-02
   5.5772148e-02
   8.5361259e-02
   1.1062475e-01
   1.2855971e-01
   1.3681535e-01
   1.3414833e-01
   1.2082666e-01
   9.9096112e-02
   7.4293380e-02
   5.7911256e-02
   6.3707996e-02
   8.4450325e-02
   1.0520113e-01
   1.1847868e-01
   1.2123501e-01
   1.1289831e-01
   9.4774166e-02
   6.9895421e-02
   4.3948851e-02
   3.1449581e-02
   4.5341277e-02
   6.6371624e-02
   8.3713365e-02
   9.4787975e-02
   9.9384349e-02
   9.8290346e-02
   9.2613174e-02
   8.3290986e-02
   7.0893551e-02
   5.5859530e-02
   3.9349630e-02
   2.5939485e-02
   2.7516897e-02
   4.2142216e-02
   5.7512982e-02
   6.8053147e-02
   7.0954082e-02
   6.4837092e-02
   4.9768925e-02
   2.7981517e-02
   1.5726929e-02
   4.0336520e-02
   6.9712412e-02
   9.4764827e-02
   1.1172770e-01
   1.1824230e-01
   1.1335282e-01
   9.7601487e-02
   7.3014125e-02
   4.3225059e-02
   1.7998243e-02
   3.1431649e-02
   5.6756561e-02
   7.6471540e-02
   8.8003620e-02
   9.1212403e-02
   8.7503009e-02
   7.9383590e-02
   6.9733726e-02
   6.0641016e-02
   5.2257976e-02
   4.2903153e-02
   3.0798073e-02
   1.7414855e-02
   1.9716879e-02
   4.0271201e-02
   6.3264994e-02
   8.3356309e-02
   9.7213878e-02
   1.0251235e-01
   9.8126879e-02
   8.4358279e-02
   6.3177206e-02
   3.9359931e-02
   2.7878348e-02
   4.3804892e-02
   6.6313878e-02
   8.4404288e-02
   9.4959409e-02
   9.7299041e-02
   9.2307180e-02
   8.2051989e-02
   6.9302840e-02
   5.6774411e-02
   4.6048267e-02
   3.6716402e-02
   2.6965554e-02
   1.5834301e-02
   1.0585048e-02
   2.3219644e-02
   3.9452315e-02
   5.3383308e-02
   6.2072611e-02
   6.3534495e-02
   5.6923322e-02
   4.2956418e-02
   2.5637901e-02
   2.2993093e-02
   4.3632569e-02
   6.7312806e-02
   8.6657665e-02
   9.8334699e-02
   1.0054235e-01
   9.2842348e-02
   7.6168539e-02
   5.2921206e-02
   2.8498790e-02
   2.4198637e-02
   4.6411801e-02
   6.9912092e-02
   8.8349128e-02
   9.9865349e-02
   1.0393774e-01
   1.0081171e-01
   9.1148972e-02
   7.5739794e-02
   5.5344330e-02
   3.0738960e-02
   4.4651155e-03
   2.8156243e-02
   5.8741256e-02
   8.7593637e-02
   1.1207553e-01
   1.2961788e-01
   1.3806976e-01
   1.3608284e-01
   1.2343349e-01
   1.0127001e-01
   7.2471003e-02
   4.3536606e-02
   3.4383388e-02
   5.5088023e-02
   7.9748370e-02
   9.7700378e-02
   1.0567413e-01
   1.0287163e-01
   9.0276223e-02
   7.0627862e-02
   4.9206950e-02
   3.7062067e-02
   4.4740560e-02
   6.0858221e-02
   7.3933697e-02
   7.9731681e-02
   7.6997729e-02
   6.6057703e-02
   4.8349428e-02
   2.6371914e-02
   1.0113120e-02
   2.8459818e-02
   5.1012130e-02
   7.0014711e-02
   8.3524072e-02
   9.0361379e-02
   8.9899531e-02
   8.2117523e-02
   6.7818701e-02
   4.9340142e-02
   3.3679405e-02
   3.6958613e-02
   5.7231752e-02
   7.9639708e-02
   9.7454775e-02
   1.0727185e-01
   1.0723931e-01
   9.6973859e-02
   7.7911211e-02
   5.4620321e-02
   4.0493978e-02
   5.3488426e-02
   7.9792857e-02
   1.0408164e-01
   1.2016415e-01
   1.2520738e-01
   1.1848307e-01
   1.0131484e-01
   7.7594449e-02
   5.6083102e-02
   5.3166326e-02
   7.1345603e-02
   9.3937690e-02
   1.1097579e-01
   1.1842079e-01
   1.1500467e-01
   1.0127515e-01
   7.9130393e-02
   5.1394761e-02
   2.1533656e-02
   1.0554906e-02
   3.5748641e-02
   5.6906284e-02
   7.2173315e-02
   8.1318201e-02
   8.4637616e-02
   8.2544263e-02
   7.5290933e-02
   6.2951026e-02
   4.5715663e-02
   2.4798462e-02
   1.3015592e-02
   3.4794746e-02
   6.1143250e-02
   8.4484780e-02
   1.0145722e-01
   1.0953729e-01
   1.0722611e-01
   9.4397907e-02
   7.2736001e-02
   4.7197618e-02
   3.4064238e-02
   5.1921081e-02
   7.9274621e-02
   1.0212176e-01
   1.1553123e-01
   1.1741361e-01
   1.0763584e-01
   8.7939650e-02
   6.2261006e-02
   3.9264674e-02
   3.8077529e-02
   5.7000670e-02
   7.6011386e-02
   8.7741251e-02
   9.0378781e-02
   8.4914273e-02
   7.4995837e-02
   6.7163732e-02
   6.8398324e-02
   7.8960383e-02
   9.2503669e-02
   1.0305194e-01
   1.0721742e-01
   1.0377618e-01
   9.3191547e-02
   7.7385479e-02
   5.9951096e-02
   4.7297306e-02
   4.7641039e-02
   6.0294086e-02
   7.7248505e-02
   9.3386407e-02
   1.0620675e-01
   1.1417570e-01
   1.1614152e-01
   1.1129486e-01
   9.9394078e-02
   8.1173752e-02
   5.9206471e-02
   4.0945003e-02
   4.2358695e-02
   6.2048924e-02
   8.3975134e-02
   1.0043676e-01
   1.0795816e-01
   1.0502627e-01
   9.1698417e-02
   6.9538890e-02
   4.1877026e-02
   1.8968008e-02
   3.2901587e-02
   5.8486710e-02
   7.8818828e-02
   9.0509490e-02
   9.2510717e-02
   8.5354033e-02
   7.1049615e-02
   5.3212877e-02
   3.7993273e-02
   3.4260574e-02
   4.1836254e-02
   5.0696102e-02
   5.5247653e-02
   5.3987530e-02
   4.7398137e-02
   3.7129726e-02
   2.5671905e-02
   1.6764524e-02
   1.5738816e-02
   2.1491239e-02
   2.9131823e-02
   3.7541426e-02
   4.6553311e-02
   5.5263921e-02
   6.1970472e-02
   6.4730327e-02
   6.1973191e-02
   5.3021399e-02
   3.8725559e-02
   2.3982282e-02
   2.6144124e-02
   4.5832712e-02
   6.7245783e-02
   8.4402281e-02
   9.4316963e-02
   9.5388121e-02
   8.7308721e-02
   7.1104627e-02
   4.9229495e-02
   2.6780206e-02
   2.1093473e-02
   3.7756392e-02
   5.4044980e-02
   6.3488008e-02
   6.4377856e-02
   5.6775776e-02
   4.2241979e-02
   2.4722405e-02
   1.8875285e-02
   3.5127619e-02
   5.4277474e-02
   6.9643376e-02
   7.9132396e-02
   8.2047502e-02
   7.8594970e-02
   6.9587363e-02
   5.6130439e-02
   3.9335785e-02
   2.0146257e-02
   8.1948930e-04
   2.2364346e-02
   4.3937561e-02
   6.4072535e-02
   8.1088931e-02
   9.3149755e-02
   9.8573835e-02
   9.6201335e-02
