   3.1415927e+00
   2.7574794e+00
   2.3720830e+00
   1.9837407e+00
   1.5897343e+00
   1.1845350e+00
   7.5361089e-01
   2.3958381e-01
  -8.9470973e-01
  -2.9097664e+00
  -3.5458882e+00
  -4.0249709e+00
  -4.4885882e+00
  -4.9982961e+00
  -5.7429185e+00
  -7.4597737e+00
  -8.5253167e+00
  -9.0784658e+00
  -9.5277197e+00
  -9.9411934e+00
  -1.0337055e+01
  -1.0720773e+01
  -1.1089927e+01
  -1.1399418e+01
  -8.8491964e+00
  -9.1395625e+00
  -9.4842910e+00
  -9.8266563e+00
  -1.0154168e+01
  -1.0450600e+01
  -1.0678271e+01
  -1.0725627e+01
  -1.0354370e+01
  -9.9759028e+00
  -1.0007867e+01
  -1.0209676e+01
  -1.0462882e+01
  -1.0715936e+01
  -1.0917482e+01
  -1.0948033e+01
  -1.0547928e+01
  -1.0144977e+01
  -1.0175812e+01
  -1.0382465e+01
  -1.0648069e+01
  -1.0930548e+01
  -1.1206507e+01
  -1.1452508e+01
  -1.1631704e+01
  -1.1680197e+01
  -1.1551063e+01
  -1.1399943e+01
  -1.1413127e+01
  -1.1559299e+01
  -1.1767071e+01
  -1.1988758e+01
  -1.2185156e+01
  -1.2307088e+01
  -1.2292944e+01
  -1.2159808e+01
  -1.2090606e+01
  -1.2173321e+01
  -1.2357983e+01
  -1.2590139e+01
  -1.2831751e+01
  -1.3045571e+01
  -1.3170851e+01
  -1.3094544e+01
  -1.2811594e+01
  -1.2681957e+01
  -1.2783486e+01
  -1.2999126e+01
  -1.3261844e+01
  -1.3538108e+01
  -1.3803602e+01
  -1.4027289e+01
  -1.4147295e+01
  -1.4034114e+01
  -1.3686137e+01
  -1.3524454e+01
  -1.3591732e+01
  -1.3746347e+01
  -1.3907906e+01
  -1.4021533e+01
  -1.4040175e+01
  -1.3967450e+01
  -1.3909922e+01
  -1.3954887e+01
  -1.4090346e+01
  -1.4275775e+01
  -1.4478167e+01
  -1.4671328e+01
  -1.4829882e+01
  -1.4927266e+01
  -1.4947834e+01
  -1.4919049e+01
  -1.4909702e+01
  -1.4960540e+01
  -1.5061907e+01
  -1.5186162e+01
  -1.5307727e+01
  -1.5409230e+01
  -1.5487069e+01
  -1.5555633e+01
  -1.5639143e+01
  -1.5753723e+01
  -1.5899413e+01
  -1.6065141e+01
  -1.6234918e+01
  -1.6390294e+01
  -1.6511420e+01
  -1.6582444e+01
  -1.6607486e+01
  -1.6623882e+01
  -1.6677289e+01
  -1.6784122e+01
  -1.6933313e+01
  -1.7104449e+01
  -1.7275813e+01
  -1.7424308e+01
  -1.7524428e+01
  -1.7555856e+01
  -1.7531056e+01
  -1.7511397e+01
  -1.7552180e+01
  -1.7658396e+01
  -1.7808396e+01
  -1.7978695e+01
  -1.8149892e+01
  -1.8306099e+01
  -1.8434983e+01
  -1.8530899e+01
  -1.8600188e+01
  -1.8661487e+01
  -1.8734959e+01
  -1.8830065e+01
  -1.8944330e+01
  -1.9069629e+01
  -1.9198147e+01
  -1.9325858e+01
  -1.9453794e+01
  -1.9586918e+01
  -1.9730940e+01
  -1.9889026e+01
  -2.0060341e+01
  -2.0240460e+01
  -2.0422447e+01
  -2.0597765e+01
  -2.0757119e+01
  -2.0892028e+01
  -2.0998281e+01
  -2.1080868e+01
  -2.1155542e+01
  -2.1241478e+01
  -2.1350449e+01
  -2.1483497e+01
  -2.1635079e+01
  -2.1798135e+01
  -2.1967179e+01
  -2.2139709e+01
  -2.2316428e+01
  -2.2500401e+01
  -2.2695380e+01
  -2.2904083e+01
  -2.3127198e+01
  -2.3363247e+01
  -2.3608867e+01
  -2.3858948e+01
  -2.4106110e+01
  -2.4338882e+01
  -2.4536948e+01
  -2.4659764e+01
  -2.4629334e+01
  -2.4398134e+01
  -2.4191272e+01
  -2.4187384e+01
  -2.4317072e+01
  -2.4507194e+01
  -2.4719201e+01
  -2.4931078e+01
  -2.5127454e+01
  -2.5296685e+01
  -2.5432875e+01
  -2.5541403e+01
  -2.5641331e+01
  -2.5756224e+01
  -2.5900091e+01
  -2.6073482e+01
  -2.6268824e+01
  -2.6475885e+01
  -2.6684264e+01
  -2.6884063e+01
  -2.7066314e+01
  -2.7224388e+01
  -2.7356980e+01
  -2.7471290e+01
  -2.7582061e+01
  -2.7704306e+01
  -2.7845751e+01
  -2.8005462e+01
  -2.8177106e+01
  -2.8352486e+01
  -2.8523836e+01
  -2.8685408e+01
  -2.8834889e+01
  -2.8974298e+01
  -2.9109144e+01
  -2.9245339e+01
  -2.9385412e+01
  -2.9526232e+01
  -2.9658743e+01
  -2.9769055e+01
  -2.9841868e+01
  -2.9870206e+01
  -2.9870574e+01
  -2.9881150e+01
  -2.9930638e+01
  -3.0019118e+01
  -3.0127474e+01
  -3.0229187e+01
  -3.0295485e+01
  -3.0304583e+01
  -3.0266917e+01
  -3.0237173e+01
  -3.0263630e+01
  -3.0348105e+01
  -3.0465583e+01
  -3.0586001e+01
  -3.0680509e+01
  -3.0727399e+01
  -3.0730392e+01
  -3.0732352e+01
  -3.0781294e+01
  -3.0888793e+01
  -3.1037447e+01
  -3.1200536e+01
  -3.1346963e+01
  -3.1437136e+01
  -3.1427085e+01
  -3.1324576e+01
  -3.1247884e+01
  -3.1285268e+01
  -3.1418217e+01
  -3.1602587e+01
  -3.1802382e+01
  -3.1985035e+01
  -3.2109875e+01
  -3.2122329e+01
  -3.2005588e+01
  -3.1892153e+01
  -3.1911485e+01
  -3.2044932e+01
  -3.2239151e+01
  -3.2456031e+01
  -3.2667673e+01
  -3.2846971e+01
  -3.2962259e+01
  -3.2987154e+01
  -3.2945562e+01
  -3.2927872e+01
  -3.2990862e+01
  -3.3118689e+01
  -3.3270579e+01
  -3.3400838e+01
  -3.3453622e+01
  -3.3378932e+01
  -3.3238431e+01
  -3.3195536e+01
  -3.3285879e+01
  -3.3457440e+01
  -3.3662936e+01
  -3.3866871e+01
  -3.4033287e+01
  -3.4115118e+01
  -3.4070289e+01
  -3.3957341e+01
  -3.3929123e+01
  -3.4025878e+01
  -3.4201446e+01
  -3.4410297e+01
  -3.4617091e+01
  -3.4785140e+01
  -3.4864889e+01
  -3.4809954e+01
  -3.4683343e+01
  -3.4649511e+01
  -3.4745088e+01
  -3.4917533e+01
  -3.5117191e+01
  -3.5302823e+01
  -3.5426011e+01
  -3.5423181e+01
  -3.5286438e+01
  -3.5184486e+01
  -3.5235888e+01
  -3.5399769e+01
  -3.5617917e+01
  -3.5849292e+01
  -3.6054915e+01
  -3.6171789e+01
  -3.6079819e+01
  -3.5772722e+01
  -3.5634762e+01
  -3.5734466e+01
  -3.5946556e+01
  -3.6201864e+01
  -3.6463035e+01
  -3.6695005e+01
  -3.6834647e+01
  -3.6736377e+01
  -3.6353300e+01
  -3.6189334e+01
  -3.6299422e+01
  -3.6521645e+01
  -3.6781896e+01
  -3.7042802e+01
  -3.7270933e+01
  -3.7415010e+01
  -3.7392448e+01
  -3.7204939e+01
  -3.7107614e+01
  -3.7203233e+01
  -3.7412580e+01
  -3.7672171e+01
  -3.7944277e+01
  -3.8194881e+01
  -3.8366147e+01
  -3.8320136e+01
  -3.7950694e+01
  -3.7755944e+01
  -3.7866859e+01
  -3.8106837e+01
  -3.8393733e+01
  -3.8689941e+01
  -3.8966942e+01
  -3.9187051e+01
  -3.9290205e+01
  -3.9236745e+01
  -3.9171330e+01
  -3.9271426e+01
  -3.9518823e+01
  -3.9853831e+01
  -4.0241961e+01
  -4.0666527e+01
  -4.1119449e+01
  -4.1596287e+01
  -4.2092888e+01
  -4.2601133e+01
  -4.3097664e+01
  -4.3470649e+01
  -4.2297962e+01
  -4.2084443e+01
  -4.2516625e+01
  -4.3000865e+01
  -4.3485576e+01
  -4.3958793e+01
  -4.4416087e+01
  -4.4853736e+01
  -4.5264897e+01
  -4.5633116e+01
  -4.5912128e+01
  -4.5950534e+01
  -4.5520025e+01
  -4.5304954e+01
  -4.5471787e+01
  -4.5770146e+01
  -4.6113247e+01
  -4.6469160e+01
  -4.6818299e+01
  -4.7134136e+01
  -4.7341359e+01
  -4.7087254e+01
  -4.6307087e+01
  -4.6306512e+01
  -4.6566336e+01
  -4.6893154e+01
  -4.7240199e+01
  -4.7586666e+01
  -4.7908704e+01
  -4.8122762e+01
  -4.7259315e+01
  -4.6412767e+01
  -4.6610441e+01
  -4.6898176e+01
  -4.7185437e+01
  -4.7429474e+01
  -4.7564926e+01
  -4.7475538e+01
  -4.7208187e+01
  -4.7130068e+01
  -4.7263730e+01
  -4.7493687e+01
  -4.7756006e+01
  -4.8009374e+01
  -4.8196935e+01
  -4.8166218e+01
  -4.7667286e+01
  -4.7359622e+01
  -4.7451021e+01
  -4.7679419e+01
  -4.7950481e+01
  -4.8226041e+01
  -4.8477141e+01
  -4.8660914e+01
  -4.8691568e+01
  -4.8476914e+01
  -4.8248264e+01
  -4.8256647e+01
  -4.8415124e+01
  -4.8631228e+01
  -4.8853147e+01
  -4.9036724e+01
  -4.9119003e+01
  -4.9021835e+01
  -4.8822727e+01
  -4.8768184e+01
  -4.8880635e+01
  -4.9080571e+01
  -4.9314810e+01
  -4.9549680e+01
  -4.9753673e+01
  -4.9883152e+01
  -4.9879494e+01
  -4.9747333e+01
  -4.9656441e+01
  -4.9710131e+01
  -4.9865152e+01
  -5.0064262e+01
  -5.0264794e+01
  -5.0424465e+01
  -5.0485671e+01
  -5.0396228e+01
  -5.0246350e+01
  -5.0221490e+01
  -5.0337020e+01
  -5.0531842e+01
  -5.0760708e+01
  -5.0993817e+01
  -5.1204912e+01
  -5.1361541e+01
  -5.1421291e+01
  -5.1364670e+01
  -5.1278019e+01
  -5.1282622e+01
  -5.1388740e+01
  -5.1551481e+01
  -5.1727857e+01
  -5.1878373e+01
  -5.1957039e+01
  -5.1919590e+01
  -5.1798806e+01
  -5.1732148e+01
  -5.1780722e+01
  -5.1907878e+01
  -5.2066580e+01
  -5.2219705e+01
  -5.2335061e+01
  -5.2386901e+01
  -5.2378292e+01
  -5.2363161e+01
  -5.2401491e+01
  -5.2504774e+01
  -5.2651883e+01
  -5.2816232e+01
  -5.2973378e+01
  -5.3100897e+01
  -5.3181411e+01
  -5.3215376e+01
  -5.3233993e+01
  -5.3280529e+01
  -5.3374248e+01
  -5.3506935e+01
  -5.3659303e+01
  -5.3810497e+01
  -5.3940356e+01
  -5.4031748e+01
  -5.4079083e+01
  -5.4100612e+01
  -5.4132878e+01
  -5.4201553e+01
  -5.4306878e+01
  -5.4433609e+01
  -5.4562315e+01
  -5.4674514e+01
  -5.4756834e+01
  -5.4808634e+01
  -5.4848194e+01
  -5.4903439e+01
  -5.4991536e+01
  -5.5111600e+01
  -5.5251983e+01
  -5.5398032e+01
  -5.5535930e+01
  -5.5655274e+01
  -5.5752815e+01
  -5.5836191e+01
  -5.5921980e+01
  -5.6025898e+01
  -5.6154040e+01
  -5.6302459e+01
  -5.6461422e+01
  -5.6619114e+01
  -5.6764105e+01
  -5.6888380e+01
  -5.6992256e+01
  -5.7088389e+01
  -5.7197694e+01
  -5.7337423e+01
  -5.7513644e+01
  -5.7723373e+01
  -5.7959872e+01
  -5.8216016e+01
  -5.8485452e+01
  -5.8762579e+01
  -5.9041993e+01
  -5.9317467e+01
  -5.9579911e+01
  -5.9812209e+01
  -5.9972787e+01
  -5.9934803e+01
  -5.9444586e+01
  -5.9030059e+01
  -5.9030641e+01
  -5.9186380e+01
  -5.9392638e+01
  -5.9612699e+01
  -5.9829213e+01
  -6.0031303e+01
  -6.0211208e+01
  -6.0364639e+01
  -6.0493116e+01
  -6.0605790e+01
  -6.0716968e+01
  -6.0839249e+01
  -6.0978030e+01
  -6.1131276e+01
  -6.1292312e+01
  -6.1452478e+01
  -6.1602864e+01
  -6.1735911e+01
  -6.1847794e+01
  -6.1941307e+01
  -6.2026571e+01
  -6.2116652e+01
  -6.2220463e+01
  -6.2339111e+01
  -6.2467230e+01
  -6.2596258e+01
  -6.2717491e+01
  -6.2825020e+01
  -6.2918784e+01
  -6.3006050e+01
  -6.3098489e+01
  -6.3205635e+01
  -6.3330170e+01
  -6.3467951e+01
  -6.3610617e+01
  -6.3748248e+01
  -6.3871850e+01
  -6.3976563e+01
  -6.4065413e+01
  -6.4150157e+01
  -6.4245510e+01
  -6.4360431e+01
  -6.4494373e+01
  -6.4639351e+01
  -6.4783432e+01
  -6.4913561e+01
  -6.5019033e+01
  -6.5097614e+01
  -6.5161731e+01
  -6.5234683e+01
  -6.5335050e+01
  -6.5466238e+01
  -6.5619104e+01
  -6.5778184e+01
  -6.5925025e+01
  -6.6040199e+01
  -6.6109764e+01
  -6.6140945e+01
  -6.6171107e+01
  -6.6240834e+01
  -6.6361852e+01
  -6.6520812e+01
  -6.6694382e+01
  -6.6853708e+01
  -6.6960317e+01
  -6.6967211e+01
  -6.6870674e+01
  -6.6788603e+01
  -6.6826293e+01
  -6.6969823e+01
  -6.7172493e+01
  -6.7395352e+01
  -6.7598169e+01
  -6.7704860e+01
  -6.7511962e+01
  -6.6992742e+01
  -6.6850743e+01
  -6.6993061e+01
  -6.7234335e+01
  -6.7509004e+01
  -6.7784992e+01
  -6.8029739e+01
  -6.8174710e+01
  -6.8021992e+01
  -6.7502059e+01
  -6.7350004e+01
  -6.7494120e+01
  -6.7735143e+01
  -6.8000530e+01
  -6.8247038e+01
  -6.8411185e+01
  -6.8338490e+01
  -6.7924486e+01
  -6.7743785e+01
  -6.7877491e+01
  -6.8138918e+01
  -6.8453697e+01
  -6.8793434e+01
  -6.9142734e+01
  -6.9469826e+01
  -6.6864071e+01
  -6.7167070e+01
  -6.7529158e+01
  -6.7894890e+01
  -6.8255026e+01
  -6.8599611e+01
  -6.8906787e+01
  -6.9104684e+01
  -6.8847824e+01
  -6.8044994e+01
  -6.8020527e+01
  -6.8258190e+01
  -6.8557705e+01
  -6.8866383e+01
  -6.9152434e+01
  -6.9368973e+01
  -6.9409510e+01
  -6.9142384e+01
  -6.8912660e+01
  -6.8987142e+01
  -6.9216996e+01
  -6.9505425e+01
  -6.9805499e+01
  -7.0073123e+01
  -7.0202334e+01
  -6.9815896e+01
  -6.9250538e+01
  -6.9309800e+01
  -6.9575943e+01
  -6.9904680e+01
  -7.0254734e+01
  -7.0607509e+01
  -7.0948240e+01
  -7.1256254e+01
  -7.1489333e+01
  -7.1548275e+01
  -7.1318551e+01
  -7.1113696e+01
  -7.1189990e+01
  -7.1416631e+01
  -7.1697916e+01
  -7.1983265e+01
  -7.2220115e+01
  -7.2285223e+01
  -7.1903538e+01
  -7.1534133e+01
  -7.1613961e+01
  -7.1870224e+01
  -7.2188257e+01
  -7.2529347e+01
  -7.2875002e+01
  -7.3210407e+01
  -7.3514260e+01
  -7.3739268e+01
  -7.3754767e+01
  -7.3389400e+01
  -7.3151171e+01
  -7.3260545e+01
  -7.3511011e+01
  -7.3808032e+01
  -7.4107811e+01
  -7.4368564e+01
  -7.4506864e+01
  -7.4341129e+01
  -7.4000345e+01
  -7.4000400e+01
  -7.4231442e+01
  -7.4556347e+01
  -7.4923220e+01
  -7.5309496e+01
  -7.5700099e+01
  -7.6073985e+01
  -7.6366140e+01
  -7.6129850e+01
  -7.5117959e+01
  -7.5268803e+01
  -7.5645150e+01
  -7.6078040e+01
  -7.6534008e+01
  -7.7001846e+01
  -7.7476774e+01
  -7.7957132e+01
  -7.8444564e+01
  -7.8948802e+01
  -7.9520739e+01
  -8.1070277e+01
  -8.3081608e+01
  -8.3661650e+01
  -8.4147313e+01
  -8.4604999e+01
  -8.5046959e+01
  -8.5475570e+01
  -8.5888177e+01
  -8.6273388e+01
  -8.6583600e+01
  -8.6381402e+01
  -8.5022620e+01
  -8.5168833e+01
  -8.5491383e+01
  -8.5839306e+01
  -8.6177263e+01
  -8.6473712e+01
  -8.6659526e+01
  -8.6544468e+01
  -8.6113786e+01
  -8.6033263e+01
  -8.6230642e+01
  -8.6528765e+01
  -8.6864951e+01
  -8.7211957e+01
  -8.7547119e+01
  -8.7820640e+01
  -8.7750124e+01
  -8.6561599e+01
  -8.6521805e+01
  -8.6808062e+01
  -8.7158977e+01
  -8.7529381e+01
  -8.7902400e+01
  -8.8263519e+01
  -8.8583564e+01
  -8.8750414e+01
  -8.8123685e+01
  -8.7520823e+01
  -8.7696328e+01
  -8.8022329e+01
  -8.8388697e+01
  -8.8762739e+01
  -8.9114234e+01
  -8.9316866e+01
  -8.7840547e+01
  -8.7648908e+01
  -8.7973235e+01
  -8.8358021e+01
  -8.8758149e+01
  -8.9158712e+01
  -8.9545922e+01
  -8.9886142e+01
  -8.9989811e+01
  -8.8698534e+01
  -8.8582885e+01
  -8.8895247e+01
  -8.9275579e+01
  -8.9676287e+01
  -9.0083576e+01
  -9.0490550e+01
  -9.0890388e+01
  -9.1268699e+01
  -9.1563039e+01
  -9.0745213e+01
  -8.9798382e+01
  -9.0080822e+01
  -9.0449547e+01
  -9.0836969e+01
  -9.1227127e+01
  -9.1610317e+01
  -9.1969513e+01
  -9.2230087e+01
  -9.1179812e+01
  -9.0455048e+01
  -9.0727011e+01
  -9.1074586e+01
  -9.1433899e+01
  -9.1783225e+01
  -9.2094718e+01
  -9.2277869e+01
  -9.1830658e+01
  -9.1062432e+01
  -9.1151800e+01
  -9.1432220e+01
  -9.1759262e+01
  -9.2094597e+01
  -9.2413591e+01
  -9.2670994e+01
  -9.2686446e+01
  -9.1877964e+01
  -9.1561711e+01
  -9.1744955e+01
  -9.2036887e+01
  -9.2357177e+01
  -9.2675720e+01
  -9.2964453e+01
  -9.3163075e+01
  -9.3074390e+01
  -9.2506456e+01
  -9.2326484e+01
  -9.2493995e+01
  -9.2769515e+01
  -9.3079225e+01
  -9.3390334e+01
  -9.3667750e+01
  -9.3812164e+01
  -9.3340174e+01
  -9.2624178e+01
  -9.2691782e+01
  -9.2949281e+01
  -9.3253794e+01
  -9.3565285e+01
  -9.3859552e+01
  -9.4104354e+01
  -9.4232168e+01
  -9.4112997e+01
  -9.3815393e+01
  -9.3743127e+01
  -9.3883605e+01
  -9.4112085e+01
  -9.4364533e+01
  -9.4599946e+01
  -9.4770816e+01
  -9.4803217e+01
  -9.4656565e+01
  -9.4523110e+01
  -9.4572321e+01
  -9.4752285e+01
  -9.4993633e+01
  -9.5255533e+01
  -9.5509636e+01
  -9.5725949e+01
  -9.5861168e+01
  -9.5862890e+01
  -9.5756798e+01
  -9.5708959e+01
  -9.5797480e+01
  -9.5978977e+01
  -9.6203242e+01
  -9.6434960e+01
  -9.6644010e+01
  -9.6796369e+01
  -9.6857035e+01
  -9.6833487e+01
  -9.6822295e+01
  -9.6908472e+01
  -9.7089292e+01
  -9.7332132e+01
  -9.7610971e+01
  -9.7908864e+01
  -9.8213851e+01
  -9.8514896e+01
  -9.8796418e+01
  -9.9023142e+01
  -9.9067137e+01
  -9.8418914e+01
  -9.7852476e+01
  -9.7908234e+01
  -9.8110472e+01
  -9.8348199e+01
  -9.8589092e+01
  -9.8819055e+01
  -9.9030578e+01
  -9.9220528e+01
  -9.9390262e+01
  -9.9545304e+01
  -9.9693043e+01
  -9.9839193e+01
  -9.9985491e+01
  -1.0013009e+02
  -1.0026998e+02
  -1.0040399e+02
  -1.0053474e+02
  -1.0066819e+02
  -1.0081023e+02
  -1.0096282e+02
  -1.0112205e+02
  -1.0127822e+02
  -1.0141716e+02
  -1.0152356e+02
  -1.0159049e+02
  -1.0163461e+02
  -1.0169534e+02
  -1.0180438e+02
  -1.0196609e+02
  -1.0216699e+02
  -1.0238802e+02
  -1.0260704e+02
  -1.0279350e+02
  -1.0289588e+02
  -1.0283981e+02
  -1.0265392e+02
  -1.0257052e+02
  -1.0266267e+02
  -1.0285908e+02
  -1.0310251e+02
  -1.0335774e+02
  -1.0359458e+02
  -1.0377071e+02
  -1.0381102e+02
  -1.0364832e+02
  -1.0346536e+02
  -1.0347840e+02
  -1.0363373e+02
  -1.0384646e+02
  -1.0405836e+02
  -1.0420440e+02
  -1.0416785e+02
  -1.0388097e+02
  -1.0370780e+02
  -1.0380057e+02
  -1.0403038e+02
  -1.0432076e+02
  -1.0463764e+02
  -1.0496081e+02
  -1.0526667e+02
  -1.0548501e+02
  -1.0503628e+02
  -1.0393083e+02
  -1.0405936e+02
  -1.0435574e+02
  -1.0468832e+02
  -1.0502616e+02
  -1.0534823e+02
  -1.0561155e+02
  -1.0561560e+02
  -1.0459324e+02
  -1.0434243e+02
  -1.0455549e+02
  -1.0485252e+02
  -1.0516513e+02
  -1.0546255e+02
  -1.0570680e+02
  -1.0581332e+02
  -1.0561965e+02
  -1.0530859e+02
  -1.0531325e+02
  -1.0552358e+02
  -1.0581866e+02
  -1.0614916e+02
  -1.0648956e+02
  -1.0681154e+02
  -1.0702221e+02
  -1.0628097e+02
  -1.0551299e+02
  -1.0574387e+02
  -1.0610933e+02
  -1.0651972e+02
  -1.0695855e+02
  -1.0742598e+02
  -1.0793352e+02
  -1.0851319e+02
  -1.0924996e+02
  -1.1029843e+02
  -1.1144228e+02
  -1.1228759e+02
  -1.1295501e+02
  -1.1356433e+02
  -1.1417514e+02
  -1.1484096e+02
  -1.1565879e+02
  -1.1678552e+02
  -1.1800309e+02
  -1.1894774e+02
  -1.1975955e+02
  -1.2059179e+02
  -1.2154129e+02
  -1.2256888e+02
  -1.2348611e+02
  -1.2424367e+02
  -1.2489708e+02
  -1.2549014e+02
  -1.2604556e+02
  -1.2657443e+02
  -1.2708191e+02
  -1.2756982e+02
  -1.2803738e+02
  -1.2848086e+02
  -1.2889170e+02
  -1.2925236e+02
  -1.2953020e+02
  -1.2968666e+02
  -1.2976465e+02
  -1.2994118e+02
  -1.3031742e+02
  -1.3088617e+02
  -1.3159609e+02
  -1.3232914e+02
  -1.3298637e+02
  -1.3355837e+02
  -1.3406969e+02
  -1.3454046e+02
  -1.3498146e+02
  -1.3539594e+02
  -1.3577942e+02
  -1.3611379e+02
  -1.3634320e+02
  -1.3629318e+02
  -1.3585631e+02
  -1.3573421e+02
  -1.3593294e+02
  -1.3625891e+02
  -1.3669449e+02
  -1.3950456e+02
  -1.4030990e+02
  -1.4073676e+02
  -1.4113490e+02
  -1.4152207e+02
  -1.4189984e+02
  -1.4226556e+02
  -1.4261318e+02
  -1.4293158e+02
  -1.4320059e+02
  -1.4338628e+02
  -1.4345359e+02
  -1.4344253e+02
  -1.4349333e+02
  -1.4367147e+02
  -1.4394924e+02
  -1.4429171e+02
  -1.4467886e+02
  -1.4510253e+02
  -1.4556360e+02
  -1.4607364e+02
  -1.4666424e+02
  -1.4741046e+02
  -1.4841038e+02
  -1.4946986e+02
  -1.5029860e+02
  -1.5095627e+02
  -1.5151854e+02
  -1.5198343e+02
  -1.5220253e+02
  -1.5173225e+02
  -1.5157084e+02
  -1.5188745e+02
  -1.5231675e+02
  -1.5277107e+02
  -1.5322383e+02
  -1.5366219e+02
  -1.5407249e+02
  -1.5442293e+02
  -1.5459190e+02
  -1.5407199e+02
  -1.5360841e+02
  -1.5378802e+02
  -1.5412723e+02
  -1.5451657e+02
  -1.5492777e+02
  -1.5535121e+02
  -1.5578350e+02
  -1.5622441e+02
  -1.5667721e+02
  -1.5715566e+02
  -1.5776038e+02
  -1.6068356e+02
  -1.6142451e+02
  -1.6193588e+02
  -1.6242666e+02
  -1.6291886e+02
  -1.6342054e+02
  -1.6393776e+02
  -1.6447746e+02
  -1.6504949e+02
  -1.6566965e+02
  -1.6636614e+02
  -1.6719143e+02
  -1.6821798e+02
  -1.6939641e+02
  -1.7049087e+02
  -1.7144355e+02
  -1.7232030e+02
  -1.7316676e+02
  -1.7399905e+02
  -1.7481039e+02
  -1.7558182e+02
  -1.7629912e+02
  -1.7696123e+02
  -1.7757631e+02
  -1.7815553e+02
  -1.7871043e+02
  -1.7925464e+02
  -1.7981565e+02
  -1.8054460e+02
  -1.8310167e+02
  -1.8401162e+02
  -1.8455297e+02
  -1.8504004e+02
  -1.8550716e+02
  -1.8596382e+02
  -1.8641369e+02
  -1.8685790e+02
  -1.8729449e+02
  -1.8770981e+02
  -1.8794320e+02
  -1.8581856e+02
  -1.8616377e+02
  -1.8664350e+02
  -1.8719204e+02
  -1.8784352e+02
  -1.8866241e+02
  -1.8961020e+02
  -1.9045643e+02
  -1.9112911e+02
  -1.9169277e+02
  -1.9219618e+02
  -1.9266099e+02
  -1.9308644e+02
  -1.9337232e+02
  -1.9126539e+02
  -1.9147986e+02
  -1.9187504e+02
  -1.9229477e+02
  -1.9272527e+02
  -1.9316743e+02
  -1.9363413e+02
  -1.9419419e+02
  -1.9606461e+02
  -1.9764978e+02
  -1.9819873e+02
  -1.9867112e+02
  -1.9912707e+02
  -1.9958234e+02
  -2.0004792e+02
  -2.0054311e+02
  -2.0113195e+02
  -2.0221798e+02
  -2.0406966e+02
  -2.0485830e+02
  -2.0540680e+02
  -2.0590336e+02
  -2.0638865e+02
  -2.0688276e+02
  -2.0741095e+02
  -2.0803835e+02
  -2.0901352e+02
  -2.1051401e+02
  -2.1145795e+02
  -2.1208028e+02
  -2.1261094e+02
  -2.1310942e+02
  -2.1359677e+02
  -2.1408544e+02
  -2.1137723e+02
  -2.1191593e+02
  -2.1243488e+02
  -2.1297842e+02
  -2.1356069e+02
  -2.1419784e+02
  -2.1490093e+02
  -2.1565492e+02
  -2.1640857e+02
  -2.1711301e+02
  -2.1775640e+02
  -2.1835054e+02
  -2.1891063e+02
  -2.1944826e+02
  -2.1997087e+02
  -2.2048239e+02
  -2.2098226e+02
  -2.2144633e+02
  -2.1899541e+02
  -2.1940437e+02
  -2.1988438e+02
  -2.2036740e+02
  -2.2084671e+02
  -2.2131933e+02
  -2.2178228e+02
  -2.2223008e+02
  -2.2264620e+02
  -2.2292384e+02
  -2.2109048e+02
  -2.2112628e+02
  -2.2149140e+02
  -2.2188521e+02
  -2.2227760e+02
  -2.2265546e+02
  -2.2300204e+02
  -2.2327755e+02
  -2.2334756e+02
  -2.2286883e+02
  -2.2250012e+02
  -2.2261082e+02
  -2.2286935e+02
  -2.2316749e+02
  -2.2346411e+02
  -2.2372672e+02
  -2.2390491e+02
  -2.2390810e+02
  -2.2371320e+02
  -2.2360406e+02
  -2.2371077e+02
  -2.2394303e+02
  -2.2423439e+02
  -2.2455282e+02
  -2.2488074e+02
  -2.2520436e+02
  -2.2550519e+02
  -2.2574097e+02
  -2.2576116e+02
  -2.2513834e+02
  -2.2473420e+02
  -2.2483405e+02
  -2.2506182e+02
  -2.2531441e+02
  -2.2555047e+02
  -2.2573891e+02
  -2.2585279e+02
  -2.2589446e+02
  -2.2592753e+02
  -2.2602478e+02
  -2.2619985e+02
  -2.2642996e+02
  -2.2668913e+02
  -2.2695560e+02
  -2.2720936e+02
  -2.2742855e+02
  -2.2758963e+02
  -2.2768122e+02
  -2.2773490e+02
  -2.2781845e+02
  -2.2796988e+02
  -2.2818014e+02
  -2.2842265e+02
  -2.2866778e+02
  -2.2887891e+02
  -2.2899965e+02
  -2.2896283e+02
  -2.2883375e+02
  -2.2883114e+02
  -2.2899335e+02
  -2.2925385e+02
  -2.2956504e+02
  -2.2990000e+02
  -2.3023722e+02
  -2.3053012e+02
  -2.3017894e+02
  -2.2864009e+02
  -2.2889015e+02
  -2.2924371e+02
  -2.2962007e+02
  -2.3000323e+02
  -2.3038581e+02
  -2.3075975e+02
  -2.3110497e+02
  -2.3130658e+02
  -2.2966668e+02
  -2.2951308e+02
  -2.2981712e+02
  -2.3016620e+02
  -2.3051732e+02
  -2.3084740e+02
  -2.3111518e+02
  -2.3118628e+02
  -2.3070399e+02
  -2.3033604e+02
  -2.3046905e+02
  -2.3076309e+02
  -2.3111408e+02
  -2.3149055e+02
  -2.3187953e+02
  -2.3227229e+02
  -2.3265320e+02
  -2.3290505e+02
  -2.3071482e+02
  -2.3098358e+02
  -2.3139942e+02
  -2.3185077e+02
  -2.3233273e+02
  -2.3285980e+02
  -2.3347567e+02
  -2.3430377e+02
  -2.3550140e+02
  -2.3660192e+02
  -2.3737680e+02
  -2.3801960e+02
  -2.3862553e+02
  -2.3923615e+02
  -2.3987740e+02
  -2.4056934e+02
  -2.4132144e+02
  -2.4211964e+02
  -2.4292871e+02
  -2.4372289e+02
  -2.4450318e+02
  -2.4528218e+02
  -2.4606260e+02
  -2.4682916e+02
  -2.4756202e+02
  -2.4825636e+02
  -2.4893057e+02
  -2.4964687e+02
  -2.5074363e+02
  -2.5278885e+02
  -2.5371520e+02
  -2.5434644e+02
  -2.5491366e+02
  -2.5546301e+02
  -2.5601342e+02
  -2.5657821e+02
  -2.5717060e+02
  -2.5780424e+02
  -2.5848792e+02
  -2.5921213e+02
  -2.5994118e+02
  -2.6063470e+02
  -2.6127508e+02
  -2.6186449e+02
  -2.6240591e+02
  -2.6286954e+02
  -2.6281151e+02
  -2.6150756e+02
  -2.6188320e+02
  -2.6245162e+02
  -2.6309578e+02
  -2.6378604e+02
  -2.6448643e+02
  -2.6516048e+02
  -2.6579101e+02
  -2.6638027e+02
  -2.6693875e+02
  -2.6747817e+02
  -2.6800996e+02
  -2.6854695e+02
  -2.6910823e+02
  -2.6973208e+02
  -2.7051400e+02
  -2.7163096e+02
  -2.7283801e+02
  -2.7374800e+02
  -2.7455631e+02
  -2.7549330e+02
  -2.7665529e+02
  -2.7765079e+02
  -2.7836447e+02
  -2.7893698e+02
  -2.7944137e+02
  -2.7990630e+02
  -2.8034206e+02
  -2.8074795e+02
  -2.8110763e+02
  -2.8135254e+02
  -2.8111671e+02
  -2.8030702e+02
  -2.8033471e+02
  -2.8061644e+02
  -2.8095972e+02
  -2.8131855e+02
  -2.8166933e+02
  -2.8197681e+02
  -2.8211001e+02
  -2.8138920e+02
  -2.8089440e+02
  -2.8109143e+02
  -2.8142503e+02
  -2.8180019e+02
  -2.8219074e+02
  -2.8258225e+02
  -2.8295286e+02
  -2.8321723e+02
  -2.8256020e+02
  -2.8180421e+02
  -2.8209618e+02
  -2.8253711e+02
  -2.8303790e+02
  -2.8358345e+02
  -2.8417070e+02
  -2.8479563e+02
  -2.8544794e+02
  -2.8611252e+02
  -2.8677846e+02
  -2.8744916e+02
  -2.8815049e+02
  -2.8894569e+02
  -2.8993698e+02
  -2.9104908e+02
  -2.9197171e+02
  -2.9269559e+02
  -2.9331945e+02
  -2.9389805e+02
  -2.9445911e+02
  -2.9502008e+02
  -2.9559612e+02
  -2.9620532e+02
  -2.9687395e+02
  -2.9764216e+02
  -2.9855849e+02
  -2.9962954e+02
  -3.0077077e+02
  -3.0187768e+02
  -3.0286420e+02
  -3.0370118e+02
  -3.0442382e+02
  -3.0507923e+02
  -3.0570795e+02
  -3.0635697e+02
  -3.0713953e+02
  -3.0849456e+02
  -3.1002206e+02
  -3.1087826e+02
  -3.1156554e+02
  -3.1224452e+02
  -3.1298579e+02
  -3.1382574e+02
  -3.1470637e+02
  -3.1550480e+02
  -3.1618658e+02
  -3.1678461e+02
  -3.1733231e+02
  -3.1785120e+02
  -3.1835527e+02
  -3.1885619e+02
  -3.1936998e+02
  -3.1993954e+02
  -3.2082332e+02
  -3.2297406e+02
  -3.2387770e+02
  -3.2445074e+02
  -3.2496775e+02
  -3.2547557e+02
  -3.2599651e+02
  -3.2655798e+02
  -3.2721937e+02
  -3.2812439e+02
  -3.2931117e+02
  -3.3027336e+02
  -3.3096125e+02
  -3.3153203e+02
  -3.3205358e+02
  -3.3255403e+02
  -3.3305551e+02
  -3.3017260e+02
  -3.3080628e+02
  -3.3129305e+02
  -3.3177456e+02
  -3.3225759e+02
  -3.3274465e+02
  -3.3323748e+02
  -3.3373794e+02
  -3.3424903e+02
  -3.3477838e+02
  -3.3535762e+02
  -3.3638257e+02
  -3.3903572e+02
  -3.3970950e+02
  -3.4025790e+02
  -3.4077634e+02
  -3.4127877e+02
  -3.4176775e+02
  -3.4224132e+02
  -3.4269024e+02
  -3.4307157e+02
  -3.4278830e+02
  -3.4139957e+02
  -3.4170200e+02
  -3.4211629e+02
  -3.4255485e+02
  -3.4300291e+02
  -3.4345702e+02
  -3.4391747e+02
  -3.4438733e+02
  -3.4487449e+02
  -3.4540108e+02
  -3.4605701e+02
  -3.4749883e+02
  -3.4918208e+02
  -3.4991644e+02
  -3.5053197e+02
  -3.5121540e+02
  -3.5235325e+02
  -3.5406388e+02
  -3.5494563e+02
  -3.5557231e+02
  -3.5614310e+02
  -3.5670726e+02
  -3.5728695e+02
  -3.5789736e+02
  -3.5854822e+02
  -3.5923681e+02
  -3.5994076e+02
  -3.6062706e+02
  -3.6127371e+02
  -3.6187722e+02
  -3.6244392e+02
  -3.6298066e+02
  -3.6348908e+02
  -3.6395811e+02
  -3.6434089e+02
  -3.6447823e+02
  -3.6424136e+02
  -3.6430087e+02
  -3.6469837e+02
  -3.6521383e+02
  -3.6576279e+02
  -3.6631353e+02
  -3.6685518e+02
  -3.6738644e+02
  -3.6791063e+02
  -3.6843400e+02
  -3.6896686e+02
  -3.6953000e+02
  -3.7018090e+02
  -3.7114868e+02
  -3.7275475e+02
  -3.7381975e+02
  -3.7453397e+02
  -3.7518135e+02
  -3.7584695e+02
  -3.7657579e+02
  -3.7737701e+02
  -3.7818949e+02
  -3.7893112e+02
  -3.7958259e+02
  -3.8016632e+02
  -3.8070745e+02
  -3.8122492e+02
  -3.8173537e+02
  -3.8226669e+02
  -3.8296177e+02
  -3.8549426e+02
  -3.8641907e+02
  -3.8696300e+02
  -3.8746659e+02
  -3.8797923e+02
  -3.8855782e+02
  -3.8945396e+02
  -3.9126230e+02
  -3.9222168e+02
  -3.9279699e+02
  -3.9328426e+02
  -3.9373661e+02
  -3.9416723e+02
  -3.9457616e+02
  -3.9495079e+02
  -3.9524503e+02
  -3.9526271e+02
  -3.9461125e+02
  -3.9444283e+02
  -3.9470199e+02
  -3.9508317e+02
  -3.9551898e+02
  -3.9599537e+02
  -3.9651891e+02
  -3.9711793e+02
  -3.9786086e+02
  -3.9883511e+02
  -3.9987293e+02
  -4.0069757e+02
  -4.0135211e+02
  -4.0192028e+02
  -4.0243854e+02
  -4.0291185e+02
  -4.0329786e+02
  -4.0318544e+02
  -4.0198849e+02
  -4.0217970e+02
  -4.0257409e+02
  -4.0300560e+02
  -4.0344372e+02
  -4.0387680e+02
  -4.0429604e+02
  -4.0468840e+02
  -4.0502313e+02
  -4.0519763e+02
  -4.0485153e+02
  -4.0436562e+02
  -4.0446352e+02
  -4.0475847e+02
  -4.0511420e+02
  -4.0549225e+02
  -4.0587694e+02
  -4.0625726e+02
  -4.0661426e+02
  -4.0685789e+02
  -4.0537365e+02
  -4.0503847e+02
  -4.0534058e+02
  -4.0569476e+02
  -4.0605225e+02
  -4.0638739e+02
  -4.0664453e+02
  -4.0654357e+02
  -4.0557135e+02
  -4.0549122e+02
  -4.0575223e+02
  -4.0608911e+02
  -4.0644960e+02
  -4.0681363e+02
  -4.0716103e+02
  -4.0742686e+02
  -4.0682769e+02
  -4.0573153e+02
  -4.0596226e+02
  -4.0631121e+02
  -4.0668819e+02
  -4.0707360e+02
  -4.0745795e+02
  -4.0783040e+02
  -4.0816604e+02
  -4.0836681e+02
  -4.0782036e+02
  -4.0713738e+02
  -4.0732187e+02
  -4.0767862e+02
  -4.0809277e+02
  -4.0854224e+02
  -4.0902820e+02
  -4.0957143e+02
  -4.1024127e+02
  -4.1125683e+02
  -4.1261061e+02
  -4.1354722e+02
  -4.1421792e+02
  -4.1480369e+02
  -4.1536241e+02
  -4.1591736e+02
  -4.1648446e+02
  -4.1709254e+02
  -4.1791706e+02
  -4.2053447e+02
  -4.2148744e+02
  -4.2212106e+02
  -4.2270897e+02
  -4.2328400e+02
  -4.2385713e+02
  -4.2443602e+02
  -4.2502899e+02
  -4.2564626e+02
  -4.2629885e+02
  -4.2699300e+02
  -4.2771860e+02
  -4.2844388e+02
  -4.2913371e+02
  -4.2977216e+02
  -4.3036175e+02
  -4.3091041e+02
  -4.3141779e+02
  -4.3172014e+02
  -4.2945436e+02
  -4.2990156e+02
  -4.3039552e+02
  -4.3091576e+02
  -4.3148097e+02
  -4.3214282e+02
  -4.3301079e+02
  -4.3409365e+02
  -4.3502240e+02
  -4.3571119e+02
  -4.3627691e+02
  -4.3678346e+02
  -4.3725760e+02
  -4.3771058e+02
  -4.3814554e+02
  -4.3855648e+02
  -4.3890526e+02
  -4.3872508e+02
  -4.3722539e+02
  -4.3747773e+02
  -4.3788023e+02
  -4.3833600e+02
  -4.3886549e+02
  -4.3964186e+02
  -4.4130229e+02
  -4.4241417e+02
  -4.4301587e+02
  -4.4350584e+02
  -4.4395585e+02
  -4.4438389e+02
  -4.4479258e+02
  -4.4517209e+02
  -4.4547546e+02
  -4.4535555e+02
  -4.4413130e+02
  -4.4419796e+02
  -4.4452062e+02
  -4.4489501e+02
  -4.4528438e+02
  -4.4567356e+02
  -4.4604615e+02
  -4.4635919e+02
  -4.4637819e+02
  -4.4528405e+02
  -4.4519736e+02
  -4.4550639e+02
  -4.4589487e+02
  -4.4631175e+02
  -4.4674159e+02
  -4.4717667e+02
  -4.4760889e+02
  -4.4801583e+02
  -4.4811695e+02
  -4.4609619e+02
  -4.4644147e+02
  -4.4686726e+02
  -4.4730534e+02
  -4.4774287e+02
  -4.4817288e+02
  -4.4858720e+02
  -4.4897011e+02
  -4.4927921e+02
  -4.4935545e+02
  -4.4879406e+02
  -4.4851064e+02
  -4.4870465e+02
  -4.4902829e+02
  -4.4939037e+02
  -4.4975832e+02
  -4.5010525e+02
  -4.5036639e+02
  -4.5017614e+02
  -4.4919418e+02
  -4.4923199e+02
  -4.4953941e+02
  -4.4991119e+02
  -4.5030670e+02
  -4.5071180e+02
  -4.5111643e+02
  -4.5149667e+02
  -4.5157653e+02
  -4.4960432e+02
  -4.4992975e+02
  -4.5037085e+02
  -4.5085307e+02
  -4.5137529e+02
  -4.5195266e+02
  -4.5261222e+02
  -4.5337789e+02
  -4.5421587e+02
  -4.5502223e+02
  -4.5574148e+02
  -4.5639507e+02
  -4.5702512e+02
  -4.5767813e+02
  -4.5841847e+02
  -4.5932618e+02
  -4.6033882e+02
  -4.6121221e+02
  -4.6191027e+02
  -4.6250928e+02
  -4.6306038e+02
  -4.6359190e+02
  -4.6412503e+02
  -4.6468893e+02
  -4.6536272e+02
  -4.6649051e+02
  -4.6809539e+02
  -4.6897283e+02
  -4.6959519e+02
  -4.7015569e+02
  -4.7070718e+02
  -4.7128110e+02
  -4.7192616e+02
  -4.7279831e+02
  -4.7435095e+02
  -4.7571714e+02
  -4.7661086e+02
  -4.7742443e+02
  -4.7823646e+02
  -4.7902542e+02
  -4.7975769e+02
  -4.8042913e+02
  -4.8105560e+02
  -4.8165594e+02
  -4.8224622e+02
  -4.8283960e+02
  -4.8344691e+02
  -4.8407592e+02
  -4.8472861e+02
  -4.8539794e+02
  -4.8606919e+02
  -4.8672920e+02
  -4.8737993e+02
  -4.8807317e+02
  -4.8963226e+02
  -4.9177591e+02
  -4.9244581e+02
  -4.9301058e+02
  -4.9355325e+02
  -4.9409903e+02
  -4.9467055e+02
  -4.9530617e+02
  -4.9608629e+02
  -4.9710909e+02
  -4.9817292e+02
  -4.9900344e+02
  -4.9967558e+02
  -5.0028640e+02
  -5.0089210e+02
  -5.0154208e+02
  -5.0230516e+02
  -5.0324069e+02
  -5.0421047e+02
  -5.0500766e+02
  -5.0565021e+02
  -5.0620625e+02
  -5.0671318e+02
  -5.0718355e+02
  -5.0757700e+02
  -5.0529219e+02
  -5.0556807e+02
  -5.0600044e+02
  -5.0645090e+02
  -5.0691103e+02
  -5.0738226e+02
  -5.0787056e+02
  -5.0838851e+02
  -5.0896356e+02
  -5.0965976e+02
  -5.1059450e+02
  -5.1168662e+02
  -5.1256720e+02
  -5.1324391e+02
  -5.1383087e+02
  -5.1439084e+02
  -5.1497938e+02
  -5.1581012e+02
  -5.1808685e+02
  -5.1907103e+02
  -5.1967994e+02
  -5.2024221e+02
  -5.2081165e+02
  -5.2141976e+02
  -5.2210721e+02
  -5.2293009e+02
  -5.2389187e+02
  -5.2483441e+02
  -5.2564245e+02
  -5.2634943e+02
  -5.2700691e+02
  -5.2764538e+02
  -5.2827984e+02
  -5.2891633e+02
  -5.2955720e+02
  -5.3020833e+02
  -5.3089617e+02
  -5.3173950e+02
  -5.3324799e+02
  -5.3468380e+02
  -5.3545290e+02
  -5.3604540e+02
  -5.3657344e+02
  -5.3706651e+02
  -5.3753357e+02
  -5.3797351e+02
  -5.3837123e+02
  -5.3866652e+02
  -5.3856534e+02
  -5.3784101e+02
  -5.3786170e+02
  -5.3819930e+02
  -5.3863420e+02
  -5.3912635e+02
  -5.3967752e+02
  -5.4031212e+02
  -5.4106909e+02
  -5.4194484e+02
  -5.4281405e+02
  -5.4357070e+02
  -5.4422913e+02
  -5.4483334e+02
  -5.4541573e+02
  -5.4599915e+02
  -5.4660388e+02
  -5.4725354e+02
  -5.4797994e+02
  -5.4882299e+02
  -5.4981076e+02
  -5.5091804e+02
  -5.5204855e+02
  -5.5306924e+02
  -5.5392155e+02
  -5.5463819e+02
  -5.5526663e+02
  -5.5583998e+02
  -5.5637867e+02
  -5.5689570e+02
  -5.5740056e+02
  -5.5790378e+02
  -5.5843826e+02
  -5.6144913e+02
  -5.6236681e+02
  -5.6288360e+02
  -5.6338647e+02
  -5.6389613e+02
  -5.6442368e+02
  -5.6498199e+02
  -5.6558916e+02
  -5.6626769e+02
  -5.6702805e+02
  -5.6783227e+02
  -5.6860467e+02
  -5.6930971e+02
  -5.6996837e+02
  -5.7064109e+02
  -5.7155715e+02
  -5.7359309e+02
  -5.7467187e+02
  -5.7531699e+02
  -5.7588323e+02
  -5.7642940e+02
  -5.7697576e+02
  -5.7753417e+02
  -5.7811462e+02
  -5.7872730e+02
  -5.7938444e+02
  -5.8010837e+02
  -5.8098205e+02
  -5.8242792e+02
  -5.8409940e+02
  -5.8500889e+02
  -5.8568917e+02
  -5.8628828e+02
  -5.8684728e+02
  -5.8738445e+02
  -5.8791162e+02
  -5.8843986e+02
  -5.8898458e+02
  -5.8957756e+02
  -5.9031199e+02
  -5.9148223e+02
  -5.9287240e+02
  -5.9374657e+02
  -5.9441184e+02
  -5.9503078e+02
  -5.9566713e+02
  -5.9636684e+02
  -5.9716031e+02
  -5.9800740e+02
  -5.9879778e+02
  -5.9948104e+02
  -6.0007881e+02
  -6.0062282e+02
  -6.0113640e+02
  -6.0164338e+02
  -6.0275574e+02
  -6.0561112e+02
  -6.0609264e+02
  -6.0655101e+02
  -6.0700273e+02
  -6.0745248e+02
  -6.0790350e+02
  -6.0836017e+02
  -6.0883266e+02
  -6.0936861e+02
  -6.1175837e+02
  -6.1312148e+02
  -6.1367283e+02
  -6.1421804e+02
  -6.1483475e+02
  -6.1566696e+02
  -6.1690604e+02
  -6.1798844e+02
  -6.1870784e+02
  -6.1928564e+02
  -6.1981123e+02
  -6.2031763e+02
  -6.2082160e+02
  -6.2133698e+02
  -6.2188359e+02
  -6.2250542e+02
  -6.2333060e+02
  -6.2458647e+02
  -6.2575561e+02
  -6.2653585e+02
  -6.2716741e+02
  -6.2775181e+02
  -6.2832757e+02
  -6.2892028e+02
  -6.2958212e+02
  -6.3078905e+02
  -6.3317895e+02
  -6.3396518e+02
  -6.3458648e+02
  -6.3516444e+02
  -6.3571829e+02
  -6.3625396e+02
  -6.3677495e+02
  -6.3728477e+02
  -6.3778774e+02
  -6.3829050e+02
  -6.3880646e+02
  -6.3937516e+02
  -6.4020345e+02
  -6.4213749e+02
  -6.4316771e+02
  -6.4374657e+02
  -6.4423480e+02
  -6.4468644e+02
  -6.4510993e+02
  -6.4547586e+02
  -6.4480068e+02
