   3.1415927e+00
   2.7945357e+00
   2.4444021e+00
   2.0876353e+00
   1.7193074e+00
   1.3308876e+00
   9.0341040e-01
   3.8066791e-01
  -4.6327667e-01
  -1.9108361e+00
  -2.8266006e+00
  -3.3831257e+00
  -3.8412517e+00
  -4.2647229e+00
  -4.6741762e+00
  -5.0801873e+00
  -5.6195482e+00
  -2.7097561e+00
  -3.1135612e+00
  -3.5144515e+00
  -3.9173926e+00
  -4.3260857e+00
  -4.7494514e+00
  -5.2284836e+00
  -6.6976990e+00
  -8.7695350e+00
  -9.2618581e+00
  -9.6805429e+00
  -1.0076456e+01
  -1.0456104e+01
  -1.0815694e+01
  -1.1141591e+01
  -1.1398063e+01
  -1.1485289e+01
  -1.1219174e+01
  -1.0921403e+01
  -1.0978715e+01
  -1.1214350e+01
  -1.1516551e+01
  -1.1841419e+01
  -1.2164866e+01
  -1.2463450e+01
  -1.2698649e+01
  -1.2791677e+01
  -1.2648776e+01
  -1.2465622e+01
  -1.2512241e+01
  -1.2722088e+01
  -1.3005083e+01
  -1.3316411e+01
  -1.3631073e+01
  -1.3928625e+01
  -1.4183590e+01
  -1.4356360e+01
  -1.4397406e+01
  -1.4327026e+01
  -1.4302830e+01
  -1.4409775e+01
  -1.4610202e+01
  -1.4854974e+01
  -1.5108988e+01
  -1.5341792e+01
  -1.5515375e+01
  -1.5577196e+01
  -1.5504026e+01
  -1.5416758e+01
  -1.5455291e+01
  -1.5611122e+01
  -1.5832675e+01
  -1.6083790e+01
  -1.6341750e+01
  -1.6589870e+01
  -1.6813297e+01
  -1.6998269e+01
  -1.7136649e+01
  -1.7236553e+01
  -1.7327535e+01
  -1.7442982e+01
  -1.7597330e+01
  -1.7785687e+01
  -1.7995148e+01
  -1.8211944e+01
  -1.8423544e+01
  -1.8619153e+01
  -1.8790911e+01
  -1.8936773e+01
  -1.9063670e+01
  -1.9186401e+01
  -1.9320025e+01
  -1.9472071e+01
  -1.9641271e+01
  -1.9821001e+01
  -2.0002914e+01
  -2.0179285e+01
  -2.0344636e+01
  -2.0497207e+01
  -2.0639860e+01
  -2.0779279e+01
  -2.0923082e+01
  -2.1076576e+01
  -2.1241312e+01
  -2.1415753e+01
  -2.1596842e+01
  -2.1781393e+01
  -2.1966952e+01
  -2.2152146e+01
  -2.2336599e+01
  -2.2520535e+01
  -2.2704236e+01
  -2.2887578e+01
  -2.3069837e+01
  -2.3249823e+01
  -2.3426299e+01
  -2.3598559e+01
  -2.3766946e+01
  -2.3933069e+01
  -2.4099492e+01
  -2.4268951e+01
  -2.4443454e+01
  -2.4623697e+01
  -2.4809012e+01
  -2.4997729e+01
  -2.5187742e+01
  -2.5377103e+01
  -2.5564526e+01
  -2.5749731e+01
  -2.5933484e+01
  -2.6117302e+01
  -2.6302872e+01
  -2.6491415e+01
  -2.6683264e+01
  -2.6877779e+01
  -2.7073574e+01
  -2.7268936e+01
  -2.7462316e+01
  -2.7652797e+01
  -2.7840415e+01
  -2.8026199e+01
  -2.8211861e+01
  -2.8399178e+01
  -2.8589325e+01
  -2.8782421e+01
  -2.8977426e+01
  -2.9172359e+01
  -2.9364747e+01
  -2.9552215e+01
  -2.9733168e+01
  -2.9907441e+01
  -3.0076649e+01
  -3.0243913e+01
  -3.0412860e+01
  -3.0586314e+01
  -3.0765338e+01
  -3.0948984e+01
  -3.1134666e+01
  -3.1318847e+01
  -3.1497875e+01
  -3.1668927e+01
  -3.1831008e+01
  -3.1985715e+01
  -3.2137153e+01
  -3.2290644e+01
  -3.2450735e+01
  -3.2619683e+01
  -3.2797121e+01
  -3.2980698e+01
  -3.3167059e+01
  -3.3352781e+01
  -3.3535145e+01
  -3.3712728e+01
  -3.3885708e+01
  -3.4055717e+01
  -3.4225150e+01
  -3.4396162e+01
  -3.4569819e+01
  -3.4745754e+01
  -3.4922395e+01
  -3.5097571e+01
  -3.5269280e+01
  -3.5436422e+01
  -3.5599276e+01
  -3.5759482e+01
  -3.5919390e+01
  -3.6081024e+01
  -3.6245164e+01
  -3.6410981e+01
  -3.6576337e+01
  -3.6738581e+01
  -3.6895644e+01
  -3.7047156e+01
  -3.7195137e+01
  -3.7343680e+01
  -3.7497477e+01
  -3.7659914e+01
  -3.7831846e+01
  -3.8011484e+01
  -3.8195050e+01
  -3.8377687e+01
  -3.8554407e+01
  -3.8721175e+01
  -3.8876204e+01
  -3.9021130e+01
  -3.9161125e+01
  -3.9303170e+01
  -3.9453151e+01
  -3.9613704e+01
  -3.9783919e+01
  -3.9960419e+01
  -4.0138784e+01
  -4.0314824e+01
  -4.0485607e+01
  -4.0650255e+01
  -4.0810232e+01
  -4.0968798e+01
  -4.1129660e+01
  -4.1295448e+01
  -4.1466833e+01
  -4.1642581e+01
  -4.1820269e+01
  -4.1997241e+01
  -4.2171516e+01
  -4.2342468e+01
  -4.2511027e+01
  -4.2679242e+01
  -4.2849289e+01
  -4.3022354e+01
  -4.3197930e+01
  -4.3373762e+01
  -4.3546369e+01
  -4.3712016e+01
  -4.3868046e+01
  -4.4014375e+01
  -4.4154427e+01
  -4.4294443e+01
  -4.4440957e+01
  -4.4597913e+01
  -4.4765263e+01
  -4.4939324e+01
  -4.5113981e+01
  -4.5282032e+01
  -4.5436710e+01
  -4.5573849e+01
  -4.5694583e+01
  -4.5806695e+01
  -4.5921916e+01
  -4.6049898e+01
  -4.6193854e+01
  -4.6350616e+01
  -4.6513209e+01
  -4.6673523e+01
  -4.6824590e+01
  -4.6962874e+01
  -4.7090345e+01
  -4.7214575e+01
  -4.7345337e+01
  -4.7489516e+01
  -4.7648252e+01
  -4.7817479e+01
  -4.7990021e+01
  -4.8157673e+01
  -4.8313171e+01
  -4.8452589e+01
  -4.8577925e+01
  -4.8697738e+01
  -4.8823473e+01
  -4.8963295e+01
  -4.9118495e+01
  -4.9284132e+01
  -4.9451565e+01
  -4.9610939e+01
  -4.9753794e+01
  -4.9876741e+01
  -4.9985371e+01
  -5.0093984e+01
  -5.0218049e+01
  -5.0365447e+01
  -5.0534287e+01
  -5.0715978e+01
  -5.0898538e+01
  -5.1068453e+01
  -5.1212529e+01
  -5.1322496e+01
  -5.1403460e+01
  -5.1478089e+01
  -5.1573921e+01
  -5.1704563e+01
  -5.1866497e+01
  -5.2047129e+01
  -5.2231225e+01
  -5.2403520e+01
  -5.2550647e+01
  -5.2665759e+01
  -5.2755939e+01
  -5.2843577e+01
  -5.2952675e+01
  -5.3093087e+01
  -5.3259347e+01
  -5.3437813e+01
  -5.3611909e+01
  -5.3764649e+01
  -5.3882487e+01
  -5.3964498e+01
  -5.4031729e+01
  -5.4117814e+01
  -5.4243622e+01
  -5.4408175e+01
  -5.4597932e+01
  -5.4795401e+01
  -5.4981747e+01
  -5.5137139e+01
  -5.5244623e+01
  -5.5304202e+01
  -5.5348629e+01
  -5.5425339e+01
  -5.5556621e+01
  -5.5735266e+01
  -5.5942821e+01
  -5.6159803e+01
  -5.6366969e+01
  -5.6544064e+01
  -5.6671488e+01
  -5.6742491e+01
  -5.6784176e+01
  -5.6849256e+01
  -5.6969484e+01
  -5.7140744e+01
  -5.7343005e+01
  -5.7554090e+01
  -5.7752158e+01
  -5.7915475e+01
  -5.8027596e+01
  -5.8094672e+01
  -5.8158366e+01
  -5.8266019e+01
  -5.8432257e+01
  -5.8644582e+01
  -5.8882619e+01
  -5.9125341e+01
  -5.9349599e+01
  -5.9525763e+01
  -5.9618470e+01
  -5.9618465e+01
  -5.9602068e+01
  -5.9668824e+01
  -5.9832706e+01
  -6.0060252e+01
  -6.0317206e+01
  -6.0572472e+01
  -6.0784757e+01
  -6.0872871e+01
  -6.0706486e+01
  -6.0445115e+01
  -6.0450528e+01
  -6.0655562e+01
  -6.0953291e+01
  -6.1297285e+01
  -6.1667843e+01
  -6.2055752e+01
  -6.2456073e+01
  -6.2864572e+01
  -6.3270939e+01
  -6.3623208e+01
  -6.3493766e+01
  -6.2813168e+01
  -6.3308900e+01
  -6.4000179e+01
  -6.4619947e+01
  -6.5147405e+01
  -6.5608564e+01
  -6.6020477e+01
  -6.6387090e+01
  -6.6699822e+01
  -6.6934384e+01
  -6.7049460e+01
  -6.7028270e+01
  -6.6980267e+01
  -6.7039851e+01
  -6.7208018e+01
  -6.7437490e+01
  -6.7691608e+01
  -6.7944680e+01
  -6.8174304e+01
  -6.8356506e+01
  -6.8468808e+01
  -6.8512826e+01
  -6.8541512e+01
  -6.8620744e+01
  -6.8768459e+01
  -6.8966547e+01
  -6.9190657e+01
  -6.9419480e+01
  -6.9633984e+01
  -6.9815792e+01
  -6.9949575e+01
  -7.0034123e+01
  -7.0095912e+01
  -7.0177208e+01
  -7.0302046e+01
  -7.0467285e+01
  -7.0657067e+01
  -7.0853731e+01
  -7.1041138e+01
  -7.1205862e+01
  -7.1340250e+01
  -7.1448065e+01
  -7.1546812e+01
  -7.1658594e+01
  -7.1796075e+01
  -7.1958467e+01
  -7.2136770e+01
  -7.2319397e+01
  -7.2495301e+01
  -7.2656025e+01
  -7.2798176e+01
  -7.2925838e+01
  -7.3049940e+01
  -7.3182730e+01
  -7.3331186e+01
  -7.3494772e+01
  -7.3667420e+01
  -7.3840528e+01
  -7.4005403e+01
  -7.4155574e+01
  -7.4289479e+01
  -7.4412493e+01
  -7.4535548e+01
  -7.4669583e+01
  -7.4820044e+01
  -7.4985601e+01
  -7.5160214e+01
  -7.5335767e+01
  -7.5504115e+01
  -7.5658956e+01
  -7.5798008e+01
  -7.5924835e+01
  -7.6048241e+01
  -7.6178115e+01
  -7.6320443e+01
  -7.6475292e+01
  -7.6638089e+01
  -7.6802053e+01
  -7.6960431e+01
  -7.7108482e+01
  -7.7245283e+01
  -7.7374624e+01
  -7.7503685e+01
  -7.7639575e+01
  -7.7786016e+01
  -7.7942354e+01
  -7.8104684e+01
  -7.8267729e+01
  -7.8426616e+01
  -7.8578403e+01
  -7.8723191e+01
  -7.8864272e+01
  -7.9006783e+01
  -7.9155351e+01
  -7.9312128e+01
  -7.9476269e+01
  -7.9644659e+01
  -7.9813141e+01
  -7.9977785e+01
  -8.0136030e+01
  -8.0287549e+01
  -8.0434478e+01
  -8.0580610e+01
  -8.0729747e+01
  -8.0884084e+01
  -8.1043504e+01
  -8.1205898e+01
  -8.1368126e+01
  -8.1527159e+01
  -8.1681158e+01
  -8.1830239e+01
  -8.1976561e+01
  -8.2123521e+01
  -8.2274311e+01
  -8.2430641e+01
  -8.2592255e+01
  -8.2757293e+01
  -8.2923132e+01
  -8.3087356e+01
  -8.3248593e+01
  -8.3407045e+01
  -8.3564457e+01
  -8.3723453e+01
  -8.3886482e+01
  -8.4054913e+01
  -8.4228663e+01
  -8.4406426e+01
  -8.4586238e+01
  -8.4766154e+01
  -8.4944842e+01
  -8.5121973e+01
  -8.5298297e+01
  -8.5475328e+01
  -8.5654738e+01
  -8.5837698e+01
  -8.6024441e+01
  -8.6214179e+01
  -8.6405323e+01
  -8.6595882e+01
  -8.6783919e+01
  -8.6967998e+01
  -8.7147513e+01
  -8.7322798e+01
  -8.7494925e+01
  -8.7665189e+01
  -8.7834480e+01
  -8.8002806e+01
  -8.8169172e+01
  -8.8331871e+01
  -8.8489116e+01
  -8.8639853e+01
  -8.8784500e+01
  -8.8925206e+01
  -8.9065300e+01
  -8.9208039e+01
  -8.9355303e+01
  -8.9506948e+01
  -8.9661005e+01
  -8.9814483e+01
  -8.9964452e+01
  -9.0109146e+01
  -9.0248821e+01
  -9.0385918e+01
  -9.0524199e+01
  -9.0667159e+01
  -9.0816572e+01
  -9.0971946e+01
  -9.1130917e+01
  -9.1290176e+01
  -9.1446567e+01
  -9.1598125e+01
  -9.1744852e+01
  -9.1888880e+01
  -9.2033711e+01
  -9.2182780e+01
  -9.2338091e+01
  -9.2499626e+01
  -9.2665628e+01
  -9.2833398e+01
  -9.3000227e+01
  -9.3164243e+01
  -9.3325000e+01
  -9.3483604e+01
  -9.3642235e+01
  -9.3803173e+01
  -9.3967810e+01
  -9.4136093e+01
  -9.4306595e+01
  -9.4477074e+01
  -9.4645270e+01
  -9.4809742e+01
  -9.4970511e+01
  -9.5129200e+01
  -9.5288490e+01
  -9.5451005e+01
  -9.5618205e+01
  -9.5789800e+01
  -9.5963873e+01
  -9.6137506e+01
  -9.6307689e+01
  -9.6472317e+01
  -9.6631079e+01
  -9.6785857e+01
  -9.6940196e+01
  -9.7097874e+01
  -9.7261284e+01
  -9.7430487e+01
  -9.7603260e+01
  -9.7775841e+01
  -9.7944012e+01
  -9.8104362e+01
  -9.8255620e+01
  -9.8399597e+01
  -9.8540929e+01
  -9.8685209e+01
  -9.8836398e+01
  -9.8995130e+01
  -9.9158616e+01
  -9.9321679e+01
  -9.9478274e+01
  -9.9623351e+01
  -9.9755093e+01
  -9.9876791e+01
  -9.9996477e+01
  -1.0012326e+02
  -1.0026263e+02
  -1.0041425e+02
  -1.0057279e+02
  -1.0072998e+02
  -1.0087692e+02
  -1.0100679e+02
  -1.0111856e+02
  -1.0121983e+02
  -1.0132462e+02
  -1.0144550e+02
  -1.0158698e+02
  -1.0174512e+02
  -1.0191081e+02
  -1.0207294e+02
  -1.0222101e+02
  -1.0234824e+02
  -1.0245602e+02
  -1.0255606e+02
  -1.0266519e+02
  -1.0279506e+02
  -1.0294675e+02
  -1.0311284e+02
  -1.0328148e+02
  -1.0343931e+02
  -1.0357413e+02
  -1.0367961e+02
  -1.0376212e+02
  -1.0384200e+02
  -1.0394148e+02
  -1.0407046e+02
  -1.0422479e+02
  -1.0439265e+02
  -1.0455987e+02
  -1.0471283e+02
  -1.0484154e+02
  -1.0494492e+02
  -1.0503543e+02
  -1.0513439e+02
  -1.0525834e+02
  -1.0541054e+02
  -1.0558368e+02
  -1.0576557e+02
  -1.0594277e+02
  -1.0610266e+02
  -1.0623662e+02
  -1.0634563e+02
  -1.0644420e+02
  -1.0655422e+02
  -1.0669085e+02
  -1.0685565e+02
  -1.0704021e+02
  -1.0723168e+02
  -1.0741600e+02
  -1.0757981e+02
  -1.0771422e+02
  -1.0782164e+02
  -1.0792012e+02
  -1.0803452e+02
  -1.0817981e+02
  -1.0835528e+02
  -1.0855029e+02
  -1.0875037e+02
  -1.0894011e+02
  -1.0910492e+02
  -1.0923542e+02
  -1.0933598e+02
  -1.0942944e+02
  -1.0954432e+02
  -1.0969501e+02
  -1.0987819e+02
  -1.1008104e+02
  -1.1028783e+02
  -1.1048202e+02
  -1.1064752e+02
  -1.1077329e+02
  -1.1086405e+02
  -1.1094739e+02
  -1.1105776e+02
  -1.1121140e+02
  -1.1140360e+02
  -1.1162005e+02
  -1.1184421e+02
  -1.1205878e+02
  -1.1224519e+02
  -1.1238574e+02
  -1.1247479e+02
  -1.1253704e+02
  -1.1262083e+02
  -1.1275741e+02
  -1.1294542e+02
  -1.1316760e+02
  -1.1340394e+02
  -1.1363466e+02
  -1.1383952e+02
  -1.1399974e+02
  -1.1410995e+02
  -1.1419715e+02
  -1.1431138e+02
  -1.1448278e+02
  -1.1470827e+02
  -1.1496994e+02
  -1.1524794e+02
  -1.1552254e+02
  -1.1577164e+02
  -1.1596809e+02
  -1.1608580e+02
  -1.1613292e+02
  -1.1618243e+02
  -1.1630478e+02
  -1.1650528e+02
  -1.1675734e+02
  -1.1703381e+02
  -1.1731139e+02
  -1.1756629e+02
  -1.1776863e+02
  -1.1788421e+02
  -1.1790987e+02
  -1.1792862e+02
  -1.1803506e+02
  -1.1823795e+02
  -1.1850515e+02
  -1.1880699e+02
  -1.1912139e+02
  -1.1942897e+02
  -1.1970711e+02
  -1.1992398e+02
  -1.2004131e+02
  -1.2006067e+02
  -1.2008550e+02
  -1.2021148e+02
  -1.2043278e+02
  -1.2071001e+02
  -1.2101096e+02
  -1.2131118e+02
  -1.2158706e+02
  -1.2180876e+02
  -1.2193758e+02
  -1.2195465e+02
  -1.2193471e+02
  -1.2199455e+02
  -1.2215494e+02
  -1.2237934e+02
  -1.2263211e+02
  -1.2288597e+02
  -1.2311570e+02
  -1.2329209e+02
  -1.2338438e+02
  -1.2339287e+02
  -1.2339265e+02
  -1.2346721e+02
  -1.2362583e+02
  -1.2383907e+02
  -1.2407695e+02
  -1.2431445e+02
  -1.2452713e+02
  -1.2468740e+02
  -1.2477099e+02
  -1.2478986e+02
  -1.2481647e+02
  -1.2491560e+02
  -1.2509018e+02
  -1.2531411e+02
  -1.2556058e+02
  -1.2580603e+02
  -1.2602611e+02
  -1.2619180e+02
  -1.2627572e+02
  -1.2628866e+02
  -1.2630983e+02
  -1.2640931e+02
  -1.2658765e+02
  -1.2681553e+02
  -1.2706460e+02
  -1.2731078e+02
  -1.2753012e+02
  -1.2769553e+02
  -1.2778392e+02
  -1.2780803e+02
  -1.2783782e+02
  -1.2793472e+02
  -1.2810113e+02
  -1.2831116e+02
  -1.2853759e+02
  -1.2875577e+02
  -1.2894044e+02
  -1.2906508e+02
  -1.2911581e+02
  -1.2912505e+02
  -1.2916469e+02
  -1.2927392e+02
  -1.2944248e+02
  -1.2964426e+02
  -1.2985427e+02
  -1.3004980e+02
  -1.3020893e+02
  -1.3031455e+02
  -1.3037076e+02
  -1.3041710e+02
  -1.3050164e+02
  -1.3064096e+02
  -1.3082331e+02
  -1.3102827e+02
  -1.3123540e+02
  -1.3142505e+02
  -1.3157875e+02
  -1.3168525e+02
  -1.3175478e+02
  -1.3182417e+02
  -1.3193016e+02
  -1.3208292e+02
  -1.3227135e+02
  -1.3247757e+02
  -1.3268345e+02
  -1.3287188e+02
  -1.3302830e+02
  -1.3314660e+02
  -1.3323850e+02
  -1.3333291e+02
  -1.3345612e+02
  -1.3361537e+02
  -1.3380224e+02
  -1.3400222e+02
  -1.3419994e+02
  -1.3438105e+02
  -1.3453446e+02
  -1.3465745e+02
  -1.3476147e+02
  -1.3486928e+02
  -1.3500056e+02
  -1.3516113e+02
  -1.3534495e+02
  -1.3554066e+02
  -1.3573587e+02
  -1.3591911e+02
  -1.3608181e+02
  -1.3622161e+02
  -1.3634584e+02
  -1.3647003e+02
  -1.3660951e+02
  -1.3677125e+02
  -1.3695287e+02
  -1.3714640e+02
  -1.3734179e+02
  -1.3752912e+02
  -1.3770055e+02
  -1.3785303e+02
  -1.3799123e+02
  -1.3812720e+02
  -1.3827456e+02
  -1.3844126e+02
  -1.3862710e+02
  -1.3882590e+02
  -1.3902851e+02
  -1.3922482e+02
  -1.3940544e+02
  -1.3956413e+02
  -1.3970146e+02
  -1.3982732e+02
  -1.3995734e+02
  -1.4010398e+02
  -1.4027043e+02
  -1.4045125e+02
  -1.4063594e+02
  -1.4081178e+02
  -1.4096604e+02
  -1.4108973e+02
  -1.4118441e+02
  -1.4126694e+02
  -1.4136174e+02
  -1.4148443e+02
  -1.4163524e+02
  -1.4180448e+02
  -1.4197916e+02
  -1.4214678e+02
  -1.4229801e+02
  -1.4243009e+02
  -1.4254992e+02
  -1.4267231e+02
  -1.4281162e+02
  -1.4297407e+02
  -1.4315691e+02
  -1.4335184e+02
  -1.4354820e+02
  -1.4373483e+02
  -1.4390188e+02
  -1.4404406e+02
  -1.4416544e+02
  -1.4428107e+02
  -1.4440981e+02
  -1.4456310e+02
  -1.4474101e+02
  -1.4493565e+02
  -1.4513559e+02
  -1.4532843e+02
  -1.4550247e+02
  -1.4564984e+02
  -1.4577189e+02
  -1.4588291e+02
  -1.4600405e+02
  -1.4614991e+02
  -1.4632193e+02
  -1.4651166e+02
  -1.4670607e+02
  -1.4689059e+02
  -1.4705109e+02
  -1.4717807e+02
  -1.4727463e+02
  -1.4736146e+02
  -1.4746584e+02
  -1.4760265e+02
  -1.4776942e+02
  -1.4795363e+02
  -1.4813934e+02
  -1.4831005e+02
  -1.4845119e+02
  -1.4855626e+02
  -1.4863644e+02
  -1.4872049e+02
  -1.4883517e+02
  -1.4898840e+02
  -1.4917222e+02
  -1.4937238e+02
  -1.4957345e+02
  -1.4976036e+02
  -1.4991987e+02
  -1.5004534e+02
  -1.5014490e+02
  -1.5024302e+02
  -1.5036555e+02
  -1.5052300e+02
  -1.5070995e+02
  -1.5091304e+02
  -1.5111622e+02
  -1.5130243e+02
  -1.5145529e+02
  -1.5156576e+02
  -1.5164490e+02
  -1.5172671e+02
  -1.5184404e+02
  -1.5200601e+02
  -1.5220238e+02
  -1.5241603e+02
  -1.5262860e+02
  -1.5282125e+02
  -1.5297582e+02
  -1.5308204e+02
  -1.5315295e+02
  -1.5322813e+02
  -1.5334372e+02
  -1.5350745e+02
  -1.5370681e+02
  -1.5392347e+02
  -1.5413893e+02
  -1.5433482e+02
  -1.5449364e+02
  -1.5460514e+02
  -1.5468051e+02
  -1.5475683e+02
  -1.5487032e+02
  -1.5503083e+02
  -1.5522738e+02
  -1.5544219e+02
  -1.5565648e+02
  -1.5585093e+02
  -1.5600624e+02
  -1.5611028e+02
  -1.5617569e+02
  -1.5624598e+02
  -1.5636197e+02
  -1.5653216e+02
  -1.5674239e+02
  -1.5697197e+02
  -1.5719861e+02
  -1.5739608e+02
  -1.5753122e+02
  -1.5757575e+02
  -1.5755779e+02
  -1.5757806e+02
  -1.5769545e+02
  -1.5789350e+02
  -1.5813777e+02
  -1.5839915e+02
  -1.5865201e+02
  -1.5886709e+02
  -1.5900619e+02
  -1.5903749e+02
  -1.5900477e+02
  -1.5903045e+02
  -1.5916401e+02
  -1.5937544e+02
  -1.5962630e+02
  -1.5988726e+02
  -1.6013338e+02
  -1.6033775e+02
  -1.6047073e+02
  -1.6052027e+02
  -1.6053651e+02
  -1.6060626e+02
  -1.6076080e+02
  -1.6097986e+02
  -1.6123445e+02
  -1.6149930e+02
  -1.6174905e+02
  -1.6194865e+02
  -1.6204165e+02
  -1.6197677e+02
  -1.6186072e+02
  -1.6188646e+02
  -1.6205931e+02
  -1.6231637e+02
  -1.6261493e+02
  -1.6292810e+02
  -1.6322944e+02
  -1.6346516e+02
  -1.6342763e+02
  -1.6268122e+02
  -1.6246999e+02
  -1.6268604e+02
  -1.6301265e+02
  -1.6337775e+02
  -1.6375616e+02
  -1.6413123e+02
  -1.6447941e+02
  -1.6474186e+02
  -1.6471786e+02
  -1.6421079e+02
  -1.6411420e+02
  -1.6437122e+02
  -1.6474116e+02
  -1.6515332e+02
  -1.6558201e+02
  -1.6601374e+02
  -1.6643700e+02
  -1.6683344e+02
  -1.6714819e+02
  -1.6705336e+02
  -1.6600474e+02
  -1.6603951e+02
  -1.6636163e+02
  -1.6674319e+02
  -1.6714168e+02
  -1.6754148e+02
  -1.6792922e+02
  -1.6827251e+02
  -1.6835220e+02
  -1.6679667e+02
  -1.6684043e+02
  -1.6718080e+02
  -1.6757028e+02
  -1.6797629e+02
  -1.6838941e+02
  -1.6880491e+02
  -1.6921674e+02
  -1.6960200e+02
  -1.6947121e+02
  -1.6761525e+02
  -1.6799731e+02
  -1.6845384e+02
  -1.6895004e+02
  -1.6949493e+02
  -1.7011533e+02
  -1.7085049e+02
  -1.7170238e+02
  -1.7255858e+02
  -1.7331450e+02
  -1.7398703e+02
  -1.7464667e+02
  -1.7543094e+02
  -1.7674132e+02
  -1.7810696e+02
  -1.7887122e+02
  -1.7943895e+02
  -1.7993795e+02
  -1.8040281e+02
  -1.8084327e+02
  -1.8125548e+02
  -1.8160916e+02
  -1.8172088e+02
  -1.8062885e+02
  -1.8046335e+02
  -1.8078112e+02
  -1.8118927e+02
  -1.8163557e+02
  -1.8211154e+02
  -1.8262470e+02
  -1.8320360e+02
  -1.8393540e+02
  -1.8503897e+02
  -1.8630549e+02
  -1.8717515e+02
  -1.8783648e+02
  -1.8842767e+02
  -1.8899810e+02
  -1.8957283e+02
  -1.9017761e+02
  -1.9086765e+02
  -1.9181573e+02
  -1.9321128e+02
  -1.9429332e+02
  -1.9500754e+02
  -1.9558597e+02
  -1.9610017e+02
  -1.9656935e+02
  -1.9699115e+02
  -1.9733815e+02
  -1.9751059e+02
  -1.9722710e+02
  -1.9684101e+02
  -1.9692818e+02
  -1.9720533e+02
  -1.9754268e+02
  -1.9789860e+02
  -1.9825411e+02
  -1.9859439e+02
  -1.9889868e+02
  -1.9912376e+02
  -1.9916540e+02
  -1.9890416e+02
  -1.9868332e+02
  -1.9875124e+02
  -1.9896469e+02
  -1.9922875e+02
  -1.9949631e+02
  -1.9972805e+02
  -1.9986582e+02
  -1.9982402e+02
  -1.9964129e+02
  -1.9958605e+02
  -1.9971612e+02
  -1.9994723e+02
  -2.0022137e+02
  -2.0050495e+02
  -2.0077064e+02
  -2.0098405e+02
  -2.0109382e+02
  -2.0106089e+02
  -2.0098346e+02
  -2.0102660e+02
  -2.0120004e+02
  -2.0144841e+02
  -2.0172975e+02
  -2.0201586e+02
  -2.0228207e+02
  -2.0249932e+02
  -2.0263193e+02
  -2.0266339e+02
  -2.0265909e+02
  -2.0272514e+02
  -2.0288639e+02
  -2.0311160e+02
  -2.0336720e+02
  -2.0362735e+02
  -2.0386965e+02
  -2.0407093e+02
  -2.0420869e+02
  -2.0427874e+02
  -2.0432272e+02
  -2.0440548e+02
  -2.0455384e+02
  -2.0475502e+02
  -2.0498532e+02
  -2.0522206e+02
  -2.0544323e+02
  -2.0562452e+02
  -2.0574102e+02
  -2.0578654e+02
  -2.0580627e+02
  -2.0587139e+02
  -2.0600885e+02
  -2.0620256e+02
  -2.0642635e+02
  -2.0665605e+02
  -2.0686871e+02
  -2.0704037e+02
  -2.0715081e+02
  -2.0720539e+02
  -2.0725498e+02
  -2.0735699e+02
  -2.0752565e+02
  -2.0774400e+02
  -2.0798907e+02
  -2.0823963e+02
  -2.0847491e+02
  -2.0867180e+02
  -2.0880646e+02
  -2.0887178e+02
  -2.0890805e+02
  -2.0898328e+02
  -2.0912698e+02
  -2.0932588e+02
  -2.0955503e+02
  -2.0979098e+02
  -2.1001175e+02
  -2.1019453e+02
  -2.1031821e+02
  -2.1038030e+02
  -2.1042034e+02
  -2.1049728e+02
  -2.1063560e+02
  -2.1082371e+02
  -2.1103949e+02
  -2.1126186e+02
  -2.1147182e+02
  -2.1165193e+02
  -2.1178988e+02
  -2.1188908e+02
  -2.1197731e+02
  -2.1209119e+02
  -2.1224894e+02
  -2.1244645e+02
  -2.1266945e+02
  -2.1290174e+02
  -2.1312721e+02
  -2.1332977e+02
  -2.1349515e+02
  -2.1361856e+02
  -2.1371635e+02
  -2.1382350e+02
  -2.1396789e+02
  -2.1415395e+02
  -2.1436990e+02
  -2.1459852e+02
  -2.1482132e+02
  -2.1501917e+02
  -2.1517466e+02
  -2.1528244e+02
  -2.1536510e+02
  -2.1546647e+02
  -2.1561582e+02
  -2.1581306e+02
  -2.1604286e+02
  -2.1628692e+02
  -2.1652718e+02
  -2.1674473e+02
  -2.1691937e+02
  -2.1703562e+02
  -2.1710202e+02
  -2.1716416e+02
  -2.1727075e+02
  -2.1743455e+02
  -2.1764120e+02
  -2.1786934e+02
  -2.1809751e+02
  -2.1830293e+02
  -2.1845952e+02
  -2.1854450e+02
  -2.1856786e+02
  -2.1859516e+02
  -2.1868866e+02
  -2.1885394e+02
  -2.1906592e+02
  -2.1929552e+02
  -2.1951272e+02
  -2.1967955e+02
  -2.1974650e+02
  -2.1969686e+02
  -2.1964460e+02
  -2.1971591e+02
  -2.1990478e+02
  -2.2016379e+02
  -2.2045744e+02
  -2.2076075e+02
  -2.2104952e+02
  -2.2128768e+02
  -2.2140565e+02
  -2.2130751e+02
  -2.2111941e+02
  -2.2113279e+02
  -2.2132319e+02
  -2.2159699e+02
  -2.2190322e+02
  -2.2221214e+02
  -2.2249670e+02
  -2.2271636e+02
  -2.2279561e+02
  -2.2266163e+02
  -2.2250092e+02
  -2.2254286e+02
  -2.2273291e+02
  -2.2298853e+02
  -2.2326309e+02
  -2.2352372e+02
  -2.2373177e+02
  -2.2382517e+02
  -2.2374153e+02
  -2.2359707e+02
  -2.2360731e+02
  -2.2376773e+02
  -2.2400624e+02
  -2.2427662e+02
  -2.2454990e+02
  -2.2480079e+02
  -2.2499835e+02
  -2.2510440e+02
  -2.2510847e+02
  -2.2509745e+02
  -2.2518037e+02
  -2.2536762e+02
  -2.2562277e+02
  -2.2591325e+02
  -2.2621477e+02
  -2.2650436e+02
  -2.2675069e+02
  -2.2690157e+02
  -2.2689549e+02
  -2.2680072e+02
  -2.2682733e+02
  -2.2701211e+02
  -2.2729056e+02
  -2.2761477e+02
  -2.2795614e+02
  -2.2829249e+02
  -2.2859571e+02
  -2.2880948e+02
  -2.2880164e+02
  -2.2850254e+02
  -2.2837638e+02
  -2.2853047e+02
  -2.2880766e+02
  -2.2913232e+02
  -2.2947084e+02
  -2.2980013e+02
  -2.3008891e+02
  -2.3026160e+02
  -2.3009909e+02
  -2.2962699e+02
  -2.2957039e+02
  -2.2977999e+02
  -2.3007937e+02
  -2.3040935e+02
  -2.3074268e+02
  -2.3105555e+02
  -2.3130695e+02
  -2.3139403e+02
  -2.3113640e+02
  -2.3086009e+02
  -2.3093836e+02
  -2.3119772e+02
  -2.3152940e+02
  -2.3189165e+02
  -2.3226361e+02
  -2.3262799e+02
  -2.3295908e+02
  -2.3320019e+02
  -2.3321484e+02
  -2.3294836e+02
  -2.3288109e+02
  -2.3309241e+02
  -2.3342424e+02
  -2.3380289e+02
  -2.3419584e+02
  -2.3458288e+02
  -2.3494334e+02
  -2.3524317e+02
  -2.3540974e+02
  -2.3532750e+02
  -2.3513414e+02
  -2.3517207e+02
  -2.3539823e+02
  -2.3570958e+02
  -2.3605730e+02
  -2.3641718e+02
  -2.3677062e+02
  -2.3708705e+02
  -2.3725826e+02
  -2.3666021e+02
  -2.3601881e+02
  -2.3618490e+02
  -2.3650937e+02
  -2.3687918e+02
  -2.3726596e+02
  -2.3765706e+02
  -2.3804018e+02
  -2.3838602e+02
  -2.3853508e+02
  -2.3725818e+02
  -2.3708560e+02
  -2.3741595e+02
  -2.3782705e+02
  -2.3826990e+02
  -2.3873250e+02
  -2.3921087e+02
  -2.3970337e+02
  -2.4020898e+02
  -2.4072721e+02
  -2.4126593e+02
  -2.3856319e+02
  -2.3912846e+02
  -2.3965219e+02
  -2.4016293e+02
  -2.4066034e+02
  -2.4114265e+02
  -2.4160705e+02
  -2.4204742e+02
  -2.4244637e+02
  -2.4273736e+02
  -2.4250378e+02
  -2.4160261e+02
  -2.4170235e+02
  -2.4203710e+02
  -2.4242988e+02
  -2.4284574e+02
  -2.4327525e+02
  -2.4371790e+02
  -2.4418313e+02
  -2.4472578e+02
  -2.4667852e+02
  -2.4832226e+02
  -2.4886977e+02
  -2.4936159e+02
  -2.4984970e+02
  -2.5035121e+02
  -2.5088210e+02
  -2.5146744e+02
  -2.5215188e+02
  -2.5299283e+02
  -2.5395222e+02
  -2.5484740e+02
  -2.5563399e+02
  -2.5642226e+02
  -2.5742702e+02
  -2.5875020e+02
  -2.5976033e+02
  -2.6045789e+02
  -2.6103587e+02
  -2.6156613e+02
  -2.6207809e+02
  -2.6258980e+02
  -2.6312196e+02
  -2.6372159e+02
  -2.6458404e+02
  -2.6627964e+02
  -2.6742443e+02
  -2.6811462e+02
  -2.6872248e+02
  -2.6933441e+02
  -2.6999423e+02
  -2.7073651e+02
  -2.7156301e+02
  -2.7240693e+02
  -2.7319904e+02
  -2.7395011e+02
  -2.7473552e+02
  -2.7567775e+02
  -2.7678155e+02
  -2.7772492e+02
  -2.7843458e+02
  -2.7901614e+02
  -2.7953116e+02
  -2.8000571e+02
  -2.8044866e+02
  -2.8085538e+02
  -2.8119245e+02
  -2.8127576e+02
  -2.8035523e+02
  -2.8013236e+02
  -2.8040475e+02
  -2.8077638e+02
  -2.8118339e+02
  -2.8161026e+02
  -2.8205497e+02
  -2.8252728e+02
  -2.8308562e+02
  -2.8497841e+02
  -2.8666761e+02
  -2.8724409e+02
  -2.8776191e+02
  -2.8827770e+02
  -2.8880766e+02
  -2.8936282e+02
  -2.8995659e+02
  -2.9061433e+02
  -2.9141036e+02
  -2.9261682e+02
  -2.9417147e+02
  -2.9515695e+02
  -2.9585889e+02
  -2.9645303e+02
  -2.9698742e+02
  -2.9747774e+02
  -2.9792574e+02
  -2.9831544e+02
  -2.9856912e+02
  -2.9823473e+02
  -2.9746833e+02
  -2.9756442e+02
  -2.9786517e+02
  -2.9821325e+02
  -2.9857083e+02
  -2.9892064e+02
  -2.9924647e+02
  -2.9952151e+02
  -2.9968864e+02
  -2.9964261e+02
  -2.9942099e+02
  -2.9936733e+02
  -2.9952513e+02
  -2.9978786e+02
  -3.0009581e+02
  -3.0041850e+02
  -3.0073292e+02
  -3.0100747e+02
  -3.0117345e+02
  -3.0107996e+02
  -3.0077284e+02
  -3.0073556e+02
  -3.0094381e+02
  -3.0125720e+02
  -3.0161518e+02
  -3.0198916e+02
  -3.0235793e+02
  -3.0269375e+02
  -3.0294192e+02
  -3.0298581e+02
  -3.0278125e+02
  -3.0271327e+02
  -3.0289543e+02
  -3.0319664e+02
  -3.0354408e+02
  -3.0390479e+02
  -3.0425941e+02
  -3.0459013e+02
  -3.0487113e+02
  -3.0505470e+02
  -3.0506574e+02
  -3.0492437e+02
  -3.0487320e+02
  -3.0499770e+02
  -3.0522479e+02
  -3.0549591e+02
  -3.0577653e+02
  -3.0603916e+02
  -3.0624941e+02
  -3.0635435e+02
  -3.0630795e+02
  -3.0620698e+02
  -3.0623211e+02
  -3.0639618e+02
  -3.0664083e+02
  -3.0692357e+02
  -3.0721733e+02
  -3.0749910e+02
  -3.0773966e+02
  -3.0789275e+02
  -3.0790539e+02
  -3.0782851e+02
  -3.0784634e+02
  -3.0801308e+02
  -3.0827601e+02
  -3.0858806e+02
  -3.0891913e+02
  -3.0924501e+02
  -3.0953607e+02
  -3.0974203e+02
  -3.0978306e+02
  -3.0966744e+02
  -3.0964138e+02
  -3.0980012e+02
  -3.1006798e+02
  -3.1038408e+02
  -3.1071311e+02
  -3.1102583e+02
  -3.1127544e+02
  -3.1133607e+02
  -3.1095760e+02
  -3.1063637e+02
  -3.1073151e+02
  -3.1098875e+02
  -3.1130120e+02
  -3.1163038e+02
  -3.1195524e+02
  -3.1225474e+02
  -3.1249374e+02
  -3.1259938e+02
  -3.1247478e+02
  -3.1228224e+02
  -3.1231292e+02
  -3.1252024e+02
  -3.1281315e+02
  -3.1314723e+02
  -3.1350096e+02
  -3.1386055e+02
  -3.1421081e+02
  -3.1451963e+02
  -3.1466578e+02
  -3.1407211e+02
  -3.1356149e+02
  -3.1375479e+02
  -3.1411274e+02
  -3.1453040e+02
  -3.1498392e+02
  -3.1546982e+02
  -3.1599846e+02
  -3.1661549e+02
  -3.1759660e+02
  -3.1960951e+02
  -3.2059839e+02
  -3.2125447e+02
  -3.2184223e+02
  -3.2240660e+02
  -3.2296408e+02
  -3.2353511e+02
  -3.2419308e+02
  -3.2559397e+02
  -3.2746357e+02
  -3.2814825e+02
  -3.2866638e+02
  -3.2913207e+02
  -3.2956575e+02
  -3.2996749e+02
  -3.3031994e+02
  -3.3055635e+02
  -3.3038431e+02
  -3.2969615e+02
  -3.2966158e+02
  -3.2991192e+02
  -3.3023790e+02
  -3.3058675e+02
  -3.3093754e+02
  -3.3127521e+02
  -3.3157987e+02
  -3.3181339e+02
  -3.3189624e+02
  -3.3175181e+02
  -3.3160277e+02
  -3.3168233e+02
  -3.3191770e+02
  -3.3222706e+02
  -3.3256979e+02
  -3.3292196e+02
  -3.3325858e+02
  -3.3352724e+02
  -3.3355144e+02
  -3.3303398e+02
  -3.3285660e+02
  -3.3309671e+02
  -3.3347010e+02
  -3.3389525e+02
  -3.3434407e+02
  -3.3480256e+02
  -3.3525994e+02
  -3.3570032e+02
  -3.3605684e+02
  -3.3431801e+02
  -3.3419027e+02
  -3.3457488e+02
  -3.3498973e+02
  -3.3540427e+02
  -3.3580892e+02
  -3.3619595e+02
  -3.3655345e+02
  -3.3685681e+02
  -3.3704714e+02
  -3.3699963e+02
  -3.3673827e+02
  -3.3667819e+02
  -3.3685020e+02
  -3.3712745e+02
  -3.3744781e+02
  -3.3778204e+02
  -3.3810979e+02
  -3.3840550e+02
  -3.3861743e+02
  -3.3862593e+02
  -3.3836121e+02
  -3.3824280e+02
  -3.3840954e+02
  -3.3871930e+02
  -3.3910089e+02
  -3.3953034e+02
  -3.4000635e+02
  -3.4055277e+02
  -3.4127382e+02
  -3.4260411e+02
  -3.4405387e+02
  -3.4486021e+02
  -3.4549191e+02
  -3.4607515e+02
  -3.4663937e+02
  -3.4719102e+02
  -3.4772907e+02
  -3.4824892e+02
  -3.4873629e+02
  -3.4886120e+02
  -3.4672122e+02
  -3.4714813e+02
  -3.4759187e+02
  -3.4802869e+02
  -3.4845352e+02
  -3.4886247e+02
  -3.4924911e+02
  -3.4960021e+02
  -3.4988536e+02
  -3.5003066e+02
  -3.4991156e+02
  -3.4968659e+02
  -3.4971669e+02
  -3.4993859e+02
  -3.5024523e+02
  -3.5058772e+02
  -3.5094061e+02
  -3.5128093e+02
  -3.5156595e+02
  -3.5166340e+02
  -3.5126158e+02
  -3.5097360e+02
  -3.5116727e+02
  -3.5153892e+02
  -3.5198730e+02
  -3.5248204e+02
  -3.5301124e+02
  -3.5356833e+02
  -3.5414909e+02
  -3.5475425e+02
  -3.5539956e+02
  -3.5614805e+02
  -3.5720683e+02
  -3.5858283e+02
  -3.5953843e+02
  -3.6019889e+02
  -3.6074540e+02
  -3.6123359e+02
  -3.6167674e+02
  -3.6205782e+02
  -3.6224882e+02
  -3.6129969e+02
  -3.6090035e+02
  -3.6116631e+02
  -3.6153060e+02
  -3.6192155e+02
  -3.6232058e+02
  -3.6271896e+02
  -3.6310778e+02
  -3.6346760e+02
  -3.6372381e+02
  -3.6332658e+02
  -3.6242378e+02
  -3.6260190e+02
  -3.6297703e+02
  -3.6341597e+02
  -3.6389639e+02
  -3.6441697e+02
  -3.6498183e+02
  -3.6559059e+02
  -3.6622580e+02
  -3.6684778e+02
  -3.6740633e+02
  -3.6783084e+02
  -3.6784344e+02
  -3.6707141e+02
  -3.6706797e+02
  -3.6737959e+02
  -3.6775811e+02
  -3.6815353e+02
  -3.6854932e+02
  -3.6893491e+02
  -3.6929498e+02
  -3.6959112e+02
  -3.6968554e+02
  -3.6919600e+02
  -3.6886287e+02
  -3.6904588e+02
  -3.6939276e+02
  -3.6980679e+02
  -3.7026380e+02
  -3.7076031e+02
  -3.7130180e+02
  -3.7189781e+02
  -3.7255414e+02
  -3.7325994e+02
  -3.7398754e+02
  -3.7473237e+02
  -3.7563037e+02
  -3.7739475e+02
  -3.7870323e+02
  -3.7937843e+02
  -3.7991120e+02
  -3.8038502e+02
  -3.8081833e+02
  -3.8120571e+02
  -3.8150422e+02
  -3.8150794e+02
  -3.8077864e+02
  -3.8060195e+02
  -3.8084046e+02
  -3.8118167e+02
  -3.8155685e+02
  -3.8194332e+02
  -3.8232766e+02
  -3.8269201e+02
  -3.8298864e+02
  -3.8299976e+02
  -3.8219464e+02
  -3.8205794e+02
  -3.8235129e+02
  -3.8275238e+02
  -3.8319780e+02
  -3.8366848e+02
  -3.8415577e+02
  -3.8465347e+02
  -3.8515483e+02
  -3.8564931e+02
  -3.8610571e+02
  -3.8572804e+02
  -3.8422392e+02
  -3.8464013e+02
  -3.8509370e+02
  -3.8554689e+02
  -3.8599215e+02
  -3.8642612e+02
  -3.8684520e+02
  -3.8724276e+02
  -3.8760311e+02
  -3.8788073e+02
  -3.8790609e+02
  -3.8733927e+02
  -3.8708899e+02
  -3.8726776e+02
  -3.8756855e+02
  -3.8790569e+02
  -3.8824693e+02
  -3.8856760e+02
  -3.8882713e+02
  -3.8892454e+02
  -3.8868010e+02
  -3.8840744e+02
  -3.8848870e+02
  -3.8875432e+02
  -3.8909449e+02
  -3.8946686e+02
  -3.8984884e+02
  -3.9021344e+02
  -3.9046524e+02
  -3.8962177e+02
  -3.8896657e+02
  -3.8925542e+02
  -3.8965286e+02
  -3.9007744e+02
  -3.9050712e+02
  -3.9092903e+02
  -3.9132843e+02
  -3.9167774e+02
  -3.9190421e+02
  -3.9179756e+02
  -3.9137837e+02
  -3.9135063e+02
  -3.9158456e+02
  -3.9190517e+02
  -3.9225302e+02
  -3.9260134e+02
  -3.9292756e+02
  -3.9319266e+02
  -3.9329042e+02
  -3.9297963e+02
  -3.9261414e+02
  -3.9266917e+02
  -3.9290956e+02
  -3.9321300e+02
  -3.9353504e+02
  -3.9385032e+02
  -3.9412970e+02
  -3.9431433e+02
  -3.9426897e+02
  -3.9395897e+02
  -3.9385406e+02
  -3.9402086e+02
  -3.9431135e+02
  -3.9465826e+02
  -3.9503475e+02
  -3.9542799e+02
  -3.9582860e+02
  -3.9621987e+02
  -3.9650659e+02
  -3.9465735e+02
  -3.9471709e+02
  -3.9513969e+02
  -3.9561329e+02
  -3.9610961e+02
  -3.9661797e+02
  -3.9712928e+02
  -3.9763294e+02
  -3.9811425e+02
  -3.9854294e+02
  -3.9878979e+02
  -3.9785034e+02
  -3.9745812e+02
  -3.9774845e+02
  -3.9812544e+02
  -3.9851825e+02
  -3.9890760e+02
  -3.9928200e+02
  -3.9962553e+02
  -3.9989975e+02
  -3.9997439e+02
  -3.9950384e+02
  -3.9912026e+02
  -3.9922817e+02
  -3.9949245e+02
  -3.9980471e+02
  -4.0012853e+02
  -4.0044223e+02
  -4.0071800e+02
  -4.0088970e+02
  -4.0075102e+02
  -4.0020591e+02
  -4.0005327e+02
  -4.0019979e+02
  -4.0043333e+02
  -4.0067835e+02
  -4.0089041e+02
  -4.0102279e+02
  -4.0103628e+02
  -4.0098496e+02
  -4.0101474e+02
  -4.0117219e+02
  -4.0141866e+02
  -4.0171432e+02
  -4.0203159e+02
  -4.0234667e+02
  -4.0262774e+02
  -4.0281610e+02
  -4.0282145e+02
  -4.0270458e+02
  -4.0275361e+02
  -4.0300028e+02
  -4.0335282e+02
  -4.0375504e+02
  -4.0417787e+02
  -4.0460398e+02
  -4.0502004e+02
  -4.0541099e+02
  -4.0575005e+02
  -4.0596982e+02
  -4.0588990e+02
  -4.0551544e+02
  -4.0546606e+02
  -4.0568249e+02
  -4.0599775e+02
  -4.0635111e+02
  -4.0671754e+02
  -4.0708030e+02
  -4.0741425e+02
  -4.0763505e+02
  -4.0719319e+02
  -4.0636701e+02
  -4.0651828e+02
  -4.0686322e+02
  -4.0726874e+02
  -4.0771079e+02
  -4.0819025e+02
  -4.0872578e+02
  -4.0936904e+02
  -4.1023520e+02
  -4.1133936e+02
  -4.1228968e+02
  -4.1300599e+02
  -4.1361736e+02
  -4.1419614e+02
  -4.1478289e+02
  -4.1541792e+02
  -4.1617583e+02
  -4.1722898e+02
  -4.1859222e+02
  -4.1970597e+02
  -4.2057599e+02
  -4.2133864e+02
  -4.2202782e+02
  -4.2265040e+02
  -4.2321344e+02
  -4.2372420e+02
  -4.2418458e+02
  -4.2458202e+02
  -4.2485857e+02
  -4.2476670e+02
  -4.2415056e+02
  -4.2408977e+02
  -4.2433878e+02
  -4.2467370e+02
  -4.2503667e+02
  -4.2540647e+02
  -4.2576957e+02
  -4.2610770e+02
  -4.2637377e+02
  -4.2636682e+02
  -4.2558356e+02
  -4.2535455e+02
  -4.2556777e+02
  -4.2588343e+02
  -4.2622605e+02
  -4.2656150e+02
  -4.2684067e+02
  -4.2688369e+02
  -4.2617192e+02
  -4.2591338e+02
  -4.2615361e+02
  -4.2652219e+02
  -4.2694184e+02
  -4.2739087e+02
  -4.2786117e+02
  -4.2834852e+02
  -4.2884933e+02
  -4.2935872e+02
  -4.2986616e+02
  -4.2786534e+02
  -4.2780078e+02
  -4.2829463e+02
  -4.2878225e+02
  -4.2925632e+02
  -4.2971393e+02
  -4.3015217e+02
  -4.3056574e+02
