   2.3333030e+01
   2.3095267e+01
   2.2365383e+01
   2.1087627e+01
   1.9143800e+01
   1.6286430e+01
   1.1910515e+01
   3.7911667e+00
  -4.1881048e+00
   6.5004153e+00
   9.8021960e+00
   1.0868585e+01
   1.0571036e+01
   9.0899826e+00
   6.2902710e+00
   1.9014339e+00
  -1.4349647e+00
   1.5279894e+00
   4.2845148e+00
   5.4727058e+00
   5.3928816e+00
   4.1494891e+00
   1.5817401e+00
  -2.9345881e+00
  -1.0666329e+01
  -8.9738301e+00
  -4.0642012e+00
  -1.8855535e+00
  -9.8280059e-01
  -5.3284469e-01
  -5.1341276e-02
   4.7203522e-01
   6.8645817e-01
   1.7895441e-01
  -1.4940907e+00
  -4.9962551e+00
  -9.1548266e+00
  -4.6824537e+00
  -5.6275016e-02
   2.5883520e+00
   3.8279203e+00
   3.8682725e+00
   2.5937527e+00
  -6.4766097e-01
  -8.7748363e+00
  -7.5832053e+00
   8.6161407e-01
   4.8285220e+00
   7.0197588e+00
   8.1397120e+00
   8.4780265e+00
   8.2162399e+00
   7.5627667e+00
   6.8479630e+00
   6.4566305e+00
   6.4739337e+00
   6.5408680e+00
   6.1757066e+00
   4.9357320e+00
   2.2041094e+00
  -3.5017981e+00
  -6.1674183e+00
   1.7477165e+00
   6.0627917e+00
   8.5116559e+00
   9.8369994e+00
   1.0344679e+01
   1.0209631e+01
   9.6150793e+00
   8.8773405e+00
   8.4725576e+00
   8.6865277e+00
   9.2654793e+00
   9.7726859e+00
   9.9910063e+00
   9.9846241e+00
   1.0074332e+01
   1.0645050e+01
   1.1709573e+01
   1.2875849e+01
   1.3753670e+01
   1.4109768e+01
   1.3794048e+01
   1.2663650e+01
   1.0643129e+01
   8.6137984e+00
   9.7832913e+00
   1.3131338e+01
   1.5953586e+01
   1.7885140e+01
   1.9033777e+01
   1.9487244e+01
   1.9276871e+01
   1.8397402e+01
   1.6888637e+01
   1.5197130e+01
   1.4844619e+01
   1.6599356e+01
   1.8880670e+01
   2.0732130e+01
   2.2024461e+01
   2.2837223e+01
   2.3297111e+01
   2.3565809e+01
   2.3835727e+01
   2.4273680e+01
   2.4926291e+01
   2.5697106e+01
   2.6431324e+01
   2.7002054e+01
   2.7337310e+01
   2.7415246e+01
   2.7261135e+01
   2.6957759e+01
   2.6659324e+01
   2.6566173e+01
   2.6814964e+01
   2.7366994e+01
   2.8050936e+01
   2.8696840e+01
   2.9205678e+01
   2.9547686e+01
   2.9741816e+01
   2.9837315e+01
   2.9894939e+01
   2.9963587e+01
   3.0058652e+01
   3.0156374e+01
   3.0209294e+01
   3.0171415e+01
   3.0019722e+01
   2.9768262e+01
   2.9474720e+01
   2.9232254e+01
   2.9133704e+01
   2.9217168e+01
   2.9441246e+01
   2.9719893e+01
   2.9979632e+01
   3.0193414e+01
   3.0383797e+01
   3.0603541e+01
   3.0900079e+01
   3.1280129e+01
   3.1700426e+01
   3.2090651e+01
   3.2385820e+01
   3.2547376e+01
   3.2571550e+01
   3.2491622e+01
   3.2376267e+01
   3.2319200e+01
   3.2415455e+01
   3.2733334e+01
   3.3302615e+01
   3.4122372e+01
   3.5167024e+01
   3.6381651e+01
   3.7683343e+01
   3.8978371e+01
   4.0182634e+01
   4.1231972e+01
   4.2081714e+01
   4.2701121e+01
   4.3067065e+01
   4.3158521e+01
   4.2951758e+01
   4.2415453e+01
   4.1504489e+01
   4.0150758e+01
   3.8249553e+01
   3.5651068e+01
   3.2279180e+01
   2.9260790e+01
   2.9967025e+01
   3.2573755e+01
   3.4602246e+01
   3.5856600e+01
   3.6492010e+01
   3.6642657e+01
   3.6411150e+01
   3.5889123e+01
   3.5173598e+01
   3.4371442e+01
   3.3583972e+01
   3.2875327e+01
   3.2253822e+01
   3.1695760e+01
   3.1198774e+01
   3.0819582e+01
   3.0653472e+01
   3.0748680e+01
   3.1034702e+01
   3.1353492e+01
   3.1544403e+01
   3.1490567e+01
   3.1120072e+01
   3.0396145e+01
   2.9321532e+01
   2.7977817e+01
   2.6614737e+01
   2.5688645e+01
   2.5526972e+01
   2.5893772e+01
   2.6297187e+01
   2.6417408e+01
   2.6123238e+01
   2.5382786e+01
   2.4236675e+01
   2.2853998e+01
   2.1642420e+01
   2.1133551e+01
   2.1392293e+01
   2.1925953e+01
   2.2288375e+01
   2.2285611e+01
   2.1874715e+01
   2.1089129e+01
   2.0029440e+01
   1.8884290e+01
   1.7911633e+01
   1.7295477e+01
   1.6989042e+01
   1.6793084e+01
   1.6557082e+01
   1.6266481e+01
   1.6013382e+01
   1.5901108e+01
   1.5936221e+01
   1.6008890e+01
   1.5974382e+01
   1.5735919e+01
   1.5284386e+01
   1.4719983e+01
   1.4251425e+01
   1.4097032e+01
   1.4291601e+01
   1.4644670e+01
   1.4914898e+01
   1.4943551e+01
   1.4669087e+01
   1.4109665e+01
   1.3360836e+01
   1.2594276e+01
   1.1999188e+01
   1.1645052e+01
   1.1407925e+01
   1.1069248e+01
   1.0446405e+01
   9.4498774e+00
   8.1324614e+00
   6.8183807e+00
   6.1491182e+00
   6.4551114e+00
   7.2367341e+00
   7.8915606e+00
   8.1540340e+00
   7.9764455e+00
   7.4155485e+00
   6.6079918e+00
   5.7643841e+00
   5.0908187e+00
   4.6306356e+00
   4.2201935e+00
   3.6388808e+00
   2.7676921e+00
   1.6974092e+00
   8.3223498e-01
   7.0054877e-01
   1.2723325e+00
   1.9761674e+00
   2.3624572e+00
   2.2522583e+00
   1.6305776e+00
   6.2774756e-01
  -3.9095689e-01
  -8.6949714e-01
  -6.1900472e-01
  -8.6435488e-02
   2.4642999e-01
   1.9478058e-01
  -1.6085428e-01
  -4.9862025e-01
  -3.9372185e-01
   2.4681332e-01
   1.0586356e+00
   1.6334980e+00
   1.7316027e+00
   1.2213789e+00
  -7.2324961e-03
  -2.0888965e+00
  -5.1121600e+00
  -8.2791822e+00
  -8.4573342e+00
  -6.4775957e+00
  -5.1482098e+00
  -4.9374892e+00
  -5.7824191e+00
  -7.4373988e+00
  -8.8322877e+00
  -8.2170355e+00
  -6.4404074e+00
  -5.1279784e+00
  -4.7614278e+00
  -5.4540804e+00
  -7.2691059e+00
  -9.6693184e+00
  -9.5536951e+00
  -6.5763500e+00
  -3.9837997e+00
  -2.4407222e+00
  -1.8710620e+00
  -2.2049866e+00
  -3.4074901e+00
  -5.2310727e+00
  -6.3353797e+00
  -4.9961376e+00
  -2.6529369e+00
  -7.8945690e-01
   3.2923186e-01
   7.4217257e-01
   5.1108342e-01
  -3.0439602e-01
  -1.5967228e+00
  -3.0914311e+00
  -4.2573223e+00
  -4.6969831e+00
  -4.7494920e+00
  -5.1050104e+00
  -6.3275815e+00
  -9.0806312e+00
  -1.5358347e+01
  -2.7788908e+01
  -1.1831095e+01
  -6.9565077e+00
  -4.5109374e+00
  -3.3936635e+00
  -3.2796710e+00
  -4.1014582e+00
  -5.9631207e+00
  -9.1618631e+00
  -1.3765504e+01
  -1.4633123e+01
  -1.0846065e+01
  -8.3216913e+00
  -7.2114102e+00
  -7.1997530e+00
  -8.1210097e+00
  -9.7814775e+00
  -1.1457091e+01
  -1.1583853e+01
  -1.0144164e+01
  -8.6622601e+00
  -7.8055906e+00
  -7.6724355e+00
  -8.2485584e+00
  -9.5120829e+00
  -1.1393340e+01
  -1.3540268e+01
  -1.4882005e+01
  -1.4517962e+01
  -1.3350207e+01
  -1.2393937e+01
  -1.1977960e+01
  -1.2204773e+01
  -1.3199397e+01
  -1.5132544e+01
  -1.7482232e+01
  -1.6426554e+01
  -1.2300844e+01
  -8.7564820e+00
  -6.2035690e+00
  -4.4688350e+00
  -3.4225937e+00
  -2.9994601e+00
  -3.1786543e+00
  -3.9645458e+00
  -5.3435278e+00
  -7.1294428e+00
  -8.5750278e+00
  -8.5869357e+00
  -7.5240415e+00
  -6.5527074e+00
  -6.1995334e+00
  -6.5587249e+00
  -7.4775689e+00
  -8.3107978e+00
  -7.9283822e+00
  -6.3381219e+00
  -4.6524482e+00
  -3.4883710e+00
  -3.0051751e+00
  -3.2374002e+00
  -4.1921277e+00
  -5.7641318e+00
  -7.3041348e+00
  -7.3177559e+00
  -5.7344661e+00
  -4.0568194e+00
  -2.9889375e+00
  -2.6541857e+00
  -3.0493884e+00
  -4.1316691e+00
  -5.6894419e+00
  -6.9571593e+00
  -6.8248777e+00
  -5.6348869e+00
  -4.5455573e+00
  -4.0824680e+00
  -4.3569386e+00
  -5.2998605e+00
  -6.4918034e+00
  -6.8232951e+00
  -5.6342299e+00
  -3.9291073e+00
  -2.6034553e+00
  -1.9075167e+00
  -1.8473654e+00
  -2.3355137e+00
  -3.1418466e+00
  -3.7800150e+00
  -3.7207123e+00
  -3.0507134e+00
  -2.3579962e+00
  -2.0939936e+00
  -2.4680114e+00
  -3.5301412e+00
  -5.0069284e+00
  -5.7095319e+00
  -4.4508973e+00
  -2.3818321e+00
  -7.1798873e-01
   2.3248194e-01
   4.4547971e-01
  -6.0689573e-02
  -1.2104707e+00
  -2.6134811e+00
  -3.1155377e+00
  -1.9096506e+00
  -5.1338936e-02
   1.4926972e+00
   2.4834990e+00
   2.9475905e+00
   2.9894786e+00
   2.7702532e+00
   2.5090244e+00
   2.4167239e+00
   2.5570189e+00
   2.8040184e+00
   2.9734410e+00
   2.9596847e+00
   2.7927576e+00
   2.6476432e+00
   2.7693865e+00
   3.2642672e+00
   3.9762268e+00
   4.6421402e+00
   5.0743128e+00
   5.2045034e+00
   5.0770707e+00
   4.8562974e+00
   4.8046578e+00
   5.1251878e+00
   5.7608764e+00
   6.4539133e+00
   6.9623184e+00
   7.1524248e+00
   6.9913142e+00
   6.5466826e+00
   6.0261263e+00
   5.7799783e+00
   6.0789656e+00
   6.8149400e+00
   7.6408146e+00
   8.2922406e+00
   8.6694581e+00
   8.7963905e+00
   8.7885520e+00
   8.8207456e+00
   9.0430886e+00
   9.4713312e+00
   9.9791949e+00
   1.0404064e+01
   1.0636918e+01
   1.0650571e+01
   1.0504540e+01
   1.0343214e+01
   1.0350261e+01
   1.0627391e+01
   1.1100661e+01
   1.1584228e+01
   1.1907761e+01
   1.1976156e+01
   1.1776903e+01
   1.1388727e+01
   1.0997779e+01
   1.0853191e+01
   1.1087870e+01
   1.1575336e+01
   1.2048768e+01
   1.2287839e+01
   1.2176999e+01
   1.1708167e+01
   1.1034133e+01
   1.0582751e+01
   1.0918959e+01
   1.2078772e+01
   1.3516055e+01
   1.4772288e+01
   1.5653473e+01
   1.6098855e+01
   1.6085347e+01
   1.5585553e+01
   1.4544190e+01
   1.2848357e+01
   1.0258167e+01
   6.1789810e+00
  -1.4863068e+00
  -6.2792586e+00
   2.9910048e+00
   6.9653964e+00
   9.1888343e+00
   1.0584957e+01
   1.1543956e+01
   1.2270976e+01
   1.2867117e+01
   1.3361317e+01
   1.3740664e+01
   1.3980547e+01
   1.4066284e+01
   1.4004474e+01
   1.3827033e+01
   1.3588786e+01
   1.3355497e+01
   1.3181008e+01
   1.3083495e+01
   1.3039299e+01
   1.3000208e+01
   1.2919164e+01
   1.2767535e+01
   1.2539538e+01
   1.2247229e+01
   1.1910013e+01
   1.1542443e+01
   1.1145365e+01
   1.0705206e+01
   1.0202083e+01
   9.6226756e+00
   8.9723900e+00
   8.2820034e+00
   7.6032382e+00
   6.9884701e+00
   6.4605821e+00
   5.9956070e+00
   5.5363838e+00
   5.0271299e+00
   4.4455634e+00
   3.8202420e+00
   3.2268578e+00
   2.7528125e+00
   2.4363949e+00
   2.2306357e+00
   2.0326706e+00
   1.7449998e+00
   1.3172375e+00
   7.6047375e-01
   1.4424669e-01
  -4.2927782e-01
  -8.8318848e-01
  -1.2240720e+00
  -1.5387644e+00
  -1.9301652e+00
  -2.4519493e+00
  -3.0716817e+00
  -3.6653552e+00
  -4.0734296e+00
  -4.2301325e+00
  -4.2421091e+00
  -4.3079285e+00
  -4.5940276e+00
  -5.1765609e+00
  -6.0129149e+00
  -6.8930364e+00
  -7.4460883e+00
  -7.4156208e+00
  -6.9749602e+00
  -6.5156940e+00
  -6.3096083e+00
  -6.4543906e+00
  -6.9196606e+00
  -7.5611606e+00
  -8.1350264e+00
  -8.4207013e+00
  -8.4236760e+00
  -8.3762054e+00
  -8.5335229e+00
  -9.0435844e+00
  -9.9102315e+00
  -1.0927763e+01
  -1.1621118e+01
  -1.1576794e+01
  -1.1018777e+01
  -1.0524991e+01
  -1.0501960e+01
  -1.1175139e+01
  -1.2734620e+01
  -1.5403635e+01
  -1.8914662e+01
  -1.9498088e+01
  -1.6423821e+01
  -1.3983338e+01
  -1.2769096e+01
  -1.2651291e+01
  -1.3615872e+01
  -1.5833463e+01
  -1.9496525e+01
  -2.1774783e+01
  -1.8256481e+01
  -1.4886716e+01
  -1.2890388e+01
  -1.1949561e+01
  -1.1838239e+01
  -1.2406164e+01
  -1.3456281e+01
  -1.4553208e+01
  -1.4987444e+01
  -1.4491879e+01
  -1.3639417e+01
  -1.3016014e+01
  -1.2867444e+01
  -1.3251613e+01
  -1.4148881e+01
  -1.5474126e+01
  -1.7029698e+01
  -1.8473844e+01
  -1.9477153e+01
  -1.9984809e+01
  -2.0069511e+01
  -1.9613467e+01
  -1.8526774e+01
  -1.7107995e+01
  -1.5804153e+01
  -1.4902287e+01
  -1.4530164e+01
  -1.4732783e+01
  -1.5487518e+01
  -1.6603398e+01
  -1.7477851e+01
  -1.7277741e+01
  -1.6127115e+01
  -1.4900411e+01
  -1.4122298e+01
  -1.3961988e+01
  -1.4468810e+01
  -1.5648719e+01
  -1.7379326e+01
  -1.9042661e+01
  -1.9371677e+01
  -1.8288680e+01
  -1.7036664e+01
  -1.6227984e+01
  -1.5858150e+01
  -1.5635438e+01
  -1.5150334e+01
  -1.4208839e+01
  -1.3030941e+01
  -1.1969301e+01
  -1.1254040e+01
  -1.0990167e+01
  -1.1218404e+01
  -1.1943715e+01
  -1.3114159e+01
  -1.4523992e+01
  -1.5669564e+01
  -1.5972818e+01
  -1.5531769e+01
  -1.4959530e+01
  -1.4649528e+01
  -1.4665331e+01
  -1.4852075e+01
  -1.4933142e+01
  -1.4711892e+01
  -1.4280941e+01
  -1.3936726e+01
  -1.3961661e+01
  -1.4555627e+01
  -1.5852015e+01
  -1.7796656e+01
  -1.9376081e+01
  -1.8447958e+01
  -1.5968515e+01
  -1.3829907e+01
  -1.2444041e+01
  -1.1791157e+01
  -1.1831582e+01
  -1.2577715e+01
  -1.4124895e+01
  -1.6726848e+01
  -2.1077934e+01
  -3.0129326e+01
  -3.2821919e+01
  -2.3947822e+01
  -2.0801837e+01
  -1.9625728e+01
  -1.9657271e+01
  -2.0669878e+01
  -2.2659295e+01
  -2.5842550e+01
  -3.0995534e+01
  -4.2582318e+01
  -3.9156477e+01
  -3.1332012e+01
  -2.7478653e+01
  -2.4925176e+01
  -2.3154786e+01
  -2.2046929e+01
  -2.1582769e+01
  -2.1774747e+01
  -2.2639519e+01
  -2.4128843e+01
  -2.5869798e+01
  -2.6763149e+01
  -2.6094248e+01
  -2.4906451e+01
  -2.4158643e+01
  -2.4119911e+01
  -2.4769071e+01
  -2.5870733e+01
  -2.6819609e+01
  -2.6919223e+01
  -2.6377017e+01
  -2.5995116e+01
  -2.6260923e+01
  -2.7243794e+01
  -2.8364195e+01
  -2.8111650e+01
  -2.6329167e+01
  -2.4570510e+01
  -2.3616237e+01
  -2.3669744e+01
  -2.4834511e+01
  -2.6956281e+01
  -2.7902415e+01
  -2.5250654e+01
  -2.2170917e+01
  -2.0136013e+01
  -1.9190328e+01
  -1.9318972e+01
  -2.0678320e+01
  -2.3723175e+01
  -2.8294482e+01
  -2.5686236e+01
  -2.0651365e+01
  -1.7569718e+01
  -1.5878431e+01
  -1.5247451e+01
  -1.5584509e+01
  -1.6966458e+01
  -1.9626756e+01
  -2.3398093e+01
  -2.3661967e+01
  -1.9931743e+01
  -1.7216499e+01
  -1.5850222e+01
  -1.5628244e+01
  -1.6519403e+01
  -1.8667925e+01
  -2.2023371e+01
  -2.3130778e+01
  -1.9638384e+01
  -1.6607924e+01
  -1.4879860e+01
  -1.4255276e+01
  -1.4642365e+01
  -1.6108217e+01
  -1.8863205e+01
  -2.2589369e+01
  -2.2643248e+01
  -1.9175879e+01
  -1.6748007e+01
  -1.5657928e+01
  -1.5722372e+01
  -1.6867744e+01
  -1.8876652e+01
  -2.0160498e+01
  -1.8432069e+01
  -1.5764403e+01
  -1.3834561e+01
  -1.2813725e+01
  -1.2620803e+01
  -1.3155982e+01
  -1.4199963e+01
  -1.5103427e+01
  -1.4856651e+01
  -1.3516220e+01
  -1.2084389e+01
  -1.1135081e+01
  -1.0824683e+01
  -1.1173871e+01
  -1.2137209e+01
  -1.3485957e+01
  -1.4505970e+01
  -1.4276191e+01
  -1.3088581e+01
  -1.1914732e+01
  -1.1223777e+01
  -1.1101332e+01
  -1.1468262e+01
  -1.2089019e+01
  -1.2527311e+01
  -1.2377798e+01
  -1.1734412e+01
  -1.1052196e+01
  -1.0674812e+01
  -1.0723550e+01
  -1.1135357e+01
  -1.1634959e+01
  -1.1757718e+01
  -1.1240936e+01
  -1.0376760e+01
  -9.6425382e+00
  -9.3384851e+00
  -9.5986092e+00
  -1.0452492e+01
  -1.1745182e+01
  -1.2807675e+01
  -1.2549739e+01
  -1.1123662e+01
  -9.6449577e+00
  -8.6827858e+00
  -8.3700906e+00
  -8.7028783e+00
  -9.5814745e+00
  -1.0645202e+01
  -1.1071271e+01
  -1.0298084e+01
  -8.9547074e+00
  -7.8310551e+00
  -7.2497978e+00
  -7.2821780e+00
  -7.8855789e+00
  -8.8316371e+00
  -9.4790224e+00
  -9.0327498e+00
  -7.6896949e+00
  -6.2891699e+00
  -5.2960847e+00
  -4.8239815e+00
  -4.8255196e+00
  -5.1054449e+00
  -5.2400439e+00
  -4.7136284e+00
  -3.4740328e+00
  -1.9850379e+00
  -6.6556203e-01
   2.9345871e-01
   8.2844025e-01
   9.1674970e-01
   5.3660003e-01
  -3.5370661e-01
  -1.8367224e+00
  -4.0763385e+00
  -7.4247983e+00
  -1.2762612e+01
  -2.0606867e+01
  -1.5521193e+01
  -1.0932269e+01
  -8.5833092e+00
  -7.3431264e+00
  -6.7063322e+00
  -6.3728542e+00
  -6.1425611e+00
  -5.9120179e+00
  -5.6737662e+00
  -5.4756973e+00
  -5.3644930e+00
  -5.3500907e+00
  -5.3991680e+00
  -5.4523087e+00
  -5.4589944e+00
  -5.4126604e+00
  -5.3582009e+00
  -5.3662465e+00
  -5.4981530e+00
  -5.7822072e+00
  -6.2021890e+00
  -6.6949107e+00
  -7.1639505e+00
  -7.5219934e+00
  -7.7468478e+00
  -7.8986059e+00
  -8.0765993e+00
  -8.3607598e+00
  -8.7772166e+00
  -9.2888843e+00
  -9.8076235e+00
  -1.0238917e+01
  -1.0550909e+01
  -1.0808340e+01
  -1.1130112e+01
  -1.1613513e+01
  -1.2272467e+01
  -1.2987709e+01
  -1.3496983e+01
  -1.3553146e+01
  -1.3198316e+01
  -1.2737896e+01
  -1.2468882e+01
  -1.2560666e+01
  -1.3073295e+01
  -1.3964046e+01
  -1.5019957e+01
  -1.5777381e+01
  -1.5786744e+01
  -1.5185209e+01
  -1.4501571e+01
  -1.4102751e+01
  -1.4116611e+01
  -1.4522401e+01
  -1.5174732e+01
  -1.5790839e+01
  -1.6058038e+01
  -1.5920550e+01
  -1.5649676e+01
  -1.5569742e+01
  -1.5875667e+01
  -1.6614146e+01
  -1.7641250e+01
  -1.8498480e+01
  -1.8573685e+01
  -1.7878906e+01
  -1.7057329e+01
  -1.6619750e+01
  -1.6809755e+01
  -1.7783674e+01
  -1.9756505e+01
  -2.3141994e+01
  -2.8309819e+01
  -2.9088288e+01
  -2.4669904e+01
  -2.1993684e+01
  -2.0825175e+01
  -2.0711572e+01
  -2.1288002e+01
  -2.1942442e+01
  -2.1787485e+01
  -2.0686312e+01
  -1.9433994e+01
  -1.8636295e+01
  -1.8533921e+01
  -1.9257916e+01
  -2.0989051e+01
  -2.4039809e+01
  -2.8206666e+01
  -2.8004363e+01
  -2.4126854e+01
  -2.1513237e+01
  -2.0199574e+01
  -1.9899047e+01
  -2.0474385e+01
  -2.1885223e+01
  -2.4123369e+01
  -2.7066620e+01
  -3.0118736e+01
  -3.2312168e+01
  -3.3706487e+01
  -3.3145637e+01
  -2.8969983e+01
  -2.4585365e+01
  -2.1281710e+01
  -1.8984839e+01
  -1.7537174e+01
  -1.6847801e+01
  -1.6892570e+01
  -1.7709924e+01
  -1.9392016e+01
  -2.1944281e+01
  -2.4251196e+01
  -2.3346389e+01
  -2.0750022e+01
  -1.8793600e+01
  -1.7777067e+01
  -1.7628557e+01
  -1.8300526e+01
  -1.9769911e+01
  -2.1836237e+01
  -2.3403908e+01
  -2.2771288e+01
  -2.0888845e+01
  -1.9271822e+01
  -1.8245623e+01
  -1.7709452e+01
  -1.7465168e+01
  -1.7303004e+01
  -1.7093054e+01
  -1.6866608e+01
  -1.6790432e+01
  -1.7076874e+01
  -1.7947045e+01
  -1.9683401e+01
  -2.2805360e+01
  -2.8494292e+01
  -3.1482381e+01
  -2.4744489e+01
  -2.0876806e+01
  -1.8833027e+01
  -1.7954654e+01
  -1.8009917e+01
  -1.8968178e+01
  -2.0974689e+01
  -2.4503398e+01
  -3.1257163e+01
  -4.5168038e+01
  -3.0831083e+01
  -2.6918433e+01
  -2.5739466e+01
  -2.6290799e+01
  -2.8546760e+01
  -3.2807891e+01
  -3.4538195e+01
  -2.9819760e+01
  -2.6518625e+01
  -2.4864638e+01
  -2.4441936e+01
  -2.5113265e+01
  -2.6967660e+01
  -3.0397379e+01
  -3.6196173e+01
  -3.8597111e+01
  -3.3771720e+01
  -3.1348720e+01
  -3.0963245e+01
  -3.2383634e+01
  -3.6223838e+01
  -4.4840743e+01
  -3.9791376e+01
  -3.3884374e+01
  -3.1186360e+01
  -3.0067730e+01
  -2.9839186e+01
  -2.9856136e+01
  -2.9433102e+01
  -2.8452549e+01
  -2.7461323e+01
  -2.6983995e+01
  -2.7333896e+01
  -2.8799755e+01
  -3.1862981e+01
  -3.6657463e+01
  -3.5334881e+01
  -3.0555604e+01
  -2.7781588e+01
  -2.6549884e+01
  -2.6488997e+01
  -2.7265470e+01
  -2.7912287e+01
  -2.6788073e+01
  -2.4363710e+01
  -2.2159064e+01
  -2.0685484e+01
  -2.0010091e+01
  -2.0156530e+01
  -2.1215056e+01
  -2.3394623e+01
  -2.6904719e+01
  -2.9516679e+01
  -2.6587147e+01
  -2.3340418e+01
  -2.1498296e+01
  -2.0883045e+01
  -2.1426665e+01
  -2.3349888e+01
  -2.7577172e+01
  -4.0290998e+01
  -3.2353784e+01
  -2.5209751e+01
  -2.2108406e+01
  -2.0771433e+01
  -2.0704138e+01
  -2.1888885e+01
  -2.4750949e+01
  -3.1102868e+01
  -3.9899930e+01
  -2.7787762e+01
  -2.3362522e+01
  -2.1326791e+01
  -2.0710900e+01
  -2.1285418e+01
  -2.3133314e+01
  -2.6509071e+01
  -2.9757592e+01
  -2.6911951e+01
  -2.3276405e+01
  -2.1150379e+01
  -2.0271241e+01
  -2.0465185e+01
  -2.1740099e+01
  -2.4210985e+01
  -2.7343169e+01
  -2.7174838e+01
  -2.3977003e+01
  -2.1528647e+01
  -2.0247427e+01
  -2.0003653e+01
  -2.0781407e+01
  -2.2777476e+01
  -2.6681587e+01
  -3.5385190e+01
  -3.4908342e+01
  -2.7141373e+01
  -2.3864616e+01
  -2.2432444e+01
  -2.2195273e+01
  -2.2962872e+01
  -2.4751086e+01
  -2.7754451e+01
  -3.2353183e+01
  -3.7701083e+01
  -3.7301793e+01
  -3.5539894e+01
  -3.5734756e+01
  -3.6355626e+01
  -3.3972502e+01
  -3.0366636e+01
  -2.7751423e+01
  -2.6317749e+01
  -2.6000253e+01
  -2.6868904e+01
  -2.9298963e+01
  -3.4616445e+01
  -4.3975718e+01
  -3.3671301e+01
  -2.9020855e+01
  -2.7081570e+01
  -2.6895454e+01
  -2.8517749e+01
  -3.3261963e+01
  -7.0481480e+01
  -3.1831572e+01
  -2.5897339e+01
  -2.2861423e+01
  -2.1306460e+01
  -2.0842818e+01
  -2.1387042e+01
  -2.3029272e+01
  -2.5887071e+01
  -2.8513372e+01
  -2.6479539e+01
  -2.3121089e+01
  -2.0910542e+01
  -1.9831562e+01
  -1.9753375e+01
  -2.0683468e+01
  -2.2782769e+01
  -2.6176130e+01
  -2.8335081e+01
  -2.5200072e+01
  -2.1905731e+01
  -1.9901482e+01
  -1.8961948e+01
  -1.8902573e+01
  -1.9620110e+01
  -2.0967879e+01
  -2.2432296e+01
  -2.2850553e+01
  -2.1823382e+01
  -2.0476593e+01
  -1.9624926e+01
  -1.9522953e+01
  -2.0287553e+01
  -2.2105868e+01
  -2.5371774e+01
  -3.0285840e+01
  -3.0320502e+01
  -2.5879162e+01
  -2.3151904e+01
  -2.1893067e+01
  -2.1736907e+01
  -2.2497429e+01
  -2.3918582e+01
  -2.5131626e+01
  -2.4708546e+01
  -2.3043253e+01
  -2.1528280e+01
  -2.0705813e+01
  -2.0686487e+01
  -2.1524311e+01
  -2.3303029e+01
  -2.5975983e+01
  -2.8192816e+01
  -2.7191495e+01
  -2.4975294e+01
  -2.3641671e+01
  -2.3519379e+01
  -2.4759392e+01
  -2.7658103e+01
  -3.0350251e+01
  -2.6330326e+01
  -2.1831181e+01
  -1.8841513e+01
  -1.6958936e+01
  -1.5914207e+01
  -1.5582007e+01
  -1.5927892e+01
  -1.6995256e+01
  -1.8933231e+01
  -2.2113927e+01
  -2.7644935e+01
  -4.2376974e+01
  -3.2621643e+01
  -2.7275516e+01
  -2.5602095e+01
  -2.5904523e+01
  -2.7993302e+01
  -3.1471385e+01
  -3.0482688e+01
  -2.5917456e+01
  -2.2715865e+01
  -2.0800068e+01
  -1.9808320e+01
  -1.9486195e+01
  -1.9570574e+01
  -1.9686694e+01
  -1.9422726e+01
  -1.8678603e+01
  -1.7764034e+01
  -1.7045705e+01
  -1.6743149e+01
  -1.6957582e+01
  -1.7713622e+01
  -1.8902263e+01
  -2.0038209e+01
  -2.0161752e+01
  -1.9022282e+01
  -1.7526408e+01
  -1.6351305e+01
  -1.5694787e+01
  -1.5563809e+01
  -1.5890980e+01
  -1.6524363e+01
  -1.7173075e+01
  -1.7461043e+01
  -1.7242203e+01
  -1.6781931e+01
  -1.6467601e+01
  -1.6568028e+01
  -1.7245911e+01
  -1.8629401e+01
  -2.0823373e+01
  -2.3611936e+01
  -2.5156491e+01
  -2.3701896e+01
  -2.1670088e+01
  -2.0438409e+01
  -2.0144790e+01
  -2.0786688e+01
  -2.2447982e+01
  -2.5336526e+01
  -2.9346369e+01
  -3.0623235e+01
  -2.7687316e+01
  -2.5502856e+01
  -2.4742393e+01
  -2.5313145e+01
  -2.7378672e+01
  -3.1655431e+01
  -3.8027452e+01
  -3.3025894e+01
  -2.8471007e+01
  -2.6354298e+01
  -2.5813368e+01
  -2.6600047e+01
  -2.8702256e+01
  -3.1395418e+01
  -3.0730438e+01
  -2.7415290e+01
  -2.4906305e+01
  -2.3557284e+01
  -2.3239385e+01
  -2.3918140e+01
  -2.5703732e+01
  -2.8841263e+01
  -3.2755701e+01
  -3.2128694e+01
  -2.8796775e+01
  -2.6779202e+01
  -2.6156368e+01
  -2.6793254e+01
  -2.8710785e+01
  -3.1561704e+01
  -3.2062210e+01
  -2.9016361e+01
  -2.6376784e+01
  -2.4933934e+01
  -2.4595581e+01
  -2.5348042e+01
  -2.7392776e+01
  -3.1378279e+01
  -3.8375655e+01
  -3.5735712e+01
  -3.0580200e+01
  -2.8266587e+01
  -2.7766275e+01
  -2.8905709e+01
  -3.2320098e+01
  -4.2235082e+01
  -3.8594658e+01
  -3.0277393e+01
  -2.6582229e+01
  -2.4639435e+01
  -2.3709344e+01
  -2.3390411e+01
  -2.3284843e+01
  -2.2969099e+01
  -2.2256291e+01
  -2.1363097e+01
  -2.0643411e+01
  -2.0348383e+01
  -2.0625965e+01
  -2.1588196e+01
  -2.3347272e+01
  -2.5921402e+01
  -2.8502571e+01
  -2.8642100e+01
  -2.6949411e+01
  -2.5807204e+01
  -2.5912487e+01
  -2.7639090e+01
  -3.1954512e+01
  -3.6174491e+01
  -2.8648448e+01
  -2.3721567e+01
  -2.0812040e+01
  -1.9105554e+01
  -1.8279876e+01
  -1.8207324e+01
  -1.8866543e+01
  -2.0330806e+01
  -2.2819243e+01
  -2.6913871e+01
  -3.4757285e+01
  -4.2130459e+01
  -3.1934541e+01
  -2.8627567e+01
  -2.7455909e+01
  -2.7305344e+01
  -2.7423115e+01
  -2.7129688e+01
  -2.6336250e+01
  -2.5560025e+01
  -2.5292117e+01
  -2.5840741e+01
  -2.7514197e+01
  -3.0853162e+01
  -3.5787030e+01
  -3.3180267e+01
  -2.8216003e+01
  -2.5229885e+01
  -2.3569922e+01
  -2.2838007e+01
  -2.2820937e+01
  -2.3352353e+01
  -2.4209721e+01
  -2.5048941e+01
  -2.5536468e+01
  -2.5692152e+01
  -2.5905906e+01
  -2.6616733e+01
  -2.8215625e+01
  -3.1225971e+01
  -3.6600654e+01
  -3.9586890e+01
  -3.3950922e+01
  -3.0729622e+01
  -2.9534185e+01
  -2.9935865e+01
  -3.2037987e+01
  -3.5892394e+01
  -3.5563891e+01
  -3.0589892e+01
  -2.7201664e+01
  -2.5306380e+01
  -2.4560929e+01
  -2.4866337e+01
  -2.6341069e+01
  -2.9426159e+01
  -3.4819720e+01
  -3.4715891e+01
  -2.9157875e+01
  -2.5904029e+01
  -2.4250333e+01
  -2.3756232e+01
  -2.4310809e+01
  -2.6055062e+01
  -2.9583968e+01
  -3.7478624e+01
  -4.1248646e+01
  -3.1298602e+01
  -2.7507973e+01
  -2.5786620e+01
  -2.5334646e+01
  -2.5938558e+01
  -2.7653030e+01
  -3.0863225e+01
  -3.6988036e+01
  -5.3235593e+01
  -3.8117901e+01
  -3.3639312e+01
  -3.2008107e+01
  -3.1867915e+01
  -3.2721626e+01
  -3.4045677e+01
  -3.4929870e+01
  -3.4826324e+01
  -3.4469213e+01
  -3.4761031e+01
  -3.6188447e+01
  -3.8794248e+01
  -3.9971860e+01
  -3.6885179e+01
  -3.3801823e+01
  -3.2029400e+01
  -3.1496605e+01
  -3.2191465e+01
  -3.4298444e+01
  -3.7794600e+01
  -3.8297276e+01
  -3.4173959e+01
  -3.1042748e+01
  -2.9340528e+01
  -2.8808672e+01
  -2.9336998e+01
  -3.0836938e+01
  -3.2518085e+01
  -3.1813353e+01
  -2.8945453e+01
  -2.6329176e+01
  -2.4537194e+01
  -2.3524396e+01
  -2.3211675e+01
  -2.3566768e+01
  -2.4615778e+01
  -2.6465375e+01
  -2.9375783e+01
  -3.4011684e+01
  -4.2235265e+01
  -4.2116059e+01
  -3.6208735e+01
  -3.3615036e+01
  -3.2629264e+01
  -3.2726021e+01
  -3.3889429e+01
  -3.6682118e+01
  -4.3887665e+01
  -4.5166664e+01
  -3.4330648e+01
  -2.9128557e+01
  -2.5787666e+01
  -2.3510069e+01
  -2.2008622e+01
  -2.1163761e+01
  -2.0937092e+01
  -2.1349575e+01
  -2.2491339e+01
  -2.4574304e+01
  -2.8113261e+01
  -3.4750515e+01
  -4.2831212e+01
  -3.3123232e+01
  -2.9354433e+01
  -2.8028358e+01
  -2.8332304e+01
  -3.0290429e+01
  -3.4468949e+01
  -3.7407033e+01
  -3.1751038e+01
  -2.7598785e+01
  -2.5219701e+01
  -2.4005997e+01
  -2.3670930e+01
  -2.4050250e+01
  -2.4944140e+01
  -2.5898233e+01
  -2.6140780e+01
  -2.5387997e+01
  -2.4289777e+01
  -2.3481936e+01
  -2.3237190e+01
  -2.3667548e+01
  -2.4879834e+01
  -2.7077649e+01
  -3.0745187e+01
  -3.7379695e+01
  -4.6338819e+01
  -3.7289558e+01
  -3.3896984e+01
  -3.3113287e+01
  -3.4051290e+01
  -3.6185625e+01
  -3.6957696e+01
  -3.4215192e+01
  -3.1339418e+01
  -2.9562017e+01
  -2.8860947e+01
  -2.9184816e+01
  -3.0596671e+01
  -3.3139683e+01
  -3.5298358e+01
  -3.3096877e+01
  -2.9543255e+01
  -2.6926790e+01
  -2.5231155e+01
  -2.4261525e+01
  -2.3892168e+01
  -2.4056593e+01
  -2.4729576e+01
  -2.5912685e+01
  -2.7604107e+01
  -2.9687894e+01
  -3.1608858e+01
  -3.2275539e+01
  -3.1624307e+01
  -3.0841955e+01
  -3.0716121e+01
  -3.1650593e+01
  -3.4209669e+01
  -3.9722574e+01
  -4.0080792e+01
  -3.2682178e+01
  -2.8353748e+01
  -2.5704078e+01
  -2.4107288e+01
  -2.3311711e+01
  -2.3218201e+01
  -2.3814140e+01
  -2.5163047e+01
  -2.7436273e+01
  -3.1035247e+01
  -3.7111277e+01
  -5.2081695e+01
  -4.3601551e+01
  -4.0028582e+01
  -4.1601405e+01
  -5.3472903e+01
  -4.2507429e+01
  -3.4598901e+01
  -3.0676824e+01
  -2.8555969e+01
  -2.7691391e+01
  -2.7939610e+01
  -2.9323170e+01
  -3.1627287e+01
  -3.2414163e+01
  -2.9509479e+01
  -2.6372604e+01
  -2.4258437e+01
  -2.3129118e+01
  -2.2902054e+01
  -2.3606412e+01
  -2.5452518e+01
  -2.9095498e+01
  -3.7357188e+01
  -4.0306133e+01
  -3.0644593e+01
  -2.7064423e+01
  -2.5622547e+01
  -2.5612044e+01
  -2.6934047e+01
  -2.9628405e+01
  -3.1853003e+01
  -2.9060474e+01
  -2.5403289e+01
  -2.2972308e+01
  -2.1624956e+01
  -2.1174775e+01
  -2.1542226e+01
  -2.2717946e+01
  -2.4662361e+01
  -2.6860665e+01
  -2.7517073e+01
  -2.6050572e+01
  -2.4391393e+01
  -2.3455913e+01
  -2.3368720e+01
  -2.4107706e+01
  -2.5557757e+01
  -2.7154446e+01
  -2.7470347e+01
  -2.6122084e+01
  -2.4530609e+01
  -2.3497190e+01
  -2.3155426e+01
  -2.3432389e+01
  -2.4109482e+01
  -2.4714944e+01
  -2.4661660e+01
  -2.3922504e+01
  -2.3069171e+01
  -2.2594685e+01
  -2.2755275e+01
  -2.3733051e+01
  -2.5804522e+01
  -2.9603141e+01
  -3.6374139e+01
  -3.4925684e+01
  -2.9099244e+01
  -2.6059788e+01
  -2.4574058e+01
  -2.4134961e+01
  -2.4542277e+01
  -2.5722303e+01
  -2.7654281e+01
  -3.0300362e+01
  -3.3486170e+01
  -3.6913592e+01
  -4.1190278e+01
  -5.3327142e+01
  -4.3082135e+01
  -3.4653386e+01
  -3.0119634e+01
  -2.7263778e+01
  -2.5490215e+01
  -2.4558577e+01
  -2.4364351e+01
  -2.4875505e+01
  -2.6107369e+01
  -2.8093648e+01
  -3.0768160e+01
  -3.3507107e+01
  -3.4805564e+01
  -3.4649530e+01
  -3.4471407e+01
  -3.4310015e+01
  -3.2972019e+01
  -3.0420540e+01
  -2.7886592e+01
  -2.5971293e+01
  -2.4763297e+01
  -2.4211682e+01
  -2.4206599e+01
  -2.4516239e+01
  -2.4680676e+01
  -2.4186409e+01
  -2.3052065e+01
  -2.1787722e+01
  -2.0813982e+01
  -2.0329000e+01
  -2.0428490e+01
  -2.1203272e+01
  -2.2811889e+01
  -2.5605978e+01
  -3.0590592e+01
  -4.3415091e+01
  -3.6017443e+01
  -2.9747578e+01
  -2.7269530e+01
  -2.6541205e+01
  -2.7135796e+01
  -2.9132134e+01
  -3.3212348e+01
  -4.1688572e+01
  -3.8586361e+01
  -3.2490897e+01
  -2.9813374e+01
  -2.8896928e+01
  -2.9288616e+01
  -3.0896889e+01
  -3.3453312e+01
  -3.4538868e+01
  -3.1977102e+01
  -2.9133581e+01
  -2.7258227e+01
  -2.6291648e+01
  -2.6097422e+01
  -2.6592750e+01
  -2.7732027e+01
  -2.9463068e+01
  -3.1625562e+01
  -3.3763012e+01
  -3.5203736e+01
  -3.5941199e+01
  -3.6767106e+01
  -3.8314425e+01
  -4.0278257e+01
  -3.9738532e+01
  -3.6197994e+01
  -3.2762171e+01
  -3.0083356e+01
  -2.8031639e+01
  -2.6468275e+01
  -2.5315453e+01
  -2.4541627e+01
  -2.4143749e+01
  -2.4134372e+01
  -2.4532076e+01
  -2.5350332e+01
  -2.6575460e+01
  -2.8120098e+01
  -2.9762778e+01
  -3.1211220e+01
  -3.2469566e+01
  -3.4141688e+01
  -3.7517278e+01
  -4.6763781e+01
  -4.0364208e+01
  -3.2473204e+01
  -2.8246937e+01
  -2.5625877e+01
  -2.4032794e+01
  -2.3248609e+01
  -2.3198821e+01
  -2.3901933e+01
  -2.5477370e+01
  -2.8212846e+01
  -3.2692809e+01
  -3.7809644e+01
  -3.4567196e+01
  -3.0945703e+01
  -2.9327592e+01
  -2.9235142e+01
  -3.0586522e+01
  -3.3629236e+01
  -3.7272852e+01
  -3.4475080e+01
  -3.0277432e+01
  -2.7711396e+01
  -2.6433182e+01
  -2.6205153e+01
  -2.6998694e+01
  -2.9013374e+01
  -3.2953356e+01
  -4.1979651e+01
  -4.1898370e+01
  -3.3776363e+01
  -3.0598240e+01
  -2.9403301e+01
  -2.9581540e+01
  -3.1058779e+01
  -3.3953761e+01
  -3.6951738e+01
  -3.4796465e+01
  -3.1125217e+01
  -2.8695290e+01
  -2.7370728e+01
  -2.6928118e+01
  -2.7270615e+01
  -2.8421434e+01
  -3.0576580e+01
  -3.4353929e+01
  -4.1733062e+01
  -4.0629309e+01
  -3.3098133e+01
  -2.8890227e+01
  -2.6143240e+01
  -2.4261610e+01
  -2.3023284e+01
  -2.2342341e+01
  -2.2196814e+01
  -2.2603981e+01
  -2.3610454e+01
  -2.5271477e+01
  -2.7532046e+01
  -2.9711410e+01
  -3.0116928e+01
  -2.8860786e+01
  -2.7708762e+01
  -2.7409938e+01
  -2.8212143e+01
  -3.0491895e+01
  -3.5387847e+01
  -4.2785512e+01
  -3.4262251e+01
  -2.9304671e+01
  -2.6723316e+01
  -2.5484344e+01
  -2.5239990e+01
  -2.5881047e+01
  -2.7419098e+01
  -2.9917409e+01
  -3.3184294e+01
  -3.5529146e+01
  -3.5186655e+01
  -3.4576470e+01
  -3.5302684e+01
  -3.6780600e+01
  -3.4722340e+01
  -3.0197182e+01
  -2.6598602e+01
  -2.4121176e+01
  -2.2544988e+01
  -2.1726690e+01
  -2.1604235e+01
  -2.2184747e+01
  -2.3556111e+01
  -2.5947201e+01
  -2.9949247e+01
  -3.7678845e+01
  -4.3956451e+01
  -3.4533952e+01
  -3.1413503e+01
  -3.0668930e+01
  -3.1633735e+01
  -3.4438530e+01
  -3.8930196e+01
  -3.7449900e+01
  -3.2734352e+01
  -2.9879077e+01
  -2.8448663e+01
  -2.8080554e+01
  -2.8608226e+01
  -2.9916721e+01
  -3.1701772e+01
  -3.3019834e+01
  -3.2856113e+01
  -3.1938228e+01
  -3.1420762e+01
  -3.1778729e+01
  -3.3185541e+01
  -3.5520304e+01
  -3.6926296e+01
  -3.4895310e+01
  -3.2171576e+01
  -3.0379208e+01
  -2.9602044e+01
  -2.9780580e+01
  -3.0943370e+01
  -3.3237824e+01
  -3.6779296e+01
  -3.9705521e+01
  -3.7917675e+01
  -3.5489149e+01
  -3.4484596e+01
  -3.4950041e+01
  -3.6860130e+01
  -3.8933416e+01
  -3.6576057e+01
  -3.2464998e+01
  -2.9366472e+01
  -2.7247006e+01
  -2.5859831e+01
  -2.5035898e+01
  -2.4667375e+01
  -2.4687332e+01
  -2.5059548e+01
  -2.5769949e+01
  -2.6804105e+01
  -2.8077105e+01
  -2.9267617e+01
  -2.9723428e+01
  -2.9103447e+01
  -2.7974779e+01
  -2.7034532e+01
  -2.6646317e+01
  -2.7013044e+01
  -2.8387703e+01
  -3.1350407e+01
  -3.7948860e+01
  -4.3001154e+01
  -3.2536182e+01
  -2.8019556e+01
  -2.5586263e+01
  -2.4362010e+01
  -2.4065144e+01
  -2.4631472e+01
  -2.6150890e+01
  -2.8946358e+01
  -3.4028296e+01
  -4.7932350e+01
  -4.0100222e+01
  -3.4047220e+01
  -3.2124447e+01
  -3.2260057e+01
  -3.4070106e+01
  -3.6461090e+01
  -3.4834756e+01
  -3.1095791e+01
  -2.8476665e+01
  -2.7109229e+01
  -2.6865169e+01
  -2.7782139e+01
  -3.0137297e+01
  -3.4237991e+01
  -3.5129588e+01
  -3.0221069e+01
  -2.6678469e+01
  -2.4621538e+01
  -2.3635936e+01
  -2.3513867e+01
  -2.4139391e+01
  -2.5339750e+01
  -2.6583241e+01
  -2.6832779e+01
  -2.5831240e+01
  -2.4571753e+01
  -2.3777219e+01
  -2.3684920e+01
  -2.4372649e+01
  -2.5860010e+01
  -2.7882160e+01
  -2.9055854e+01
  -2.7908583e+01
  -2.5970158e+01
  -2.4615393e+01
  -2.4138199e+01
  -2.4612566e+01
  -2.6213682e+01
  -2.9473180e+01
  -3.6373559e+01
  -4.2683345e+01
  -3.2397068e+01
  -2.8485804e+01
  -2.6867640e+01
  -2.6741610e+01
  -2.8047717e+01
  -3.1322183e+01
  -3.8474003e+01
  -3.6858370e+01
  -2.9831910e+01
  -2.6242019e+01
  -2.4315258e+01
  -2.3459538e+01
  -2.3445478e+01
  -2.4176774e+01
  -2.5584882e+01
  -2.7461195e+01
  -2.9092210e+01
  -2.9425090e+01
  -2.8725083e+01
  -2.8126231e+01
  -2.8232454e+01
  -2.9319111e+01
  -3.1761487e+01
  -3.6679364e+01
  -5.1709688e+01
  -3.9609339e+01
  -3.3515823e+01
  -3.0727048e+01
  -2.9420967e+01
  -2.9076903e+01
  -2.9492462e+01
  -3.0606389e+01
  -3.2476954e+01
  -3.5320377e+01
  -3.9228433e+01
  -4.0214904e+01
  -3.5781193e+01
  -3.1908075e+01
  -2.9205928e+01
  -2.7385303e+01
  -2.6274696e+01
  -2.5793497e+01
  -2.5910280e+01
  -2.6614328e+01
  -2.7871395e+01
  -2.9505914e+01
  -3.0978705e+01
  -3.1560305e+01
  -3.1403632e+01
  -3.1434223e+01
  -3.2390271e+01
  -3.4821831e+01
  -3.8083985e+01
  -3.5306242e+01
  -3.0419415e+01
  -2.7087634e+01
  -2.4993336e+01
  -2.3837043e+01
  -2.3487464e+01
  -2.3929628e+01
  -2.5263599e+01
  -2.7772339e+01
  -3.2084994e+01
  -3.7180190e+01
  -3.3153277e+01
  -2.8892050e+01
  -2.6548127e+01
  -2.5451465e+01
  -2.5285602e+01
  -2.5923779e+01
  -2.7321022e+01
  -2.9398969e+01
  -3.1699606e+01
  -3.2861186e+01
  -3.2212005e+01
  -3.1101500e+01
  -3.0409161e+01
  -3.0208270e+01
  -3.0263276e+01
  -3.0235197e+01
  -2.9920524e+01
  -2.9437741e+01
  -2.9081063e+01
  -2.9097304e+01
  -2.9638542e+01
  -3.0797442e+01
  -3.2601770e+01
  -3.4809567e+01
  -3.6279666e+01
  -3.5644010e+01
