   2.3048200e+01
   2.2825054e+01
   2.2142855e+01
   2.0959677e+01
   1.9190980e+01
   1.6675494e+01
   1.3083802e+01
   7.6379729e+00
  -7.2513299e-01
   1.8462847e+00
   5.8738525e+00
   7.1874732e+00
   6.8935444e+00
   5.5530820e+00
   4.1872801e+00
   4.5422312e+00
   6.2371092e+00
   7.6698072e+00
   8.2689138e+00
   7.9088693e+00
   6.4546632e+00
   3.5935211e+00
  -9.4504763e-01
  -2.2490286e+00
   1.9274719e+00
   4.7172917e+00
   5.9279887e+00
   5.9382167e+00
   5.1166711e+00
   4.5080194e+00
   5.8022425e+00
   8.4119116e+00
   1.0832614e+01
   1.2629565e+01
   1.3812811e+01
   1.4471080e+01
   1.4708618e+01
   1.4656470e+01
   1.4492490e+01
   1.4423854e+01
   1.4594661e+01
   1.4990616e+01
   1.5476457e+01
   1.5920479e+01
   1.6269108e+01
   1.6551356e+01
   1.6845093e+01
   1.7218099e+01
   1.7668842e+01
   1.8113898e+01
   1.8426925e+01
   1.8480597e+01
   1.8159144e+01
   1.7346773e+01
   1.5910511e+01
   1.3732769e+01
   1.1166444e+01
   1.0653115e+01
   1.3280975e+01
   1.6137984e+01
   1.8279095e+01
   1.9754602e+01
   2.0704775e+01
   2.1249630e+01
   2.1497851e+01
   2.1563093e+01
   2.1568147e+01
   2.1626148e+01
   2.1803516e+01
   2.2098131e+01
   2.2461676e+01
   2.2847445e+01
   2.3244856e+01
   2.3684498e+01
   2.4216217e+01
   2.4872016e+01
   2.5638666e+01
   2.6462161e+01
   2.7276354e+01
   2.8029794e+01
   2.8697612e+01
   2.9281540e+01
   2.9804087e+01
   3.0299306e+01
   3.0800778e+01
   3.1329314e+01
   3.1885656e+01
   3.2452204e+01
   3.3002121e+01
   3.3509984e+01
   3.3959301e+01
   3.4345686e+01
   3.4676626e+01
   3.4968939e+01
   3.5244510e+01
   3.5524953e+01
   3.5826443e+01
   3.6156497e+01
   3.6513879e+01
   3.6891249e+01
   3.7278791e+01
   3.7667025e+01
   3.8048020e+01
   3.8415312e+01
   3.8763349e+01
   3.9087242e+01
   3.9383203e+01
   3.9649554e+01
   3.9887924e+01
   4.0104084e+01
   4.0307922e+01
   4.0512249e+01
   4.0730453e+01
   4.0973566e+01
   4.1247748e+01
   4.1553231e+01
   4.1885099e+01
   4.2235365e+01
   4.2595260e+01
   4.2956814e+01
   4.3313400e+01
   4.3659450e+01
   4.3989879e+01
   4.4299666e+01
   4.4583898e+01
   4.4838247e+01
   4.5059698e+01
   4.5247240e+01
   4.5402251e+01
   4.5528443e+01
   4.5631284e+01
   4.5717035e+01
   4.5791592e+01
   4.5859485e+01
   4.5923317e+01
   4.5983784e+01
   4.6040175e+01
   4.6091042e+01
   4.6134701e+01
   4.6169346e+01
   4.6192771e+01
   4.6201942e+01
   4.6192733e+01
   4.6160130e+01
   4.6099013e+01
   4.6005422e+01
   4.5878050e+01
   4.5719582e+01
   4.5537443e+01
   4.5343513e+01
   4.5152396e+01
   4.4978253e+01
   4.4830935e+01
   4.4712890e+01
   4.4618382e+01
   4.4535523e+01
   4.4450208e+01
   4.4350296e+01
   4.4228670e+01
   4.4084544e+01
   4.3923008e+01
   4.3753086e+01
   4.3584899e+01
   4.3426807e+01
   4.3283559e+01
   4.3156189e+01
   4.3043530e+01
   4.2944420e+01
   4.2859296e+01
   4.2790240e+01
   4.2739367e+01
   4.2706320e+01
   4.2686277e+01
   4.2669691e+01
   4.2644140e+01
   4.2597610e+01
   4.2522037e+01
   4.2416037e+01
   4.2286070e+01
   4.2145522e+01
   4.2011450e+01
   4.1899381e+01
   4.1817795e+01
   4.1764780e+01
   4.1728682e+01
   4.1692443e+01
   4.1639411e+01
   4.1558253e+01
   4.1445671e+01
   4.1306617e+01
   4.1152251e+01
   4.0996134e+01
   4.0849650e+01
   4.0718251e+01
   4.0600130e+01
   4.0487870e+01
   4.0372090e+01
   4.0245273e+01
   4.0104151e+01
   3.9949932e+01
   3.9786494e+01
   3.9617459e+01
   3.9443474e+01
   3.9261076e+01
   3.9063820e+01
   3.8845323e+01
   3.8603046e+01
   3.8341366e+01
   3.8072592e+01
   3.7814904e+01
   3.7586970e+01
   3.7400702e+01
   3.7255529e+01
   3.7137590e+01
   3.7024464e+01
   3.6892758e+01
   3.6724989e+01
   3.6513674e+01
   3.6262201e+01
   3.5982749e+01
   3.5691656e+01
   3.5403197e+01
   3.5123844e+01
   3.4849594e+01
   3.4567848e+01
   3.4262879e+01
   3.3922378e+01
   3.3542660e+01
   3.3131167e+01
   3.2705537e+01
   3.2288915e+01
   3.1902181e+01
   3.1555911e+01
   3.1246283e+01
   3.0957487e+01
   3.0669116e+01
   3.0364318e+01
   3.0035173e+01
   2.9684022e+01
   2.9321113e+01
   2.8959826e+01
   2.8611408e+01
   2.8281592e+01
   2.7970736e+01
   2.7677113e+01
   2.7401041e+01
   2.7147020e+01
   2.6922218e+01
   2.6731801e+01
   2.6573741e+01
   2.6436491e+01
   2.6301249e+01
   2.6147623e+01
   2.5959899e+01
   2.5731512e+01
   2.5466702e+01
   2.5179170e+01
   2.4887988e+01
   2.4611691e+01
   2.4362586e+01
   2.4143870e+01
   2.3950923e+01
   2.3775628e+01
   2.3610862e+01
   2.3452697e+01
   2.3299613e+01
   2.3149805e+01
   2.2998655e+01
   2.2838161e+01
   2.2658898e+01
   2.2453588e+01
   2.2220593e+01
   2.1965671e+01
   2.1700924e+01
   2.1440773e+01
   2.1196217e+01
   2.0970162e+01
   2.0756746e+01
   2.0545573e+01
   2.0328859e+01
   2.0107930e+01
   1.9895809e+01
   1.9713768e+01
   1.9581966e+01
   1.9507966e+01
   1.9480063e+01
   1.9470127e+01
   1.9443957e+01
   1.9372739e+01
   1.9240807e+01
   1.9048536e+01
   1.8810947e+01
   1.8552436e+01
   1.8298234e+01
   1.8064977e+01
   1.7854847e+01
   1.7656891e+01
   1.7454803e+01
   1.7236531e+01
   1.7000849e+01
   1.6758272e+01
   1.6525944e+01
   1.6318511e+01
   1.6139503e+01
   1.5978609e+01
   1.5816869e+01
   1.5636696e+01
   1.5431325e+01
   1.5209491e+01
   1.4993175e+01
   1.4808067e+01
   1.4669832e+01
   1.4573608e+01
   1.4493948e+01
   1.4395266e+01
   1.4245805e+01
   1.4028422e+01
   1.3745758e+01
   1.3419718e+01
   1.3084750e+01
   1.2774743e+01
   1.2507294e+01
   1.2274152e+01
   1.2044795e+01
   1.1780582e+01
   1.1450491e+01
   1.1041947e+01
   1.0565338e+01
   1.0052246e+01
   9.5460813e+00
   9.0849458e+00
   8.6831872e+00
   8.3240520e+00
   7.9697232e+00
   7.5811656e+00
   7.1353081e+00
   6.6331016e+00
   6.0975107e+00
   5.5615794e+00
   5.0489032e+00
   4.5554152e+00
   4.0445847e+00
   3.4590579e+00
   2.7394152e+00
   1.8401470e+00
   7.4158075e-01
  -5.3720808e-01
  -1.9213131e+00
  -3.2706452e+00
  -4.4173268e+00
  -5.2711462e+00
  -5.8963065e+00
  -6.4499781e+00
  -7.0654063e+00
  -7.7944261e+00
  -8.6025098e+00
  -9.3773442e+00
  -9.9469904e+00
  -1.0135068e+01
  -9.8629371e+00
  -9.2171538e+00
  -8.3921190e+00
  -7.5747915e+00
  -6.8775741e+00
  -6.3223476e+00
  -5.8410052e+00
  -5.2934201e+00
  -4.5376724e+00
  -3.5396797e+00
  -2.4067660e+00
  -1.3021698e+00
  -3.5404537e-01
   3.7336000e-01
   8.7494086e-01
   1.1995497e+00
   1.4492913e+00
   1.7641842e+00
   2.2661636e+00
   2.9828604e+00
   3.8320251e+00
   4.6869372e+00
   5.4452035e+00
   6.0534631e+00
   6.5034413e+00
   6.8215260e+00
   7.0580430e+00
   7.2728734e+00
   7.5149771e+00
   7.8025589e+00
   8.1173689e+00
   8.4181480e+00
   8.6628214e+00
   8.8263030e+00
   8.9092969e+00
   8.9391637e+00
   8.9629316e+00
   9.0309772e+00
   9.1747354e+00
   9.3911475e+00
   9.6461396e+00
   9.8939966e+00
   1.0097940e+01
   1.0241829e+01
   1.0332206e+01
   1.0393183e+01
   1.0456042e+01
   1.0546116e+01
   1.0672378e+01
   1.0825669e+01
   1.0986368e+01
   1.1135988e+01
   1.1265934e+01
   1.1380022e+01
   1.1490785e+01
   1.1611760e+01
   1.1749529e+01
   1.1899808e+01
   1.2049705e+01
   1.2184507e+01
   1.2295010e+01
   1.2381975e+01
   1.2456129e+01
   1.2533788e+01
   1.2629721e+01
   1.2750499e+01
   1.2891944e+01
   1.3042140e+01
   1.3187982e+01
   1.3321517e+01
   1.3443146e+01
   1.3560687e+01
   1.3685030e+01
   1.3824489e+01
   1.3980746e+01
   1.4148612e+01
   1.4319638e+01
   1.4487358e+01
   1.4651286e+01
   1.4817709e+01
   1.4996842e+01
   1.5197577e+01
   1.5422415e+01
   1.5665407e+01
   1.5914323e+01
   1.6155720e+01
   1.6380245e+01
   1.6585897e+01
   1.6778237e+01
   1.6967668e+01
   1.7164806e+01
   1.7375814e+01
   1.7599861e+01
   1.7829908e+01
   1.8056281e+01
   1.8271062e+01
   1.8471320e+01
   1.8660002e+01
   1.8844361e+01
   1.9032625e+01
   1.9230300e+01
   1.9437773e+01
   1.9650337e+01
   1.9860519e+01
   2.0061471e+01
   2.0249839e+01
   2.0427012e+01
   2.0598404e+01
   2.0771127e+01
   2.0951006e+01
   2.1140228e+01
   2.1336672e+01
   2.1535177e+01
   2.1730046e+01
   2.1917563e+01
   2.2097470e+01
   2.2272885e+01
   2.2448781e+01
   2.2629652e+01
   2.2817382e+01
   2.3010213e+01
   2.3203260e+01
   2.3390237e+01
   2.3565577e+01
   2.3726056e+01
   2.3871383e+01
   2.4003653e+01
   2.4125945e+01
   2.4240639e+01
   2.4348101e+01
   2.4446265e+01
   2.4531224e+01
   2.4598544e+01
   2.4644731e+01
   2.4668290e+01
   2.4670013e+01
   2.4652412e+01
   2.4618494e+01
   2.4570315e+01
   2.4507869e+01
   2.4428791e+01
   2.4329056e+01
   2.4204480e+01
   2.4052566e+01
   2.3874128e+01
   2.3674232e+01
   2.3462061e+01
   2.3249559e+01
   2.3048984e+01
   2.2870017e+01
   2.2717499e+01
   2.2590798e+01
   2.2485108e+01
   2.2394068e+01
   2.2312507e+01
   2.2238256e+01
   2.2172504e+01
   2.2118750e+01
   2.2080877e+01
   2.2061126e+01
   2.2058792e+01
   2.2070105e+01
   2.2089258e+01
   2.2110057e+01
   2.2127537e+01
   2.2139022e+01
   2.2144405e+01
   2.2145657e+01
   2.2145769e+01
   2.2147432e+01
   2.2151863e+01
   2.2158115e+01
   2.2163123e+01
   2.2162467e+01
   2.2151609e+01
   2.2127248e+01
   2.2088400e+01
   2.2036882e+01
   2.1977012e+01
   2.1914485e+01
   2.1854615e+01
   2.1800460e+01
   2.1751481e+01
   2.1703310e+01
   2.1648803e+01
   2.1579993e+01
   2.1490294e+01
   2.1376290e+01
   2.1238636e+01
   2.1081877e+01
   2.0913167e+01
   2.0740191e+01
   2.0568849e+01
   2.0401537e+01
   2.0236698e+01
   2.0069832e+01
   1.9895498e+01
   1.9709468e+01
   1.9510179e+01
   1.9299039e+01
   1.9079521e+01
   1.8855443e+01
   1.8629141e+01
   1.8400342e+01
   1.8166262e+01
   1.7922930e+01
   1.7667143e+01
   1.7398228e+01
   1.7118860e+01
   1.6834540e+01
   1.6551824e+01
   1.6275913e+01
   1.6008636e+01
   1.5747796e+01
   1.5488216e+01
   1.5224006e+01
   1.4950958e+01
   1.4668006e+01
   1.4377192e+01
   1.4082163e+01
   1.3785932e+01
   1.3489009e+01
   1.3188945e+01
   1.2881683e+01
   1.2564162e+01
   1.2236956e+01
   1.1905604e+01
   1.1579686e+01
   1.1269572e+01
   1.0982015e+01
   1.0716841e+01
   1.0466854e+01
   1.0221392e+01
   9.9718788e+00
   9.7167297e+00
   9.4633442e+00
   9.2259324e+00
   9.0194503e+00
   8.8520472e+00
   8.7201330e+00
   8.6092951e+00
   8.5006584e+00
   8.3790457e+00
   8.2390064e+00
   8.0865092e+00
   7.9358368e+00
   7.8027071e+00
   7.6964529e+00
   7.6153803e+00
   7.5481877e+00
   7.4806132e+00
   7.4034082e+00
   7.3175351e+00
   7.2341925e+00
   7.1693183e+00
   7.1345996e+00
   7.1295365e+00
   7.1394575e+00
   7.1408843e+00
   7.1110176e+00
   7.0366274e+00
   6.9193127e+00
   6.7759047e+00
   6.6333867e+00
   6.5186247e+00
   6.4461916e+00
   6.4108058e+00
   6.3894895e+00
   6.3520012e+00
   6.2731582e+00
   6.1416769e+00
   5.9636973e+00
   5.7609112e+00
   5.5632446e+00
   5.3971052e+00
   5.2735406e+00
   5.1830738e+00
   5.1007360e+00
   4.9978114e+00
   4.8534512e+00
   4.6616595e+00
   4.4325926e+00
   4.1884578e+00
   3.9547240e+00
   3.7491281e+00
   3.5735934e+00
   3.4139999e+00
   3.2480213e+00
   3.0562164e+00
   2.8308776e+00
   2.5796075e+00
   2.3226768e+00
   2.0844652e+00
   1.8815924e+00
   1.7135820e+00
   1.5620286e+00
   1.3989501e+00
   1.1991343e+00
   9.5052210e-01
   6.5957427e-01
   3.5054239e-01
   5.7740921e-02
  -1.8863754e-01
  -3.7774171e-01
  -5.2488271e-01
  -6.6487524e-01
  -8.3687619e-01
  -1.0699147e+00
  -1.3741539e+00
  -1.7381083e+00
  -2.1312591e+00
  -2.5128042e+00
  -2.8463645e+00
  -3.1153729e+00
  -3.3296032e+00
  -3.5179053e+00
  -3.7127853e+00
  -3.9368116e+00
  -4.1964135e+00
  -4.4832422e+00
  -4.7810501e+00
  -5.0751802e+00
  -5.3605936e+00
  -5.6443317e+00
  -5.9411104e+00
  -6.2646584e+00
  -6.6190524e+00
  -6.9933245e+00
  -7.3612972e+00
  -7.6879182e+00
  -7.9415670e+00
  -8.1075065e+00
  -8.1943031e+00
  -8.2285898e+00
  -8.2420083e+00
  -8.2582575e+00
  -8.2852532e+00
  -8.3133861e+00
  -8.3197026e+00
  -8.2778425e+00
  -8.1714401e+00
  -8.0046563e+00
  -7.8028777e+00
  -7.6027786e+00
  -7.4378918e+00
  -7.3263967e+00
  -7.2640640e+00
  -7.2232818e+00
  -7.1601377e+00
  -7.0313444e+00
  -6.8162347e+00
  -6.5300525e+00
  -6.2178363e+00
  -5.9345274e+00
  -5.7259244e+00
  -5.6184528e+00
  -5.6166923e+00
  -5.7053129e+00
  -5.8541572e+00
  -6.0270681e+00
  -6.1940131e+00
  -6.3422099e+00
  -6.4795869e+00
  -6.6277056e+00
  -6.8084119e+00
  -7.0315055e+00
  -7.2884978e+00
  -7.5547591e+00
  -7.8005993e+00
  -8.0080772e+00
  -8.1844543e+00
  -8.3626451e+00
  -8.5882124e+00
  -8.9015488e+00
  -9.3229673e+00
  -9.8424094e+00
  -1.0413874e+01
  -1.0960010e+01
  -1.1397567e+01
  -1.1682327e+01
  -1.1841074e+01
  -1.1957696e+01
  -1.2129472e+01
  -1.2433127e+01
  -1.2913512e+01
  -1.3584470e+01
  -1.4430984e+01
  -1.5408753e+01
  -1.6443624e+01
  -1.7438502e+01
  -1.8295525e+01
  -1.8948077e+01
  -1.9378406e+01
  -1.9604197e+01
  -1.9648735e+01
  -1.9518520e+01
  -1.9197055e+01
  -1.8656185e+01
  -1.7884628e+01
  -1.6917281e+01
  -1.5836942e+01
  -1.4745157e+01
  -1.3729221e+01
  -1.2845148e+01
  -1.2114487e+01
  -1.1525880e+01
  -1.1037243e+01
  -1.0581564e+01
  -1.0083715e+01
  -9.4901516e+00
  -8.7957697e+00
  -8.0444370e+00
  -7.3025211e+00
  -6.6286807e+00
  -6.0568033e+00
  -5.5915435e+00
  -5.2103192e+00
  -4.8694782e+00
  -4.5164572e+00
  -4.1084402e+00
  -3.6304784e+00
  -3.1009485e+00
  -2.5601641e+00
  -2.0514451e+00
  -1.6064142e+00
  -1.2386157e+00
  -9.4348697e-01
  -7.0204945e-01
  -4.8713823e-01
  -2.7147951e-01
  -3.5738152e-02
   2.2666567e-01
   5.1029411e-01
   8.0310495e-01
   1.0930245e+00
   1.3723279e+00
   1.6385472e+00
   1.8926034e+00
   2.1358666e+00
   2.3679397e+00
   2.5863040e+00
   2.7878541e+00
   2.9713321e+00
   3.1392591e+00
   3.2982141e+00
   3.4570273e+00
   3.6234277e+00
   3.8006314e+00
   3.9856826e+00
   4.1705908e+00
   4.3457950e+00
   4.5043281e+00
   4.6449044e+00
   4.7727456e+00
   4.8977542e+00
   5.0305069e+00
   5.1775260e+00
   5.3379687e+00
   5.5034509e+00
   5.6611138e+00
   5.7983862e+00
   5.9073966e+00
   5.9875896e+00
   6.0459393e+00
   6.0947484e+00
   6.1475454e+00
   6.2143303e+00
   6.2980531e+00
   6.3939561e+00
   6.4920196e+00
   6.5811508e+00
   6.6531454e+00
   6.7049800e+00
   6.7389345e+00
   6.7608075e+00
   6.7770040e+00
   6.7916249e+00
   6.8047321e+00
   6.8124856e+00
   6.8089956e+00
   6.7889873e+00
   6.7501793e+00
   6.6945641e+00
   6.6282702e+00
   6.5601395e+00
   6.4995436e+00
   6.4542358e+00
   6.4290368e+00
   6.4257603e+00
   6.4441545e+00
   6.4831679e+00
   6.5418338e+00
   6.6194652e+00
   6.7153334e+00
   6.8282694e+00
   6.9565446e+00
   7.0980691e+00
   7.2506445e+00
   7.4119367e+00
   7.5790346e+00
   7.7478020e+00
   7.9124578e+00
   8.0657936e+00
   8.2001471e+00
   8.3088867e+00
   8.3879241e+00
   8.4367314e+00
   8.4584586e+00
   8.4589639e+00
   8.4448917e+00
   8.4213363e+00
   8.3899754e+00
   8.3485492e+00
   8.2920731e+00
   8.2154195e+00
   8.1163297e+00
   7.9977498e+00
   7.8685316e+00
   7.7418768e+00
   7.6315434e+00
   7.5469123e+00
   7.4890696e+00
   7.4500490e+00
   7.4157938e+00
   7.3713667e+00
   7.3060517e+00
   7.2165393e+00
   7.1074075e+00
   6.9888735e+00
   6.8724329e+00
   6.7658192e+00
   6.6693979e+00
   6.5757930e+00
   6.4729738e+00
   6.3492854e+00
   6.1982524e+00
   6.0214684e+00
   5.8286814e+00
   5.6348397e+00
   5.4547014e+00
   5.2968805e+00
   5.1601665e+00
   5.0342379e+00
   4.9044891e+00
   4.7584943e+00
   4.5912776e+00
   4.4075607e+00
   4.2202764e+00
   4.0455677e+00
   3.8958041e+00
   3.7736468e+00
   3.6703816e+00
   3.5695082e+00
   3.4535010e+00
   3.3103707e+00
   3.1375892e+00
   2.9424731e+00
   2.7391302e+00
   2.5428751e+00
   2.3641186e+00
   2.2045487e+00
   2.0576475e+00
   1.9131388e+00
   1.7627124e+00
   1.6039834e+00
   1.4408616e+00
   1.2802247e+00
   1.1264746e+00
   9.7682370e-01
   8.2009735e-01
   6.3997314e-01
   4.2116898e-01
   1.5596505e-01
  -1.5119873e-01
  -4.8270130e-01
  -8.1170225e-01
  -1.1115082e+00
  -1.3676030e+00
  -1.5858665e+00
  -1.7912281e+00
  -2.0174390e+00
  -2.2941711e+00
  -2.6370581e+00
  -3.0426404e+00
  -3.4883954e+00
  -3.9386314e+00
  -4.3569018e+00
  -4.7217163e+00
  -5.0368624e+00
  -5.3286677e+00
  -5.6320573e+00
  -5.9747373e+00
  -6.3670924e+00
  -6.8000755e+00
  -7.2507759e+00
  -7.6944130e+00
  -8.1186656e+00
  -8.5326336e+00
  -8.9642012e+00
  -9.4471444e+00
  -1.0004978e+01
  -1.0637400e+01
  -1.1312410e+01
  -1.1968900e+01
  -1.2537616e+01
  -1.2979560e+01
  -1.3316586e+01
  -1.3624887e+01
  -1.3999205e+01
  -1.4520398e+01
  -1.5241339e+01
  -1.6184431e+01
  -1.7340840e+01
  -1.8668261e+01
  -2.0093410e+01
  -2.1533393e+01
  -2.2939979e+01
  -2.4329061e+01
  -2.5730742e+01
  -2.7032298e+01
  -2.7805867e+01
  -2.7572447e+01
  -2.6509472e+01
  -2.5203086e+01
  -2.3986514e+01
  -2.2899443e+01
  -2.1852580e+01
  -2.0754059e+01
  -1.9585107e+01
  -1.8404567e+01
  -1.7299207e+01
  -1.6336867e+01
  -1.5548858e+01
  -1.4931204e+01
  -1.4451347e+01
  -1.4056831e+01
  -1.3688637e+01
  -1.3300101e+01
  -1.2874282e+01
  -1.2427912e+01
  -1.1998584e+01
  -1.1624965e+01
  -1.1331353e+01
  -1.1120203e+01
  -1.0970984e+01
  -1.0844188e+01
  -1.0691390e+01
  -1.0471174e+01
  -1.0165204e+01
  -9.7846783e+00
  -9.3629648e+00
  -8.9409574e+00
  -8.5548241e+00
  -8.2302597e+00
  -7.9817090e+00
  -7.8135213e+00
  -7.7210300e+00
  -7.6910028e+00
  -7.7020841e+00
  -7.7266668e+00
  -7.7357174e+00
  -7.7066665e+00
  -7.6315597e+00
  -7.5206262e+00
  -7.3983649e+00
  -7.2940931e+00
  -7.2317460e+00
  -7.2225478e+00
  -7.2617669e+00
  -7.3298496e+00
  -7.3985182e+00
  -7.4416872e+00
  -7.4478434e+00
  -7.4272527e+00
  -7.4091192e+00
  -7.4305397e+00
  -7.5235333e+00
  -7.7046693e+00
  -7.9679703e+00
  -8.2808008e+00
  -8.5853685e+00
  -8.8122122e+00
  -8.9083879e+00
  -8.8664320e+00
  -8.7290839e+00
  -8.5645348e+00
  -8.4341260e+00
  -8.3718653e+00
  -8.3773151e+00
  -8.4169145e+00
  -8.4334713e+00
  -8.3673462e+00
  -8.1857033e+00
  -7.9017317e+00
  -7.5673151e+00
  -7.2464342e+00
  -6.9903869e+00
  -6.8253903e+00
  -6.7500958e+00
  -6.7384545e+00
  -6.7472774e+00
  -6.7302145e+00
  -6.6564164e+00
  -6.5246482e+00
  -6.3624799e+00
  -6.2109565e+00
  -6.1055611e+00
  -6.0628106e+00
  -6.0748227e+00
  -6.1113105e+00
  -6.1295999e+00
  -6.0924558e+00
  -5.9870913e+00
  -5.8330543e+00
  -5.6729128e+00
  -5.5533145e+00
  -5.5083137e+00
  -5.5500431e+00
  -5.6655826e+00
  -5.8187359e+00
  -5.9583392e+00
  -6.0350760e+00
  -6.0223202e+00
  -5.9279724e+00
  -5.7874741e+00
  -5.6437447e+00
  -5.5282634e+00
  -5.4514914e+00
  -5.4027100e+00
  -5.3570183e+00
  -5.2874038e+00
  -5.1780594e+00
  -5.0325682e+00
  -4.8721857e+00
  -4.7258659e+00
  -4.6183951e+00
  -4.5618737e+00
  -4.5521657e+00
  -4.5700755e+00
  -4.5870459e+00
  -4.5747937e+00
  -4.5160047e+00
  -4.4107772e+00
  -4.2748563e+00
  -4.1310648e+00
  -3.9994184e+00
  -3.8906931e+00
  -3.8050266e+00
  -3.7347929e+00
  -3.6699591e+00
  -3.6035592e+00
  -3.5347934e+00
  -3.4682940e+00
  -3.4101396e+00
  -3.3629176e+00
  -3.3224807e+00
  -3.2782249e+00
  -3.2172663e+00
  -3.1309925e+00
  -3.0206558e+00
  -2.8985863e+00
  -2.7840749e+00
  -2.6961371e+00
  -2.6465364e+00
  -2.6354553e+00
  -2.6508878e+00
  -2.6721737e+00
  -2.6773700e+00
  -2.6523158e+00
  -2.5971343e+00
  -2.5262995e+00
  -2.4622105e+00
  -2.4260718e+00
  -2.4303401e+00
  -2.4749286e+00
  -2.5475702e+00
  -2.6281012e+00
  -2.6958279e+00
  -2.7376299e+00
  -2.7530330e+00
  -2.7533900e+00
  -2.7557680e+00
  -2.7751332e+00
  -2.8185263e+00
  -2.8831113e+00
  -2.9582609e+00
  -3.0307354e+00
  -3.0909459e+00
  -3.1374564e+00
  -3.1773861e+00
  -3.2225631e+00
  -3.2836109e+00
  -3.3648606e+00
  -3.4621337e+00
  -3.5641649e+00
  -3.6572335e+00
  -3.7312259e+00
  -3.7842113e+00
  -3.8229283e+00
  -3.8588315e+00
  -3.9019502e+00
  -3.9557569e+00
  -4.0154079e+00
  -4.0702241e+00
  -4.1096106e+00
  -4.1297929e+00
  -4.1376811e+00
  -4.1493632e+00
  -4.1838258e+00
  -4.2548945e+00
  -4.3644783e+00
  -4.4991604e+00
  -4.6316885e+00
  -4.7286519e+00
  -4.7634161e+00
  -4.7286777e+00
  -4.6405436e+00
  -4.5311370e+00
  -4.4351728e+00
  -4.3784025e+00
  -4.3717831e+00
  -4.4110692e+00
  -4.4803348e+00
  -4.5582092e+00
  -4.6253443e+00
  -4.6706273e+00
  -4.6934462e+00
  -4.7011721e+00
  -4.7038348e+00
  -4.7092682e+00
  -4.7210440e+00
  -4.7395480e+00
  -4.7649395e+00
  -4.7999929e+00
  -4.8510882e+00
  -4.9267494e+00
  -5.0344694e+00
  -5.1773233e+00
  -5.3518533e+00
  -5.5482368e+00
  -5.7530867e+00
  -5.9542675e+00
  -6.1458872e+00
  -6.3309801e+00
  -6.5203067e+00
  -6.7278634e+00
  -6.9654110e+00
  -7.2384526e+00
  -7.5451360e+00
  -7.8784736e+00
  -8.2312535e+00
  -8.6018525e+00
  -8.9982685e+00
  -9.4381162e+00
  -9.9441987e+00
  -1.0537071e+01
  -1.1226270e+01
  -1.2001153e+01
  -1.2822833e+01
  -1.3622755e+01
  -1.4319030e+01
  -1.4855710e+01
  -1.5241789e+01
  -1.5550753e+01
  -1.5879729e+01
  -1.6305714e+01
  -1.6860322e+01
  -1.7516877e+01
  -1.8184322e+01
  -1.8725240e+01
  -1.9025698e+01
  -1.9084209e+01
  -1.9018600e+01
  -1.8982785e+01
  -1.9093905e+01
  -1.9412204e+01
  -1.9946137e+01
  -2.0657324e+01
  -2.1462082e+01
  -2.2243324e+01
  -2.2890760e+01
  -2.3356893e+01
  -2.3673442e+01
  -2.3905529e+01
  -2.4096388e+01
  -2.4252213e+01
  -2.4364582e+01
  -2.4437647e+01
  -2.4487104e+01
  -2.4504626e+01
  -2.4416430e+01
  -2.4089489e+01
  -2.3427162e+01
  -2.2478330e+01
  -2.1410537e+01
  -2.0388301e+01
  -1.9501102e+01
  -1.8758921e+01
  -1.8111733e+01
  -1.7477436e+01
  -1.6782199e+01
  -1.6002450e+01
  -1.5177532e+01
  -1.4382566e+01
  -1.3689627e+01
  -1.3144173e+01
  -1.2758153e+01
  -1.2510507e+01
  -1.2350729e+01
  -1.2208972e+01
  -1.2018327e+01
  -1.1744748e+01
  -1.1404092e+01
  -1.1050247e+01
  -1.0745045e+01
  -1.0532258e+01
  -1.0424706e+01
  -1.0401312e+01
  -1.0411598e+01
  -1.0390664e+01
  -1.0286373e+01
  -1.0086975e+01
  -9.8273508e+00
  -9.5681341e+00
  -9.3662104e+00
  -9.2548539e+00
  -9.2363033e+00
  -9.2825002e+00
  -9.3428395e+00
  -9.3613863e+00
  -9.3016291e+00
  -9.1654694e+00
  -8.9913036e+00
  -8.8330197e+00
  -8.7363281e+00
  -8.7240655e+00
  -8.7909625e+00
  -8.9050774e+00
  -9.0161988e+00
  -9.0732740e+00
  -9.0471860e+00
  -8.9454555e+00
  -8.8069876e+00
  -8.6813967e+00
  -8.6080050e+00
  -8.6036638e+00
  -8.6593226e+00
  -8.7431398e+00
  -8.8102236e+00
  -8.8191490e+00
  -8.7499358e+00
  -8.6125790e+00
  -8.4398442e+00
  -8.2705052e+00
  -8.1345281e+00
  -8.0462583e+00
  -8.0050860e+00
  -8.0008079e+00
  -8.0209962e+00
  -8.0576314e+00
  -8.1102220e+00
  -8.1838776e+00
  -8.2832572e+00
  -8.4053331e+00
  -8.5345334e+00
  -8.6435300e+00
  -8.7016398e+00
  -8.6888931e+00
  -8.6080315e+00
  -8.4855657e+00
  -8.3608337e+00
  -8.2707408e+00
  -8.2381475e+00
  -8.2665907e+00
  -8.3406529e+00
  -8.4313958e+00
  -8.5067346e+00
  -8.5445472e+00
  -8.5425660e+00
  -8.5188744e+00
  -8.5027834e+00
  -8.5221355e+00
  -8.5933317e+00
  -8.7165833e+00
  -8.8762215e+00
  -9.0456015e+00
  -9.1960408e+00
  -9.3074359e+00
  -9.3756857e+00
  -9.4125259e+00
  -9.4380856e+00
  -9.4710574e+00
  -9.5215924e+00
  -9.5891963e+00
  -9.6653491e+00
  -9.7392046e+00
  -9.8038069e+00
  -9.8598400e+00
  -9.9149255e+00
  -9.9788586e+00
  -1.0057281e+01
  -1.0146819e+01
  -1.0234067e+01
  -1.0299706e+01
  -1.0327173e+01
  -1.0312294e+01
  -1.0268237e+01
  -1.0222259e+01
  -1.0206053e+01
  -1.0244663e+01
  -1.0347614e+01
  -1.0503411e+01
  -1.0678259e+01
  -1.0821702e+01
  -1.0882202e+01
  -1.0829393e+01
  -1.0669387e+01
  -1.0440464e+01
  -1.0193152e+01
  -9.9703173e+00
  -9.7970761e+00
  -9.6801990e+00
  -9.6129100e+00
  -9.5818190e+00
  -9.5737196e+00
  -9.5801807e+00
  -9.5983619e+00
  -9.6280862e+00
  -9.6671734e+00
  -9.7080365e+00
  -9.7380561e+00
  -9.7444731e+00
  -9.7218044e+00
  -9.6773995e+00
  -9.6311145e+00
  -9.6087230e+00
  -9.6323193e+00
  -9.7115155e+00
  -9.8377280e+00
  -9.9831623e+00
  -1.0106834e+01
  -1.0169198e+01
  -1.0151093e+01
  -1.0065185e+01
  -9.9504947e+00
  -9.8539559e+00
  -9.8111313e+00
  -9.8335626e+00
  -9.9034643e+00
  -9.9759808e+00
  -9.9924854e+00
  -9.9064113e+00
  -9.7102793e+00
  -9.4429169e+00
  -9.1705752e+00
  -8.9590439e+00
  -8.8543326e+00
  -8.8743137e+00
  -9.0055393e+00
  -9.2018367e+00
  -9.3883994e+00
  -9.4808162e+00
  -9.4215905e+00
  -9.2124629e+00
  -8.9116083e+00
  -8.5986569e+00
  -8.3400286e+00
  -8.1733051e+00
  -8.1066042e+00
  -8.1241812e+00
  -8.1944739e+00
  -8.2805052e+00
  -8.3519415e+00
  -8.3947842e+00
  -8.4133542e+00
  -8.4233180e+00
  -8.4405319e+00
  -8.4722850e+00
  -8.5147911e+00
  -8.5572534e+00
  -8.5901425e+00
  -8.6132547e+00
  -8.6387601e+00
  -8.6872607e+00
  -8.7790765e+00
  -8.9249283e+00
  -9.1192957e+00
  -9.3385560e+00
  -9.5459995e+00
  -9.7049217e+00
  -9.7960284e+00
  -9.8287972e+00
  -9.8379021e+00
  -9.8672472e+00
  -9.9522195e+00
  -1.0107628e+01
  -1.0322457e+01
  -1.0561066e+01
  -1.0772788e+01
  -1.0911535e+01
  -1.0958923e+01
  -1.0935302e+01
  -1.0889329e+01
  -1.0874961e+01
  -1.0931333e+01
  -1.1071921e+01
  -1.1281161e+01
  -1.1516950e+01
  -1.1721587e+01
  -1.1843676e+01
  -1.1863660e+01
  -1.1804852e+01
  -1.1720063e+01
  -1.1665474e+01
  -1.1679498e+01
  -1.1772891e+01
  -1.1927556e+01
  -1.2102208e+01
  -1.2246346e+01
  -1.2321823e+01
  -1.2322136e+01
  -1.2275125e+01
  -1.2226575e+01
  -1.2217424e+01
  -1.2267387e+01
  -1.2368669e+01
  -1.2489059e+01
  -1.2584604e+01
  -1.2620496e+01
  -1.2590965e+01
  -1.2524244e+01
  -1.2468749e+01
  -1.2471422e+01
  -1.2560472e+01
  -1.2735977e+01
  -1.2966864e+01
  -1.3195509e+01
  -1.3355206e+01
  -1.3400759e+01
  -1.3335448e+01
  -1.3211173e+01
  -1.3102144e+01
  -1.3075363e+01
  -1.3173520e+01
  -1.3408099e+01
  -1.3754807e+01
  -1.4148449e+01
  -1.4485262e+01
  -1.4651022e+01
  -1.4579392e+01
  -1.4296312e+01
  -1.3899399e+01
  -1.3497064e+01
  -1.3165968e+01
  -1.2941021e+01
  -1.2821217e+01
  -1.2778761e+01
  -1.2769491e+01
  -1.2746718e+01
  -1.2677472e+01
  -1.2553917e+01
  -1.2391981e+01
  -1.2218001e+01
  -1.2052715e+01
  -1.1901408e+01
  -1.1753429e+01
  -1.1590165e+01
  -1.1397749e+01
  -1.1177954e+01
  -1.0950694e+01
  -1.0746850e+01
  -1.0596427e+01
  -1.0518041e+01
  -1.0512580e+01
  -1.0561435e+01
  -1.0629922e+01
  -1.0677202e+01
  -1.0671719e+01
  -1.0605307e+01
  -1.0496349e+01
  -1.0379392e+01
  -1.0288664e+01
  -1.0244725e+01
  -1.0248055e+01
  -1.0279319e+01
  -1.0305703e+01
  -1.0292782e+01
  -1.0218669e+01
  -1.0083302e+01
  -9.9069806e+00
  -9.7197421e+00
  -9.5490495e+00
  -9.4118883e+00
  -9.3126531e+00
  -9.2453531e+00
  -9.1982087e+00
  -9.1589389e+00
  -9.1191143e+00
  -9.0762309e+00
  -9.0330984e+00
  -8.9953937e+00
  -8.9689413e+00
  -8.9580082e+00
  -8.9650293e+00
  -8.9913253e+00
  -9.0379175e+00
  -9.1055895e+00
  -9.1938193e+00
  -9.2989014e+00
  -9.4122193e+00
  -9.5199978e+00
  -9.6056881e+00
  -9.6550678e+00
  -9.6622181e+00
  -9.6330194e+00
  -9.5835682e+00
  -9.5339308e+00
  -9.5002714e+00
  -9.4886604e+00
  -9.4926321e+00
  -9.4954634e+00
  -9.4771738e+00
  -9.4242813e+00
  -9.3377541e+00
  -9.2343262e+00
  -9.1402166e+00
  -9.0809983e+00
  -9.0724553e+00
  -9.1151502e+00
  -9.1935441e+00
  -9.2802235e+00
  -9.3454818e+00
  -9.3699442e+00
  -9.3540583e+00
  -9.3181585e+00
  -9.2928969e+00
  -9.3061130e+00
  -9.3724511e+00
  -9.4884186e+00
  -9.6332973e+00
  -9.7761871e+00
  -9.8885756e+00
  -9.9580420e+00
  -9.9951759e+00
  -1.0028676e+01
  -1.0091852e+01
  -1.0208299e+01
  -1.0382042e+01
  -1.0593746e+01
  -1.0804250e+01
  -1.0967543e+01
  -1.1051698e+01
  -1.1057138e+01
  -1.1018432e+01
  -1.0988115e+01
  -1.1015072e+01
  -1.1128766e+01
  -1.1331107e+01
  -1.1593498e+01
  -1.1859676e+01
  -1.2059863e+01
  -1.2139157e+01
  -1.2087231e+01
  -1.1944699e+01
  -1.1780065e+01
  -1.1658532e+01
  -1.1622504e+01
  -1.1685503e+01
  -1.1833070e+01
  -1.2027162e+01
  -1.2215401e+01
  -1.2347467e+01
  -1.2394874e+01
  -1.2362385e+01
  -1.2281995e+01
  -1.2194531e+01
  -1.2132072e+01
  -1.2109114e+01
  -1.2122428e+01
  -1.2156695e+01
  -1.2193137e+01
  -1.2218123e+01
  -1.2228293e+01
  -1.2229966e+01
  -1.2233836e+01
  -1.2248581e+01
  -1.2276976e+01
  -1.2316174e+01
  -1.2361654e+01
  -1.2412593e+01
  -1.2475638e+01
  -1.2564792e+01
  -1.2697253e+01
  -1.2886991e+01
  -1.3138284e+01
  -1.3440894e+01
  -1.3768473e+01
  -1.4082406e+01
  -1.4342922e+01
  -1.4525137e+01
  -1.4631145e+01
  -1.4688877e+01
  -1.4738181e+01
  -1.4813567e+01
  -1.4931816e+01
  -1.5086546e+01
  -1.5249223e+01
  -1.5377250e+01
  -1.5429726e+01
  -1.5386198e+01
  -1.5257259e+01
  -1.5079048e+01
  -1.4896400e+01
  -1.4746359e+01
  -1.4648922e+01
  -1.4604857e+01
  -1.4598290e+01
  -1.4602786e+01
  -1.4590290e+01
  -1.4540870e+01
  -1.4449086e+01
  -1.4323516e+01
  -1.4180108e+01
  -1.4033960e+01
  -1.3894183e+01
  -1.3763718e+01
  -1.3643177e+01
  -1.3535992e+01
  -1.3451762e+01
  -1.3405702e+01
  -1.3414167e+01
  -1.3487834e+01
  -1.3624511e+01
  -1.3803441e+01
  -1.3983844e+01
  -1.4112159e+01
  -1.4140781e+01
  -1.4051581e+01
  -1.3867153e+01
  -1.3639603e+01
  -1.3426856e+01
  -1.3273339e+01
  -1.3201704e+01
  -1.3212839e+01
  -1.3290329e+01
  -1.3407861e+01
  -1.3539024e+01
  -1.3667348e+01
  -1.3792053e+01
  -1.3925715e+01
  -1.4084324e+01
  -1.4274153e+01
  -1.4480501e+01
  -1.4663214e+01
  -1.4764977e+01
  -1.4735976e+01
  -1.4564544e+01
  -1.4289266e+01
  -1.3980945e+01
  -1.3711674e+01
  -1.3532703e+01
  -1.3465550e+01
  -1.3500246e+01
  -1.3596536e+01
  -1.3690573e+01
  -1.3713555e+01
  -1.3621995e+01
  -1.3421871e+01
  -1.3165093e+01
  -1.2921646e+01
  -1.2750820e+01
  -1.2685536e+01
  -1.2727553e+01
  -1.2847658e+01
  -1.2990209e+01
  -1.3086850e+01
  -1.3082216e+01
  -1.2960796e+01
  -1.2753781e+01
  -1.2519541e+01
  -1.2315466e+01
  -1.2179597e+01
  -1.2125245e+01
  -1.2143457e+01
  -1.2209255e+01
  -1.2290427e+01
  -1.2358008e+01
  -1.2395561e+01
  -1.2403099e+01
  -1.2393798e+01
  -1.2386193e+01
  -1.2396656e+01
  -1.2435269e+01
  -1.2505279e+01
  -1.2604609e+01
  -1.2727586e+01
  -1.2865623e+01
  -1.3006650e+01
  -1.3134366e+01
  -1.3229266e+01
  -1.3273085e+01
  -1.3256158e+01
  -1.3184016e+01
  -1.3078552e+01
  -1.2972222e+01
  -1.2898268e+01
  -1.2881269e+01
  -1.2930300e+01
  -1.3034990e+01
  -1.3164977e+01
  -1.3275079e+01
  -1.3318927e+01
  -1.3268784e+01
  -1.3130388e+01
  -1.2941104e+01
  -1.2752780e+01
  -1.2611972e+01
  -1.2546962e+01
  -1.2562321e+01
  -1.2638400e+01
  -1.2735243e+01
  -1.2803212e+01
  -1.2801055e+01
  -1.2714498e+01
  -1.2562522e+01
  -1.2385925e+01
  -1.2227194e+01
  -1.2114297e+01
  -1.2053571e+01
  -1.2030833e+01
  -1.2019023e+01
  -1.1990940e+01
  -1.1933032e+01
  -1.1853130e+01
  -1.1777100e+01
  -1.1736709e+01
  -1.1755743e+01
  -1.1839660e+01
  -1.1970614e+01
  -1.2109205e+01
  -1.2205672e+01
  -1.2220680e+01
  -1.2146423e+01
  -1.2012464e+01
  -1.1871406e+01
  -1.1776445e+01
  -1.1764573e+01
  -1.1849020e+01
  -1.2017926e+01
  -1.2237077e+01
  -1.2457976e+01
  -1.2633213e+01
  -1.2735684e+01
  -1.2770403e+01
  -1.2769408e+01
  -1.2773504e+01
  -1.2813277e+01
  -1.2897670e+01
  -1.3011358e+01
  -1.3120229e+01
  -1.3184895e+01
  -1.3179186e+01
  -1.3104277e+01
  -1.2988591e+01
  -1.2873952e+01
  -1.2798250e+01
  -1.2783506e+01
  -1.2831306e+01
  -1.2924140e+01
  -1.3031693e+01
  -1.3121637e+01
  -1.3172209e+01
  -1.3180369e+01
  -1.3160062e+01
  -1.3131626e+01
  -1.3109204e+01
  -1.3093031e+01
  -1.3069835e+01
  -1.3021248e+01
  -1.2936589e+01
  -1.2822916e+01
  -1.2705669e+01
  -1.2619512e+01
  -1.2595162e+01
  -1.2648075e+01
  -1.2771385e+01
  -1.2933944e+01
  -1.3086021e+01
  -1.3175937e+01
  -1.3174474e+01
  -1.3092163e+01
  -1.2974868e+01
  -1.2881667e+01
  -1.2862015e+01
  -1.2942488e+01
  -1.3122251e+01
  -1.3373664e+01
  -1.3647996e+01
  -1.3889288e+01
  -1.4056148e+01
  -1.4141008e+01
  -1.4172048e+01
  -1.4195937e+01
  -1.4255244e+01
  -1.4373490e+01
  -1.4550673e+01
  -1.4766867e+01
  -1.4991751e+01
  -1.5197870e+01
  -1.5372510e+01
  -1.5521147e+01
  -1.5659599e+01
  -1.5799562e+01
  -1.5935839e+01
  -1.6042251e+01
  -1.6080680e+01
  -1.6022466e+01
  -1.5870827e+01
  -1.5667091e+01
  -1.5475892e+01
  -1.5362340e+01
  -1.5374794e+01
  -1.5535064e+01
  -1.5830444e+01
  -1.6203528e+01
  -1.6545997e+01
  -1.6719970e+01
  -1.6627753e+01
  -1.6285436e+01
  -1.5812758e+01
  -1.5353115e+01
  -1.5013437e+01
  -1.4850989e+01
  -1.4880509e+01
  -1.5080123e+01
  -1.5391130e+01
  -1.5718630e+01
  -1.5949348e+01
  -1.5998262e+01
  -1.5858552e+01
  -1.5603012e+01
  -1.5334943e+01
  -1.5139919e+01
  -1.5066974e+01
  -1.5129922e+01
  -1.5314099e+01
  -1.5583071e+01
  -1.5886708e+01
  -1.6173573e+01
  -1.6406824e+01
  -1.6576304e+01
  -1.6698379e+01
  -1.6803607e+01
  -1.6921166e+01
  -1.7068306e+01
  -1.7247051e+01
  -1.7446470e+01
  -1.7648366e+01
  -1.7834563e+01
  -1.7993785e+01
  -1.8125873e+01
  -1.8242039e+01
  -1.8361708e+01
  -1.8507843e+01
  -1.8702357e+01
  -1.8962032e+01
  -1.9294099e+01
  -1.9690151e+01
  -2.0117648e+01
  -2.0511558e+01
  -2.0776471e+01
  -2.0815926e+01
  -2.0587330e+01
  -2.0136824e+01
  -1.9573663e+01
  -1.9014144e+01
  -1.8545801e+01
  -1.8220249e+01
  -1.8058138e+01
  -1.8053697e+01
  -1.8175327e+01
  -1.8364832e+01
  -1.8543088e+01
  -1.8632034e+01
  -1.8591027e+01
  -1.8441786e+01
  -1.8256745e+01
  -1.8122419e+01
  -1.8108233e+01
  -1.8252103e+01
  -1.8554903e+01
  -1.8974928e+01
  -1.9423185e+01
  -1.9775575e+01
  -1.9923405e+01
  -1.9843509e+01
  -1.9615526e+01
  -1.9364193e+01
  -1.9193933e+01
  -1.9161923e+01
  -1.9277978e+01
  -1.9510427e+01
  -1.9792511e+01
  -2.0036605e+01
  -2.0164679e+01
  -2.0145532e+01
  -2.0008497e+01
  -1.9819246e+01
  -1.9641521e+01
  -1.9512628e+01
  -1.9437539e+01
  -1.9394578e+01
  -1.9347923e+01
  -1.9264706e+01
  -1.9131409e+01
  -1.8960765e+01
  -1.8784568e+01
  -1.8637520e+01
  -1.8541082e+01
  -1.8492516e+01
  -1.8460719e+01
  -1.8391685e+01
  -1.8227913e+01
  -1.7938218e+01
  -1.7538817e+01
  -1.7087048e+01
  -1.6654341e+01
  -1.6300792e+01
  -1.6062728e+01
  -1.5950187e+01
  -1.5948215e+01
  -1.6019835e+01
  -1.6112880e+01
  -1.6174052e+01
  -1.6168543e+01
  -1.6094493e+01
  -1.5980589e+01
  -1.5868144e+01
  -1.5790496e+01
  -1.5759909e+01
