   1.4677480e+01
   1.4281155e+01
   1.3130134e+01
   1.1333951e+01
   9.0612891e+00
   6.5211093e+00
   3.9402679e+00
   1.5472423e+00
   6.1744000e-01
   2.1135901e+00
   3.0910768e+00
   3.4948557e+00
   3.3771614e+00
   2.8477321e+00
   2.0630680e+00
   1.2447201e+00
   8.4771870e-01
   1.1923382e+00
   1.6376675e+00
   1.8777393e+00
   1.8605617e+00
   1.6124062e+00
   1.1997396e+00
   7.1329732e-01
   2.9287584e-01
   3.5588402e-01
   6.2631086e-01
   8.0486367e-01
   8.9301750e-01
   9.4049776e-01
   9.9410655e-01
   1.0558489e+00
   1.0822383e+00
   1.0208166e+00
   8.4196777e-01
   5.6258383e-01
   3.4854485e-01
   5.8328031e-01
   9.9354204e-01
   1.3471551e+00
   1.5538032e+00
   1.5610385e+00
   1.3479930e+00
   9.2814740e-01
   3.6413145e-01
   4.1767621e-01
   1.1042838e+00
   1.7435166e+00
   2.2438196e+00
   2.5526167e+00
   2.6540025e+00
   2.5752061e+00
   2.3885720e+00
   2.1998757e+00
   2.1029625e+00
   2.1071560e+00
   2.1234566e+00
   2.0360354e+00
   1.7651703e+00
   1.2888592e+00
   6.6820557e-01
   4.9161948e-01
   1.2228856e+00
   2.0097386e+00
   2.6642980e+00
   3.1034873e+00
   3.2902882e+00
   3.2395268e+00
   3.0251991e+00
   2.7788623e+00
   2.6523320e+00
   2.7184815e+00
   2.9058552e+00
   3.0805928e+00
   3.1590050e+00
   3.1566847e+00
   3.1894560e+00
   3.4060614e+00
   3.8501589e+00
   4.4034435e+00
   4.8717334e+00
   5.0756117e+00
   4.8944331e+00
   4.2971697e+00
   3.4053083e+00
   2.6958140e+00
   3.0843565e+00
   4.5348917e+00
   6.2759476e+00
   7.8389343e+00
   8.9472348e+00
   9.4267550e+00
   9.2011807e+00
   8.3151498e+00
   6.9892706e+00
   5.7524981e+00
   5.5237110e+00
   6.7603282e+00
   8.7909034e+00
   1.0879439e+01
   1.2624758e+01
   1.3863126e+01
   1.4616909e+01
   1.5076150e+01
   1.5552003e+01
   1.6356260e+01
   1.7632526e+01
   1.9268828e+01
   2.0968443e+01
   2.2392506e+01
   2.3273704e+01
   2.3483471e+01
   2.3070488e+01
   2.2278602e+01
   2.1526143e+01
   2.1296521e+01
   2.1915339e+01
   2.3353377e+01
   2.5266600e+01
   2.7217110e+01
   2.8859175e+01
   3.0018175e+01
   3.0696639e+01
   3.1036002e+01
   3.1242583e+01
   3.1490487e+01
   3.1837036e+01
   3.2197243e+01
   3.2394008e+01
   3.2253045e+01
   3.1694661e+01
   3.0790242e+01
   2.9767065e+01
   2.8947608e+01
   2.8621026e+01
   2.8897375e+01
   2.9652569e+01
   3.0619257e+01
   3.1548709e+01
   3.2334838e+01
   3.3051397e+01
   3.3898232e+01
   3.5075506e+01
   3.6644300e+01
   3.8461063e+01
   4.0228382e+01
   4.1618939e+01
   4.2400287e+01
   4.2518460e+01
   4.2128994e+01
   4.1573191e+01
   4.1300944e+01
   4.1761181e+01
   4.3317829e+01
   4.6252026e+01
   5.0829821e+01
   5.7325945e+01
   6.5929922e+01
   7.6589132e+01
   8.8903433e+01
   1.0212491e+02
   1.1523877e+02
   1.2708249e+02
   1.3647592e+02
   1.4234862e+02
   1.4385537e+02
   1.4047140e+02
   1.3206041e+02
   1.1891166e+02
   1.0175081e+02
   8.1748095e+01
   6.0611273e+01
   4.1111089e+01
   2.9042867e+01
   3.1502951e+01
   4.2529254e+01
   5.3717071e+01
   6.2062602e+01
   6.6772942e+01
   6.7941145e+01
   6.6154212e+01
   6.2295421e+01
   5.7369349e+01
   5.2308481e+01
   4.7774769e+01
   4.4031791e+01
   4.0991242e+01
   3.8440409e+01
   3.6302682e+01
   3.4751946e+01
   3.4093659e+01
   3.4469421e+01
   3.5623378e+01
   3.6955120e+01
   3.7776366e+01
   3.7542948e+01
   3.5975234e+01
   3.3098421e+01
   2.9246683e+01
   2.5054795e+01
   2.1415927e+01
   1.9250066e+01
   1.8895074e+01
   1.9710089e+01
   2.0647113e+01
   2.0934877e+01
   2.0237735e+01
   1.8584005e+01
   1.6286725e+01
   1.3889925e+01
   1.2081504e+01
   1.1394035e+01
   1.1738555e+01
   1.2482387e+01
   1.3014239e+01
   1.3010097e+01
   1.2408970e+01
   1.1335912e+01
   1.0033952e+01
   8.7945679e+00
   7.8628796e+00
   7.3244304e+00
   7.0705324e+00
   6.9128031e+00
   6.7275062e+00
   6.5061500e+00
   6.3193016e+00
   6.2381442e+00
   6.2634127e+00
   6.3160344e+00
   6.2909918e+00
   6.1206274e+00
   5.8105776e+00
   5.4450156e+00
   5.1590681e+00
   5.0681750e+00
   5.1829859e+00
   5.3980077e+00
   5.5685855e+00
   5.5869853e+00
   5.4132034e+00
   5.0755517e+00
   4.6563090e+00
   4.2629849e+00
   3.9806994e+00
   3.8216650e+00
   3.7187439e+00
   3.5765342e+00
   3.3290495e+00
   2.9682048e+00
   2.5504867e+00
   2.1923962e+00
   2.0298124e+00
   2.1025947e+00
   2.3005766e+00
   2.4807216e+00
   2.5568291e+00
   2.5050839e+00
   2.3484289e+00
   2.1399301e+00
   1.9418658e+00
   1.7969705e+00
   1.7042440e+00
   1.6255850e+00
   1.5203516e+00
   1.3752593e+00
   1.2158233e+00
   1.1005550e+00
   1.0839954e+00
   1.1577549e+00
   1.2554759e+00
   1.3125712e+00
   1.2960236e+00
   1.2065043e+00
   1.0749478e+00
   9.5598737e-01
   9.0474282e-01
   9.3121457e-01
   9.9009810e-01
   1.0287776e+00
   1.0226783e+00
   9.8165139e-01
   9.4421085e-01
   9.5568310e-01
   1.0288230e+00
   1.1296185e+00
   1.2069100e+00
   1.2206190e+00
   1.1509831e+00
   9.9916767e-01
   7.8624007e-01
   5.5512655e-01
   3.8551465e-01
   3.7768809e-01
   4.7437328e-01
   5.5282734e-01
   5.6640299e-01
   5.1390051e-01
   4.2474674e-01
   3.6173090e-01
   3.8828286e-01
   4.7640864e-01
   5.5411649e-01
   5.7800103e-01
   5.3369850e-01
   4.3305664e-01
   3.2849902e-01
   3.3290111e-01
   4.6901043e-01
   6.3213526e-01
   7.5502944e-01
   8.0620762e-01
   7.7580160e-01
   6.7550022e-01
   5.4757847e-01
   4.8220423e-01
   5.6259144e-01
   7.3680601e-01
   9.1311853e-01
   1.0386317e+00
   1.0892025e+00
   1.0606062e+00
   9.6556207e-01
   8.3207765e-01
   7.0053275e-01
   6.1253920e-01
   5.8230544e-01
   5.7879584e-01
   5.5558368e-01
   4.8263735e-01
   3.5153489e-01
   1.7064071e-01
   4.0790085e-02
   2.5612104e-01
   4.4892585e-01
   5.9491255e-01
   6.7657637e-01
   6.8551419e-01
   6.2363013e-01
   5.0331974e-01
   3.4826261e-01
   2.0498627e-01
   1.8549997e-01
   2.8687767e-01
   3.8363254e-01
   4.3594278e-01
   4.3652825e-01
   3.9259929e-01
   3.2428445e-01
   2.6739019e-01
   2.6351622e-01
   3.1102249e-01
   3.6888160e-01
   4.0711815e-01
   4.1340738e-01
   3.8687626e-01
   3.3449979e-01
   2.6935994e-01
   2.1037136e-01
   1.8026015e-01
   1.8797577e-01
   2.1502535e-01
   2.4005079e-01
   2.5182682e-01
   2.4533603e-01
   2.1879134e-01
   1.7513495e-01
   1.3362520e-01
   1.5089411e-01
   2.4263743e-01
   3.6490171e-01
   4.8957761e-01
   5.9780322e-01
   6.7432664e-01
   7.0798979e-01
   6.9353325e-01
   6.3353806e-01
   5.4053474e-01
   4.4007618e-01
   3.7260494e-01
   3.7209447e-01
   4.2053091e-01
   4.7028879e-01
   4.8980513e-01
   4.6996309e-01
   4.2278693e-01
   3.8411398e-01
   4.0140326e-01
   4.8205202e-01
   5.8529874e-01
   6.6923932e-01
   7.0752411e-01
   6.8885845e-01
   6.1715410e-01
   5.1498361e-01
   4.3131371e-01
   4.3063786e-01
   5.1674549e-01
   6.2684336e-01
   7.0884801e-01
   7.3670007e-01
   7.0393180e-01
   6.2146482e-01
   5.1943105e-01
   4.4889218e-01
   4.5578089e-01
   5.2270380e-01
   5.9254609e-01
   6.2499509e-01
   6.0555427e-01
   5.4325905e-01
   4.7359797e-01
   4.5586394e-01
   5.2274334e-01
   6.3612818e-01
   7.4101540e-01
   8.0283106e-01
   8.0841010e-01
   7.6423041e-01
   6.9647843e-01
   6.4714149e-01
   6.5157496e-01
   7.0382442e-01
   7.6225484e-01
   7.8577882e-01
   7.5266103e-01
   6.6602869e-01
   5.6189294e-01
   5.1823102e-01
   5.9903905e-01
   7.6016592e-01
   9.2066273e-01
   1.0271269e+00
   1.0526257e+00
   9.9303721e-01
   8.6991429e-01
   7.4016057e-01
   6.9859120e-01
   8.0263385e-01
   9.9410682e-01
   1.1875034e+00
   1.3309905e+00
   1.4040401e+00
   1.4108275e+00
   1.3756649e+00
   1.3349076e+00
   1.3207974e+00
   1.3423042e+00
   1.3810230e+00
   1.4082250e+00
   1.4059965e+00
   1.3792338e+00
   1.3563825e+00
   1.3755276e+00
   1.4561743e+00
   1.5805613e+00
   1.7065028e+00
   1.7935589e+00
   1.8206446e+00
   1.7941284e+00
   1.7491009e+00
   1.7387330e+00
   1.8040949e+00
   1.9410817e+00
   2.1023047e+00
   2.2290300e+00
   2.2783542e+00
   2.2364835e+00
   2.1248786e+00
   2.0012729e+00
   1.9453552e+00
   2.0134844e+00
   2.1915279e+00
   2.4101314e+00
   2.5978378e+00
   2.7131444e+00
   2.7530844e+00
   2.7506010e+00
   2.7608148e+00
   2.8323990e+00
   2.9755453e+00
   3.1547122e+00
   3.3128608e+00
   3.4028744e+00
   3.4082272e+00
   3.3514057e+00
   3.2897335e+00
   3.2924037e+00
   3.3991439e+00
   3.5894926e+00
   3.7949967e+00
   3.9390188e+00
   3.9701583e+00
   3.8801201e+00
   3.7105333e+00
   3.5472267e+00
   3.4886674e+00
   3.5842103e+00
   3.7911135e+00
   4.0034869e+00
   4.1152097e+00
   4.0630293e+00
   3.8495359e+00
   3.5621044e+00
   3.3817192e+00
   3.5151833e+00
   4.0173402e+00
   4.7402662e+00
   5.4779035e+00
   6.0628060e+00
   6.3817934e+00
   6.3718763e+00
   6.0155819e+00
   5.3359225e+00
   4.3895284e+00
   3.2576795e+00
   2.0368031e+00
   8.4272264e-01
   4.8532992e-01
   1.4110755e+00
   2.2298201e+00
   2.8803265e+00
   3.3825784e+00
   3.7774421e+00
   4.1072277e+00
   4.3990191e+00
   4.6565672e+00
   4.8644438e+00
   5.0006600e+00
   5.0502654e+00
   5.0144546e+00
   4.9130554e+00
   4.7801256e+00
   4.6534479e+00
   4.5608985e+00
   4.5099813e+00
   4.4870917e+00
   4.4669427e+00
   4.4254577e+00
   4.3488733e+00
   4.2362046e+00
   4.0960141e+00
   3.9400401e+00
   3.7767841e+00
   3.6080144e+00
   3.4297328e+00
   3.2367127e+00
   3.0278460e+00
   2.8094383e+00
   2.5947778e+00
   2.3997274e+00
   2.2357514e+00
   2.1039194e+00
   1.9942534e+00
   1.8915559e+00
   1.7838425e+00
   1.6683154e+00
   1.5524303e+00
   1.4499162e+00
   1.3729054e+00
   1.3237920e+00
   1.2928013e+00
   1.2636696e+00
   1.2225032e+00
   1.1637558e+00
   1.0914999e+00
   1.0167457e+00
   9.5177898e-01
   9.0331782e-01
   8.6855315e-01
   8.3764843e-01
   8.0074040e-01
   7.5405415e-01
   7.0212739e-01
   6.5574085e-01
   6.2564578e-01
   6.1445966e-01
   6.1361299e-01
   6.0898077e-01
   5.8924868e-01
   5.5102582e-01
   5.0044258e-01
   4.5221835e-01
   4.2432203e-01
   4.2581304e-01
   4.4797315e-01
   4.7229712e-01
   4.8363707e-01
   4.7564230e-01
   4.5083432e-01
   4.1873761e-01
   3.9196626e-01
   3.7928436e-01
   3.7915449e-01
   3.8123234e-01
   3.7438967e-01
   3.5303745e-01
   3.1951292e-01
   2.8419201e-01
   2.6238807e-01
   2.6373045e-01
   2.8122967e-01
   2.9768055e-01
   2.9847089e-01
   2.7621232e-01
   2.3081764e-01
   1.6975330e-01
   1.1330965e-01
   1.0594870e-01
   1.5094161e-01
   1.9990936e-01
   2.2990330e-01
   2.3304267e-01
   2.0854819e-01
   1.6155740e-01
   1.0596776e-01
   8.1519378e-02
   1.2222947e-01
   1.8016241e-01
   2.2671517e-01
   2.5265153e-01
   2.5591046e-01
   2.3971311e-01
   2.1241537e-01
   1.8721454e-01
   1.7808518e-01
   1.8854112e-01
   2.0798363e-01
   2.2345975e-01
   2.2731484e-01
   2.1748002e-01
   1.9613539e-01
   1.6838124e-01
   1.4077161e-01
   1.1920866e-01
   1.0620436e-01
   1.0017505e-01
   9.9202917e-02
   1.0455063e-01
   1.1848443e-01
   1.3950837e-01
   1.6210349e-01
   1.7983973e-01
   1.8771189e-01
   1.8338375e-01
   1.6812182e-01
   1.4785299e-01
   1.3369262e-01
   1.3680846e-01
   1.5618676e-01
   1.7987858e-01
   1.9673657e-01
   2.0040132e-01
   1.8904251e-01
   1.6503044e-01
   1.3521775e-01
   1.1165212e-01
   1.0750191e-01
   1.2177720e-01
   1.4065877e-01
   1.5438348e-01
   1.6109888e-01
   1.6528296e-01
   1.7477662e-01
   1.9478614e-01
   2.2307605e-01
   2.5207801e-01
   2.7371461e-01
   2.8215754e-01
   2.7483990e-01
   2.5282163e-01
   2.2094900e-01
   1.8784533e-01
   1.6463485e-01
   1.5898607e-01
   1.6726750e-01
   1.7865842e-01
   1.8514995e-01
   1.8481339e-01
   1.8088238e-01
   1.7920202e-01
   1.8382535e-01
   1.9317590e-01
   2.0098503e-01
   2.0040887e-01
   1.8716242e-01
   1.6121270e-01
   1.2887456e-01
   1.0744741e-01
   1.1956446e-01
   1.5906487e-01
   2.0347199e-01
   2.3867007e-01
   2.5730141e-01
   2.5610667e-01
   2.3502510e-01
   1.9667775e-01
   1.4576645e-01
   8.8328999e-02
   3.1155427e-02
   2.2850939e-02
   6.3475906e-02
   9.1181794e-02
   1.0440315e-01
   1.0402469e-01
   9.2577644e-02
   7.3626689e-02
   5.1035512e-02
   2.8198325e-02
   7.4282090e-03
   1.1019862e-02
   2.7126852e-02
   4.2273415e-02
   5.6720648e-02
   6.9544168e-02
   7.9004810e-02
   8.3341544e-02
   8.1519712e-02
   7.3794508e-02
   6.2166702e-02
   5.0875665e-02
   4.5903155e-02
   4.9577838e-02
   5.6843062e-02
   6.1953784e-02
   6.2230667e-02
   5.7749266e-02
   5.0870188e-02
   4.5605743e-02
   4.5085703e-02
   4.7989823e-02
   5.0146910e-02
   4.8635555e-02
   4.3432049e-02
   3.8175984e-02
   3.9302258e-02
   4.8254928e-02
   5.9084629e-02
   6.5945955e-02
   6.5540961e-02
   5.7315812e-02
   4.4893758e-02
   4.0260510e-02
   5.4634542e-02
   7.7885056e-02
   9.8446288e-02
   1.0976999e-01
   1.0815619e-01
   9.2487709e-02
   6.5139021e-02
   3.8483619e-02
   5.1962278e-02
   9.2775163e-02
   1.3228607e-01
   1.6072316e-01
   1.7283330e-01
   1.6625494e-01
   1.4180029e-01
   1.0439079e-01
   6.7623145e-02
   6.5599667e-02
   1.0078894e-01
   1.3777647e-01
   1.6124597e-01
   1.6541992e-01
   1.4928971e-01
   1.1657455e-01
   7.9219386e-02
   6.9736652e-02
   1.0425113e-01
   1.4777596e-01
   1.8030468e-01
   1.9374753e-01
   1.8530270e-01
   1.5652697e-01
   1.1398292e-01
   7.4221808e-02
   7.3762836e-02
   1.0995274e-01
   1.4541180e-01
   1.6485557e-01
   1.6363696e-01
   1.4342102e-01
   1.1380659e-01
   9.8169168e-02
   1.1978337e-01
   1.6284703e-01
   2.0336300e-01
   2.2872505e-01
   2.3386212e-01
   2.1988767e-01
   1.9498529e-01
   1.7572301e-01
   1.8078711e-01
   2.1095460e-01
   2.4876001e-01
   2.7748911e-01
   2.8758475e-01
   2.7625264e-01
   2.4725186e-01
   2.1169089e-01
   1.8823548e-01
   1.9328157e-01
   2.2160062e-01
   2.5366666e-01
   2.7466995e-01
   2.7856940e-01
   2.6704651e-01
   2.4862742e-01
   2.3639291e-01
   2.4049724e-01
   2.5898786e-01
   2.8014972e-01
   2.9258996e-01
   2.9095279e-01
   2.7748030e-01
   2.6197029e-01
   2.5829388e-01
   2.7412787e-01
   3.0280428e-01
   3.2951341e-01
   3.4125242e-01
   3.3118415e-01
   3.0017562e-01
   2.5866693e-01
   2.2888444e-01
   2.3578332e-01
   2.7785417e-01
   3.2942163e-01
   3.6801092e-01
   3.8150081e-01
   3.6716061e-01
   3.3183812e-01
   2.9358910e-01
   2.7953516e-01
   3.0555951e-01
   3.5666840e-01
   4.0592635e-01
   4.3402037e-01
   4.3240539e-01
   4.0338622e-01
   3.6175800e-01
   3.3577540e-01
   3.5347810e-01
   4.1258673e-01
   4.8477644e-01
   5.4349527e-01
   5.7385335e-01
   5.7375174e-01
   5.5555589e-01
   5.4701320e-01
   5.8119060e-01
   6.7034498e-01
   7.9569771e-01
   9.2623652e-01
   1.0343629e+00
   1.1000743e+00
   1.1113158e+00
   1.0637266e+00
   9.6009602e-01
   8.0940127e-01
   6.2543629e-01
   4.2536337e-01
   2.3007498e-01
   9.3251676e-02
   1.6747129e-01
   2.8404462e-01
   3.7224986e-01
   4.2938185e-01
   4.6204406e-01
   4.8012828e-01
   4.9302841e-01
   5.0628971e-01
   5.2036933e-01
   5.3237191e-01
   5.3923162e-01
   5.4012648e-01
   5.3708324e-01
   5.3380737e-01
   5.3339665e-01
   5.3624960e-01
   5.3962238e-01
   5.3912277e-01
   5.3099735e-01
   5.1391304e-01
   4.8965540e-01
   4.6265202e-01
   4.3833129e-01
   4.2063008e-01
   4.0988083e-01
   4.0278167e-01
   3.9461177e-01
   3.8191086e-01
   3.6403167e-01
   3.4320672e-01
   3.2330977e-01
   3.0764805e-01
   2.9679362e-01
   2.8812635e-01
   2.7764792e-01
   2.6261793e-01
   2.4343143e-01
   2.2418913e-01
   2.1142233e-01
   2.1005969e-01
   2.1881859e-01
   2.3073061e-01
   2.3798846e-01
   2.3548688e-01
   2.2199094e-01
   2.0035385e-01
   1.7741983e-01
   1.6260390e-01
   1.6242872e-01
   1.7407626e-01
   1.8833085e-01
   1.9717980e-01
   1.9686542e-01
   1.8787974e-01
   1.7428636e-01
   1.6235215e-01
   1.5743384e-01
   1.5994567e-01
   1.6501225e-01
   1.6653784e-01
   1.6077430e-01
   1.4767014e-01
   1.3120111e-01
   1.1887102e-01
   1.1784624e-01
   1.2765996e-01
   1.4032451e-01
   1.4757491e-01
   1.4438173e-01
   1.2906732e-01
   1.0284301e-01
   6.9646664e-02
   3.8415725e-02
   3.5122515e-02
   5.8412368e-02
   7.9490601e-02
   9.0937127e-02
   9.2134309e-02
   8.6218391e-02
   7.9960940e-02
   8.1400255e-02
   9.2402642e-02
   1.0673339e-01
   1.1699984e-01
   1.1838698e-01
   1.0891914e-01
   8.9237507e-02
   6.2807215e-02
   3.8874671e-02
   3.9790724e-02
   6.2180945e-02
   8.4011384e-02
   9.7728512e-02
   1.0116905e-01
   9.4684901e-02
   8.0489426e-02
   6.2205897e-02
   4.4327068e-02
   3.1193433e-02
   2.4232130e-02
   2.0638382e-02
   2.2014972e-02
   3.5604168e-02
   5.8983661e-02
   8.6280868e-02
   1.1239786e-01
   1.3278263e-01
   1.4375069e-01
   1.4301167e-01
   1.3016787e-01
   1.0725047e-01
   7.9944015e-02
   6.1297142e-02
   6.8026877e-02
   9.1727364e-02
   1.1490000e-01
   1.2916554e-01
   1.3139298e-01
   1.2161123e-01
   1.0268440e-01
   8.0944649e-02
   6.7577882e-02
   7.2683460e-02
   9.0272978e-02
   1.0874490e-01
   1.2238236e-01
   1.3017495e-01
   1.3388798e-01
   1.3641113e-01
   1.3974855e-01
   1.4343977e-01
   1.4470329e-01
   1.4000912e-01
   1.2666241e-01
   1.0371223e-01
   7.2398906e-02
   3.7608448e-02
   2.6661278e-02
   5.7912934e-02
   9.0398185e-02
   1.1437962e-01
   1.2655151e-01
   1.2574888e-01
   1.1261367e-01
   8.9385189e-02
   5.9542914e-02
   2.7361623e-02
   5.5156676e-03
   2.8737291e-02
   4.5089807e-02
   5.1644811e-02
   4.8468552e-02
   3.7381956e-02
   2.2887875e-02
   1.8753842e-02
   3.2285834e-02
   4.7213780e-02
   5.7117355e-02
   5.9965739e-02
   5.5505595e-02
   4.4834982e-02
   3.0208630e-02
   1.5494992e-02
   1.1752884e-02
   2.0483964e-02
   2.7074722e-02
   2.8303344e-02
   2.4033571e-02
   1.5445718e-02
   5.7274706e-03
   1.0243095e-02
   2.0220006e-02
   2.7585571e-02
   3.1377150e-02
   3.2213707e-02
   3.2150906e-02
   3.3755528e-02
   3.7789621e-02
   4.2357843e-02
   4.4750745e-02
   4.2983837e-02
   3.6308830e-02
   2.5518255e-02
   1.4693554e-02
   1.7110233e-02
   2.9663322e-02
   4.0824474e-02
   4.7044170e-02
   4.7375099e-02
   4.3323794e-02
   4.0214776e-02
   4.5771625e-02
   6.0508240e-02
   7.7991415e-02
   9.2411453e-02
   9.9883892e-02
   9.8214017e-02
   8.6945517e-02
   6.7650162e-02
   4.5161054e-02
   3.3432284e-02
   4.6842776e-02
   6.8073661e-02
   8.4156024e-02
   9.0333275e-02
   8.4852907e-02
   6.7999483e-02
   4.1796644e-02
   9.6705256e-03
   2.4116307e-02
   5.4892426e-02
   7.8447607e-02
   9.1501529e-02
   9.2213202e-02
   8.0455504e-02
   5.7869876e-02
   2.7852015e-02
   1.0115877e-02
   4.0795467e-02
   6.7900641e-02
   8.5834213e-02
   9.2141438e-02
   8.6244045e-02
   6.9716296e-02
   4.7265740e-02
   3.2517745e-02
   4.5123468e-02
   6.8577199e-02
   8.7595353e-02
   9.6925483e-02
   9.4785247e-02
   8.1845542e-02
   6.1581568e-02
   4.2937972e-02
   4.3778222e-02
   6.3263013e-02
   8.3862466e-02
   9.7191587e-02
   9.9957948e-02
   9.1396515e-02
   7.2631701e-02
   4.6336223e-02
   1.7011417e-02
   1.7971440e-02
   4.3947213e-02
   6.4086889e-02
   7.5574936e-02
   7.7666967e-02
   7.1097841e-02
   5.7868966e-02
   4.0952222e-02
   2.4117974e-02
   1.3030043e-02
   1.3643014e-02
   1.6711110e-02
   1.6340383e-02
   1.5213135e-02
   2.0015890e-02
   3.0315741e-02
   4.0966498e-02
   4.8318398e-02
   5.0117266e-02
   4.5347650e-02
   3.4280871e-02
   1.8585649e-02
   6.3272370e-03
   2.0722158e-02
   3.5396252e-02
   4.4250837e-02
   4.5209251e-02
   3.7507020e-02
   2.1722102e-02
   2.9917548e-04
   2.5610698e-02
   5.0714607e-02
   7.1933111e-02
   8.6035367e-02
   9.0752603e-02
   8.5240877e-02
   7.0556394e-02
   5.0774594e-02
   3.7525924e-02
   4.7426713e-02
   6.9814485e-02
   9.0047757e-02
   1.0195814e-01
   1.0288007e-01
   9.2432906e-02
   7.2587453e-02
   4.9112666e-02
   3.8304161e-02
   5.4953635e-02
   8.0299609e-02
   1.0114068e-01
   1.1269446e-01
   1.1346746e-01
   1.0447070e-01
   8.9455292e-02
   7.5576224e-02
   7.2023190e-02
   8.1064538e-02
   9.4660838e-02
   1.0441279e-01
   1.0564583e-01
   9.6743624e-02
   7.8470537e-02
   5.3877981e-02
   3.0599054e-02
   3.0477190e-02
   5.0820845e-02
   6.9567243e-02
   8.0416770e-02
   8.1875628e-02
   7.5011623e-02
   6.3689951e-02
   5.5388386e-02
   5.8153075e-02
   7.0442924e-02
   8.3866009e-02
   9.2195422e-02
   9.2400779e-02
   8.3904343e-02
   6.8367319e-02
   5.0257494e-02
   3.8936703e-02
   4.3694347e-02
   5.6394314e-02
   6.5753132e-02
   6.6685444e-02
   5.7813652e-02
   4.1409010e-02
   3.0372984e-02
   4.8248487e-02
   8.0991784e-02
   1.1426793e-01
   1.4192313e-01
   1.6006253e-01
   1.6630284e-01
   1.5981053e-01
   1.4133092e-01
   1.1306768e-01
   7.8397763e-02
   4.1471836e-02
   7.6059119e-03
   2.3383948e-02
   4.3273717e-02
   5.2468087e-02
   5.0672676e-02
   3.9841429e-02
   2.6695050e-02
   2.9913389e-02
   5.0597282e-02
   7.3148719e-02
   9.1200374e-02
   1.0223132e-01
   1.0609386e-01
   1.0506820e-01
   1.0367291e-01
   1.0687195e-01
   1.1643133e-01
   1.2935949e-01
   1.4051244e-01
   1.4549314e-01
   1.4194525e-01
   1.3011246e-01
   1.1347152e-01
   9.9561064e-02
   9.8154994e-02
   1.1191438e-01
   1.3294733e-01
   1.5220705e-01
   1.6415747e-01
   1.6665162e-01
   1.6049112e-01
   1.4920448e-01
   1.3846699e-01
   1.3395158e-01
   1.3736936e-01
   1.4484499e-01
   1.5018271e-01
   1.4845629e-01
   1.3731072e-01
   1.1709274e-01
   9.0956001e-02
   6.5978616e-02
   5.5230054e-02
   6.5298797e-02
   8.2507910e-02
   9.5077893e-02
   9.8346858e-02
   9.1340966e-02
   7.5439865e-02
   5.4097063e-02
   3.4094281e-02
   2.9433251e-02
   4.1269973e-02
   5.3070993e-02
   5.7926905e-02
   5.4242881e-02
   4.2762828e-02
   2.6135357e-02
   1.2549528e-02
   2.2320572e-02
   3.7709404e-02
   4.8115513e-02
   5.1207267e-02
   4.6773262e-02
   3.6718694e-02
   2.6929551e-02
   2.9072212e-02
   4.2582925e-02
   5.6844016e-02
   6.6395065e-02
   6.8870106e-02
   6.3693191e-02
   5.1857721e-02
   3.6135730e-02
   2.3025812e-02
   2.4749435e-02
   3.6321288e-02
   4.5818398e-02
   4.9224534e-02
   4.5744331e-02
   3.6682653e-02
   2.6418903e-02
   2.4939601e-02
   3.5414568e-02
   4.7991113e-02
   5.6663485e-02
   5.8914329e-02
   5.4025386e-02
   4.2693444e-02
   2.6982740e-02
   1.2056389e-02
   1.6338584e-02
   2.9579444e-02
   3.8607410e-02
   4.0896511e-02
   3.5868612e-02
   2.4210017e-02
   7.7311822e-03
   1.1756203e-02
   3.0628828e-02
   4.6869308e-02
   5.8617631e-02
   6.5242829e-02
   6.7682974e-02
   6.8510610e-02
   7.1046883e-02
   7.7123277e-02
   8.5476190e-02
   9.2860163e-02
   9.6068467e-02
   9.3046869e-02
   8.3289489e-02
   6.8019963e-02
   5.0574300e-02
   3.7572616e-02
   3.6973876e-02
   4.4929279e-02
   5.1243620e-02
   5.0626239e-02
   4.1499753e-02
   2.5250756e-02
   1.5533720e-02
   3.6946864e-02
   6.5151088e-02
   9.1074756e-02
   1.1084657e-01
   1.2190071e-01
   1.2292318e-01
   1.1393912e-01
   9.6263071e-02
   7.2283282e-02
   4.5113492e-02
   1.8286716e-02
   7.8248682e-03
   2.5308880e-02
   3.7035792e-02
   4.2384257e-02
   4.3125364e-02
   4.2544579e-02
   4.4006375e-02
   4.8215591e-02
   5.2722836e-02
   5.4374360e-02
   5.1046146e-02
   4.2100778e-02
   2.8664335e-02
   1.6242337e-02
   2.1927375e-02
   3.8832901e-02
   5.4765332e-02
   6.6298532e-02
   7.2127298e-02
   7.2269180e-02
   6.7980189e-02
   6.1590534e-02
   5.5918168e-02
   5.2866020e-02
   5.1926899e-02
   5.0664607e-02
   4.6683493e-02
   3.8834593e-02
   2.7460058e-02
   1.4789971e-02
   1.0487102e-02
   2.0065681e-02
   2.9074944e-02
   3.3364970e-02
   3.1857137e-02
   2.5009249e-02
   1.6046499e-02
   1.6665005e-02
   2.9546457e-02
   4.3643220e-02
   5.4285142e-02
   5.9149837e-02
   5.7106182e-02
   4.8188850e-02
   3.3782521e-02
   1.8155742e-02
   1.8374074e-02
   3.4842255e-02
   5.0675561e-02
   6.1303227e-02
   6.4891588e-02
   6.0877888e-02
   4.9802015e-02
   3.3174288e-02
   1.3368073e-02
   8.6609936e-03
   2.7231395e-02
   4.2130959e-02
   5.1365205e-02
   5.4108776e-02
   5.0474509e-02
   4.1433201e-02
   2.8631147e-02
   1.4144845e-02
   2.1788149e-03
   1.2419524e-02
   2.0798613e-02
   2.5095431e-02
   2.5503762e-02
   2.3116319e-02
   1.9847972e-02
   1.7926954e-02
   1.8141942e-02
   1.8903374e-02
   1.8278833e-02
   1.5508780e-02
   1.1489142e-02
   1.0032450e-02
   1.4313342e-02
   2.0413094e-02
   2.5033984e-02
   2.6617651e-02
   2.4571223e-02
   1.9278702e-02
   1.2890506e-02
   1.2165675e-02
   1.9556993e-02
   2.8045461e-02
   3.4117215e-02
   3.6271572e-02
   3.4131084e-02
   2.8717928e-02
   2.3664413e-02
   2.5664474e-02
   3.5704860e-02
   4.8254877e-02
   5.9311690e-02
   6.6646939e-02
   6.9090171e-02
   6.6322610e-02
   5.8777496e-02
   4.7504119e-02
   3.3979018e-02
   1.9925801e-02
   7.7310188e-03
   7.8378518e-03
   1.5472599e-02
   2.0856824e-02
   2.3363441e-02
   2.3104627e-02
   2.0208242e-02
   1.4651906e-02
   6.3917055e-03
   5.5165404e-03
   1.9207356e-02
   3.4960058e-02
   5.1359016e-02
   6.6756956e-02
   7.9354011e-02
   8.7460500e-02
   8.9772927e-02
   8.5609356e-02
   7.5064229e-02
   5.9058826e-02
   3.9294969e-02
   1.8300975e-02
   7.2183747e-03
   2.2071832e-02
   3.4062643e-02
   3.9680954e-02
   3.8316410e-02
   3.0582893e-02
   1.8903949e-02
   1.3478711e-02
   2.5849260e-02
   4.1692772e-02
   5.4829583e-02
   6.3052188e-02
   6.5532012e-02
   6.2731766e-02
   5.6596945e-02
   5.0709383e-02
   4.9312953e-02
   5.3777441e-02
   6.1025476e-02
   6.6973528e-02
   6.8887514e-02
   6.5557529e-02
   5.7017516e-02
   4.4270816e-02
   2.9022890e-02
   1.3521201e-02
   4.8201331e-03
   1.3662246e-02
   2.0190674e-02
   2.2097120e-02
   1.9835149e-02
   1.5513820e-02
   1.4194340e-02
   1.9464372e-02
   2.7103732e-02
   3.3258230e-02
   3.6053933e-02
   3.4734353e-02
   2.9523404e-02
   2.2030068e-02
   1.7182332e-02
   2.2138905e-02
   3.3330149e-02
   4.5046444e-02
   5.4757326e-02
   6.1224289e-02
   6.3883924e-02
   6.2685972e-02
   5.8012447e-02
   5.0625085e-02
   4.1667231e-02
   3.2779725e-02
   2.6275871e-02
   2.4334534e-02
   2.6229176e-02
   2.8701346e-02
   2.9120172e-02
   2.6149919e-02
   1.9476753e-02
   1.0324554e-02
   9.9074164e-03
   2.3221544e-02
   3.8221929e-02
   5.1855650e-02
   6.2321171e-02
   6.8299013e-02
   6.9038280e-02
   6.4460398e-02
   5.5188379e-02
   4.2480179e-02
   2.8069693e-02
   1.3945566e-02
   2.4883717e-03
   6.6057547e-03
   9.9671479e-03
   8.3162927e-03
   2.1200926e-03
   7.4925307e-03
   1.8623227e-02
   2.9252217e-02
   3.7342342e-02
   4.1250619e-02
   4.0088471e-02
   3.4185464e-02
   2.6220178e-02
   2.3949246e-02
   3.3460010e-02
   4.8014213e-02
   6.1246059e-02
   6.9749983e-02
   7.1597404e-02
   6.6020589e-02
   5.3379449e-02
   3.5093372e-02
   1.3556283e-02
   9.6536897e-03
   2.9360967e-02
   4.4338283e-02
   5.2344691e-02
   5.2408023e-02
   4.5008823e-02
   3.3004999e-02
   2.5547584e-02
   3.5235164e-02
   5.3682846e-02
   7.1020643e-02
   8.2937743e-02
   8.7349666e-02
   8.3731466e-02
   7.3131203e-02
   5.8463118e-02
   4.5390685e-02
   4.2086844e-02
   4.9827762e-02
   6.0315695e-02
   6.7174486e-02
   6.7852214e-02
   6.2318169e-02
   5.2736604e-02
   4.3881120e-02
   4.2313859e-02
   4.9419211e-02
   5.9356672e-02
   6.6856015e-02
   6.9539042e-02
   6.7356664e-02
   6.2305433e-02
   5.8110261e-02
   5.8467835e-02
   6.3661195e-02
   7.0233037e-02
   7.4176401e-02
   7.2817578e-02
   6.5065005e-02
   5.1259442e-02
   3.3101138e-02
   1.5180743e-02
   1.7935596e-02
   3.5078241e-02
   4.9774922e-02
   5.9060500e-02
   6.2122936e-02
   5.9276994e-02
   5.1746962e-02
   4.1427237e-02
   3.0547939e-02
   2.1168568e-02
   1.4266597e-02
   8.7193896e-03
   2.1559710e-03
   7.0128287e-03
   1.8506772e-02
   3.1190210e-02
   4.3332236e-02
   5.3148282e-02
   5.9165857e-02
   6.0503769e-02
   5.7045944e-02
   4.9503002e-02
   3.9383800e-02
   2.8946231e-02
   2.1117605e-02
   1.8185357e-02
   1.8514992e-02
   1.8898602e-02
   1.9253037e-02
   2.2459447e-02
   3.0128188e-02
   4.0333915e-02
   5.0284643e-02
   5.7787668e-02
   6.1576627e-02
   6.1612671e-02
   5.9454957e-02
   5.8339973e-02
   6.1756053e-02
   7.0371492e-02
   8.1398036e-02
   9.1054390e-02
   9.6283089e-02
   9.5186530e-02
   8.7063559e-02
   7.2344503e-02
   5.2444639e-02
   2.9544077e-02
   6.7490934e-03
   1.5817137e-02
   3.2555256e-02
   4.3303549e-02
   4.7091199e-02
   4.3975442e-02
   3.4945665e-02
   2.1846538e-02
   8.2332517e-03
   1.1767439e-02
   2.3738604e-02
   3.2309578e-02
   3.5904891e-02
   3.4321732e-02
   2.8520396e-02
   2.1248800e-02
   1.8752389e-02
   2.5185171e-02
   3.4939844e-02
   4.3359937e-02
   4.8463815e-02
   4.9559726e-02
   4.6812572e-02
   4.1058079e-02
   3.3639273e-02
   2.6225385e-02
   2.0504510e-02
   1.7370534e-02
   1.5956588e-02
   1.4509241e-02
   1.2141680e-02
   9.6847223e-03
   1.0305603e-02
   1.5491744e-02
   2.3008668e-02
   3.1320753e-02
   3.9665966e-02
   4.7488260e-02
   5.4228468e-02
   5.9281429e-02
   6.2060110e-02
   6.2127144e-02
   5.9346652e-02
   5.4011148e-02
   4.6905849e-02
   3.9264050e-02
   3.2498335e-02
   2.7506733e-02
   2.3796971e-02
   1.9629787e-02
   1.3308715e-02
   4.5899815e-03
   9.5893597e-03
   2.3787007e-02
   3.8694850e-02
   5.2324631e-02
   6.2857960e-02
   6.8797005e-02
   6.9192485e-02
   6.3812146e-02
   5.3226940e-02
   3.8847021e-02
   2.3193141e-02
   1.2868200e-02
   1.8691330e-02
   2.8360562e-02
   3.4168066e-02
   3.4533683e-02
   2.9557923e-02
   2.0822755e-02
   1.3688548e-02
   1.8890611e-02
   3.0628689e-02
   4.1155718e-02
   4.7680509e-02
   4.8948835e-02
   4.4675076e-02
   3.5426748e-02
   2.2507757e-02
   7.9619135e-03
   8.0367689e-03
   2.0473016e-02
   2.9518072e-02
   3.3871542e-02
   3.3183560e-02
   2.7993747e-02
   2.0059124e-02
   1.4204079e-02
   1.8204416e-02
   2.7780442e-02
   3.6748151e-02
   4.2801954e-02
   4.5039556e-02
   4.3298139e-02
   3.7925236e-02
   2.9591775e-02
   1.9155944e-02
   8.1911883e-03
   9.3011049e-03
   2.2135703e-02
   3.5932599e-02
   4.9298988e-02
   6.1223690e-02
   7.0605056e-02
   7.6362993e-02
   7.7653189e-02
   7.4097056e-02
   6.5989875e-02
   5.4503722e-02
   4.2014357e-02
   3.2691099e-02
   3.1199930e-02
   3.6054601e-02
   4.1168201e-02
   4.2609174e-02
   3.8850162e-02
   2.9881697e-02
   1.7006214e-02
   7.2564535e-03
   1.9359202e-02
   3.4258352e-02
   4.6114149e-02
   5.3184218e-02
   5.4701657e-02
   5.0809820e-02
   4.2564262e-02
   3.1924900e-02
   2.1917211e-02
   1.6731801e-02
   1.7404728e-02
   1.8671382e-02
   1.7173776e-02
   1.4486717e-02
   1.8360437e-02
   3.0912983e-02
   4.6781041e-02
   6.2221606e-02
   7.4602025e-02
   8.1971995e-02
   8.3135837e-02
   7.7761142e-02
   6.6404034e-02
   5.0424308e-02
   3.1808093e-02
   1.3063445e-02
   6.3412877e-03
   1.8763006e-02
   2.6873538e-02
   2.9278814e-02
   2.6200721e-02
   1.8970270e-02
   1.1310719e-02
   1.3412354e-02
   2.3082476e-02
   3.2066099e-02
   3.7806532e-02
   3.9443214e-02
   3.7118355e-02
   3.1927429e-02
   2.5996293e-02
   2.2336150e-02
   2.2761158e-02
   2.5298141e-02
   2.6851087e-02
   2.5766980e-02
   2.1914064e-02
   1.6748842e-02
   1.4245746e-02
   1.7998425e-02
   2.4627549e-02
   3.0271895e-02
   3.3105321e-02
   3.2431796e-02
   2.8368182e-02
   2.1782554e-02
   1.4488893e-02
   1.0344844e-02
   1.2709142e-02
   1.6809026e-02
   1.8869927e-02
   1.7885371e-02
   1.4354680e-02
   1.1306526e-02
   1.4831912e-02
   2.3809490e-02
   3.4015465e-02
   4.3415989e-02
   5.0934080e-02
   5.6002199e-02
   5.8429374e-02
   5.8295281e-02
   5.5849929e-02
   5.1463882e-02
   4.5687223e-02
   3.9458880e-02
   3.4404809e-02
   3.2645896e-02
   3.5061270e-02
   3.9926482e-02
   4.4491127e-02
   4.6524763e-02
   4.4601327e-02
   3.8072803e-02
   2.7069464e-02
   1.2663594e-02
   7.0785176e-03
   2.3615161e-02
   3.9721184e-02
   5.2563809e-02
   6.0520080e-02
   6.2624287e-02
   5.8671391e-02
   4.9255589e-02
   3.5701140e-02
   1.9887728e-02
   4.0121994e-03
   9.8852785e-03
   1.9844446e-02
   2.4761541e-02
   2.4377947e-02
   1.9792230e-02
   1.5029533e-02
   1.8124339e-02
   2.7874716e-02
   3.7684845e-02
   4.4110150e-02
   4.5367156e-02
   4.0821885e-02
   3.1126848e-02
   1.9413348e-02
   1.7519456e-02
   3.0828085e-02
   4.6352861e-02
   5.8738536e-02
   6.5796560e-02
   6.6727775e-02
   6.2091259e-02
   5.4076991e-02
   4.6863848e-02
   4.5536646e-02
   5.1102015e-02
   5.9076171e-02
   6.4734982e-02
   6.5426544e-02
   6.0445997e-02
   5.0933030e-02
   4.0354503e-02
   3.5253910e-02
   4.0231928e-02
   5.0291211e-02
   5.8780105e-02
   6.2099777e-02
   5.8799236e-02
   4.8900794e-02
   3.3600135e-02
   1.5181758e-02
   7.3423108e-03
   2.3996429e-02
   3.7645215e-02
   4.5354252e-02
   4.6017127e-02
   3.9592610e-02
   2.7157565e-02
   1.1920647e-02
   1.4357588e-02
   3.2240702e-02
   4.8741516e-02
   6.0846709e-02
   6.7146460e-02
   6.7255234e-02
   6.1824598e-02
   5.2572170e-02
   4.2358469e-02
   3.5106660e-02
   3.3786680e-02
   3.6622318e-02
   3.9236337e-02
   3.8759424e-02
   3.4201444e-02
   2.5818180e-02
   1.4656551e-02
   2.5972610e-03
   1.0460033e-02
   2.1096423e-02
   2.9083561e-02
   3.3802722e-02
   3.5168580e-02
   3.3525625e-02
   2.9490392e-02
   2.3776741e-02
   1.7138830e-02
   1.0928948e-02
   9.7556183e-03
   1.6253255e-02
   2.5386114e-02
   3.4650031e-02
   4.2730194e-02
   4.8558495e-02
   5.1324550e-02
   5.0639103e-02
   4.6696419e-02
   4.0404548e-02
   3.3473745e-02
   2.8253012e-02
   2.6423159e-02
   2.6904094e-02
   2.6809507e-02
   2.4015214e-02
   1.8151330e-02
   1.2468113e-02
   1.7166744e-02
   3.0132091e-02
   4.4219958e-02
   5.6277295e-02
   6.4290651e-02
   6.6930920e-02
   6.3609007e-02
   5.4553180e-02
   4.0867968e-02
   2.4874268e-02
   1.3835361e-02
   2.1995617e-02
   3.5925060e-02
   4.7053684e-02
   5.3385925e-02
   5.4415160e-02
   5.0560465e-02
   4.3047597e-02
   3.3888437e-02
   2.6002776e-02
   2.2747867e-02
   2.4513187e-02
   2.7856399e-02
   3.0167681e-02
   3.0873546e-02
   3.0678646e-02
   3.0777982e-02
   3.1913454e-02
   3.3737506e-02
   3.5151742e-02
   3.5086077e-02
   3.2966505e-02
   2.8848810e-02
   2.3437512e-02
   1.8176977e-02
   1.5346760e-02
   1.6511993e-02
