   3.1415927e+00
   2.7325978e+00
   2.3216594e+00
   1.9062926e+00
   1.4825323e+00
   1.0425759e+00
   5.6680171e-01
  -1.6369978e-02
  -1.1797950e+00
  -2.9823079e+00
  -3.7454602e+00
  -4.3273364e+00
  -4.9151126e+00
  -5.5964574e+00
  -6.4532614e+00
  -7.3998303e+00
  -8.1935175e+00
  -8.8188134e+00
  -9.3539273e+00
  -9.8513729e+00
  -1.0350038e+01
  -1.0911491e+01
  -1.1738779e+01
  -1.3139705e+01
  -1.4078637e+01
  -1.4598566e+01
  -1.4964435e+01
  -1.5218852e+01
  -1.5326484e+01
  -1.5228315e+01
  -1.5039988e+01
  -1.4999181e+01
  -1.5106312e+01
  -1.5285591e+01
  -1.5490147e+01
  -1.5693401e+01
  -1.5877328e+01
  -1.6028179e+01
  -1.6138128e+01
  -1.6211316e+01
  -1.6266840e+01
  -1.6328411e+01
  -1.6408408e+01
  -1.6504289e+01
  -1.6606058e+01
  -1.6704650e+01
  -1.6797786e+01
  -1.6892182e+01
  -1.6999920e+01
  -1.7130801e+01
  -1.7287272e+01
  -1.7464552e+01
  -1.7652597e+01
  -1.7835987e+01
  -1.7988564e+01
  -1.8055533e+01
  -1.7915544e+01
  -1.7513467e+01
  -1.7256578e+01
  -1.7261065e+01
  -1.7386415e+01
  -1.7557419e+01
  -1.7740618e+01
  -1.7918001e+01
  -1.8077952e+01
  -1.8213055e+01
  -1.8320966e+01
  -1.8405925e+01
  -1.8477708e+01
  -1.8546604e+01
  -1.8617967e+01
  -1.8690956e+01
  -1.8761457e+01
  -1.8826407e+01
  -1.8887118e+01
  -1.8949706e+01
  -1.9021956e+01
  -1.9109012e+01
  -1.9211292e+01
  -1.9325313e+01
  -1.9445734e+01
  -1.9567218e+01
  -1.9685774e+01
  -1.9799637e+01
  -1.9909574e+01
  -2.0018363e+01
  -2.0129474e+01
  -2.0245542e+01
  -2.0367422e+01
  -2.0494114e+01
  -2.0623317e+01
  -2.0752190e+01
  -2.0878072e+01
  -2.0999050e+01
  -2.1114339e+01
  -2.1224397e+01
  -2.1330703e+01
  -2.1435250e+01
  -2.1539958e+01
  -2.1646242e+01
  -2.1754876e+01
  -2.1866103e+01
  -2.1979836e+01
  -2.2095812e+01
  -2.2213649e+01
  -2.2332807e+01
  -2.2452541e+01
  -2.2571894e+01
  -2.2689773e+01
  -2.2805127e+01
  -2.2917180e+01
  -2.3025670e+01
  -2.3130998e+01
  -2.3234211e+01
  -2.3336792e+01
  -2.3440326e+01
  -2.3546164e+01
  -2.3655227e+01
  -2.3767987e+01
  -2.3884579e+01
  -2.4004945e+01
  -2.4128949e+01
  -2.4256411e+01
  -2.4387080e+01
  -2.4520581e+01
  -2.4656374e+01
  -2.4793757e+01
  -2.4931926e+01
  -2.5070072e+01
  -2.5207498e+01
  -2.5343728e+01
  -2.5478569e+01
  -2.5612117e+01
  -2.5744697e+01
  -2.5876750e+01
  -2.6008723e+01
  -2.6140985e+01
  -2.6273800e+01
  -2.6407352e+01
  -2.6541786e+01
  -2.6677238e+01
  -2.6813812e+01
  -2.6951513e+01
  -2.7090151e+01
  -2.7229253e+01
  -2.7368027e+01
  -2.7505408e+01
  -2.7640195e+01
  -2.7771277e+01
  -2.7897920e+01
  -2.8020040e+01
  -2.8138357e+01
  -2.8254318e+01
  -2.8369743e+01
  -2.8486309e+01
  -2.8605068e+01
  -2.8726197e+01
  -2.8849048e+01
  -2.8972413e+01
  -2.9094906e+01
  -2.9215338e+01
  -2.9333003e+01
  -2.9447800e+01
  -2.9560160e+01
  -2.9670799e+01
  -2.9780417e+01
  -2.9889485e+01
  -2.9998212e+01
  -3.0106699e+01
  -3.0215185e+01
  -3.0324220e+01
  -3.0434661e+01
  -3.0547437e+01
  -3.0663197e+01
  -3.0781987e+01
  -3.0903104e+01
  -3.1025188e+01
  -3.1146518e+01
  -3.1265446e+01
  -3.1380883e+01
  -3.1492701e+01
  -3.1601887e+01
  -3.1710293e+01
  -3.1820030e+01
  -3.1932720e+01
  -3.2048980e+01
  -3.2168298e+01
  -3.2289299e+01
  -3.2410214e+01
  -3.2529416e+01
  -3.2645881e+01
  -3.2759454e+01
  -3.2870848e+01
  -3.2981324e+01
  -3.3092179e+01
  -3.3204273e+01
  -3.3317783e+01
  -3.3432278e+01
  -3.3547020e+01
  -3.3661338e+01
  -3.3774922e+01
  -3.3887908e+01
  -3.4000719e+01
  -3.4113727e+01
  -3.4226899e+01
  -3.4339587e+01
  -3.4450587e+01
  -3.4558469e+01
  -3.4662110e+01
  -3.4761275e+01
  -3.4857010e+01
  -3.4951556e+01
  -3.5047702e+01
  -3.5147815e+01
  -3.5253038e+01
  -3.5363012e+01
  -3.5476145e+01
  -3.5590196e+01
  -3.5702963e+01
  -3.5812915e+01
  -3.5919616e+01
  -3.6023806e+01
  -3.6127027e+01
  -3.6230894e+01
  -3.6336334e+01
  -3.6443120e+01
  -3.6549881e+01
  -3.6654514e+01
  -3.6754851e+01
  -3.6849410e+01
  -3.6938026e+01
  -3.7022077e+01
  -3.7104072e+01
  -3.7186691e+01
  -3.7271746e+01
  -3.7359597e+01
  -3.7449246e+01
  -3.7538898e+01
  -3.7626709e+01
  -3.7711414e+01
  -3.7792661e+01
  -3.7870944e+01
  -3.7947175e+01
  -3.8022146e+01
  -3.8096200e+01
  -3.8169304e+01
  -3.8241466e+01
  -3.8313227e+01
  -3.8385884e+01
  -3.8461226e+01
  -3.8540871e+01
  -3.8625568e+01
  -3.8714826e+01
  -3.8807005e+01
  -3.8899784e+01
  -3.8990794e+01
  -3.9078259e+01
  -3.9161474e+01
  -3.9240952e+01
  -3.9318145e+01
  -3.9394812e+01
  -3.9472365e+01
  -3.9551527e+01
  -3.9632411e+01
  -3.9714882e+01
  -3.9798927e+01
  -3.9884793e+01
  -3.9972824e+01
  -4.0063119e+01
  -4.0155217e+01
  -4.0248021e+01
  -4.0340007e+01
  -4.0429682e+01
  -4.0516108e+01
  -4.0599290e+01
  -4.0680165e+01
  -4.0760136e+01
  -4.0840303e+01
  -4.0920832e+01
  -4.1000808e+01
  -4.1078695e+01
  -4.1153243e+01
  -4.1224475e+01
  -4.1294238e+01
  -4.1365850e+01
  -4.1442827e+01
  -4.1527399e+01
  -4.1619670e+01
  -4.1717719e+01
  -4.1818346e+01
  -4.1918056e+01
  -4.2014011e+01
  -4.2104808e+01
  -4.2190837e+01
  -4.2273973e+01
  -4.2356607e+01
  -4.2440445e+01
  -4.2525767e+01
  -4.2611474e+01
  -4.2695811e+01
  -4.2777387e+01
  -4.2856025e+01
  -4.2933017e+01
  -4.3010554e+01
  -4.3090573e+01
  -4.3173708e+01
  -4.3258934e+01
  -4.3344067e+01
  -4.3426845e+01
  -4.3506188e+01
  -4.3583095e+01
  -4.3660585e+01
  -4.3742468e+01
  -4.3831559e+01
  -4.3928407e+01
  -4.4031139e+01
  -4.4136223e+01
  -4.4239660e+01
  -4.4338304e+01
  -4.4431075e+01
  -4.4519607e+01
  -4.4607751e+01
  -4.4699840e+01
  -4.4798629e+01
  -4.4904117e+01
  -4.5013688e+01
  -4.5123126e+01
  -4.5228027e+01
  -4.5325317e+01
  -4.5414614e+01
  -4.5498784e+01
  -4.5582909e+01
  -4.5671882e+01
  -4.5768117e+01
  -4.5870801e+01
  -4.5976772e+01
  -4.6082255e+01
  -4.6184765e+01
  -4.6284602e+01
  -4.6385199e+01
  -4.6491719e+01
  -4.6608463e+01
  -4.6736678e+01
  -4.6873818e+01
  -4.7013953e+01
  -4.7148552e+01
  -4.7267487e+01
  -4.7361185e+01
  -4.7425625e+01
  -4.7469565e+01
  -4.7515878e+01
  -4.7589433e+01
  -4.7703415e+01
  -4.7858889e+01
  -4.8052368e+01
  -4.8281716e+01
  -4.8547557e+01
  -4.8849907e+01
  -4.9181150e+01
  -4.9522400e+01
  -4.9850865e+01
  -5.0150672e+01
  -5.0414591e+01
  -5.0639082e+01
  -5.0820663e+01
  -5.0956751e+01
  -5.1051017e+01
  -5.1119278e+01
  -5.1186332e+01
  -5.1272104e+01
  -5.1382270e+01
  -5.1510833e+01
  -5.1646504e+01
  -5.1776782e+01
  -5.1890148e+01
  -5.1978690e+01
  -5.2042379e+01
  -5.2092294e+01
  -5.2146652e+01
  -5.2220120e+01
  -5.2316949e+01
  -5.2432636e+01
  -5.2558749e+01
  -5.2686467e+01
  -5.2808499e+01
  -5.2920385e+01
  -5.3021501e+01
  -5.3115197e+01
  -5.3207235e+01
  -5.3302884e+01
  -5.3404437e+01
  -5.3510545e+01
  -5.3617164e+01
  -5.3719200e+01
  -5.3812309e+01
  -5.3894620e+01
  -5.3967909e+01
  -5.4037267e+01
  -5.4108850e+01
  -5.4186971e+01
  -5.4272482e+01
  -5.4363100e+01
  -5.4454877e+01
  -5.4543847e+01
  -5.4627409e+01
  -5.4705165e+01
  -5.4778924e+01
  -5.4851697e+01
  -5.4926160e+01
  -5.5003467e+01
  -5.5083025e+01
  -5.5163162e+01
  -5.5242177e+01
  -5.5319250e+01
  -5.5394847e+01
  -5.5470416e+01
  -5.5547545e+01
  -5.5627060e+01
  -5.5708569e+01
  -5.5790635e+01
  -5.5871425e+01
  -5.5949520e+01
  -5.6024551e+01
  -5.6097393e+01
  -5.6169748e+01
  -5.6243322e+01
  -5.6319028e+01
  -5.6396661e+01
  -5.6475141e+01
  -5.6553125e+01
  -5.6629686e+01
  -5.6704733e+01
  -5.6779011e+01
  -5.6853651e+01
  -5.6929537e+01
  -5.7006841e+01
  -5.7084985e+01
  -5.7163009e+01
  -5.7240159e+01
  -5.7316393e+01
  -5.7392550e+01
  -5.7470054e+01
  -5.7550284e+01
  -5.7633952e+01
  -5.7720809e+01
  -5.7809778e+01
  -5.7899420e+01
  -5.7988507e+01
  -5.8076487e+01
  -5.8163673e+01
  -5.8251051e+01
  -5.8339799e+01
  -5.8430732e+01
  -5.8523962e+01
  -5.8618898e+01
  -5.8714544e+01
  -5.8809943e+01
  -5.8904575e+01
  -5.8998563e+01
  -5.9092591e+01
  -5.9187573e+01
  -5.9284227e+01
  -5.9382760e+01
  -5.9482803e+01
  -5.9583593e+01
  -5.9684301e+01
  -5.9784376e+01
  -5.9883762e+01
  -5.9982905e+01
  -6.0082547e+01
  -6.0183400e+01
  -6.0285851e+01
  -6.0389834e+01
  -6.0494914e+01
  -6.0600518e+01
  -6.0706215e+01
  -6.0811927e+01
  -6.0917991e+01
  -6.1025037e+01
  -6.1133745e+01
  -6.1244588e+01
  -6.1357667e+01
  -6.1472706e+01
  -6.1589188e+01
  -6.1706560e+01
  -6.1824429e+01
  -6.1942682e+01
  -6.2061485e+01
  -6.2181166e+01
  -6.2302036e+01
  -6.2424223e+01
  -6.2547583e+01
  -6.2671716e+01
  -6.2796079e+01
  -6.2920146e+01
  -6.3043550e+01
  -6.3166170e+01
  -6.3288110e+01
  -6.3409581e+01
  -6.3530720e+01
  -6.3651417e+01
  -6.3771214e+01
  -6.3889306e+01
  -6.4004669e+01
  -6.4116272e+01
  -6.4223335e+01
  -6.4325570e+01
  -6.4423310e+01
  -6.4517458e+01
  -6.4609255e+01
  -6.4699920e+01
  -6.4790327e+01
  -6.4880844e+01
  -6.4971380e+01
  -6.5061593e+01
  -6.5151162e+01
  -6.5240014e+01
  -6.5328429e+01
  -6.5416994e+01
  -6.5506421e+01
  -6.5597331e+01
  -6.5690069e+01
  -6.5784634e+01
  -6.5880723e+01
  -6.5977862e+01
  -6.6075570e+01
  -6.6173512e+01
  -6.6271591e+01
  -6.6369965e+01
  -6.6468983e+01
  -6.6569055e+01
  -6.6670496e+01
  -6.6773404e+01
  -6.6877598e+01
  -6.6982643e+01
  -6.7087956e+01
  -6.7192962e+01
  -6.7297273e+01
  -6.7400833e+01
  -6.7503972e+01
  -6.7607344e+01
  -6.7711743e+01
  -6.7817849e+01
  -6.7926004e+01
  -6.8036089e+01
  -6.8147534e+01
  -6.8259467e+01
  -6.8370932e+01
  -6.8481143e+01
  -6.8589685e+01
  -6.8696620e+01
  -6.8802443e+01
  -6.8907891e+01
  -6.9013668e+01
  -6.9120206e+01
  -6.9227537e+01
  -6.9335333e+01
  -6.9443070e+01
  -6.9550254e+01
  -6.9656616e+01
  -6.9762200e+01
  -6.9867310e+01
  -6.9972335e+01
  -7.0077527e+01
  -7.0182838e+01
  -7.0287885e+01
  -7.0392063e+01
  -7.0494773e+01
  -7.0595656e+01
  -7.0694770e+01
  -7.0792589e+01
  -7.0889841e+01
  -7.0987213e+01
  -7.1085090e+01
  -7.1183416e+01
  -7.1281762e+01
  -7.1379535e+01
  -7.1476246e+01
  -7.1571700e+01
  -7.1666030e+01
  -7.1759543e+01
  -7.1852446e+01
  -7.1944603e+01
  -7.2035452e+01
  -7.2124145e+01
  -7.2209893e+01
  -7.2292355e+01
  -7.2371902e+01
  -7.2449574e+01
  -7.2526668e+01
  -7.2604139e+01
  -7.2682129e+01
  -7.2759876e+01
  -7.2836060e+01
  -7.2909468e+01
  -7.2979685e+01
  -7.3047514e+01
  -7.3114814e+01
  -7.3183738e+01
  -7.3255766e+01
  -7.3331062e+01
  -7.3408480e+01
  -7.3486126e+01
  -7.3562211e+01
  -7.3635839e+01
  -7.3707417e+01
  -7.3778439e+01
  -7.3850700e+01
  -7.3925349e+01
  -7.4002329e+01
  -7.4080492e+01
  -7.4158290e+01
  -7.4234696e+01
  -7.4309943e+01
  -7.4385668e+01
  -7.4464257e+01
  -7.4547707e+01
  -7.4636618e+01
  -7.4729848e+01
  -7.4824904e+01
  -7.4918799e+01
  -7.5009131e+01
  -7.5095083e+01
  -7.5177949e+01
  -7.5260772e+01
  -7.5347043e+01
  -7.5439120e+01
  -7.5537263e+01
  -7.5639660e+01
  -7.5743206e+01
  -7.5844621e+01
  -7.5941602e+01
  -7.6033753e+01
  -7.6122885e+01
  -7.6212330e+01
  -7.6305453e+01
  -7.6404148e+01
  -7.6508161e+01
  -7.6615392e+01
  -7.6722833e+01
  -7.6827695e+01
  -7.6928440e+01
  -7.7025393e+01
  -7.7120613e+01
  -7.7216908e+01
  -7.7316461e+01
  -7.7419810e+01
  -7.7525702e+01
  -7.7631740e+01
  -7.7735469e+01
  -7.7835515e+01
  -7.7932357e+01
  -7.8028298e+01
  -7.8126460e+01
  -7.8229258e+01
  -7.8337226e+01
  -7.8448779e+01
  -7.8560841e+01
  -7.8669997e+01
  -7.8773826e+01
  -7.8872096e+01
  -7.8967240e+01
  -7.9063566e+01
  -7.9165343e+01
  -7.9274879e+01
  -7.9391684e+01
  -7.9512866e+01
  -7.9634233e+01
  -7.9751609e+01
  -7.9862163e+01
  -7.9965531e+01
  -8.0064232e+01
  -8.0162813e+01
  -8.0265887e+01
  -8.0376235e+01
  -8.0494090e+01
  -8.0617728e+01
  -8.0744700e+01
  -8.0873075e+01
  -8.1002259e+01
  -8.1133150e+01
  -8.1267541e+01
  -8.1407053e+01
  -8.1552162e+01
  -8.1701805e+01
  -8.1853693e+01
  -8.2005144e+01
  -8.2154206e+01
  -8.2300687e+01
  -8.2446583e+01
  -8.2595414e+01
  -8.2750571e+01
  -8.2913642e+01
  -8.3083659e+01
  -8.3257497e+01
  -8.3430967e+01
  -8.3600153e+01
  -8.3762664e+01
  -8.3918466e+01
  -8.4069822e+01
  -8.4220100e+01
  -8.4371974e+01
  -8.4526029e+01
  -8.4680440e+01
  -8.4831619e+01
  -8.4975445e+01
  -8.5108806e+01
  -8.5231205e+01
  -8.5345765e+01
  -8.5458616e+01
  -8.5576454e+01
  -8.5703710e+01
  -8.5841187e+01
  -8.5986504e+01
  -8.6135413e+01
  -8.6283150e+01
  -8.6425570e+01
  -8.6560102e+01
  -8.6686423e+01
  -8.6806521e+01
  -8.6923795e+01
  -8.7041442e+01
  -8.7160991e+01
  -8.7281798e+01
  -8.7401642e+01
  -8.7518042e+01
  -8.7629802e+01
  -8.7738149e+01
  -8.7846750e+01
  -8.7960226e+01
  -8.8081894e+01
  -8.8212123e+01
  -8.8348034e+01
  -8.8484300e+01
  -8.8614558e+01
  -8.8733450e+01
  -8.8839440e+01
  -8.8937474e+01
  -8.9038752e+01
  -8.9155900e+01
  -8.9296973e+01
  -8.9463233e+01
  -8.9650841e+01
  -8.9853457e+01
  -9.0064026e+01
  -9.0275739e+01
  -9.0482804e+01
  -9.0681634e+01
  -9.0872465e+01
  -9.1060339e+01
  -9.1253437e+01
  -9.1458413e+01
  -9.1675914e+01
  -9.1899774e+01
  -9.2120051e+01
  -9.2327901e+01
  -9.2520061e+01
  -9.2700584e+01
  -9.2878138e+01
  -9.3060535e+01
  -9.3250867e+01
  -9.3447251e+01
  -9.3644586e+01
  -9.3836377e+01
  -9.4016108e+01
  -9.4178564e+01
  -9.4321521e+01
  -9.4447454e+01
  -9.4563766e+01
  -9.4680090e+01
  -9.4803924e+01
  -9.4937853e+01
  -9.5079752e+01
  -9.5224642e+01
  -9.5366652e+01
  -9.5500638e+01
  -9.5623590e+01
  -9.5735772e+01
  -9.5840972e+01
  -9.5945149e+01
  -9.6053874e+01
  -9.6170131e+01
  -9.6293714e+01
  -9.6421998e+01
  -9.6551223e+01
  -9.6677659e+01
  -9.6798515e+01
  -9.6912546e+01
  -9.7020257e+01
  -9.7123571e+01
  -9.7225003e+01
  -9.7326710e+01
  -9.7429871e+01
  -9.7534649e+01
  -9.7640568e+01
  -9.7747023e+01
  -9.7853647e+01
  -9.7960399e+01
  -9.8067409e+01
  -9.8174701e+01
  -9.8281994e+01
  -9.8388688e+01
  -9.8494074e+01
  -9.8597660e+01
  -9.8699468e+01
  -9.8800140e+01
  -9.8900755e+01
  -9.9002407e+01
  -9.9105750e+01
  -9.9210721e+01
  -9.9316585e+01
  -9.9422249e+01
  -9.9526741e+01
  -9.9629658e+01
  -9.9731416e+01
  -9.9833155e+01
  -9.9936305e+01
  -1.0004200e+02
  -1.0015059e+02
  -1.0026154e+02
  -1.0037356e+02
  -1.0048508e+02
  -1.0059472e+02
  -1.0070179e+02
  -1.0080648e+02
  -1.0090980e+02
  -1.0101322e+02
  -1.0111805e+02
  -1.0122502e+02
  -1.0133405e+02
  -1.0144442e+02
  -1.0155510e+02
  -1.0166513e+02
  -1.0177397e+02
  -1.0188161e+02
  -1.0198846e+02
  -1.0209510e+02
  -1.0220191e+02
  -1.0230888e+02
  -1.0241549e+02
  -1.0252087e+02
  -1.0262406e+02
  -1.0272426e+02
  -1.0282105e+02
  -1.0291452e+02
  -1.0300516e+02
  -1.0309373e+02
  -1.0318096e+02
  -1.0326748e+02
  -1.0335376e+02
  -1.0344015e+02
  -1.0352696e+02
  -1.0361455e+02
  -1.0370328e+02
  -1.0379350e+02
  -1.0388551e+02
  -1.0397960e+02
  -1.0407606e+02
  -1.0417522e+02
  -1.0427742e+02
  -1.0438292e+02
  -1.0449176e+02
  -1.0460367e+02
  -1.0471802e+02
  -1.0483392e+02
  -1.0495038e+02
  -1.0506650e+02
  -1.0518173e+02
  -1.0529595e+02
  -1.0540944e+02
  -1.0552273e+02
  -1.0563626e+02
  -1.0575010e+02
  -1.0586383e+02
  -1.0597654e+02
  -1.0608715e+02
  -1.0619477e+02
  -1.0629915e+02
  -1.0640091e+02
  -1.0650151e+02
  -1.0660283e+02
  -1.0670649e+02
  -1.0681333e+02
  -1.0692313e+02
  -1.0703483e+02
  -1.0714695e+02
  -1.0725811e+02
  -1.0736761e+02
  -1.0747560e+02
  -1.0758302e+02
  -1.0769120e+02
  -1.0780119e+02
  -1.0791325e+02
  -1.0802675e+02
  -1.0814027e+02
  -1.0825217e+02
  -1.0836113e+02
  -1.0846668e+02
  -1.0856945e+02
  -1.0867093e+02
  -1.0877291e+02
  -1.0887664e+02
  -1.0898236e+02
  -1.0908919e+02
  -1.0919555e+02
  -1.0929982e+02
  -1.0940101e+02
  -1.0949929e+02
  -1.0959601e+02
  -1.0969317e+02
  -1.0979258e+02
  -1.0989512e+02
  -1.1000038e+02
  -1.1010689e+02
  -1.1021273e+02
  -1.1031619e+02
  -1.1041643e+02
  -1.1051368e+02
  -1.1060917e+02
  -1.1070447e+02
  -1.1080083e+02
  -1.1089866e+02
  -1.1099755e+02
  -1.1109671e+02
  -1.1119558e+02
  -1.1129425e+02
  -1.1139362e+02
  -1.1149498e+02
  -1.1159927e+02
  -1.1170654e+02
  -1.1181559e+02
  -1.1192425e+02
  -1.1202998e+02
  -1.1213077e+02
  -1.1222611e+02
  -1.1231749e+02
  -1.1240818e+02
  -1.1250197e+02
  -1.1260152e+02
  -1.1270729e+02
  -1.1281745e+02
  -1.1292856e+02
  -1.1303671e+02
  -1.1313876e+02
  -1.1323354e+02
  -1.1332260e+02
  -1.1340980e+02
  -1.1349967e+02
  -1.1359538e+02
  -1.1369746e+02
  -1.1380405e+02
  -1.1391199e+02
  -1.1401833e+02
  -1.1412167e+02
  -1.1422286e+02
  -1.1432468e+02
  -1.1443026e+02
  -1.1454131e+02
  -1.1465689e+02
  -1.1477343e+02
  -1.1488583e+02
  -1.1498929e+02
  -1.1508199e+02
  -1.1516754e+02
  -1.1525511e+02
  -1.1535563e+02
  -1.1547652e+02
  -1.1561912e+02
  -1.1577968e+02
  -1.1595158e+02
  -1.1612719e+02
  -1.1629926e+02
  -1.1646254e+02
  -1.1661677e+02
  -1.1677033e+02
  -1.1694201e+02
  -1.1715838e+02
  -1.1744896e+02
  -1.1784098e+02
  -1.1833657e+02
  -1.1886856e+02
  -1.1933663e+02
  -1.1970243e+02
  -1.1997783e+02
  -1.2018326e+02
  -1.2033857e+02
  -1.2046521e+02
  -1.2058414e+02
  -1.2070972e+02
  -1.2084682e+02
  -1.2099298e+02
  -1.2114223e+02
  -1.2128790e+02
  -1.2142442e+02
  -1.2154868e+02
  -1.2166101e+02
  -1.2176523e+02
  -1.2186718e+02
  -1.2197203e+02
  -1.2208219e+02
  -1.2219673e+02
  -1.2231225e+02
  -1.2242426e+02
  -1.2252863e+02
  -1.2262291e+02
  -1.2270749e+02
  -1.2278589e+02
  -1.2286379e+02
  -1.2294695e+02
  -1.2303925e+02
  -1.2314200e+02
  -1.2325428e+02
  -1.2337387e+02
  -1.2349792e+02
  -1.2362346e+02
  -1.2374762e+02
  -1.2386793e+02
  -1.2398256e+02
  -1.2409087e+02
  -1.2419376e+02
  -1.2429380e+02
  -1.2439459e+02
  -1.2449966e+02
  -1.2461120e+02
  -1.2472943e+02
  -1.2485272e+02
  -1.2497826e+02
  -1.2510304e+02
  -1.2522486e+02
  -1.2534330e+02
  -1.2546008e+02
  -1.2557860e+02
  -1.2570251e+02
  -1.2583405e+02
  -1.2597297e+02
  -1.2611653e+02
  -1.2626005e+02
  -1.2639795e+02
  -1.2652507e+02
  -1.2663851e+02
  -1.2673965e+02
  -1.2683477e+02
  -1.2693280e+02
  -1.2704098e+02
  -1.2716165e+02
  -1.2729211e+02
  -1.2742654e+02
  -1.2755819e+02
  -1.2768155e+02
  -1.2779445e+02
  -1.2789942e+02
  -1.2800319e+02
  -1.2811353e+02
  -1.2823546e+02
  -1.2836946e+02
  -1.2851215e+02
  -1.2865807e+02
  -1.2880141e+02
  -1.2893747e+02
  -1.2906401e+02
  -1.2918210e+02
  -1.2929583e+02
  -1.2941053e+02
  -1.2953021e+02
  -1.2965590e+02
  -1.2978556e+02
  -1.2991521e+02
  -1.3004052e+02
  -1.3015850e+02
  -1.3026890e+02
  -1.3037478e+02
  -1.3048148e+02
  -1.3059419e+02
  -1.3071555e+02
  -1.3084483e+02
  -1.3097849e+02
  -1.3111145e+02
  -1.3123855e+02
  -1.3135596e+02
  -1.3146267e+02
  -1.3156128e+02
  -1.3165729e+02
  -1.3175672e+02
  -1.3186337e+02
  -1.3197764e+02
  -1.3209712e+02
  -1.3221815e+02
  -1.3233745e+02
  -1.3245340e+02
  -1.3256668e+02
  -1.3267987e+02
  -1.3279616e+02
  -1.3291771e+02
  -1.3304471e+02
  -1.3317535e+02
  -1.3330652e+02
  -1.3343483e+02
  -1.3355766e+02
  -1.3367401e+02
  -1.3378489e+02
  -1.3389302e+02
  -1.3400158e+02
  -1.3411299e+02
  -1.3422804e+02
  -1.3434593e+02
  -1.3446497e+02
  -1.3458339e+02
  -1.3469999e+02
  -1.3481453e+02
  -1.3492751e+02
  -1.3503972e+02
  -1.3515161e+02
  -1.3526299e+02
  -1.3537305e+02
  -1.3548088e+02
  -1.3558602e+02
  -1.3568901e+02
  -1.3579141e+02
  -1.3589526e+02
  -1.3600228e+02
  -1.3611304e+02
  -1.3622674e+02
  -1.3634147e+02
  -1.3645485e+02
  -1.3656485e+02
  -1.3667063e+02
  -1.3677291e+02
  -1.3687387e+02
  -1.3697626e+02
  -1.3708225e+02
  -1.3719258e+02
  -1.3730633e+02
  -1.3742141e+02
  -1.3753533e+02
  -1.3764605e+02
  -1.3775269e+02
  -1.3785589e+02
  -1.3795752e+02
  -1.3805992e+02
  -1.3816481e+02
  -1.3827272e+02
  -1.3838288e+02
  -1.3849371e+02
  -1.3860356e+02
  -1.3871143e+02
  -1.3881728e+02
  -1.3892209e+02
  -1.3902723e+02
  -1.3913382e+02
  -1.3924210e+02
  -1.3935133e+02
  -1.3946013e+02
  -1.3956703e+02
  -1.3967115e+02
  -1.3977257e+02
  -1.3987232e+02
  -1.3997192e+02
  -1.4007257e+02
  -1.4017463e+02
  -1.4027752e+02
  -1.4038003e+02
  -1.4048107e+02
  -1.4058025e+02
  -1.4067827e+02
  -1.4077661e+02
  -1.4087689e+02
  -1.4097991e+02
  -1.4108509e+02
  -1.4119050e+02
  -1.4129336e+02
  -1.4139095e+02
  -1.4148173e+02
  -1.4156626e+02
  -1.4164747e+02
  -1.4172971e+02
  -1.4181706e+02
  -1.4191172e+02
  -1.4201348e+02
  -1.4212022e+02
  -1.4222891e+02
  -1.4233659e+02
  -1.4244122e+02
  -1.4254214e+02
  -1.4264014e+02
  -1.4273694e+02
  -1.4283447e+02
  -1.4293412e+02
  -1.4303643e+02
  -1.4314131e+02
  -1.4324844e+02
  -1.4335770e+02
  -1.4346931e+02
  -1.4358368e+02
  -1.4370111e+02
  -1.4382145e+02
  -1.4394393e+02
  -1.4406734e+02
  -1.4419038e+02
  -1.4431212e+02
  -1.4443246e+02
  -1.4455224e+02
  -1.4467299e+02
  -1.4479641e+02
  -1.4492365e+02
  -1.4505495e+02
  -1.4518963e+02
  -1.4532648e+02
  -1.4546435e+02
  -1.4560268e+02
  -1.4574177e+02
  -1.4588263e+02
  -1.4602642e+02
  -1.4617358e+02
  -1.4632317e+02
  -1.4647251e+02
  -1.4661724e+02
  -1.4675196e+02
  -1.4687151e+02
  -1.4697333e+02
  -1.4706021e+02
  -1.4714118e+02
  -1.4722797e+02
  -1.4732869e+02
  -1.4744409e+02
  -1.4756817e+02
  -1.4769094e+02
  -1.4780140e+02
  -1.4789156e+02
  -1.4796218e+02
  -1.4802657e+02
  -1.4810522e+02
  -1.4821303e+02
  -1.4835272e+02
  -1.4851786e+02
  -1.4869828e+02
  -1.4888345e+02
  -1.4906434e+02
  -1.4923553e+02
  -1.4939858e+02
  -1.4956444e+02
  -1.4975082e+02
  -1.4997379e+02
  -1.5024057e+02
  -1.5054793e+02
  -1.5088375e+02
  -1.5122929e+02
  -1.5156243e+02
  -1.5186182e+02
  -1.5211064e+02
  -1.5230051e+02
  -1.5243725e+02
  -1.5254335e+02
  -1.5264680e+02
  -1.5276399e+02
  -1.5289530e+02
  -1.5303214e+02
  -1.5316430e+02
  -1.5328446e+02
  -1.5339114e+02
  -1.5348986e+02
  -1.5359066e+02
  -1.5370255e+02
  -1.5382923e+02
  -1.5396855e+02
  -1.5411458e+02
  -1.5425992e+02
  -1.5439748e+02
  -1.5452213e+02
  -1.5463250e+02
  -1.5473222e+02
  -1.5482892e+02
  -1.5493073e+02
  -1.5504229e+02
  -1.5516325e+02
  -1.5528925e+02
  -1.5541400e+02
  -1.5553138e+02
  -1.5563754e+02
  -1.5573286e+02
  -1.5582251e+02
  -1.5591447e+02
  -1.5601557e+02
  -1.5612837e+02
  -1.5625079e+02
  -1.5637768e+02
  -1.5650289e+02
  -1.5662116e+02
  -1.5672995e+02
  -1.5683076e+02
  -1.5692894e+02
  -1.5703128e+02
  -1.5714271e+02
  -1.5726419e+02
  -1.5739291e+02
  -1.5752378e+02
  -1.5765111e+02
  -1.5777041e+02
  -1.5787997e+02
  -1.5798190e+02
  -1.5808162e+02
  -1.5818535e+02
  -1.5829717e+02
  -1.5841745e+02
  -1.5854324e+02
  -1.5866974e+02
  -1.5879200e+02
  -1.5890644e+02
  -1.5901223e+02
  -1.5911185e+02
  -1.5921020e+02
  -1.5931242e+02
  -1.5942176e+02
  -1.5953863e+02
  -1.5966119e+02
  -1.5978655e+02
  -1.5991201e+02
  -1.6003577e+02
  -1.6015725e+02
  -1.6027675e+02
  -1.6039474e+02
  -1.6051114e+02
  -1.6062495e+02
  -1.6073438e+02
  -1.6083772e+02
  -1.6093440e+02
  -1.6102601e+02
  -1.6111632e+02
  -1.6121011e+02
  -1.6131116e+02
  -1.6142083e+02
  -1.6153778e+02
  -1.6165882e+02
  -1.6178005e+02
  -1.6189814e+02
  -1.6201142e+02
  -1.6212053e+02
  -1.6222826e+02
  -1.6233837e+02
  -1.6245387e+02
  -1.6257584e+02
  -1.6270314e+02
  -1.6283305e+02
  -1.6296232e+02
  -1.6308816e+02
  -1.6320926e+02
  -1.6332621e+02
  -1.6344134e+02
  -1.6355772e+02
  -1.6367782e+02
  -1.6380264e+02
  -1.6393158e+02
  -1.6406301e+02
  -1.6419518e+02
  -1.6432689e+02
  -1.6445793e+02
  -1.6458890e+02
  -1.6472064e+02
  -1.6485354e+02
  -1.6498710e+02
  -1.6511992e+02
  -1.6525022e+02
  -1.6537672e+02
  -1.6549937e+02
  -1.6561972e+02
  -1.6574051e+02
  -1.6586444e+02
  -1.6599289e+02
  -1.6612514e+02
  -1.6625846e+02
  -1.6638866e+02
  -1.6651125e+02
  -1.6662272e+02
  -1.6672209e+02
  -1.6681211e+02
  -1.6689883e+02
  -1.6698930e+02
  -1.6708862e+02
  -1.6719836e+02
  -1.6731704e+02
  -1.6744152e+02
  -1.6756843e+02
  -1.6769511e+02
  -1.6782011e+02
  -1.6794306e+02
  -1.6806430e+02
  -1.6818419e+02
  -1.6830273e+02
  -1.6841946e+02
  -1.6853390e+02
  -1.6864615e+02
  -1.6875735e+02
  -1.6886965e+02
  -1.6898540e+02
  -1.6910612e+02
  -1.6923168e+02
  -1.6936012e+02
  -1.6948809e+02
  -1.6961184e+02
  -1.6972848e+02
  -1.6983737e+02
  -1.6994095e+02
  -1.7004418e+02
  -1.7015243e+02
  -1.7026888e+02
  -1.7039324e+02
  -1.7052203e+02
  -1.7065000e+02
  -1.7077182e+02
  -1.7088414e+02
  -1.7098749e+02
  -1.7108702e+02
  -1.7119062e+02
  -1.7130514e+02
  -1.7143330e+02
  -1.7157314e+02
  -1.7171931e+02
  -1.7186463e+02
  -1.7200163e+02
  -1.7212402e+02
  -1.7222891e+02
  -1.7231898e+02
  -1.7240285e+02
  -1.7249158e+02
  -1.7259333e+02
  -1.7271034e+02
  -1.7283983e+02
  -1.7297638e+02
  -1.7311409e+02
  -1.7324802e+02
  -1.7337515e+02
  -1.7349488e+02
  -1.7360891e+02
  -1.7372027e+02
  -1.7383181e+02
  -1.7394506e+02
  -1.7405990e+02
  -1.7417522e+02
  -1.7428989e+02
  -1.7440372e+02
  -1.7451774e+02
  -1.7463377e+02
  -1.7475339e+02
  -1.7487696e+02
  -1.7500319e+02
  -1.7512932e+02
  -1.7525207e+02
  -1.7536875e+02
  -1.7547868e+02
  -1.7558398e+02
  -1.7568919e+02
  -1.7579940e+02
  -1.7591790e+02
  -1.7604486e+02
  -1.7617743e+02
  -1.7631096e+02
  -1.7644045e+02
  -1.7656232e+02
  -1.7667598e+02
  -1.7678474e+02
  -1.7689476e+02
  -1.7701216e+02
  -1.7714018e+02
  -1.7727800e+02
  -1.7742154e+02
  -1.7756497e+02
  -1.7770248e+02
  -1.7782997e+02
  -1.7794686e+02
  -1.7805688e+02
  -1.7816688e+02
  -1.7828353e+02
  -1.7841019e+02
  -1.7854587e+02
  -1.7868636e+02
  -1.7882597e+02
  -1.7895946e+02
  -1.7908368e+02
  -1.7919905e+02
  -1.7930961e+02
  -1.7942134e+02
  -1.7953914e+02
  -1.7966460e+02
  -1.7979577e+02
  -1.7992845e+02
  -1.8005808e+02
  -1.8018168e+02
  -1.8029943e+02
  -1.8041501e+02
  -1.8053415e+02
  -1.8066177e+02
  -1.8079962e+02
  -1.8094576e+02
  -1.8109545e+02
  -1.8124274e+02
  -1.8138228e+02
  -1.8151144e+02
  -1.8163222e+02
  -1.8175147e+02
  -1.8187812e+02
  -1.8201882e+02
  -1.8217510e+02
  -1.8234356e+02
  -1.8251736e+02
  -1.8268792e+02
  -1.8284617e+02
  -1.8298447e+02
  -1.8309966e+02
  -1.8319665e+02
  -1.8328859e+02
  -1.8339051e+02
  -1.8351121e+02
  -1.8365082e+02
  -1.8380361e+02
  -1.8396174e+02
  -1.8411771e+02
  -1.8426580e+02
  -1.8440303e+02
  -1.8452969e+02
  -1.8464894e+02
  -1.8476514e+02
  -1.8488173e+02
  -1.8499986e+02
  -1.8511851e+02
  -1.8523567e+02
  -1.8534988e+02
  -1.8546130e+02
  -1.8557199e+02
  -1.8568500e+02
  -1.8580284e+02
  -1.8592625e+02
  -1.8605376e+02
  -1.8618215e+02
  -1.8630744e+02
  -1.8642600e+02
  -1.8653581e+02
  -1.8663746e+02
  -1.8673423e+02
  -1.8683096e+02
  -1.8693185e+02
  -1.8703876e+02
  -1.8715074e+02
  -1.8726483e+02
  -1.8737729e+02
  -1.8748506e+02
  -1.8758693e+02
  -1.8768417e+02
  -1.8778027e+02
  -1.8787948e+02
  -1.8798507e+02
  -1.8809830e+02
  -1.8821840e+02
  -1.8834333e+02
  -1.8847070e+02
  -1.8859856e+02
  -1.8872582e+02
  -1.8885236e+02
  -1.8897875e+02
  -1.8910584e+02
  -1.8923430e+02
  -1.8936439e+02
  -1.8949592e+02
  -1.8962841e+02
  -1.8976129e+02
  -1.8989397e+02
  -1.9002588e+02
  -1.9015629e+02
  -1.9028430e+02
  -1.9040880e+02
  -1.9052878e+02
  -1.9064365e+02
  -1.9075372e+02
  -1.9086036e+02
  -1.9096575e+02
  -1.9107218e+02
  -1.9118115e+02
  -1.9129279e+02
  -1.9140591e+02
  -1.9151851e+02
  -1.9162863e+02
  -1.9173524e+02
  -1.9183890e+02
  -1.9194170e+02
  -1.9204650e+02
  -1.9215564e+02
  -1.9226990e+02
  -1.9238819e+02
  -1.9250795e+02
  -1.9262601e+02
  -1.9273966e+02
  -1.9284768e+02
  -1.9295102e+02
  -1.9305260e+02
  -1.9315619e+02
  -1.9326469e+02
  -1.9337894e+02
  -1.9349751e+02
  -1.9361744e+02
  -1.9373535e+02
  -1.9384871e+02
  -1.9395692e+02
  -1.9406179e+02
  -1.9416690e+02
  -1.9427592e+02
  -1.9439089e+02
  -1.9451124e+02
  -1.9463412e+02
  -1.9475538e+02
  -1.9487114e+02
  -1.9497937e+02
  -1.9508129e+02
  -1.9518148e+02
  -1.9528608e+02
  -1.9539992e+02
  -1.9552434e+02
  -1.9565693e+02
  -1.9579258e+02
  -1.9592497e+02
  -1.9604823e+02
  -1.9615885e+02
  -1.9625773e+02
  -1.9635088e+02
  -1.9644727e+02
  -1.9655452e+02
  -1.9667562e+02
  -1.9680867e+02
  -1.9694859e+02
  -1.9708899e+02
  -1.9722387e+02
  -1.9734889e+02
  -1.9746271e+02
  -1.9756760e+02
  -1.9766880e+02
  -1.9777219e+02
  -1.9788176e+02
  -1.9799837e+02
  -1.9812028e+02
  -1.9824449e+02
  -1.9836813e+02
  -1.9848948e+02
  -1.9860840e+02
  -1.9872605e+02
  -1.9884421e+02
  -1.9896430e+02
  -1.9908687e+02
  -1.9921165e+02
  -1.9933800e+02
  -1.9946555e+02
  -1.9959463e+02
  -1.9972616e+02
  -1.9986120e+02
  -2.0000027e+02
  -2.0014277e+02
  -2.0028681e+02
  -2.0042953e+02
  -2.0056771e+02
  -2.0069880e+02
  -2.0082203e+02
  -2.0093929e+02
  -2.0105492e+02
  -2.0117406e+02
  -2.0130049e+02
  -2.0143505e+02
  -2.0157567e+02
  -2.0171832e+02
  -2.0185847e+02
  -2.0199264e+02
  -2.0211978e+02
  -2.0224209e+02
  -2.0236431e+02
  -2.0249166e+02
  -2.0262745e+02
  -2.0277195e+02
  -2.0292273e+02
  -2.0307586e+02
  -2.0322715e+02
  -2.0337326e+02
  -2.0351244e+02
  -2.0364498e+02
  -2.0377286e+02
  -2.0389885e+02
  -2.0402535e+02
  -2.0415361e+02
  -2.0428372e+02
  -2.0441516e+02
  -2.0454749e+02
  -2.0468076e+02
  -2.0481551e+02
  -2.0495228e+02
  -2.0509093e+02
  -2.0523017e+02
  -2.0536743e+02
  -2.0549920e+02
  -2.0562190e+02
  -2.0573327e+02
  -2.0583394e+02
  -2.0592840e+02
  -2.0602401e+02
  -2.0612809e+02
  -2.0624490e+02
  -2.0637466e+02
  -2.0651447e+02
  -2.0665985e+02
  -2.0680624e+02
  -2.0695005e+02
  -2.0708939e+02
  -2.0722429e+02
  -2.0735631e+02
  -2.0748729e+02
  -2.0761808e+02
  -2.0774758e+02
  -2.0787285e+02
  -2.0799009e+02
  -2.0809662e+02
  -2.0819304e+02
  -2.0828468e+02
  -2.0838008e+02
  -2.0848713e+02
  -2.0860944e+02
  -2.0874549e+02
  -2.0889006e+02
  -2.0903613e+02
  -2.0917650e+02
  -2.0930541e+02
  -2.0942033e+02
  -2.0952364e+02
  -2.0962244e+02
  -2.0972560e+02
  -2.0983939e+02
  -2.0996509e+02
  -2.1009947e+02
  -2.1023654e+02
  -2.1036943e+02
  -2.1049204e+02
  -2.1060078e+02
  -2.1069626e+02
  -2.1078393e+02
  -2.1087215e+02
  -2.1096837e+02
  -2.1107610e+02
  -2.1119445e+02
  -2.1131966e+02
  -2.1144696e+02
  -2.1157197e+02
  -2.1169181e+02
  -2.1180562e+02
  -2.1191466e+02
  -2.1202162e+02
  -2.1212951e+02
  -2.1224047e+02
  -2.1235529e+02
  -2.1247351e+02
  -2.1259394e+02
  -2.1271516e+02
  -2.1283586e+02
  -2.1295491e+02
  -2.1307139e+02
  -2.1318458e+02
  -2.1329419e+02
  -2.1340078e+02
  -2.1350614e+02
  -2.1361321e+02
  -2.1372539e+02
  -2.1384542e+02
  -2.1397425e+02
  -2.1411074e+02
  -2.1425183e+02
  -2.1439332e+02
  -2.1453071e+02
  -2.1466049e+02
  -2.1478141e+02
  -2.1489553e+02
  -2.1500794e+02
  -2.1512481e+02
  -2.1525060e+02
  -2.1538639e+02
  -2.1552985e+02
  -2.1567643e+02
  -2.1582069e+02
  -2.1595769e+02
  -2.1608437e+02
  -2.1620075e+02
  -2.1631031e+02
  -2.1641880e+02
  -2.1653159e+02
  -2.1665144e+02
  -2.1677780e+02
  -2.1690770e+02
  -2.1703732e+02
  -2.1716350e+02
  -2.1728496e+02
  -2.1740282e+02
  -2.1752008e+02
  -2.1764009e+02
  -2.1776484e+02
  -2.1789390e+02
  -2.1802459e+02
  -2.1815282e+02
  -2.1827452e+02
  -2.1838731e+02
  -2.1849197e+02
  -2.1859303e+02
  -2.1869718e+02
  -2.1881035e+02
  -2.1893520e+02
  -2.1907055e+02
  -2.1921234e+02
  -2.1935517e+02
  -2.1949364e+02
  -2.1962377e+02
  -2.1974420e+02
  -2.1985696e+02
  -2.1996690e+02
  -2.2007946e+02
  -2.2019818e+02
  -2.2032327e+02
  -2.2045208e+02
  -2.2058044e+02
  -2.2070440e+02
  -2.2082191e+02
  -2.2093385e+02
  -2.2104399e+02
  -2.2115726e+02
  -2.2127742e+02
  -2.2140546e+02
  -2.2153950e+02
  -2.2167575e+02
  -2.2180991e+02
  -2.2193835e+02
  -2.2205922e+02
  -2.2217300e+02
  -2.2228213e+02
  -2.2238980e+02
  -2.2249831e+02
  -2.2260816e+02
  -2.2271818e+02
  -2.2282661e+02
  -2.2293241e+02
  -2.2303627e+02
  -2.2314065e+02
  -2.2324871e+02
  -2.2336272e+02
  -2.2348278e+02
  -2.2360659e+02
  -2.2373006e+02
  -2.2384848e+02
  -2.2395801e+02
  -2.2405739e+02
  -2.2414926e+02
  -2.2423979e+02
  -2.2433618e+02
  -2.2444331e+02
  -2.2456195e+02
  -2.2468916e+02
  -2.2481966e+02
  -2.2494753e+02
  -2.2506768e+02
  -2.2517743e+02
  -2.2527772e+02
  -2.2537325e+02
  -2.2547061e+02
  -2.2557517e+02
  -2.2568893e+02
  -2.2581035e+02
  -2.2593567e+02
  -2.2606066e+02
  -2.2618208e+02
  -2.2629876e+02
  -2.2641175e+02
  -2.2652349e+02
  -2.2663620e+02
  -2.2675041e+02
  -2.2686465e+02
  -2.2697637e+02
  -2.2708382e+02
  -2.2718793e+02
  -2.2729313e+02
  -2.2740583e+02
  -2.2753139e+02
  -2.2767154e+02
  -2.2782371e+02
  -2.2798190e+02
  -2.2813779e+02
  -2.2828188e+02
  -2.2840507e+02
  -2.2850214e+02
  -2.2857674e+02
  -2.2864385e+02
  -2.2872313e+02
  -2.2882748e+02
  -2.2895832e+02
  -2.2910909e+02
  -2.2926996e+02
  -2.2943046e+02
  -2.2958070e+02
  -2.2971239e+02
  -2.2982106e+02
  -2.2990915e+02
  -2.2998734e+02
  -2.3007049e+02
  -2.3016984e+02
  -2.3028874e+02
  -2.3042385e+02
  -2.3056855e+02
  -2.3071554e+02
  -2.3085835e+02
  -2.3099228e+02
  -2.3111526e+02
  -2.3122846e+02
  -2.3133590e+02
  -2.3144293e+02
  -2.3155406e+02
  -2.3167143e+02
  -2.3179475e+02
  -2.3192211e+02
  -2.3205119e+02
  -2.3218021e+02
  -2.3230859e+02
  -2.3243713e+02
  -2.3256771e+02
  -2.3270263e+02
  -2.3284381e+02
  -2.3299218e+02
  -2.3314734e+02
  -2.3330747e+02
  -2.3346940e+02
  -2.3362867e+02
  -2.3377971e+02
  -2.3391653e+02
  -2.3403437e+02
  -2.3413280e+02
  -2.3421891e+02
  -2.3430679e+02
  -2.3441109e+02
  -2.3453994e+02
  -2.3469324e+02
  -2.3486547e+02
  -2.3504880e+02
  -2.3523490e+02
  -2.3541574e+02
  -2.3558420e+02
  -2.3573520e+02
  -2.3586761e+02
  -2.3598601e+02
  -2.3610017e+02
  -2.3622084e+02
  -2.3635469e+02
  -2.3650215e+02
  -2.3665848e+02
  -2.3681582e+02
  -2.3696490e+02
  -2.3709662e+02
  -2.3720466e+02
  -2.3728961e+02
  -2.3736210e+02
  -2.3743940e+02
  -2.3753569e+02
  -2.3765541e+02
  -2.3779424e+02
  -2.3794348e+02
  -2.3809339e+02
  -2.3823530e+02
  -2.3836342e+02
  -2.3847696e+02
  -2.3858138e+02
  -2.3868647e+02
  -2.3880134e+02
  -2.3893014e+02
  -2.3907143e+02
  -2.3922031e+02
  -2.3937102e+02
  -2.3951908e+02
  -2.3966258e+02
  -2.3980265e+02
  -2.3994246e+02
  -2.4008521e+02
  -2.4023214e+02
  -2.4038165e+02
  -2.4052972e+02
  -2.4067124e+02
  -2.4080183e+02
  -2.4092000e+02
  -2.4102887e+02
  -2.4113581e+02
  -2.4124937e+02
  -2.4137533e+02
  -2.4151472e+02
  -2.4166447e+02
  -2.4181913e+02
  -2.4197244e+02
  -2.4211851e+02
  -2.4225295e+02
  -2.4237405e+02
  -2.4248358e+02
  -2.4258653e+02
  -2.4268900e+02
  -2.4279547e+02
  -2.4290715e+02
  -2.4302209e+02
  -2.4313666e+02
