   3.1415927e+00
   2.7371158e+00
   2.3318263e+00
   1.9246672e+00
   1.5138704e+00
   1.0955878e+00
   6.5791760e-01
   1.2683449e-01
  -2.7066605e+00
  -3.4996629e+00
  -3.9717771e+00
  -4.4214678e+00
  -4.8777091e+00
  -5.3606315e+00
  -5.9115539e+00
  -6.6668263e+00
  -7.9670617e+00
  -9.1449414e+00
  -9.8448421e+00
  -1.0394476e+01
  -1.0899555e+01
  -1.1398707e+01
  -1.1922367e+01
  -1.2538656e+01
  -1.3640552e+01
  -1.5594472e+01
  -1.6482379e+01
  -1.7162960e+01
  -1.7843559e+01
  -1.8559099e+01
  -1.9285797e+01
  -1.9978057e+01
  -2.0616264e+01
  -2.1215872e+01
  -2.1820153e+01
  -2.2548930e+01
  -2.3876129e+01
  -2.5284012e+01
  -2.5992164e+01
  -2.6504725e+01
  -2.6948902e+01
  -2.7355534e+01
  -2.7729497e+01
  -2.8049568e+01
  -2.8100223e+01
  -2.6275691e+01
  -2.6343628e+01
  -2.6617557e+01
  -2.6910389e+01
  -2.7192293e+01
  -2.7447459e+01
  -2.7659903e+01
  -2.7812114e+01
  -2.7895141e+01
  -2.7932104e+01
  -2.7979565e+01
  -2.8078815e+01
  -2.8229486e+01
  -2.8406173e+01
  -2.8559640e+01
  -2.8494825e+01
  -2.7210351e+01
  -2.6870313e+01
  -2.7008903e+01
  -2.7220540e+01
  -2.7442226e+01
  -2.7648747e+01
  -2.7819570e+01
  -2.7931853e+01
  -2.7965510e+01
  -2.7928359e+01
  -2.7875934e+01
  -2.7862703e+01
  -2.7891114e+01
  -2.7929833e+01
  -2.7942662e+01
  -2.7910654e+01
  -2.7858488e+01
  -2.7843546e+01
  -2.7897490e+01
  -2.8011270e+01
  -2.8159850e+01
  -2.8314345e+01
  -2.8435209e+01
  -2.8443691e+01
  -2.8184237e+01
  -2.7753196e+01
  -2.7604792e+01
  -2.7679607e+01
  -2.7846104e+01
  -2.8047422e+01
  -2.8255676e+01
  -2.8449859e+01
  -2.8603715e+01
  -2.8671598e+01
  -2.8577417e+01
  -2.8310761e+01
  -2.8101047e+01
  -2.8069775e+01
  -2.8147240e+01
  -2.8268880e+01
  -2.8398420e+01
  -2.8514087e+01
  -2.8602993e+01
  -2.8662971e+01
  -2.8706102e+01
  -2.8754184e+01
  -2.8824931e+01
  -2.8922993e+01
  -2.9042203e+01
  -2.9171297e+01
  -2.9297280e+01
  -2.9406633e+01
  -2.9486623e+01
  -2.9529460e+01
  -2.9540152e+01
  -2.9540484e+01
  -2.9557331e+01
  -2.9604892e+01
  -2.9681321e+01
  -2.9776547e+01
  -2.9879200e+01
  -2.9979885e+01
  -3.0072697e+01
  -3.0156150e+01
  -3.0233148e+01
  -3.0309134e+01
  -3.0388823e+01
  -3.0473443e+01
  -3.0559950e+01
  -3.0641974e+01
  -3.0711711e+01
  -3.0762598e+01
  -3.0792863e+01
  -3.0808384e+01
  -3.0821157e+01
  -3.0842459e+01
  -3.0876591e+01
  -3.0920403e+01
  -3.0967073e+01
  -3.1010578e+01
  -3.1049182e+01
  -3.1086731e+01
  -3.1130510e+01
  -3.1186657e+01
  -3.1256616e+01
  -3.1336708e+01
  -3.1419762e+01
  -3.1497076e+01
  -3.1560208e+01
  -3.1602889e+01
  -3.1623148e+01
  -3.1624647e+01
  -3.1615707e+01
  -3.1606503e+01
  -3.1607077e+01
  -3.1627122e+01
  -3.1675411e+01
  -3.1757876e+01
  -3.1876164e+01
  -3.2028073e+01
  -3.2209147e+01
  -3.2414181e+01
  -3.2638084e+01
  -3.2876198e+01
  -3.3124258e+01
  -3.3378148e+01
  -3.3633457e+01
  -3.3884680e+01
  -3.4123595e+01
  -3.4335371e+01
  -3.4487739e+01
  -3.4498887e+01
  -3.4205003e+01
  -3.3778507e+01
  -3.3662121e+01
  -3.3747050e+01
  -3.3909031e+01
  -3.4097638e+01
  -3.4289738e+01
  -3.4471792e+01
  -3.4634291e+01
  -3.4770647e+01
  -3.4878231e+01
  -3.4959835e+01
  -3.5022893e+01
  -3.5075067e+01
  -3.5119281e+01
  -3.5153181e+01
  -3.5174455e+01
  -3.5188715e+01
  -3.5212159e+01
  -3.5263045e+01
  -3.5350296e+01
  -3.5471170e+01
  -3.5615802e+01
  -3.5771175e+01
  -3.5922112e+01
  -3.6050106e+01
  -3.6132134e+01
  -3.6146011e+01
  -3.6095394e+01
  -3.6036256e+01
  -3.6033043e+01
  -3.6099485e+01
  -3.6214449e+01
  -3.6350844e+01
  -3.6482923e+01
  -3.6583818e+01
  -3.6624206e+01
  -3.6586009e+01
  -3.6500779e+01
  -3.6447096e+01
  -3.6468097e+01
  -3.6551491e+01
  -3.6668681e+01
  -3.6793705e+01
  -3.6904515e+01
  -3.6981787e+01
  -3.7012044e+01
  -3.6997579e+01
  -3.6963005e+01
  -3.6938891e+01
  -3.6936887e+01
  -3.6948187e+01
  -3.6958072e+01
  -3.6959169e+01
  -3.6957870e+01
  -3.6969343e+01
  -3.7004087e+01
  -3.7059929e+01
  -3.7124098e+01
  -3.7178728e+01
  -3.7206919e+01
  -3.7202547e+01
  -3.7181596e+01
  -3.7176693e+01
  -3.7211106e+01
  -3.7285353e+01
  -3.7385528e+01
  -3.7493439e+01
  -3.7591050e+01
  -3.7663123e+01
  -3.7702733e+01
  -3.7719165e+01
  -3.7736842e+01
  -3.7777676e+01
  -3.7845419e+01
  -3.7926317e+01
  -3.7995089e+01
  -3.8017601e+01
  -3.7959965e+01
  -3.7830830e+01
  -3.7716253e+01
  -3.7687672e+01
  -3.7738688e+01
  -3.7834155e+01
  -3.7942317e+01
  -3.8038274e+01
  -3.8103605e+01
  -3.8131282e+01
  -3.8133480e+01
  -3.8136653e+01
  -3.8158857e+01
  -3.8194801e+01
  -3.8219382e+01
  -3.8197712e+01
  -3.8107780e+01
  -3.7985556e+01
  -3.7912349e+01
  -3.7922090e+01
  -3.7992400e+01
  -3.8086812e+01
  -3.8169482e+01
  -3.8204634e+01
  -3.8165063e+01
  -3.8067743e+01
  -3.7986227e+01
  -3.7970797e+01
  -3.8008704e+01
  -3.8061372e+01
  -3.8090361e+01
  -3.8073062e+01
  -3.8028613e+01
  -3.8015779e+01
  -3.8074140e+01
  -3.8199733e+01
  -3.8370226e+01
  -3.8561967e+01
  -3.8750290e+01
  -3.8899362e+01
  -3.8934344e+01
  -3.8702886e+01
  -3.8281092e+01
  -3.8122655e+01
  -3.8177253e+01
  -3.8298975e+01
  -3.8402374e+01
  -3.8402215e+01
  -3.8213852e+01
  -3.7961804e+01
  -3.7888027e+01
  -3.7970087e+01
  -3.8118105e+01
  -3.8265175e+01
  -3.8331370e+01
  -3.8162902e+01
  -3.7736463e+01
  -3.7543724e+01
  -3.7613214e+01
  -3.7788560e+01
  -3.7995971e+01
  -3.8192952e+01
  -3.8332492e+01
  -3.8334753e+01
  -3.8123995e+01
  -3.7894430e+01
  -3.7876401e+01
  -3.8010326e+01
  -3.8213806e+01
  -3.8442947e+01
  -3.8671296e+01
  -3.8876086e+01
  -3.9031331e+01
  -3.9110191e+01
  -3.9113461e+01
  -3.9108323e+01
  -3.9175113e+01
  -3.9330158e+01
  -3.9551107e+01
  -3.9813456e+01
  -4.0093493e+01
  -3.7399848e+01
  -3.7629314e+01
  -3.7950328e+01
  -3.8278688e+01
  -3.8606704e+01
  -3.8928086e+01
  -3.9233144e+01
  -3.9501193e+01
  -3.9673699e+01
  -3.9538783e+01
  -3.8885613e+01
  -3.8676508e+01
  -3.8807762e+01
  -3.9029863e+01
  -3.9264260e+01
  -3.9464802e+01
  -3.9574205e+01
  -3.9520737e+01
  -3.9355379e+01
  -3.9307303e+01
  -3.9428085e+01
  -3.9647622e+01
  -3.9913008e+01
  -4.0191476e+01
  -4.0454453e+01
  -4.0663584e+01
  -4.0762770e+01
  -4.0732063e+01
  -4.0716968e+01
  -4.0856606e+01
  -4.1123730e+01
  -4.1456071e+01
  -4.1805713e+01
  -4.2126188e+01
  -4.2338785e+01
  -4.2261172e+01
  -4.1889484e+01
  -4.1823294e+01
  -4.2016712e+01
  -4.2303655e+01
  -4.2622401e+01
  -4.2947999e+01
  -4.3266419e+01
  -4.3565272e+01
  -4.3827990e+01
  -4.4026732e+01
  -4.4114781e+01
  -4.4050883e+01
  -4.3918103e+01
  -4.3882494e+01
  -4.3961810e+01
  -4.4093519e+01
  -4.4216647e+01
  -4.4269647e+01
  -4.4197321e+01
  -4.4048013e+01
  -4.3985484e+01
  -4.4057383e+01
  -4.4214204e+01
  -4.4408015e+01
  -4.4603053e+01
  -4.4762482e+01
  -4.4831776e+01
  -4.4740283e+01
  -4.4531849e+01
  -4.4428220e+01
  -4.4485692e+01
  -4.4634246e+01
  -4.4816971e+01
  -4.4994519e+01
  -4.5127497e+01
  -4.5162978e+01
  -4.5056023e+01
  -4.4887221e+01
  -4.4821837e+01
  -4.4878132e+01
  -4.4995146e+01
  -4.5115636e+01
  -4.5183398e+01
  -4.5134376e+01
  -4.4960496e+01
  -4.4814449e+01
  -4.4808009e+01
  -4.4905213e+01
  -4.5048581e+01
  -4.5195959e+01
  -4.5312049e+01
  -4.5363042e+01
  -4.5333546e+01
  -4.5268238e+01
  -4.5249257e+01
  -4.5305629e+01
  -4.5411896e+01
  -4.5526271e+01
  -4.5596261e+01
  -4.5547082e+01
  -4.5332801e+01
  -4.5119713e+01
  -4.5079333e+01
  -4.5170681e+01
  -4.5323152e+01
  -4.5490870e+01
  -4.5637119e+01
  -4.5716745e+01
  -4.5667307e+01
  -4.5473256e+01
  -4.5295848e+01
  -4.5263796e+01
  -4.5339985e+01
  -4.5465061e+01
  -4.5600144e+01
  -4.5719521e+01
  -4.5805710e+01
  -4.5852529e+01
  -4.5871716e+01
  -4.5888695e+01
  -4.5922660e+01
  -4.5973263e+01
  -4.6024919e+01
  -4.6057226e+01
  -4.6056798e+01
  -4.6031638e+01
  -4.6012971e+01
  -4.6029668e+01
  -4.6086282e+01
  -4.6168148e+01
  -4.6253540e+01
  -4.6320226e+01
  -4.6351211e+01
  -4.6346279e+01
  -4.6331463e+01
  -4.6342795e+01
  -4.6396675e+01
  -4.6485373e+01
  -4.6589564e+01
  -4.6686370e+01
  -4.6751787e+01
  -4.6765703e+01
  -4.6728509e+01
  -4.6677432e+01
  -4.6660870e+01
  -4.6695347e+01
  -4.6767131e+01
  -4.6853399e+01
  -4.6933073e+01
  -4.6991339e+01
  -4.7025019e+01
  -4.7046697e+01
  -4.7077976e+01
  -4.7133520e+01
  -4.7212986e+01
  -4.7305009e+01
  -4.7393751e+01
  -4.7463878e+01
  -4.7506446e+01
  -4.7526779e+01
  -4.7546132e+01
  -4.7587836e+01
  -4.7660990e+01
  -4.7758962e+01
  -4.7866544e+01
  -4.7965386e+01
  -4.8037417e+01
  -4.8071299e+01
  -4.8074480e+01
  -4.8077386e+01
  -4.8111747e+01
  -4.8186690e+01
  -4.8290164e+01
  -4.8399790e+01
  -4.8487443e+01
  -4.8521073e+01
  -4.8480884e+01
  -4.8402657e+01
  -4.8372231e+01
  -4.8433403e+01
  -4.8572941e+01
  -4.8764868e+01
  -4.8989237e+01
  -4.9232818e+01
  -4.9486567e+01
  -4.9743452e+01
  -4.9996535e+01
  -5.0235803e+01
  -5.0436593e+01
  -5.0459010e+01
  -4.8650825e+01
  -4.8391521e+01
  -4.8513539e+01
  -4.8666196e+01
  -4.8813594e+01
  -4.8949089e+01
  -4.9075053e+01
  -4.9197498e+01
  -4.9322124e+01
  -4.9451558e+01
  -4.9584641e+01
  -4.9717325e+01
  -4.9844182e+01
  -4.9960042e+01
  -5.0061761e+01
  -5.0149878e+01
  -5.0229201e+01
  -5.0307143e+01
  -5.0390333e+01
  -5.0481885e+01
  -5.0581017e+01
  -5.0684488e+01
  -5.0788505e+01
  -5.0890255e+01
  -5.0988731e+01
  -5.1084662e+01
  -5.1179540e+01
  -5.1274193e+01
  -5.1367667e+01
  -5.1456991e+01
  -5.1537953e+01
  -5.1606774e+01
  -5.1662298e+01
  -5.1707642e+01
  -5.1749510e+01
  -5.1794619e+01
  -5.1845650e+01
  -5.1899756e+01
  -5.1950104e+01
  -5.1989300e+01
  -5.2013860e+01
  -5.2028079e+01
  -5.2043416e+01
  -5.2071581e+01
  -5.2117118e+01
  -5.2175843e+01
  -5.2238050e+01
  -5.2292782e+01
  -5.2332146e+01
  -5.2355641e+01
  -5.2371783e+01
  -5.2393026e+01
  -5.2426582e+01
  -5.2469585e+01
  -5.2511105e+01
  -5.2537799e+01
  -5.2541842e+01
  -5.2529727e+01
  -5.2522503e+01
  -5.2540449e+01
  -5.2588022e+01
  -5.2653732e+01
  -5.2716760e+01
  -5.2751990e+01
  -5.2737768e+01
  -5.2676235e+01
  -5.2610341e+01
  -5.2590126e+01
  -5.2627561e+01
  -5.2704233e+01
  -5.2793882e+01
  -5.2871622e+01
  -5.2918079e+01
  -5.2928327e+01
  -5.2922054e+01
  -5.2933214e+01
  -5.2980864e+01
  -5.3058315e+01
  -5.3142519e+01
  -5.3202415e+01
  -5.3206219e+01
  -5.3146987e+01
  -5.3078965e+01
  -5.3076331e+01
  -5.3156964e+01
  -5.3296587e+01
  -5.3462449e+01
  -5.3616365e+01
  -5.3689402e+01
  -5.3504959e+01
  -5.2969090e+01
  -5.2731923e+01
  -5.2802847e+01
  -5.2984661e+01
  -5.3200657e+01
  -5.3409521e+01
  -5.3558025e+01
  -5.3500611e+01
  -5.2935507e+01
  -5.2518909e+01
  -5.2541116e+01
  -5.2704669e+01
  -5.2905672e+01
  -5.3102512e+01
  -5.3265154e+01
  -5.3360602e+01
  -5.3359040e+01
  -5.3280549e+01
  -5.3221720e+01
  -5.3249120e+01
  -5.3350740e+01
  -5.3491300e+01
  -5.3639855e+01
  -5.3770028e+01
  -5.3856176e+01
  -5.3874442e+01
  -5.3815577e+01
  -5.3701531e+01
  -5.3567295e+01
  -5.3424311e+01
  -5.3279403e+01
  -5.3172340e+01
  -5.3145032e+01
  -5.3199044e+01
  -5.3309683e+01
  -5.3447948e+01
  -5.3585046e+01
  -5.3687681e+01
  -5.3713358e+01
  -5.3630723e+01
  -5.3497157e+01
  -5.3439402e+01
  -5.3492990e+01
  -5.3620326e+01
  -5.3780285e+01
  -5.3939001e+01
  -5.4060225e+01
  -5.4092375e+01
  -5.3975383e+01
  -5.3750871e+01
  -5.3602229e+01
  -5.3580499e+01
  -5.3620784e+01
  -5.3662475e+01
  -5.3671158e+01
  -5.3651099e+01
  -5.3646671e+01
  -5.3698870e+01
  -5.3812562e+01
  -5.3970514e+01
  -5.4151540e+01
  -5.4335360e+01
  -5.4500561e+01
  -5.4620700e+01
  -5.4663969e+01
  -5.4614118e+01
  -5.4519874e+01
  -5.4470509e+01
  -5.4493637e+01
  -5.4559851e+01
  -5.4631077e+01
  -5.4680285e+01
  -5.4703663e+01
  -5.4727556e+01
  -5.4787404e+01
  -5.4896474e+01
  -5.5042854e+01
  -5.5200120e+01
  -5.5326724e+01
  -5.5347342e+01
  -5.5159074e+01
  -5.4891002e+01
  -5.4843236e+01
  -5.4986698e+01
  -5.5227652e+01
  -5.5519270e+01
  -5.5840011e+01
  -5.6178811e+01
  -5.6528729e+01
  -5.6883044e+01
  -5.7227137e+01
  -5.7458691e+01
  -5.5270816e+01
  -5.5462255e+01
  -5.5836541e+01
  -5.6244812e+01
  -5.6673448e+01
  -5.7121038e+01
  -5.7589392e+01
  -5.8080756e+01
  -5.8590994e+01
  -5.9015347e+01
  -5.6810980e+01
  -5.7359066e+01
  -5.7967317e+01
  -5.8568014e+01
  -5.9147891e+01
  -5.9709207e+01
  -6.0262009e+01
  -6.0821750e+01
  -6.1411841e+01
  -6.2071167e+01
  -6.2857138e+01
  -6.3779370e+01
  -6.4681133e+01
  -6.5441918e+01
  -6.6099530e+01
  -6.6717596e+01
  -6.7347524e+01
  -6.8035708e+01
  -6.8804976e+01
  -6.9590644e+01
  -7.0275240e+01
  -7.0816963e+01
  -7.1221498e+01
  -7.1472256e+01
  -7.1519934e+01
  -7.1414083e+01
  -7.1388707e+01
  -7.1512285e+01
  -7.1713774e+01
  -7.1927593e+01
  -7.2087407e+01
  -7.2071647e+01
  -7.1741343e+01
  -7.1476626e+01
  -7.1524828e+01
  -7.1724438e+01
  -7.1980859e+01
  -7.2250161e+01
  -7.2494152e+01
  -7.2626887e+01
  -7.2293463e+01
  -7.1537215e+01
  -7.1497077e+01
  -7.1705086e+01
  -7.1979172e+01
  -7.2270958e+01
  -7.2556274e+01
  -7.2807323e+01
  -7.2960422e+01
  -7.2815365e+01
  -7.2244446e+01
  -7.2056740e+01
  -7.2186625e+01
  -7.2415197e+01
  -7.2668228e+01
  -7.2904273e+01
  -7.3063645e+01
  -7.2984510e+01
  -7.2469270e+01
  -7.2195770e+01
  -7.2283856e+01
  -7.2497627e+01
  -7.2751134e+01
  -7.3006712e+01
  -7.3229865e+01
  -7.3350418e+01
  -7.3162761e+01
  -7.2594136e+01
  -7.2408634e+01
  -7.2513314e+01
  -7.2702579e+01
  -7.2897326e+01
  -7.3037987e+01
  -7.3027381e+01
  -7.2751458e+01
  -7.2459071e+01
  -7.2427070e+01
  -7.2550081e+01
  -7.2729058e+01
  -7.2911811e+01
  -7.3057750e+01
  -7.3119353e+01
  -7.3055115e+01
  -7.2919763e+01
  -7.2861699e+01
  -7.2923781e+01
  -7.3061787e+01
  -7.3229939e+01
  -7.3391828e+01
  -7.3509629e+01
  -7.3535365e+01
  -7.3435398e+01
  -7.3284993e+01
  -7.3223320e+01
  -7.3270697e+01
  -7.3377796e+01
  -7.3497751e+01
  -7.3592693e+01
  -7.3631370e+01
  -7.3604610e+01
  -7.3552862e+01
  -7.3539818e+01
  -7.3587008e+01
  -7.3673589e+01
  -7.3765644e+01
  -7.3828267e+01
  -7.3833936e+01
  -7.3788170e+01
  -7.3747828e+01
  -7.3768608e+01
  -7.3855410e+01
  -7.3982475e+01
  -7.4116943e+01
  -7.4220318e+01
  -7.4241027e+01
  -7.4131564e+01
  -7.3954062e+01
  -7.3870717e+01
  -7.3916880e+01
  -7.4039896e+01
  -7.4190436e+01
  -7.4329184e+01
  -7.4414917e+01
  -7.4402124e+01
  -7.4286929e+01
  -7.4176302e+01
  -7.4169956e+01
  -7.4257292e+01
  -7.4391797e+01
  -7.4531834e+01
  -7.4637503e+01
  -7.4663717e+01
  -7.4582209e+01
  -7.4456782e+01
  -7.4408005e+01
  -7.4462111e+01
  -7.4578899e+01
  -7.4715350e+01
  -7.4834965e+01
  -7.4904750e+01
  -7.4907139e+01
  -7.4874684e+01
  -7.4883048e+01
  -7.4973767e+01
  -7.5137857e+01
  -7.5352407e+01
  -7.5598707e+01
  -7.5863904e+01
  -7.6138968e+01
  -7.6416646e+01
  -7.6689490e+01
  -7.6946662e+01
  -7.7164247e+01
  -7.7254062e+01
  -7.6595004e+01
  -7.5613603e+01
  -7.5601930e+01
  -7.5733955e+01
  -7.5882100e+01
  -7.6016161e+01
  -7.6128009e+01
  -7.6221191e+01
  -7.6306189e+01
  -7.6393397e+01
  -7.6487208e+01
  -7.6585259e+01
  -7.6681681e+01
  -7.6771306e+01
  -7.6853147e+01
  -7.6931689e+01
  -7.7014608e+01
  -7.7107998e+01
  -7.7212813e+01
  -7.7324574e+01
  -7.7435253e+01
  -7.7535820e+01
  -7.7619270e+01
  -7.7684284e+01
  -7.7737674e+01
  -7.7791780e+01
  -7.7856850e+01
  -7.7935079e+01
  -7.8020670e+01
  -7.8103621e+01
  -7.8174313e+01
  -7.8228352e+01
  -7.8270334e+01
  -7.8312216e+01
  -7.8364722e+01
  -7.8428967e+01
  -7.8494864e+01
  -7.8544654e+01
  -7.8560048e+01
  -7.8536929e+01
  -7.8501610e+01
  -7.8497149e+01
  -7.8545295e+01
  -7.8638097e+01
  -7.8753716e+01
  -7.8866121e+01
  -7.8946092e+01
  -7.8963737e+01
  -7.8909845e+01
  -7.8832324e+01
  -7.8805209e+01
  -7.8851076e+01
  -7.8947234e+01
  -7.9061672e+01
  -7.9164958e+01
  -7.9232421e+01
  -7.9252876e+01
  -7.9245273e+01
  -7.9253588e+01
  -7.9307146e+01
  -7.9401609e+01
  -7.9512572e+01
  -7.9607160e+01
  -7.9647971e+01
  -7.9611025e+01
  -7.9535867e+01
  -7.9516520e+01
  -7.9594485e+01
  -7.9749583e+01
  -7.9949946e+01
  -8.0167719e+01
  -8.0371752e+01
  -8.0497535e+01
  -8.0304049e+01
  -7.9480609e+01
  -7.9231229e+01
  -7.9329526e+01
  -7.9499672e+01
  -7.9658953e+01
  -7.9755070e+01
  -7.9749425e+01
  -7.9677498e+01
  -7.9662055e+01
  -7.9760785e+01
  -7.9946669e+01
  -8.0181105e+01
  -8.0432803e+01
  -8.0667083e+01
  -8.0811036e+01
  -8.0630852e+01
  -8.0039580e+01
  -7.9933787e+01
  -8.0144801e+01
  -8.0468818e+01
  -8.0851659e+01
  -8.1281424e+01
  -8.1764793e+01
  -8.2326171e+01
  -8.3014231e+01
  -8.3886093e+01
  -8.4911637e+01
  -8.6035327e+01
  -8.7344615e+01
  -8.8470796e+01
  -8.9233132e+01
  -8.9814164e+01
  -9.0309525e+01
  -9.0756125e+01
  -9.1168065e+01
  -9.1547831e+01
  -9.1887187e+01
  -9.2158765e+01
  -9.2288274e+01
  -9.2136483e+01
  -9.1865964e+01
  -9.1878286e+01
  -9.2097554e+01
  -9.2414218e+01
  -9.2788506e+01
  -9.3215116e+01
  -9.3715018e+01
  -9.4345741e+01
  -9.5172666e+01
  -9.6045750e+01
  -9.6719645e+01
  -9.7212203e+01
  -9.7593370e+01
  -9.7897828e+01
  -9.8142919e+01
  -9.8346735e+01
  -9.8535883e+01
  -9.8739003e+01
  -9.8974773e+01
  -9.9249519e+01
  -9.9564209e+01
  -9.9924395e+01
  -1.0036092e+02
  -1.0105223e+02
  -1.0279567e+02
  -1.0382101e+02
  -1.0434630e+02
  -1.0477874e+02
  -1.0518161e+02
  -1.0557110e+02
  -1.0595201e+02
  -1.0632395e+02
  -1.0667921e+02
  -1.0697087e+02
  -1.0523851e+02
  -1.0487277e+02
  -1.0517535e+02
  -1.0550221e+02
  -1.0580980e+02
  -1.0604618e+02
  -1.0602646e+02
  -1.0534886e+02
  -1.0508642e+02
  -1.0527089e+02
  -1.0558115e+02
  -1.0594271e+02
  -1.0633807e+02
  -1.0677234e+02
  -1.0728584e+02
  -1.0808345e+02
  -1.0971934e+02
  -1.1072399e+02
  -1.1128652e+02
  -1.1174150e+02
  -1.1214226e+02
  -1.1245537e+02
  -1.1220434e+02
  -1.1099469e+02
  -1.1120259e+02
  -1.1162118e+02
  -1.1212676e+02
  -1.1271786e+02
  -1.1340213e+02
  -1.1413901e+02
  -1.1483559e+02
  -1.1543832e+02
  -1.1595241e+02
  -1.1639347e+02
  -1.1675853e+02
  -1.1698970e+02
  -1.1679092e+02
  -1.1604514e+02
  -1.1596643e+02
  -1.1615193e+02
  -1.1638062e+02
  -1.1657600e+02
  -1.1666707e+02
  -1.1658090e+02
  -1.1641360e+02
  -1.1639736e+02
  -1.1654226e+02
  -1.1677432e+02
  -1.1704621e+02
  -1.1732973e+02
  -1.1759935e+02
  -1.1781095e+02
  -1.1783896e+02
  -1.1740466e+02
  -1.1702643e+02
  -1.1709793e+02
  -1.1734117e+02
  -1.1764860e+02
  -1.1798602e+02
  -1.1834048e+02
  -1.1870819e+02
  -1.1912360e+02
  -1.1626971e+02
  -1.1665995e+02
  -1.1704279e+02
  -1.1742679e+02
  -1.1781435e+02
  -1.1820948e+02
  -1.1862519e+02
  -1.1913899e+02
  -1.2161495e+02
  -1.2259382e+02
  -1.2303168e+02
  -1.2341374e+02
  -1.2376732e+02
  -1.2408731e+02
  -1.2434317e+02
  -1.2442757e+02
  -1.2402595e+02
  -1.2355557e+02
  -1.2359078e+02
  -1.2380939e+02
  -1.2408089e+02
  -1.2435755e+02
  -1.2460144e+02
  -1.2474131e+02
  -1.2459584e+02
  -1.2415339e+02
  -1.2403692e+02
  -1.2419720e+02
  -1.2446313e+02
  -1.2477213e+02
  -1.2509842e+02
  -1.2542447e+02
  -1.2571811e+02
  -1.2575603e+02
  -1.2396212e+02
  -1.2404347e+02
  -1.2435161e+02
  -1.2469629e+02
  -1.2505023e+02
  -1.2540191e+02
  -1.2573875e+02
  -1.2603354e+02
  -1.2619923e+02
  -1.2593716e+02
  -1.2547694e+02
  -1.2563264e+02
  -1.2616266e+02
  -1.2706638e+02
  -1.2810329e+02
  -1.2885271e+02
  -1.2941462e+02
  -1.2990055e+02
  -1.3035604e+02
  -1.3080405e+02
  -1.3126940e+02
  -1.3183964e+02
  -1.3368324e+02
  -1.3514874e+02
  -1.3567913e+02
  -1.3611855e+02
  -1.3653126e+02
  -1.3693129e+02
  -1.3732237e+02
  -1.3488255e+02
  -1.3495681e+02
  -1.3533016e+02
  -1.3569692e+02
  -1.3605296e+02
  -1.3639178e+02
  -1.3669985e+02
  -1.3694407e+02
  -1.3702833e+02
  -1.3672823e+02
  -1.3632676e+02
  -1.3632884e+02
  -1.3652558e+02
  -1.3678766e+02
  -1.3706559e+02
  -1.3732705e+02
  -1.3752321e+02
  -1.3752023e+02
  -1.3705911e+02
  -1.3669650e+02
  -1.3674926e+02
  -1.3695143e+02
  -1.3719680e+02
  -1.3744165e+02
  -1.3765248e+02
  -1.3778548e+02
  -1.3778583e+02
  -1.3767111e+02
  -1.3761054e+02
  -1.3769385e+02
  -1.3787945e+02
  -1.3811683e+02
  -1.3837087e+02
  -1.3860725e+02
  -1.3875634e+02
  -1.3856078e+02
  -1.3779723e+02
  -1.3762298e+02
  -1.3777082e+02
  -1.3799460e+02
  -1.3822191e+02
  -1.3840629e+02
  -1.3848812e+02
  -1.3840652e+02
  -1.3825005e+02
  -1.3822593e+02
  -1.3835140e+02
  -1.3855854e+02
  -1.3879758e+02
  -1.3903186e+02
  -1.3921599e+02
  -1.3925953e+02
  -1.3902313e+02
  -1.3872110e+02
  -1.3870209e+02
  -1.3885860e+02
  -1.3907317e+02
  -1.3926891e+02
  -1.3931239e+02
  -1.3883987e+02
  -1.3835533e+02
  -1.3841653e+02
  -1.3866360e+02
  -1.3897519e+02
  -1.3931569e+02
  -1.3967151e+02
  -1.4003652e+02
  -1.4040783e+02
  -1.4078491e+02
  -1.4117128e+02
  -1.4158900e+02
  -1.4246934e+02
  -1.4515122e+02
  -1.4558496e+02
  -1.4592878e+02
  -1.4621219e+02
  -1.4637621e+02
  -1.4618303e+02
  -1.4554880e+02
  -1.4540113e+02
  -1.4553900e+02
  -1.4574999e+02
  -1.4596715e+02
  -1.4615699e+02
  -1.4629474e+02
  -1.4636897e+02
  -1.4640292e+02
  -1.4645189e+02
  -1.4655375e+02
  -1.4670647e+02
  -1.4688836e+02
  -1.4707285e+02
  -1.4722864e+02
  -1.4731364e+02
  -1.4728299e+02
  -1.4716241e+02
  -1.4709080e+02
  -1.4713968e+02
  -1.4727601e+02
  -1.4745430e+02
  -1.4764097e+02
  -1.4780935e+02
  -1.4793585e+02
  -1.4800632e+02
  -1.4803641e+02
  -1.4807659e+02
  -1.4816967e+02
  -1.4832050e+02
  -1.4851106e+02
  -1.4871705e+02
  -1.4890848e+02
  -1.4903550e+02
  -1.4899663e+02
  -1.4870458e+02
  -1.4846725e+02
  -1.4849296e+02
  -1.4866459e+02
  -1.4889623e+02
  -1.4914431e+02
  -1.4937315e+02
  -1.4952023e+02
  -1.4940968e+02
  -1.4888150e+02
  -1.4865352e+02
  -1.4876524e+02
  -1.4899229e+02
  -1.4925217e+02
  -1.4949564e+02
  -1.4961898e+02
  -1.4903650e+02
  -1.4822053e+02
  -1.4829267e+02
  -1.4852916e+02
  -1.4879267e+02
  -1.4902891e+02
  -1.4915959e+02
  -1.4900244e+02
  -1.4859092e+02
  -1.4851444e+02
  -1.4870512e+02
  -1.4900759e+02
  -1.4936928e+02
  -1.4977883e+02
  -1.5025199e+02
  -1.5085899e+02
  -1.5183312e+02
  -1.5312977e+02
  -1.5398041e+02
  -1.5457971e+02
  -1.5511070e+02
  -1.5564665e+02
  -1.5626028e+02
  -1.5710884e+02
  -1.5828931e+02
  -1.5923239e+02
  -1.5986220e+02
  -1.6036014e+02
  -1.6079599e+02
  -1.6119004e+02
  -1.6153626e+02
  -1.6177590e+02
  -1.6150241e+02
  -1.6049263e+02
  -1.6052666e+02
  -1.6079797e+02
  -1.6112484e+02
  -1.6147325e+02
  -1.6184167e+02
  -1.6234152e+02
  -1.6543179e+02
  -1.6584640e+02
  -1.6616859e+02
  -1.6645074e+02
  -1.6668845e+02
  -1.6686898e+02
  -1.6698438e+02
  -1.6705255e+02
  -1.6712346e+02
  -1.6724071e+02
  -1.6741209e+02
  -1.6762267e+02
  -1.6785160e+02
  -1.6807509e+02
  -1.6825809e+02
  -1.6833162e+02
  -1.6817676e+02
  -1.6787434e+02
  -1.6778491e+02
  -1.6789789e+02
  -1.6809444e+02
  -1.6829222e+02
  -1.6833207e+02
  -1.6740184e+02
  -1.6688699e+02
  -1.6704773e+02
  -1.6733057e+02
  -1.6765270e+02
  -1.6799249e+02
  -1.6834174e+02
  -1.6869680e+02
  -1.6905644e+02
  -1.6942246e+02
  -1.6980658e+02
  -1.7029671e+02
  -1.7288327e+02
  -1.7363598e+02
  -1.7397264e+02
  -1.7422044e+02
  -1.7438385e+02
  -1.7445670e+02
  -1.7448004e+02
  -1.7453902e+02
  -1.7467728e+02
  -1.7488141e+02
  -1.7511996e+02
  -1.7535290e+02
  -1.7549118e+02
  -1.7516445e+02
  -1.7441874e+02
  -1.7443415e+02
  -1.7471302e+02
  -1.7508111e+02
  -1.7550173e+02
  -1.7596964e+02
  -1.7649179e+02
  -1.7707921e+02
  -1.7773151e+02
  -1.7841421e+02
  -1.7906843e+02
  -1.7965740e+02
  -1.8017675e+02
  -1.8062831e+02
  -1.8098698e+02
  -1.8108222e+02
  -1.8027232e+02
  -1.8002765e+02
  -1.8029057e+02
  -1.8067378e+02
  -1.8112573e+02
  -1.8168557e+02
  -1.8257707e+02
  -1.8402932e+02
  -1.8495002e+02
  -1.8552195e+02
  -1.8598908e+02
  -1.8641001e+02
  -1.8679802e+02
  -1.8714457e+02
  -1.8739920e+02
  -1.8729760e+02
  -1.8642502e+02
  -1.8632075e+02
  -1.8656505e+02
  -1.8689301e+02
  -1.8725006e+02
  -1.8761822e+02
  -1.8798702e+02
  -1.8833964e+02
  -1.8857495e+02
  -1.8649373e+02
  -1.8660878e+02
  -1.8696114e+02
  -1.8734412e+02
  -1.8773768e+02
  -1.8813601e+02
  -1.8853515e+02
  -1.8892709e+02
  -1.8927192e+02
  -1.8817996e+02
  -1.8733576e+02
  -1.8772649e+02
  -1.8819675e+02
  -1.8872616e+02
  -1.8933706e+02
  -1.9006711e+02
  -1.9091391e+02
  -1.9176269e+02
  -1.9251711e+02
  -1.9320314e+02
  -1.9390424e+02
  -1.9477719e+02
  -1.9601939e+02
  -1.9712426e+02
  -1.9786421e+02
  -1.9845634e+02
  -1.9900062e+02
  -1.9954878e+02
  -2.0016850e+02
  -2.0105197e+02
  -2.0240523e+02
  -2.0338690e+02
  -2.0399558e+02
  -2.0446787e+02
  -2.0486465e+02
  -2.0518479e+02
  -2.0537806e+02
  -2.0533227e+02
  -2.0510548e+02
  -2.0508041e+02
  -2.0527356e+02
  -2.0557186e+02
  -2.0592031e+02
  -2.0629552e+02
  -2.0668629e+02
  -2.0708581e+02
  -2.0748741e+02
  -2.0787825e+02
  -2.0821455e+02
  -2.0819692e+02
  -2.0700604e+02
  -2.0710880e+02
  -2.0751999e+02
  -2.0800400e+02
  -2.0851697e+02
  -2.0903653e+02
  -2.0953557e+02
  -2.0989471e+02
  -2.0790866e+02
  -2.0816165e+02
  -2.0860384e+02
  -2.0905995e+02
  -2.0951378e+02
  -2.0996268e+02
  -2.1040691e+02
  -2.1084779e+02
  -2.1128736e+02
  -2.1172895e+02
  -2.1217946e+02
  -2.1265882e+02
  -2.1327260e+02
  -2.1544096e+02
  -2.1663150e+02
  -2.1716990e+02
  -2.1764695e+02
  -2.1812500e+02
  -2.1865241e+02
  -2.1938698e+02
  -2.2088799e+02
  -2.2204699e+02
  -2.2263850e+02
  -2.2308550e+02
  -2.2346941e+02
  -2.2380420e+02
  -2.2408139e+02
  -2.2427708e+02
  -2.2436436e+02
  -2.2436791e+02
  -2.2439750e+02
  -2.2452726e+02
  -2.2474560e+02
  -2.2502010e+02
  -2.2532650e+02
  -2.2564832e+02
  -2.2597093e+02
  -2.2626952e+02
  -2.2644007e+02
  -2.2520277e+02
  -2.2466917e+02
  -2.2487838e+02
  -2.2513412e+02
  -2.2533307e+02
  -2.2534286e+02
  -2.2503853e+02
  -2.2485574e+02
  -2.2499523e+02
  -2.2529390e+02
  -2.2567436e+02
  -2.2611854e+02
  -2.2664647e+02
  -2.2734627e+02
  -2.2841487e+02
  -2.2957038e+02
  -2.3035434e+02
  -2.3094588e+02
  -2.3146300e+02
  -2.3194570e+02
  -2.3240773e+02
  -2.3285226e+02
  -2.3327588e+02
  -2.3366807e+02
  -2.3400718e+02
  -2.3425372e+02
  -2.3436160e+02
  -2.3437489e+02
  -2.3446385e+02
  -2.3469460e+02
  -2.3502970e+02
  -2.3544009e+02
  -2.3594425e+02
  -2.3676616e+02
  -2.3867974e+02
  -2.3961940e+02
  -2.4016971e+02
  -2.4064238e+02
  -2.4108766e+02
  -2.4151955e+02
  -2.4194320e+02
  -2.4236063e+02
  -2.4277212e+02
  -2.4317609e+02
  -2.4356621e+02
  -2.4391300e+02
  -2.4369988e+02
  -2.4194772e+02
  -2.4224254e+02
  -2.4260824e+02
  -2.4287148e+02
  -2.4036399e+02
  -2.4074826e+02
  -2.4116373e+02
  -2.4159587e+02
  -2.4204987e+02
  -2.4254290e+02
  -2.4311967e+02
  -2.4389939e+02
  -2.4500809e+02
  -2.4600546e+02
  -2.4668552e+02
  -2.4721702e+02
  -2.4768402e+02
  -2.4811756e+02
  -2.4852958e+02
  -2.4892281e+02
  -2.4928822e+02
  -2.4953576e+02
  -2.4731997e+02
  -2.4747190e+02
  -2.4779215e+02
  -2.4811655e+02
  -2.4841542e+02
  -2.4864900e+02
  -2.4870819e+02
  -2.4834803e+02
  -2.4795258e+02
  -2.4797772e+02
  -2.4818079e+02
  -2.4844183e+02
  -2.4871661e+02
  -2.4897911e+02
  -2.4920020e+02
  -2.4932884e+02
  -2.4927690e+02
  -2.4904426e+02
  -2.4890725e+02
  -2.4896399e+02
  -2.4912291e+02
  -2.4931235e+02
  -2.4948187e+02
  -2.4957448e+02
  -2.4951783e+02
  -2.4932898e+02
  -2.4921636e+02
  -2.4926299e+02
  -2.4940331e+02
  -2.4957455e+02
  -2.4973187e+02
  -2.4983716e+02
  -2.4986910e+02
  -2.4986477e+02
  -2.4991218e+02
  -2.5005615e+02
  -2.5028503e+02
  -2.5057647e+02
  -2.5091783e+02
  -2.5131321e+02
  -2.5181112e+02
  -2.5274516e+02
  -2.5457916e+02
  -2.5537154e+02
  -2.5588913e+02
  -2.5635350e+02
  -2.5680852e+02
  -2.5727183e+02
  -2.5775731e+02
  -2.5828247e+02
  -2.5887286e+02
  -2.5955713e+02
  -2.6032884e+02
  -2.6110787e+02
  -2.6193513e+02
  -2.5910729e+02
  -2.5966093e+02
  -2.6014275e+02
  -2.6059036e+02
  -2.6101515e+02
  -2.6142176e+02
  -2.6181089e+02
  -2.6217939e+02
  -2.6251817e+02
  -2.6280663e+02
  -2.6300140e+02
  -2.6304150e+02
  -2.6298994e+02
  -2.6310363e+02
  -2.6348283e+02
  -2.6411228e+02
  -2.6488711e+02
  -2.6558737e+02
  -2.6614360e+02
  -2.6659799e+02
  -2.6698347e+02
  -2.6730995e+02
  -2.6757085e+02
  -2.6774985e+02
  -2.6784164e+02
  -2.6789182e+02
  -2.6798293e+02
  -2.6815438e+02
  -2.6839579e+02
  -2.6868570e+02
  -2.6900794e+02
  -2.6935268e+02
  -2.6971524e+02
  -2.7009674e+02
  -2.7051666e+02
  -2.7129220e+02
  -2.7409086e+02
  -2.7458179e+02
  -2.7499085e+02
  -2.7538111e+02
  -2.7575826e+02
  -2.7611298e+02
  -2.7639900e+02
  -2.7622855e+02
  -2.7491248e+02
  -2.7503104e+02
  -2.7538024e+02
  -2.7579639e+02
  -2.7626833e+02
  -2.7683194e+02
  -2.7760109e+02
  -2.7869714e+02
  -2.7968884e+02
  -2.8036665e+02
  -2.8089442e+02
  -2.8135440e+02
  -2.8177514e+02
  -2.8216441e+02
  -2.8251868e+02
  -2.8282408e+02
  -2.8305634e+02
  -2.8319759e+02
  -2.8329528e+02
  -2.8347042e+02
  -2.8380170e+02
  -2.8432956e+02
  -2.8516168e+02
  -2.8629798e+02
  -2.8724895e+02
  -2.8795640e+02
  -2.8855894e+02
  -2.8911423e+02
  -2.8964099e+02
  -2.9014450e+02
  -2.9062537e+02
  -2.9108238e+02
  -2.9151311e+02
  -2.9191341e+02
  -2.9227632e+02
  -2.9259087e+02
  -2.9284300e+02
  -2.9302485e+02
  -2.9315802e+02
  -2.9330212e+02
  -2.9351450e+02
  -2.9383899e+02
  -2.9463675e+02
  -2.9705266e+02
  -2.9760458e+02
  -2.9802667e+02
  -2.9843215e+02
  -2.9883755e+02
  -2.9924796e+02
  -2.9966685e+02
  -3.0009929e+02
  -3.0055602e+02
  -3.0106581e+02
  -3.0173357e+02
  -3.0300361e+02
  -3.0440484e+02
  -3.0513665e+02
  -3.0569200e+02
  -3.0621279e+02
  -3.0676141e+02
  -3.0744462e+02
  -3.0859896e+02
  -3.0994645e+02
  -3.1071394e+02
  -3.1126166e+02
  -3.1173581e+02
  -3.1217636e+02
  -3.1259595e+02
  -3.1299546e+02
  -3.1335765e+02
  -3.1351190e+02
  -3.1153524e+02
  -3.1169433e+02
  -3.1203283e+02
  -3.1238715e+02
  -3.1272603e+02
  -3.1301372e+02
  -3.1315473e+02
  -3.1289194e+02
  -3.1248965e+02
  -3.1255203e+02
  -3.1283339e+02
  -3.1319743e+02
  -3.1360120e+02
  -3.1402744e+02
  -3.1446504e+02
  -3.1489864e+02
  -3.1528371e+02
  -3.1532968e+02
  -3.1409597e+02
  -3.1421287e+02
  -3.1461472e+02
  -3.1506205e+02
  -3.1551505e+02
  -3.1596075e+02
  -3.1639290e+02
  -3.1680664e+02
  -3.1719553e+02
  -3.1754792e+02
  -3.1783978e+02
  -3.1802056e+02
  -3.1801460e+02
  -3.1788153e+02
  -3.1788186e+02
  -3.1806322e+02
  -3.1835191e+02
  -3.1870542e+02
  -3.1912090e+02
  -3.1968497e+02
  -3.2132631e+02
  -3.2276642e+02
  -3.2331741e+02
  -3.2375362e+02
  -3.2415334e+02
  -3.2453050e+02
  -3.2488333e+02
  -3.2519785e+02
  -3.2543693e+02
  -3.2551232e+02
  -3.2534318e+02
  -3.2523086e+02
  -3.2542833e+02
  -3.2590136e+02
  -3.2675923e+02
  -3.2790751e+02
  -3.2871694e+02
  -3.2928340e+02
  -3.2976001e+02
  -3.3019920e+02
  -3.3061992e+02
  -3.3102992e+02
  -3.3143223e+02
  -3.3182698e+02
  -3.3221025e+02
  -3.3256527e+02
  -3.3277981e+02
  -3.3105639e+02
  -3.3098543e+02
  -3.3133137e+02
  -3.3174196e+02
  -3.3220601e+02
  -3.3278575e+02
  -3.3377694e+02
  -3.3524903e+02
  -3.3606029e+02
  -3.3658096e+02
  -3.3700742e+02
  -3.3738091e+02
  -3.3770275e+02
  -3.3795093e+02
  -3.3807982e+02
  -3.3806325e+02
  -3.3802792e+02
  -3.3813875e+02
  -3.3840023e+02
  -3.3877665e+02
  -3.3927348e+02
  -3.3997241e+02
  -3.4099318e+02
  -3.4200596e+02
  -3.4272752e+02
  -3.4329625e+02
  -3.4380703e+02
  -3.4430218e+02
  -3.4481089e+02
  -3.4537638e+02
  -3.4611004e+02
  -3.4723871e+02
  -3.4836732e+02
  -3.4907590e+02
  -3.4957771e+02
  -3.4995464e+02
  -3.5015746e+02
  -3.4998352e+02
  -3.4964744e+02
  -3.4971468e+02
  -3.5000174e+02
  -3.5037367e+02
  -3.5078496e+02
  -3.5121703e+02
  -3.5165921e+02
  -3.5210228e+02
  -3.5253554e+02
  -3.5294460e+02
  -3.5330886e+02
  -3.5359890e+02
  -3.5378347e+02
  -3.5387344e+02
  -3.5396400e+02
  -3.5413773e+02
  -3.5439386e+02
  -3.5470233e+02
  -3.5503797e+02
  -3.5538134e+02
  -3.5570556e+02
  -3.5588706e+02
  -3.5419945e+02
  -3.5408034e+02
  -3.5438866e+02
  -3.5474762e+02
  -3.5512180e+02
  -3.5550203e+02
  -3.5588479e+02
  -3.5626853e+02
  -3.5665310e+02
  -3.5704270e+02
  -3.5752606e+02
  -3.5455305e+02
  -3.5493191e+02
  -3.5526331e+02
  -3.5553712e+02
  -3.5567747e+02
  -3.5547660e+02
  -3.5505601e+02
  -3.5503016e+02
  -3.5524799e+02
  -3.5556288e+02
  -3.5593109e+02
  -3.5635006e+02
  -3.5686102e+02
  -3.5765681e+02
  -3.5907100e+02
  -3.6003050e+02
  -3.6057997e+02
  -3.6100423e+02
  -3.6136813e+02
  -3.6168236e+02
  -3.6193497e+02
  -3.6209386e+02
  -3.6211774e+02
  -3.6203727e+02
  -3.6200434e+02
  -3.6209376e+02
  -3.6226856e+02
  -3.6247944e+02
  -3.6268474e+02
  -3.6283456e+02
  -3.6284750e+02
  -3.6266184e+02
  -3.6248481e+02
  -3.6251852e+02
  -3.6270134e+02
  -3.6295836e+02
  -3.6325079e+02
  -3.6355576e+02
  -3.6384646e+02
  -3.6400899e+02
  -3.6228482e+02
  -3.6210850e+02
  -3.6238410e+02
  -3.6270676e+02
  -3.6303590e+02
  -3.6334982e+02
  -3.6360057e+02
  -3.6347672e+02
  -3.6213678e+02
  -3.6212290e+02
  -3.6238297e+02
  -3.6269168e+02
  -3.6300869e+02
  -3.6331594e+02
  -3.6359588e+02
  -3.6382185e+02
  -3.6395056e+02
  -3.6394419e+02
  -3.6387906e+02
  -3.6391880e+02
  -3.6409646e+02
  -3.6436721e+02
  -3.6469595e+02
  -3.6506767e+02
  -3.6549518e+02
  -3.6646527e+02
  -3.6917292e+02
  -3.6967702e+02
  -3.7013580e+02
  -3.7059411e+02
  -3.7105905e+02
  -3.7153031e+02
  -3.7200116e+02
  -3.7245222e+02
  -3.7282890e+02
  -3.7295094e+02
  -3.7256272e+02
  -3.7248351e+02
  -3.7277962e+02
  -3.7319024e+02
  -3.7363991e+02
  -3.7410746e+02
  -3.7458869e+02
  -3.7508753e+02
  -3.7561499e+02
  -3.7619175e+02
  -3.7684960e+02
  -3.7761036e+02
  -3.7841489e+02
  -3.7913688e+02
  -3.7972387e+02
  -3.8017718e+02
  -3.8044333e+02
  -3.8023706e+02
  -3.7972001e+02
  -3.7976124e+02
  -3.8003115e+02
  -3.8036803e+02
  -3.8072732e+02
  -3.8109193e+02
  -3.8145118e+02
  -3.8179198e+02
  -3.8208504e+02
  -3.8222506e+02
  -3.8172889e+02
  -3.8110690e+02
  -3.8119911e+02
  -3.8147004e+02
  -3.8178865e+02
  -3.8211762e+02
  -3.8243615e+02
  -3.8272054e+02
  -3.8293044e+02
  -3.8300247e+02
  -3.8293940e+02
  -3.8294978e+02
  -3.8315812e+02
  -3.8352194e+02
  -3.8399822e+02
  -3.8456496e+02
  -3.8519491e+02
  -3.8584015e+02
  -3.8645313e+02
  -3.8701312e+02
  -3.8752044e+02
  -3.8797882e+02
  -3.8838356e+02
  -3.8871117e+02
  -3.8890720e+02
  -3.8892991e+02
  -3.8894309e+02
