0 0.284829999999999 0
6250 0.270212999999998 0.00451800000000002
12500 0.222528000000001 0.0101668999999998
18750 0.127950000000002 0.0183746
25000 -0.0471800000000009 0.0313381000000001
31250 -0.389064000000001 0.0530118999999998
37500 -1.173287 0.09111589
43750 -3.8468062 0.143204468
50000 -3.46297181 -1.5268655
56250 4.6541306 -0.517355
62500 3.9283435 -0.2263169
68750 3.6811118 -0.0941314000000002
75000 3.6774916 0.0374034999999999
81250 3.5369006 0.2358259
87500 2.1029909 0.541707499999999
93750 -2.6407973 0.733003999999999
100000 -7.6720739 0.2264558
106250 -6.1418178 -0.326128000000001
112500 -3.984399 -0.490914799999999
118750 -2.4361635 -0.5431031
125000 -1.0617816 -0.549517
131250 0.555968 -0.487216
137500 2.52678773 -0.183588
143750 -0.6855595 0.601049
150000 -12.5938009 0.438085000000001
156250 -13.6911218 -0.995906
162500 -9.9921899 -1.517944
168750 -7.8237702 -1.944108
175000 -6.09947169 -2.517075
181250 -5.04086409 -3.330784
187500 -5.853583776 -4.245809
193750 -7.93987638 -4.978876
200000 -10.14615583 -5.509952
206250 -12.45061059 -5.930281
212500 -15.3069017 -6.330006
218750 -19.4673351 -6.855529
225000 -23.8634446 -7.998801
231250 -19.3389237 -9.255833
237500 -14.548765016 -9.854036
243750 -11.835502 -10.293409
250000 -10.7667407 -10.682062
256250 -11.1223435 -11.027123
262500 -12.8827043 -11.321089
268750 -16.56813997 -11.545279
275000 -25.0439443 -11.494165
281250 -24.1345613 -9.571041
287500 -15.98347893 -9.545842
293750 -12.389577 -9.725375
300000 -10.6490832 -9.910469
306250 -9.974186 -10.061492
312500 -9.9488985 -10.160187
318750 -10.2643571 -10.195351
325000 -10.5963773 -10.159517
331250 -10.49881 -10.059154
337500 -9.4538805 -9.94354
343750 -7.2588353 -9.924032
350000 -4.625576 -10.163271
356250 -4.4774084 -10.716019
362500 -8.345243 -11.149595
368750 -13.9338746 -11.298575
375000 -21.7808931 -11.10841
381250 -25.9220203 -9.652932
387500 -18.9570585 -9.129695
393750 -15.1868383 -9.090902
400000 -12.9861951 -9.142588
406250 -11.7260936 -9.229171
412500 -11.223468 -9.327781
418750 -11.416517 -9.413645
425000 -12.1884367 -9.454145
431250 -13.2207905 -9.418906
437500 -13.9891184 -9.310392
443750 -14.1609173 -9.184978
450000 -13.9793767 -9.101246
456250 -13.9118121 -9.064707
462500 -14.2252107 -9.042715
468750 -14.8873919 -8.992956
475000 -15.564334 -8.888698
481250 -15.817111 -8.749476
487500 -15.566781 -8.632254
493750 -15.153945 -8.572177
500000 -14.943942 -8.565536
506250 -15.171772 -8.592632
512500 -16.010039 -8.628571
518750 -17.635656 -8.635572
525000 -20.157649 -8.534117
531250 -22.7155156 -8.165874
537500 -22.1023647 -7.623722
543750 -19.320866 -7.35925
550000 -17.048535 -7.312185
556250 -15.624844 -7.35199
562500 -14.925524 -7.424105
568750 -14.858442 -7.503486
575000 -15.399755 -7.571787
581250 -16.571537 -7.604665
587500 -18.355873 -7.557259
593750 -20.327823 -7.35302
600000 -20.981824 -6.980058
606250 -19.557141 -6.665797
612500 -17.633209 -6.529817
618750 -16.159119 -6.500998
625000 -15.25433 -6.514004
631250 -14.829802 -6.532317
637500 -14.750909 -6.534251
643750 -14.849503 -6.507181
650000 -14.927622 -6.449322
656250 -14.813562 -6.373295
662500 -14.456912 -6.301643
668750 -13.952448 -6.253037
675000 -13.4566 -6.23322
681250 -13.10203 -6.237076
687500 -12.970612 -6.254117
693750 -13.097003 -6.27161
700000 -13.469318 -6.275635
706250 -14.015807 -6.252412
712500 -14.588424 -6.192668
718750 -14.987058 -6.099826
725000 -15.070135 -5.99432
731250 -14.868371 -5.902104
737500 -14.544324 -5.836905
743750 -14.259974 -5.796742
750000 -14.107722 -5.771602
756250 -14.111764 -5.750251
762500 -14.248063 -5.723474
768750 -14.462351 -5.685617
775000 -14.688959 -5.635569
781250 -14.87466 -5.576774
787500 -15.001046 -5.515377
793750 -15.090866 -5.456897
800000 -15.192957 -5.403371
806250 -15.357028 -5.352452
812500 -15.611562 -5.298246
818750 -15.948773 -5.233142
825000 -16.316872 -5.150481
831250 -16.627231 -5.048166
837500 -16.789613 -4.931634
843750 -16.766616 -4.812434
850000 -16.598929 -4.701474
856250 -16.371149 -4.602791
862500 -16.155069 -4.513051
868750 -15.975932 -4.425287
875000 -15.808974 -4.33334
881250 -15.598401 -4.23537
887500 -15.292654 -4.135218
893750 -14.880001 -4.040359
900000 -14.398587 -3.957404
906250 -13.914771 -3.888589
912500 -13.49223 -3.8313
918750 -13.172206 -3.779567
925000 -12.965893 -3.725799
931250 -12.851891 -3.662288
937500 -12.776129 -3.582849
943750 -12.659053 -3.484791
950000 -12.41548 -3.370329
956250 -11.979556 -3.245964
962500 -11.315767 -3.120194
968750 -10.413151 -3.002009
975000 -9.28318400000001 -2.900925
981250 -7.968645 -2.826363
987500 -6.545327 -2.785463
993750 -5.106173 -2.781258
1000000 -3.740374 -2.812735
1006250 -2.521114 -2.876144
1012500 -1.503185 -2.966381
1018750 -0.725685999999996 -3.077924
1025000 -0.216493999999997 -3.205399
1031250 0.00233200000000267 -3.343841
1037500 -0.0917719999999989 -3.488663
1043750 -0.528967000000002 -3.635245
1050000 -1.354807 -3.777981
1056250 -2.63948199999999 -3.90841
1062500 -4.489814 -4.011151
1068750 -7.055252 -4.053078
1075000 -10.407097 -3.95145
1081250 -13.408901 -3.541806
1087500 -12.677115 -2.99652
1093750 -10.023855 -2.759017
1100000 -7.919791 -2.721862
1106250 -6.559437 -2.762513
1112500 -5.79406 -2.832192
1118750 -5.502865 -2.908855
1125000 -5.6003 -2.979091
1131250 -6.010258 -3.032404
1137500 -6.644197 -3.060354
1143750 -7.393338 -3.058201
1150000 -8.14471 -3.027115
1156250 -8.817116 -2.973913
1162500 -9.385589 -2.906769
1168750 -9.862493 -2.829982
1175000 -10.246897 -2.74296699999999
1181250 -10.487035 -2.645039
1187500 -10.498779 -2.542834
1193750 -10.247454 -2.452705
1200000 -9.814948 -2.392197
1206250 -9.364759 -2.368972
1212500 -9.055727 -2.378991
1218750 -8.997303 -2.411529
1225000 -9.252018 -2.453392
1231250 -9.849128 -2.489834
1237500 -10.782619 -2.503086
1243750 -11.972115 -2.470796
1250000 -13.171757 -2.371089
1256250 -13.928814 -2.207486
1262500 -13.916502 -2.03553700000001
1268750 -13.367304 -1.919316
1275000 -12.766633 -1.872586
1281250 -12.427915 -1.874862
1287500 -12.479808 -1.900257
1293750 -12.95858 -1.924454
1300000 -13.835917 -1.921708
1306250 -14.960906 -1.862931
1312500 -15.94455 -1.72899899999999
1318750 -16.267151 -1.549223
1325000 -15.863236 -1.399394
1331250 -15.211637 -1.320282
1337500 -14.736089 -1.298453
1343750 -14.607147 -1.305669
1350000 -14.850274 -1.31756
1356250 -15.424545 -1.314319
1362500 -16.232761 -1.278824
1368750 -17.098459 -1.19912900000001
1375000 -17.780023 -1.077963
1381250 -18.10772 -0.939199000000002
1387500 -18.134802 -0.811864
1393750 -18.05651 -0.705992999999999
1400000 -18.010766 -0.611852999999996
1406250 -17.996398 -0.514952000000001
1412500 -17.908996 -0.409288000000004
1418750 -17.641552 -0.303356000000001
1425000 -17.194946 -0.214492
1431250 -16.696647 -0.154677
1437500 -16.314533 -0.121902999999996
1443750 -16.166262 -0.102020999999993
1450000 -16.271525 -0.0746559999999974
1456250 -16.5263 -0.0202279999999959
1462500 -16.706062 0.0691989999999976
1468750 -16.572084 0.178001000000002
1475000 -16.072717 0.272553000000002
1481250 -15.390503 0.327792000000002
1487500 -14.769124 0.341355999999998
1493750 -14.377562 0.325885999999997
1500000 -14.290739 0.299222
1506250 -14.501743 0.279893999999999
1512500 -14.920756 0.284052000000003
1518750 -15.37646 0.319412999999997
1525000 -15.677925 0.377035000000006
1531250 -15.755989 0.432461999999994
1537500 -15.739095 0.463790000000003
1543750 -15.85297 0.467807999999998
1550000 -16.285396 0.459567
1556250 -17.1238636 0.466137000000003
1562500 -18.3040296 0.523270000000004
1568750 -19.4828683 0.665603000000004
1575000 -19.9985048 0.883996000000003
1581250 -19.5047876 1.09075199999999
1587500 -18.4947779 1.212112
1593750 -17.5751414 1.252106
1600000 -17.025136 1.244104
1606250 -16.9115425 1.219157
1612500 -17.1961425 1.202678
1618750 -17.7545942 1.21454
1625000 -18.3794859 1.26353
1631250 -18.8601043 1.338885
1637500 -19.1449924 1.414874
1643750 -19.3906685 1.473554
1650000 -19.8138162 1.520081
1656250 -20.5319209 1.579545
1662500 -21.4523958 1.687081
1668750 -22.16642002 1.865044
1675000 -22.13761223 2.077563
1681250 -21.3865655 2.242868
1687500 -20.4774206 2.325931
1693750 -19.8581358 2.347607
1700000 -19.7134127 2.34287
1706250 -20.0703464 2.346626
1712500 -20.81302544 2.394656
1718750 -21.58717389 2.515102
1725000 -21.83965914 2.692393
1731250 -21.37575072 2.854076
1737500 -20.632008488 2.950035
1743750 -20.08242901 2.992104
1750000 -19.91314942 3.017323
1756250 -20.05666328 3.062882
1762500 -20.21238825 3.151413
1768750 -19.97568785 3.265625
1775000 -19.26115268 3.350071
1781250 -18.4214274 3.368687
1787500 -17.836629 3.327666
1793750 -17.7123543 3.249444
1800000 -18.1513601 3.155752
1806250 -19.2480394961 3.068056
1812500 -21.1374325 3.018694
1818750 -23.923107 3.079667
1825000 -26.8316182 3.401922
1831250 -26.7555682 3.909745
1837500 -24.5425727 4.151318
1843750 -23.0030568 4.179354
1850000 -22.5943802 4.14147
1856250 -23.2372221 4.123393
1862500 -24.6739298 4.209259
1868750 -25.8331367 4.481959
1875000 -24.9753075 4.815583
1881250 -22.9663514 4.967998
1887500 -21.4464894 4.96293
1893750 -20.9009308 4.892449
1900000 -21.4326894 4.825398
1906250 -23.0859749 4.842338
1912500 -25.3060144 5.096032
1918750 -24.9850201 5.607604
1925000 -21.785841 5.883121
1931250 -18.9769747 5.892974
1937500 -17.2487892 5.794535
1943750 -16.540894 5.664614
1950000 -16.7785946 5.549516
1956250 -17.9014381 5.499067
1962500 -19.6263387 5.593654
1968750 -20.5811847 5.907144
1975000 -19.0245596 6.241793
1981250 -16.3986949 6.363259
1987500 -14.2091749 6.327978
1993750 -12.75551814 6.217269
2000000 -12.03257043 6.07666
2006250 -11.99621058 5.936455
2012500 -12.57854802 5.823754
2018750 -13.6415178 5.767298
2025000 -14.8720131 5.793926
2031250 -15.7078133 5.900227
2037500 -15.7389301 6.014803
2043750 -15.31483 6.05291399999999
2050000 -15.1572564 5.995159
2056250 -15.8736628 5.863507
2062500 -18.165577 5.685328
2068750 -24.0415342 5.489416
2075000 -36.11296 8.272034
2081250 -19.8008182 8.138803
2087500 -14.5376733 7.920473
2093750 -11.6462455 7.69808399999999
2100000 -10.0267651 7.475551
2106250 -9.3771817 7.256679
2112500 -9.6630376 7.051458
2118750 -11.0120239 6.884006
2125000 -13.7172783 6.81802
2131250 -17.8100887 7.06968
2137500 -18.0921809 7.851065
2143750 -13.5854802 8.19731
2150000 -10.1618383 8.206191
2156250 -7.95299095 8.118689
2162500 -6.66254492 8.003227
2168750 -6.1996966 7.896383
2175000 -6.5108323 7.85142
2181250 -7.0397642 7.94882800000001
2187500 -6.3127068 8.160499
2193750 -4.2478575 8.28213
2200000 -2.212282 8.27533
2206250 -0.7401843 8.211267
2212500 0.1219906 8.13936
2218750 0.3539514 8.09024
2225000 -0.1347387 8.093104
2231250 -1.4463496 8.186323
2237500 -3.4052 8.41838
2243750 -5.0190679 8.790337
2250000 -5.3008082 9.133897
2256250 -4.958088 9.294066
2262500 -4.8191455 9.290861
2268750 -5.1003859 9.183011
2275000 -5.8824254 9.01495000000001
2281250 -7.3583918 8.830563
2287500 -9.8391239 8.712232
2293750 -12.9445596 8.858106
2300000 -12.8868743 9.296848
2306250 -9.894078 9.44881
2312500 -7.4543122 9.365558
2318750 -5.84952363 9.207178
2325000 -4.842195 9.024103
2331250 -4.29753456 8.82878299999999
2337500 -4.1990098 8.623729
2343750 -4.6279456 8.413418
2350000 -5.72873 8.214389
2356250 -7.6096914 8.065562
2362500 -10.1123032 8.031871
2368750 -12.4070529 8.169237
2375000 -13.2738729 8.398846
2381250 -12.969245 8.550142
2387500 -12.6061705 8.596939
2393750 -12.7029747 8.592948
2400000 -13.3802509 8.591852
2406250 -14.5356119 8.650738
2412500 -15.5836712 8.82418
2418750 -15.4433593 9.067184
2425000 -14.1406808 9.221751
2431250 -12.7698171 9.245501
2437500 -11.906519 9.190233
2443750 -11.6679965 9.10253
2450000 -12.0637032 9.014111
2456250 -13.1014246 8.956718
2462500 -14.7032955 8.980533
2468750 -16.2670664 9.15433700000001
2475000 -16.3487331 9.43606
2481250 -14.9092015 9.609047
2487500 -13.4479669 9.623158
2493750 -12.6350771 9.552725
2500000 -12.5481823 9.45551099999999
2506250 -13.1473284 9.36858100000001
2512500 -14.3734981 9.32738000000001
2518750 -16.0216479 9.380869
2525000 -17.3503423 9.571386
2531250 -17.2809197 9.817944
2537500 -16.1810029 9.957087
2543750 -15.2179353 9.973565
2550000 -14.908137 9.931014
2556250 -15.3433066 9.887831
2562500 -16.4358485 9.899627
2568750 -17.7577374 10.028786
2575000 -18.2033171 10.281681
2581250 -17.1250149 10.504801
2587500 -15.5408673 10.586838
2593750 -14.3529843 10.565203
2600000 -13.8073247 10.498964
2606250 -13.8970704 10.431101
2612500 -14.5200207 10.39652
2618750 -15.4368566 10.427593
2625000 -16.16199 10.537879
2631250 -16.1768413 10.681282
2637500 -15.5845014 10.775294
2643750 -14.9877172 10.791764
2650000 -14.8444926 10.757852
2656250 -15.3599554 10.717051
2662500 -16.5722812 10.722767
2668750 -18.1949104 10.849579
2675000 -19.0310489 11.14234
2681250 -17.8940433 11.433412
2687500 -15.9425191 11.550353
2693750 -14.40301873 11.534052
2700000 -13.59200706 11.455859
2706250 -13.53526629 11.362781
2712500 -14.209301573 11.292418
2718750 -15.5301087 11.290096
2725000 -17.1008391 11.417678
2731250 -17.7668237 11.689753
2737500 -16.7273596 11.944311
2743750 -15.048180936 12.052597
2750000 -13.7048798 12.052565
2756250 -12.938916 12.004993
2762500 -12.7178165 11.95014
2768750 -12.9248444 11.914431
2775000 -13.3854668 11.915099
2781250 -13.8712206 11.957249
2787500 -14.1691731 12.027704
2793750 -14.2212181 12.099812
2800000 -14.1636496 12.153827
2806250 -14.191365 12.19041
2812500 -14.4161293 12.226132
2818750 -14.8071034 12.282573
2825000 -15.1822648 12.373934
2831250 -15.2868945 12.492324
2837500 -15.0067948 12.605927
2843750 -14.4950932 12.684876
2850000 -14.0178618 12.723661
2856250 -13.7700482 12.736427
2862500 -13.8281216 12.745023
2868750 -14.1532293 12.772365
2875000 -14.5814756 12.836362
2881250 -14.8456792 12.937948
2887500 -14.7353312 13.051297
2893750 -14.3005946 13.140008
2900000 -13.7959257 13.186918
2906250 -13.4646936 13.198928
2912500 -13.4459792 13.194812
2918750 -13.7798128 13.197392
2925000 -14.4043234 13.231118
2931250 -15.1141017 13.316844
2937500 -15.5566937 13.454891
2943750 -15.4562114 13.608419
2950000 -14.915106 13.728964
2956250 -14.2767484 13.799567
2962500 -13.8052294 13.833387
2968750 -13.6034269 13.852816
2975000 -13.6523905 13.878854
2981250 -13.8411 13.926652
2987500 -13.9966364 14.000018
2993750 -13.9671244 14.087048
3000000 -13.7319288 14.166612
3006250 -13.4110421 14.224147
3012500 -13.161513 14.25972
3018750 -13.089138 14.284179
3025000 -13.220812 14.312809
3031250 -13.499113 14.360551
3037500 -13.782731 14.436236
3043750 -13.890378 14.534706
3050000 -13.72071 14.635034
3056250 -13.345604 14.7142
3062500 -12.946996 14.763233
3068750 -12.690783 14.788621
3075000 -12.668575 14.805172
3081250 -12.891387 14.830693
3087500 -13.281286 14.882729
3093750 -13.654633 14.972251
3100000 -13.765303 15.09169
3106250 -13.482445 15.210724
3112500 -12.932533 15.297834
3118750 -12.380023 15.34403
3125000 -12.041217 15.361253
3131250 -12.027481 15.371424
3137500 -12.344399 15.401863
3143750 -12.839995 15.483596
3150000 -13.091481 15.635388
3156250 -12.543102 15.820678
3162500 -11.170787 15.953339
3168750 -9.532929 15.989907
3175000 -8.097729 15.944517
3181250 -7.064026 15.844387
3187500 -6.491943 15.710683
3193750 -6.399761 15.557509
3200000 -6.808515 15.394277
3206250 -7.768317 15.227928
3212500 -9.389899 15.065058
3218750 -11.914337 14.915359
3225000 -15.939769 14.803421
3231250 -23.5671838 14.869419
3237500 -28.3403846 16.766169
3243750 -19.0677872 17.1149
3250000 -15.1047086 17.083792
3256250 -12.9004237 17.023873
3262500 -11.5251 16.97104
3268750 -10.583581 16.931634
3275000 -9.868046 16.902809
3281250 -9.277288 16.878072
3287500 -8.78434 16.851388
3293750 -8.405105 16.820033
3300000 -8.166885 16.785324
3306250 -8.085579 16.751658
3312500 -8.153641 16.724873
3318750 -8.33609 16.710454
3325000 -8.573681 16.711643
3331250 -8.796112 16.72772
3337500 -8.94624 16.753442
3343750 -9.004905 16.780813
3350000 -8.997583 16.802629
3356250 -8.976804 16.815388
3362500 -8.995321 16.819816
3368750 -9.08708 16.819484
3375000 -9.260922 16.818839
3381250 -9.504252 16.821488
3387500 -9.793297 16.829118
3393750 -10.10636 16.841342
3400000 -10.434628 16.856549
3406250 -10.785088 16.873341
3412500 -11.174207 16.8918
3418750 -11.6159604 16.913941
3425000 -12.109487 16.94319
3431250 -12.6311636 16.982911
3437500 -13.1369528 17.034322
3443750 -13.5803789 17.094801
3450000 -13.9409549 17.158381
3456250 -14.241091 17.219049
3462500 -14.5334482 17.274556
3468750 -14.8683681 17.327781
3475000 -15.2639046 17.385229
3481250 -15.689937 17.45377
3487500 -16.0721812 17.536394
3493750 -16.3267085 17.628537
3500000 -16.4190481 17.718784
3506250 -16.3985053 17.795729
3512500 -16.3676714 17.855217
3518750 -16.4212622 17.901684
3525000 -16.6056925 17.944788
3531250 -16.90666925 17.995103
3537500 -17.25398131 18.059917
3543750 -17.54813782 18.139132
3550000 -17.71772848 18.223873
3556250 -17.775896 18.301744
3562500 -17.8146774 18.366007
3568750 -17.9388012 18.420256
3575000 -18.1997453 18.476108
3581250 -18.5598977 18.547291
3587500 -18.8893612 18.641574
3593750 -19.0243876 18.752035
3600000 -18.8981385 18.857032
3606250 -18.6193011 18.935797
3612500 -18.3900915 18.983678
3618750 -18.3799596 19.012298
3625000 -18.6655699 19.042783
3631250 -19.2018599 19.100456
3637500 -19.7747194 19.206835
3643750 -20.0102503 19.359217
3650000 -19.6525768 19.513804
3656250 -18.8805642 19.619767
3662500 -18.09538 19.664794
3668750 -17.5791803 19.667669
3675000 -17.4364056 19.655692
3681250 -17.6365016 19.655046
3687500 -18.0280146 19.68606
3693750 -18.3564184 19.753802
3700000 -18.3925801 19.837822
3706250 -18.1404057 19.902846
3712500 -17.8395496 19.928604
3718750 -17.7594553 19.92137
3725000 -18.0630347 19.904995
3731250 -18.7622787 19.912399
3737500 -19.647896 19.977519
3743750 -20.2304131 20.108779
3750000 -20.0774524 20.252097
3756250 -19.3978227 20.332149
3762500 -18.7639974 20.329162
3768750 -18.5884692 20.265624
3775000 -19.1109758 20.17339
3781250 -20.5373271 20.091052
3787500 -23.1000879 20.089037
3793750 -26.5300423 20.345741
3800000 -27.0462757 20.956259
3806250 -23.9044342 21.270406
3812500 -21.3867462 21.277645
3818750 -20.0866311 21.173629
3825000 -19.8854835 21.034039
3831250 -20.7851903 20.900422
3837500 -22.9680626 20.827643
3843750 -26.6260615 20.963646
3850000 -28.9142405 21.6122
3856250 -25.3973653 22.117709
3862500 -21.9977336 22.188732
3868750 -19.9270154 22.120235
3875000 -18.8688737 22.013127
3881250 -18.6141437 21.906619
3887500 -19.0395507 21.829929
3893750 -19.9749057 21.817347
3900000 -20.9993996 21.901732
3906250 -21.3982498 22.066494
3912500 -20.8813685 22.2174
3918750 -19.9914182 22.288143
3925000 -19.2891722 22.28892
3931250 -19.0091209 22.251906
3937500 -19.2153103 22.204766
3943750 -19.9097922 22.171574
3950000 -21.0373706 22.177577
3956250 -22.4268032 22.248443
3962500 -23.7473846 22.396753
3968750 -24.6602268 22.603922
3975000 -25.085545 22.836853
3981250 -25.0673224 23.08385
3987500 -24.4669182 23.335989
3993750 -23.1884335 23.550493
4000000 -21.5405876 23.682663
4006250 -19.9926108 23.729396
4012500 -18.857011 23.71571
4018750 -18.2792921 23.672665
4025000 -18.3063764 23.631862
4031250 -18.9015179 23.62878
4037500 -19.8514193 23.706452
4043750 -20.5340674 23.894979
4050000 -20.1086186 24.134583
4056250 -18.7067225 24.296067
4062500 -17.2230878 24.342525
4068750 -16.2067632 24.312031
4075000 -15.8435804 24.248013
4081250 -16.182392 24.187459
4087500 -17.2107476 24.169033
4093750 -18.7782761 24.244851
4100000 -20.2417953 24.473396
4106250 -20.3221991 24.80997
4112500 -18.94825427 25.067768
4118750 -17.38720639 25.193327
4125000 -16.285724921 25.251312
4131250 -15.66951246 25.304765
4137500 -15.25769629 25.392408
4143750 -14.62545129 25.514244
4150000 -13.54396376 25.628208
4156250 -12.19406481 25.692814
4162500 -10.8993863 25.700304
4168750 -9.8798861 25.663719
4175000 -9.2520587 25.600069
4181250 -9.0871449 25.526803
4187500 -9.4309108 25.46497
4193750 -10.2677945 25.443532
4200000 -11.4086191 25.498844
4206250 -12.3399608 25.651769
4212500 -12.4549127 25.856361
4218750 -11.8189837 26.023581
4225000 -11.0227184 26.124091
4231250 -10.4531145 26.184849
4237500 -10.1820888 26.241998
4243750 -10.0710249 26.321974
4250000 -9.8579618 26.429487
4256250 -9.3512984 26.539985
4262500 -8.6366093 26.619649
4268750 -7.9956156 26.655688
4275000 -7.6970026 26.658951
4281250 -7.9365746 26.653573
4287500 -8.8586905 26.67842
4293750 -10.4353588 26.806864
4300000 -11.6881628 27.141613
4306250 -10.506391 27.555581
4312500 -7.8610085 27.752178
4318750 -5.6356039 27.763873
4325000 -4.2154512 27.68599
4331250 -3.5491487 27.564389
4337500 -3.5733245 27.417486
4343750 -4.2924618 27.252156
4350000 -5.8115089 27.071424
4356250 -8.4071454 26.87962
4362500 -12.8000915 26.691329
4368750 -21.9578859 26.611131
4375000 -24.8172627 28.949284
4381250 -16.1449443 28.909719
4387500 -13.1990584 28.689488
4393750 -12.1878362 28.435628
4400000 -12.3308743 28.158171
4406250 -13.405814 27.854407
4412500 -15.4360132 27.519414
4418750 -18.6824123 27.150449
4425000 -23.9641896 26.754771
4431250 -35.7660833 26.443269
4437500 -32.6264245 28.765474
4443750 -25.1141757 28.344644
4450000 -21.5441256 27.87387
4456250 -19.1992516 27.41849
4462500 -17.5363332 26.987522
4468750 -16.4302367 26.573943
4475000 -15.8774561 26.163561
4481250 -15.9205898 25.738352
4487500 -16.6124509 25.274582
4493750 -17.9348299 24.735354
4500000 -19.5275881 24.066657
4506250 -20.2835621 23.262072
4512500 -19.4665424 22.479858
4518750 -18.0980391 21.83988
4525000 -17.1271375 21.302112
4531250 -16.8314132 20.800446
4537500 -17.2143119 20.282278
4543750 -18.0701337 19.702441
4550000 -18.8115318 19.041774
4556250 -18.7347687 18.369582
4562500 -18.0143719 17.806654
4568750 -17.4069036 17.39516
4575000 -17.3593742 17.126536
4581250 -17.9208267 17.012044
4587500 -18.5217856 17.094624
4593750 -17.697776 17.319367
4600000 -15.369157 17.450733
4606250 -13.172943 17.425189
4612500 -11.93391 17.324978
4618750 -11.82867 17.228307
4625000 -12.876815 17.209566
4631250 -14.826809 17.391586
4637500 -15.469288 17.909498
4643750 -12.337142 18.376831
4650000 -8.586447 18.539198
4656250 -5.705029 18.551301
4662500 -3.781575 18.501945
4668750 -2.875348 18.431473
4675000 -3.239818 18.378313
4681250 -5.42765 18.433452
4687500 -9.346405 18.959974
4693750 -6.30783 19.921198
4700000 -1.047168 20.178837
4706250 2.079017 20.194688
4712500 3.640089 20.140879
4718750 3.949604 20.056943
4725000 3.071676 19.963787
4731250 0.91817 19.893261
4737500 -2.709475 19.917716
4743750 -7.561151 20.24517
4750000 -8.91681 21.006421
4756250 -6.202522 21.390511
4762500 -4.371351 21.457961
4768750 -3.735735 21.42118
4775000 -4.102364 21.34788
4781250 -5.48216 21.274291
4787500 -8.086361 21.257876
4793750 -11.939656 21.462944
4800000 -13.6406264 22.094496
4806250 -10.8426143 22.48432
4812500 -8.563487 22.520068
4818750 -7.5773389 22.440226
4825000 -7.6265953 22.328618
4831250 -8.5855617 22.21793
4837500 -10.5166735 22.136787
4843750 -13.6528858 22.15022
4850000 -17.7198908 22.460829
4856250 -18.1267908 23.141636
4862500 -15.0674388 23.432338
4868750 -13.1175286 23.431835
4875000 -12.5569795 23.351295
4881250 -13.1622079 23.272805
4887500 -14.8162989 23.255727
4893750 -17.2702378 23.394617
4900000 -18.9218823 23.799765
4906250 -17.48858203 24.218588
4912500 -15.06235355 24.371445
4918750 -13.34742277 24.362465
4925000 -12.54224549 24.291199
4931250 -12.585064848 24.21176
4937500 -13.38264767 24.167253
4943750 -14.71025711 24.207357
4950000 -15.90653195 24.374756
4956250 -15.9496755 24.614886
4962500 -14.8885479 24.778869
4968750 -13.7229362 24.823242
4975000 -13.0276844 24.79186
4981250 -12.9605496 24.73046
4987500 -13.5418107 24.675581
4993750 -14.723513 24.665072
5000000 -16.2738111 24.746629
5006250 -17.4773021 24.95329
5012500 -17.4154501 25.209081
5018750 -16.3867951 25.37434
5025000 -15.3717593 25.428771
5031250 -14.8472047 25.422344
5037500 -14.9019634 25.403004
5043750 -15.4539446 25.409714
5050000 -16.2596098 25.47438
5056250 -16.873106 25.606111
5062500 -16.8821261 25.763723
5068750 -16.3793164 25.882431
5075000 -15.8249416 25.939733
5081250 -15.5725662 25.956069
5087500 -15.7540569 25.965772
5093750 -16.312883 26.004888
5100000 -16.9729277 26.102369
5106250 -17.2611689 26.25383
5112500 -16.9020498 26.402762
5118750 -16.1751462 26.492932
5125000 -15.5499348 26.51815
5131250 -15.3260747 26.502605
5137500 -15.6445485 26.477777
5143750 -16.5472404 26.481472
5150000 -17.8927274 26.565453
5156250 -19.0220053 26.778236
5162500 -18.8477921 27.059158
5168750 -17.5176181 27.247333
5175000 -16.1369773 27.30814
5181250 -15.2639366 27.294154
5187500 -15.023236 27.253984
5193750 -15.4078583 27.225916
5200000 -16.320409 27.250213
5206250 -17.4060095 27.371846
5212500 -17.848275 27.594681
5218750 -17.0897089 27.812158
5225000 -15.7594395 27.925144
5231250 -14.6435407 27.944618
5237500 -14.0587934 27.917083
5243750 -14.0711653 27.883656
5250000 -14.6357582 27.883367
5256250 -15.5262012 27.960343
5262500 -16.1072926 28.142051
5268750 -15.5928893 28.364268
5275000 -14.1892385 28.506515
5281250 -12.7434057 28.543049
5287500 -11.7251215 28.514831
5293750 -11.2497418 28.46561
5300000 -11.2696741 28.432515
5306250 -11.5886128 28.44901
5312500 -11.7818777 28.533011
5318750 -11.3330936 28.652276
5325000 -10.1893662 28.731502
5331250 -8.8133073 28.729513
5337500 -7.62210663 28.655643
5343750 -6.80461039 28.533103
5350000 -6.42220425 28.380893
5356250 -6.495187 28.212156
5362500 -7.04243457 28.036252
5368750 -8.10150861 27.860774
5375000 -9.7491802 27.69343
5381250 -12.1421321 27.545098
5387500 -15.6249454 27.439423
5393750 -21.0714987 27.463958
5400000 -28.9947911 28.238916
5406250 -23.9579244 29.336777
5412500 -19.3907276 29.46457
5418750 -17.0422731 29.447775
5425000 -15.7880181 29.41385
5431250 -15.1276685 29.393279
5437500 -14.7628296 29.394721
5443750 -14.4911103 29.415069
5450000 -14.204091 29.443911
5456250 -13.8891857 29.470433
5462500 -13.592027 29.489332
5468750 -13.3622428 29.501891
5475000 -13.2186223 29.513089
5481250 -13.1410448 29.527844
5487500 -13.0838521 29.547763
5493750 -13.0059067 29.569821
5500000 -12.90173 29.588222
5506250 -12.8082499 29.598492
5512500 -12.7820403 29.600517
5518750 -12.8695197 29.598556
5525000 -13.0882589 29.599577
5531250 -13.4187283 29.61113
5537500 -13.8023182 29.63884
5543750 -14.152824 29.683326
5550000 -14.3944263 29.737926
5556250 -14.512667 29.79124
5562500 -14.5680038 29.83435
5568750 -14.6523923 29.866111
5575000 -14.8337336 29.89258
5581250 -15.126502 29.923129
5587500 -15.4871367 29.965957
5593750 -15.8290919 30.023818
5600000 -16.0675984 30.090796
5606250 -16.1857487 30.154464
5612500 -16.2630414 30.204728
5618750 -16.4269925 30.241963
5625000 -16.7736795 30.278046
5631250 -17.3067049 30.331986
5637500 -17.8921981 30.422312
5643750 -18.2554773 30.552261
5650000 -18.1444236 30.69394
5656250 -17.6058767 30.802671
5662500 -16.9581724 30.855715
5668750 -16.5144497 30.861193
5675000 -16.4564701 30.842294
5681250 -16.8469418 30.827049
5687500 -17.6344276 30.846488
5693750 -18.5894652 30.931383
5700000 -19.230882 31.090535
5706250 -19.0971147 31.274566
5712500 -18.3227982 31.407521
5718750 -17.4440441 31.465114
5725000 -16.8418812 31.469196
5731250 -16.6594861 31.452008
5737500 -16.8865196 31.444212
5743750 -17.3792807 31.472049
5750000 -17.8484865 31.547954
5756250 -17.9711768 31.653387
5762500 -17.6832624 31.743962
5768750 -17.2536594 31.789564
5775000 -17.0106036 31.793971
5781250 -17.1558917 31.781678
5787500 -17.7406206 31.78646
5793750 -18.6180737 31.847009
5800000 -19.31857735 31.988245
5806250 -19.21365814 32.170673
5812500 -18.30007498 32.29907
5818750 -17.21329405 32.329765
5825000 -16.46855127 32.280397
5831250 -16.3270537 32.180824
5837500 -16.97197175 32.058391
5843750 -18.6449968 31.945738
5850000 -21.774391 31.910645
5856250 -26.7239525 32.197921
5862500 -27.2970599 33.120911
5868750 -22.652465 33.476061
5875000 -19.6995129 33.487924
5881250 -18.1881169 33.428888
5887500 -17.6689316 33.377757
5893750 -17.7996066 33.38369
5900000 -18.0038106 33.484115
5906250 -17.4305832 33.645102
5912500 -15.9645957 33.747745
5918750 -14.3971316 33.738885
5925000 -13.3076273 33.648711
5931250 -12.9018637 33.516355
5937500 -13.2831787 33.371247
5943750 -14.6219586 33.244907
5950000 -17.2397335 33.207294
5956250 -20.9558901 33.490818
5962500 -20.30995 34.18328
5968750 -16.0081884 34.390893
5975000 -12.9806034 34.285459
5981250 -11.2353728 34.072492
5987500 -10.4519026 33.805231
5993750 -10.469407 33.492006
6000000 -11.247823 33.121037
6006250 -12.810959 32.663119
6012500 -15.09772 32.067759
6018750 -17.58112 31.281447
6025000 -19.332608 30.343473
6031250 -20.389901 29.320303
6037500 -19.52075 28.131905
6043750 -14.970778 27.148324
6050000 -10.064967 26.546548
6056250 -6.040371 26.137416
6062500 -2.800408 25.817665
6068750 -0.196334 25.543135
6075000 1.82046 25.294475
6081250 3.20084 25.068939
6087500 3.823469 24.883143
6093750 3.547963 24.783245
6100000 2.38478 24.870106
6106250 1.479546 25.312477
6112500 3.685909 25.975016
6118750 7.055845 26.458284
6125000 8.778847 26.771006
6131250 8.732405 26.922412
6137500 7.574529 26.913924
6143750 5.685988 26.762714
6150000 3.129532 26.468242
6156250 0.0163429999999991 25.992829
6162500 -2.649849 25.292544
6168750 -3.186181 24.53839
6175000 -2.484278 23.990075
6181250 -1.972615 23.634617
6187500 -1.908756 23.39961
6193750 -2.160594 23.244402
6200000 -2.533964 23.144981
6206250 -2.851657 23.077685
6212500 -3.036223 23.012797
6218750 -3.177971 22.922007
6225000 -3.490331 22.790457
6231250 -4.202592 22.617661
6237500 -5.519133 22.407821
6243750 -7.684817 22.157795
6250000 -11.180395 21.83581
6256250 -17.162939 21.26002
6262500 -20.362178 19.62859
6268750 -13.773505 18.70762
6275000 -10.032618 18.27661
6281250 -8.141637 17.92875
6287500 -7.48348 17.60428
6293750 -7.844713 17.29269
6300000 -9.1834997 16.99494
6306250 -11.6117242 16.7153
6312500 -15.5624406 16.46279
6318750 -22.7023389 16.28341
6325000 -36.9377783 18.13536
6331250 -22.849374 18.62515
6337500 -19.1049117 18.44811
6343750 -18.018436 18.24541
6350000 -18.5997962 18.05813
6356250 -20.8446759 17.93638
6362500 -25.0812242 18.06441
6368750 -26.8024776 18.8449
6375000 -22.1130935 19.20738
6381250 -18.8870653 19.1237
6387500 -17.3440118 18.91851
6393750 -17.0435711 18.66849
6400000 -17.8191719 18.39136
6406250 -19.735914 18.08038
6412500 -23.1748312 17.69242
6418750 -28.9344061 17.01959
6425000 -31.2672614 15.50552
6431250 -26.3732018 14.61931
6437500 -23.9070328 14.17356
6443750 -23.5154016 13.8371
6450000 -24.9563813 13.56025
6456250 -28.8147188 13.37868
6462500 -37.4102033 13.76863
6468750 -32.2678427 15.12184
6475000 -26.1797047 15.05746
6481250 -23.2183897 14.77677
6487500 -21.7869292 14.39831
6493750 -21.2538175 13.92065
6500000 -21.0439238 13.33752
6506250 -20.5247141 12.69576
6512500 -19.586117 12.09721
6518750 -18.7322391 11.60266
6525000 -18.4194602 11.20924
6531250 -18.89977 10.89864
6537500 -20.4278897 10.66801
6543750 -23.4856659 10.56849
6550000 -28.2405485 10.89063
6556250 -26.9014097 11.74931
6562500 -22.1882578 11.93299
6568750 -19.5958847 11.85126
6575000 -18.6481523 11.73291
6581250 -18.9216819 11.65946
6587500 -20.0190358 11.70239
6593750 -20.9219001 11.93125
6600000 -19.9626827 12.24447
6606250 -17.6136142 12.40405
6612500 -15.4206095 12.39521
6618750 -13.9382066 12.28969
6625000 -13.2798765 12.13589
6631250 -13.5001136 11.9661
6637500 -14.6904078 11.81118
6643750 -17.0321431 11.71926
6650000 -20.6937625 11.81694
6656250 -23.4111179 12.3809
6662500 -20.5243364 12.88878
6668750 -17.2655953 12.94259
6675000 -15.3869855 12.81733
6681250 -14.7534451 12.6203
6687500 -15.3342092 12.38876
6693750 -17.3627967 12.141
6700000 -21.7441177 11.886
6706250 -34.6180852 11.59195
6712500 -26.8004695 14.57512
6718750 -19.7014373 14.31854
6725000 -16.5583629 14.06866
6731250 -15.1058504 13.81176
6737500 -14.8854021 13.54161
6743750 -15.9305458 13.25319
6750000 -18.715873 12.93609
6756250 -25.0805478 12.5183
6762500 -33.9719576 10.14177
6768750 -22.0002879 9.26955000000001
6775000 -17.7187773 8.94596000000001
6781250 -15.7985276 8.68337999999999
6787500 -15.2594086 8.45083000000001
6793750 -15.882708 8.25013999999999
6800000 -17.7762957 8.11022999999999
6806250 -21.2216672 8.13910999999999
6812500 -24.5795326 8.65392
6818750 -21.8793828 9.24058999999998
6825000 -18.4042193 9.32693
6831250 -16.4245131 9.23532000000002
6837500 -15.6528459 9.09446000000001
6843750 -15.9033113 8.94897
6850000 -17.1879333 8.83339000000001
6856250 -19.6409095 8.81635
6862500 -22.7561231 9.07817000000001
6868750 -22.6000443 9.63149999999999
6875000 -19.4609983 9.85610000000001
6881250 -17.1178698 9.80437999999999
6887500 -15.9725707 9.64985999999999
6893750 -15.8725882 9.45590999999999
6900000 -16.7819886 9.24751000000001
6906250 -18.8867829 9.04049999999999
6912500 -22.8765604 8.86528000000001
6918750 -31.6503971 8.94396000000002
6925000 -31.2383829 10.85241
6931250 -23.5378138 10.88404
6937500 -20.3298226 10.68811
6943750 -18.96415 10.45532
6950000 -18.7851334 10.21276
6956250 -19.5999544 9.97114000000001
6962500 -21.4286053 9.74213000000002
6968750 -24.4762261 9.55247999999999
6975000 -29.1359167 9.48978
6981250 -34.5700905 9.85425000000001
6987500 -34.2811372 10.41832
6993750 -32.6413077 10.36964
7000000 -32.9506811 9.95038000000001
7006250 -33.6594889 9.16036000000001
7012500 -31.3259656 8.23818
7018750 -27.7311807 7.60213999999999
7025000 -25.1005352 7.15022999999999
7031250 -23.6455753 6.77007999999998
7037500 -23.322883 6.41686999999999
7043750 -24.2165882 6.06982000000002
7050000 -26.7018287 5.70686000000001
7056250 -32.0901455 5.24260999999998
7062500 -41.5135075 3.50933999999998
7068750 -31.2452292 2.15759
7075000 -26.5905149 1.74228000000002
7081250 -24.6066414 1.41677999999999
7087500 -24.3478838 1.11479
7093750 -25.8896478 0.821400000000011
7100000 -30.5661351 0.533519999999982
7106250 -67.7438501 3.07496999999998
7112500 -29.078539 3.10311000000002
7118750 -23.143949 2.83464999999998
7125000 -20.105655 2.57579999999999
7131250 -18.5313268 2.32991999999999
7137500 -18.0242917 2.10192999999998
7143750 -18.5039307 1.90370999999999
7150000 -20.0710111 1.76736
7156250 -22.8563356 1.78895
7162500 -25.4224261 2.19386
7168750 -23.3420826 2.70047
7175000 -19.9437029 2.80497999999997
7181250 -17.6879789 2.71652
7187500 -16.5479511 2.56367
7193750 -16.3885144 2.39454000000001
7200000 -17.2213343 2.23997999999997
7206250 -19.2186041 2.14794000000001
7212500 -22.5188965 2.25234
7218750 -24.6038551 2.81321
7225000 -21.4158607 3.27542000000003
7231250 -18.0828027 3.32331000000002
7237500 -16.0426505 3.22320000000002
7243750 -15.0599978 3.08072000000001
7250000 -14.9468161 2.93838
7256250 -15.6047021 2.82858999999999
7262500 -16.8976549 2.79477
7268750 -18.3226854 2.89243999999999
7275000 -18.7207601 3.10550000000001
7281250 -17.6857009 3.26635000000002
7287500 -16.3272298 3.28605999999999
7293750 -15.4411002 3.20564000000002
7300000 -15.2680585 3.07366999999999
7306250 -15.9230747 2.92249000000001
7312500 -17.6067076 2.78370000000001
7318750 -20.7400855 2.72539
7325000 -25.5571881 3.00548000000001
7331250 -25.5570859 3.85023999999999
7337500 -21.1504843 4.10673
7343750 -18.5113604 4.04624000000001
7350000 -17.36193 3.91712000000001
7356250 -17.3017342 3.79156999999998
7362500 -18.1190265 3.71392999999998
7368750 -19.5467989 3.74079
7375000 -20.7205568 3.93007
7381250 -20.2282112 4.19117
7387500 -18.4850438 4.31620999999998
7393750 -16.9029357 4.28873999999999
7400000 -16.0351857 4.17840000000001
7406250 -15.9930408 4.03689
7412500 -16.8231389 3.90226000000001
7418750 -18.5991942 3.82043999999999
7425000 -21.2667148 3.88177999999999
7431250 -23.471772 4.22530999999998
7437500 -22.451947 4.63659999999999
7443750 -20.2103545 4.76722000000001
7450000 -18.8416781 4.72507999999999
7456250 -18.6682908 4.62794
7462500 -19.8326426 4.55253999999999
7468750 -22.6236336 4.63154
7475000 -25.1729277 5.22747000000001
7481250 -20.9784727 5.83505
7487500 -16.2829442 5.89559
7493750 -13.0884263 5.76885999999999
7500000 -11.0046685 5.57705000000001
7506250 -9.7683198 5.35730000000001
7512500 -9.2510269 5.1249
7518750 -9.4075853 4.88713000000001
7525000 -10.2673926 4.64712
7531250 -11.96782 4.40472
7537500 -14.8754744 4.15520000000001
7543750 -20.099799 3.87535
7550000 -34.4985004 3.13334
7556250 -24.3903895 0.590550000000007
7562500 -18.6736635 0.297670000000011
7568750 -16.6038265 0.0976400000000126
7575000 -16.4664068 -0.0386100000000056
7581250 -18.0491033 -0.0530399999999815
7587500 -20.934314 0.289479999999998
7593750 -19.256418 1.06844000000001
7600000 -13.916303 1.35083
7606250 -9.893032 1.33251000000001
7612500 -7.177313 1.22334000000001
7618750 -5.48929 1.09306000000001
7625000 -4.630485 0.984189999999984
7631250 -4.328785 0.933230000000009
7637500 -4.135941 0.959720000000004
7643750 -3.542997 1.04116999999999
7650000 -2.372889 1.11628000000002
7656250 -0.903711999999999 1.13719
7662500 0.471171999999999 1.09493000000001
7668750 1.441173 1.00319999999999
7675000 1.767658 0.889330000000001
7681250 1.312076 0.79792999999998
7687500 0.181946 0.79158000000001
7693750 -1.019609 0.930039999999991
7700000 -1.178967 1.19031000000001
7706250 0.0716229999999989 1.42706000000001
7712500 1.885796 1.55860000000001
7718750 3.594832 1.60744
7725000 4.962537 1.61004
7731250 5.898273 1.59456
7737500 6.352344 1.58923000000001
7743750 6.366397 1.62859
7750000 6.183818 1.74450000000002
7756250 6.212399 1.93738000000002
7762500 6.663326 2.16397999999998
7768750 7.314457 2.37826000000001
7775000 7.784612 2.56324999999998
7781250 7.796554 2.71823000000001
7787500 7.191736 2.84538000000001
7793750 5.857703 2.95334
7800000 3.681253 3.07513999999998
7806250 0.804493999999998 3.30387999999999
7812500 -1.067002 3.73267000000001
7818750 -0.274734000000002 4.0761
7825000 0.808242 4.15384
7831250 0.972128000000001 4.0994
7837500 0.243510999999998 3.99906999999999
7843750 -1.285586 3.88783000000001
7850000 -3.689061 3.79114999999999
7856250 -7.224793 3.76423
7862500 -11.868933 3.98146
7868750 -13.841036 4.60836
7875000 -11.684866 4.93714000000003
7881250 -10.325324 4.93731
7887500 -10.359827 4.83694
7893750 -11.623518 4.71637999999999
7900000 -14.234499 4.61893999999998
7906250 -18.897278 4.64094
7912500 -25.516945 5.36098000000001
7918750 -20.675165 6.30160000000001
7925000 -16.262035 6.33983000000001
7931250 -14.335971 6.20306000000002
7937500 -14.06862 6.03625000000002
7943750 -15.195955 5.90182000000001
7950000 -17.652009 5.8827
7956250 -20.650373 6.16081
7962500 -20.19818 6.69833
7968750 -16.990584 6.89955999999998
7975000 -14.504993 6.82626000000002
7981250 -13.145686 6.62995000000001
7987500 -12.848721 6.36357999999998
7993750 -13.631767 6.04367999999999
8000000 -15.616757 5.66247999999999
8006250 -19.0139122 5.15657999999999
8012500 -23.1875669 4.29524999999998
8018750 -22.7624836 3.12101999999999
8025000 -19.5419211 2.39726999999999
8031250 -17.5428987 1.92318
8037500 -16.8738678 1.51045999999999
8043750 -17.4504145 1.08330000000001
8050000 -19.3493987 0.570480000000003
8056250 -22.2600749 -0.179899999999975
8062500 -22.8967406 -1.25802999999999
8068750 -20.0250574 -2.08968000000002
8075000 -17.5437643 -2.59800999999999
8081250 -16.1976059 -2.96723
8087500 -15.8715155 -3.27221
8093750 -16.5570795 -3.53893000000002
8100000 -18.4876986 -3.76585
8106250 -22.3620802 -3.89593000000002
8112500 -29.302381 -3.52051
8118750 -26.688526 -2.41101
8125000 -21.6347445 -2.34130999999999
8131250 -19.4595994 -2.5008
8137500 -19.0848783 -2.70739
8143750 -20.297704 -2.93001000000001
8150000 -23.7164342 -3.17193
8156250 -33.5757594 -3.54952
8162500 -29.8515182 -6.52535
8168750 -21.4671694 -6.83417
8175000 -17.76308 -7.05673999999999
8181250 -15.8894992 -7.24054000000001
8187500 -15.096765 -7.37602999999999
8193750 -14.9505668 -7.44721999999999
8200000 -15.0143378 -7.44574999999998
8206250 -14.8345709 -7.39135999999999
8212500 -14.2100327 -7.33690999999999
8218750 -13.358011 -7.3287
8225000 -12.6426031 -7.37631999999999
8231250 -12.3273868 -7.46541999999999
8237500 -12.5683336 -7.57485
8243750 -13.477974 -7.68034999999998
8250000 -15.1633944 -7.74695
8256250 -17.6381448 -7.70666999999997
8262500 -20.0972379 -7.44238000000001
8268750 -20.1075666 -7.03662
8275000 -18.305881 -6.85050999999999
8281250 -17.1055642 -6.87187999999998
8287500 -17.2235939 -6.97811999999999
8293750 -19.0310585 -7.08211
8300000 -23.4689463 -7.02090999999999
8306250 -27.8136573 -5.98101
8312500 -20.3777072 -5.34921
8318750 -15.4834195 -5.38891000000001
8325000 -12.5454493 -5.55052000000001
8331250 -10.7649011 -5.75456
8337500 -9.8484802 -5.98107000000002
8343750 -9.7005894 -6.22120999999999
8350000 -10.3219958 -6.46853999999999
8356250 -11.78824 -6.71807000000001
8362500 -14.3003686 -6.96859000000001
8368750 -18.4110876 -7.23074
8375000 -26.2351495 -7.59357
8381250 -33.5371273 -10.05022
8387500 -23.2179577 -10.67366
8393750 -19.7513455 -10.88448
8400000 -18.4103075 -11.01118
8406250 -18.1093032 -11.05764
8412500 -18.1156791 -11.01536
8418750 -17.7540023 -10.92232
8425000 -16.9237241 -10.8612
8431250 -16.1219394 -10.87464
8437500 -15.8210596 -10.94983
8443750 -16.3191486 -11.05695
8450000 -17.9250007 -11.15772
8456250 -21.1878129 -11.16429
8462500 -26.0478254 -10.70652
8468750 -23.3764601 -9.82984000000002
8475000 -18.356163 -9.71350999999999
8481250 -15.3149595 -9.85947999999999
8487500 -13.5910634 -10.09401
8493750 -12.780726 -10.38181
8500000 -12.674118 -10.71942
8506250 -13.118286 -11.11507
8512500 -13.910015 -11.57984
8518750 -14.721768 -12.11179
8525000 -15.224174 -12.6737
8531250 -15.423915 -13.20399
8537500 -15.683647 -13.66451
8543750 -16.41068 -14.05161
8550000 -17.970962 -14.36985
8556250 -20.878357 -14.59832
8562500 -26.097243 -14.57097
8568750 -28.908631 -13.6496
8575000 -23.12922 -13.30556
8581250 -19.84742 -13.47846
8587500 -18.704792 -13.77495
8593750 -19.266478 -14.13643
8600000 -21.597523 -14.59695
8606250 -25.699242 -15.37871
8612500 -25.5935737 -16.71228
8618750 -20.7928159 -17.5085
8625000 -17.521465 -17.95352
8631250 -15.69347 -18.29397
8637500 -14.97911 -18.5899
8643750 -15.2926174 -18.85496
8650000 -16.7608883 -19.08027
8656250 -19.8277971 -19.21501
8662500 -25.1916338 -18.99487
8668750 -25.0487176 -18.00556
8675000 -19.4498385 -17.78685
8681250 -16.1659729 -17.9189
8687500 -14.5058599 -18.13566
8693750 -14.0344276 -18.38041
8700000 -14.6334095 -18.63282
8706250 -16.4239475 -18.8809
8712500 -19.975245 -19.10796
8718750 -27.8463047 -19.21483
8725000 -31.5371305 -17.00564
8731250 -21.460874 -16.99694
8737500 -17.5248107 -17.23266
8743750 -15.679786 -17.50675
8750000 -15.165448 -17.79673
8756250 -15.787465 -18.09183
8762500 -17.587845 -18.38272
8768750 -20.9127303 -18.65821
8775000 -27.1340801 -18.87868
8781250 -43.4244617 -17.65793
8787500 -28.2843384 -16.68576
8793750 -23.7358477 -16.95467
8800000 -22.0321262 -17.31261
8806250 -21.8754296 -17.73867
8812500 -22.8152147 -18.25004
8818750 -24.3353977 -18.87649
8825000 -25.4869531 -19.60877
8831250 -25.6557488 -20.32939
8837500 -25.5101691 -20.94397
8843750 -25.9066984 -21.48383
8850000 -27.3141333 -22.03961
8856250 -29.7887087 -22.77556
8862500 -30.7700233 -23.89537
8868750 -27.4967796 -24.89535
8875000 -24.3210068 -25.54523
8881250 -22.6078095 -26.05349
8887500 -22.2841421 -26.50904
8893750 -23.2798567 -26.95545
8900000 -25.6997871 -27.45816
8906250 -29.4545714 -28.21214
8912500 -30.1239709 -29.42885
8918750 -26.0673548 -30.27281
8925000 -22.9185668 -30.74756
8931250 -21.1460541 -31.09272
8937500 -20.5281668 -31.36977
8943750 -20.9850565 -31.57588
8950000 -22.4421538 -31.65779
8956250 -24.1047308 -31.50046
8962500 -23.390035 -31.16042
8968750 -20.5049211 -31.02051
8975000 -17.856891 -31.09834
8981250 -16.0224029 -31.28197
8987500 -14.9671426 -31.51659
8993750 -14.6215325 -31.77778
9000000 -14.9535133 -32.05252
9006250 -15.9770179 -32.33242
9012500 -17.7781143 -32.61045
9018750 -20.5967065 -32.87506
9025000 -25.0867557 -33.08523
9031250 -33.1159693 -32.94485
9037500 -32.777503 -31.63729
9043750 -26.6627355 -31.63012
9050000 -23.9101143 -31.93601
9056250 -22.8332356 -32.31481
9062500 -22.8972238 -32.71757
9068750 -24.0515269 -33.11863
9075000 -26.8148708 -33.49071
9081250 -33.9354455 -33.71728
9087500 -35.059036 -31.5977
9093750 -24.008191 -31.7212
9100000 -18.567491 -32.04152
9106250 -15.014878 -32.38397
9112500 -12.598534 -32.72904
9118750 -11.049699 -33.06792
9125000 -10.228459 -33.39475
9131250 -10.047763 -33.70761
9137500 -10.474614 -34.00936
9143750 -11.560006 -34.30741
9150000 -13.502383 -34.61449
9156250 -16.8321 -34.95634
9162500 -23.233565 -35.44263
9168750 -31.109625 -37.4941
9175000 -21.279556 -38.57462
9181250 -17.490773 -39.00302
9187500 -16.223506 -39.36342
9193750 -16.612241 -39.71481
9200000 -18.624955 -40.10654
9206250 -22.789451 -40.70062
9212500 -25.634142 -42.06202
9218750 -19.823482 -43.08753
9225000 -15.496577 -43.55482
9231250 -12.973355 -43.88645
9237500 -11.684174 -44.1598
9243750 -11.348794 -44.38286
9250000 -11.775125 -44.54225
9256250 -12.717565 -44.61248
9262500 -13.680809 -44.56859
9268750 -13.873393 -44.43946
9275000 -13.019328 -44.33942
9281250 -11.800718 -44.34558
9287500 -10.897332 -44.44617
9293750 -10.616694 -44.60509
9300000 -11.076583 -44.79235
9306250 -12.35559 -44.98655
9312500 -14.6089 -45.17131
9318750 -18.273765 -45.32376
9325000 -24.819223 -45.34462
9331250 -33.602842 -43.96003
9337500 -24.322694 -43.28689
9343750 -20.701475 -43.36694
9350000 -19.758081 -43.5019
9356250 -20.650531 -43.5816
9362500 -22.850177 -43.46474
9368750 -23.746523 -43.01971
9375000 -21.113048 -42.68064
9381250 -18.264055 -42.65167
9387500 -16.388497 -42.77654
9393750 -15.452848 -42.98644
9400000 -15.430009 -43.27237
9406250 -16.448222 -43.662
9412500 -18.654421 -44.24661
9418750 -20.647336 -45.21822
9425000 -18.517485 -46.28179
9431250 -15.246943 -46.96383
9437500 -13.027391 -47.43467
9443750 -11.734091 -47.81218
9450000 -11.095557 -48.14209
9456250 -10.951147 -48.44599
9462500 -11.235376 -48.73455
9468750 -11.950815 -49.01008
9475000 -13.143194 -49.26504
9481250 -14.857389 -49.47749
9487500 -17.010422 -49.60478
9493750 -19.054941 -49.59646
9500000 -19.883558 -49.49316
9506250 -19.406306 -49.46399
9512500 -18.78924 -49.57609
9518750 -18.814713 -49.79403
9525000 -19.897164 -50.09021
9531250 -22.619504 -50.48295
9537500 -28.324825 -51.19417
9543750 -28.902838 -52.99474
9550000 -21.731484 -53.81656
9556250 -17.606898 -54.24346
9562500 -15.107651 -54.58862
9568750 -13.589247 -54.90551
9575000 -12.799131 -55.21211
9581250 -12.656766 -55.5172
9587500 -13.184218 -55.82482
9593750 -14.485845 -56.13466
9600000 -16.764554 -56.44186
9606250 -20.42994 -56.73525
9612500 -26.614928 -56.98115
9618750 -41.702303 -56.66112
9625000 -33.312887 -54.79698
9631250 -29.783857 -54.97771
9637500 -31.35335 -55.23095
9643750 -43.193584 -55.38642
9650000 -32.201726 -52.77706
9656250 -24.306119 -53.06409
9662500 -20.458155 -53.38346
9668750 -18.472667 -53.71639
9675000 -17.7844104 -54.0648
9681250 -18.2198679 -54.4446
9687500 -19.7741205 -54.90127
9693750 -22.2153987 -55.55606
9700000 -23.1015099 -56.53739
9706250 -20.2641259 -57.4069
9712500 -17.1743953 -57.9597
9718750 -15.0994981 -58.36466
9725000 -14.0100037 -58.70527
9731250 -13.8258231 -59.01172
9737500 -14.5733136 -59.29528
9743750 -16.4571243 -59.55842
9750000 -20.1265567 -59.7923
9756250 -28.3991798 -59.90735
9762500 -31.3411037 -57.55868
9768750 -21.6532677 -57.57793
9775000 -18.0265055 -57.76627
9781250 -16.5169575 -57.96026
9787500 -16.4182247 -58.13112
9793750 -17.6351456 -58.2402
9800000 -20.2161857 -58.17941
9806250 -22.3330052 -57.70438
9812500 -19.4547859 -57.19886
9818750 -15.7482212 -57.11736
9825000 -13.3100899 -57.21504
9831250 -11.9919366 -57.36965
9837500 -11.5912068 -57.53546
9843750 -12.0082952 -57.68632
9850000 -13.2176746 -57.79429
9856250 -15.1737006 -57.81033
9862500 -17.3680329 -57.64827
9868750 -18.0216096 -57.30902
9875000 -16.5733982 -57.06835
9881250 -14.9671117 -57.02229
9887500 -14.1181589 -57.07641
9893750 -14.1343938 -57.15671
9900000 -14.9674894 -57.21197
9906250 -16.4767587 -57.18629
9912500 -18.0819907 -57.00988
9918750 -18.3551968 -56.70297
9925000 -16.9285399 -56.4767
9931250 -15.2503855 -56.41531
9937500 -14.1517082 -56.45229
9943750 -13.7854818 -56.52195
9950000 -14.0783307 -56.57568
9956250 -14.7913235 -56.57247
9962500 -15.4220471 -56.49016
9968750 -15.355547 -56.36726
9975000 -14.5500529 -56.29474
9981250 -13.5807524 -56.3208
9987500 -12.9613877 -56.43632
9993750 -12.9790879 -56.61955
10000000 -13.8444754 -56.85604
10006250 -15.84648 -57.14631
10012500 -19.6079651 -57.5352
10018750 -26.345463 -58.35427
10025000 -24.833832 -60.06792
10031250 -18.890945 -60.73742
10037500 -15.677746 -61.13375
10043750 -13.980312 -61.48236
10050000 -13.330711 -61.82915
10056250 -13.574734 -62.19054
10062500 -14.670605 -62.57583
10068750 -16.597143 -62.99639
10075000 -19.28193 -63.47294
10081250 -22.498055 -64.03279
10087500 -25.89852 -64.67191
10093750 -30.061512 -65.31529
10100000 -41.996035 -66.01016
10106250 -31.488637 -63.05906
10112500 -22.79371 -63.50208
10118750 -18.059771 -63.88502
10125000 -15.124621 -64.23948
10131250 -13.402984 -64.56788
10137500 -12.613878 -64.86724
10143750 -12.584286 -65.13527
10150000 -13.216973 -65.37072
10156250 -14.484865 -65.56958
10162500 -16.408145 -65.71764
10168750 -18.93509 -65.77753
10175000 -21.479945 -65.69261
10181250 -22.590163 -65.52723
10187500 -22.302063 -65.53603
10193750 -22.076533 -65.81403
10200000 -21.94763 -66.34009
10206250 -20.690024 -67.00535
10212500 -18.226009 -67.589
10218750 -15.75452 -68.02332
10225000 -13.862179 -68.3535
10231250 -12.640869 -68.61534
10237500 -12.054987 -68.82047
10243750 -12.013462 -68.96245
10250000 -12.298116 -69.0238
10256250 -12.452383 -68.99743
10262500 -11.956443 -68.92752
10268750 -10.818229 -68.89606
10275000 -9.539141 -68.94273
10281250 -8.537006 -69.05779
10287500 -8.012826 -69.22015
10293750 -8.066836 -69.41331
10300000 -8.790679 -69.62652
10306250 -10.336251 -69.85404
10312500 -13.041186 -70.09647
10318750 -17.893339 -70.37389
10325000 -30.5281 -71.00539
10331250 -22.879159 -73.66133
10337500 -16.306684 -74.01408
10343750 -13.501057 -74.29205
10350000 -12.458799 -74.55908
10356250 -12.792874 -74.81897
10362500 -14.606997 -75.05806
10368750 -18.581203 -75.22494
10375000 -26.999695 -74.92806
10381250 -23.84818 -73.47743
10387500 -17.67733 -73.45537
10393750 -14.881558 -73.66192
10400000 -13.810382 -73.93792
10406250 -14.039393 -74.27569
10412500 -15.519639 -74.71216
10418750 -18.023586 -75.359
10425000 -19.15267 -76.33283
10431250 -16.719843 -77.19718
10437500 -14.054533 -77.7392
10443750 -12.361827 -78.12247
10450000 -11.545289 -78.43167
10456250 -11.4485 -78.69928
10462500 -11.987893 -78.93726
10468750 -13.133737 -79.14542
10475000 -14.860282 -79.31164
10481250 -17.035272 -79.41136
10487500 -19.222142 -79.42473
10493750 -20.75465 -79.39643
10500000 -21.617683 -79.44507
10506250 -22.586998 -79.64809
10512500 -24.280465 -80.04584
10518750 -26.384074 -80.74652
10525000 -25.974814 -81.75049
10531250 -22.554817 -82.56819
10537500 -19.226179 -83.14089
10543750 -16.631594 -83.60666
10550000 -14.625937 -84.0233
10556250 -13.054108 -84.41082
10562500 -11.827619 -84.77707
10568750 -10.917116 -85.12617
10575000 -10.340308 -85.46048
10581250 -10.150528 -85.77984
10587500 -10.419917 -86.07947
10593750 -11.209551 -86.34792
10600000 -12.523879 -86.56686
10606250 -14.252945 -86.71491
10612500 -16.123175 -86.77995
10618750 -17.784364 -86.78336
10625000 -19.196227 -86.78765
10631250 -20.939984 -86.85465
10637500 -24.304439 -87.03275
10643750 -33.473452 -87.6867
10650000 -26.956347 -89.96327
10656250 -18.93418 -90.38029
10662500 -14.579589 -90.67036
10668750 -11.833824 -90.94486
10675000 -10.107079 -91.21947
10681250 -9.164285 -91.50038
10687500 -8.924668 -91.794
10693750 -9.421432 -92.1092
10700000 -10.814156 -92.4594
10706250 -13.447869 -92.87277
10712500 -17.956833 -93.44889
10718750 -23.2451 -94.62353
10725000 -20.27793 -95.91771
10731250 -16.964758 -96.52721
10737500 -15.615918 -96.94651
10743750 -15.702439 -97.32273
10750000 -17.120972 -97.72528
10756250 -20.12899 -98.26812
10762500 -23.676316 -99.29355
10768750 -20.784507 -100.52612
10775000 -16.563877 -101.1903
10781250 -14.089401 -101.63922
10787500 -13.011311 -102.01021
10793750 -13.04006 -102.33697
10800000 -14.077048 -102.63086
10806250 -16.262554 -102.89599
10812500 -20.26782 -103.12111
10818750 -29.252098 -103.14247
10825000 -29.050712 -101.0432
10831250 -20.786154 -101.09355
10837500 -17.51139 -101.33657
10843750 -16.321085 -101.60322
10850000 -16.620744 -101.85388
10856250 -18.304998 -102.04535
10862500 -21.43422 -102.07863
10868750 -24.636272 -101.69749
10875000 -22.616868 -101.16999
10881250 -18.999972 -101.10507
10887500 -16.551833 -101.26142
10893750 -15.161473 -101.50562
10900000 -14.637691 -101.79558
10906250 -14.912607 -102.11278
10912500 -16.025873 -102.44342
10918750 -18.173481 -102.76913
10925000 -21.960131 -103.04324
10931250 -29.346869 -102.97439
10937500 -28.232653 -101.62246
10943750 -20.662864 -101.61893
10950000 -16.384948 -101.89956
10956250 -13.538631 -102.22619
10962500 -11.534024 -102.56014
10968750 -10.157661 -102.88936
10975000 -9.335691 -103.20832
10981250 -9.062448 -103.51245
10987500 -9.374715 -103.79475
10993750 -10.337369 -104.04178
11000000 -12.015319 -104.22657
11006250 -14.34803 -104.29517
11012500 -16.632858 -104.16918
11018750 -17.144706 -103.90728
11025000 -15.962518 -103.77112
11031250 -14.827493 -103.81139
11037500 -14.479638 -103.95859
11043750 -15.177153 -104.17471
11050000 -17.326918 -104.46041
11056250 -22.112768 -104.90356
11062500 -29.466585 -106.43078
11068750 -20.993467 -107.75848
11075000 -16.174283 -108.1926
11081250 -13.782212 -108.50302
11087500 -12.731564 -108.76695
11093750 -12.628018 -109.00065
11100000 -13.334085 -109.2069
11106250 -14.856777 -109.37716
11112500 -17.279009 -109.47924
11118750 -20.449051 -109.42795
11125000 -22.725934 -109.14243
11131250 -22.3856 -108.92055
11137500 -21.861972 -109.00953
11143750 -22.740162 -109.36977
11150000 -24.394675 -110.10779
11156250 -22.495146 -111.12971
11162500 -18.082885 -111.80924
11168750 -14.545031 -112.24608
11175000 -12.090343 -112.59651
11181250 -10.525965 -112.91424
11187500 -9.73575 -113.2171
11193750 -9.671203 -113.50984
11200000 -10.331617 -113.79214
11206250 -11.779011 -114.06214
11212500 -14.210492 -114.31635
11218750 -18.193504 -114.54068
11225000 -25.839185 -114.62699
11231250 -31.985837 -112.78187
11237500 -22.424747 -112.59812
11243750 -19.207831 -112.8394
11250000 -18.44825 -113.14893
11256250 -19.487312 -113.50883
11262500 -22.426066 -113.9754
11268750 -27.05879 -114.84174
11275000 -25.673455 -116.17848
11281250 -20.969779 -116.84795
11287500 -18.030057 -117.22579
11293750 -16.430737 -117.51378
11300000 -15.843477 -117.75714
11306250 -16.15025 -117.95855
11312500 -17.283508 -118.09397
11318750 -18.966088 -118.11292
11325000 -20.249431 -117.98379
11331250 -20.086705 -117.82974
11337500 -19.164724 -117.81548
11343750 -18.607485 -117.94815
11350000 -18.881059 -118.19621
11356250 -20.174183 -118.56908
11362500 -22.400075 -119.1505
11368750 -23.741401 -120.05933
11375000 -21.716124 -120.96197
11381250 -19.067299 -121.57026
11387500 -17.390617 -122.01883
11393750 -16.728092 -122.40157
11400000 -16.98233 -122.76268
11406250 -18.159864 -123.13514
11412500 -20.406518 -123.56647
11418750 -23.855156 -124.17169
11425000 -26.673828 -125.17949
11431250 -24.796038 -126.19432
11437500 -22.31694 -126.79377
11443750 -21.304227 -127.18791
11450000 -21.789979 -127.45633
11456250 -23.728504 -127.5493
11462500 -25.824212 -127.26534
11468750 -23.483026 -126.82083
11475000 -19.395163 -126.78227
11481250 -16.345224 -126.96547
11487500 -14.310417 -127.23302
11493750 -13.036915 -127.53625
11500000 -12.330229 -127.85431
11506250 -12.047863 -128.17643
11512500 -12.09217 -128.49569
11518750 -12.411473 -128.80548
11525000 -12.998564 -129.09612
11531250 -13.870161 -129.35085
11537500 -14.991084 -129.54151
11543750 -16.09168 -129.63421
11550000 -16.548954 -129.63365
11556250 -16.011284 -129.62782
11562500 -14.999911 -129.69442
11568750 -14.152865 -129.83191
11575000 -13.784302 -130.01317
11581250 -14.070556 -130.21831
11587500 -15.265452 -130.43381
11593750 -17.976743 -130.63788
11600000 -24.300864 -130.70963
11606250 -29.111866 -128.92173
11612500 -18.480034 -128.70709
11618750 -13.878548 -128.91805
11625000 -11.414215 -129.17245
11631250 -10.166073 -129.43287
11637500 -9.8099 -129.69168
11643750 -10.257982 -129.94912
11650000 -11.600217 -130.20787
11656250 -14.179491 -130.47102
11662500 -19.036545 -130.74394
11668750 -32.73448 -131.11431
11675000 -24.727712 -128.02956
11681250 -18.526073 -128.29571
11687500 -16.464848 -128.5129
11693750 -16.460495 -128.67247
11700000 -18.134267 -128.7011
11706250 -20.418839 -128.39278
11712500 -18.754076 -127.86808
11718750 -15.073325 -127.73703
11725000 -12.605838 -127.84216
11731250 -11.442138 -128.03149
11737500 -11.389277 -128.25955
11743750 -12.419799 -128.52635
11750000 -14.762503 -128.87912
11756250 -18.702927 -129.51902
11762500 -19.299144 -130.78912
11768750 -14.017541 -131.62543
11775000 -10.132472 -132.07783
11781250 -7.901568 -132.42749
11787500 -7.008183 -132.72428
11793750 -7.228431 -132.95923
11800000 -8.326633 -133.10749
11806250 -9.986635 -133.13554
11812500 -11.569804 -133.00865
11818750 -11.98179 -132.76731
11825000 -10.950731 -132.57388
11831250 -9.49163 -132.51306
11837500 -8.386089 -132.55617
11843750 -7.96629 -132.65838
11850000 -8.423301 -132.77559
11856250 -9.861748 -132.84722
11862500 -12.023608 -132.77701
11868750 -13.452842 -132.492
11875000 -12.57364 -132.19607
11881250 -10.830239 -132.09467
11887500 -9.548419 -132.13279
11893750 -9.008277 -132.24282
11900000 -9.298467 -132.39244
11906250 -10.630611 -132.56348
11912500 -13.586472 -132.7312
11918750 -20.199986 -132.78053
11925000 -26.276521 -130.94892
11931250 -15.820764 -130.66557
11937500 -11.787425 -130.83004
11943750 -10.064033 -131.03533
11950000 -9.820444 -131.24115
11956250 -10.979411 -131.42771
11962500 -14.075132 -131.54938
11968750 -21.027533 -131.29651
11975000 -19.210004 -129.82819
11981250 -11.997347 -129.68577
11987500 -8.248234 -129.81526
11993750 -6.189385 -129.98905
12000000 -5.217499 -130.16488
12006250 -5.08377 -130.32376
12012500 -5.668931 -130.44854
12018750 -6.882525 -130.51438
12025000 -8.499163 -130.48116
12031250 -9.798111 -130.31552
12037500 -9.734939 -130.09935
12043750 -8.607435 -130.00227
12050000 -7.614673 -130.06209
12056250 -7.455983 -130.23441
12062500 -8.503185 -130.47704
12068750 -11.174157 -130.76088
12075000 -16.54254 -131.08409
12081250 -32.136025 -131.92533
12087500 -20.595195 -134.47968
12093750 -14.970022 -134.81155
12100000 -12.506799 -135.087
12106250 -11.362829 -135.35921
12112500 -11.023206 -135.64331
12118750 -11.317135 -135.94611
12125000 -12.241557 -136.26596
12131250 -13.933866 -136.58461
12137500 -16.688343 -136.84289
12143750 -20.637406 -136.85077
12150000 -21.773118 -136.34188
12156250 -17.524448 -136.12882
12162500 -13.785656 -136.27747
12168750 -11.097695 -136.53176
12175000 -9.1332 -136.82409
12181250 -7.719793 -137.14256
12187500 -6.818569 -137.49207
12193750 -6.487095 -137.88287
12200000 -6.838753 -138.32538
12206250 -7.94799 -138.82965
12212500 -9.662405 -139.4102
12218750 -11.363179 -140.07467
12225000 -12.196112 -140.75948
12231250 -12.209699 -141.34264
12237500 -12.2723 -141.78039
12243750 -13.112293 -142.08379
12250000 -15.311404 -142.20803
12256250 -18.291474 -141.87364
12262500 -15.269637 -141.24305
12268750 -10.254736 -141.17986
12275000 -6.942102 -141.34468
12281250 -4.984839 -141.56669
12287500 -4.017797 -141.79718
12293750 -3.845943 -142.0205
12300000 -4.417 -142.23087
12306250 -5.82606 -142.42096
12312500 -8.377761 -142.56596
12318750 -12.737071 -142.56248
12325000 -17.915484 -141.92624
12331250 -14.021868 -141.16444
12337500 -9.931285 -141.1139
12343750 -7.763559 -141.2379
12350000 -6.813945 -141.407
12356250 -6.74452 -141.5879
12362500 -7.431263 -141.76491
12368750 -8.860303 -141.91871
12375000 -11.007284 -142.01044
12381250 -13.471693 -141.9736
12387500 -14.922968 -141.80359
12393750 -14.673188 -141.70041
12400000 -14.014452 -141.78279
12406250 -13.75482 -142.00722
12412500 -13.907478 -142.33375
12418750 -14.200548 -142.74583
12425000 -14.28501 -143.22247
12431250 -13.972309 -143.72164
12437500 -13.417906 -144.20018
12443750 -12.968183 -144.63907
12450000 -12.923252 -145.03686
12456250 -13.469999 -145.39229
12462500 -14.702949 -145.69456
12468750 -16.621181 -145.9157
12475000 -18.941423 -146.00005
12481250 -20.48917 -145.90782
12487500 -19.884101 -145.80643
