556250 -15.624844 -7.35199
562500 -14.925524 -7.424105
568750 -14.858442 -7.503486
575000 -15.399755 -7.571787
581250 -16.571537 -7.604665
587500 -18.355873 -7.557259
593750 -20.327823 -7.35302
600000 -17.633209 -6.980058
606250 -19.557141 -6.665797
612500 -17.633209 -6.529817
618750 -16.159119 -6.500998
625000 -15.25433 -6.514004
631250 -14.829802 -6.532317
637500 -14.750909 -6.534251
643750 -14.849503 -6.507181
650000 -14.927622 -6.449322
656250 -14.813562 -6.373295
662500 -14.456912 -6.301643
668750 -13.952448 -6.253037
675000 -13.4566 -6.23322
681250 -13.10203 -6.237076
687500 -12.970612 -6.254117
693750 -13.097003 -6.27161
700000 -13.469318 -6.275635
706250 -14.015807 -6.252412
712500 -14.588424 -6.192668
718750 -14.987058 -6.099826
725000 -15.070135 -5.99432
731250 -14.868371 -5.902104
737500 -14.544324 -5.836905
743750 -14.259974 -5.796742
750000 -14.462351 -5.771602
756250 -14.462351 -5.750251
762500 -14.248063 -5.723474
768750 -14.462351 -5.685617
775000 -14.688959 -5.635569
781250 -14.87466 -5.576774
787500 -15.001046 -5.515377
793750 -15.090866 -5.456897
800000 -15.192957 -5.403371
806250 -15.357028 -5.352452
812500 -15.611562 -5.298246
818750 -15.948773 -5.233142
825000 -16.316872 -5.150481
831250 -16.627231 -5.048166
837500 -16.371149 -4.931634
843750 -16.371149 -4.812434
850000 -16.598929 -4.701474
856250 -16.371149 -4.602791
862500 -16.155069 -4.513051
868750 -15.975932 -4.425287
875000 -15.808974 -4.33334
881250 -15.598401 -4.23537
887500 -15.292654 -4.135218
893750 -14.880001 -4.040359
900000 -14.398587 -3.957404
906250 -13.914771 -3.888589
912500 -13.49223 -3.8313
918750 -13.172206 -3.779567
925000 -12.965893 -3.725799
931250 -12.851891 -3.662288
937500 -12.776129 -3.582849
943750 -12.659053 -3.484791
950000 -12.41548 -3.370329
956250 -11.979556 -3.245964
962500 -11.315767 -3.120194
968750 -10.413151 -3.002009
975000 -9.28318400000001 -2.900925
981250 -7.968645 -2.826363
987500 -6.545327 -2.785463
993750 -5.106173 -2.781258
1000000 -3.740374 -2.812735
1006250 -2.521114 -2.876144
1012500 -1.503185 -2.966381
1018750 -0.725685999999996 -3.077924
1025000 -0.216493999999997 -3.205399
1031250 0.00233200000000267 -3.343841
1037500 -0.0917719999999989 -3.488663
1043750 -0.528967000000002 -3.635245
1050000 -1.354807 -3.777981
1056250 -2.63948199999999 -3.90841
1062500 -4.489814 -4.011151
1068750 -7.055252 -4.053078
1075000 -10.407097 -3.95145
1081250 -7.919791 -3.541806
1087500 -7.919791 -2.99652
1093750 -10.023855 -2.759017
1100000 -7.919791 -2.721862
1106250 -6.559437 -2.762513
1112500 -5.79406 -2.832192
1118750 -5.502865 -2.908855
1125000 -5.6003 -2.979091
1131250 -6.010258 -3.032404
1137500 -6.644197 -3.060354
1143750 -7.393338 -3.058201
1150000 -8.14471 -3.027115
1156250 -8.817116 -2.973913
1162500 -9.385589 -2.906769
1168750 -9.862493 -2.829982
1175000 -10.246897 -2.74296699999999
1181250 -10.487035 -2.645039
1187500 -10.498779 -2.542834
1193750 -10.247454 -2.452705
1200000 -9.814948 -2.392197
1206250 -9.364759 -2.368972
1212500 -9.055727 -2.378991
1218750 -8.997303 -2.411529
1225000 -9.252018 -2.453392
1231250 -9.849128 -2.489834
1237500 -10.782619 -2.503086
1243750 -11.972115 -2.470796
1250000 -13.171757 -2.371089
1256250 -13.928814 -2.207486
1262500 -12.766633 -2.03553700000001
1268750 -13.367304 -1.919316
1275000 -12.766633 -1.872586
1281250 -13.367304 -1.874862
1287500 -12.479808 -1.900257
1293750 -12.95858 -1.924454
1300000 -13.835917 -1.921708
1306250 -14.960906 -1.862931
1312500 -15.94455 -1.72899899999999
1318750 -16.267151 -1.549223
1325000 -14.960906 -1.399394
1331250 -15.211637 -1.320282
1337500 -14.736089 -1.298453
1343750 -14.607147 -1.305669
1350000 -14.850274 -1.31756
1356250 -15.424545 -1.314319
1362500 -16.232761 -1.278824
1368750 -17.098459 -1.19912900000001
1375000 -17.780023 -1.077963
1381250 -18.10772 -0.939199000000002
1387500 -18.134802 -0.811864
1393750 -18.05651 -0.705992999999999
1400000 -18.010766 -0.611852999999996
1406250 -17.996398 -0.514952000000001
1412500 -17.908996 -0.409288000000004
1418750 -17.641552 -0.303356000000001
1425000 -17.194946 -0.214492
1431250 -16.696647 -0.154677
1437500 -16.314533 -0.121902999999996
1443750 -16.572084 -0.102020999999993
1450000 -16.271525 -0.0746559999999974
1456250 -16.5263 -0.0202279999999959
1462500 -16.271525 0.0691989999999976
1468750 -16.572084 0.178001000000002
1475000 -16.072717 0.272553000000002
1481250 -15.390503 0.327792000000002
1487500 -14.769124 0.341355999999998
1493750 -14.377562 0.325885999999997
1500000 -14.290739 0.299222
1506250 -14.501743 0.279893999999999
1512500 -14.920756 0.284052000000003
1518750 -15.37646 0.319412999999997
1525000 -15.677925 0.377035000000006
1531250 -15.755989 0.432461999999994
1537500 -15.739095 0.463790000000003
1543750 -15.85297 0.467807999999998
1550000 -16.285396 0.459567
1556250 -17.1238636 0.466137000000003
1562500 -18.3040296 0.523270000000004
1568750 -19.4828683 0.665603000000004
1575000 -19.9985048 0.883996000000003
1581250 -19.5047876 1.09075199999999
1587500 -18.4947779 1.212112
1593750 -17.5751414 1.252106
1600000 -17.025136 1.244104
1606250 -16.9115425 1.219157
1612500 -17.1961425 1.202678
1618750 -17.7545942 1.21454
1625000 -18.3794859 1.26353
1631250 -18.8601043 1.338885
1637500 -19.1449924 1.414874
1643750 -19.3906685 1.473554
1650000 -19.8138162 1.520081
1656250 -20.5319209 1.579545
1662500 -21.4523958 1.687081
1668750 -20.5319209 1.865044
1675000 -20.5319209 2.077563
1681250 -21.3865655 2.242868
1687500 -20.4774206 2.325931
1693750 -19.8581358 2.347607
1700000 -19.7134127 2.34287
1706250 -20.0703464 2.346626
1712500 -20.81302544 2.394656
1718750 -21.58717389 2.515102
1725000 -20.632008488 2.692393
1731250 -21.37575072 2.854076
1737500 -20.632008488 2.950035
1743750 -20.08242901 2.992104
