  -2.2318466e+00
   3.0260524e+01
   3.4565157e+01
   3.4404167e+01
   3.5571809e+01
   3.6921744e+01
   3.6528100e+01
   3.7029509e+01
   3.7118246e+01
   3.7178205e+01
   3.8562228e+01
   3.8550561e+01
   3.8673646e+01
   4.0114342e+01
   3.8729727e+01
   3.5483162e+01
   3.7735053e+01
   3.7860358e+01
   3.5269462e+01
   3.4442799e+01
   3.5276354e+01
   3.9420306e+01
   4.1673891e+01
   4.3576778e+01
   4.6612714e+01
   4.8320834e+01
   4.9466731e+01
   5.1298915e+01
   5.2669256e+01
   5.3824900e+01
   5.5623482e+01
   5.7252858e+01
   5.8457865e+01
   5.9608644e+01
   6.0548464e+01
   6.1147012e+01
   6.1580951e+01
   6.1805754e+01
   6.1790942e+01
   6.1848093e+01
   6.2090029e+01
   6.2307066e+01
   6.2396430e+01
   6.2392948e+01
   6.2480388e+01
   6.2693262e+01
   6.2701629e+01
   6.2474587e+01
   6.2381154e+01
   6.2341389e+01
   6.2015911e+01
   6.1476354e+01
   6.0787301e+01
   5.9760044e+01
   5.8530013e+01
   5.7453939e+01
   5.6427361e+01
   5.5296550e+01
   5.4129258e+01
   5.2840815e+01
   5.1452539e+01
   5.0081249e+01
   4.8712079e+01
   4.7511455e+01
   4.6368099e+01
   4.5124976e+01
   4.4128808e+01
   4.3036358e+01
   4.1644479e+01
   4.0648332e+01
   3.9830202e+01
   3.9263762e+01
   3.9165787e+01
   3.8865188e+01
   3.8779902e+01
   3.8824132e+01
   3.8588051e+01
   3.8711562e+01
   3.8888434e+01
   3.8802972e+01
   3.8897543e+01
   3.8851809e+01
   3.8609648e+01
   3.8494965e+01
   3.8216196e+01
   3.7952144e+01
   3.7855907e+01
   3.7421165e+01
   3.6938694e+01
   3.6616284e+01
   3.5893148e+01
   3.5289595e+01
   3.5228141e+01
   3.4909386e+01
   3.4629390e+01
   3.4682860e+01
   3.4376101e+01
   3.4129992e+01
   3.4338617e+01
   3.4219179e+01
   3.4096037e+01
   3.4491504e+01
   3.4609851e+01
   3.4590011e+01
   3.4911092e+01
   3.4985721e+01
   3.4947767e+01
   3.5168853e+01
   3.5107685e+01
   3.4950511e+01
   3.5020416e+01
   3.4781542e+01
   3.4503081e+01
   3.4459921e+01
   3.4017320e+01
   3.3509761e+01
   3.3274237e+01
   3.2549235e+01
   3.1594034e+01
   3.0780418e+01
   2.9239110e+01
   2.7056504e+01
   2.4517899e+01
   1.9375978e+01
   5.1592690e+00
   1.4492816e+01
   2.2215223e+01
   2.5807652e+01
   2.7450498e+01
   2.8858352e+01
   2.9813676e+01
   2.9884851e+01
   2.9604128e+01
   2.8724106e+01
   2.6959528e+01
   2.5663922e+01
   2.4431352e+01
   2.3299848e+01
   2.5054281e+01
   2.6963723e+01
   2.8464525e+01
   2.9492174e+01
   2.9828712e+01
   3.0326489e+01
   3.0806730e+01
   3.0859891e+01
   3.1171956e+01
   3.1452986e+01
   3.1423821e+01
   3.1704785e+01
   3.1817498e+01
   3.1631007e+01
   3.1837217e+01
   3.1875367e+01
   3.1632919e+01
   3.1762327e+01
   3.1671621e+01
   3.1353002e+01
   3.1437730e+01
   3.1285796e+01
   3.0970556e+01
   3.1070285e+01
   3.0883138e+01
   3.0497308e+01
   3.0445183e+01
   3.0089488e+01
   2.9643341e+01
   2.9588619e+01
   2.9185805e+01
   2.8699928e+01
   2.8630977e+01
   2.8182382e+01
   2.7688466e+01
   2.7686015e+01
   2.7281853e+01
   2.6796581e+01
   2.6837043e+01
   2.6440841e+01
   2.5916339e+01
   2.6022918e+01
   2.5789571e+01
   2.5422773e+01
   2.5638915e+01
   2.5444591e+01
   2.5038250e+01
   2.5185157e+01
   2.4957072e+01
   2.4583745e+01
   2.4754620e+01
   2.4422914e+01
   2.3902501e+01
   2.4029594e+01
   2.3614574e+01
   2.3013917e+01
   2.3173922e+01
   2.2733190e+01
   2.1980896e+01
   2.2102834e+01
   2.1621693e+01
   2.0727195e+01
   2.0895162e+01
   2.0641065e+01
   1.9830061e+01
   2.0045020e+01
   1.9968127e+01
   1.9378955e+01
   2.0006645e+01
   2.0535799e+01
   2.0409131e+01
   2.1160897e+01
   2.1818595e+01
   2.1826106e+01
   2.2528738e+01
   2.3184868e+01
   2.3283306e+01
   2.3972204e+01
   2.4582161e+01
   2.4624478e+01
   2.5095781e+01
   2.5444769e+01
   2.5343296e+01
   2.5845687e+01
   2.6319504e+01
   2.6133696e+01
   2.6105430e+01
   2.6026118e+01
   2.5469000e+01
   2.5084215e+01
   2.4373448e+01
   2.2813436e+01
   2.1918939e+01
   2.1501105e+01
   2.0808203e+01
   2.1049244e+01
   2.0919980e+01
   2.0200284e+01
   2.0352694e+01
   1.9926232e+01
   1.8746016e+01
   1.8519902e+01
   1.7705351e+01
   1.6250597e+01
   1.6132511e+01
   1.5213754e+01
   1.3392217e+01
   1.3078983e+01
   1.1473225e+01
   8.7502561e+00
   8.3289253e+00
   6.0338853e+00
   3.1976849e-01
   6.8623731e-01
   1.9314118e+00
   1.2157407e+00
   1.5003706e+00
   6.5230616e+00
   7.5344424e+00
   7.0747015e+00
   9.4891012e+00
   9.9263647e+00
   9.3121606e+00
   1.1359705e+01
   1.1762391e+01
   1.0818448e+01
   1.2094242e+01
   1.2210890e+01
   1.1144437e+01
   1.2150981e+01
   1.2392466e+01
   1.1803784e+01
   1.2845648e+01
   1.2683013e+01
   1.1728862e+01
   1.2813734e+01
   1.3092601e+01
   1.2521600e+01
   1.3414935e+01
   1.3287596e+01
   1.2321129e+01
   1.3075314e+01
   1.3017771e+01
   1.2149010e+01
   1.3157192e+01
   1.3336224e+01
   1.2668116e+01
   1.3374466e+01
   1.3145889e+01
   1.2432066e+01
   1.3382503e+01
   1.3351327e+01
   1.2592426e+01
   1.3294289e+01
   1.2951085e+01
   1.1764932e+01
   1.2297852e+01
   1.2005175e+01
   1.0681475e+01
   1.1132103e+01
   1.0654920e+01
   9.0323824e+00
   9.6246714e+00
   9.6056234e+00
   8.2715081e+00
   9.1716897e+00
   9.4530030e+00
   8.1551216e+00
   8.9807409e+00
   9.9279110e+00
   9.2795510e+00
   1.0449992e+01
   1.1746675e+01
   1.1061291e+01
   1.1399522e+01
   1.2645518e+01
   1.2514573e+01
   1.3017144e+01
   1.4143102e+01
   1.3851969e+01
   1.3707069e+01
   1.4090260e+01
   1.3128426e+01
   1.2253948e+01
   1.2488418e+01
   1.1334590e+01
   1.0920351e+01
   1.1679081e+01
   1.0761334e+01
   1.0960385e+01
   1.2179004e+01
   1.1709153e+01
   1.1573548e+01
   1.1885424e+01
   1.0837652e+01
   1.0827565e+01
   1.1459043e+01
   1.0506433e+01
   1.0478121e+01
   1.1110225e+01
   9.9174375e+00
   9.6089348e+00
   1.0348171e+01
   9.5612121e+00
   9.6865341e+00
   1.0746265e+01
   1.0093504e+01
   9.9428203e+00
   1.0676112e+01
   1.0043322e+01
   1.0162044e+01
   1.1226731e+01
   1.0554571e+01
   1.0185841e+01
   1.1061924e+01
   1.0557405e+01
   1.0465079e+01
   1.1460823e+01
   1.0973398e+01
   1.0631116e+01
   1.1280248e+01
   1.0487498e+01
   1.0218849e+01
   1.1185681e+01
   1.0537217e+01
   9.9481500e+00
   1.0692924e+01
   9.9142581e+00
   9.3235521e+00
   1.0003204e+01
   9.2953487e+00
   9.0575045e+00
   1.0010317e+01
   9.0630088e+00
   8.2257487e+00
   9.0208696e+00
   8.1228017e+00
   7.2994061e+00
   8.4308842e+00
   7.4862054e+00
   5.9211675e+00
   6.9923331e+00
   6.1439386e+00
   4.8708319e+00
   6.3493986e+00
   5.9342430e+00
   4.6629017e+00
   6.1451742e+00
   5.9204160e+00
   5.1028544e+00
   6.5417621e+00
   6.1161085e+00
   4.5044268e+00
   5.8531738e+00
   5.7808290e+00
   4.1607439e+00
   5.4218747e+00
   5.7766765e+00
   4.0818512e+00
   5.1110292e+00
   5.2731353e+00
   3.4381372e+00
   4.9473260e+00
   5.8402736e+00
   4.2857381e+00
   5.4393953e+00
   6.4410441e+00
   5.7223393e+00
   7.4250311e+00
   8.5652367e+00
   7.9420556e+00
   9.0122620e+00
   9.9162661e+00
   8.7814265e+00
   8.9779859e+00
   9.7608049e+00
   8.8024749e+00
   9.0899749e+00
   1.0092101e+01
   9.3007378e+00
   9.4548219e+00
   1.0184197e+01
   9.4209497e+00
   9.8220181e+00
   1.0621674e+01
   9.8633481e+00
   1.0303658e+01
   1.1082066e+01
   1.0401763e+01
   1.0658563e+01
   1.1194682e+01
   1.0424487e+01
   1.0562548e+01
   1.0992618e+01
   1.0124559e+01
   1.0132399e+01
   1.0527601e+01
   9.8374669e+00
   9.9472826e+00
   1.0138102e+01
   9.1312616e+00
   9.0903395e+00
   8.9532236e+00
   7.6695453e+00
   8.2438553e+00
   8.7014263e+00
   7.2818053e+00
   7.3578746e+00
   7.7153977e+00
   6.1498490e+00
   6.1740925e+00
   6.6769609e+00
   5.0796740e+00
   5.2596411e+00
   5.9000412e+00
   4.1421511e+00
   4.1582379e+00
   5.1545219e+00
   4.0033375e+00
   4.1839744e+00
   4.8437354e+00
   3.1038313e+00
   2.6896103e+00
   3.3504893e+00
   1.8456362e+00
   2.2756436e+00
   2.9163206e+00
   4.0367668e-01
   1.1168597e+00
   2.6787827e+00
   1.0084470e+00
   9.9980972e-01
   2.8061774e+00
   1.4841147e+00
   8.7895745e-01
   2.3179631e+00
   9.5822534e-01
  -2.6147327e-01
   1.7773937e+00
   2.2828572e-01
  -2.2335305e+00
   4.6437781e-01
  -8.2774382e-02
  -6.9812551e-01
   1.9415327e+00
   1.1850847e+00
  -2.4829393e-01
   2.2153690e+00
   1.6424498e+00
  -1.0889268e-01
   1.7230481e+00
   1.7851605e+00
   7.6676604e-01
   2.3786375e+00
   1.5714197e+00
  -4.4050354e-01
   7.9105940e-01
   2.2288919e-01
  -1.5101812e-01
   2.2237254e+00
   1.1825308e+00
  -3.8280518e-01
   1.2610195e+00
  -1.2966219e-01
  -2.3382456e+00
   1.4897488e-01
  -6.7148749e-01
  -2.5061356e+00
  -9.1556164e-01
  -3.2881053e+00
  -7.3147024e+00
  -3.8862777e+00
  -5.3316567e+00
  -1.4937790e+01
  -8.0195572e+00
  -1.0763961e+01
  -3.6135977e+01
  -1.3708084e+01
  -9.6832149e+00
  -1.2646449e+01
  -2.4515262e+01
  -1.1673493e+01
  -6.4173027e+00
  -1.0622772e+01
  -6.6910259e+00
  -5.0734977e+00
  -9.2381751e+00
  -4.7979771e+00
  -2.0554071e+00
  -3.7717024e+00
  -1.1609113e+00
   3.8248616e-01
  -2.3000737e+00
  -4.7364383e-01
   8.9215746e-01
  -1.0258960e+00
   6.8500990e-01
   2.5388846e+00
   1.4765230e+00
   3.0803628e+00
   4.2853812e+00
   3.2321475e+00
   4.0529698e+00
   5.0997038e+00
   4.4473908e+00
   5.2639483e+00
   5.7699038e+00
   4.7401921e+00
   5.6318047e+00
   6.4749129e+00
   5.9263466e+00
   6.7942246e+00
   7.2743041e+00
   6.3340872e+00
   6.7728809e+00
   7.1970658e+00
   6.5875853e+00
   7.3267241e+00
   7.7937455e+00
   7.2489847e+00
   7.8877104e+00
   8.0011994e+00
   7.2730443e+00
   8.1421991e+00
   8.5295344e+00
   7.9240076e+00
   8.6934089e+00
   8.9491913e+00
   8.0930988e+00
   8.5354446e+00
   8.9547717e+00
   8.5198034e+00
   8.9241303e+00
   8.8325095e+00
   7.9545893e+00
   8.4796470e+00
   8.6168862e+00
   7.6554195e+00
   7.9359122e+00
   7.9492927e+00
   7.1121261e+00
   7.7616598e+00
   7.8992502e+00
   7.1288536e+00
   7.9721721e+00
   8.2816419e+00
   7.3139787e+00
   7.7372623e+00
   7.9430748e+00
   7.1591073e+00
   7.6504710e+00
   7.8407163e+00
   7.0256597e+00
   7.3916577e+00
   7.2126717e+00
   6.0169251e+00
   6.7529908e+00
   7.2457102e+00
   6.3178070e+00
   6.8164456e+00
   7.0648220e+00
   5.7103009e+00
   5.8046268e+00
   6.2776364e+00
   5.3307263e+00
   5.5722897e+00
   6.1092915e+00
   5.1079866e+00
   5.2340021e+00
   5.5674916e+00
   4.4536032e+00
   4.8852827e+00
   5.7043087e+00
   4.5040683e+00
   4.2956445e+00
   4.9456062e+00
   3.7412283e+00
   3.5663218e+00
   4.5161091e+00
   3.4034714e+00
   3.0410604e+00
   3.8893779e+00
   2.8004171e+00
   2.7277712e+00
   3.9891656e+00
   3.2466291e+00
   3.3191251e+00
   4.1340773e+00
   3.0360809e+00
   3.2367355e+00
   4.4674182e+00
   3.7546732e+00
   3.7485036e+00
   4.8249594e+00
   3.9345920e+00
   3.3721810e+00
   3.8402574e+00
   2.9956812e+00
   3.3097117e+00
   4.1784801e+00
   3.1868748e+00
   3.2480034e+00
   3.8516370e+00
   2.6927836e+00
   2.9237002e+00
   3.7417696e+00
   2.2128550e+00
   1.6114545e+00
   2.0373533e+00
   5.2524222e-01
   9.0782724e-01
   1.6482584e+00
  -2.0616052e-01
   1.5331316e-01
   1.0949081e+00
  -1.0707922e+00
  -6.0368320e-01
   1.2313350e-01
  -2.4279031e+00
  -2.7147058e+00
  -1.8948589e+00
  -4.7792400e+00
  -4.1326380e+00
  -3.9831464e+00
  -7.8076712e+00
  -6.2911727e+00
  -6.2598979e+00
  -1.1481265e+01
  -7.6012332e+00
  -8.5029113e+00
  -1.8419305e+01
  -8.5578532e+00
  -1.0386989e+01
  -1.3704859e+01
  -6.9744965e+00
  -9.6234670e+00
  -1.2916142e+01
  -1.0038828e+01
  -1.7508542e+01
  -1.0098406e+01
  -1.0027535e+01
  -1.4133768e+01
  -4.4706137e+00
  -2.9126978e+00
  -4.1333782e+00
  -9.3211474e-01
   2.1122002e-01
  -3.2451202e-01
   1.3754912e+00
   1.6864086e+00
   3.8221473e-01
   1.8951538e+00
   2.2061415e+00
   8.5477381e-01
   2.0246755e+00
   2.7083570e+00
   2.3636542e+00
   3.3226546e+00
   3.2008625e+00
   2.5792102e+00
   3.7594225e+00
   3.5677150e+00
   2.7001057e+00
   3.9505710e+00
   3.9612673e+00
   3.3280104e+00
   4.3472643e+00
   4.0709532e+00
   3.2671795e+00
   4.6182113e+00
   4.6286553e+00
   3.5972641e+00
   4.6827332e+00
   4.6734505e+00
   3.5346362e+00
   4.0939441e+00
   4.1046942e+00
   3.5954673e+00
   4.6364569e+00
   4.4932842e+00
   3.8509432e+00
   4.9266508e+00
   4.9720901e+00
   4.4954695e+00
   5.4337912e+00
   5.4328544e+00
   4.9209115e+00
   5.6024340e+00
   5.3522824e+00
   4.6384707e+00
   5.3755850e+00
   5.0739564e+00
   4.1878254e+00
   4.9538391e+00
   4.4454532e+00
   3.3329755e+00
   4.5268602e+00
   4.7020156e+00
   4.1199281e+00
   5.1258740e+00
   5.0411139e+00
   4.4562559e+00
   5.4112749e+00
   5.3981196e+00
   4.9913949e+00
   5.9360349e+00
   5.4737801e+00
   4.3128621e+00
   5.3660188e+00
   5.4581134e+00
   4.7629876e+00
   5.7948266e+00
   5.9161499e+00
   5.0187719e+00
   5.7806266e+00
   5.9515640e+00
   5.2605691e+00
   6.0317242e+00
   6.2263199e+00
   5.4213588e+00
   5.9234839e+00
   5.9263466e+00
   5.1121197e+00
   5.7550257e+00
   5.9736873e+00
   5.3822476e+00
   6.0802017e+00
   6.1074140e+00
   5.2654939e+00
   5.8058639e+00
   5.8686313e+00
   5.3013999e+00
   6.2543815e+00
   6.4041989e+00
   5.4078766e+00
   5.8599317e+00
   6.0057937e+00
   5.2713566e+00
   5.8397486e+00
   5.9589802e+00
   5.0576078e+00
   5.3907083e+00
   5.4026002e+00
   4.7384754e+00
   5.3261501e+00
   5.1753435e+00
   4.2035363e+00
   4.8867651e+00
   4.7374934e+00
   3.5023573e+00
   4.0178530e+00
   3.9272827e+00
   2.7120065e+00
   3.4073931e+00
   3.1785437e+00
   1.4863937e+00
   2.3098200e+00
   2.4844594e+00
   1.3331379e+00
   2.2311813e+00
   2.0518451e+00
   5.8531818e-01
   1.4930117e+00
   1.2524345e+00
  -4.6531094e-01
   8.3041111e-01
   8.9316937e-01
  -1.1966222e+00
  -5.7508037e-01
  -1.2456692e+00
  -3.6220494e+00
  -1.7876192e+00
  -1.7613377e+00
  -4.1159594e+00
  -2.2110112e+00
  -2.7116123e+00
  -4.9108452e+00
  -2.7563417e+00
  -3.4652100e+00
  -5.5291073e+00
  -2.6043144e+00
  -3.4453041e+00
  -7.5000764e+00
  -5.7076276e+00
  -7.8375220e+00
  -1.1253343e+01
  -5.5383318e+00
  -6.5110581e+00
  -8.2147507e+00
  -4.8703003e+00
  -7.6675950e+00
  -1.1048276e+01
  -7.7824261e+00
  -1.0467531e+01
  -1.3275722e+01
  -9.0617131e+00
  -1.5688272e+01
  -1.2454406e+01
  -9.6003049e+00
  -1.2310836e+01
  -7.7994204e+00
  -7.9605392e+00
  -1.0042000e+01
  -5.2611343e+00
  -5.7771749e+00
  -9.5249269e+00
  -5.6949949e+00
  -5.6374000e+00
  -6.5412167e+00
  -3.2327923e+00
  -2.8271981e+00
  -3.1418939e+00
  -1.1173195e+00
  -1.5153435e+00
  -2.5078234e+00
  -8.2865035e-01
  -8.3582367e-01
  -1.2628532e+00
  -1.2410364e-02
  -9.6257819e-01
  -1.5381942e+00
   4.4584707e-01
   1.8785953e-01
  -3.1169263e-02
   1.8187179e+00
   1.8438857e+00
   1.6448566e+00
   2.7308790e+00
   2.2976635e+00
   1.7646058e+00
   2.8075496e+00
   2.5061319e+00
   1.8814391e+00
   2.6290996e+00
   2.1329623e+00
   1.5007129e+00
   2.3334610e+00
   2.1469391e+00
   2.1358484e+00
   2.8515614e+00
   2.2389932e+00
   2.1814602e+00
   3.0187533e+00
   2.4562032e+00
   2.3174020e+00
   2.9850686e+00
   2.2339959e+00
   2.2536548e+00
   3.0634944e+00
   2.0641584e+00
   1.7091453e+00
   2.8473570e+00
   2.1457542e+00
   1.7822829e+00
   2.6011076e+00
   1.6686470e+00
   1.1178316e+00
   2.2812071e+00
   1.8385093e+00
   1.6743742e+00
   2.6748287e+00
   1.9047374e+00
   1.3264340e+00
   2.3407187e+00
   1.7243840e+00
   1.4532371e+00
   2.7612460e+00
   2.0304440e+00
   1.2762921e+00
   2.6119019e+00
   2.5213815e+00
   2.1043260e+00
   3.0291859e+00
   2.6671381e+00
   2.5971551e+00
   3.7875388e+00
   3.3415731e+00
   2.6932932e+00
   3.7932066e+00
   3.6700712e+00
   2.9778943e+00
   3.6454552e+00
   3.5318960e+00
   3.1180010e+00
   3.7029279e+00
   3.5838162e+00
   3.5945522e+00
   4.3176907e+00
   3.7512304e+00
   3.1874629e+00
   3.9225041e+00
   3.5586327e+00
   3.0145047e+00
   3.7725377e+00
   3.2794421e+00
   2.3631778e+00
   2.8662638e+00
   2.3929870e+00
   1.6606201e+00
   2.5091200e+00
   2.3543575e+00
   1.8574474e+00
   2.3469258e+00
   1.7112418e+00
   1.4236242e+00
   2.5650476e+00
   2.1269637e+00
   1.5563719e+00
   2.4957103e+00
   2.0889990e+00
   1.6331848e+00
   2.6336945e+00
   1.8961975e+00
   5.7749583e-01
   1.4970017e+00
   7.8581598e-01
  -6.2966207e-01
   5.6847743e-01
   2.3098133e-01
  -1.2423106e+00
  -1.0411757e-01
  -7.4383706e-01
  -2.5495120e+00
  -1.7134734e+00
  -2.6051524e+00
  -4.3872224e+00
  -2.7561256e+00
  -3.5013366e+00
  -5.3238082e+00
  -4.3827212e+00
  -6.4698070e+00
  -7.9208238e+00
  -5.7981793e+00
  -8.2204100e+00
  -9.5235758e+00
  -6.0629592e+00
  -8.6598631e+00
  -1.2234119e+01
  -8.8729049e+00
  -1.1107839e+01
  -9.2404942e+00
  -6.7931998e+00
  -9.6961442e+00
  -9.6030755e+00
  -8.9343243e+00
  -1.2590907e+01
  -9.9550588e+00
  -9.5025143e+00
  -1.3284733e+01
  -1.0152401e+01
  -1.2857872e+01
  -1.5543332e+01
  -9.1234845e+00
  -1.0299956e+01
  -9.2408746e+00
  -5.1336710e+00
  -6.2235578e+00
  -6.3100031e+00
  -3.4736084e+00
  -5.2966870e+00
  -7.4981211e+00
  -4.7178849e+00
  -5.2255519e+00
  -5.2959145e+00
  -3.2181533e+00
  -4.4993332e+00
  -5.4051613e+00
  -3.5353969e+00
  -3.8222797e+00
  -3.1542809e+00
  -1.7899394e+00
  -3.0700013e+00
  -3.1029686e+00
  -1.7848426e+00
  -2.7374586e+00
  -1.9934297e+00
  -7.2476019e-01
  -1.9776366e+00
  -1.7892731e+00
  -8.9997820e-01
  -2.2872136e+00
  -2.0488392e+00
  -1.1139965e+00
  -2.3813445e+00
  -1.6656692e+00
  -4.2127295e-01
  -2.1361651e+00
  -2.1158986e+00
  -6.0819380e-01
  -1.7151776e+00
  -1.4543138e+00
   8.0358313e-02
  -8.1191898e-01
  -6.9269573e-01
   5.2888974e-01
  -3.4705179e-02
   1.2820098e-01
   1.0792544e+00
   4.0578758e-01
   4.5057317e-01
   1.3650763e+00
   6.3601250e-01
   4.2943477e-01
   1.3323747e+00
   8.8706080e-01
   8.6228612e-01
   1.4024829e+00
   6.2687476e-01
   9.0922981e-01
   1.8784062e+00
   1.2853628e+00
   1.4617000e+00
   2.4708833e+00
   1.9107092e+00
   1.6995918e+00
   2.2915588e+00
   1.6995944e+00
   1.8750175e+00
   2.6126745e+00
   1.8353801e+00
   1.8165652e+00
   2.4463495e+00
   1.6901331e+00
   1.7024514e+00
   2.3644529e+00
   1.4748683e+00
   1.6376160e+00
   2.3364426e+00
   1.1052459e+00
   8.7433447e-01
   2.0231296e+00
   1.4554954e+00
   1.3384939e+00
   2.2173689e+00
   1.3647153e+00
   9.2756494e-01
   1.5541476e+00
   7.3611456e-01
   7.9494626e-01
   1.8325840e+00
   6.6044451e-01
  -4.4794687e-01
   3.1248932e-01
  -5.2858243e-01
  -8.5686481e-01
   3.3539892e-01
  -4.9097765e-01
  -1.0525303e+00
   1.9838818e-01
  -2.2307005e-01
  -5.5752231e-01
  -1.5797665e-02
  -1.0962917e+00
  -1.6249597e+00
  -8.7043034e-01
  -1.8204535e+00
  -1.8658467e+00
  -8.3262474e-01
  -1.5687272e+00
  -1.2924495e+00
  -5.1309932e-01
  -1.9695033e+00
  -2.1964264e+00
  -1.1358679e+00
  -1.8357615e+00
  -1.6681675e+00
  -8.0822537e-01
  -2.1307680e+00
  -2.4171583e+00
  -1.7155615e+00
  -3.3731096e+00
  -3.3974516e+00
  -2.3913675e+00
  -3.5936739e+00
  -2.9192683e+00
  -1.8986313e+00
  -3.4384092e+00
  -3.2302633e+00
  -1.9920940e+00
  -3.1344792e+00
  -2.9960375e+00
  -2.5866822e+00
  -5.1558834e+00
  -6.1544976e+00
  -4.9609155e+00
  -6.6227191e+00
  -6.3518136e+00
  -5.2837989e+00
  -8.5242940e+00
  -9.6008432e+00
  -8.3632119e+00
  -1.1397372e+01
  -1.1058107e+01
  -9.5431091e+00
  -1.5035106e+01
  -1.5368056e+01
  -1.8298433e+01
  -1.9638307e+01
  -1.3685406e+01
  -1.9316795e+01
  -2.2463028e+01
  -1.4728196e+01
  -1.8091533e+01
  -1.6432339e+01
  -1.0955461e+01
  -1.4276741e+01
  -1.3999282e+01
  -1.0226013e+01
  -1.2071281e+01
  -1.1493680e+01
  -8.9467141e+00
  -1.0659888e+01
  -9.7697284e+00
  -8.4794412e+00
  -1.0375957e+01
  -8.5739019e+00
  -7.3160881e+00
  -9.5758810e+00
  -8.7259601e+00
  -8.6878787e+00
  -1.0173869e+01
  -6.5056103e+00
  -5.4099844e+00
  -7.8745812e+00
  -6.2439674e+00
  -5.0241601e+00
  -6.8113592e+00
  -5.6957391e+00
  -5.0096504e+00
  -6.6112232e+00
  -4.8239937e+00
  -4.1948392e+00
  -6.3183780e+00
  -3.9997103e+00
  -2.8122156e+00
  -4.6151522e+00
  -3.6870347e+00
  -2.2945615e+00
  -3.8502458e+00
  -3.6415955e+00
  -2.5561759e+00
  -3.9619759e+00
  -3.9353951e+00
  -2.6635727e+00
  -3.5192697e+00
  -2.9846334e+00
  -2.0838213e+00
  -3.3068824e+00
  -2.8165483e+00
  -1.6139061e+00
  -2.3392024e+00
  -2.0240074e+00
  -1.4595645e+00
  -2.7788072e+00
  -2.7321940e+00
  -1.9740135e+00
  -2.4892458e+00
  -1.8455529e+00
  -1.4243989e+00
  -2.1216661e+00
  -1.2027488e+00
  -7.3673146e-01
  -1.2779261e+00
  -1.8437408e-01
   3.3264351e-01
  -3.3390319e-01
   3.4087734e-01
   3.3183716e-01
  -5.5931030e-01
   5.4942579e-01
   1.0013282e+00
   1.7430195e-01
   1.0521486e+00
   1.1060099e+00
  -3.7378451e-01
   2.4315458e-01
   5.5434664e-01
  -2.0490880e-01
   8.7731945e-01
   1.3344625e+00
   2.0913630e-01
   8.8727292e-01
   1.3289049e+00
  -1.1096322e-01
  -9.4057254e-02
   4.0939599e-01
  -4.9005023e-01
   1.1244302e-01
   5.2182565e-01
  -6.9368794e-01
  -2.5207338e-01
   4.3573675e-01
  -4.0856787e-01
   5.4189189e-02
   6.7954088e-01
  -1.2122172e-01
   2.1435378e-01
   8.0003218e-01
   3.0055911e-02
   2.2043785e-01
   5.7905875e-01
  -3.8028044e-01
  -4.1751320e-01
   1.2582419e-01
  -1.5251727e-01
   3.7502923e-02
  -2.2588791e-01
  -1.2364322e+00
  -5.7641409e-01
  -4.6492032e-01
  -1.8193614e+00
  -1.0706200e+00
  -2.1780789e-01
  -1.4988580e+00
  -1.6924062e+00
  -1.2700917e+00
  -2.3502536e+00
  -2.2201689e+00
  -1.7926607e+00
  -2.8842245e+00
  -2.8314872e+00
  -3.0943181e+00
  -4.7036906e+00
  -3.8992103e+00
  -3.4131213e+00
  -4.7614653e+00
  -4.5165832e+00
  -4.6075426e+00
  -6.6658661e+00
  -6.3118813e+00
  -6.5836263e+00
  -8.9994042e+00
  -7.0555264e+00
  -6.4062069e+00
  -9.7968204e+00
  -8.1064221e+00
  -7.5967167e+00
  -1.1938991e+01
  -1.0873986e+01
  -9.1794809e+00
  -1.2408281e+01
  -1.2165790e+01
  -1.2585845e+01
  -1.8070383e+01
  -1.4464035e+01
  -1.2921274e+01
  -1.8750961e+01
  -1.7886646e+01
  -1.6326892e+01
  -2.8597197e+01
  -1.9928355e+01
  -1.9034530e+01
  -2.6420818e+01
  -2.4342431e+01
  -2.1382554e+01
  -2.4687531e+01
  -2.2165127e+01
  -3.2165241e+01
  -1.9899688e+01
  -2.2888331e+01
  -2.8081895e+01
  -2.2013209e+01
  -2.0331437e+01
  -2.5436707e+01
  -1.3632975e+01
  -1.4889352e+01
  -1.5104417e+01
  -1.2665592e+01
  -1.6723813e+01
  -1.7348952e+01
  -1.2661643e+01
  -1.3435656e+01
  -1.3141576e+01
  -1.1452520e+01
  -1.3901123e+01
  -1.0864073e+01
  -8.3980249e+00
  -1.1505620e+01
  -1.0502665e+01
  -7.4751315e+00
  -1.0282912e+01
  -1.1288200e+01
  -8.4353115e+00
  -9.8658965e+00
  -1.1103065e+01
  -8.3708205e+00
  -1.0259239e+01
  -1.1570755e+01
  -8.3374079e+00
  -8.9342509e+00
  -9.2298117e+00
  -6.9793149e+00
  -8.0093234e+00
  -9.7465571e+00
  -7.8604411e+00
  -8.2557855e+00
  -8.6679240e+00
  -6.6378528e+00
  -6.9261123e+00
  -7.6114218e+00
  -5.8933388e+00
  -6.5115894e+00
  -7.0563076e+00
  -4.5372682e+00
  -4.8343966e+00
  -5.9992074e+00
  -4.0887458e+00
  -4.1150669e+00
  -4.8924586e+00
  -3.4026367e+00
  -3.3498486e+00
  -3.6065370e+00
  -1.9829946e+00
  -2.8949934e+00
  -4.7720384e+00
  -2.5069865e+00
  -1.9849476e+00
  -2.8661249e+00
  -1.2133203e+00
  -1.0857332e+00
  -2.4681576e+00
  -1.3931640e+00
  -1.3799016e+00
  -2.6567502e+00
  -1.4730945e+00
  -7.5929422e-01
  -1.3349264e+00
  -8.7513615e-01
  -1.1746268e+00
  -2.1225946e+00
  -1.3079098e+00
  -1.0916369e+00
  -1.5385376e+00
  -7.3534841e-01
  -7.9795643e-01
  -1.1795420e+00
  -2.3218052e-01
  -4.4283039e-01
  -1.2654815e+00
  -4.9980244e-01
  -6.9982568e-01
  -1.6166102e+00
  -7.9986607e-01
  -8.5346245e-01
  -1.5976259e+00
  -6.5942545e-01
  -7.3845314e-01
  -2.0322266e+00
  -1.6437215e+00
  -1.6413833e+00
  -2.3890591e+00
  -1.6796640e+00
  -2.0361245e+00
  -3.2621421e+00
  -2.4665731e+00
  -2.8815097e+00
  -4.2007753e+00
  -2.7194242e+00
  -2.5924730e+00
  -3.8989029e+00
  -2.9020791e+00
  -3.2222555e+00
  -4.7787014e+00
  -3.8189204e+00
  -3.7921272e+00
  -5.2305316e+00
  -3.8065628e+00
  -3.6663815e+00
  -5.4829841e+00
  -4.8764237e+00
  -5.0605250e+00
  -6.7849566e+00
  -5.5445291e+00
  -4.8106258e+00
  -5.8326605e+00
  -5.3775166e+00
  -5.8679609e+00
  -7.5166404e+00
  -6.3286188e+00
  -6.3803695e+00
  -8.5231975e+00
  -6.9772563e+00
  -6.8111384e+00
  -8.8461684e+00
  -7.1074499e+00
  -6.6609590e+00
  -8.6562698e+00
  -6.7298927e+00
  -6.2449278e+00
  -8.4364551e+00
  -7.1196558e+00
  -7.0762208e+00
  -8.9056073e+00
  -6.4271412e+00
  -6.3138114e+00
  -8.5927227e+00
  -7.8499253e+00
  -8.5814813e+00
  -1.0194238e+01
  -8.6040539e+00
  -9.7939752e+00
  -9.8058805e+00
  -8.0184242e+00
  -1.0008452e+01
  -8.4379998e+00
  -6.9048759e+00
  -7.5336166e+00
  -5.0333663e+00
  -3.8877775e+00
  -4.1672655e+00
  -1.9013359e+00
  -7.6357814e-01
  -1.1817361e+00
  -6.5192660e-01
  -5.8529220e-01
  -1.4945027e+00
  -6.8503547e-01
  -5.6438731e-01
  -1.8710854e+00
  -1.4840131e+00
  -1.4541583e+00
  -2.7584398e+00
  -2.5145535e+00
  -2.6188504e+00
  -3.8416498e+00
  -3.2517283e+00
  -3.7266570e+00
  -5.9415092e+00
  -5.6010245e+00
  -6.2928555e+00
  -1.0008305e+01
  -1.0834169e+01
  -1.3379550e+01
  -1.5723285e+01
  -1.1250811e+01
  -1.2526006e+01
  -1.5152868e+01
  -1.2272128e+01
  -1.3650841e+01
  -1.2504376e+01
  -1.0752244e+01
  -1.2174169e+01
  -1.0491360e+01
  -9.6664270e+00
  -1.2624262e+01
  -9.9087737e+00
  -8.3887649e+00
  -1.2051635e+01
  -1.3228291e+01
  -9.9350113e+00
  -1.1879505e+01
  -1.0670326e+01
  -7.6818259e+00
  -9.2841109e+00
  -9.2136186e+00
  -7.4554121e+00
  -9.2775220e+00
  -8.3491857e+00
  -5.9168344e+00
  -7.1677479e+00
  -6.6162039e+00
  -4.8568304e+00
  -5.8715684e+00
  -5.7907242e+00
  -4.4086429e+00
  -5.8812086e+00
  -5.6418944e+00
  -3.8550610e+00
  -5.4703393e+00
  -7.0390689e+00
  -4.9950584e+00
  -5.4992594e+00
  -5.8515303e+00
  -4.3511368e+00
  -5.5621593e+00
  -6.0480298e+00
  -4.2463410e+00
  -5.2034174e+00
  -6.3296006e+00
  -5.2776922e+00
  -6.7546993e+00
  -7.4417233e+00
  -5.2322277e+00
  -6.1121581e+00
  -8.2184168e+00
  -6.0447732e+00
  -6.6133226e+00
  -8.6700587e+00
  -8.0325048e+00
  -8.9089040e+00
  -7.9059228e+00
  -6.4205982e+00
  -8.1214671e+00
  -8.0385132e+00
  -6.4089451e+00
  -6.9243022e+00
  -5.0825517e+00
  -3.3061745e+00
  -3.4165323e+00
  -2.5135610e+00
  -1.6359996e+00
  -1.9677793e+00
  -1.2981280e+00
  -9.1350554e-01
  -1.2240481e+00
  -3.6981268e-01
  -1.1754289e-01
  -7.9133941e-01
   1.1055856e-01
   8.0311266e-01
   5.7131329e-01
   1.1326536e+00
   1.3388361e+00
   6.4717308e-01
   6.8088678e-01
   3.2322396e-01
  -1.1082555e+00
  -1.5515356e+00
  -1.8316629e+00
  -2.9856036e+00
  -3.0835355e+00
  -3.8627105e+00
  -6.3440475e+00
  -6.2969097e+00
  -6.3081326e+00
  -9.4044236e+00
  -1.0008304e+01
  -8.7769815e+00
  -1.2327130e+01
  -1.6460994e+01
  -1.2756878e+01
  -1.2611969e+01
  -1.2606181e+01
  -9.9792668e+00
  -1.1537739e+01
  -1.4356650e+01
  -1.1457730e+01
  -1.0805204e+01
  -1.1562965e+01
  -8.2546844e+00
  -8.5566286e+00
  -1.2878901e+01
  -9.8881158e+00
  -8.6748589e+00
  -1.0729949e+01
  -9.2128903e+00
  -9.2035883e+00
  -1.3476098e+01
  -1.1592180e+01
  -1.0758379e+01
  -1.4138826e+01
  -1.0302036e+01
  -8.6095409e+00
  -1.3520897e+01
  -1.3786024e+01
  -1.1794734e+01
  -1.4607050e+01
  -1.5281345e+01
  -1.0313880e+01
  -1.2256943e+01
  -2.1171120e+01
  -1.7126044e+01
  -2.0430785e+01
  -1.8783542e+01
  -1.3086640e+01
  -1.4067479e+01
  -1.7881379e+01
  -1.6346812e+01
  -2.2884313e+01
  -2.3833982e+01
  -1.8055161e+01
  -2.1475759e+01
  -2.2321314e+01
  -1.4937409e+01
  -1.9843119e+01
  -2.9336868e+01
  -2.0712689e+01
  -1.9760933e+01
  -2.3956045e+01
  -1.7210730e+01
  -1.7782383e+01
  -2.2308438e+01
  -1.9181960e+01
  -1.9587497e+01
  -2.5906621e+01
  -1.8126923e+01
  -1.5444618e+01
  -1.9300192e+01
  -1.7135026e+01
  -1.4164187e+01
  -1.4681239e+01
  -1.4216300e+01
  -1.3248117e+01
  -1.3507467e+01
  -1.2179092e+01
  -1.2901199e+01
  -1.3580375e+01
  -9.3979942e+00
  -9.1685170e+00
  -1.2141249e+01
  -8.9084614e+00
  -7.8422793e+00
  -9.0947755e+00
  -7.1907812e+00
  -6.3809886e+00
  -7.7683934e+00
  -7.4717953e+00
  -7.8583607e+00
  -8.6745904e+00
  -6.1933220e+00
  -5.6056092e+00
  -7.1827778e+00
  -5.9901189e+00
  -5.7911604e+00
  -7.6875770e+00
  -6.8731289e+00
  -6.6010564e+00
  -7.4403463e+00
  -5.3432768e+00
  -5.0332095e+00
  -7.4036229e+00
  -6.6695258e+00
  -6.3010138e+00
  -8.3254214e+00
  -7.5943104e+00
  -6.7114358e+00
  -8.6005347e+00
  -7.6376435e+00
  -6.4770049e+00
  -6.9031579e+00
  -5.6846609e+00
  -5.3384848e+00
  -6.7045480e+00
  -5.6046527e+00
  -5.2319358e+00
  -7.0024732e+00
  -6.1127511e+00
  -5.3428894e+00
  -7.0795822e+00
  -6.2296150e+00
  -5.0212306e+00
  -6.5207314e+00
  -7.0005941e+00
  -6.6037903e+00
  -8.0984610e+00
  -7.5771893e+00
  -5.8481105e+00
  -6.2695328e+00
  -6.3619307e+00
  -6.4889676e+00
  -8.0522610e+00
  -8.0303350e+00
  -7.7212103e+00
  -8.9074128e+00
  -7.4857171e+00
  -7.1792961e+00
  -1.0095773e+01
  -9.7021084e+00
  -7.9499076e+00
  -8.8745017e+00
  -8.3693983e+00
  -7.5375148e+00
  -8.0982410e+00
  -6.9806124e+00
  -6.3210562e+00
  -7.3074229e+00
  -6.8445514e+00
  -6.9794052e+00
  -8.5513811e+00
  -7.3604471e+00
  -7.5135444e+00
  -9.8606014e+00
  -7.6469142e+00
  -6.5745609e+00
  -8.7792022e+00
  -8.2029518e+00
  -7.5429040e+00
  -9.4087138e+00
  -8.3405621e+00
  -7.4179053e+00
  -9.0362023e+00
  -8.5137113e+00
  -8.6897010e+00
  -1.1522213e+01
  -1.0939543e+01
  -1.0283094e+01
  -1.3140642e+01
  -1.1659023e+01
  -1.1074432e+01
  -1.5705948e+01
  -1.5404827e+01
  -1.2283822e+01
  -1.4451751e+01
  -1.6117959e+01
  -1.3630798e+01
  -1.6783945e+01
  -1.6917713e+01
  -1.5797170e+01
  -1.7897712e+01
  -2.1046007e+01
  -1.3776647e+01
  -1.4248342e+01
  -1.6713229e+01
  -1.3483660e+01
  -1.4553413e+01
  -1.7041986e+01
  -1.3286295e+01
  -1.4379307e+01
  -1.7200744e+01
  -1.3933172e+01
  -1.5594133e+01
  -1.7936835e+01
  -1.1806386e+01
  -1.1839668e+01
  -1.5535078e+01
  -1.2397759e+01
  -1.1416100e+01
  -1.3741344e+01
  -1.0833563e+01
  -9.1129110e+00
  -1.1569442e+01
  -1.2316641e+01
  -1.1222971e+01
  -1.2161327e+01
  -9.6023004e+00
  -7.8067659e+00
  -9.8461465e+00
  -9.3376053e+00
  -7.7290246e+00
  -8.3329936e+00
  -7.7715576e+00
  -7.2896442e+00
  -8.6070371e+00
  -6.8624596e+00
  -6.2998913e+00
  -9.6916026e+00
  -1.0218159e+01
  -9.6123462e+00
  -1.2360032e+01
  -1.0120434e+01
  -9.4989014e+00
  -1.3272150e+01
  -1.0592893e+01
  -9.7698817e+00
  -1.2455248e+01
  -8.8405645e+00
  -7.2484612e+00
  -9.3517289e+00
  -9.1810908e+00
  -9.2145084e+00
  -1.2443320e+01
  -1.1513467e+01
  -1.0206566e+01
  -1.2205206e+01
  -1.2355706e+01
  -1.2789634e+01
  -1.6518802e+01
  -1.5554879e+01
  -1.2978789e+01
  -1.4095333e+01
  -1.3558049e+01
  -1.1970358e+01
  -1.4669054e+01
  -1.3712850e+01
  -9.3750017e+00
  -9.9053664e+00
  -1.1401249e+01
  -8.7169005e+00
  -9.3537605e+00
  -1.0893061e+01
  -7.9341328e+00
  -7.4474882e+00
  -8.3536488e+00
  -6.2513210e+00
  -6.5228763e+00
  -8.8110796e+00
  -7.4883085e+00
  -6.9904565e+00
  -7.8409795e+00
  -6.5336900e+00
  -6.6733620e+00
  -7.9370207e+00
  -6.9604500e+00
  -7.1533396e+00
  -8.0970553e+00
  -6.8071461e+00
  -7.1205403e+00
  -8.4276864e+00
  -6.9600542e+00
  -7.7418425e+00
  -9.7576612e+00
  -8.0235625e+00
  -7.8837630e+00
  -9.5465214e+00
  -8.4586193e+00
  -8.8061381e+00
  -1.0228160e+01
  -8.0232507e+00
  -7.5847897e+00
  -8.8574266e+00
  -8.2747216e+00
  -8.8965763e+00
  -1.0383370e+01
  -7.9434219e+00
  -7.2909036e+00
  -8.7900361e+00
  -7.7269328e+00
  -7.4958741e+00
  -9.5052834e+00
  -9.0020903e+00
  -8.5869336e+00
  -9.8718468e+00
  -9.2681991e+00
  -9.5243048e+00
  -1.1384111e+01
  -1.0670141e+01
  -1.1841390e+01
  -1.5840161e+01
  -1.2229637e+01
  -1.1907172e+01
  -1.6684207e+01
  -1.2320495e+01
  -1.1601466e+01
  -1.6953674e+01
  -1.4997938e+01
  -1.1967645e+01
  -1.4117401e+01
  -1.2076395e+01
  -1.0093653e+01
  -1.1182733e+01
  -9.5479906e+00
  -8.5826541e+00
  -1.0920269e+01
  -1.0480044e+01
  -8.8103470e+00
  -9.0511842e+00
  -7.2512942e+00
  -5.9085271e+00
  -6.6292163e+00
  -5.1868880e+00
  -4.4491466e+00
  -6.3179581e+00
  -5.9304683e+00
  -4.8538282e+00
  -5.9108227e+00
  -5.4988283e+00
  -4.2897205e+00
  -5.7514428e+00
  -6.2662907e+00
  -5.8927499e+00
  -8.1816088e+00
  -9.4483718e+00
  -7.9470612e+00
  -9.1926512e+00
  -9.7371777e+00
  -8.4608213e+00
  -1.0736401e+01
  -1.3823225e+01
  -1.2911985e+01
  -1.3539640e+01
  -1.3225477e+01
  -1.3489573e+01
  -1.8993014e+01
  -2.0063438e+01
  -1.5985629e+01
  -1.6543600e+01
  -1.7857812e+01
  -1.3685529e+01
  -1.4397880e+01
  -1.6512033e+01
  -1.3441462e+01
  -1.3826489e+01
  -1.5056071e+01
  -1.1746908e+01
  -1.2998450e+01
  -1.5879236e+01
  -1.1526982e+01
  -1.1058902e+01
  -1.3442142e+01
  -1.0900591e+01
  -1.0942686e+01
  -1.3129407e+01
  -1.0677742e+01
  -1.1327867e+01
  -1.4261177e+01
  -1.0907343e+01
  -1.0436865e+01
  -1.3077939e+01
  -1.1111912e+01
  -1.1344138e+01
  -1.5775715e+01
  -1.3604556e+01
  -1.0999370e+01
  -1.3457108e+01
  -1.3829703e+01
  -1.2340730e+01
  -1.5045141e+01
  -1.6296560e+01
  -1.3500445e+01
  -1.3867821e+01
  -1.3695172e+01
  -1.2494937e+01
  -1.4060553e+01
  -1.3388115e+01
  -1.0969294e+01
  -1.1955703e+01
  -1.1009468e+01
  -8.9408160e+00
  -1.0650339e+01
  -1.1991011e+01
  -1.0012732e+01
  -1.1037774e+01
  -1.2497915e+01
  -1.0513350e+01
  -1.2089561e+01
  -1.3905853e+01
  -1.1972990e+01
  -1.3387102e+01
  -1.2900804e+01
  -1.0780927e+01
  -1.3115069e+01
  -1.4698745e+01
  -1.1804405e+01
  -1.2816840e+01
  -1.3446042e+01
  -1.1245892e+01
  -1.2494329e+01
  -1.3820129e+01
  -1.2278518e+01
  -1.4619230e+01
  -1.3387164e+01
  -1.0425408e+01
  -1.2595077e+01
  -1.5472631e+01
  -1.1779609e+01
  -1.2322339e+01
  -1.3639114e+01
  -1.0627269e+01
  -1.1495798e+01
  -1.3258308e+01
  -1.1040725e+01
  -1.2271379e+01
  -1.1739787e+01
  -8.6276861e+00
  -9.5764389e+00
  -1.1744251e+01
  -8.6518447e+00
  -9.4307826e+00
  -1.1118185e+01
  -8.7788537e+00
  -9.3793677e+00
  -1.1089373e+01
  -8.6950118e+00
  -8.8561276e+00
  -1.0431599e+01
  -8.6571095e+00
  -9.7151474e+00
  -1.1871665e+01
  -9.5964553e+00
  -1.0193667e+01
  -1.3323975e+01
