   3.7061722e+01
   3.3829357e+01
   1.7053796e+01
   2.2036765e+01
   1.7472298e+00
   2.3019924e+01
   2.0710080e+01
   1.8994929e+01
   2.1973023e+01
   1.5509437e+01
   1.7979831e+01
   2.0668873e+01
   1.2438095e+01
   2.3303248e+01
   2.4145918e+01
   1.8491274e+01
   2.7158569e+01
   2.6834388e+01
   2.1743196e+01
   2.4105676e+01
   2.5666985e+01
   3.0305692e+01
   3.2838380e+01
   3.2939788e+01
   3.2800336e+01
   3.4008975e+01
   3.6901177e+01
   3.8628396e+01
   3.9029189e+01
   3.9750233e+01
   4.0357242e+01
   4.1727327e+01
   4.3473127e+01
   4.2917575e+01
   4.1986654e+01
   4.5286342e+01
   4.7339056e+01
   4.7446715e+01
   4.7092869e+01
   4.7187115e+01
   4.8051661e+01
   4.8958707e+01
   4.8951888e+01
   4.8587174e+01
   4.8610779e+01
   4.8769181e+01
   4.9114402e+01
   4.9232345e+01
   4.9022834e+01
   4.9371657e+01
   4.9791763e+01
   4.9661411e+01
   4.9481914e+01
   4.9183966e+01
   4.8477813e+01
   4.7764203e+01
   4.7158916e+01
   4.6772717e+01
   4.6705736e+01
   4.6604844e+01
   4.6396002e+01
   4.5482992e+01
   4.3464020e+01
   4.2305157e+01
   4.2624476e+01
   4.2186674e+01
   4.0276677e+01
   3.5189521e+01
   3.0972568e+01
   3.7373343e+01
   3.8726530e+01
   3.8314415e+01
   3.8254581e+01
   3.7298397e+01
   3.5643725e+01
   3.4726044e+01
   3.3318050e+01
   3.1480419e+01
   2.9710257e+01
   2.6865390e+01
   2.5163138e+01
   2.3758711e+01
   2.1545434e+01
   2.0995542e+01
   1.8272759e+01
   1.7043893e+01
   1.7232606e+01
   1.1206047e+01
   1.0796238e+01
   9.3082898e+00
  -5.0303315e+00
   2.4034794e+00
  -3.8920360e-02
   7.4203102e+00
   4.4852102e+00
  -1.3562140e+00
   3.6385104e+00
  -2.3477870e+00
  -1.2036526e+00
   1.0422318e+00
   8.2116815e-01
   3.2785560e+00
   3.0794343e+00
   4.3022016e+00
  -8.5690759e+00
   3.2064638e+00
   2.4175592e+00
   6.9485626e+00
   9.0363015e+00
   6.6408092e+00
   8.1066066e+00
   7.1922882e+00
   3.6560072e+00
   8.7513477e+00
   7.5001676e+00
   1.0095830e+01
   1.1942991e+01
   1.2473355e+01
   1.4571720e+01
   1.4345133e+01
   1.5160395e+01
   1.6325609e+01
   1.6916098e+01
   1.9740321e+01
   2.1653319e+01
   2.3616286e+01
   2.5541919e+01
   2.6497543e+01
   2.7845702e+01
   2.9419937e+01
   3.0700429e+01
   3.2096757e+01
   3.3133250e+01
   3.3780111e+01
   3.4510187e+01
   3.4885380e+01
   3.4471673e+01
   3.3175831e+01
   3.0351339e+01
   2.5124132e+01
   2.1927526e+01
   2.3386927e+01
   2.4537281e+01
   2.5524009e+01
   2.5278933e+01
   2.4734219e+01
   2.4233272e+01
   2.2743487e+01
   2.1560954e+01
   2.0830214e+01
   1.9072057e+01
   1.7788049e+01
   1.6489966e+01
   1.5009349e+01
   1.4478228e+01
   1.2529005e+01
   1.1492927e+01
   1.1667378e+01
   9.8129664e+00
   8.5776605e+00
   6.6421831e+00
   4.8961983e+00
   4.9302855e+00
   3.0115832e-01
   5.2371433e-01
   8.7847916e-01
  -1.0945603e+00
   6.1646386e-01
  -1.7726868e+00
  -7.5715963e-01
  -1.6595388e-01
  -4.1508004e+00
   2.8742276e-01
  -2.1728164e+00
  -4.4104619e+00
  -2.0780561e+00
  -5.7620690e+00
  -9.0659288e+00
  -4.0812323e+00
  -5.5613042e+00
  -3.2457908e+00
  -4.7108465e+00
  -5.8016924e+00
  -4.5073138e+00
  -8.2475323e+00
  -9.5863246e+00
  -7.3661015e+00
  -1.3240142e+01
  -7.3798064e+00
  -6.0871539e+00
  -4.3668593e+00
  -1.4476637e+00
  -3.3467517e+00
  -2.0548722e+00
  -4.5624569e-02
  -5.7486527e-01
   1.5253991e+00
   2.9216659e+00
   3.5515356e+00
   5.8084311e+00
   7.7642433e+00
   9.3324138e+00
   8.6768079e+00
   5.4896546e+00
   7.8242726e+00
   9.8824831e+00
   8.3106314e+00
   6.2262536e+00
   4.5276660e+00
   5.7313122e+00
   8.6585211e+00
   9.3050975e+00
   1.0423378e+01
   1.1219024e+01
   1.0468248e+01
   1.0589816e+01
   1.0322711e+01
   8.6647241e+00
   8.4651216e+00
   7.2512831e+00
   5.9875791e+00
   6.9766797e+00
   6.1303997e+00
   7.2133071e+00
   8.8272945e+00
   8.7379672e+00
   9.4502331e+00
   9.1395882e+00
   7.4765653e+00
   6.7299670e+00
   4.8067385e+00
   1.4845477e+00
   1.4660811e+00
  -1.3524698e+00
  -3.3824338e+00
  -3.7499190e+00
  -9.8142079e+00
  -7.4696164e+00
  -1.1723786e+01
  -8.8309127e+00
  -9.1092475e+00
  -9.7131485e+00
  -3.0294032e+00
  -5.0031481e+00
  -7.1264050e+00
  -2.5328164e+00
  -4.4917180e+00
  -2.9055465e+00
  -4.2478201e+00
  -7.5032946e+00
  -5.1372436e+00
  -6.4068548e+00
  -6.9598060e+00
  -5.2867744e+00
  -9.7362899e+00
  -5.9982394e+00
  -7.8346691e+00
  -9.8309993e+00
  -6.2385388e+00
  -1.0928317e+01
  -1.3517915e+01
  -7.0953205e+00
  -9.6594928e+00
  -8.9070694e+00
  -8.5800765e+00
  -1.6594952e+01
  -1.1350307e+01
  -2.1255335e+01
  -1.2158967e+01
  -9.2718949e+00
  -8.5744543e+00
  -1.0857363e+01
  -7.3492136e+00
  -1.1311718e+01
  -1.8774656e+01
  -1.2328431e+01
  -1.1601651e+01
  -1.3863729e+01
  -8.6092608e+00
  -1.4113473e+01
  -1.1617998e+01
  -1.0682551e+01
  -2.4446471e+01
  -1.9323340e+01
  -1.0891531e+01
  -1.3587809e+01
  -8.3234608e+00
  -6.0191402e+00
  -1.1190903e+01
  -9.9512071e+00
  -9.5362954e+00
  -1.2194661e+01
  -1.1973777e+01
  -8.6805940e+00
  -1.6463677e+01
  -9.7284250e+00
  -1.0302230e+01
  -1.7842290e+01
  -1.3835806e+01
  -1.5025304e+01
  -1.4329359e+01
  -7.3589796e+00
  -8.6907366e+00
  -9.6005654e+00
  -1.0036348e+01
  -1.4175799e+01
  -9.5916468e+00
  -8.5739031e+00
  -1.2473083e+01
  -1.7013855e+01
  -2.0147298e+01
  -8.5999099e+00
  -8.6946822e+00
  -1.0440030e+01
  -5.9226956e+00
  -6.8431144e+00
  -5.0211742e+00
  -1.7284415e+00
  -1.7836299e+00
  -1.9183644e+00
  -1.1501368e+00
  -4.2569978e+00
  -8.1436408e+00
  -1.0617382e+01
  -2.0496730e+01
  -2.0280107e+01
  -2.3947368e+01
  -1.5679553e+01
  -1.0351061e+01
  -1.6324971e+01
  -9.3782445e+00
  -1.2117824e+01
  -1.1646574e+01
  -7.2615808e+00
  -1.3552010e+01
  -1.2238887e+01
  -8.5417632e+00
  -9.8507948e+00
  -5.6762905e+00
  -5.1063270e+00
  -8.4869618e+00
  -7.7229369e+00
  -1.2683673e+01
  -2.0863411e+01
  -1.5878539e+01
  -1.9716034e+01
  -1.7450484e+01
  -1.2193613e+01
  -1.9306914e+01
  -9.6504362e+00
  -1.0520199e+01
  -1.1863654e+01
  -1.1767604e+01
  -2.0816383e+01
  -1.6799808e+01
  -1.1671541e+01
  -1.7207747e+01
  -1.4453473e+01
  -1.1966384e+01
  -1.3399630e+01
  -9.7773254e+00
  -1.0262212e+01
  -1.5216845e+01
  -1.6594650e+01
  -1.2756885e+01
  -2.1844438e+01
  -1.5465655e+01
  -2.0881635e+01
  -2.3364221e+01
  -2.6273806e+01
  -1.5887523e+01
  -2.1548810e+01
  -2.6865115e+01
  -2.7337462e+01
  -2.0509560e+01
  -4.2651966e+01
  -1.7148346e+01
  -1.9429424e+01
  -1.9595552e+01
  -2.8682915e+01
  -1.1762719e+01
  -1.2240272e+01
  -2.0352259e+01
  -1.4929170e+01
  -1.4104341e+01
  -1.5331498e+01
  -1.2156499e+01
  -1.1833025e+01
  -1.9093305e+01
  -1.2384082e+01
  -1.4062348e+01
  -2.0664077e+01
  -1.5201562e+01
  -1.5202311e+01
  -1.0835453e+01
  -7.1086012e+00
  -1.0041721e+01
  -1.0071165e+01
  -1.0539295e+01
  -1.4801141e+01
  -1.0233510e+01
  -1.0887400e+01
  -1.3438506e+01
  -7.6442891e+00
  -8.7745397e+00
  -7.1854089e+00
  -5.6959457e+00
  -8.1658459e+00
  -4.8953616e+00
  -2.8629384e+00
  -5.4768485e+00
  -5.4867238e+00
  -4.4818021e+00
  -1.0208195e+01
  -1.2213512e+01
  -1.3950566e+01
  -2.2867792e+01
  -1.5189143e+01
  -1.5624688e+01
  -2.8069532e+01
  -1.6465019e+01
  -2.4835639e+01
  -1.6122642e+01
  -2.3282125e+01
  -1.7329820e+01
  -1.7785351e+01
  -2.4316432e+01
  -2.1372269e+01
  -1.2996920e+01
  -1.6705942e+01
  -2.0887421e+01
  -1.8039405e+01
  -2.0529819e+01
  -1.4590241e+01
  -1.9910392e+01
  -2.7156112e+01
  -1.6315667e+01
  -1.3711171e+01
  -2.4937647e+01
  -1.6458990e+01
  -1.7624252e+01
  -2.0825797e+01
  -2.0550487e+01
  -1.3632199e+01
  -1.6479693e+01
  -1.2553267e+01
  -1.2155009e+01
  -1.5955022e+01
  -1.6323321e+01
  -1.9641506e+01
  -1.8272853e+01
  -1.0704273e+01
  -1.2631541e+01
  -1.3670777e+01
  -1.2133051e+01
  -1.7316387e+01
  -1.3686022e+01
  -1.0808509e+01
  -1.2997487e+01
  -1.0512572e+01
  -1.0593397e+01
  -1.8849233e+01
  -1.6221604e+01
  -2.3927247e+01
  -2.0677924e+01
  -1.7290914e+01
  -2.0715253e+01
  -1.9898154e+01
  -1.5483709e+01
  -2.7835894e+01
  -1.2254727e+01
  -1.6349824e+01
  -2.0554452e+01
  -1.7456256e+01
  -1.8446129e+01
  -1.7362533e+01
  -2.2042881e+01
  -1.8236398e+01
  -1.1993276e+01
  -1.5956399e+01
  -1.3176896e+01
  -1.0132232e+01
  -1.7454490e+01
  -1.8322644e+01
  -1.3414231e+01
  -1.8161052e+01
  -1.7272389e+01
  -1.2388738e+01
  -1.7798658e+01
  -1.7393834e+01
  -2.2802734e+01
  -1.4593716e+01
  -1.6062734e+01
  -3.8762389e+01
  -1.8576508e+01
  -1.5148283e+01
  -1.5976519e+01
  -1.1847839e+01
  -1.3434461e+01
  -1.7034161e+01
  -1.6869106e+01
  -2.3540295e+01
  -2.4296521e+01
  -1.4978376e+01
  -2.0150794e+01
  -1.6555899e+01
  -1.2230933e+01
  -1.9216128e+01
  -2.0777612e+01
  -1.3717630e+01
  -1.2325960e+01
  -1.5662683e+01
  -1.8409813e+01
  -2.7649137e+01
  -2.3707500e+01
  -3.6040176e+01
  -2.0628813e+01
  -2.9429814e+01
  -2.9496303e+01
  -2.3323729e+01
  -1.4917634e+01
  -1.6137708e+01
  -1.6163326e+01
  -1.9828520e+01
  -2.3140573e+01
  -2.1489649e+01
  -2.1288668e+01
  -2.4381095e+01
  -2.4088375e+01
  -2.2447059e+01
  -1.8323277e+01
  -2.1414638e+01
  -2.1565261e+01
  -1.6272965e+01
  -2.3184617e+01
  -2.7397551e+01
  -2.1043076e+01
  -2.4531188e+01
  -1.9766406e+01
  -1.7990902e+01
  -1.9631904e+01
  -1.3942964e+01
  -2.1436681e+01
  -2.0837723e+01
  -2.9722371e+01
  -1.7397502e+01
  -2.3469258e+01
  -2.0301227e+01
  -2.0049382e+01
  -2.3636845e+01
  -2.3497346e+01
  -1.9127609e+01
  -1.9957765e+01
  -2.0199455e+01
  -1.8308798e+01
  -2.4611712e+01
  -2.0271903e+01
  -1.8142999e+01
  -1.9013348e+01
  -1.8258762e+01
  -1.9045877e+01
  -1.7179424e+01
  -1.0654725e+01
  -1.4407678e+01
  -1.7019949e+01
  -1.6416738e+01
  -2.2550886e+01
  -1.9453919e+01
  -1.6669312e+01
  -2.4265246e+01
  -1.7271685e+01
  -1.4582102e+01
  -1.2677424e+01
  -1.4366354e+01
  -2.7892589e+01
  -2.2009826e+01
  -2.2365559e+01
  -1.9811529e+01
  -1.7038916e+01
  -2.1327120e+01
  -1.2844969e+01
  -1.1037087e+01
  -1.3504127e+01
  -1.3033576e+01
  -1.5802873e+01
  -1.6701395e+01
  -1.4536634e+01
  -1.9552424e+01
  -1.5500165e+01
  -1.1251808e+01
  -1.7056497e+01
  -2.0959336e+01
  -2.1221368e+01
  -5.6343307e+01
  -2.7749483e+01
  -2.1626178e+01
  -2.2675829e+01
  -1.8385542e+01
  -2.3642876e+01
  -1.8188397e+01
  -2.0578635e+01
  -2.4582118e+01
  -2.7575058e+01
  -2.0167969e+01
  -1.9828013e+01
  -2.7082723e+01
  -2.0503762e+01
  -3.5507216e+01
  -2.9129634e+01
  -2.1212555e+01
  -1.7266197e+01
  -3.4955126e+01
  -1.7622900e+01
  -1.7346323e+01
  -1.5601946e+01
  -2.0218170e+01
  -2.9678272e+01
  -1.5895089e+01
  -1.2726997e+01
  -1.9112392e+01
  -1.4621909e+01
  -1.4336497e+01
  -2.0063572e+01
  -1.9016549e+01
  -2.2790879e+01
  -2.4602446e+01
  -1.9173747e+01
  -2.1710061e+01
  -2.1682626e+01
  -1.6576869e+01
  -2.9876512e+01
  -2.3081561e+01
  -2.7644502e+01
  -3.1489600e+01
  -1.8894693e+01
  -1.6756280e+01
  -2.5084144e+01
  -1.8569624e+01
  -2.7449052e+01
  -2.2346999e+01
  -2.3549798e+01
  -3.3197705e+01
  -2.1245877e+01
  -1.3417779e+01
  -1.5863517e+01
  -2.3306254e+01
  -2.0359793e+01
  -3.2636842e+01
  -2.3253067e+01
  -1.6388558e+01
  -1.6676809e+01
  -2.5016286e+01
  -2.5942970e+01
  -3.2359219e+01
  -2.3898254e+01
  -2.0587898e+01
  -2.1838229e+01
  -1.5878208e+01
  -1.3203112e+01
  -2.2040020e+01
  -1.7284909e+01
  -1.9058188e+01
  -2.7819431e+01
  -3.1402887e+01
  -2.0737795e+01
  -2.7162313e+01
  -1.5164778e+01
  -1.1891939e+01
  -1.2506299e+01
  -1.5197807e+01
  -1.7053672e+01
  -1.5899699e+01
  -1.7229603e+01
  -2.4609035e+01
  -2.0375094e+01
  -1.7980756e+01
  -2.2235336e+01
  -1.9708024e+01
  -2.1176199e+01
  -1.8013850e+01
  -1.6809544e+01
  -1.9189210e+01
  -2.0710993e+01
  -1.7067095e+01
  -1.6537783e+01
  -1.3890194e+01
  -1.6132305e+01
  -2.2370388e+01
  -2.2417796e+01
  -2.3844410e+01
  -2.0304421e+01
  -1.8570809e+01
  -2.1061142e+01
  -1.7109944e+01
  -2.1135164e+01
  -2.0905596e+01
  -2.0883018e+01
  -5.0154122e+01
  -3.4020339e+01
  -2.9983119e+01
  -3.7128043e+01
  -2.3907005e+01
  -2.1663872e+01
  -2.1030078e+01
  -2.8842442e+01
  -1.8590331e+01
  -1.5263026e+01
  -2.1147915e+01
  -1.7862530e+01
  -1.7673960e+01
  -2.5397643e+01
  -2.1185191e+01
  -1.7443250e+01
  -2.2508742e+01
  -1.2212975e+01
  -1.2972818e+01
  -1.6598966e+01
  -1.4621563e+01
  -1.8755088e+01
  -2.0039942e+01
  -1.5668489e+01
  -1.6606023e+01
  -1.4839302e+01
  -1.7202269e+01
  -2.0394260e+01
  -1.5070756e+01
  -1.6925957e+01
  -1.8139970e+01
  -2.0165928e+01
  -2.3272465e+01
  -1.7820677e+01
  -1.5715056e+01
  -2.0375123e+01
  -2.5181390e+01
  -3.8620002e+01
  -2.5190491e+01
  -3.0277098e+01
  -2.8229766e+01
  -2.4413116e+01
  -1.8636425e+01
  -2.1492851e+01
  -1.9234737e+01
  -1.9805103e+01
  -2.3988996e+01
  -1.6724713e+01
  -1.4673024e+01
  -2.2545685e+01
  -2.1193678e+01
  -1.8091360e+01
  -2.0981051e+01
  -2.7023088e+01
  -2.0871241e+01
  -2.0199223e+01
  -3.3401143e+01
  -2.2665170e+01
  -2.3547018e+01
  -1.9164782e+01
  -3.3526371e+01
  -2.0386134e+01
  -2.3197352e+01
  -3.0667056e+01
  -3.1852499e+01
  -2.3478391e+01
  -3.2498729e+01
  -1.9928106e+01
  -2.3371178e+01
  -2.6585450e+01
  -2.3004583e+01
  -3.1376369e+01
  -2.8745819e+01
  -2.2089536e+01
  -2.9778342e+01
  -2.1711943e+01
  -2.2574547e+01
  -2.4037345e+01
  -2.1372389e+01
  -3.1215371e+01
  -2.2795285e+01
  -1.7884497e+01
  -1.6670403e+01
  -2.2961723e+01
  -1.9763279e+01
  -2.4781653e+01
  -3.4408752e+01
  -2.5918875e+01
  -2.3766415e+01
  -2.6948851e+01
  -1.9735089e+01
  -2.4341725e+01
  -2.0613048e+01
  -2.1053679e+01
  -2.3482282e+01
  -2.2846257e+01
  -1.9832464e+01
  -2.5960468e+01
  -2.3213873e+01
  -2.2350225e+01
  -2.8925507e+01
  -2.1969071e+01
  -4.0309098e+01
  -2.3093941e+01
  -3.4606296e+01
  -2.7284359e+01
  -3.2255963e+01
  -2.7886630e+01
  -2.0993364e+01
  -1.9852085e+01
  -2.0272513e+01
  -2.1344853e+01
  -3.0320669e+01
  -2.0366420e+01
  -3.0451326e+01
  -2.0152091e+01
  -1.9420948e+01
  -2.3153473e+01
  -3.1906912e+01
  -2.1330032e+01
  -2.1644379e+01
  -1.7051690e+01
  -1.6860851e+01
  -2.0425930e+01
  -1.7898403e+01
  -1.8224674e+01
  -2.5922751e+01
  -2.1324488e+01
  -1.7429715e+01
  -2.4768608e+01
  -2.2376750e+01
  -3.2640344e+01
  -2.4779606e+01
  -2.6323916e+01
  -3.0472340e+01
  -2.4406009e+01
  -2.1425493e+01
  -2.5464681e+01
  -3.4154770e+01
  -3.5277576e+01
  -2.9659229e+01
  -2.0938992e+01
  -1.9007938e+01
  -3.3362307e+01
  -2.2240818e+01
  -2.5228534e+01
  -1.8485508e+01
  -1.7687234e+01
  -3.0818522e+01
  -2.6172856e+01
  -2.8262861e+01
  -3.5162379e+01
  -2.7473034e+01
  -2.4997279e+01
  -1.6204843e+01
  -1.3633144e+01
  -1.5896145e+01
  -1.7482305e+01
  -2.0268663e+01
  -2.2414846e+01
  -2.0561300e+01
  -2.3816410e+01
  -1.8191006e+01
  -1.3745356e+01
  -1.6477296e+01
  -1.6374778e+01
  -1.4651144e+01
  -1.8178257e+01
  -2.0981188e+01
  -1.5827178e+01
  -1.6360241e+01
  -1.5452571e+01
  -1.6919835e+01
  -2.2439687e+01
  -1.8327412e+01
  -2.2248638e+01
  -2.3650896e+01
  -1.7188923e+01
  -1.7287948e+01
  -1.7942604e+01
  -1.7743119e+01
  -2.1547267e+01
  -1.7310340e+01
  -1.9489293e+01
  -3.1326183e+01
  -2.4289583e+01
  -2.3492626e+01
  -1.9860537e+01
  -1.5182770e+01
  -2.0638105e+01
  -1.9557091e+01
  -1.7785273e+01
  -3.0311384e+01
  -2.1623391e+01
  -2.1828831e+01
  -3.3617563e+01
  -2.1870769e+01
  -2.0396176e+01
  -2.2084731e+01
  -2.4183567e+01
  -3.6035659e+01
  -3.2589498e+01
  -2.9128818e+01
  -2.3812205e+01
  -2.6668105e+01
  -2.7631205e+01
  -2.2681269e+01
  -2.6109562e+01
  -2.6241814e+01
  -2.1216412e+01
  -3.3930346e+01
  -2.4856171e+01
  -3.7987153e+01
  -2.2562619e+01
  -2.6106291e+01
  -2.1210579e+01
  -2.3683928e+01
  -2.2893762e+01
  -2.0189019e+01
  -1.9681566e+01
  -2.1520233e+01
  -4.4127608e+01
  -2.6416528e+01
  -2.7217990e+01
  -2.4713030e+01
  -1.7158693e+01
  -1.6587671e+01
  -2.3342336e+01
  -2.2572229e+01
  -2.5112539e+01
  -3.6721796e+01
  -2.8591634e+01
  -2.5888324e+01
  -2.4219714e+01
  -2.4885190e+01
  -2.3592609e+01
  -2.0459802e+01
  -3.7498062e+01
  -2.1862312e+01
  -2.2463325e+01
  -2.7264106e+01
  -2.9930880e+01
  -1.9638359e+01
  -2.3120415e+01
  -2.8459131e+01
  -2.5450856e+01
  -2.9110090e+01
  -2.4331588e+01
  -2.7569769e+01
  -2.4772972e+01
  -1.8908596e+01
  -2.0920018e+01
  -4.2324590e+01
  -2.9193187e+01
  -2.2085060e+01
  -1.9109890e+01
  -2.9055216e+01
  -2.1380384e+01
  -2.5452909e+01
  -2.2453918e+01
  -2.6040258e+01
  -2.7106296e+01
  -3.3654763e+01
  -2.4088220e+01
  -2.3385012e+01
  -1.8340588e+01
  -1.6873146e+01
  -1.8305730e+01
  -1.7690586e+01
  -1.9063717e+01
  -2.0837076e+01
  -2.3611274e+01
  -3.1359265e+01
  -1.8022479e+01
  -1.8286141e+01
  -2.4375840e+01
  -1.7743508e+01
  -1.8607751e+01
  -2.8249719e+01
  -2.5317458e+01
  -2.2266376e+01
  -2.2902812e+01
  -1.8167485e+01
  -2.3900653e+01
  -2.0249091e+01
  -1.4790064e+01
  -1.5657481e+01
  -1.7645008e+01
  -1.4219748e+01
  -1.4691087e+01
  -1.4800190e+01
  -1.6223698e+01
  -1.8904618e+01
  -1.4484918e+01
  -1.5129613e+01
  -2.1521659e+01
  -1.6053209e+01
  -1.4968486e+01
  -1.9100951e+01
  -1.5063187e+01
  -1.5299094e+01
  -2.1082123e+01
  -1.9995125e+01
  -1.9112532e+01
  -2.6602246e+01
  -2.7255180e+01
  -2.1950172e+01
  -2.6338985e+01
  -3.7038009e+01
  -2.3152930e+01
  -1.8622131e+01
  -2.0178769e+01
  -1.8783265e+01
  -1.6419440e+01
  -2.2847378e+01
  -2.7806767e+01
  -3.3857979e+01
  -2.7251645e+01
  -2.4145863e+01
  -2.5678139e+01
  -2.4164858e+01
  -1.9513197e+01
  -2.1507173e+01
  -2.0338194e+01
  -2.6121071e+01
  -2.7135570e+01
  -2.6385822e+01
  -1.5771523e+01
  -1.5404011e+01
  -2.1925400e+01
  -1.6083312e+01
  -2.0409279e+01
  -2.8692505e+01
  -2.2996818e+01
  -2.5979924e+01
  -2.3168491e+01
  -1.8818020e+01
  -2.2836013e+01
  -1.5681649e+01
  -1.7570392e+01
  -3.7459782e+01
  -2.4898689e+01
  -3.0357191e+01
  -3.0089733e+01
  -2.1006255e+01
  -2.2821890e+01
  -2.0881540e+01
  -1.7341911e+01
  -2.2710655e+01
  -2.6515529e+01
  -2.3283667e+01
  -2.1431235e+01
  -2.6777781e+01
  -2.1973577e+01
  -2.3296285e+01
  -2.0147329e+01
  -2.0968820e+01
  -3.0952189e+01
  -3.5885784e+01
  -3.0084551e+01
  -2.4509834e+01
  -2.5805490e+01
  -3.0704709e+01
  -2.2499985e+01
  -2.8779099e+01
  -2.0639754e+01
  -2.3465707e+01
  -2.4122498e+01
  -2.6338249e+01
  -2.1791988e+01
  -2.6768684e+01
  -2.1856284e+01
  -1.8013224e+01
  -2.5046113e+01
  -3.0829166e+01
  -2.0579320e+01
  -2.0676012e+01
  -2.9521884e+01
  -1.8661229e+01
  -2.3955020e+01
  -2.3082605e+01
  -3.0502769e+01
  -2.4364776e+01
  -2.6463607e+01
  -2.5724390e+01
  -2.2379919e+01
  -2.3394100e+01
  -2.7448432e+01
  -2.0974229e+01
  -1.8477901e+01
  -2.1684049e+01
  -2.5431323e+01
  -2.0195355e+01
  -2.2972643e+01
  -2.5501983e+01
  -2.1493192e+01
  -3.6931186e+01
  -2.5745806e+01
  -2.2434125e+01
  -1.9011351e+01
  -2.0198444e+01
  -2.6614575e+01
  -2.3380884e+01
  -1.9937232e+01
  -2.5997193e+01
  -2.0787402e+01
  -2.0747103e+01
  -2.9850657e+01
  -2.2091326e+01
  -1.9497692e+01
  -2.4895630e+01
  -2.2307823e+01
  -2.1278350e+01
  -2.1273362e+01
  -2.1105506e+01
  -2.3344260e+01
  -2.4264184e+01
  -2.5979886e+01
  -2.2477240e+01
  -1.6887311e+01
  -1.8045427e+01
  -2.0994186e+01
  -2.2886781e+01
  -3.6866186e+01
  -2.6869328e+01
  -2.5433543e+01
  -2.7075665e+01
  -2.6488204e+01
  -2.2504509e+01
  -2.4214563e+01
  -1.4553116e+01
  -1.4876549e+01
  -1.9576079e+01
  -1.9936126e+01
  -2.0990753e+01
  -1.9642634e+01
  -1.7056606e+01
  -1.8262796e+01
  -1.6641565e+01
  -1.8722829e+01
  -2.5296773e+01
  -2.0398742e+01
  -2.2329931e+01
  -2.2385894e+01
  -1.9817469e+01
  -2.3192399e+01
  -2.2985109e+01
  -2.0835614e+01
  -3.1548689e+01
  -2.5195964e+01
  -2.4414719e+01
  -2.8284368e+01
  -2.1706019e+01
  -2.0443025e+01
  -2.9869263e+01
  -2.1796296e+01
  -2.7643791e+01
  -2.4746988e+01
  -2.5355468e+01
  -2.3527316e+01
  -2.0790159e+01
  -1.8338216e+01
  -2.2060035e+01
  -3.6109662e+01
  -3.5428049e+01
  -2.0992513e+01
  -2.2816668e+01
  -2.9371614e+01
  -2.2392768e+01
  -3.0225109e+01
  -2.6571933e+01
  -2.9854581e+01
  -2.5410018e+01
  -1.7877601e+01
  -1.8276396e+01
  -2.0995307e+01
  -1.5521982e+01
  -1.9970176e+01
  -2.5396917e+01
  -1.6788314e+01
  -1.5720477e+01
  -1.7499816e+01
  -1.6743418e+01
  -2.1444964e+01
  -2.0892733e+01
  -1.6655381e+01
  -2.0567844e+01
  -3.0753829e+01
  -2.7193635e+01
  -2.9657684e+01
  -2.6920176e+01
  -2.8493131e+01
  -2.3693153e+01
  -2.2932842e+01
  -2.9838920e+01
  -2.1416225e+01
  -1.9661833e+01
  -2.4232133e+01
  -2.4267422e+01
  -1.8333832e+01
  -2.3106610e+01
  -1.9796713e+01
  -2.6947439e+01
  -2.0892994e+01
  -2.3293193e+01
  -2.5057224e+01
  -1.9800959e+01
  -2.7228629e+01
  -2.8299856e+01
  -2.4865292e+01
  -2.2237053e+01
  -3.0262505e+01
  -3.2540147e+01
  -2.9943182e+01
  -3.5766062e+01
  -3.1502917e+01
  -2.7917764e+01
  -2.3799681e+01
  -2.1526663e+01
  -2.4956554e+01
  -3.5667209e+01
  -2.3697516e+01
  -1.8875810e+01
  -2.0216419e+01
  -2.4094821e+01
  -2.2512898e+01
  -2.2862992e+01
  -2.8892279e+01
  -3.0849390e+01
  -2.5187209e+01
  -2.2194553e+01
  -2.2066586e+01
  -1.8984404e+01
  -1.8902849e+01
  -1.7403146e+01
  -2.2057075e+01
  -2.6920093e+01
  -2.4478676e+01
  -3.2231981e+01
  -3.0038742e+01
  -2.3755398e+01
  -1.9376670e+01
  -2.6211135e+01
  -2.0949658e+01
  -2.0790801e+01
  -2.5655094e+01
  -2.2402493e+01
  -2.0729789e+01
  -2.0830631e+01
  -1.8813124e+01
  -2.1793747e+01
  -2.6574885e+01
  -2.2404399e+01
  -2.2819801e+01
  -1.9076612e+01
  -1.5426537e+01
  -1.7478188e+01
  -1.9341521e+01
  -1.8586409e+01
  -2.3820461e+01
  -2.9728567e+01
  -2.8774606e+01
  -2.5491427e+01
  -2.0647406e+01
  -2.2922009e+01
  -2.7760805e+01
  -2.1414445e+01
  -2.4896947e+01
  -2.7019948e+01
  -3.1442840e+01
  -2.7729521e+01
  -2.6796247e+01
  -2.4361554e+01
  -3.4856422e+01
  -2.4200444e+01
  -2.2735601e+01
  -2.9261709e+01
  -3.4680409e+01
  -3.3034102e+01
  -2.9561638e+01
  -3.1219192e+01
  -3.1597339e+01
  -3.5435793e+01
  -3.1402024e+01
  -2.2888016e+01
  -2.5034265e+01
  -3.1665624e+01
  -2.1741456e+01
  -2.1552352e+01
  -2.3761540e+01
  -2.1333203e+01
  -2.3882750e+01
  -3.8221929e+01
  -2.4809268e+01
  -2.8064794e+01
  -2.8575504e+01
  -2.5233089e+01
  -2.3221902e+01
  -2.4973945e+01
  -3.7599519e+01
  -2.6673744e+01
  -2.5047404e+01
  -2.5691363e+01
  -3.1218529e+01
  -2.9164780e+01
  -2.4695538e+01
  -3.6935395e+01
  -2.7058647e+01
  -2.7033494e+01
  -2.4289096e+01
  -2.7022295e+01
  -3.9191323e+01
  -2.3299966e+01
  -1.9356182e+01
  -2.4145776e+01
  -2.0813814e+01
  -1.9250399e+01
  -2.8033625e+01
  -2.8945741e+01
  -2.7275975e+01
  -2.5828765e+01
  -2.5833152e+01
  -2.6640506e+01
  -2.5593426e+01
  -2.1381134e+01
  -2.6244894e+01
  -3.1899079e+01
  -2.4785783e+01
  -2.3127630e+01
  -2.5906637e+01
  -2.2717199e+01
  -2.3747998e+01
  -3.0142594e+01
  -2.4901553e+01
  -2.6405801e+01
  -3.2608622e+01
  -2.2812492e+01
  -2.5696711e+01
  -2.2888972e+01
  -2.0557181e+01
  -2.1756156e+01
  -2.6060235e+01
  -3.6844548e+01
  -2.5991704e+01
  -2.4920465e+01
  -3.0128484e+01
  -2.6853307e+01
  -2.1441357e+01
  -2.6546293e+01
  -2.5747557e+01
  -2.7373970e+01
  -4.0757421e+01
  -2.8473736e+01
  -3.3156884e+01
  -2.6775288e+01
  -2.3019080e+01
  -3.0103495e+01
  -1.7898149e+01
  -1.8191513e+01
  -2.9259202e+01
  -2.7270379e+01
  -2.3978667e+01
  -2.8102512e+01
  -2.3596936e+01
  -2.1815519e+01
  -2.1158319e+01
  -1.7560688e+01
  -1.7326209e+01
  -1.6816222e+01
  -1.6882791e+01
  -1.7736989e+01
  -1.7912771e+01
  -1.9042228e+01
  -1.9216538e+01
  -1.9076673e+01
  -2.3663071e+01
  -4.3261746e+01
  -2.4039842e+01
  -2.2584500e+01
  -2.1812126e+01
  -1.8835106e+01
  -2.1633351e+01
  -2.6337086e+01
  -4.1270707e+01
  -2.7353664e+01
  -2.8378672e+01
  -2.5904481e+01
  -2.8920797e+01
  -3.1305760e+01
  -2.6457446e+01
  -2.4788558e+01
  -2.5675397e+01
  -2.5152214e+01
  -2.5835955e+01
  -2.9620367e+01
  -2.4206799e+01
  -2.1517657e+01
  -1.8479572e+01
  -2.0897668e+01
  -2.3926128e+01
  -2.3008459e+01
  -2.3278598e+01
  -2.0908937e+01
  -2.0747830e+01
  -3.7606163e+01
  -2.4828269e+01
  -2.6662949e+01
  -2.4223198e+01
  -2.9004303e+01
  -2.7630359e+01
  -2.2730696e+01
  -2.2058948e+01
  -2.9792972e+01
  -2.3555867e+01
  -2.2897905e+01
  -3.1779378e+01
  -3.5612126e+01
  -2.4697631e+01
  -2.2678026e+01
  -3.3504173e+01
  -2.3819043e+01
  -2.9434161e+01
  -1.9031084e+01
  -2.1783842e+01
  -2.5403801e+01
  -2.7831964e+01
  -3.2138349e+01
  -3.2307179e+01
  -2.3701710e+01
  -2.0151201e+01
  -2.0752617e+01
  -1.9648561e+01
  -1.8136360e+01
  -1.6812997e+01
  -1.9214514e+01
  -2.9612621e+01
  -2.6681174e+01
  -1.9564346e+01
  -1.6792371e+01
  -1.6977095e+01
  -1.7677313e+01
  -1.4591842e+01
  -1.3524761e+01
  -1.3286340e+01
  -1.2670873e+01
  -1.3352943e+01
  -1.3522965e+01
  -1.1898480e+01
  -1.1641067e+01
  -1.2547029e+01
  -1.3511782e+01
  -1.2824514e+01
  -1.0972068e+01
  -1.0671045e+01
  -1.1414520e+01
  -1.2317985e+01
  -1.3790042e+01
  -1.3675703e+01
  -1.4562011e+01
  -1.6937039e+01
  -1.5832240e+01
  -1.5297481e+01
  -1.5034192e+01
  -1.3460589e+01
  -1.6723864e+01
  -2.2712213e+01
  -1.6724416e+01
  -1.7326038e+01
  -2.2106821e+01
  -2.1310899e+01
  -1.9894256e+01
  -1.9057002e+01
  -1.7391516e+01
  -2.4899097e+01
  -2.5769010e+01
  -2.2198723e+01
  -2.1438962e+01
  -3.1424540e+01
  -2.2426071e+01
  -2.2616257e+01
  -2.6868225e+01
  -2.1632699e+01
  -2.6342134e+01
  -2.8812908e+01
  -2.3065179e+01
  -2.7645713e+01
  -2.1983651e+01
  -1.9783379e+01
  -2.6183574e+01
  -2.5269478e+01
  -2.6382975e+01
  -2.9930167e+01
  -2.4086017e+01
  -2.2525968e+01
  -4.0551068e+01
  -2.1247635e+01
  -2.1181069e+01
  -2.4020141e+01
  -2.4185564e+01
  -3.0451834e+01
  -3.3700756e+01
  -2.3740483e+01
  -2.1416619e+01
  -2.0382955e+01
  -2.2118708e+01
  -2.5956875e+01
  -2.5231941e+01
  -2.3962738e+01
  -2.8967151e+01
  -3.2281030e+01
  -2.5234828e+01
  -2.5907758e+01
  -2.4540646e+01
  -2.4371593e+01
  -3.2475946e+01
  -2.8930192e+01
  -2.8209646e+01
  -2.5318800e+01
  -2.4265240e+01
  -3.0555811e+01
  -2.7311672e+01
  -3.1150034e+01
  -2.2852135e+01
  -2.7657216e+01
  -3.5463673e+01
  -3.9706508e+01
  -2.7326023e+01
  -2.6430859e+01
  -3.6580360e+01
  -3.4092654e+01
  -2.2774005e+01
  -1.9965401e+01
  -2.3924695e+01
  -2.4421753e+01
  -1.8486743e+01
  -2.1522282e+01
  -3.2755956e+01
  -2.4341944e+01
  -2.5768770e+01
  -2.5005252e+01
  -2.0549816e+01
  -2.1947761e+01
  -1.8406719e+01
  -1.3812585e+01
  -1.4136311e+01
  -1.4700344e+01
  -1.5150370e+01
  -1.5988760e+01
  -1.3491375e+01
  -1.3345610e+01
  -1.4830354e+01
  -1.2689500e+01
  -1.2748953e+01
  -1.3246429e+01
  -1.2509172e+01
  -1.4764640e+01
  -1.5373953e+01
  -1.2102496e+01
  -1.3079840e+01
  -1.4036238e+01
  -1.3603464e+01
  -1.5364462e+01
  -1.3429043e+01
  -1.3051475e+01
  -1.5387701e+01
  -1.5590297e+01
  -1.7277320e+01
  -1.9558269e+01
  -1.6006949e+01
  -2.0608551e+01
  -2.9173133e+01
  -2.1267034e+01
  -2.4686749e+01
  -2.1869848e+01
  -1.9462098e+01
  -2.1671201e+01
  -2.1868339e+01
  -2.3856386e+01
  -3.0890293e+01
  -2.6454395e+01
  -2.8777577e+01
  -2.9497030e+01
  -2.8027902e+01
  -2.9699612e+01
  -3.5463503e+01
  -2.7893910e+01
  -2.1572826e+01
  -2.3874871e+01
  -3.3048649e+01
  -2.1729802e+01
  -2.3141321e+01
  -2.7975873e+01
  -2.8357296e+01
  -2.6187594e+01
  -2.4455063e+01
  -2.8892737e+01
  -2.4177704e+01
  -2.1885532e+01
  -2.9298384e+01
  -2.4962739e+01
  -2.4887249e+01
  -2.6906233e+01
  -3.8126263e+01
  -2.2648531e+01
  -2.4846213e+01
  -3.8729105e+01
  -3.2378757e+01
  -3.8018708e+01
  -3.2059557e+01
  -3.6873431e+01
  -2.7512927e+01
  -2.0242627e+01
  -2.0170727e+01
  -2.1164094e+01
  -2.1304653e+01
  -2.8829986e+01
  -2.9636679e+01
  -3.0015069e+01
  -2.6371376e+01
  -3.0734100e+01
  -2.3385863e+01
  -3.7899116e+01
  -2.1712993e+01
  -2.0207841e+01
  -2.4784106e+01
  -2.4833177e+01
  -2.7716593e+01
  -3.1437071e+01
  -2.0692974e+01
  -1.9737116e+01
  -2.3845956e+01
  -2.1292451e+01
  -1.8322880e+01
  -2.2076657e+01
  -2.7191313e+01
  -2.1059670e+01
  -1.8528936e+01
  -1.9679972e+01
  -1.9264879e+01
  -1.4884463e+01
  -1.5929015e+01
  -1.9832609e+01
  -2.7978431e+01
  -3.0815883e+01
  -2.6478265e+01
  -3.1386728e+01
  -3.3959403e+01
  -3.3499937e+01
  -3.8005770e+01
  -3.2239668e+01
  -3.3046116e+01
  -2.3403822e+01
  -2.4568048e+01
  -2.2748719e+01
  -2.5971497e+01
  -2.7806817e+01
  -2.1302449e+01
  -2.3595791e+01
  -2.2429735e+01
  -2.4745342e+01
  -3.2260789e+01
  -3.8349452e+01
  -2.6862928e+01
  -2.4767302e+01
  -3.0031078e+01
  -3.2972321e+01
  -2.7382280e+01
  -3.1776954e+01
  -2.7039894e+01
  -2.9878579e+01
  -2.2487820e+01
  -2.7490768e+01
  -2.3781424e+01
  -1.8313635e+01
  -2.3986573e+01
  -2.7322464e+01
  -2.1165112e+01
  -2.6195852e+01
  -2.8127949e+01
  -2.0420304e+01
  -1.9794339e+01
  -3.0197342e+01
  -2.1350628e+01
  -2.3212674e+01
  -2.5694686e+01
  -2.0827243e+01
  -2.3231756e+01
  -2.7282882e+01
  -2.7585036e+01
  -1.9373331e+01
  -2.4374972e+01
  -2.7253219e+01
  -2.1533079e+01
  -2.5119715e+01
  -2.7789978e+01
  -2.6075966e+01
  -2.6754983e+01
  -2.4754794e+01
  -2.1190844e+01
  -2.1133308e+01
  -1.8801219e+01
  -1.7427132e+01
  -2.1147417e+01
  -3.3220200e+01
  -3.2506452e+01
  -2.7814053e+01
  -2.2375110e+01
  -1.9439157e+01
  -2.3639498e+01
  -2.5123664e+01
  -2.2779175e+01
  -3.2848773e+01
  -2.0786654e+01
  -1.7338747e+01
  -2.3740503e+01
  -2.2478803e+01
  -1.8359863e+01
  -2.7855508e+01
  -2.3207315e+01
  -2.2815865e+01
  -2.7086164e+01
  -2.3944324e+01
  -2.6132747e+01
  -2.4049035e+01
  -1.9477876e+01
  -2.7329452e+01
  -2.3512305e+01
  -2.3254906e+01
  -2.6603787e+01
  -2.3697929e+01
  -2.9270865e+01
  -2.7281526e+01
  -3.1250695e+01
  -2.9146072e+01
  -3.0909337e+01
  -3.2236998e+01
  -2.4145912e+01
  -2.4709359e+01
  -4.3209146e+01
  -2.5704491e+01
  -2.7479120e+01
  -2.9799994e+01
  -2.5150749e+01
  -2.8935942e+01
  -2.8157478e+01
  -2.5816765e+01
  -3.1282721e+01
  -2.1272217e+01
  -2.6168046e+01
  -3.1005633e+01
  -2.4752001e+01
  -2.3836754e+01
  -3.2866425e+01
  -2.7069402e+01
  -3.1843507e+01
  -2.9295446e+01
  -3.1615770e+01
  -2.9752974e+01
  -3.4408520e+01
  -2.3324430e+01
  -2.0711572e+01
  -2.1662555e+01
  -1.8318548e+01
  -2.3127548e+01
  -2.2268796e+01
  -2.3212761e+01
  -3.6402867e+01
  -3.6470592e+01
  -3.2830385e+01
  -3.0691371e+01
  -2.0274458e+01
  -2.0802168e+01
  -2.6833306e+01
  -2.4334160e+01
  -2.8223709e+01
  -2.5346847e+01
  -2.0230733e+01
  -2.2015573e+01
  -1.8781289e+01
  -1.8222295e+01
  -2.4645700e+01
  -1.8477618e+01
  -1.8042788e+01
  -2.1407411e+01
  -1.7823851e+01
  -2.0439925e+01
  -1.8523399e+01
  -1.4328234e+01
  -1.7994393e+01
  -2.0255104e+01
  -1.6992824e+01
  -1.9057575e+01
  -2.0087257e+01
  -1.8800602e+01
  -1.9920402e+01
  -2.0476177e+01
  -2.3241786e+01
  -2.7038086e+01
  -3.2968333e+01
  -3.5279717e+01
  -2.7048753e+01
  -2.3244459e+01
  -2.4115254e+01
  -2.1938479e+01
  -2.3259325e+01
  -1.8658347e+01
  -1.8525558e+01
  -2.8330643e+01
  -3.1785024e+01
  -3.3182799e+01
  -3.3123044e+01
  -2.7052425e+01
  -2.4806369e+01
  -3.0777672e+01
  -1.9828898e+01
  -2.1471492e+01
  -2.9468882e+01
  -3.2705558e+01
  -2.6251391e+01
  -3.0281156e+01
  -2.0616284e+01
  -2.4059623e+01
  -2.1533007e+01
  -1.8130140e+01
  -2.2475548e+01
  -3.2952903e+01
  -5.6301592e+01
  -2.6716456e+01
  -1.8870711e+01
  -1.9845764e+01
  -2.8863649e+01
  -2.1971725e+01
  -2.5575068e+01
  -2.4901516e+01
  -3.0235854e+01
  -2.8146221e+01
  -2.9243472e+01
  -4.6758350e+01
  -2.4740125e+01
  -2.0639130e+01
  -2.5113676e+01
  -2.6968844e+01
  -2.6632421e+01
  -3.3750475e+01
  -3.1136661e+01
  -3.0315613e+01
  -3.3520058e+01
  -2.0972527e+01
  -2.2297331e+01
  -2.6208342e+01
  -2.1455405e+01
  -2.5742164e+01
  -3.9977478e+01
  -2.4183960e+01
  -2.5872415e+01
  -3.0708303e+01
  -2.2715400e+01
  -2.8501151e+01
  -3.0913843e+01
  -3.7972718e+01
  -2.5538902e+01
  -3.5786444e+01
  -2.8600142e+01
  -3.7767334e+01
  -2.7246955e+01
  -3.3416836e+01
  -2.2793849e+01
  -2.0023910e+01
  -2.5328723e+01
  -2.3745481e+01
  -2.6336113e+01
  -4.5686139e+01
  -2.5372088e+01
  -2.1384013e+01
  -2.0148643e+01
  -2.1394211e+01
  -2.5229030e+01
  -2.0571047e+01
  -1.9304216e+01
  -2.1664452e+01
  -1.7582973e+01
  -1.8269654e+01
  -2.4020423e+01
  -1.7889051e+01
  -1.8127808e+01
  -2.0993284e+01
  -2.1896278e+01
  -2.3744489e+01
  -1.9459351e+01
  -1.7412514e+01
  -2.4765272e+01
  -2.0156049e+01
  -1.7367120e+01
  -2.1437014e+01
  -2.1500319e+01
  -2.1971706e+01
  -2.4770412e+01
  -2.0941030e+01
  -2.5493158e+01
  -2.6718225e+01
  -2.2210339e+01
  -2.9950408e+01
  -2.6130383e+01
  -2.6405943e+01
  -3.6277860e+01
  -2.5028771e+01
  -2.8201010e+01
  -2.4844762e+01
  -2.0209242e+01
  -2.5287267e+01
  -2.2677623e+01
  -2.4218950e+01
  -2.7702443e+01
  -2.2273588e+01
  -2.4340756e+01
  -3.5491859e+01
  -2.2753746e+01
  -2.6838550e+01
  -3.4228637e+01
  -3.4230290e+01
  -2.7958113e+01
  -2.5007809e+01
  -2.3891072e+01
  -2.5677241e+01
  -3.0814930e+01
  -2.2446954e+01
  -3.1892685e+01
  -2.8014882e+01
  -2.8896691e+01
  -3.0895688e+01
  -2.8911990e+01
  -2.6164152e+01
  -3.1937404e+01
  -3.0716945e+01
  -2.5201771e+01
  -2.5087219e+01
  -2.6744045e+01
  -3.2773511e+01
  -3.7399379e+01
  -3.2800684e+01
  -2.7653030e+01
  -2.6388991e+01
  -3.9851957e+01
  -2.3645964e+01
  -2.3368100e+01
  -3.5457501e+01
  -2.5299275e+01
  -2.3847738e+01
  -2.5738097e+01
  -2.4193331e+01
  -2.5245053e+01
  -3.7001724e+01
  -2.3559520e+01
  -2.4758554e+01
  -3.9150570e+01
  -2.8715107e+01
  -2.7115724e+01
  -3.2671476e+01
  -3.1563431e+01
  -2.9097778e+01
  -3.7618645e+01
  -3.0749227e+01
  -3.1434487e+01
  -2.7756920e+01
  -2.2211507e+01
  -2.6244593e+01
  -2.4809861e+01
  -3.2103619e+01
  -2.7438174e+01
  -2.7958465e+01
  -3.2020521e+01
  -2.9886574e+01
  -2.5549768e+01
  -2.3264793e+01
  -3.6150813e+01
  -2.0827765e+01
  -2.2404551e+01
  -3.4204033e+01
  -3.9428347e+01
  -3.8517621e+01
  -4.0663217e+01
  -3.0240049e+01
  -3.9531888e+01
  -2.3150320e+01
  -2.0043241e+01
  -2.4650638e+01
  -3.4627729e+01
  -2.3728168e+01
  -2.2608100e+01
  -2.6440787e+01
  -2.4925026e+01
  -2.2570189e+01
  -2.7447443e+01
  -3.1289396e+01
  -3.2107009e+01
  -3.4859476e+01
  -3.7433642e+01
  -2.4069248e+01
  -2.3459697e+01
  -2.6251157e+01
  -2.2413280e+01
  -2.3259325e+01
