   7.1299437e+01
   4.9143703e+01
   7.1234405e+00
   1.2642654e+01
   1.2228171e+00
   1.4157814e+01
   1.0851856e+01
   8.9073075e+00
   1.2550214e+01
   5.9630964e+00
   7.9248592e+00
   1.0800495e+01
   4.1870172e+00
   1.4627241e+01
   1.6117433e+01
   8.4055026e+00
   2.2799663e+01
   2.1964402e+01
   1.2222493e+01
   1.6042934e+01
   1.9202123e+01
   3.2755528e+01
   4.3844892e+01
   4.4359779e+01
   4.3653272e+01
   5.0170535e+01
   6.9993686e+01
   8.5392518e+01
   8.9425105e+01
   9.7165398e+01
   1.0419865e+02
   1.2200184e+02
   1.4916137e+02
   1.3991967e+02
   1.2569925e+02
   1.8378797e+02
   2.3278382e+02
   2.3568706e+02
   2.2627857e+02
   2.2874719e+02
   2.5268710e+02
   2.8050160e+02
   2.8028148e+02
   2.6875633e+02
   2.6948770e+02
   2.7444735e+02
   2.8557493e+02
   2.8947913e+02
   2.8258018e+02
   2.9415948e+02
   3.0873664e+02
   3.0413792e+02
   2.9791729e+02
   2.8787126e+02
   2.6539372e+02
   2.4446132e+02
   2.2800575e+02
   2.1809005e+02
   2.1641471e+02
   2.1391548e+02
   2.0883346e+02
   1.8799643e+02
   1.4900505e+02
   1.3039408e+02
   1.3527695e+02
   1.2862746e+02
   1.0323664e+02
   5.7474615e+01
   3.5369457e+01
   7.3903863e+01
   8.6362757e+01
   8.2360840e+01
   8.1795431e+01
   7.3268931e+01
   6.0560052e+01
   5.4488170e+01
   4.6334287e+01
   3.7499108e+01
   3.0585308e+01
   2.2042939e+01
   1.8119946e+01
   1.5414717e+01
   1.1947353e+01
   1.1214427e+01
   8.1966792e+00
   7.1153234e+00
   7.2716054e+00
   3.6333092e+00
   3.4658669e+00
   2.9202127e+00
   5.6038103e-01
   1.3187849e+00
   9.9552915e-01
   2.3497167e+00
   1.6759479e+00
   8.5543950e-01
   1.5202868e+00
   7.6315130e-01
   8.7059741e-01
   1.1274871e+00
   1.0991537e+00
   1.4585718e+00
   1.4255148e+00
   1.6410057e+00
   3.7286035e-01
   1.4465158e+00
   1.3209244e+00
   2.2255027e+00
   2.8301866e+00
   2.1480306e+00
   2.5429061e+00
   2.2888346e+00
   1.5233523e+00
   2.7388446e+00
   2.3714195e+00
   3.1973599e+00
   3.9550279e+00
   4.2040489e+00
   5.3528614e+00
   5.2150283e+00
   5.7282205e+00
   6.5505906e+00
   7.0114027e+00
   9.7054585e+00
   1.2096673e+01
   1.5164017e+01
   1.8927617e+01
   2.1128913e+01
   2.4676588e+01
   2.9579909e+01
   3.4278473e+01
   4.0256669e+01
   4.5358900e+01
   4.8865859e+01
   5.3150745e+01
   5.5496935e+01
   5.2915594e+01
   4.5581810e+01
   3.2928122e+01
   1.8038757e+01
   1.2484647e+01
   1.4768838e+01
   1.6860251e+01
   1.8888630e+01
   1.8363128e+01
   1.7246896e+01
   1.6280344e+01
   1.3714322e+01
   1.1968719e+01
   1.1002990e+01
   8.9867535e+00
   7.7517985e+00
   6.6757230e+00
   5.6294694e+00
   5.2955542e+00
   4.2310703e+00
   3.7553147e+00
   3.8315006e+00
   3.0949121e+00
   2.6846213e+00
   2.1483704e+00
   1.7571544e+00
   1.7640638e+00
   1.0352802e+00
   1.0621497e+00
   1.1064300e+00
   8.8160082e-01
   1.0735523e+00
   8.1539053e-01
   9.1652015e-01
   9.8107522e-01
   6.2009750e-01
   1.0336444e+00
   7.7868029e-01
   6.0183426e-01
   7.8722195e-01
   5.1510593e-01
   3.5213043e-01
   6.2508400e-01
   5.2715070e-01
   6.8819334e-01
   5.8137677e-01
   5.1276147e-01
   5.9516079e-01
   3.8692197e-01
   3.3165288e-01
   4.2824759e-01
   2.1776742e-01
   4.2757242e-01
   4.9618348e-01
   6.0486302e-01
   8.4648022e-01
   6.8024039e-01
   7.8932596e-01
   9.9476105e-01
   9.3595881e-01
   1.1919827e+00
   1.3998558e+00
   1.5051396e+00
   1.9517382e+00
   2.4446245e+00
   2.9283345e+00
   2.7154412e+00
   1.8814069e+00
   2.4615782e+00
   3.1197813e+00
   2.6033441e+00
   2.0479186e+00
   1.6841598e+00
   1.9344861e+00
   2.7097302e+00
   2.9191397e+00
   3.3202356e+00
   3.6387415e+00
   3.3374318e+00
   3.3844709e+00
   3.2819770e+00
   2.7116661e+00
   2.6500623e+00
   2.3044334e+00
   1.9924111e+00
   2.2327186e+00
   2.0254428e+00
   2.2943800e+00
   2.7628972e+00
   2.7346286e+00
   2.9683264e+00
   2.8640422e+00
   2.3649843e+00
   2.1701930e+00
   1.7391495e+00
   1.1863897e+00
   1.1838701e+00
   8.5580833e-01
   6.7745166e-01
   6.4938769e-01
   3.2306477e-01
   4.2317420e-01
   2.5930488e-01
   3.6178817e-01
   3.5037864e-01
   3.2684555e-01
   7.0555332e-01
   5.6213755e-01
   4.4023012e-01
   7.4706636e-01
   5.9623038e-01
   7.1568626e-01
   6.1320967e-01
   4.2153658e-01
   5.5352574e-01
   4.7825251e-01
   4.4875541e-01
   5.4407815e-01
   3.2597591e-01
   5.0128883e-01
   4.0575749e-01
   3.2244084e-01
   4.8761051e-01
   2.8417387e-01
   2.1091343e-01
   4.4180840e-01
   3.2887083e-01
   3.5862993e-01
   3.7238843e-01
   1.4799683e-01
   2.7069775e-01
   8.6543259e-02
   2.4663325e-01
   3.4387868e-01
   3.7262954e-01
   2.8650477e-01
   4.2908103e-01
   2.7190305e-01
   1.1515087e-01
   2.4186803e-01
   2.6297682e-01
   2.0268124e-01
   3.7113931e-01
   1.9693655e-01
   2.6248236e-01
   2.9232938e-01
   5.9934441e-02
   1.0810182e-01
   2.8537994e-01
   2.0922307e-01
   3.8355439e-01
   5.0008404e-01
   2.7571149e-01
   3.1800917e-01
   3.3356865e-01
   2.4562183e-01
   2.5194813e-01
   3.6810380e-01
   1.5025058e-01
   3.2627121e-01
   3.0541368e-01
   1.2819926e-01
   2.0333385e-01
   1.7731064e-01
   1.9210208e-01
   4.2859887e-01
   3.6767421e-01
   3.3110957e-01
   3.1490722e-01
   1.9552849e-01
   3.3144972e-01
   3.7265319e-01
   2.3787339e-01
   1.4102861e-01
   9.8318471e-02
   3.7153908e-01
   3.6750723e-01
   3.0060661e-01
   5.0566771e-01
   4.5482495e-01
   5.6097214e-01
   8.1955466e-01
   8.1436389e-01
   8.0182904e-01
   8.7597792e-01
   6.1256209e-01
   3.9157771e-01
   2.9453091e-01
   9.4441637e-02
   9.6826593e-02
   6.3479220e-02
   1.6444563e-01
   3.0370151e-01
   1.5266921e-01
   3.3969392e-01
   2.4780429e-01
   2.6162020e-01
   4.3343199e-01
   2.1008716e-01
   2.4437436e-01
   3.7403465e-01
   3.2170681e-01
   5.2021812e-01
   5.5549947e-01
   3.7640199e-01
   4.1101073e-01
   2.3217549e-01
   9.0537703e-02
   1.6072116e-01
   1.0332330e-01
   1.3411452e-01
   2.4565145e-01
   1.0830644e-01
   3.2921392e-01
   2.9784481e-01
   2.5516276e-01
   2.5800006e-01
   9.1029225e-02
   1.4454717e-01
   2.6086927e-01
   1.3791537e-01
   1.8937663e-01
   2.5216267e-01
   2.1380532e-01
   3.2443951e-01
   3.0682404e-01
   1.7344338e-01
   1.4800196e-01
   2.3022674e-01
   8.0868256e-02
   1.6854553e-01
   9.0347938e-02
   6.7887364e-02
   4.8563470e-02
   1.6055500e-01
   8.3668017e-02
   4.5367436e-02
   4.2966193e-02
   9.4302237e-02
   7.3688840e-03
   1.3886177e-01
   1.0678956e-01
   1.0476649e-01
   3.6800546e-02
   2.5814521e-01
   2.4433541e-01
   9.6025609e-02
   1.7928399e-01
   1.9714371e-01
   1.7116900e-01
   2.4670334e-01
   2.5606413e-01
   1.1100301e-01
   2.4032331e-01
   1.9809915e-01
   9.2639494e-02
   1.7374883e-01
   1.7373385e-01
   2.8722840e-01
   4.4113340e-01
   3.1471246e-01
   3.1364743e-01
   2.9719073e-01
   1.8194618e-01
   3.0783961e-01
   2.8551569e-01
   2.1285051e-01
   4.1474919e-01
   3.6414388e-01
   4.3724974e-01
   5.1904226e-01
   3.9057794e-01
   5.6915679e-01
   7.1920563e-01
   5.3230136e-01
   5.3169651e-01
   5.9691143e-01
   3.0873812e-01
   2.4508933e-01
   2.0066503e-01
   7.1880383e-02
   1.7399743e-01
   1.6548765e-01
   3.9493298e-02
   1.5022736e-01
   5.7308368e-02
   1.5626723e-01
   6.8532050e-02
   1.3599063e-01
   1.2904240e-01
   6.0838487e-02
   8.5385974e-02
   2.2395151e-01
   1.4611772e-01
   9.0287774e-02
   1.2532270e-01
   9.4082547e-02
   1.8641804e-01
   1.0103699e-01
   4.3872703e-02
   1.5283283e-01
   2.0627256e-01
   5.6639269e-02
   1.5033167e-01
   1.3145811e-01
   9.0930624e-02
   9.3858937e-02
   2.0815654e-01
   1.4997378e-01
   2.3568755e-01
   2.4674567e-01
   1.5931216e-01
   1.5269822e-01
   1.0421368e-01
   1.2199930e-01
   2.9159923e-01
   2.3357316e-01
   2.0723406e-01
   2.4737025e-01
   1.3620110e-01
   2.0687065e-01
   2.8812075e-01
   2.2393690e-01
   2.9810646e-01
   2.9534537e-01
   1.1416641e-01
   1.5449690e-01
   6.3626447e-02
   9.2491920e-02
   1.3660114e-01
   9.2095273e-02
   1.0117944e-01
   1.6819557e-01
   4.0570027e-02
   2.4392913e-01
   1.5223299e-01
   9.3816106e-02
   1.3402542e-01
   1.1958963e-01
   1.3547943e-01
   7.9041644e-02
   1.2251242e-01
   2.5138317e-01
   1.5928690e-01
   2.1935888e-01
   3.1145004e-01
   1.3405269e-01
   1.2130195e-01
   2.1344620e-01
   1.2357978e-01
   1.3689279e-01
   2.4019453e-01
   1.2884487e-01
   1.3499208e-01
   7.2420798e-02
   1.8634347e-01
   1.5734875e-01
   1.1531361e-02
   1.1780795e-01
   1.7481789e-01
   1.5891835e-01
   2.5562778e-01
   2.1294967e-01
   1.4069930e-01
   1.4339853e-01
   6.6525060e-02
   6.0978108e-02
   1.7827120e-01
   9.8278899e-02
   1.4866374e-01
   2.4459825e-01
   1.0944441e-01
   9.1436459e-02
   2.0611921e-01
   2.4193684e-01
   1.6476534e-01
   1.2009070e-01
   4.1451777e-02
   6.5256688e-02
   1.5775793e-02
   9.3016358e-02
   3.3768309e-02
   3.3510803e-02
   6.8204585e-02
   1.7952226e-01
   1.5599641e-01
   1.5553699e-01
   1.0199385e-01
   6.9658054e-02
   8.4239845e-02
   8.6211782e-02
   6.0387247e-02
   6.2457015e-02
   7.5447878e-02
   1.2129311e-01
   8.4970490e-02
   8.3509708e-02
   1.5358605e-01
   6.9305732e-02
   4.2669983e-02
   8.8684192e-02
   5.9352715e-02
   1.0272584e-01
   1.2602448e-01
   1.0432894e-01
   2.0084073e-01
   8.4755121e-02
   9.0805852e-02
   3.2649870e-02
   1.3493509e-01
   6.7071361e-02
   9.6591441e-02
   9.9433081e-02
   6.5789676e-02
   6.6854815e-02
   1.1056548e-01
   1.0048744e-01
   9.7729857e-02
   1.2149548e-01
   5.8805018e-02
   9.6918091e-02
   1.2383689e-01
   1.1202955e-01
   1.2219738e-01
   1.1161078e-01
   1.3836582e-01
   2.9326737e-01
   1.9037772e-01
   1.4092971e-01
   1.5106473e-01
   7.4551386e-02
   1.0648883e-01
   1.4673522e-01
   6.1198065e-02
   1.3690388e-01
   1.8659280e-01
   2.3234257e-01
   1.9128562e-01
   4.0306078e-02
   7.9343017e-02
   7.6159140e-02
   1.0219356e-01
   1.4062229e-01
   8.5830962e-02
   2.2790379e-01
   2.8063746e-01
   2.1124851e-01
   2.2300839e-01
   1.6212738e-01
   1.4619423e-01
   1.8757212e-01
   1.0528798e-01
   1.6787722e-01
   2.7378496e-01
   1.4033796e-01
   8.9543320e-02
   8.6882357e-02
   1.5234727e-03
   4.0975649e-02
   8.2926072e-02
   7.3486670e-02
   1.2042673e-01
   6.5744008e-02
   1.2319132e-01
   9.3555273e-02
   5.9005718e-02
   4.1806817e-02
   9.8084760e-02
   1.0199981e-01
   4.4244965e-02
   9.4365206e-02
   1.6774098e-02
   3.4955725e-02
   8.6970553e-02
   1.3699040e-01
   1.7874904e-02
   1.3147858e-01
   1.3573250e-01
   1.6592152e-01
   9.7519511e-02
   3.2816059e-02
   1.6041520e-01
   2.3102029e-01
   1.1075935e-01
   1.8573963e-01
   1.9194427e-01
   9.9270769e-02
   1.1198827e-01
   7.2519712e-02
   5.8867785e-02
   1.0997973e-01
   8.2129077e-02
   8.2388898e-02
   1.4830526e-01
   3.2075573e-02
   7.0132925e-02
   4.1473903e-02
   2.6639128e-02
   1.1357044e-01
   1.4527336e-01
   5.5691999e-02
   1.1790136e-01
   4.2417728e-02
   7.6322052e-02
   6.6452310e-02
   2.1883398e-02
   8.6637551e-02
   2.1335903e-01
   1.6099937e-01
   6.8341936e-02
   9.5942353e-02
   2.3343065e-02
   6.8761704e-02
   1.5155564e-01
   1.4660863e-01
   5.6128791e-02
   5.0448877e-02
   2.4101221e-02
   6.3839180e-02
   9.3455549e-02
   8.0926088e-02
   1.6072728e-01
   2.1869778e-01
   7.9067681e-02
   1.3669560e-01
   1.1145270e-01
   4.0646995e-02
   2.6906403e-02
   9.1856573e-02
   4.3841394e-02
   1.7448621e-01
   2.5433319e-01
   2.3696545e-01
   1.7382397e-01
   1.4038361e-01
   1.6033010e-01
   1.3756877e-01
   5.8823149e-02
   9.5773488e-02
   1.2617177e-01
   7.7309556e-02
   1.0341863e-01
   8.7335345e-02
   1.2569195e-01
   1.4438524e-01
   1.0978411e-01
   9.2140451e-02
   1.4016683e-01
   1.4897413e-01
   2.0206462e-01
   1.5609348e-01
   7.6116816e-02
   7.5702495e-02
   6.4236151e-02
   9.6555925e-02
   1.1788528e-01
   8.8499927e-02
   1.3947706e-01
   8.7748920e-02
   9.0099045e-02
   9.0333553e-02
   3.1066611e-03
   1.9905956e-02
   3.1684294e-02
   1.3918673e-02
   6.3774893e-02
   8.2566983e-02
   8.8816999e-02
   3.6130825e-02
   1.1762061e-01
   1.7252367e-01
   8.7620201e-02
   1.2790087e-01
   1.3070795e-01
   5.3717758e-02
   8.7244985e-02
   1.3422626e-01
   7.4913988e-02
   2.4510447e-01
   2.2457381e-01
   1.4792845e-01
   1.8574701e-01
   1.1541057e-01
   9.9541201e-02
   1.6465524e-01
   1.4780832e-01
   1.8114857e-01
   1.3800238e-01
   9.5562391e-02
   1.7638523e-01
   1.4246302e-01
   1.2388009e-01
   9.8107813e-02
   6.8608313e-02
   1.2851865e-01
   1.6377485e-01
   9.5773164e-02
   5.5071957e-02
   1.1721951e-02
   5.5014279e-02
   3.0629867e-02
   3.8771418e-02
   6.0165036e-02
   1.1699809e-01
   8.4208790e-02
   1.0921019e-01
   1.0226920e-01
   6.3175717e-02
   1.4580230e-01
   1.8464978e-01
   7.4596034e-02
   8.7159774e-02
   1.2457531e-01
   8.9319740e-02
   4.4549783e-02
   9.0456122e-02
   9.7732468e-02
   2.1376808e-02
   7.3576903e-02
   6.6473587e-02
   1.1009330e-01
   2.1070822e-02
   9.5651839e-02
   6.9204191e-02
   2.9285132e-02
   2.5549067e-02
   6.7000874e-02
   2.3717206e-02
   1.0083114e-01
   6.7833012e-02
   4.6851930e-02
   7.0757232e-02
   2.6988674e-02
   3.6534996e-02
   7.8618220e-02
   3.2440153e-02
   8.2111289e-02
   7.4348577e-02
   6.2825039e-02
   8.5384799e-02
   2.7493591e-02
   7.2482932e-02
   1.2757782e-01
   1.4671679e-01
   7.1107247e-02
   1.0276283e-01
   5.7665672e-02
   1.9035417e-02
   5.0589015e-02
   6.4815559e-02
   4.4932176e-02
   1.0309688e-01
   6.0661587e-02
   9.3185341e-02
   8.8575996e-02
   6.6970860e-02
   7.2058819e-02
   1.0194756e-01
   5.0347346e-02
   6.9072690e-02
   7.6293712e-02
   3.5786947e-02
   7.9716177e-02
   9.6503954e-03
   7.0033035e-02
   1.8607378e-02
   4.3229683e-02
   2.4389441e-02
   4.0333739e-02
   8.9193208e-02
   1.0171752e-01
   9.6911284e-02
   8.5655912e-02
   3.0476604e-02
   9.5869181e-02
   3.0021589e-02
   9.8264225e-02
   1.0689382e-01
   6.9554683e-02
   2.5389515e-02
   8.5802199e-02
   8.2752484e-02
   1.4041564e-01
   1.4353488e-01
   9.5214589e-02
   1.2737372e-01
   1.2267789e-01
   5.0566450e-02
   8.5856981e-02
   1.3443558e-01
   5.7752342e-02
   7.6061085e-02
   2.3333655e-02
   5.7679261e-02
   4.8284107e-02
   2.9949048e-02
   6.0214289e-02
   8.4864363e-02
   5.3304757e-02
   1.9600244e-02
   1.7223491e-02
   3.2888084e-02
   8.9753295e-02
   1.1209935e-01
   2.1472601e-02
   7.7260786e-02
   5.4773854e-02
   1.1904868e-01
   1.3050835e-01
   2.8778880e-02
   4.9131183e-02
   3.8623973e-02
   1.7453441e-02
   4.2300773e-02
   5.6251752e-02
   1.5479533e-01
   2.0813388e-01
   1.6039571e-01
   1.3362408e-01
   9.6954253e-02
   7.5728216e-02
   9.3742167e-02
   6.4443554e-02
   1.2315434e-01
   2.0546233e-01
   1.5001518e-01
   1.5179626e-01
   1.8511550e-01
   1.2333524e-01
   8.9318328e-02
   1.6167434e-01
   1.5205053e-01
   1.6879962e-01
   1.4256347e-01
   7.5511940e-02
   1.2123539e-01
   7.7191257e-02
   6.5683332e-02
   1.3821458e-01
   1.3664778e-01
   1.2672719e-01
   1.2967135e-01
   8.3682886e-02
   1.3629597e-01
   1.0605602e-01
   2.7145063e-02
   6.1026832e-02
   6.6891159e-02
   1.0161859e-01
   1.7412515e-01
   9.2916908e-02
   1.0523142e-01
   1.2904356e-01
   3.0509199e-02
   8.2952685e-02
   8.1013700e-02
   2.0850758e-02
   8.0623486e-02
   9.5541313e-02
   7.8661723e-02
   6.1776267e-02
   1.5783999e-02
   2.3470650e-02
   3.4959009e-02
   6.4474761e-02
   4.6408202e-02
   4.1537440e-02
   7.3440659e-02
   4.9490505e-02
   4.8742671e-02
   8.6931949e-02
   2.0113270e-02
   5.7173063e-02
   1.2607888e-02
   7.4450745e-02
   4.9509146e-02
   8.6990347e-02
   6.5434021e-02
   7.1665787e-02
   9.7847346e-02
   1.0373414e-01
   8.3943747e-02
   6.2175544e-03
   4.7772022e-02
   4.3561267e-02
   5.8123061e-02
   1.3869645e-01
   1.4812093e-01
   6.8058626e-02
   7.4368415e-02
   5.5510232e-02
   1.4585126e-02
   3.7189324e-02
   5.0767271e-02
   6.1519713e-02
   5.6982370e-02
   6.6125589e-02
   9.4844009e-02
   1.3338190e-02
   8.0702020e-02
   7.5306720e-02
   4.3330600e-02
   3.1875425e-02
   1.0425144e-01
   6.9819902e-02
   3.7760997e-02
   5.3389664e-02
   3.5034464e-02
   6.0732420e-02
   4.1832283e-02
   5.7723333e-02
   1.1338881e-01
   8.9949575e-02
   7.6519213e-03
   3.4700891e-02
   7.8658743e-02
   1.1079126e-01
   3.5256500e-02
   8.5306236e-02
   5.3377048e-02
   7.5388325e-02
   4.9886965e-02
   4.4125049e-02
   2.0761649e-02
   6.2458130e-02
   6.7725063e-02
   1.2105162e-01
   1.4333185e-01
   1.2153839e-01
   1.3045800e-01
   1.1138178e-01
   9.0812614e-02
   6.5983647e-02
   2.7041873e-02
   1.2556716e-01
   1.2181280e-01
   6.0423792e-02
   1.2966555e-01
   1.1738495e-01
   3.8682457e-02
   5.4215952e-02
   7.7033775e-02
   7.1591162e-02
   1.2348828e-01
   6.3821554e-02
   9.7172961e-02
   1.8217837e-01
   1.6486404e-01
   1.3114436e-01
   1.9454166e-01
   1.8426619e-01
   1.8196610e-01
   1.5445967e-01
   1.1344075e-01
   1.8869226e-01
   1.7519406e-01
   8.3929967e-02
   1.5752139e-01
   1.7847432e-01
   1.1090534e-01
   1.7653900e-01
   1.7180877e-01
   8.8286409e-02
   1.0005614e-01
   1.1075757e-01
   4.6761423e-02
   4.3375152e-02
   7.9889816e-02
   4.8200411e-02
   1.4063698e-02
   6.9559027e-02
   1.1719078e-01
   9.7962884e-02
   1.1503680e-01
   1.5101775e-01
   7.2049520e-02
   4.0706302e-02
   2.0281546e-02
   4.3392809e-02
   6.2045007e-02
   5.2010743e-02
   6.1909471e-02
   1.0576456e-01
   8.4070056e-02
   9.6181220e-02
   4.9424974e-02
   4.3976586e-02
   4.7941198e-02
   1.6271360e-01
   1.6974596e-01
   8.0117983e-02
   1.5697641e-01
   9.5397290e-02
   3.6759936e-02
   7.0820521e-02
   5.0234696e-02
   6.9434522e-02
   1.1457741e-01
   7.2143855e-02
   1.6440597e-01
   1.3227579e-01
   1.3397103e-02
   5.6893878e-02
   3.0348724e-02
   3.1297765e-02
   8.9060932e-02
   7.2261252e-02
   9.0348928e-02
   1.3580146e-01
   7.3192614e-02
   4.7230608e-02
   6.8519893e-02
   8.4808279e-02
   4.5825893e-02
   7.9674828e-02
   6.8420424e-02
   9.8318113e-02
   8.9445607e-02
   2.8339392e-02
   1.6058715e-02
   3.1316444e-02
   5.9498812e-02
   5.1253735e-02
   2.9158457e-02
   7.4989550e-02
   3.6395281e-02
   9.2899271e-02
   6.7098781e-02
   6.2212133e-02
   4.8204498e-02
   8.1358064e-02
   4.5873916e-02
   8.0758044e-02
   1.2570102e-01
   5.5936379e-02
   2.8743634e-02
   9.3547888e-02
   9.2512284e-02
   3.3412256e-02
   1.1666445e-01
   6.3423325e-02
   7.0124499e-02
   2.9844312e-02
   6.0500812e-02
   4.7513789e-02
   5.1734527e-02
   7.6033335e-02
   6.7654237e-02
   4.2420755e-02
   8.9389917e-02
   1.1915299e-01
   8.2375403e-02
   5.3509864e-02
   9.7776002e-02
   7.1017904e-02
   5.3076323e-02
   8.4205485e-02
   1.4237728e-02
   5.1607129e-02
   7.5560312e-02
   1.1205531e-01
   9.7741224e-02
   4.6695091e-02
   6.7757253e-02
   1.0072526e-01
   5.0134921e-02
   9.1333458e-02
   9.1758188e-02
   3.2171192e-02
   7.8602022e-02
   1.0595353e-01
   5.6913917e-02
   7.6667071e-02
   8.6314246e-02
   8.6363834e-02
   8.8049053e-02
   6.8043559e-02
   6.1205546e-02
   5.0234916e-02
   7.5186175e-02
   1.4309829e-01
   1.2523585e-01
   8.9184771e-02
   7.1723410e-02
   1.4344675e-02
   4.5345436e-02
   5.3496191e-02
   4.4280930e-02
   4.7379428e-02
   7.4950507e-02
   6.1556205e-02
   1.8721653e-01
   1.8037343e-01
   1.0500164e-01
   1.0073809e-01
   8.9220030e-02
   1.0420014e-01
   1.4033620e-01
   1.2214065e-01
   1.4720472e-01
   1.1584000e-01
   5.4345219e-02
   9.5513091e-02
   7.6472177e-02
   7.5981049e-02
   1.0212371e-01
   6.9243666e-02
   7.0916050e-02
   9.0827908e-02
   2.6458519e-02
   5.4979627e-02
   6.0153939e-02
   3.8528456e-02
   8.2167308e-02
   9.5027377e-02
   3.2102352e-02
   8.1317720e-02
   4.1477299e-02
   5.7896274e-02
   5.3979218e-02
   6.6624536e-02
   9.1304476e-02
   1.2108468e-01
   7.8885696e-02
   1.5650092e-02
   1.6927684e-02
   8.9201955e-02
   7.2304716e-02
   3.3995332e-02
   7.5920946e-02
   3.0813750e-02
   4.6924900e-02
   3.2156663e-02
   5.3641278e-02
   1.2767914e-01
   1.2194954e-01
   8.9173261e-02
   1.6745606e-01
   1.0034395e-01
   5.3722243e-02
   1.4473858e-01
   1.6367267e-01
   1.3335496e-01
   1.4548865e-01
   8.4674337e-02
   9.0232579e-02
   1.4697076e-01
   9.3671575e-02
   2.8994028e-02
   4.3683582e-02
   3.2893932e-02
   4.5080756e-02
   3.7613476e-02
   6.5364561e-02
   7.1344071e-02
   3.2214691e-02
   8.4954959e-02
   1.0397007e-01
   6.1431815e-02
   6.1182734e-02
   1.2114582e-01
   6.9930963e-02
   1.0236803e-01
   4.4939481e-02
   9.0229868e-02
   6.8444781e-02
   5.5864869e-02
   1.0231801e-01
   4.3507943e-02
   3.8459817e-02
   5.7113059e-02
   7.7294281e-02
   3.0681370e-02
   2.3604383e-02
   3.1830311e-02
   1.6281593e-02
   2.6598318e-02
   4.0189427e-02
   6.4567796e-02
   8.3881630e-02
   5.6516113e-02
   1.6467950e-02
   6.5331733e-02
   1.1381761e-01
   9.7539173e-02
   6.2410682e-02
   7.4878153e-02
   7.1920118e-02
   3.5924112e-02
   2.8676789e-02
   5.5035074e-02
   7.7673402e-02
   7.8826218e-02
   1.1240349e-01
   1.1346386e-01
   1.3484743e-01
   7.8912579e-02
   4.5081189e-02
   5.9712631e-02
   2.4456873e-02
   3.1482044e-02
   6.4897818e-02
   1.0744012e-01
   4.8915134e-02
   8.9643150e-02
   9.1297726e-02
   5.2148916e-02
   7.5835985e-02
   9.1941279e-02
   9.0880024e-02
   1.1464201e-01
   8.1341586e-02
   4.6908956e-02
   7.5819346e-02
   7.2278639e-02
   1.1121655e-01
   1.6930632e-01
   1.3368743e-01
   1.0787578e-01
   1.1767374e-01
   6.4413507e-02
   3.2626586e-02
   3.6414112e-02
   5.3140867e-02
   9.2817463e-02
   7.1433111e-02
   4.0922273e-02
   8.4972370e-02
   5.6905288e-02
   4.4565893e-02
   2.6782925e-02
   4.1069931e-02
   4.5728574e-02
   6.0523256e-02
   1.8079186e-02
   6.1656352e-02
   7.2982706e-02
   3.4428219e-02
   1.8449285e-02
   2.2299489e-02
   3.3259684e-02
   2.7481499e-02
   2.6310738e-02
   1.6912598e-02
   2.6909078e-02
   7.1713217e-02
   5.6012730e-02
   2.6104706e-02
   8.1832763e-02
   8.3633914e-02
   6.4851941e-02
   8.5770873e-02
   6.3953234e-02
   1.2271666e-02
   5.7482627e-02
   3.9514845e-02
   3.7258449e-02
   5.4745136e-02
   6.9008870e-02
   5.6403070e-02
   1.3183298e-02
   4.6378084e-02
   5.5928066e-02
   5.1931620e-02
   2.7483597e-02
   3.4814569e-02
   5.8240233e-02
   1.4230830e-02
   4.4367777e-02
   4.4496442e-02
   6.1030255e-02
   4.4553854e-02
   1.0975741e-02
   6.8391431e-02
   1.0769385e-01
   6.2045631e-02
   9.1056149e-02
   1.0901344e-01
   3.9656897e-02
   3.5703679e-02
   4.3271431e-02
   5.1116576e-02
   5.1090766e-02
   4.6555895e-02
   5.2520484e-02
   8.5298875e-02
   4.8725389e-02
   2.5412421e-02
   5.7638256e-02
   6.9761929e-02
   5.0660348e-02
   7.3137487e-02
   6.4953134e-02
   3.1107873e-02
   5.6875125e-02
   4.7831056e-02
   2.3419030e-02
   7.2339479e-02
   5.1899655e-02
   7.1705327e-02
   9.3786637e-02
   8.1694380e-02
   4.9772361e-02
   1.4380455e-02
   5.0166612e-02
   5.6751422e-02
   3.1158446e-02
   4.5429152e-02
   8.4709505e-02
   4.7063622e-02
   5.1596727e-02
   4.2785980e-02
   9.1649259e-03
   3.7697557e-02
   2.1986486e-02
   4.5839048e-02
   7.0639235e-02
   3.1248219e-02
   1.2737745e-01
   1.2314715e-01
   3.4438159e-02
   4.3299317e-02
   6.3250894e-02
   3.9343626e-02
   6.6092657e-02
   8.1137955e-02
   8.7515308e-02
   1.3242366e-01
   1.3604718e-01
   1.4427427e-01
   1.4317278e-01
   1.2976290e-01
   1.2716320e-01
   1.1165768e-01
   1.0943925e-01
   1.1121576e-01
   6.5591333e-02
   6.8693035e-03
   6.2806976e-02
   7.4263431e-02
   8.1169657e-02
   1.1435224e-01
   8.2857621e-02
   4.8210949e-02
   8.6390236e-03
   4.2886124e-02
   3.8112411e-02
   5.0672925e-02
   3.5806356e-02
   2.7208963e-02
   4.7547503e-02
   5.7619848e-02
   5.2027163e-02
   5.5257254e-02
   5.1074278e-02
   3.3035559e-02
   6.1611255e-02
   8.3968650e-02
   1.1913007e-01
   9.0181318e-02
   6.3634640e-02
   7.0725666e-02
   6.8559890e-02
   9.0064399e-02
   9.1750515e-02
   1.3173217e-02
   5.7357013e-02
   4.6435759e-02
   6.1495039e-02
   3.5463764e-02
   4.1541486e-02
   7.3023927e-02
   7.8895569e-02
   3.2385560e-02
   6.6405899e-02
   7.1631615e-02
   2.5765056e-02
   1.6572717e-02
   5.8226201e-02
   7.3468081e-02
   2.1124739e-02
   6.4424025e-02
   3.3751414e-02
   1.1180103e-01
   8.1434395e-02
   5.3679683e-02
   4.0588386e-02
   2.4721939e-02
   2.4246053e-02
   6.5300198e-02
   9.8274299e-02
   9.1699965e-02
   1.0412906e-01
   1.2393159e-01
   1.4432786e-01
   1.0946475e-01
   3.3065033e-02
   4.6338429e-02
   1.0514356e-01
   1.4467099e-01
   1.4162674e-01
   1.3065750e-01
   1.8638368e-01
   2.1074726e-01
   2.1661225e-01
   2.3251788e-01
   2.1495762e-01
   2.1079086e-01
   2.5414175e-01
   2.6178614e-01
   2.3585688e-01
   2.1106240e-01
   2.2844114e-01
   2.8274607e-01
   2.9271687e-01
   2.6870390e-01
   2.4215907e-01
   2.0440801e-01
   2.0711657e-01
   1.8702490e-01
   1.4228137e-01
   1.6158014e-01
   1.7184067e-01
   1.7712930e-01
   2.1231006e-01
   1.4581654e-01
   7.3179488e-02
   1.4580728e-01
   1.3604985e-01
   7.8461924e-02
   8.5991402e-02
   1.0122486e-01
   1.1146792e-01
   1.3502812e-01
   5.6891204e-02
   5.1469448e-02
   7.7636122e-02
   8.4732871e-02
   2.6839414e-02
   7.5630410e-02
   7.3992403e-02
   4.5351194e-02
   8.2863836e-02
   4.8182943e-02
   3.6253887e-02
   7.0265327e-02
   4.1468121e-02
   7.9582473e-02
   1.0252530e-01
   4.9070590e-02
   5.4516268e-02
   4.7956916e-02
   3.1878045e-02
   6.2473974e-02
   7.4765561e-02
   9.3852663e-03
   8.6620013e-02
   8.7286397e-02
   6.2949593e-02
   6.1762063e-02
   3.0019835e-02
   2.0652005e-02
   6.5009354e-02
   8.4951108e-02
   9.5686844e-02
   7.8354620e-02
   5.0368177e-02
   5.4752373e-02
   6.3366990e-02
   3.5615778e-02
   2.4319157e-02
   5.4734179e-02
   5.0653806e-02
   5.9288124e-02
   6.0453344e-02
   2.3779498e-02
   3.5767648e-02
   3.8861335e-02
   5.4207579e-02
   6.1198112e-02
   2.9662615e-02
   4.3093961e-02
   2.7701183e-02
   7.2010077e-02
   4.1413239e-02
   1.6858400e-02
   1.0343668e-02
   4.3022816e-02
   4.7693266e-02
   1.4824567e-02
   1.9740917e-02
   7.2660728e-02
   1.0039913e-01
   6.3645138e-02
   6.0105243e-02
   1.1903176e-01
   8.3923945e-02
   2.3025136e-02
   6.0660054e-02
   5.1470871e-02
   5.6200143e-02
   9.3866189e-02
   7.9911990e-02
   1.2013348e-01
   2.0387818e-01
   1.9641943e-01
   1.8406992e-01
   1.7477587e-01
   1.5869454e-01
   2.1155887e-01
   2.1513918e-01
   1.8133528e-01
   2.3201978e-01
   2.3043707e-01
   2.1760986e-01
   2.3688711e-01
   1.8271240e-01
   1.7033440e-01
   2.4824195e-01
   2.2182373e-01
   1.9869554e-01
   2.0884630e-01
   1.7052061e-01
   2.1308252e-01
   2.2254930e-01
   1.7006499e-01
   1.6614418e-01
   1.3681510e-01
   1.0521716e-01
   1.5836258e-01
   9.3233596e-02
   3.4781102e-02
   8.6426776e-02
   5.8299194e-02
   8.0632033e-02
   1.0638860e-01
   8.2497340e-02
   8.0646044e-02
   6.4147639e-02
   2.8542062e-02
   4.7564204e-02
   3.6401658e-02
   3.3507999e-02
   3.9683037e-02
   3.2735531e-02
   1.6858729e-02
   4.0299950e-02
   8.3437001e-02
   6.4011270e-02
   2.2262173e-02
   8.1942627e-02
   6.9652061e-02
   3.9921455e-02
   3.8206320e-02
   4.9047889e-02
   5.9875181e-02
   3.5922217e-02
   6.1817978e-02
   8.0486563e-02
   3.4283155e-02
   5.6475885e-02
   5.6968864e-02
   4.5153183e-02
   1.2407573e-02
   7.3717986e-02
   5.7238643e-02
   1.1575633e-02
   2.4047068e-02
   1.2562169e-02
   2.4947221e-02
   1.4332715e-02
   4.2106937e-02
   9.7245311e-02
   9.8053624e-02
   8.7457148e-02
   8.6053260e-02
   3.6182675e-02
   3.2973575e-02
   3.1567961e-02
   4.8021002e-02
   2.9059958e-02
   6.7718425e-02
   1.2736327e-02
   8.2101361e-02
   9.7635544e-02
   5.7649388e-02
   5.7324613e-02
   4.1131102e-02
   2.6800720e-02
   9.2331802e-02
   1.0307283e-01
   6.4224716e-02
   8.6174238e-02
   1.2129866e-01
   7.8734878e-02
   4.3695261e-02
   8.8514928e-02
   1.1845495e-01
   1.0375318e-01
   1.0883187e-01
   1.8020916e-01
   1.5978988e-01
   1.0194585e-01
   3.9909700e-02
   2.8787626e-02
   4.7433670e-02
   2.6956507e-02
   2.0046097e-02
   2.1135044e-02
   1.2580893e-02
   2.4435240e-02
   2.2268667e-02
   6.7578555e-02
   5.9101377e-02
   7.2872564e-02
   5.0283460e-02
   4.0706066e-02
   8.6075104e-02
   6.6101372e-02
   7.5598509e-02
   5.7907247e-02
   2.4375893e-02
   1.2092814e-02
   4.5378861e-02
   5.7761028e-02
   3.1509834e-02
   2.2458667e-02
   4.2745069e-02
   2.5772247e-02
   4.4463670e-02
   3.2067941e-02
   7.5094648e-02
   4.2214493e-02
   6.4703652e-02
   1.2142784e-01
   6.3193345e-02
   4.3040451e-02
   8.7446900e-02
   4.9001278e-02
   3.9228577e-02
   9.5276279e-02
   1.0239601e-01
   3.0912413e-02
   8.5598983e-02
   6.9082219e-02
   5.1911754e-02
   9.0915487e-02
   6.8930623e-02
   4.3237033e-02
   4.1758816e-02
   1.0748143e-01
   6.0429834e-02
   4.3384944e-02
   8.3819690e-02
   5.5464391e-02
   4.0785060e-02
   4.9682298e-02
   4.5946331e-02
   5.7844263e-02
   8.7188213e-02
   8.7767678e-02
   1.1479925e-01
   1.3447557e-01
   8.7625223e-02
   2.1826797e-02
   2.3696128e-02
   4.0672169e-02
   7.6075441e-02
   1.0666996e-01
   6.5769585e-02
   5.5439182e-02
   7.2617492e-02
   2.2780399e-02
   9.1341326e-02
   1.3585094e-01
   6.5009201e-02
   7.5172648e-02
   1.2078329e-01
   4.0478517e-02
   6.9124855e-02
   7.2311395e-02
   4.4227439e-02
   6.3501472e-02
   4.9358581e-02
   6.2740538e-02
   1.0619552e-01
   4.3005839e-02
   6.6739775e-02
   6.8747152e-02
   4.6753127e-02
   6.5328632e-02
   3.4391945e-02
   4.3243784e-02
   2.7382005e-02
   3.4889634e-02
   2.8479551e-02
   2.4442751e-02
   6.2044656e-02
   5.8147632e-02
   6.9110290e-03
   5.1853184e-02
   4.2271145e-02
   3.2359386e-02
   5.5266577e-02
   3.5743979e-02
   3.9095439e-02
   5.1187243e-02
   2.7281231e-02
   8.6375222e-02
   4.9158394e-02
   2.8165558e-02
   5.7862865e-02
   6.4292797e-02
   2.2734153e-02
   4.4312873e-02
   2.5575529e-02
   3.4294756e-02
   2.6254968e-02
   3.2535036e-02
   1.9035927e-02
   6.8199079e-02
   9.2134315e-02
   8.2579505e-02
   1.2135917e-01
   6.9762587e-02
   7.7012318e-02
   6.9081527e-02
   1.5130617e-02
   1.5013100e-02
   2.2828678e-02
   2.9203269e-02
   9.6889583e-02
   9.1178328e-02
   4.5533883e-02
   6.0714438e-02
   3.8798464e-02
   5.4032822e-02
   9.7378562e-02
   7.9290533e-02
   1.1506296e-01
   1.2271150e-01
   5.8575362e-02
   1.1915687e-01
   1.2527390e-01
   8.5041216e-02
   1.2847169e-01
   9.5061303e-02
   1.1853048e-01
   1.9212695e-01
   1.2597384e-01
   9.7105722e-02
   1.4137051e-01
   1.1146056e-01
   9.9000442e-02
   1.1480740e-01
   1.0092062e-01
   9.4665372e-02
   6.8851071e-02
   4.4472926e-02
   2.2468980e-02
   1.7219247e-02
   4.4418343e-02
   6.8829888e-02
   6.2264043e-02
   7.9997437e-02
   6.8712186e-02
   1.1670317e-01
   1.1850103e-01
   3.8323736e-02
   2.5748313e-02
   2.1920984e-02
   2.2072310e-02
   4.4399568e-02
   5.7501812e-02
   2.8914548e-02
   1.0198942e-01
   8.4416124e-02
   3.3616765e-02
   2.3159122e-02
   4.8688953e-02
   3.0615561e-02
   9.3150630e-02
   6.2664106e-02
   8.3820382e-02
   1.2402037e-01
   7.5200827e-02
   2.2508929e-02
   1.5308068e-03
   4.6150584e-02
   1.1388446e-01
   1.0179157e-01
   3.6042718e-02
   7.9691824e-02
   5.2631605e-02
   5.6875366e-02
   3.0775654e-02
   3.9146140e-02
   3.4500581e-02
   4.5928523e-03
   5.7942037e-02
   9.2905946e-02
   5.5502969e-02
   4.4828871e-02
   4.6599253e-02
   2.0534127e-02
   2.7743863e-02
   3.0494347e-02
   2.1086140e-02
   8.9407440e-02
   7.6759735e-02
   4.8930866e-02
   8.4572609e-02
   5.1628771e-02
   1.0025963e-02
   6.1773472e-02
   5.0860341e-02
   2.9146395e-02
   7.3152641e-02
   3.7578761e-02
   2.8464782e-02
   1.2628859e-02
   5.2851206e-02
   1.6243432e-02
   3.7152915e-02
   1.2931036e-02
   4.3416246e-02
   2.1338220e-02
   7.2494914e-02
   9.9725104e-02
   5.4145682e-02
   6.4971955e-02
   4.8216352e-02
   5.1962862e-03
   5.3876030e-02
   8.5270605e-02
   9.8303242e-02
   8.5170551e-02
   5.4770725e-02
   9.3637030e-02
   1.0834009e-01
   8.2561466e-02
   1.3208434e-01
   1.2204424e-01
   6.2947556e-02
   1.2751094e-01
   1.2405366e-01
   8.9194031e-02
   8.0387056e-02
   6.4979380e-02
   1.0642225e-01
   1.3470207e-01
   5.7774526e-02
   9.8219458e-02
   1.3540789e-01
   8.4751871e-02
   8.4136427e-02
   7.9691992e-02
   5.7740347e-02
   8.9732237e-02
   5.3130278e-02
   4.6141184e-02
   7.7532367e-02
   3.1803843e-02
   4.9372016e-02
   4.7830270e-02
   1.5349951e-02
   5.6048173e-02
   3.8899993e-02
   5.7248207e-02
   9.7619801e-02
   5.4404732e-02
   7.3471492e-02
   6.1525128e-02
   4.1198163e-02
   7.6969841e-02
   6.0668352e-02
   1.6803782e-02
   7.2830401e-02
   4.5506404e-02
   1.9434266e-02
   1.9430569e-02
   4.0003166e-02
   5.6183595e-02
   6.3891991e-02
   5.2016121e-02
   2.8790783e-02
   7.5448797e-02
   2.5431136e-02
   3.9742564e-02
   3.5905868e-02
   2.8524341e-02
   3.5842682e-02
   4.9180439e-02
   2.5300542e-02
   2.9117409e-02
   5.4942887e-02
   5.5672283e-02
   4.6004228e-02
   2.2978646e-02
   1.3490594e-02
   2.2906872e-02
   4.1433202e-02
   4.7923710e-02
   1.0171901e-02
   6.5720640e-02
   6.7857053e-02
   1.6870384e-02
   5.4329570e-02
   6.4211545e-02
   5.1652953e-02
   6.1706862e-02
   5.4669783e-02
   1.4122572e-02
   6.6377974e-02
   5.7819231e-02
   1.1027359e-02
   3.6664405e-02
   4.4077180e-02
   2.3250174e-02
   2.6413653e-02
   3.5084163e-02
   1.3154301e-02
   2.9009394e-02
   2.6808695e-02
   4.0940581e-02
   7.7521940e-02
   4.8727075e-02
   5.7478699e-02
   2.4820987e-02
   4.2470885e-02
   4.0001542e-02
   2.5059588e-02
   3.2038434e-02
   5.2785133e-02
   6.8668943e-02
   1.5576123e-02
   9.0910017e-02
   7.5818019e-02
   1.9489394e-02
   1.0680281e-02
   1.1860935e-02
   9.2648658e-03
   3.0760796e-02
   1.0553721e-02
   6.9579934e-02
   9.9503409e-02
   5.8542074e-02
   1.8561521e-02
   6.5101593e-02
   7.4061927e-02
   4.7638783e-02
   5.6721631e-02
   7.4385885e-02
   4.2425587e-02
   2.7260273e-02
   2.4811301e-02
   1.8072833e-02
   1.3437482e-02
   6.2594703e-02
   6.7145230e-02
   4.8690265e-02
   7.5741865e-02
   6.8712186e-02
