   3.1415927e+00
   1.6823730e+00
   1.5343082e-01
   1.9865076e+00
   1.1329582e+00
   2.1861999e+00
   1.0563487e+00
   1.2826090e+00
   2.0083978e-01
  -8.8158309e-01
  -1.0014321e+00
  -2.3942159e+00
  -2.9045214e+00
  -2.9409642e+00
  -4.1678381e+00
  -4.0522928e+00
  -4.6174182e+00
  -5.7528609e+00
  -6.1712026e+00
  -6.3850598e+00
  -6.8060423e+00
  -7.4022133e+00
  -8.3418954e+00
  -9.1673323e+00
  -9.7665800e+00
  -1.0229756e+01
  -1.0850451e+01
  -1.1671706e+01
  -1.2428777e+01
  -1.3122236e+01
  -1.3816899e+01
  -1.4457500e+01
  -1.5281001e+01
  -1.6145247e+01
  -1.6603110e+01
  -1.7163694e+01
  -1.8074543e+01
  -1.8964259e+01
  -1.9726886e+01
  -2.0414830e+01
  -2.1113305e+01
  -2.1914291e+01
  -2.2738688e+01
  -2.3479374e+01
  -2.4188184e+01
  -2.4905453e+01
  -2.5639396e+01
  -2.6412600e+01
  -2.7144132e+01
  -2.7852805e+01
  -2.8637792e+01
  -2.9431760e+01
  -3.0201967e+01
  -3.0994133e+01
  -3.1769906e+01
  -3.2504379e+01
  -3.3222512e+01
  -3.3921450e+01
  -3.4643946e+01
  -3.5402808e+01
  -3.6201605e+01
  -3.7049373e+01
  -3.7809220e+01
  -3.8391376e+01
  -3.9098772e+01
  -3.9963240e+01
  -4.0880761e+01
  -4.1710524e+01
  -4.1377328e+01
  -4.1912122e+01
  -4.2865108e+01
  -4.3684639e+01
  -4.4495016e+01
  -4.5372221e+01
  -4.6139309e+01
  -4.6881963e+01
  -4.7686159e+01
  -4.8416840e+01
  -4.9162160e+01
  -4.9843027e+01
  -5.0374631e+01
  -5.1077213e+01
  -5.1668998e+01
  -5.2341591e+01
  -5.3108517e+01
  -5.3504501e+01
  -5.4377686e+01
  -5.5172371e+01
  -5.5136246e+01
  -5.6198642e+01
  -5.5850383e+01
  -5.6191269e+01
  -5.5752829e+01
  -5.6824773e+01
  -5.8275813e+01
  -5.8582079e+01
  -5.9701539e+01
  -6.1566007e+01
  -5.9309022e+01
  -6.0759321e+01
  -6.1109092e+01
  -6.2548289e+01
  -6.5080746e+01
  -6.7143416e+01
  -6.7778939e+01
  -6.7494662e+01
  -6.8236512e+01
  -6.8571899e+01
  -6.9712807e+01
  -7.0572619e+01
  -7.1192654e+01
  -7.2203906e+01
  -7.2272908e+01
  -7.2796642e+01
  -7.3423754e+01
  -7.3635040e+01
  -7.4359073e+01
  -7.4857146e+01
  -7.5537234e+01
  -7.6259643e+01
  -7.6767002e+01
  -7.7437677e+01
  -7.7924791e+01
  -7.8473656e+01
  -7.9163436e+01
  -7.9811512e+01
  -8.0573584e+01
  -8.1328207e+01
  -8.2030821e+01
  -8.2808571e+01
  -8.3603928e+01
  -8.4423930e+01
  -8.5294434e+01
  -8.6154085e+01
  -8.7033654e+01
  -8.7987085e+01
  -8.8980562e+01
  -8.9993959e+01
  -9.1000185e+01
  -9.1774720e+01
  -9.1931772e+01
  -9.2348204e+01
  -9.2961990e+01
  -9.3722985e+01
  -9.4544463e+01
  -9.5306165e+01
  -9.6119723e+01
  -9.6914622e+01
  -9.7584692e+01
  -9.8325518e+01
  -9.9040238e+01
  -9.9655724e+01
  -1.0033970e+02
  -1.0094172e+02
  -1.0163533e+02
  -1.0237513e+02
  -1.0290154e+02
  -1.0364272e+02
  -1.0437306e+02
  -1.0493524e+02
  -1.0558081e+02
  -1.0593817e+02
  -1.0662297e+02
  -1.0727642e+02
  -1.0742559e+02
  -1.0831776e+02
  -1.0889015e+02
  -1.0959398e+02
  -1.1035335e+02
  -1.1053504e+02
  -1.1137765e+02
  -1.1153746e+02
  -1.1203300e+02
  -1.1301883e+02
  -1.1327473e+02
  -1.1437766e+02
  -1.1573825e+02
  -1.1578141e+02
  -1.1656578e+02
  -1.1716831e+02
  -1.1758003e+02
  -1.1835782e+02
  -1.1858451e+02
  -1.1955423e+02
  -1.2084375e+02
  -1.2176785e+02
  -1.2290330e+02
  -1.2359418e+02
  -1.2325993e+02
  -1.2402848e+02
  -1.2422973e+02
  -1.2511436e+02
  -1.2597131e+02
  -1.2653410e+02
  -1.2755368e+02
  -1.2834281e+02
  -1.2887955e+02
  -1.2960915e+02
  -1.3012667e+02
  -1.3072084e+02
  -1.3147930e+02
  -1.3242076e+02
  -1.3349442e+02
  -1.3420131e+02
  -1.3461217e+02
  -1.3558213e+02
  -1.3648917e+02
  -1.3707317e+02
  -1.3754000e+02
  -1.3778544e+02
  -1.3851876e+02
  -1.3934166e+02
  -1.4009750e+02
  -1.4099361e+02
  -1.4179381e+02
  -1.4246901e+02
  -1.4327951e+02
  -1.4395895e+02
  -1.4459453e+02
  -1.4537432e+02
  -1.4590376e+02
  -1.4658048e+02
  -1.4727370e+02
  -1.4774431e+02
  -1.4850868e+02
  -1.4923696e+02
  -1.4996682e+02
  -1.5088326e+02
  -1.5172574e+02
  -1.5256791e+02
  -1.5353812e+02
  -1.5417518e+02
  -1.5475527e+02
  -1.5550866e+02
  -1.5569626e+02
  -1.5640237e+02
  -1.5664948e+02
  -1.5693810e+02
  -1.5755899e+02
  -1.5779865e+02
  -1.5892956e+02
  -1.5897840e+02
  -1.5992461e+02
  -1.6103601e+02
  -1.6080730e+02
  -1.6153428e+02
  -1.6214781e+02
  -1.6261021e+02
  -1.6356776e+02
  -1.6405674e+02
  -1.6491951e+02
  -1.6604601e+02
  -1.6653680e+02
  -1.6737792e+02
  -1.6786316e+02
  -1.6804540e+02
  -1.6898863e+02
  -1.6889784e+02
  -1.6998169e+02
  -1.7141084e+02
  -1.7141971e+02
  -1.7258349e+02
  -1.7362085e+02
  -1.7369808e+02
  -1.7466537e+02
  -1.7456779e+02
  -1.7505492e+02
  -1.7543658e+02
  -1.7580961e+02
  -1.7793159e+02
  -1.7966679e+02
  -1.8025947e+02
  -1.8102902e+02
  -1.8230162e+02
  -1.8228438e+02
  -1.8373475e+02
  -1.8542387e+02
  -1.8579837e+02
  -1.8654297e+02
  -1.8751790e+02
  -1.8702959e+02
  -1.8844112e+02
  -1.9044324e+02
  -1.8958048e+02
  -1.9156853e+02
  -1.9257382e+02
  -1.9254069e+02
  -1.9368999e+02
  -1.9448244e+02
  -1.9505917e+02
  -1.9678492e+02
  -1.9835819e+02
  -1.9858224e+02
  -1.9958730e+02
  -2.0014540e+02
  -2.0006609e+02
  -2.0135327e+02
  -2.0201098e+02
  -2.0280479e+02
  -2.0420155e+02
  -2.0399496e+02
  -2.0499935e+02
  -2.0598256e+02
  -2.0637389e+02
  -2.0725136e+02
  -2.0769667e+02
  -2.0855198e+02
  -2.1009608e+02
  -2.1137764e+02
  -2.1208031e+02
  -2.1498472e+02
  -2.1699950e+02
  -2.1823752e+02
  -2.1836930e+02
  -2.1918835e+02
  -2.2018275e+02
  -2.2086382e+02
  -2.2200513e+02
  -2.2309198e+02
  -2.2378727e+02
  -2.2466584e+02
  -2.2560629e+02
  -2.2612661e+02
  -2.2704630e+02
  -2.2808422e+02
  -2.2826989e+02
  -2.2975256e+02
  -2.2855206e+02
  -2.2993103e+02
  -2.3041559e+02
  -2.3053842e+02
  -2.3158717e+02
  -2.3100675e+02
  -2.3220396e+02
  -2.3335941e+02
  -2.3316995e+02
  -2.3442834e+02
  -2.3519537e+02
  -2.3579126e+02
  -2.3684894e+02
  -2.3743511e+02
  -2.3806209e+02
  -2.3922568e+02
  -2.3903712e+02
  -2.4046631e+02
  -2.4220533e+02
  -2.4145958e+02
  -2.4271430e+02
  -2.4279324e+02
  -2.4305634e+02
  -2.4403225e+02
  -2.4435845e+02
  -2.4543377e+02
  -2.4667639e+02
  -2.4674816e+02
  -2.4836547e+02
  -2.4961926e+02
  -2.4895043e+02
  -2.5001071e+02
  -2.5041564e+02
  -2.5154943e+02
  -2.5338260e+02
  -2.5501743e+02
  -2.5476587e+02
  -2.5587835e+02
  -2.5632802e+02
  -2.5645343e+02
  -2.5825815e+02
  -2.6139517e+02
  -2.6107223e+02
  -2.6200668e+02
  -2.6332375e+02
  -2.6175472e+02
  -2.6181276e+02
  -2.6219529e+02
  -2.5947346e+02
  -2.6154343e+02
  -2.6235673e+02
  -2.6257059e+02
  -2.5987584e+02
  -2.6176057e+02
  -2.6313125e+02
  -2.6339115e+02
  -2.6426320e+02
  -2.6619267e+02
  -2.6744399e+02
  -2.6796526e+02
  -2.6905681e+02
  -2.6921300e+02
  -2.6973183e+02
  -2.7121483e+02
  -2.7210550e+02
  -2.7270537e+02
  -2.7358972e+02
  -2.7371297e+02
  -2.7473762e+02
  -2.7559764e+02
  -2.7593219e+02
  -2.7692853e+02
  -2.7742000e+02
  -2.7817470e+02
  -2.7942168e+02
  -2.7954267e+02
  -2.8025968e+02
  -2.8110078e+02
  -2.8147886e+02
  -2.8249751e+02
  -2.8329580e+02
  -2.8397278e+02
  -2.8523350e+02
  -2.8626940e+02
  -2.8668217e+02
  -2.8767145e+02
  -2.8858871e+02
  -2.8867377e+02
  -2.8979546e+02
  -2.9013863e+02
  -2.9109858e+02
  -2.9275029e+02
  -2.9233855e+02
  -2.9303487e+02
  -2.9337930e+02
  -2.9339850e+02
  -2.9436643e+02
  -2.9363160e+02
  -2.9525617e+02
  -2.9774881e+02
  -2.9827743e+02
  -2.9937191e+02
  -3.0088295e+02
  -2.9895533e+02
  -3.0041840e+02
  -2.9969444e+02
  -3.0103503e+02
  -3.0309259e+02
  -3.0485284e+02
  -3.0499694e+02
  -3.0639864e+02
  -3.0698361e+02
  -3.0704362e+02
  -3.0903860e+02
  -3.1115238e+02
  -3.1094386e+02
  -3.1195643e+02
  -3.1259207e+02
  -3.1285757e+02
  -3.1396681e+02
  -3.1491628e+02
  -3.1598226e+02
  -3.1733529e+02
  -3.1677641e+02
  -3.1793822e+02
  -3.1901208e+02
  -3.1922831e+02
  -3.2021579e+02
  -3.2108758e+02
  -3.2154382e+02
  -3.2288888e+02
  -3.2379813e+02
  -3.2424914e+02
  -3.2532786e+02
  -3.2580041e+02
  -3.2595744e+02
  -3.2691718e+02
  -3.2673031e+02
  -3.2874047e+02
  -3.3052034e+02
  -3.2970392e+02
  -3.3108738e+02
  -3.2981657e+02
  -3.3112523e+02
  -3.3278769e+02
  -3.3034398e+02
  -3.3178883e+02
  -3.3219627e+02
  -3.3345440e+02
  -3.3505614e+02
  -3.3536964e+02
  -3.3664823e+02
  -3.3771665e+02
  -3.3745611e+02
  -3.3874849e+02
  -3.4012146e+02
  -3.3979252e+02
  -3.4145943e+02
  -3.4301054e+02
  -3.4220736e+02
  -3.4342231e+02
  -3.4413325e+02
  -3.4422468e+02
  -3.4428398e+02
  -3.4460415e+02
  -3.4612548e+02
  -3.4751719e+02
  -3.4693698e+02
  -3.4851598e+02
  -3.4914023e+02
  -3.4983067e+02
  -3.5087237e+02
  -3.5128677e+02
  -3.5237787e+02
  -3.5420073e+02
  -3.5382592e+02
  -3.5534129e+02
  -3.5679657e+02
  -3.5564454e+02
  -3.5713791e+02
  -3.5857066e+02
  -3.5846380e+02
  -3.6022360e+02
  -3.6183821e+02
  -3.6289344e+02
  -3.6371834e+02
  -3.6589805e+02
  -3.6883332e+02
  -3.6700273e+02
  -3.6885358e+02
  -3.7078221e+02
  -3.6858847e+02
  -3.6633258e+02
  -3.6788824e+02
  -3.6880666e+02
  -3.6924085e+02
  -3.7009840e+02
  -3.6975539e+02
  -3.7127258e+02
  -3.7388486e+02
  -3.7549003e+02
  -3.7532328e+02
  -3.7735398e+02
  -3.8003743e+02
  -3.8194554e+02
  -3.8010116e+02
  -3.8176464e+02
  -3.8316065e+02
  -3.8369394e+02
  -3.8556769e+02
  -3.8686852e+02
  -3.8619918e+02
  -3.8725110e+02
  -3.8679695e+02
  -3.8767892e+02
  -3.8854602e+02
  -3.8794380e+02
  -3.8796459e+02
  -3.8792416e+02
  -3.8933344e+02
  -3.8780111e+02
  -3.8964404e+02
  -3.8673937e+02
  -3.8942063e+02
  -3.9245153e+02
  -3.9390539e+02
  -3.9376655e+02
  -3.9476894e+02
  -3.9505192e+02
  -3.9619813e+02
  -3.9866215e+02
  -4.0104756e+02
  -4.0407364e+02
  -4.0582828e+02
  -4.0516277e+02
  -4.0636004e+02
  -4.0744488e+02
  -4.0747539e+02
  -4.0851818e+02
  -4.0961641e+02
  -4.1039306e+02
  -4.1177367e+02
  -4.1243633e+02
  -4.1196464e+02
  -4.1264279e+02
  -4.1329033e+02
  -4.1435448e+02
  -4.1501090e+02
  -4.1449247e+02
  -4.1571505e+02
  -4.1664348e+02
  -4.1781025e+02
  -4.1813741e+02
  -4.1829887e+02
  -4.1933157e+02
  -4.1995013e+02
  -4.2057622e+02
  -4.2151794e+02
  -4.2213541e+02
  -4.2338562e+02
  -4.2452778e+02
  -4.2409646e+02
  -4.2533237e+02
  -4.2650288e+02
  -4.2606547e+02
  -4.2726375e+02
  -4.2851165e+02
  -4.2857527e+02
  -4.3037328e+02
  -4.3083717e+02
  -4.3137624e+02
  -4.3189356e+02
  -4.3183801e+02
  -4.3335747e+02
  -4.3047922e+02
  -4.3200053e+02
  -4.3119229e+02
  -4.3268126e+02
  -4.3056215e+02
  -4.3240513e+02
  -4.2942473e+02
  -4.3213455e+02
  -4.3032340e+02
  -4.3191312e+02
  -4.3497054e+02
  -4.3755473e+02
  -4.3830708e+02
  -4.3908171e+02
  -4.4050322e+02
  -4.4000637e+02
  -4.4176527e+02
  -4.4343654e+02
  -4.4436764e+02
  -4.4418158e+02
  -4.4530507e+02
  -4.4573516e+02
  -4.4671196e+02
  -4.4919859e+02
  -4.5228454e+02
  -4.5524901e+02
  -4.5702998e+02
  -4.5584932e+02
  -4.5732612e+02
  -4.5891672e+02
  -4.5724287e+02
  -4.5890150e+02
  -4.6050048e+02
  -4.6173355e+02
  -4.6309094e+02
  -4.6341788e+02
  -4.6367955e+02
  -4.6515799e+02
  -4.6353085e+02
  -4.6550770e+02
  -4.6848481e+02
  -4.6704810e+02
  -4.6875172e+02
  -4.7017636e+02
  -4.7018111e+02
  -4.7119652e+02
  -4.7394129e+02
  -4.7165687e+02
  -4.7392154e+02
  -4.7554572e+02
  -4.7620658e+02
  -4.7649511e+02
  -4.7544432e+02
  -4.7714148e+02
  -4.7952612e+02
  -4.8069730e+02
  -4.8077236e+02
  -4.8194372e+02
  -4.8270664e+02
  -4.8237657e+02
  -4.8388792e+02
  -4.8645145e+02
  -4.8683034e+02
  -4.8747842e+02
  -4.8766949e+02
  -4.8743284e+02
  -4.8835325e+02
  -4.8912138e+02
  -4.8978904e+02
  -4.9018379e+02
  -4.9128284e+02
  -4.9299464e+02
  -4.9430763e+02
  -4.9374902e+02
  -4.9481765e+02
  -4.9509292e+02
  -4.9544770e+02
  -4.9594244e+02
  -4.9678761e+02
  -4.9840336e+02
  -4.9979660e+02
  -4.9995206e+02
  -5.0055102e+02
  -5.0098357e+02
  -5.0169834e+02
  -5.0275706e+02
  -5.0334595e+02
  -5.0404439e+02
  -5.0504508e+02
  -5.0565900e+02
  -5.0668930e+02
  -5.0705823e+02
  -5.0777632e+02
  -5.0956624e+02
  -5.0644334e+02
  -5.0831567e+02
  -5.0977632e+02
  -5.0874689e+02
  -5.0641666e+02
  -5.0833850e+02
  -5.0677058e+02
  -5.0891997e+02
  -5.1149655e+02
  -5.1323053e+02
  -5.1216532e+02
  -5.1361573e+02
  -5.1444585e+02
  -5.1495260e+02
  -5.1675803e+02
  -5.1882465e+02
  -5.1727953e+02
  -5.1882620e+02
  -5.1852583e+02
  -5.1930359e+02
  -5.2048195e+02
  -5.2088646e+02
  -5.2171553e+02
  -5.2288203e+02
  -5.2300514e+02
  -5.2399329e+02
  -5.2476944e+02
  -5.2529563e+02
  -5.2617636e+02
  -5.2571896e+02
  -5.2641865e+02
  -5.2725498e+02
  -5.2803281e+02
  -5.2940684e+02
  -5.3043456e+02
  -5.3104258e+02
  -5.3221797e+02
  -5.3315900e+02
  -5.3354839e+02
  -5.3615106e+02
  -5.3859279e+02
  -5.3929769e+02
  -5.3978060e+02
  -5.4260899e+02
  -5.4438006e+02
  -5.4529352e+02
  -5.4564452e+02
  -5.4685359e+02
  -5.4740994e+02
  -5.4851868e+02
  -5.5023185e+02
  -5.5198281e+02
  -5.5052159e+02
  -5.5252608e+02
  -5.5510023e+02
  -5.5786765e+02
  -5.5530022e+02
  -5.5712113e+02
  -5.5511397e+02
  -5.5663773e+02
  -5.5649602e+02
  -5.5733474e+02
  -5.5775131e+02
  -5.5712640e+02
  -5.5812366e+02
  -5.5789938e+02
  -5.5676388e+02
  -5.5739618e+02
  -5.5720960e+02
  -5.5740991e+02
  -5.5862759e+02
  -5.5763491e+02
  -5.5895479e+02
  -5.6056326e+02
  -5.6131839e+02
  -5.6272943e+02
  -5.6366070e+02
  -5.6299891e+02
  -5.6410711e+02
  -5.6369738e+02
  -5.6498755e+02
  -5.6186750e+02
  -5.6500450e+02
  -5.6750999e+02
  -5.6923472e+02
  -5.6989363e+02
  -5.7014877e+02
  -5.7136054e+02
  -5.6904350e+02
  -5.6964942e+02
  -5.7076843e+02
  -5.7376231e+02
  -5.7599496e+02
  -5.7820707e+02
  -5.8107018e+02
  -5.8227655e+02
  -5.8237766e+02
  -5.8246869e+02
  -5.8287331e+02
  -5.8390957e+02
  -5.8235946e+02
  -5.8375482e+02
  -5.8183756e+02
  -5.8338350e+02
  -5.8263091e+02
  -5.8336373e+02
  -5.8464476e+02
  -5.8337109e+02
  -5.8460427e+02
  -5.8452443e+02
  -5.8625470e+02
  -5.8759768e+02
  -5.8824737e+02
  -5.8911142e+02
  -5.8830440e+02
  -5.8905891e+02
  -5.8976687e+02
  -5.8938296e+02
  -5.9114699e+02
  -5.9329168e+02
  -5.9382318e+02
  -5.9411179e+02
  -5.9471188e+02
  -5.9506190e+02
  -5.9608851e+02
  -5.9661036e+02
  -5.9764712e+02
  -5.9951215e+02
  -6.0127543e+02
  -6.0002560e+02
  -6.0143697e+02
  -6.0215430e+02
  -6.0219876e+02
  -6.0350013e+02
  -6.0180126e+02
  -6.0313559e+02
  -6.0330694e+02
  -6.0505416e+02
  -6.0694518e+02
  -6.0836411e+02
  -6.0845626e+02
  -6.0874720e+02
  -6.0981468e+02
  -6.1170904e+02
  -6.1335773e+02
  -6.1510223e+02
  -6.1304331e+02
  -6.1376705e+02
  -6.1377334e+02
  -6.1506752e+02
  -6.1614500e+02
  -6.1550390e+02
  -6.1745773e+02
  -6.1888111e+02
  -6.1951706e+02
  -6.2211210e+02
  -6.2442440e+02
  -6.2590754e+02
  -6.2690259e+02
  -6.2758758e+02
  -6.2851068e+02
  -6.2927655e+02
  -6.3050307e+02
  -6.3148723e+02
  -6.3140151e+02
  -6.3255362e+02
  -6.3354256e+02
  -6.3393633e+02
  -6.3516766e+02
  -6.3655504e+02
  -6.3682549e+02
  -6.3763784e+02
  -6.3846432e+02
  -6.3898640e+02
  -6.3990104e+02
  -6.3999130e+02
  -6.4064691e+02
  -6.4189529e+02
  -6.4200280e+02
  -6.4318424e+02
  -6.4432803e+02
  -6.4482878e+02
  -6.4559457e+02
  -6.4584382e+02
  -6.4645208e+02
  -6.4789119e+02
  -6.4897568e+02
  -6.4904044e+02
  -6.5019619e+02
  -6.5022493e+02
  -6.5133805e+02
  -6.5240275e+02
  -6.5198510e+02
  -6.5336608e+02
  -6.5584121e+02
  -6.5310726e+02
  -6.5500369e+02
  -6.5577993e+02
  -6.5575478e+02
  -6.5687649e+02
  -6.5747032e+02
  -6.5823992e+02
  -6.5814133e+02
  -6.5856200e+02
  -6.5560560e+02
  -6.5692086e+02
  -6.5746729e+02
  -6.5719787e+02
  -6.5749286e+02
  -6.5859382e+02
  -6.5653456e+02
  -6.5788674e+02
  -6.5820630e+02
  -6.5802155e+02
  -6.6100696e+02
  -6.6340548e+02
  -6.6394035e+02
  -6.6389539e+02
  -6.6456933e+02
  -6.6407986e+02
  -6.6462580e+02
  -6.6509513e+02
  -6.6605822e+02
  -6.6617628e+02
  -6.6608984e+02
  -6.6780363e+02
  -6.6847493e+02
  -6.6954711e+02
  -6.7084488e+02
  -6.7162307e+02
  -6.7179459e+02
  -6.7314333e+02
  -6.7417683e+02
  -6.7446273e+02
  -6.7548924e+02
  -6.7591205e+02
  -6.7654976e+02
  -6.7632168e+02
  -6.7731095e+02
  -6.7824811e+02
  -6.7731780e+02
  -6.7920773e+02
  -6.8151883e+02
  -6.8128787e+02
  -6.8250050e+02
  -6.8389785e+02
  -6.8308567e+02
  -6.8456319e+02
  -6.8169691e+02
  -6.8390106e+02
  -6.8580868e+02
  -6.8700515e+02
  -6.8828710e+02
  -6.8977028e+02
  -6.8856119e+02
  -6.9033345e+02
  -6.8730233e+02
  -6.8892543e+02
  -6.8930265e+02
  -6.8923810e+02
  -6.8986151e+02
  -6.8999131e+02
  -6.9169564e+02
  -6.8857332e+02
  -6.9111405e+02
  -6.8797364e+02
  -6.8869111e+02
  -6.8896380e+02
  -6.8980846e+02
  -6.9033960e+02
  -6.9101823e+02
  -6.9208278e+02
  -6.9339848e+02
  -6.9486990e+02
  -6.9420263e+02
  -6.9515166e+02
  -6.9648400e+02
  -6.9665774e+02
  -6.9749902e+02
  -6.9925207e+02
  -7.0117155e+02
  -6.9976741e+02
  -7.0117780e+02
  -7.0137651e+02
  -7.0235350e+02
  -7.0349822e+02
  -7.0309584e+02
  -7.0457230e+02
  -7.0596898e+02
  -7.0651313e+02
  -7.0720530e+02
  -7.0803784e+02
  -7.0861701e+02
  -7.0946052e+02
  -7.0971987e+02
  -7.1059290e+02
  -7.1201636e+02
  -7.1278593e+02
  -7.1307364e+02
  -7.1426337e+02
  -7.1479488e+02
  -7.1532371e+02
  -7.1657371e+02
  -7.1749281e+02
  -7.1785898e+02
  -7.1907822e+02
  -7.2028315e+02
  -7.1909889e+02
  -7.2027802e+02
  -7.2166622e+02
  -7.2079969e+02
  -7.2244970e+02
  -7.2413133e+02
  -7.2521717e+02
  -7.2540805e+02
  -7.2636599e+02
  -7.2735816e+02
  -7.2675531e+02
  -7.2754194e+02
  -7.2582128e+02
  -7.2671792e+02
  -7.2784489e+02
  -7.3023577e+02
  -7.3185006e+02
  -7.3260858e+02
  -7.3305109e+02
  -7.3439482e+02
  -7.3167286e+02
  -7.3185577e+02
  -7.3231837e+02
  -7.3346630e+02
  -7.3350957e+02
  -7.3402333e+02
  -7.3529067e+02
  -7.3497192e+02
  -7.3638392e+02
  -7.3793282e+02
  -7.3772146e+02
  -7.3880167e+02
  -7.3898716e+02
  -7.3950723e+02
  -7.4091848e+02
  -7.3781662e+02
  -7.4069378e+02
  -7.4293676e+02
  -7.4390146e+02
  -7.4473834e+02
  -7.4570674e+02
  -7.4538540e+02
  -7.4643164e+02
  -7.4748396e+02
  -7.4812125e+02
  -7.5024626e+02
  -7.5224635e+02
  -7.5487409e+02
  -7.5726077e+02
  -7.5805526e+02
  -7.5847498e+02
  -7.5954800e+02
  -7.6070120e+02
  -7.5881662e+02
  -7.6068973e+02
  -7.6277781e+02
  -7.6435970e+02
  -7.6281081e+02
  -7.6408630e+02
  -7.6425811e+02
  -7.6468053e+02
  -7.6649144e+02
  -7.6925271e+02
  -7.7028797e+02
  -7.7045038e+02
  -7.7166921e+02
  -7.6995359e+02
  -7.7132842e+02
  -7.7268535e+02
  -7.7495755e+02
  -7.7630398e+02
  -7.7757639e+02
  -7.7629594e+02
  -7.7732365e+02
  -7.7813494e+02
  -7.7800705e+02
  -7.7951820e+02
  -7.7717642e+02
  -7.7897948e+02
  -7.7607229e+02
  -7.7732908e+02
  -7.7788039e+02
  -7.7809790e+02
  -7.7810053e+02
  -7.7946755e+02
  -7.8105917e+02
  -7.8178743e+02
  -7.8263104e+02
  -7.8381706e+02
  -7.8327792e+02
  -7.8442792e+02
  -7.8640872e+02
  -7.8442384e+02
  -7.8678028e+02
  -7.8859144e+02
  -7.8972969e+02
  -7.9022748e+02
  -7.8959373e+02
  -7.9047700e+02
  -7.9096219e+02
  -7.9101025e+02
  -7.9232758e+02
  -7.9313803e+02
  -7.9333744e+02
  -7.9472577e+02
  -7.9553861e+02
  -7.9541794e+02
  -7.9614910e+02
  -7.9666838e+02
  -7.9776984e+02
  -7.9935952e+02
  -8.0067430e+02
  -8.0128109e+02
  -8.0107654e+02
  -8.0184107e+02
  -8.0273466e+02
  -8.0307265e+02
  -8.0380965e+02
  -8.0327894e+02
  -8.0420027e+02
  -8.0677227e+02
  -8.0853050e+02
  -8.0752305e+02
  -8.0866848e+02
  -8.0790779e+02
  -8.0891002e+02
  -8.1016242e+02
  -8.1098599e+02
  -8.1166621e+02
  -8.1263840e+02
  -8.1316196e+02
  -8.1402501e+02
  -8.1465573e+02
  -8.1515688e+02
  -8.1609396e+02
  -8.1600983e+02
  -8.1659778e+02
  -8.1777466e+02
  -8.1874367e+02
  -8.2001900e+02
  -8.2110349e+02
  -8.2098985e+02
  -8.2205675e+02
  -8.2281631e+02
  -8.2269482e+02
  -8.2446816e+02
  -8.2560088e+02
  -8.2597175e+02
  -8.2720322e+02
  -8.2728707e+02
  -8.2764250e+02
  -8.2951747e+02
  -8.3252518e+02
  -8.3340672e+02
  -8.3338601e+02
  -8.3374117e+02
  -8.3449222e+02
  -8.3579954e+02
  -8.3845234e+02
  -8.3856663e+02
  -8.3972100e+02
  -8.4123435e+02
  -8.3916237e+02
  -8.4071138e+02
  -8.4126160e+02
  -8.4145767e+02
  -8.4279951e+02
  -8.4377155e+02
  -8.4515113e+02
  -8.4640559e+02
  -8.4639965e+02
  -8.4728494e+02
  -8.4867150e+02
  -8.4791274e+02
  -8.4945093e+02
  -8.5107282e+02
  -8.5207093e+02
  -8.5282374e+02
  -8.5377120e+02
  -8.5323790e+02
  -8.5451292e+02
  -8.5611150e+02
  -8.5717757e+02
  -8.5752584e+02
  -8.5839348e+02
  -8.5828892e+02
  -8.5888415e+02
  -8.5872647e+02
  -8.5985834e+02
  -8.5977657e+02
  -8.6090555e+02
  -8.6296740e+02
  -8.6491621e+02
  -8.6316115e+02
  -8.6464016e+02
  -8.6519714e+02
  -8.6546205e+02
  -8.6615745e+02
  -8.6559530e+02
  -8.6690501e+02
  -8.6543480e+02
  -8.6704720e+02
  -8.6931703e+02
  -8.6656238e+02
  -8.6951663e+02
  -8.7155213e+02
  -8.7312228e+02
  -8.7132790e+02
  -8.7241744e+02
  -8.7380505e+02
  -8.7646736e+02
  -8.7745503e+02
  -8.7800082e+02
  -8.7925695e+02
  -8.8093974e+02
  -8.8205021e+02
  -8.8213839e+02
  -8.8359003e+02
  -8.8509118e+02
  -8.8697580e+02
  -8.8892475e+02
  -8.9029016e+02
  -8.9111511e+02
  -8.9201048e+02
  -8.9416856e+02
  -8.9543004e+02
  -8.9576778e+02
  -8.9625361e+02
  -8.9672689e+02
  -8.9737322e+02
  -8.9868195e+02
  -8.9592836e+02
  -8.9750354e+02
  -8.9693797e+02
  -8.9739370e+02
  -8.9649638e+02
  -8.9763020e+02
  -8.9822240e+02
  -8.9819740e+02
  -8.9945063e+02
  -9.0032981e+02
  -9.0104149e+02
  -9.0219516e+02
  -9.0288025e+02
  -9.0373682e+02
  -9.0484915e+02
  -9.0509283e+02
  -9.0597986e+02
  -9.0700919e+02
  -9.0750614e+02
  -9.0856896e+02
  -9.0955387e+02
  -9.0988143e+02
  -9.1071792e+02
  -9.1177248e+02
  -9.1224588e+02
  -9.1318035e+02
  -9.1386925e+02
  -9.1484122e+02
  -9.1594477e+02
  -9.1536215e+02
  -9.1608162e+02
  -9.1686566e+02
  -9.1730674e+02
  -9.1922505e+02
  -9.2142084e+02
  -9.2204656e+02
  -9.2277847e+02
  -9.2348371e+02
  -9.2271180e+02
  -9.2421215e+02
  -9.2617956e+02
  -9.2833763e+02
  -9.2876906e+02
  -9.3006406e+02
  -9.3181113e+02
  -9.3344803e+02
  -9.3493074e+02
  -9.3277229e+02
  -9.3435875e+02
  -9.3579817e+02
  -9.3521125e+02
  -9.3633365e+02
  -9.3776380e+02
  -9.3861531e+02
  -9.3947327e+02
  -9.4078718e+02
  -9.3957659e+02
  -9.4062597e+02
  -9.4167121e+02
  -9.4202601e+02
  -9.4355701e+02
  -9.4531497e+02
  -9.4677906e+02
  -9.4722864e+02
  -9.4706903e+02
  -9.4883118e+02
  -9.5104484e+02
  -9.5287858e+02
  -9.5164713e+02
  -9.5318285e+02
  -9.5557626e+02
  -9.5866503e+02
  -9.5945735e+02
  -9.6017147e+02
  -9.6163125e+02
  -9.6184012e+02
  -9.6288127e+02
  -9.6446363e+02
  -9.6544762e+02
  -9.6535373e+02
  -9.6654426e+02
  -9.6757870e+02
  -9.6744584e+02
  -9.6941336e+02
  -9.7109653e+02
  -9.7182286e+02
  -9.7244201e+02
  -9.7238366e+02
  -9.7346434e+02
  -9.7524061e+02
  -9.7279504e+02
  -9.7539877e+02
  -9.7734510e+02
  -9.7837300e+02
  -9.7916030e+02
  -9.8087285e+02
  -9.8382155e+02
  -9.8668604e+02
  -9.8857580e+02
  -9.8809396e+02
  -9.8911395e+02
  -9.8996204e+02
  -9.8991469e+02
  -9.9075533e+02
  -9.9154661e+02
  -9.9263295e+02
  -9.9072424e+02
  -9.9277168e+02
  -9.9507644e+02
  -9.9714938e+02
  -9.9547909e+02
  -9.9707045e+02
  -9.9810789e+02
  -9.9839370e+02
  -9.9999009e+02
  -9.9726130e+02
  -1.0003093e+03
  -1.0021250e+03
  -1.0008946e+03
  -1.0023787e+03
  -1.0020036e+03
  -1.0028591e+03
  -1.0043756e+03
  -1.0057108e+03
  -1.0053136e+03
  -1.0070513e+03
  -1.0081035e+03
  -1.0081006e+03
  -1.0089152e+03
  -1.0091117e+03
  -1.0097569e+03
  -1.0105143e+03
  -1.0112452e+03
  -1.0122019e+03
  -1.0131533e+03
  -1.0141115e+03
  -1.0150311e+03
  -1.0157808e+03
  -1.0169382e+03
  -1.0184869e+03
  -1.0183546e+03
  -1.0190061e+03
  -1.0201930e+03
  -1.0205750e+03
  -1.0213861e+03
  -1.0222761e+03
  -1.0227169e+03
  -1.0231525e+03
  -1.0220896e+03
  -1.0240865e+03
  -1.0267248e+03
  -1.0281800e+03
  -1.0271335e+03
  -1.0276923e+03
  -1.0279878e+03
  -1.0284869e+03
  -1.0285666e+03
  -1.0296740e+03
  -1.0325778e+03
  -1.0340660e+03
  -1.0345001e+03
  -1.0353962e+03
  -1.0364362e+03
  -1.0371163e+03
  -1.0381988e+03
  -1.0392599e+03
  -1.0400009e+03
  -1.0412028e+03
  -1.0427236e+03
  -1.0410662e+03
  -1.0432718e+03
  -1.0459195e+03
  -1.0473201e+03
  -1.0462308e+03
  -1.0469896e+03
  -1.0478308e+03
  -1.0495185e+03
  -1.0467398e+03
  -1.0485210e+03
  -1.0513867e+03
  -1.0541891e+03
  -1.0521136e+03
  -1.0536289e+03
  -1.0529658e+03
  -1.0536819e+03
  -1.0532194e+03
  -1.0540540e+03
  -1.0558038e+03
  -1.0587221e+03
  -1.0605344e+03
  -1.0593789e+03
  -1.0599338e+03
  -1.0593064e+03
  -1.0601453e+03
  -1.0605850e+03
  -1.0609796e+03
  -1.0615274e+03
  -1.0625196e+03
  -1.0639080e+03
  -1.0654282e+03
  -1.0637028e+03
  -1.0648160e+03
  -1.0657577e+03
  -1.0665979e+03
  -1.0669889e+03
  -1.0675845e+03
  -1.0684899e+03
  -1.0693419e+03
  -1.0702681e+03
  -1.0711719e+03
  -1.0718082e+03
  -1.0725585e+03
  -1.0734480e+03
  -1.0742664e+03
  -1.0749631e+03
  -1.0755656e+03
  -1.0763662e+03
  -1.0772574e+03
  -1.0780184e+03
  -1.0787249e+03
  -1.0793294e+03
  -1.0799565e+03
  -1.0808658e+03
  -1.0816165e+03
  -1.0823335e+03
  -1.0832777e+03
  -1.0839665e+03
  -1.0848688e+03
  -1.0859808e+03
  -1.0859254e+03
  -1.0868361e+03
  -1.0884356e+03
  -1.0896730e+03
  -1.0899727e+03
  -1.0907672e+03
  -1.0911669e+03
  -1.0921291e+03
  -1.0932866e+03
  -1.0927170e+03
  -1.0946688e+03
  -1.0968086e+03
  -1.0980279e+03
  -1.0974202e+03
  -1.0986827e+03
  -1.0985352e+03
  -1.0995559e+03
  -1.1009857e+03
  -1.1010159e+03
  -1.1022922e+03
  -1.1032364e+03
  -1.1031355e+03
  -1.1043498e+03
  -1.1051779e+03
  -1.1054640e+03
  -1.1070531e+03
  -1.1084136e+03
  -1.1090997e+03
  -1.1105107e+03
  -1.1136339e+03
  -1.1163656e+03
  -1.1176378e+03
  -1.1183222e+03
  -1.1194541e+03
  -1.1212916e+03
  -1.1194782e+03
  -1.1212638e+03
  -1.1225166e+03
  -1.1237338e+03
  -1.1254365e+03
  -1.1279615e+03
  -1.1307865e+03
  -1.1331839e+03
  -1.1351744e+03
  -1.1336667e+03
  -1.1354739e+03
  -1.1374758e+03
  -1.1393306e+03
  -1.1406999e+03
  -1.1416827e+03
  -1.1409855e+03
  -1.1428045e+03
  -1.1455598e+03
  -1.1471609e+03
  -1.1473370e+03
  -1.1477005e+03
  -1.1472136e+03
  -1.1479753e+03
  -1.1494386e+03
  -1.1470896e+03
  -1.1480609e+03
  -1.1475808e+03
  -1.1490722e+03
  -1.1508376e+03
  -1.1505004e+03
  -1.1519881e+03
  -1.1532218e+03
  -1.1541067e+03
  -1.1535165e+03
  -1.1543559e+03
  -1.1555248e+03
  -1.1550627e+03
  -1.1558233e+03
  -1.1573625e+03
  -1.1583718e+03
  -1.1593357e+03
  -1.1601184e+03
  -1.1600631e+03
  -1.1609690e+03
  -1.1618926e+03
  -1.1625962e+03
  -1.1634289e+03
  -1.1640531e+03
  -1.1647972e+03
  -1.1657822e+03
  -1.1663600e+03
  -1.1669934e+03
  -1.1678978e+03
  -1.1686229e+03
  -1.1695779e+03
  -1.1705782e+03
  -1.1709537e+03
  -1.1717848e+03
  -1.1727065e+03
  -1.1732049e+03
  -1.1739372e+03
  -1.1745433e+03
  -1.1751971e+03
  -1.1763222e+03
  -1.1772794e+03
  -1.1780007e+03
  -1.1789049e+03
  -1.1790865e+03
  -1.1798972e+03
  -1.1812379e+03
  -1.1797696e+03
  -1.1811408e+03
  -1.1821439e+03
  -1.1826901e+03
  -1.1839372e+03
  -1.1849115e+03
  -1.1854537e+03
  -1.1863940e+03
  -1.1864299e+03
  -1.1870925e+03
  -1.1888108e+03
  -1.1906411e+03
  -1.1919496e+03
  -1.1934096e+03
  -1.1947872e+03
  -1.1954307e+03
  -1.1968562e+03
  -1.1983006e+03
  -1.1970364e+03
  -1.1982057e+03
  -1.1994351e+03
  -1.2002274e+03
  -1.2009960e+03
  -1.2020274e+03
  -1.2031421e+03
  -1.2039107e+03
  -1.2038101e+03
  -1.2052142e+03
  -1.2076408e+03
  -1.2045677e+03
  -1.2069590e+03
  -1.2094032e+03
  -1.2075459e+03
  -1.2096542e+03
  -1.2112129e+03
  -1.2105967e+03
  -1.2116269e+03
  -1.2095573e+03
  -1.2114704e+03
  -1.2132002e+03
  -1.2140224e+03
  -1.2153467e+03
  -1.2164722e+03
  -1.2170656e+03
  -1.2182014e+03
  -1.2204121e+03
  -1.2172973e+03
  -1.2144026e+03
  -1.2167931e+03
  -1.2139352e+03
  -1.2162644e+03
  -1.2182353e+03
  -1.2161715e+03
  -1.2175781e+03
  -1.2184641e+03
  -1.2192672e+03
  -1.2206811e+03
  -1.2201274e+03
  -1.2210929e+03
  -1.2221812e+03
  -1.2226572e+03
  -1.2225610e+03
  -1.2233471e+03
  -1.2243418e+03
  -1.2241208e+03
  -1.2253593e+03
  -1.2271980e+03
  -1.2284850e+03
  -1.2286445e+03
  -1.2294316e+03
  -1.2303860e+03
  -1.2311284e+03
  -1.2319838e+03
  -1.2301005e+03
  -1.2313139e+03
  -1.2325636e+03
  -1.2341601e+03
  -1.2356477e+03
  -1.2354410e+03
  -1.2364072e+03
  -1.2338601e+03
  -1.2359231e+03
  -1.2381756e+03
  -1.2408368e+03
  -1.2426483e+03
  -1.2416272e+03
  -1.2432978e+03
  -1.2456542e+03
  -1.2481972e+03
  -1.2502332e+03
  -1.2523233e+03
  -1.2522819e+03
  -1.2531612e+03
  -1.2542777e+03
  -1.2553884e+03
  -1.2538763e+03
  -1.2553478e+03
  -1.2581426e+03
  -1.2606748e+03
  -1.2636352e+03
  -1.2659879e+03
  -1.2674324e+03
  -1.2660490e+03
  -1.2673718e+03
  -1.2687465e+03
  -1.2669929e+03
  -1.2684246e+03
  -1.2697636e+03
  -1.2697525e+03
  -1.2711559e+03
  -1.2726905e+03
  -1.2733101e+03
  -1.2730863e+03
  -1.2742359e+03
  -1.2738069e+03
  -1.2751325e+03
  -1.2773246e+03
  -1.2795919e+03
  -1.2780007e+03
  -1.2796201e+03
  -1.2810407e+03
  -1.2796654e+03
  -1.2809213e+03
  -1.2820459e+03
  -1.2827724e+03
  -1.2839162e+03
  -1.2848252e+03
  -1.2850277e+03
  -1.2856590e+03
  -1.2862088e+03
  -1.2866489e+03
  -1.2876471e+03
  -1.2889426e+03
  -1.2901206e+03
  -1.2896898e+03
  -1.2906987e+03
  -1.2914559e+03
  -1.2926138e+03
  -1.2936879e+03
  -1.2935700e+03
  -1.2947250e+03
  -1.2953981e+03
  -1.2955503e+03
  -1.2971636e+03
  -1.2986268e+03
  -1.2976023e+03
  -1.2989852e+03
  -1.3000223e+03
  -1.2994354e+03
  -1.3007488e+03
  -1.3015383e+03
  -1.3025148e+03
  -1.3037045e+03
  -1.3035422e+03
  -1.3046768e+03
  -1.3057353e+03
  -1.3048764e+03
  -1.3059705e+03
  -1.3059218e+03
  -1.3070363e+03
  -1.3094607e+03
  -1.3119514e+03
  -1.3129915e+03
  -1.3138656e+03
  -1.3160225e+03
  -1.3132484e+03
  -1.3158037e+03
  -1.3176397e+03
  -1.3172214e+03
  -1.3180958e+03
  -1.3196272e+03
  -1.3203532e+03
  -1.3216063e+03
  -1.3229534e+03
  -1.3224455e+03
  -1.3238795e+03
  -1.3216681e+03
  -1.3236548e+03
  -1.3255148e+03
  -1.3236347e+03
  -1.3260743e+03
  -1.3282844e+03
  -1.3296141e+03
  -1.3291240e+03
  -1.3305037e+03
  -1.3291046e+03
  -1.3307265e+03
  -1.3286276e+03
  -1.3298950e+03
  -1.3286884e+03
  -1.3297732e+03
  -1.3299364e+03
  -1.3306663e+03
  -1.3314354e+03
  -1.3314783e+03
  -1.3328164e+03
  -1.3348996e+03
  -1.3335598e+03
  -1.3357399e+03
  -1.3347947e+03
  -1.3362247e+03
  -1.3376342e+03
  -1.3382482e+03
  -1.3389290e+03
  -1.3401013e+03
  -1.3400469e+03
  -1.3412536e+03
  -1.3420976e+03
  -1.3425396e+03
  -1.3436789e+03
  -1.3441425e+03
  -1.3445110e+03
  -1.3457671e+03
  -1.3463473e+03
  -1.3469960e+03
  -1.3479237e+03
  -1.3477830e+03
  -1.3488544e+03
  -1.3499434e+03
  -1.3499995e+03
  -1.3509667e+03
  -1.3520689e+03
  -1.3526860e+03
  -1.3535322e+03
  -1.3543031e+03
  -1.3549626e+03
  -1.3557457e+03
  -1.3563392e+03
  -1.3577218e+03
  -1.3551459e+03
  -1.3577234e+03
  -1.3593846e+03
  -1.3601083e+03
  -1.3605849e+03
  -1.3609710e+03
  -1.3613584e+03
  -1.3626570e+03
  -1.3645733e+03
  -1.3619850e+03
  -1.3651017e+03
  -1.3669146e+03
  -1.3665417e+03
  -1.3678010e+03
  -1.3668626e+03
  -1.3680902e+03
  -1.3698272e+03
  -1.3718280e+03
  -1.3716982e+03
  -1.3728627e+03
  -1.3725744e+03
  -1.3732090e+03
  -1.3740983e+03
  -1.3736464e+03
  -1.3746821e+03
  -1.3758234e+03
  -1.3768930e+03
  -1.3764226e+03
  -1.3778090e+03
  -1.3792513e+03
  -1.3805202e+03
  -1.3803953e+03
  -1.3806558e+03
  -1.3812410e+03
  -1.3814877e+03
  -1.3831036e+03
  -1.3860496e+03
  -1.3873219e+03
  -1.3858259e+03
  -1.3859892e+03
  -1.3870484e+03
  -1.3879508e+03
  -1.3877061e+03
  -1.3887951e+03
  -1.3908783e+03
  -1.3924925e+03
  -1.3934621e+03
  -1.3916371e+03
  -1.3929678e+03
  -1.3941928e+03
  -1.3941175e+03
  -1.3951549e+03
  -1.3968722e+03
  -1.3963561e+03
  -1.3977875e+03
  -1.3994053e+03
  -1.3980605e+03
  -1.3993605e+03
  -1.4002432e+03
  -1.4001968e+03
  -1.3986273e+03
  -1.3997633e+03
  -1.4010342e+03
  -1.3996064e+03
  -1.4007748e+03
  -1.3994667e+03
  -1.4003913e+03
  -1.3995548e+03
  -1.4008097e+03
  -1.4015446e+03
  -1.4019469e+03
  -1.4034031e+03
  -1.4013743e+03
  -1.4035819e+03
  -1.4050526e+03
  -1.4062719e+03
  -1.4074098e+03
  -1.4079650e+03
  -1.4084900e+03
  -1.4096421e+03
  -1.4102150e+03
  -1.4107913e+03
  -1.4118903e+03
  -1.4120147e+03
  -1.4125035e+03
  -1.4136611e+03
  -1.4146058e+03
  -1.4155963e+03
  -1.4164041e+03
  -1.4169592e+03
  -1.4181690e+03
  -1.4191142e+03
  -1.4186226e+03
  -1.4198528e+03
  -1.4208230e+03
  -1.4213255e+03
  -1.4224166e+03
  -1.4228713e+03
  -1.4236830e+03
  -1.4249103e+03
  -1.4240705e+03
  -1.4253262e+03
  -1.4262432e+03
  -1.4262908e+03
  -1.4278345e+03
  -1.4280931e+03
  -1.4287522e+03
  -1.4300023e+03
  -1.4293533e+03
  -1.4305660e+03
  -1.4313459e+03
  -1.4315092e+03
  -1.4326387e+03
  -1.4327687e+03
  -1.4340117e+03
  -1.4357351e+03
  -1.4352229e+03
  -1.4363795e+03
  -1.4380613e+03
  -1.4363842e+03
  -1.4385182e+03
  -1.4363685e+03
  -1.4386434e+03
  -1.4413686e+03
  -1.4434733e+03
  -1.4418765e+03
  -1.4436607e+03
  -1.4454549e+03
  -1.4438182e+03
  -1.4459667e+03
  -1.4430175e+03
  -1.4458655e+03
  -1.4483293e+03
  -1.4500731e+03
  -1.4485157e+03
  -1.4496672e+03
  -1.4505604e+03
  -1.4516355e+03
  -1.4529030e+03
  -1.4536097e+03
  -1.4542624e+03
  -1.4550548e+03
  -1.4563023e+03
  -1.4591640e+03
  -1.4621125e+03
  -1.4638655e+03
  -1.4667471e+03
  -1.4637165e+03
  -1.4656270e+03
  -1.4670123e+03
  -1.4679421e+03
  -1.4694034e+03
  -1.4668408e+03
  -1.4692200e+03
  -1.4709858e+03
  -1.4720745e+03
  -1.4720585e+03
  -1.4738362e+03
  -1.4752283e+03
  -1.4758661e+03
  -1.4776079e+03
  -1.4797134e+03
  -1.4776498e+03
  -1.4790728e+03
  -1.4782905e+03
  -1.4794614e+03
  -1.4801869e+03
  -1.4804358e+03
  -1.4817258e+03
  -1.4797253e+03
  -1.4810149e+03
  -1.4800691e+03
  -1.4807389e+03
  -1.4803516e+03
  -1.4815801e+03
  -1.4790614e+03
  -1.4811329e+03
  -1.4827158e+03
  -1.4847631e+03
  -1.4873086e+03
  -1.4872306e+03
  -1.4865823e+03
  -1.4871616e+03
  -1.4872228e+03
  -1.4871984e+03
  -1.4885860e+03
  -1.4899757e+03
  -1.4893295e+03
  -1.4902655e+03
  -1.4915665e+03
  -1.4924061e+03
  -1.4924995e+03
  -1.4934370e+03
  -1.4944027e+03
  -1.4944232e+03
  -1.4958612e+03
  -1.4985345e+03
  -1.4962739e+03
  -1.4982723e+03
  -1.4994905e+03
  -1.4996711e+03
  -1.5001438e+03
  -1.5008470e+03
