   3.1415927e+00
   6.0316013e+00
   4.4543337e+00
   3.3703305e+00
   2.6733082e+00
   1.7547434e+00
   8.9011309e-01
   5.9533321e-02
  -8.8886616e-01
  -1.7089876e+00
  -2.5977206e+00
  -3.5431307e+00
  -4.2748667e+00
  -5.1916828e+00
  -6.2553853e+00
  -6.8432989e+00
  -7.4327731e+00
  -8.4423204e+00
  -9.1792363e+00
  -9.6248549e+00
  -9.9421398e+00
  -1.0499867e+01
  -1.1321989e+01
  -1.2006183e+01
  -1.2829301e+01
  -1.3767217e+01
  -1.4600585e+01
  -1.5442659e+01
  -1.6342834e+01
  -1.7181067e+01
  -1.8036566e+01
  -1.8972839e+01
  -1.9917263e+01
  -2.0865269e+01
  -2.1839035e+01
  -2.2811411e+01
  -2.3773804e+01
  -2.4735146e+01
  -2.5671928e+01
  -2.6576141e+01
  -2.7482283e+01
  -2.8403341e+01
  -2.9327164e+01
  -3.0240366e+01
  -3.1142465e+01
  -3.2064762e+01
  -3.3012208e+01
  -3.3943775e+01
  -3.4861209e+01
  -3.5807931e+01
  -3.6773330e+01
  -3.7731358e+01
  -3.8692737e+01
  -3.9647942e+01
  -4.0560972e+01
  -4.1445392e+01
  -4.2334331e+01
  -4.3217324e+01
  -4.4092488e+01
  -4.4962431e+01
  -4.5810262e+01
  -4.6638634e+01
  -4.7445305e+01
  -4.8232492e+01
  -4.9027607e+01
  -4.9803974e+01
  -5.0569116e+01
  -5.1362156e+01
  -5.2113652e+01
  -5.2821249e+01
  -5.3536503e+01
  -5.4220177e+01
  -5.4938462e+01
  -5.5682021e+01
  -5.6410115e+01
  -5.7188492e+01
  -5.7963718e+01
  -5.8727158e+01
  -5.9544013e+01
  -6.0358133e+01
  -6.1174236e+01
  -6.2026719e+01
  -6.2870033e+01
  -6.3723279e+01
  -6.4596372e+01
  -6.5453013e+01
  -6.6337949e+01
  -6.7242958e+01
  -6.8119909e+01
  -6.9026723e+01
  -6.9948187e+01
  -7.0817748e+01
  -7.1721128e+01
  -7.2662342e+01
  -7.3569783e+01
  -7.4512642e+01
  -7.5483700e+01
  -7.6410017e+01
  -7.7363535e+01
  -7.8339010e+01
  -7.9247854e+01
  -8.0164615e+01
  -8.1115963e+01
  -8.2024839e+01
  -8.2941274e+01
  -8.3882167e+01
  -8.4780601e+01
  -8.5681247e+01
  -8.6597728e+01
  -8.7475957e+01
  -8.8368610e+01
  -8.9280345e+01
  -9.0154238e+01
  -9.1047765e+01
  -9.1956921e+01
  -9.2818805e+01
  -9.3709995e+01
  -9.4638584e+01
  -9.5531942e+01
  -9.6457733e+01
  -9.7424329e+01
  -9.8340269e+01
  -9.9294956e+01
  -1.0037352e+02
  -1.0184730e+02
  -1.0490148e+02
  -1.0595990e+02
  -1.0704312e+02
  -1.0804091e+02
  -1.0898509e+02
  -1.0997280e+02
  -1.1094101e+02
  -1.1186898e+02
  -1.1280100e+02
  -1.1363875e+02
  -1.1435429e+02
  -1.1507413e+02
  -1.1558771e+02
  -1.1610920e+02
  -1.1685262e+02
  -1.1765906e+02
  -1.1853106e+02
  -1.1938809e+02
  -1.2021251e+02
  -1.2108306e+02
  -1.2193516e+02
  -1.2275746e+02
  -1.2361734e+02
  -1.2445338e+02
  -1.2528193e+02
  -1.2615765e+02
  -1.2700191e+02
  -1.2783971e+02
  -1.2872227e+02
  -1.2956678e+02
  -1.3040564e+02
  -1.3128635e+02
  -1.3212975e+02
  -1.3298008e+02
  -1.3387399e+02
  -1.3472777e+02
  -1.3559152e+02
  -1.3649634e+02
  -1.3736214e+02
  -1.3824079e+02
  -1.3915527e+02
  -1.4002972e+02
  -1.4092568e+02
  -1.4185534e+02
  -1.4273592e+02
  -1.4364036e+02
  -1.4458293e+02
  -1.4547670e+02
  -1.4640084e+02
  -1.4736451e+02
  -1.4826683e+02
  -1.4919219e+02
  -1.5016266e+02
  -1.5107035e+02
  -1.5199782e+02
  -1.5297372e+02
  -1.5388242e+02
  -1.5480096e+02
  -1.5576515e+02
  -1.5666702e+02
  -1.5758557e+02
  -1.5855342e+02
  -1.5945774e+02
  -1.6037633e+02
  -1.6133366e+02
  -1.6221101e+02
  -1.6311462e+02
  -1.6408111e+02
  -1.6497125e+02
  -1.6589083e+02
  -1.6687571e+02
  -1.6776433e+02
  -1.6867628e+02
  -1.6968285e+02
  -1.7060415e+02
  -1.7153994e+02
  -1.7257989e+02
  -1.7352759e+02
  -1.7445622e+02
  -1.7549336e+02
  -1.7645141e+02
  -1.7738677e+02
  -1.7842868e+02
  -1.7938640e+02
  -1.8028652e+02
  -1.8127850e+02
  -1.8222033e+02
  -1.8312510e+02
  -1.8410658e+02
  -1.8503276e+02
  -1.8591152e+02
  -1.8685756e+02
  -1.8776859e+02
  -1.8865544e+02
  -1.8960686e+02
  -1.9051525e+02
  -1.9139316e+02
  -1.9234801e+02
  -1.9328670e+02
  -1.9418813e+02
  -1.9513747e+02
  -1.9607500e+02
  -1.9699366e+02
  -1.9795799e+02
  -1.9884440e+02
  -1.9961135e+02
  -2.0044023e+02
  -2.0123465e+02
  -2.0204204e+02
  -2.0296330e+02
  -2.0380988e+02
  -2.0465155e+02
  -2.0559520e+02
  -2.0644513e+02
  -2.0728956e+02
  -2.0825359e+02
  -2.0910786e+02
  -2.0996645e+02
  -2.1095619e+02
  -2.1178748e+02
  -2.1263064e+02
  -2.1366076e+02
  -2.1451887e+02
  -2.1548604e+02
  -2.1679631e+02
  -2.1783377e+02
  -2.1867005e+02
  -2.2039533e+02
  -2.2207971e+02
  -2.2287092e+02
  -2.2384789e+02
  -2.2503725e+02
  -2.2585596e+02
  -2.2676984e+02
  -2.2790460e+02
  -2.2874160e+02
  -2.2959604e+02
  -2.3065836e+02
  -2.3148917e+02
  -2.3233321e+02
  -2.3340197e+02
  -2.3428504e+02
  -2.3512450e+02
  -2.3612840e+02
  -2.3696039e+02
  -2.3783200e+02
  -2.3887554e+02
  -2.3974566e+02
  -2.4062699e+02
  -2.4166813e+02
  -2.4253992e+02
  -2.4340867e+02
  -2.4442574e+02
  -2.4529353e+02
  -2.4618117e+02
  -2.4722505e+02
  -2.4807994e+02
  -2.4890294e+02
  -2.4988121e+02
  -2.5071959e+02
  -2.5159212e+02
  -2.5260891e+02
  -2.5347253e+02
  -2.5436470e+02
  -2.5538573e+02
  -2.5624218e+02
  -2.5712690e+02
  -2.5816901e+02
  -2.5906098e+02
  -2.5995218e+02
  -2.6099947e+02
  -2.6187295e+02
  -2.6273248e+02
  -2.6379561e+02
  -2.6470986e+02
  -2.6561157e+02
  -2.6672790e+02
  -2.6765710e+02
  -2.6851871e+02
  -2.6964179e+02
  -2.7065778e+02
  -2.7158422e+02
  -2.7272573e+02
  -2.7371981e+02
  -2.7453924e+02
  -2.7560385e+02
  -2.7663522e+02
  -2.7749732e+02
  -2.7853037e+02
  -2.7954901e+02
  -2.8040232e+02
  -2.8138572e+02
  -2.8239872e+02
  -2.8330404e+02
  -2.8431950e+02
  -2.8535227e+02
  -2.8618547e+02
  -2.8707706e+02
  -2.8798023e+02
  -2.8868600e+02
  -2.8959022e+02
  -2.9052115e+02
  -2.9127178e+02
  -2.9222766e+02
  -2.9320472e+02
  -2.9403670e+02
  -2.9500090e+02
  -2.9595598e+02
  -2.9678353e+02
  -2.9779057e+02
  -2.9876686e+02
  -2.9955859e+02
  -3.0053596e+02
  -3.0151925e+02
  -3.0233396e+02
  -3.0334612e+02
  -3.0436193e+02
  -3.0517803e+02
  -3.0615983e+02
  -3.0716224e+02
  -3.0801086e+02
  -3.0902133e+02
  -3.1004917e+02
  -3.1089586e+02
  -3.1188316e+02
  -3.1288814e+02
  -3.1369346e+02
  -3.1464545e+02
  -3.1566308e+02
  -3.1651475e+02
  -3.1748025e+02
  -3.1847530e+02
  -3.1928784e+02
  -3.2022246e+02
  -3.2121069e+02
  -3.2203428e+02
  -3.2301013e+02
  -3.2403292e+02
  -3.2483436e+02
  -3.2574224e+02
  -3.2673048e+02
  -3.2755680e+02
  -3.2852452e+02
  -3.2954459e+02
  -3.3036399e+02
  -3.3132873e+02
  -3.3235484e+02
  -3.3316613e+02
  -3.3414619e+02
  -3.3523731e+02
  -3.3607871e+02
  -3.3703421e+02
  -3.3810357e+02
  -3.3886206e+02
  -3.3974574e+02
  -3.4084241e+02
  -3.4167104e+02
  -3.4261279e+02
  -3.4372905e+02
  -3.4453267e+02
  -3.4540758e+02
  -3.4649572e+02
  -3.4735163e+02
  -3.4831267e+02
  -3.4945526e+02
  -3.5030874e+02
  -3.5119499e+02
  -3.5236697e+02
  -3.5331724e+02
  -3.5419596e+02
  -3.5533006e+02
  -3.5622785e+02
  -3.5701501e+02
  -3.5812628e+02
  -3.5904060e+02
  -3.5986206e+02
  -3.6101430e+02
  -3.6194925e+02
  -3.6266498e+02
  -3.6369749e+02
  -3.6459458e+02
  -3.6545713e+02
  -3.6658719e+02
  -3.6757155e+02
  -3.6840776e+02
  -3.6946618e+02
  -3.7044719e+02
  -3.7125904e+02
  -3.7229577e+02
  -3.7328956e+02
  -3.7408176e+02
  -3.7506200e+02
  -3.7601242e+02
  -3.7679853e+02
  -3.7777227e+02
  -3.7871669e+02
  -3.7951687e+02
  -3.8048767e+02
  -3.8139583e+02
  -3.8216288e+02
  -3.8312857e+02
  -3.8407309e+02
  -3.8491391e+02
  -3.8590740e+02
  -3.8685187e+02
  -3.8767029e+02
  -3.8863935e+02
  -3.8958353e+02
  -3.9042790e+02
  -3.9141721e+02
  -3.9237085e+02
  -3.9321903e+02
  -3.9418573e+02
  -3.9509535e+02
  -3.9593196e+02
  -3.9693301e+02
  -3.9784110e+02
  -3.9866571e+02
  -3.9971469e+02
  -4.0066480e+02
  -4.0144864e+02
  -4.0247374e+02
  -4.0344326e+02
  -4.0423807e+02
  -4.0527232e+02
  -4.0622334e+02
  -4.0696368e+02
  -4.0800030e+02
  -4.0899011e+02
  -4.0974923e+02
  -4.1079426e+02
  -4.1179870e+02
  -4.1259360e+02
  -4.1364150e+02
  -4.1466135e+02
  -4.1544281e+02
  -4.1648076e+02
  -4.1745618e+02
  -4.1819774e+02
  -4.1925878e+02
  -4.2020114e+02
  -4.2085140e+02
  -4.2201943e+02
  -4.2316024e+02
  -4.2390647e+02
  -4.2497797e+02
  -4.2609356e+02
  -4.2688891e+02
  -4.2799535e+02
  -4.2920572e+02
  -4.2996241e+02
  -4.3093222e+02
  -4.3208524e+02
  -4.3267432e+02
  -4.3356264e+02
  -4.3474497e+02
  -4.3549869e+02
  -4.3646710e+02
  -4.3758773e+02
  -4.3821892e+02
  -4.3912414e+02
  -4.4033457e+02
  -4.4121668e+02
  -4.4212041e+02
  -4.4322459e+02
  -4.4398664e+02
  -4.4484703e+02
  -4.4595181e+02
  -4.4676524e+02
  -4.4765690e+02
  -4.4872518e+02
  -4.4939109e+02
  -4.5030234e+02
  -4.5137918e+02
  -4.5206151e+02
  -4.5302863e+02
  -4.5424402e+02
  -4.5496569e+02
  -4.5582371e+02
  -4.5693583e+02
  -4.5759514e+02
  -4.5856052e+02
  -4.5986564e+02
  -4.6057624e+02
  -4.6154957e+02
  -4.6301316e+02
  -4.6346898e+02
  -4.6401671e+02
  -4.6579304e+02
  -4.6833113e+02
  -4.6713824e+02
  -4.6936305e+02
  -4.7167734e+02
  -4.7442946e+02
  -4.7289520e+02
  -4.7464228e+02
  -4.7567105e+02
  -4.7588249e+02
  -4.7719403e+02
  -4.7811907e+02
  -4.7880092e+02
  -4.8018172e+02
  -4.8116005e+02
  -4.8172206e+02
  -4.8283671e+02
  -4.8370785e+02
  -4.8434759e+02
  -4.8556402e+02
  -4.8657414e+02
  -4.8722264e+02
  -4.8827492e+02
  -4.8914838e+02
  -4.8986426e+02
  -4.9094923e+02
  -4.9193261e+02
  -4.9273833e+02
  -4.9376267e+02
  -4.9467774e+02
  -4.9548190e+02
  -4.9649793e+02
  -4.9740143e+02
  -4.9820364e+02
  -4.9921784e+02
  -5.0011988e+02
  -5.0093675e+02
  -5.0194128e+02
  -5.0285767e+02
  -5.0369733e+02
  -5.0470755e+02
  -5.0561852e+02
  -5.0644840e+02
  -5.0741917e+02
  -5.0829341e+02
  -5.0914577e+02
  -5.1014734e+02
  -5.1102633e+02
  -5.1187076e+02
  -5.1286834e+02
  -5.1374500e+02
  -5.1459557e+02
  -5.1561731e+02
  -5.1654517e+02
  -5.1740052e+02
  -5.1838929e+02
  -5.1930443e+02
  -5.2018649e+02
  -5.2118127e+02
  -5.2207325e+02
  -5.2294315e+02
  -5.2396593e+02
  -5.2487513e+02
  -5.2570239e+02
  -5.2666716e+02
  -5.2753139e+02
  -5.2839284e+02
  -5.2942180e+02
  -5.3031877e+02
  -5.3116669e+02
  -5.3217811e+02
  -5.3307142e+02
  -5.3390329e+02
  -5.3491290e+02
  -5.3584092e+02
  -5.3671448e+02
  -5.3772076e+02
  -5.3862230e+02
  -5.3949153e+02
  -5.4052371e+02
  -5.4143598e+02
  -5.4229471e+02
  -5.4334663e+02
  -5.4427459e+02
  -5.4509911e+02
  -5.4612837e+02
  -5.4709248e+02
  -5.4795246e+02
  -5.4901426e+02
  -5.5000558e+02
  -5.5083268e+02
  -5.5182522e+02
  -5.5277283e+02
  -5.5362325e+02
  -5.5467529e+02
  -5.5566204e+02
  -5.5649068e+02
  -5.5753118e+02
  -5.5853112e+02
  -5.5933746e+02
  -5.6036294e+02
  -5.6139058e+02
  -5.6219363e+02
  -5.6319143e+02
  -5.6419605e+02
  -5.6497208e+02
  -5.6596291e+02
  -5.6697815e+02
  -5.6774622e+02
  -5.6870653e+02
  -5.6966507e+02
  -5.7041848e+02
  -5.7139429e+02
  -5.7238028e+02
  -5.7319150e+02
  -5.7422950e+02
  -5.7525038e+02
  -5.7601901e+02
  -5.7696242e+02
  -5.7794888e+02
  -5.7875783e+02
  -5.7971716e+02
  -5.8067529e+02
  -5.8146968e+02
  -5.8245008e+02
  -5.8339489e+02
  -5.8417661e+02
  -5.8518245e+02
  -5.8616207e+02
  -5.8696062e+02
  -5.8797999e+02
  -5.8895592e+02
  -5.8966846e+02
  -5.9061832e+02
  -5.9155960e+02
  -5.9235918e+02
  -5.9344766e+02
  -5.9441145e+02
  -5.9504971e+02
  -5.9604289e+02
  -5.9694171e+02
  -5.9761662e+02
  -5.9874279e+02
  -5.9979563e+02
  -6.0045176e+02
  -6.0147923e+02
  -6.0235390e+02
  -6.0291468e+02
  -6.0403183e+02
  -6.0491980e+02
  -6.0559673e+02
  -6.0687990e+02
  -6.0764018e+02
  -6.0814363e+02
  -6.0950811e+02
  -6.0958025e+02
  -6.1026319e+02
  -6.1169422e+02
  -6.1163516e+02
  -6.1272901e+02
  -6.1403609e+02
  -6.1413770e+02
  -6.1514412e+02
  -6.1577491e+02
  -6.1604071e+02
  -6.1747574e+02
  -6.1750699e+02
  -6.1844676e+02
  -6.1978896e+02
  -6.2059928e+02
  -6.2141205e+02
  -6.2257969e+02
  -6.2351048e+02
  -6.2440884e+02
  -6.2549996e+02
  -6.2631791e+02
  -6.2709460e+02
  -6.2815664e+02
  -6.2902397e+02
  -6.2982626e+02
  -6.3085394e+02
  -6.3173963e+02
  -6.3261637e+02
  -6.3361082e+02
  -6.3442307e+02
  -6.3531313e+02
  -6.3635559e+02
  -6.3717131e+02
  -6.3801728e+02
  -6.3902858e+02
  -6.3986693e+02
  -6.4078312e+02
  -6.4184871e+02
  -6.4269569e+02
  -6.4357327e+02
  -6.4460881e+02
  -6.4541870e+02
  -6.4624539e+02
  -6.4729106e+02
  -6.4819545e+02
  -6.4906859e+02
  -6.5007058e+02
  -6.5089989e+02
  -6.5175854e+02
  -6.5274877e+02
  -6.5357090e+02
  -6.5446300e+02
  -6.5549995e+02
  -6.5637681e+02
  -6.5727418e+02
  -6.5828633e+02
  -6.5917162e+02
  -6.6010844e+02
  -6.6115733e+02
  -6.6204458e+02
  -6.6293852e+02
  -6.6393549e+02
  -6.6474887e+02
  -6.6562177e+02
  -6.6665537e+02
  -6.6748410e+02
  -6.6834247e+02
  -6.6936502e+02
  -6.7020075e+02
  -6.7106256e+02
  -6.7206963e+02
  -6.7293212e+02
  -6.7385124e+02
  -6.7488589e+02
  -6.7574880e+02
  -6.7665781e+02
  -6.7768399e+02
  -6.7849945e+02
  -6.7936307e+02
  -6.8042362e+02
  -6.8131876e+02
  -6.8220608e+02
  -6.8324242e+02
  -6.8411929e+02
  -6.8498064e+02
  -6.8601704e+02
  -6.8693180e+02
  -6.8781522e+02
  -6.8883402e+02
  -6.8972450e+02
  -6.9058321e+02
  -6.9159615e+02
  -6.9250289e+02
  -6.9338145e+02
  -6.9438910e+02
  -6.9526640e+02
  -6.9612190e+02
  -6.9712213e+02
  -6.9801361e+02
  -6.9889491e+02
  -6.9990969e+02
  -7.0078485e+02
  -7.0165211e+02
  -7.0267314e+02
  -7.0356583e+02
  -7.0441430e+02
  -7.0542721e+02
  -7.0634060e+02
  -7.0721208e+02
  -7.0821795e+02
  -7.0911293e+02
  -7.0996229e+02
  -7.1095215e+02
  -7.1184546e+02
  -7.1273420e+02
  -7.1374256e+02
  -7.1459330e+02
  -7.1544349e+02
  -7.1647873e+02
  -7.1737876e+02
  -7.1824780e+02
  -7.1928859e+02
  -7.2015821e+02
  -7.2098821e+02
  -7.2202508e+02
  -7.2287142e+02
  -7.2366271e+02
  -7.2470218e+02
  -7.2556396e+02
  -7.2639291e+02
  -7.2743326e+02
  -7.2828253e+02
  -7.2914980e+02
  -7.3026409e+02
  -7.3112866e+02
  -7.3192205e+02
  -7.3299351e+02
  -7.3382893e+02
  -7.3460431e+02
  -7.3570307e+02
  -7.3651860e+02
  -7.3733027e+02
  -7.3847651e+02
  -7.3922602e+02
  -7.3992859e+02
  -7.4100763e+02
  -7.4170385e+02
  -7.4257200e+02
  -7.4376789e+02
  -7.4445212e+02
  -7.4529723e+02
  -7.4650801e+02
  -7.4720951e+02
  -7.4795517e+02
  -7.4919616e+02
  -7.4947851e+02
  -7.5039944e+02
  -7.5161674e+02
  -7.5202182e+02
  -7.5296671e+02
  -7.5419069e+02
  -7.5460832e+02
  -7.5569892e+02
  -7.5708021e+02
  -7.5733671e+02
  -7.5836481e+02
  -7.5953026e+02
  -7.5887203e+02
  -7.6011587e+02
  -7.6072693e+02
  -7.6152287e+02
  -7.6279896e+02
  -7.6332195e+02
  -7.6417652e+02
  -7.6543236e+02
  -7.6600453e+02
  -7.6673094e+02
  -7.6793250e+02
  -7.6865760e+02
  -7.6955123e+02
  -7.7065007e+02
  -7.7140037e+02
  -7.7231973e+02
  -7.7342542e+02
  -7.7424264e+02
  -7.7515204e+02
  -7.7620814e+02
  -7.7699956e+02
  -7.7789722e+02
  -7.7888939e+02
  -7.7956590e+02
  -7.8049038e+02
  -7.8155202e+02
  -7.8232284e+02
  -7.8322708e+02
  -7.8424430e+02
  -7.8506944e+02
  -7.8601563e+02
  -7.8705734e+02
  -7.8790126e+02
  -7.8882487e+02
  -7.8984235e+02
  -7.9067286e+02
  -7.9157302e+02
  -7.9256986e+02
  -7.9338779e+02
  -7.9427016e+02
  -7.9522094e+02
  -7.9603847e+02
  -7.9697000e+02
  -7.9793008e+02
  -7.9875009e+02
  -7.9971761e+02
  -8.0070868e+02
  -8.0153485e+02
  -8.0248547e+02
  -8.0344949e+02
  -8.0427040e+02
  -8.0527784e+02
  -8.0629478e+02
  -8.0706134e+02
  -8.0799150e+02
  -8.0898157e+02
  -8.0978357e+02
  -8.1076653e+02
  -8.1181563e+02
  -8.1262815e+02
  -8.1356591e+02
  -8.1456426e+02
  -8.1536707e+02
  -8.1633764e+02
  -8.1738717e+02
  -8.1822533e+02
  -8.1917946e+02
  -8.2018345e+02
  -8.2093826e+02
  -8.2186898e+02
  -8.2290692e+02
  -8.2370866e+02
  -8.2464218e+02
  -8.2569760e+02
  -8.2654560e+02
  -8.2743961e+02
  -8.2839813e+02
  -8.2919318e+02
  -8.3015750e+02
  -8.3121805e+02
  -8.3206210e+02
  -8.3296318e+02
  -8.3398201e+02
  -8.3483920e+02
  -8.3573645e+02
  -8.3675240e+02
  -8.3765436e+02
  -8.3857403e+02
  -8.3953312e+02
  -8.4037813e+02
  -8.4132818e+02
  -8.4234331e+02
  -8.4320934e+02
  -8.4415408e+02
  -8.4517169e+02
  -8.4601024e+02
  -8.4691227e+02
  -8.4792228e+02
  -8.4878133e+02
  -8.4970072e+02
  -8.5072729e+02
  -8.5157362e+02
  -8.5245705e+02
  -8.5344851e+02
  -8.5430918e+02
  -8.5523837e+02
  -8.5622583e+02
  -8.5703291e+02
  -8.5797082e+02
  -8.5899511e+02
  -8.5982467e+02
  -8.6076084e+02
  -8.6180280e+02
  -8.6265887e+02
  -8.6361205e+02
  -8.6466199e+02
  -8.6545015e+02
  -8.6632621e+02
  -8.6740067e+02
  -8.6823771e+02
  -8.6913138e+02
  -8.7020861e+02
  -8.7099157e+02
  -8.7179637e+02
  -8.7283462e+02
  -8.7363188e+02
  -8.7451638e+02
  -8.7562575e+02
  -8.7638469e+02
  -8.7720212e+02
  -8.7824462e+02
  -8.7893661e+02
  -8.7980068e+02
  -8.8086552e+02
  -8.8147386e+02
  -8.8249997e+02
  -8.8365644e+02
  -8.8401165e+02
  -8.8503577e+02
  -8.8627999e+02
  -8.8664774e+02
  -8.8753214e+02
  -8.8851288e+02
  -8.8891658e+02
  -8.9004039e+02
  -8.9103744e+02
  -8.9154083e+02
  -8.9264116e+02
  -8.9347239e+02
  -8.9405892e+02
  -8.9525932e+02
  -8.9589578e+02
  -8.9652805e+02
  -8.9771438e+02
  -8.9749310e+02
  -8.9862372e+02
  -8.9986632e+02
  -9.0038107e+02
  -9.0147961e+02
  -9.0259094e+02
  -9.0309072e+02
  -9.0410685e+02
  -9.0529038e+02
  -9.0589042e+02
  -9.0679505e+02
  -9.0788461e+02
  -9.0856207e+02
  -9.0952962e+02
  -9.1059000e+02
  -9.1125699e+02
  -9.1219457e+02
  -9.1322004e+02
  -9.1402129e+02
  -9.1503907e+02
  -9.1601406e+02
  -9.1668179e+02
  -9.1764106e+02
  -9.1859121e+02
  -9.1933664e+02
  -9.2036098e+02
  -9.2131908e+02
  -9.2202972e+02
  -9.2303137e+02
  -9.2401609e+02
  -9.2481862e+02
  -9.2588930e+02
  -9.2687050e+02
  -9.2759482e+02
  -9.2863719e+02
  -9.2962953e+02
  -9.3030592e+02
  -9.3132641e+02
  -9.3234099e+02
  -9.3305243e+02
  -9.3402771e+02
  -9.3500421e+02
  -9.3575551e+02
  -9.3675507e+02
  -9.3779018e+02
  -9.3865602e+02
  -9.3966755e+02
  -9.4066343e+02
  -9.4147609e+02
  -9.4246488e+02
  -9.4348202e+02
  -9.4431344e+02
  -9.4526851e+02
  -9.4624250e+02
  -9.4707179e+02
  -9.4803267e+02
  -9.4898708e+02
  -9.4981221e+02
  -9.5081903e+02
  -9.5180841e+02
  -9.5261418e+02
  -9.5357985e+02
  -9.5457463e+02
  -9.5542080e+02
  -9.5637900e+02
  -9.5732917e+02
  -9.5813083e+02
  -9.5908060e+02
  -9.6002592e+02
  -9.6084273e+02
  -9.6183812e+02
  -9.6283729e+02
  -9.6367511e+02
  -9.6463969e+02
  -9.6556382e+02
  -9.6633079e+02
  -9.6732818e+02
  -9.6833893e+02
  -9.6914375e+02
  -9.7013556e+02
  -9.7114430e+02
  -9.7193689e+02
  -9.7287968e+02
  -9.7386909e+02
  -9.7469641e+02
  -9.7568031e+02
  -9.7667923e+02
  -9.7748020e+02
  -9.7847039e+02
  -9.7950391e+02
  -9.8027787e+02
  -9.8120313e+02
  -9.8222345e+02
  -9.8301961e+02
  -9.8397413e+02
  -9.8497643e+02
  -9.8570682e+02
  -9.8660745e+02
  -9.8761766e+02
  -9.8847532e+02
  -9.8945191e+02
  -9.9044178e+02
  -9.9121036e+02
  -9.9214833e+02
  -9.9312298e+02
  -9.9390382e+02
  -9.9487219e+02
  -9.9582357e+02
  -9.9658401e+02
  -9.9756517e+02
  -9.9853259e+02
  -9.9928723e+02
  -1.0003069e+03
  -1.0013499e+03
  -1.0021904e+03
  -1.0031894e+03
  -1.0041453e+03
  -1.0048467e+03
  -1.0058043e+03
  -1.0067531e+03
  -1.0074601e+03
  -1.0084596e+03
  -1.0094075e+03
  -1.0101612e+03
  -1.0112229e+03
  -1.0122197e+03
  -1.0129398e+03
  -1.0139484e+03
  -1.0149223e+03
  -1.0157003e+03
  -1.0167748e+03
  -1.0178335e+03
  -1.0185304e+03
  -1.0195671e+03
  -1.0205830e+03
  -1.0212449e+03
  -1.0223032e+03
  -1.0233324e+03
  -1.0238539e+03
  -1.0249705e+03
  -1.0260812e+03
  -1.0266404e+03
  -1.0277946e+03
  -1.0288062e+03
  -1.0289141e+03
  -1.0303304e+03
  -1.0283281e+03
  -1.0302065e+03
  -1.0319497e+03
  -1.0316159e+03
  -1.0332347e+03
  -1.0346916e+03
  -1.0343684e+03
  -1.0356866e+03
  -1.0369039e+03
  -1.0371606e+03
  -1.0383759e+03
  -1.0395412e+03
  -1.0400691e+03
  -1.0411210e+03
  -1.0420995e+03
  -1.0427455e+03
  -1.0438524e+03
  -1.0447836e+03
  -1.0454483e+03
  -1.0465510e+03
  -1.0474368e+03
  -1.0480901e+03
  -1.0491542e+03
  -1.0498834e+03
  -1.0507691e+03
  -1.0520529e+03
  -1.0529882e+03
  -1.0535834e+03
  -1.0546729e+03
  -1.0556045e+03
  -1.0563953e+03
  -1.0575372e+03
  -1.0584362e+03
  -1.0591715e+03
  -1.0602653e+03
  -1.0610655e+03
  -1.0617760e+03
  -1.0629749e+03
  -1.0640021e+03
  -1.0647338e+03
  -1.0658194e+03
  -1.0668182e+03
  -1.0675485e+03
  -1.0686161e+03
  -1.0696666e+03
  -1.0704340e+03
  -1.0714284e+03
  -1.0723741e+03
  -1.0731228e+03
  -1.0741336e+03
  -1.0750924e+03
  -1.0758564e+03
  -1.0768709e+03
  -1.0778364e+03
  -1.0786268e+03
  -1.0796136e+03
  -1.0805499e+03
  -1.0813179e+03
  -1.0822936e+03
  -1.0832206e+03
  -1.0840488e+03
  -1.0850215e+03
  -1.0858809e+03
  -1.0867100e+03
  -1.0877316e+03
  -1.0886278e+03
  -1.0894736e+03
  -1.0904762e+03
  -1.0913475e+03
  -1.0921897e+03
  -1.0932034e+03
  -1.0940796e+03
  -1.0949421e+03
  -1.0959840e+03
  -1.0968515e+03
  -1.0976518e+03
  -1.0986511e+03
  -1.0995011e+03
  -1.1003012e+03
  -1.1013473e+03
  -1.1022736e+03
  -1.1031519e+03
  -1.1042153e+03
  -1.1051280e+03
  -1.1059393e+03
  -1.1069927e+03
  -1.1079586e+03
  -1.1087449e+03
  -1.1097220e+03
  -1.1106237e+03
  -1.1114380e+03
  -1.1124682e+03
  -1.1134050e+03
  -1.1142064e+03
  -1.1152197e+03
  -1.1161622e+03
  -1.1169854e+03
  -1.1179990e+03
  -1.1189571e+03
  -1.1197927e+03
  -1.1207847e+03
  -1.1217205e+03
  -1.1225470e+03
  -1.1235410e+03
  -1.1245095e+03
  -1.1253648e+03
  -1.1263426e+03
  -1.1272947e+03
  -1.1281900e+03
  -1.1291644e+03
  -1.1300270e+03
  -1.1308997e+03
  -1.1319871e+03
  -1.1329320e+03
  -1.1337183e+03
  -1.1347439e+03
  -1.1356983e+03
  -1.1364674e+03
  -1.1374481e+03
  -1.1384064e+03
  -1.1392277e+03
  -1.1402077e+03
  -1.1411021e+03
  -1.1418853e+03
  -1.1428629e+03
  -1.1437280e+03
  -1.1445652e+03
  -1.1456793e+03
  -1.1466543e+03
  -1.1474558e+03
  -1.1484716e+03
  -1.1493504e+03
  -1.1501720e+03
  -1.1513300e+03
  -1.1522274e+03
  -1.1529441e+03
  -1.1540920e+03
  -1.1549239e+03
  -1.1554852e+03
  -1.1567109e+03
  -1.1577349e+03
  -1.1582114e+03
  -1.1593971e+03
  -1.1603810e+03
  -1.1609415e+03
  -1.1621224e+03
  -1.1629764e+03
  -1.1636871e+03
  -1.1652462e+03
  -1.1665301e+03
  -1.1664357e+03
  -1.1677804e+03
  -1.1686196e+03
  -1.1687728e+03
  -1.1708316e+03
  -1.1730571e+03
  -1.1715389e+03
  -1.1736749e+03
  -1.1706262e+03
  -1.1731275e+03
  -1.1709826e+03
  -1.1734766e+03
  -1.1758225e+03
  -1.1729112e+03
  -1.1701004e+03
  -1.1721210e+03
  -1.1711583e+03
  -1.1724735e+03
  -1.1736537e+03
  -1.1739982e+03
  -1.1751539e+03
  -1.1764413e+03
  -1.1767956e+03
  -1.1780096e+03
  -1.1791940e+03
  -1.1798355e+03
  -1.1808968e+03
  -1.1818109e+03
  -1.1824121e+03
  -1.1836950e+03
  -1.1847905e+03
  -1.1850882e+03
  -1.1862284e+03
  -1.1873956e+03
  -1.1879303e+03
  -1.1890980e+03
  -1.1903820e+03
  -1.1910259e+03
  -1.1919915e+03
  -1.1931135e+03
  -1.1935874e+03
  -1.1945967e+03
  -1.1957988e+03
  -1.1965897e+03
  -1.1976160e+03
  -1.1987701e+03
  -1.1994921e+03
  -1.2004165e+03
  -1.2015763e+03
  -1.2024367e+03
  -1.2034418e+03
  -1.2045639e+03
  -1.2053614e+03
  -1.2063139e+03
  -1.2074098e+03
  -1.2081216e+03
  -1.2090406e+03
  -1.2101386e+03
  -1.2108784e+03
  -1.2117629e+03
  -1.2128989e+03
  -1.2138039e+03
  -1.2147322e+03
  -1.2157693e+03
  -1.2165337e+03
  -1.2174521e+03
  -1.2185502e+03
  -1.2192867e+03
  -1.2201286e+03
  -1.2212594e+03
  -1.2221013e+03
  -1.2229101e+03
  -1.2239413e+03
  -1.2247487e+03
  -1.2255723e+03
  -1.2266601e+03
  -1.2275568e+03
  -1.2283719e+03
  -1.2293893e+03
  -1.2302848e+03
  -1.2311534e+03
  -1.2321605e+03
  -1.2330374e+03
  -1.2339250e+03
  -1.2349505e+03
  -1.2358257e+03
  -1.2366947e+03
  -1.2376682e+03
  -1.2385108e+03
  -1.2394372e+03
  -1.2404900e+03
  -1.2413706e+03
  -1.2422618e+03
  -1.2432880e+03
  -1.2441482e+03
  -1.2450288e+03
  -1.2460654e+03
  -1.2469411e+03
  -1.2478349e+03
  -1.2488965e+03
  -1.2498031e+03
  -1.2506540e+03
  -1.2516672e+03
  -1.2525475e+03
  -1.2534293e+03
  -1.2544490e+03
  -1.2552794e+03
  -1.2561473e+03
  -1.2572124e+03
  -1.2580334e+03
  -1.2588577e+03
  -1.2599014e+03
  -1.2607074e+03
  -1.2615199e+03
  -1.2625912e+03
  -1.2634927e+03
  -1.2644023e+03
  -1.2655201e+03
  -1.2663564e+03
  -1.2671134e+03
  -1.2681537e+03
  -1.2690087e+03
  -1.2698435e+03
  -1.2709760e+03
  -1.2719040e+03
  -1.2727004e+03
  -1.2737547e+03
  -1.2746644e+03
  -1.2755382e+03
  -1.2766260e+03
  -1.2775210e+03
  -1.2783999e+03
  -1.2795291e+03
  -1.2803508e+03
  -1.2810857e+03
  -1.2822040e+03
  -1.2830655e+03
  -1.2838651e+03
  -1.2850150e+03
  -1.2858477e+03
  -1.2865577e+03
  -1.2876629e+03
  -1.2885036e+03
  -1.2892213e+03
  -1.2902806e+03
  -1.2909735e+03
  -1.2917031e+03
  -1.2928023e+03
  -1.2936181e+03
  -1.2943834e+03
  -1.2954270e+03
  -1.2961336e+03
  -1.2969414e+03
  -1.2978573e+03
  -1.2983267e+03
  -1.2991973e+03
  -1.2999824e+03
  -1.3004745e+03
  -1.3014559e+03
  -1.3022362e+03
  -1.3029850e+03
  -1.3040124e+03
  -1.3048002e+03
  -1.3056071e+03
  -1.3066831e+03
  -1.3076639e+03
  -1.3085762e+03
  -1.3095921e+03
  -1.3104462e+03
  -1.3112486e+03
  -1.3122466e+03
  -1.3131199e+03
  -1.3139400e+03
  -1.3149733e+03
  -1.3158943e+03
  -1.3167229e+03
  -1.3177148e+03
  -1.3185626e+03
  -1.3194037e+03
  -1.3204692e+03
  -1.3213389e+03
  -1.3221209e+03
  -1.3232061e+03
  -1.3240669e+03
  -1.3246979e+03
  -1.3256675e+03
  -1.3258825e+03
  -1.3268438e+03
  -1.3280930e+03
  -1.3286173e+03
  -1.3293982e+03
  -1.3303048e+03
  -1.3308348e+03
  -1.3319005e+03
  -1.3328554e+03
  -1.3336441e+03
  -1.3348280e+03
  -1.3356910e+03
  -1.3362903e+03
  -1.3376059e+03
  -1.3388686e+03
  -1.3393413e+03
  -1.3404522e+03
  -1.3415266e+03
  -1.3419532e+03
  -1.3430414e+03
  -1.3441267e+03
  -1.3448103e+03
  -1.3459069e+03
  -1.3469401e+03
  -1.3474975e+03
  -1.3485388e+03
  -1.3495501e+03
  -1.3502501e+03
  -1.3513420e+03
  -1.3524445e+03
  -1.3532366e+03
  -1.3542639e+03
  -1.3552606e+03
  -1.3559177e+03
  -1.3569908e+03
  -1.3581593e+03
  -1.3588766e+03
  -1.3597861e+03
  -1.3608378e+03
  -1.3615638e+03
  -1.3625167e+03
  -1.3635539e+03
  -1.3642555e+03
  -1.3652435e+03
  -1.3663447e+03
  -1.3671136e+03
  -1.3680649e+03
  -1.3691377e+03
  -1.3698589e+03
  -1.3708967e+03
  -1.3720862e+03
  -1.3727711e+03
  -1.3735283e+03
  -1.3745705e+03
  -1.3752811e+03
  -1.3760583e+03
  -1.3769438e+03
  -1.3776598e+03
  -1.3787120e+03
  -1.3796835e+03
  -1.3802575e+03
  -1.3811746e+03
  -1.3820400e+03
  -1.3827952e+03
  -1.3838381e+03
  -1.3847849e+03
  -1.3855765e+03
  -1.3865089e+03
  -1.3873728e+03
  -1.3881983e+03
  -1.3891718e+03
  -1.3900689e+03
  -1.3909570e+03
  -1.3919633e+03
  -1.3928291e+03
  -1.3936460e+03
  -1.3946369e+03
  -1.3955732e+03
  -1.3964759e+03
  -1.3974782e+03
  -1.3984051e+03
  -1.3992976e+03
  -1.4003225e+03
  -1.4012951e+03
  -1.4021969e+03
  -1.4032179e+03
  -1.4041572e+03
  -1.4050423e+03
  -1.4060988e+03
  -1.4070276e+03
  -1.4078814e+03
  -1.4091055e+03
  -1.4102229e+03
  -1.4108654e+03
  -1.4120258e+03
  -1.4133543e+03
  -1.4140008e+03
  -1.4150384e+03
  -1.4163021e+03
  -1.4170193e+03
  -1.4180405e+03
  -1.4192995e+03
  -1.4201258e+03
  -1.4211708e+03
  -1.4224894e+03
  -1.4232699e+03
  -1.4241407e+03
  -1.4253827e+03
  -1.4261605e+03
  -1.4267845e+03
  -1.4280661e+03
  -1.4290468e+03
  -1.4298012e+03
  -1.4309859e+03
  -1.4318572e+03
  -1.4324964e+03
  -1.4338442e+03
  -1.4347853e+03
  -1.4353433e+03
  -1.4366360e+03
  -1.4377330e+03
  -1.4380741e+03
  -1.4395065e+03
  -1.4410388e+03
  -1.4415501e+03
  -1.4426675e+03
  -1.4440558e+03
  -1.4445209e+03
  -1.4450440e+03
  -1.4463310e+03
  -1.4467259e+03
  -1.4480850e+03
  -1.4494457e+03
  -1.4500004e+03
  -1.4508744e+03
  -1.4521948e+03
  -1.4520889e+03
  -1.4538933e+03
  -1.4558428e+03
  -1.4541825e+03
  -1.4560248e+03
  -1.4578449e+03
  -1.4562765e+03
  -1.4586461e+03
  -1.4607067e+03
  -1.4614396e+03
  -1.4620085e+03
  -1.4632756e+03
  -1.4638221e+03
  -1.4649515e+03
  -1.4668078e+03
  -1.4678841e+03
  -1.4680891e+03
  -1.4694816e+03
  -1.4705279e+03
  -1.4710623e+03
  -1.4723689e+03
  -1.4735398e+03
  -1.4743337e+03
  -1.4752762e+03
  -1.4761165e+03
  -1.4770490e+03
  -1.4781519e+03
  -1.4787440e+03
  -1.4796378e+03
  -1.4808476e+03
  -1.4815384e+03
  -1.4821605e+03
  -1.4833105e+03
  -1.4842004e+03
  -1.4850151e+03
  -1.4861257e+03
  -1.4870553e+03
  -1.4878688e+03
  -1.4888829e+03
  -1.4896622e+03
  -1.4905731e+03
  -1.4917390e+03
  -1.4926126e+03
  -1.4933489e+03
  -1.4943989e+03
  -1.4952760e+03
  -1.4960919e+03
  -1.4971841e+03
  -1.4980251e+03
  -1.4988603e+03
  -1.4999775e+03
  -1.5008538e+03
  -1.5015873e+03
  -1.5027362e+03
  -1.5037513e+03
  -1.5045204e+03
  -1.5055849e+03
  -1.5064593e+03
  -1.5070940e+03
  -1.5081065e+03
  -1.5090563e+03
  -1.5099887e+03
  -1.5110979e+03
  -1.5119825e+03
  -1.5127554e+03
  -1.5138327e+03
  -1.5147654e+03
  -1.5155686e+03
  -1.5166844e+03
  -1.5176268e+03
  -1.5182981e+03
  -1.5193401e+03
  -1.5203721e+03
  -1.5212243e+03
  -1.5223069e+03
  -1.5233089e+03
  -1.5239950e+03
  -1.5249512e+03
  -1.5259266e+03
  -1.5268035e+03
  -1.5278532e+03
  -1.5288452e+03
  -1.5296739e+03
  -1.5306700e+03
  -1.5314911e+03
  -1.5322609e+03
  -1.5333915e+03
  -1.5343628e+03
  -1.5349590e+03
  -1.5359983e+03
  -1.5369749e+03
  -1.5377373e+03
  -1.5387322e+03
  -1.5396620e+03
  -1.5405531e+03
  -1.5416429e+03
  -1.5425830e+03
  -1.5433868e+03
  -1.5443734e+03
  -1.5451729e+03
  -1.5459971e+03
  -1.5471433e+03
  -1.5479842e+03
  -1.5486797e+03
  -1.5498150e+03
  -1.5507502e+03
  -1.5514355e+03
  -1.5525201e+03
  -1.5534615e+03
  -1.5541949e+03
  -1.5552614e+03
  -1.5561700e+03
  -1.5569440e+03
  -1.5580735e+03
  -1.5590692e+03
  -1.5598570e+03
  -1.5610368e+03
  -1.5619515e+03
  -1.5625485e+03
  -1.5637803e+03
  -1.5649277e+03
  -1.5654821e+03
  -1.5668159e+03
  -1.5680797e+03
  -1.5684454e+03
  -1.5693528e+03
  -1.5703211e+03
  -1.5710440e+03
  -1.5726580e+03
  -1.5743620e+03
  -1.5746458e+03
  -1.5755513e+03
  -1.5768235e+03
  -1.5774284e+03
  -1.5784042e+03
  -1.5797315e+03
  -1.5803670e+03
  -1.5812598e+03
  -1.5825064e+03
  -1.5831008e+03
  -1.5840821e+03
  -1.5854318e+03
  -1.5857853e+03
  -1.5867825e+03
  -1.5881714e+03
  -1.5890151e+03
  -1.5898212e+03
  -1.5912018e+03
  -1.5921862e+03
  -1.5928741e+03
  -1.5941070e+03
  -1.5952311e+03
  -1.5959878e+03
  -1.5971030e+03
  -1.5980666e+03
  -1.5987961e+03
  -1.5999058e+03
  -1.6008414e+03
  -1.6014183e+03
  -1.6024648e+03
  -1.6035486e+03
  -1.6045052e+03
  -1.6055816e+03
  -1.6064082e+03
  -1.6071054e+03
  -1.6082136e+03
  -1.6091834e+03
  -1.6097408e+03
  -1.6107969e+03
  -1.6116306e+03
  -1.6122475e+03
  -1.6134106e+03
  -1.6141951e+03
  -1.6147412e+03
  -1.6159472e+03
  -1.6167393e+03
  -1.6173957e+03
  -1.6186013e+03
  -1.6195920e+03
  -1.6203227e+03
  -1.6214460e+03
  -1.6224085e+03
  -1.6230683e+03
  -1.6242214e+03
  -1.6252437e+03
  -1.6260268e+03
  -1.6272160e+03
  -1.6283374e+03
  -1.6291489e+03
  -1.6304651e+03
  -1.6316349e+03
  -1.6323756e+03
  -1.6335596e+03
  -1.6347365e+03
  -1.6352406e+03
  -1.6364189e+03
  -1.6376701e+03
  -1.6383440e+03
  -1.6392629e+03
  -1.6404755e+03
  -1.6412581e+03
  -1.6421631e+03
  -1.6433120e+03
  -1.6440828e+03
  -1.6449280e+03
  -1.6460609e+03
  -1.6469103e+03
  -1.6477032e+03
  -1.6487959e+03
  -1.6496556e+03
  -1.6504869e+03
  -1.6515160e+03
  -1.6523461e+03
  -1.6532551e+03
  -1.6543865e+03
  -1.6552915e+03
  -1.6561771e+03
  -1.6572029e+03
  -1.6579172e+03
  -1.6587484e+03
  -1.6598545e+03
  -1.6606667e+03
  -1.6615438e+03
  -1.6627075e+03
  -1.6635830e+03
  -1.6643858e+03
  -1.6654378e+03
  -1.6661879e+03
  -1.6670479e+03
  -1.6682128e+03
  -1.6691713e+03
  -1.6700707e+03
  -1.6711522e+03
  -1.6719216e+03
  -1.6727810e+03
  -1.6739573e+03
  -1.6748803e+03
  -1.6756735e+03
  -1.6767634e+03
  -1.6776923e+03
  -1.6784907e+03
  -1.6795853e+03
  -1.6805351e+03
  -1.6813761e+03
  -1.6824318e+03
  -1.6832919e+03
  -1.6841990e+03
  -1.6854393e+03
  -1.6861943e+03
  -1.6868646e+03
  -1.6881435e+03
  -1.6888370e+03
  -1.6894137e+03
  -1.6908391e+03
  -1.6919913e+03
  -1.6923002e+03
  -1.6935546e+03
  -1.6945464e+03
  -1.6951103e+03
  -1.6962349e+03
  -1.6972046e+03
  -1.6980255e+03
  -1.6992027e+03
  -1.7002104e+03
  -1.7008530e+03
  -1.7019097e+03
  -1.7029056e+03
  -1.7037845e+03
  -1.7048636e+03
  -1.7057375e+03
  -1.7064666e+03
  -1.7075095e+03
  -1.7084515e+03
  -1.7092289e+03
  -1.7103565e+03
  -1.7114184e+03
  -1.7121860e+03
  -1.7131738e+03
  -1.7141327e+03
  -1.7148612e+03
  -1.7159182e+03
  -1.7170527e+03
  -1.7178290e+03
  -1.7188209e+03
  -1.7198483e+03
  -1.7204928e+03
  -1.7214791e+03
  -1.7226306e+03
  -1.7233774e+03
  -1.7242389e+03
  -1.7252340e+03
  -1.7260697e+03
  -1.7272395e+03
  -1.7283948e+03
  -1.7287865e+03
  -1.7302400e+03
  -1.7317143e+03
  -1.7323208e+03
  -1.7332561e+03
  -1.7345089e+03
  -1.7352367e+03
  -1.7362012e+03
  -1.7374316e+03
  -1.7380615e+03
  -1.7389858e+03
  -1.7402205e+03
  -1.7407909e+03
  -1.7417141e+03
  -1.7430555e+03
  -1.7438940e+03
  -1.7445971e+03
  -1.7456985e+03
  -1.7463709e+03
  -1.7472311e+03
  -1.7485060e+03
  -1.7492880e+03
  -1.7500599e+03
  -1.7512800e+03
  -1.7521008e+03
  -1.7529109e+03
  -1.7542733e+03
  -1.7553703e+03
  -1.7559195e+03
  -1.7571861e+03
  -1.7583067e+03
  -1.7588860e+03
  -1.7600415e+03
  -1.7612966e+03
  -1.7620069e+03
  -1.7630685e+03
  -1.7641932e+03
  -1.7650137e+03
  -1.7661144e+03
  -1.7672099e+03
  -1.7679290e+03
  -1.7690025e+03
  -1.7700105e+03
  -1.7706400e+03
  -1.7717213e+03
  -1.7728834e+03
  -1.7736313e+03
  -1.7746617e+03
  -1.7758349e+03
  -1.7765178e+03
  -1.7774039e+03
  -1.7784819e+03
  -1.7790651e+03
  -1.7799765e+03
  -1.7810154e+03
  -1.7816665e+03
  -1.7827792e+03
  -1.7839421e+03
  -1.7844552e+03
  -1.7854626e+03
  -1.7866568e+03
  -1.7874139e+03
  -1.7884467e+03
  -1.7895890e+03
  -1.7902597e+03
  -1.7912138e+03
  -1.7922065e+03
  -1.7926975e+03
  -1.7939047e+03
  -1.7952138e+03
  -1.7957756e+03
  -1.7967236e+03
  -1.7979756e+03
  -1.7986629e+03
  -1.7995750e+03
  -1.8007071e+03
  -1.8013087e+03
  -1.8021938e+03
  -1.8032726e+03
  -1.8039557e+03
  -1.8051005e+03
  -1.8063437e+03
  -1.8069334e+03
  -1.8077277e+03
  -1.8088357e+03
  -1.8094997e+03
  -1.8104529e+03
  -1.8116906e+03
  -1.8124961e+03
  -1.8133503e+03
  -1.8144557e+03
  -1.8151693e+03
  -1.8160087e+03
  -1.8171206e+03
  -1.8178062e+03
  -1.8186851e+03
  -1.8199083e+03
  -1.8207807e+03
