0 39.2935686 0
24000 3.568833 -4.3492283
47999.999 -17.511361 -4.30090288
71999.999 -12.367402 -1.3838229
95999.998 -33.8245792 -1.54035
120000 -13.90182 0.4314565
144000 -15.81802 0.16623561
168000 -18.03458 1.223075679
192000 -15.145223 1.08970594
216000 -21.668768 0.82740451
240000 -20.582397 1.5962885
264000 -17.881688 1.1489148
288000 -26.235551 1.3703453
311999.99 -16.811094 2.2507186
335999.99 -14.583809 2.0875472
359999.99 -16.991888 2.7910061
383999.99 -10.576484 2.8153549
407999.99 -11.02597 2.6894595
431999.99 -13.526266 3.0080337
455999.99 -10.337123 3.2397951
479999.99 -9.609369 3.1360975
503999.99 -9.114614 3.0976537
527999.99 -8.835511 2.9800936
551999.99 -10.63699 2.8388507
575999.99 -13.812378 3.062721
599999.99 -14.311859 3.537461
623999.99 -12.565554 3.750134
647999.99 -12.670519 3.770953
671999.99 -13.640067 3.914057
695999.99 -14.074667 4.058831
719999.99 -15.26624 4.219667
743999.99 -15.525531 4.515339
767999.99 -14.984738 4.636262
791999.99 -16.691069 4.720022
815999.99 -18.56181 5.235925
839999.99 -15.86067 5.647717
863999.99 -14.241895 5.699261
887999.99 -14.359039 5.770887
911999.98 -14.698073 5.945042
935999.98 -14.660978 6.161311
959999.98 -14.038368 6.368978
983999.98 -13.348359 6.48905
1008000 -13.444542 6.588476
1032000 -13.805774 6.760992
1056000 -13.869609 6.954281
1080000 -13.924081 7.159309
1104000 -13.587227 7.372812
1128000 -13.242242 7.531175
1152000 -13.35832 7.717077
1176000 -12.969732 7.955126
1200000 -12.224148 8.135538
1224000 -11.814943 8.299598
1248000 -11.305387 8.49077
1272000 -10.576078 8.653809
1296000 -10.0522 8.791066
1320000 -9.689736 8.941013
1344000 -9.268445 9.111819
1368000 -8.523833 9.295874
1392000 -7.423522 9.448542
1416000 -6.235971 9.559623
1440000 -5.056537 9.608657
1464000 -4.598257 9.589261
1488000 -5.248059 9.63608499999999
1512000 -5.206298 9.841116
1536000 -3.743623 9.92883500000001
1560000 -2.938302 9.840734
1584000 -3.852131 9.688355
1608000 -7.846837 9.651632
1632000 -10.671911 10.736324
1656000 -3.27498900000001 10.909127
1680000 -1.103672 10.671395
1704000 -0.949347000000003 10.535538
1728000 -0.911206 10.443446
1752000 -1.566791 10.3098
1776000 -3.136177 10.270806
1800000 -4.098088 10.306529
1824000 -5.270001 10.277559
1848000 -7.231143 10.310318
1872000 -9.178177 10.381853
1896000 -11.937582 10.515106
1920000 -13.734405 10.799605
1944000 -15.093098 10.949506
1968000 -17.064214 11.201035
1992000 -17.499423 11.381688
2016000 -19.943437 11.487855
2040000 -20.908251 11.948512
2064000 -20.623301 11.960263
2088000 -26.215118 12.070587
2112000 -26.142456 12.983663
2136000 -27.3079942 12.828081
2160000 -40.9234795 14.097804
2184000 -32.8861156 14.626479
2208000 -35.26706136 15.968299
2232000 -27.4890758 15.837569
2256000 -30.1441798 15.29397
2280000 -36.039074 15.930563
2304000 -30.7375906 15.782161
2328000 -36.477779 14.84401
2352000 -35.5422696 18.054513
2376000 -33.1769472 17.579689
2400000 -33.27486885 18.138762
2424000 -31.212948 17.616326
2448000 -31.5304167 16.035217
2472000 -30.2878094 14.881423
2496000 -43.4801679 15.162335
2520000 -31.7792572 16.387505
2544000 -32.5302078 16.544089
2568000 -28.2202904 17.109348
2592000 -26.0713835 16.884921
2616000 -28.3097018 16.903338
2640000 -26.9138094 17.175956
2664000 -27.5892538 17.076439
2688000 -30.8470738 17.88133
2712000 -25.7085733 18.251123
2736000 -26.5171524 18.533167
2760000 -23.413931 19.183765
2784000 -21.331246 19.350922
2808000 -20.07588 19.781438
2832000 -17.022314 19.994708
2856000 -16.435285 20.19809
2880000 -14.078715 20.657327
2904000 -10.730895 20.902592
2928000 -7.601801 21.370165
2952000 0.364343000000002 21.899864
2976000 16.49405 22.683864
2999999.9 9.12347 25.089968
3023999.9 3.326696 25.386316
3047999.9 0.689890999999999 25.714913
3071999.9 0.395204 26.010089
3095999.9 0.561585000000001 26.176519
3119999.9 0.886752999999999 26.368872
3143999.9 2.211906 26.51708
3167999.9 3.529122 26.574546
3191999.9 5.056005 26.646915
3215999.9 7.550659 26.605096
3239999.9 9.221458 26.367205
3263999.9 10.040321 26.093568
3287999.9 9.875983 25.593751
3311999.9 5.297058 25.109015
3335999.9 -1.839591 25.0779
3359999.9 -6.536999 25.727288
3383999.9 -6.105247 26.182856
3407999.9 -5.291431 26.4261
3431999.9 -4.80248 26.489525
3455999.9 -5.527797 26.538597
3479999.9 -6.125672 26.628995
3503999.9 -6.938684 26.637737
3527999.9 -8.709499 26.702718
3551999.9 -9.862867 26.868688
3575999.9 -10.874571 26.956412
3599999.9 -12.745441 27.117412
3623999.9 -13.842958 27.346186
3647999.9 -15.347251 27.50001
3671999.9 -16.866018 27.78055
3695999.9 -17.154691 27.93145
3719999.9 -19.233322 28.03051
3743999.9 -20.178694 28.38481
3767999.9 -19.685624 28.48703
3791999.9 -21.6247636 28.60702
3815999.9 -22.7081355 28.93875
3839999.9 -24.3283729 29.14696
3863999.9 -26.1740867 29.65335
3887999.9 -25.9528525 29.87337
3911999.9 -30.19614968 30.08572
3935999.9 -29.92146867 30.8152
3959999.9 -29.21100884 30.83751
3983999.9 -30.7379013 31.13957
4007999.9 -28.97215514 31.3317
4031999.9 -30.9584918 31.50199
4055999.9 -29.45708763 32.20088
4079999.9 -28.79693088 32.26271
4103999.9 -32.3331824 33.04547
4127999.9 -27.40104324 33.4437
4151999.9 -29.8588314 33.38201
4175999.9 -31.6923149 34.08978
4199999.9 -28.8746371 33.88917
4223999.9 -32.599112 33.45394
4247999.9 -35.5067698 34.38125
4271999.9 -29.9975713 34.50457
4295999.9 -31.5842222 34.82951
4319999.9 -29.0353618 35.39369
4343999.9 -30.1336195 35.5246
4367999.9 -31.4406074 36.21645
4391999.9 -29.9519048 36.21092
4415999.9 -33.2857823 35.82327
4439999.9 -34.7714816 35.81772
4463999.9 -32.3231735 35.65012
4487999.9 -37.823887 35.86356
4511999.9 -32.1344264 37.1164
4535999.9 -30.5100679 37.30518
4559999.9 -28.2693603 37.98128
4583999.9 -25.4772577 38.00026
4607999.9 -26.9613257 38.1098
4631999.9 -25.0687892 38.43715
4655999.9 -23.219546569 38.33715
4679999.9 -23.30805527 38.5329
4703999.9 -20.4554969 38.88478
4727999.9 -19.1811681 39.06713
4751999.9 -18.0701574 39.55618
4775999.9 -14.9187639 39.88331
4799999.9 -13.1309187 40.06064
4823999.9 -11.3086512 40.15913
4847999.9 -11.1532531 40.03317
4871999.9 -14.5553654 40.25491
4895999.9 -12.1438544 40.88119
4919999.9 -9.4964719 40.86928
4943999.9 -11.6960136 40.8976
4967999.9 -14.3095454 41.35551
4991999.9 -15.881465 41.8464
5015999.9 -15.4295848 42.50108
5039999.9 -13.1600739 42.75974
5063999.9 -12.5210085 42.87867
5087999.9 -12.10536 43.0276
5111999.9 -11.965844 43.11297
5135999.9 -12.815058 43.23895
5159999.9 -13.382388 43.44251
5183999.9 -14.25945 43.57805
5207999.9 -15.9597539 43.80964
5231999.9 -16.6306594 44.06091
5255999.9 -18.1934859 44.23254
5279999.9 -19.3557169 44.61149
5303999.9 -18.8690073 44.81268
5327999.9 -20.1891043 45.07431
5351999.9 -18.9203889 45.54239
5375999.9 -17.2781355 45.67945
5399999.9 -17.2881508 45.90051
5423999.9 -16.0187669 46.10818
5447999.9 -15.9446268 46.1104
5471999.9 -16.8968827 46.23225
5495999.9 -16.083469 46.27649
5519999.9 -17.1122005 46.07323
5543999.9 -20.0165573 46.26505
5567999.9 -19.3421219 46.47938
5591999.9 -22.4017138 46.53338
5615999.9 -24.3024138 47.26704
5639999.9 -23.950203 47.40751
5663999.9 -30.1669019 48.00207
5687999.9 -27.3958484 48.6571
5711999.9 -30.469802 48.88614
5735999.9 -27.3508147 49.49091
5759999.9 -26.8145985 49.32403
5783999.9 -25.9637455 50.12946
5807999.9 -19.1619142 50.04184
5831999.9 -20.2169021 49.92018
5855999.9 -20.518622 50.98018
5879999.9 -15.6117994 51.09636
5903999.9 -15.964943 51.51295
5927999.9 -11.6558026 51.90866
5951999.9 -12.5767454 51.91828
5975999.9 -13.5371799 52.73957
5999999.9 -5.45701209 52.91426
6023999.9 -7.09309211 52.62404
6047999.9 -8.8912178 53.85853
6071999.9 -6.5025151 54.70179
6095999.9 -11.2366605 55.00776
6119999.9 -12.521301 55.80249
6143999.9 -15.3691115 56.04862
6167999.9 -16.9057008 56.95812
6191999.9 -15.72764 56.78815
6215999.9 -20.8546817 56.49376
6239999.9 -22.8300756 57.32189
6263999.9 -18.4550255 57.01255
6287999.9 -21.4218838 57.03751
6311999.9 -19.7255174 57.79109
6335999.9 -20.6743185 57.66784
6359999.9 -28.805842 58.83418
6383999.9 -22.494744 59.23012
6407999.9 -33.406316 59.68792
6431999.9 -24.551433 60.31879
6455999.9 -21.0756789 59.0288
6479999.9 -21.4201023 58.16521
6503999.9 -23.540376 58.61607
6527999.9 -19.0780756 58.71664
6551999.9 -24.125452 58.32537
6575999.9 -31.867257 59.38375
6599999.9 -24.850031 58.80517
6623999.9 -25.016586 57.9848
6647999.9 -27.151325 58.62737
6671999.9 -20.9303898 58.75056
6695999.9 -27.188787 58.66327
6719999.9 -24.635769 60.19546
6743999.9 -22.831561 59.63882
6767999.9 -37.603663 58.4597
6791999.9 -32.659564 60.30073
6815999.9 -23.559647 59.15106
6839999.9 -26.962275 59.0183
6863999.9 -21.4693498 60.06822
6887999.9 -18.4512062 59.78254
6911999.9 -24.573406 59.88226
6935999.9 -23.3025341 60.32656
6959999.9 -22.1287214 59.45726
6983999.9 -25.48895 58.76871
7007999.9 -24.924862 59.58677
7031999.9 -20.445526 59.47368
7055999.9 -28.761529 59.80678
7079999.9 -21.7336 60.93338
7103999.9 -20.983705 60.51968
7127999.9 -28.974393 60.7215
7151999.9 -24.490726 60.99082
7175999.9 -24.0576864 60.50831
7199999.9 -23.9540304 61.61661
7223999.9 -16.964603 61.72855
7247999.9 -16.9622447 61.67454
7271999.9 -18.7722551 62.14482
7295999.9 -19.489351 62.39043
7319999.9 -22.3309206 62.96111
7343999.9 -18.5723877 63.03224
7367999.9 -18.5018141 62.62965
7391999.9 -21.752634 62.34217
7415999.9 -27.463847 62.45893
7439999.9 -31.893973 60.61913
7463999.9 -19.6612009 59.63572
7487999.9 -20.0942042 59.2598
7511999.9 -23.085548 60.16107
7535999.9 -18.4372686 60.36066
7559999.9 -19.8602584 60.21957
7583999.9 -19.1642762 60.5219
7607999.9 -15.5804105 60.39359
7631999.9 -15.4906989 60.21206
7655999.9 -16.0086244 60.53223
7679999.9 -14.2785628 60.68643
7703999.9 -16.5109458 60.57918
7727999.9 -20.6320588 60.95045
7751999.9 -21.951972 60.93393
7775999.9 -31.417081 60.60178
7799999.9 -31.959188 61.32033
7823999.9 -34.708702 60.76859
7847999.9 -26.639938 62.71972
7871999.9 -22.530065 62.29663
7895999.9 -28.034124 62.78913
7919999.9 -20.9517925 63.49828
7943999.9 -24.003248 63.41373
7967999.9 -22.484226 64.94923
7991999.9 -18.0891458 64.57957
8015999.9 -25.011053 64.43116
8039999.9 -22.74532 65.59691
8063999.9 -19.0198842 65.13025
8087999.9 -20.9610198 65.34059
8111999.9 -15.593728 65.72799
8135999.9 -14.7152618 65.48502
8159999.9 -18.8351328 65.91101
8183999.9 -17.284149 66.29984
8207999.9 -22.3702071 65.95235
8231999.9 -31.609676 67.12271
8255999.9 -25.972043 66.69593
8279999.9 -29.6588543 65.80553
8303999.9 -28.126596 67.56175
8327999.9 -22.236935 67.33487
8351999.9 -29.468958 68.10262
8375999.9 -20.8771672 68.82682
8399999.9 -21.07477 68.85589
8423999.9 -22.049495 69.33501
8447999.9 -22.829528 69.21168
8471999.9 -31.373788 68.98669
8495999.9 -27.264887 69.76659
8519999.9 -23.132364 69.11478
8543999.9 -28.181145 68.85604
8567999.9 -25.084589 70.33741
8591999.9 -23.246632 70.21175
8615999.9 -23.887128 70.79505
8639999.9 -19.9961744 70.48485
8663999.9 -21.447893 69.62753
8687999.9 -25.754062 69.01549
8711999.9 -26.5428 70.06849
8735999.9 -23.449809 69.86389
8759999.9 -31.7586961 70.40246
8783999.9 -24.7892071 71.10337
8807999.9 -30.884839 70.26637
8831999.9 -32.6595697 68.14942
8855999.9 -35.3313105 69.29176
8879999.9 -25.89784 69.32205
8903999.9 -30.6118188 69.03109
8927999.9 -35.0908637 71.41141
8951999.9 -36.3583316 72.33343
8975999.9 -28.6323617 73.04202
8999999.8 -49.9513721 76.60525
9023999.8 -25.5792302 75.49078
9047999.8 -26.9156294 75.74684
9071999.8 -25.5167195 76.29147
9095999.8 -35.6752481 79.8699
9119999.8 -17.9066576 79.08184
9143999.8 -17.1111039 78.53979
9167999.8 -26.7016576 79.22164
9191999.8 -20.863413 79.46585
9215999.8 -18.7672427 78.34
9239999.8 -21.4766722 77.96359
9263999.8 -18.076915 78.53046
9287999.8 -16.9358794 78.29482
9311999.8 -25.6350671 79.09967
9335999.8 -18.5001905 79.72343
9359999.8 -18.5667748 79.09391
9383999.8 -26.5172508 79.08949
9407999.8 -20.982391 79.6616
9431999.8 -19.3630549 79.72752
9455999.8 -16.2573277 80.48299
9479999.8 -12.8852777 80.59244
9503999.8 -14.1235722 80.63021
9527999.8 -15.1821942 81.08282
9551999.8 -15.8124303 81.19775
9575999.8 -18.2392782 81.6206
9599999.8 -15.180836 81.68736
9623999.8 -16.7276736 81.59262
9647999.8 -17.7242441 82.40658
9671999.8 -13.0836844 82.4053
9695999.8 -15.2155838 82.59671
9719999.8 -12.9077482 83.11572
9743999.8 -13.1209768 82.95962
9767999.8 -16.7310826 83.29139
9791999.8 -12.8374172 83.59877
9815999.8 -11.8752004 83.17426
9839999.8 -15.3931146 83.19678
9863999.8 -14.2681503 83.76502
9887999.8 -13.459788 83.58759
9911999.8 -19.9689999 83.70706
9935999.8 -21.0159869 84.61579
9959999.8 -23.0405409 84.2863
9983999.8 -32.959893 84.92337
10008000 -24.4898808 84.91384
10032000 -25.0795099 84.04824
10056000 -38.253729 85.43372
10080000 -25.8859687 85.68182
10104000 -34.6576571 86.13757
10128000 -26.744316 87.08917
10152000 -33.1454731 87.0294
10176000 -27.633478 88.53128
10200000 -28.867417 87.8724
10224000 -34.718195 86.32428
10248000 -32.030832 86.63648
10272000 -24.191602 86.53549
10296000 -27.130429 85.96892
10320000 -31.449969 88.71496
10344000 -29.032023 88.22095
10368000 -30.654378 89.88909
10392000 -24.72264 89.39287
10416000 -30.437993 88.32462
10440000 -36.9935789 87.51801
10464000 -26.2629496 88.22209
10488000 -23.849273 87.78709
10512000 -34.0689086 88.11174
10536000 -25.5493295 88.88834
10560000 -26.5774756 87.8944100000001
10584000 -28.4953423 86.68872
10608000 -28.7943423 87.72185
10632000 -22.3336253 87.75826
10656000 -23.7614983 88.07273
10680000 -19.9111416 88.59107
10704000 -19.8704067 88.50693
10728000 -22.104871 88.52698
10752000 -22.4974135 88.25581
10776000 -26.3184669 87.93703
10800000 -23.352527 89.44693
10824000 -15.9639141 89.02546
10848000 -18.5315822 88.98822
10872000 -17.8129281 89.7618
10896000 -16.2912889 89.53344
10920000 -22.4709089 89.70668
10944000 -17.6893595 90.25488
10968000 -14.9924834 89.70472
10992000 -17.8412224 89.84337
11016000 -13.6164033 90.41221
11040000 -13.2830073 90.11495
11064000 -22.1997223 90.68035
11088000 -18.0672402 91.49874
11112000 -26.2028906 91.28056
11136000 -23.5942446 92.52847
11160000 -17.69459068 91.46067
11184000 -21.8321127 90.33106
11208000 -22.5769367 92.31551
11232000 -16.492156 92.07286
11256000 -28.83570372 94.0899
11280000 -15.0609044 93.85274
11304000 -17.8339387 93.30587
11328000 -21.43340945 96.54493
11352000 -19.7742191 96.20652
11376000 -19.40435434 97.00945
11400000 -17.10105973 96.50801
11424000 -23.8202747 95.8760799999999
11448000 -18.46468372 96.7156
11472000 -9.7597455 96.02609
11496000 -16.42077681 95.84599
11520000 -13.094121618 97.28886
11544000 -9.43410649 96.7502
11568000 -19.3960227 96.34564
11592000 -19.5077287 97.79521
11616000 -13.16593707 96.75949
11640000 -20.376421 96.1136
11664000 -18.9148388 98.12721
11688000 -12.27984532 97.79437
11712000 -19.5217061 97.98716
11736000 -19.1789945 98.99991
11760000 -23.56950004 99.70266
11784000 -16.9723535 100.24288
11808000 -17.6341537 99.82633
11832000 -38.32188546 99.24805
11856000 -19.3675674 100.71992
11880000 -15.37117219 100.2092
11904000 -15.82550088 100.25086
11928000 -14.0715644 100.47167
11952000 -14.6169918 100.50681
11976000 -16.65135582 100.77474
12000000 -18.1301255 100.65076
12024000 -23.41063281 100.04329
12048000 -21.9582754 101.13977
12072000 -15.12735088 100.48242
12096000 -19.47930651 100.13926
12120000 -14.0497634 101.9506
12144000 -11.31537136 101.42261
12168000 -15.9280227 101.29498
12192000 -13.4629096 102.11244
12216000 -9.8313523 101.32597
12240000 -6.9943033 101.17495
12264000 -0.724893 100.57554
12288000 -10.3902558 100.29837
12312000 -16.885176 99.89499
12336000 12.428477 99.49781
12360000 -22.332092 100.13551
12384000 -10.9455981 100.50947
12408000 -16.783365 100.89513
12432000 -4.981041 105.84099
12456000 -11.650236 106.56262
12480000 -8.5003313 106.75404
12504000 -5.514936 106.86439
12528000 -9.4723001 106.64164
12552000 -14.7550223 107.09563
12576000 -13.9023979 108.36368
12600000 -16.6916719 107.52834
12624000 -19.2332609 106.29686
12648000 -20.6093926 105.67002
12672000 -22.9274637 106.39878
12696000 -22.82954516 105.48273
12720000 -16.0232033 103.67042
12744000 -20.94099417 102.40205
12768000 -22.45741846 105.46286
12792000 -15.247069 104.8095
12816000 -23.8696269 104.06199
12840000 -29.9364356 104.58098
12864000 -22.519599 103.58069
12888000 -27.6115508 102.99574
12912000 -24.0517872 104.75005
12936000 -21.2230495 104.68151
12960000 -23.6848738 105.94138
12984000 -19.0426678 106.08375
13008000 -25.8840718 106.13172
13032000 -26.1016713 107.5381
13056000 -35.4922748 108.53334
13080000 -22.1376941 109.47727
13104000 -29.1010627 108.8702
13128000 -26.7761399 111.41673
13152000 -25.9757286 110.47584
13176000 -30.4310696 114.19738
13200000 -30.7716501 112.52065
13224000 -25.4616962 110.40614
13248000 -26.7306459 109.79194
13272000 -27.3965208 110.941
13296000 -24.8963833 110.84958
13320000 -31.9384361 111.39648
13344000 -28.0656485 111.22104
13368000 -25.3919837 109.63126
13392000 -26.9010584 108.09821
13416000 -26.2599614 106.0737
13440000 -26.3189213 105.19805
13464000 -25.3216231 106.70799
13488000 -19.1842594 106.5083
13512000 -22.3316856 106.30012
13536000 -25.7133579 107.12018
13560000 -25.3659293 107.09913
13584000 -30.6439848 106.92876
13608000 -27.9893636 107.00746
13632000 -25.6240837 106.61562
13656000 -32.7850494 106.8681
13680000 -26.1958153 108.22185
13704000 -23.4146115 108.53848
13728000 -20.6320133 108.78292
13752000 -22.846001 108.58867
13776000 -36.5094752 108.95503
13800000 -29.6652455 110.38266
13824000 -30.3014712 109.98734
13848000 -27.7608217 110.02368
13872000 -24.1510421 109.72114
13896000 -29.0887798 110.25543
13920000 -20.7442192 111.12293
13944000 -18.1659406 110.9872
13968000 -21.4762991 111.21656
13992000 -21.3152179 111.60189
14016000 -23.1168517 111.55348
14040000 -24.4386573 111.76788
14064000 -22.4797088 111.52728
14088000 -26.7115313 111.31314
14112000 -23.150636 112.61802
14136000 -19.0925243 112.38839
14160000 -24.0821567 112.11942
14184000 -28.3509937 113.42606
14208000 -28.4340397 113.25996
14232000 -62.3602321 112.92433
14256000 -34.5024738 113.71944
14280000 -28.8718882 112.97335
14304000 -28.993636 113.43742
14328000 -25.2019876 113.72287
14352000 -30.707698 114.23481
14376000 -23.8986979 115.25447
14400000 -26.3832618 114.59499
14424000 -30.8597544 118.53504
14448000 -32.9057843 118.00505
14472000 -25.7402587 119.64039
14496000 -25.9373045 119.14396
14520000 -32.1907096 122.21068
14544000 -25.7377641 121.21812
14568000 -41.0747076 125.25056
14592000 -33.5832372 123.52749
14616000 -26.0978377 126.16728
14640000 -22.9705057 125.61806
14664000 -39.4591943 123.56058
14688000 -21.9185445 121.78273
14712000 -22.2919292 122.05586
14736000 -19.3431743 122.30887
14760000 -23.7844918 121.69041
14784000 -34.1943811 123.18506
14808000 -19.2985604 122.43078
14832000 -15.7680574 121.53554
14856000 -23.0017699 121.59527
14880000 -17.4223261 122.79657
14904000 -17.0642682 122.44115
14928000 -24.0527376 122.97137
14952000 -22.2631781 122.95311
14976000 -26.1100041 121.21989
15000000 -28.7365233 119.10975
15024000 -22.2098279 117.13127
15048000 -24.9467965 116.16152
15072000 -26.1500442 118.38018
15096000 -20.3315422 117.92426
15120000 -33.6250156 117.10229
15144000 -27.9065204 119.71955
15168000 -31.579094 119.04738
15192000 -34.861781 118.25735
15216000 -22.7349504 117.98361
15240000 -19.7519612 117.58435
15264000 -28.3938557 118.0518
15288000 -22.7481041 118.77053
15312000 -30.6359268 118.2369
15336000 -25.5950024 120.64576
15360000 -27.401435 119.67475
15384000 -35.8904886 117.67726
15408000 -24.1695772 119.91252
15432000 -17.1595486 119.22827
15456000 -18.076372 118.77956
15480000 -24.9177085 119.48735
15504000 -22.3971463 119.4218
15528000 -33.16208422 117.61831
15552000 -24.16089424 120.70231
15576000 -18.0368164 119.52612
15600000 -16.47064848 118.86573
15624000 -25.16959916 118.84313
15648000 -27.0378781 119.54778
15672000 -31.2884268 121.49739
15696000 -23.2945708 120.47514
15720000 -20.7110315 119.21667
15744000 -19.4103259 119.09833
15768000 -13.1635022 119.6794
15792000 -11.3082531 119.53551
15816000 -17.26078 119.64726
15840000 -13.152271 120.53811
15864000 -15.0750416 120.14391
15888000 -20.0117598 118.46835
15912000 -25.1117143 118.76639
15936000 -14.4778971 119.40148
15960000 -15.681048 119.97069
15984000 -7.5635448 120.71079
16008000 -3.3890277 121.15486
16032000 5.913006 120.45887
16056000 -6.6399538 120.47415
16080000 -6.666683 121.51043
16104000 -2.19484 120.35232
16128000 -10.2551065 119.73437
16152000 -14.985568 119.72846
16176000 -7.458952 120.38868
16200000 -7.941928 120.32647
16224000 -4.726794 120.68199
16248000 -9.609618 120.59301
16272000 -11.148664 121.5333
16296000 -3.880082 120.71938
16320000 -12.3389303 120.0434
16344000 -16.2765122 119.99236
16368000 -16.5776148 120.64722
16392000 -16.13498026 120.86103
16416000 -16.74900302 121.59612
16440000 -13.56568198 121.81214
16464000 -17.5077962 121.65178
16488000 -24.0567966 122.15401
16512000 -22.80001073 122.27352
16536000 -25.7395638 122.04952
16560000 -22.5105625 122.49764
16584000 -19.42558281 122.33467
16608000 -23.0858175 122.76803
16632000 -19.818301 123.07762
16656000 -23.4988182 122.17339
16680000 -24.2282506 126.17303
16704000 -24.0838805 125.29515
16728000 -52.7333322 124.64675
16752000 -37.7797615 126.56624
16776000 -33.550834 129.93893
16800000 -39.8281487 128.83281
16824000 -27.857576 131.2467
16848000 -25.6251393 130.10861
16872000 -24.3580884 128.37038
16896000 -33.1897063 127.55259
16920000 -22.6612842 129.68339
16944000 -18.5302055 129.07996
16968000 -25.7661263 129.12742
16992000 -22.4911853 129.65621
17016000 -21.2712241 128.66067
17040000 -30.0803762 127.42074
17064000 -25.8586415 130.01153
17088000 -20.9778862 129.36925
17112000 -26.6026861 130.54276
17136000 -16.3176692 130.76699
17160000 -16.5682853 130.41794
17184000 -21.2354229 130.87208
17208000 -19.1148472 131.03324
17232000 -22.6060312 130.68887
17256000 -24.9665928 131.45786
17280000 -20.6405791 131.50666
17304000 -21.1014925 131.60737
17328000 -20.2730932 131.97855
17352000 -22.6351234 132.10997
17376000 -25.3151715 133.45266
17400000 -20.67319 133.68979
17424000 -22.2782394 133.90235
17448000 -22.7784407 134.01177
17472000 -25.541513 133.53168
17496000 -28.3464214 133.50093
17520000 -22.0085024 133.70629
17544000 -20.6688951 133.4038
17568000 -24.8205762 133.49637
17592000 -28.5143655 133.93571
17616000 -43.1468622 132.19141
17640000 -29.8925066 130.77223
17664000 -34.3970261 130.90306
17688000 -33.35564 131.28196
17712000 -29.4542299 129.46064
17736000 -23.0926809 128.55206
17760000 -26.9041259 128.55772
17784000 -24.6328566 129.24137
17808000 -24.7964979 128.89521
17832000 -29.9250309 129.24787
17856000 -22.1984931 129.16531
17880000 -18.9858861 128.2676
17904000 -27.9117038 127.38026
17928000 -26.6517914 129.90203
17952000 -22.8543476 128.79268
17976000 -26.7758776 127.10585
18000000 -32.9392379 125.37477
18024000 -25.8900129 128.81907
18048000 -25.9798496 127.85951
18072000 -39.352707 130.90307
18096000 -27.9257391 130.29407
18120000 -29.5787422 131.3192
18144000 -25.3911019 131.49928
18168000 -38.9477298 131.97319
18192000 -26.3096179 133.45681
18216000 -29.1236986 133.47249
18240000 -35.7791757 134.60351
18264000 -37.6075247 136.61757
18288000 -29.4520783 136.99292
18312000 -37.8809766 138.0568
18336000 -26.0083077 138.71199
18360000 -29.478592 138.49454
18384000 -31.8509439 140.3787
18408000 -28.8104469 139.94012
18432000 -37.2450003 139.34643
18456000 -34.0472189 139.46646
18480000 -28.3439175 138.92268
18504000 -36.1825409 139.01244
18528000 -27.1198196 140.56692
18552000 -28.4344787 140.30719
18576000 -30.0431387 141.72983
18600000 -26.6437456 141.35305
18624000 -37.0551196 145.34458
18648000 -28.7542652 143.21345
18672000 -22.9421048 141.60294
18696000 -22.0611113 140.72757
18720000 -28.3643232 141.05852
18744000 -24.5017544 141.69669
18768000 -30.1078031 141.37366
18792000 -39.5840955 144.69906
18816000 -30.1224113 144.94388
18840000 -28.6531801 144.67506
18864000 -31.6863444 142.71642
18888000 -23.2374463 141.3838
18912000 -28.359578 140.04073
18936000 -24.5403307 138.21841
18960000 -23.7656855 137.88166
18984000 -26.8896751 138.61055
19008000 -26.0248007 139.55639
19032000 -21.3188577 139.99811
19056000 -28.270288 139.75314
19080000 -25.6983324 142.34272
19104000 -23.6833629 141.80914
19128000 -31.1566883 144.55535
19152000 -24.0209161 144.04976
19176000 -40.89441618 145.65162
19200000 -24.5869527 145.78607
19224000 -35.8587305 145.61933
19248000 -26.81904806 147.75757
19272000 -33.08637411 147.31778
19296000 -28.77979937 148.46908
19320000 -19.7967418 147.57423
19344000 -19.27700463 147.00663
19368000 -19.0268438 147.4557
19392000 -17.7228036 147.40718
19416000 -28.5330498 149.02587
19440000 -18.6050823 149.4176
19464000 -26.3353666 149.45915
19488000 -17.9410798 150.54563
19512000 -16.7093357 149.86064
19536000 -18.2426278 148.41217
19560000 -29.1505703 148.74882
19584000 -17.864822 149.6561
19608000 -16.1152717 149.74024
19632000 -14.4473756 150.23533
19656000 -13.4155469 150.4195
19680000 -12.9258536 150.59915
19704000 -12.1907754 150.30805
19728000 -10.387152 149.68401
19752000 -14.669408 148.20308
19776000 -15.7861562 150.37384
19800000 -10.9186569 150.17977
19824000 -16.5538573 149.86752
19848000 -17.5064497 150.76795
19872000 -24.972749 150.69056
19896000 -13.73133 152.80706
19920000 -18.5414899 152.56333
19944000 -20.004809 153.77327
19968000 -11.130287 152.28255
19992000 -12.3637799 151.41963
20016000 -9.776409 151.16615
20040000 -21.700364 150.41577
20064000 -25.6772711 151.36867
20088000 -17.348393 150.91225
20112000 -13.1395716 149.81383
20136000 -11.0473988 149.44123
20160000 -23.320307 148.21972
20184000 -16.9796837 151.13321
20208000 -19.4513591 151.66531
20232000 -8.9605811 152.23119
20256000 -11.9922391 151.66342
20280000 -25.181122 151.7875
20304000 -19.6316393 153.1537
20328000 -25.0300687 152.0935
20352000 -32.3351809 151.76896
20376000 -24.3311401 151.88331
20400000 -23.8799595 150.20763
20424000 -14.6894995 149.00102
20448000 -11.1253206 148.3351
20472000 -15.06749465 148.24945
20496000 -16.64648133 148.62056
20520000 -19.0058098 148.48888
20544000 -22.402435636 148.62067
20568000 -19.59872181 148.38632
20592000 -22.2782158 148.07867
20616000 -18.63685307 149.08887
20640000 -13.93321553 148.9984
20664000 -16.446126737 148.78028
20688000 -18.1934959 149.29075
20712000 -16.4950297 149.07664
20736000 -19.8231136 148.5144
20760000 -23.712067 149.19014
20784000 -18.1248415 149.4195
20808000 -18.1248468 149.43694
20832000 -18.2601206 149.83847
20856000 -19.4259669 149.94131
20880000 -24.3211261 150.68156
20904000 -20.9565116 150.92611
20928000 -24.3816003 150.67457
20952000 -25.1516089 151.38499
20976000 -19.522384 151.08592
21000000 -19.4348871 150.89291
21024000 -20.0784524 151.20969
21048000 -20.5946804 151.37543
21072000 -23.7862602 152.08626
21096000 -19.4918002 152.29801
21120000 -22.5080463 151.82642
21144000 -33.7823862 151.733
21168000 -26.606985 152.49441
21192000 -26.4776946 152.28928
21216000 -22.0945329 153.22456
21240000 -17.4364248 152.93235
21264000 -23.7015994 152.87509
21288000 -21.6212494 154.30968
21312000 -19.4944183 153.69526
21336000 -33.158741 152.15029
21360000 -23.7691452 155.87431
21384000 -23.6111139 154.77988
21408000 -36.2186706 154.9866
21432000 -23.539416 156.06085
21456000 -21.5140076 155.75166
21480000 -24.3659381 156.09559
21504000 -26.0220763 156.32434
21528000 -37.7100332 157.22574
21552000 -35.2643267 157.77564
21576000 -31.0335554 161.78157
21600000 -25.138639 161.30447
21624000 -29.0088237 161.71217
21648000 -29.355589 162.98558
21672000 -24.1345061 163.4454
21696000 -28.870808 163.27516
21720000 -28.272258 166.37236
21744000 -22.4927041 165.82192
21768000 -36.5422479 166.43588
21792000 -27.3775525 167.67605
21816000 -40.091479 165.53864
21840000 -25.5918049 164.03413
21864000 -28.7734291 164.45778
21888000 -23.8077341 165.29779
21912000 -27.4714668 165.58817
21936000 -26.2353351 167.13819
21960000 -22.8823122 167.4363
21984000 -23.4747726 167.86805
22008000 -25.1903042 167.92379
22032000 -47.1055023 168.66292
22056000 -30.0619832 169.64661
22080000 -30.749886 168.94877
22104000 -27.831031 169.17943
22128000 -20.8616209 169.02692
22152000 -20.1714872 168.68824
22176000 -26.9368882 168.75506
22200000 -26.8899197 169.53359
22224000 -28.8637694 169.19998
22248000 -39.9092589 169.03251
22272000 -32.5141381 169.69135
22296000 -29.4469567 169.68245
22320000 -27.2342187 170.09819
22344000 -28.6577277 170.36251
22368000 -26.8720511 171.6006
22392000 -22.8229798 171.47038
22416000 -40.3643258 171.45261
22440000 -24.255299 173.40949
22464000 -24.1239451 172.36589
22488000 -29.773226 170.93822
22512000 -32.2852375 172.16064
22536000 -21.4958064 171.80868
22560000 -25.4673408 171.34052
22584000 -30.1703728 173.14016
22608000 -26.8744802 172.46972
22632000 -31.6751376 176.27391
22656000 -26.4585517 175.09405
22680000 -29.1261409 174.01599
22704000 -27.2686823 173.75569
22728000 -20.997595 173.5157
22752000 -22.5532028 172.88859
22776000 -44.9582845 175.05086
22800000 -31.0893845 174.32854
22824000 -22.66255583 178.14782
22848000 -20.6068917 177.40078
22872000 -29.84103198 178.09802
22896000 -20.75072193 178.99961
22920000 -26.02138643 179.26987
22944000 -22.68489933 180.2173
22968000 -24.7979474 179.29593
22992000 -27.00217843 183.22305
23016000 -32.91092594 181.72057
23040000 -21.538708 185.65824
23064000 -21.6715386 185.82527
23088000 -15.7354356 186.66195
23112000 -12.4859236 186.57623
23136000 -15.5496044 186.86252
23160000 -14.1892494 187.22639
23184000 -13.7399088 186.85383
23208000 -16.4543548 186.4022
23232000 -17.141467 185.99562
23256000 -23.4384412 187.27123
23280000 -12.2242997 187.34831
23304000 -10.065731 187.17244
23328000 -14.8522642 187.35391
23352000 -11.6805488 187.53675
23376000 -9.9478879 187.02792
23400000 -16.0156 185.47619
23424000 -16.4445531 187.76473
23448000 -11.158537 187.33508
23472000 -13.6623178 187.54007
23496000 -11.3742852 187.68689
23520000 -14.2045088 187.53922
23544000 -10.6460155 188.44499
23568000 -5.8557397 188.06886
23592000 -3.066574 187.50341
23616000 -7.6899492 187.54579
23640000 -4.7172337 188.05402
23664000 -1.406354 187.85794
23688000 -4.647789 187.91104
23712000 -3.365826 188.25386
23736000 -3.361286 187.77323
23760000 -5.3614335 188.03082
23784000 -4.829657 187.84996
23808000 -12.2807844 187.59514
23832000 -10.919538 188.40597
23856000 -8.7449282 188.32757
23880000 -12.7909479 188.29584
23904000 -11.5895786 188.78314
23928000 -10.002407 188.71667
23952000 -13.5840019 188.39761
23976000 -15.2772401 188.93607
24000000 -13.8869801 188.80639
24024000 -21.3063315 188.27892
24048000 -24.0370267 190.43073
24072000 -17.4508388 190.31198
24096000 -20.9338237 189.59077
24120000 -33.5026121 191.39488
24144000 -19.3306503 190.77034
24168000 -15.4678501 189.88996
24192000 -18.3888296 189.8219
24216000 -15.7132637 190.60601
24240000 -13.3164714 190.3158
24264000 -21.0625354 190.2829
24288000 -25.0693084 191.8359
24312000 -31.8645493 191.7947
24336000 -26.52688481 194.5397
24360000 -22.1682264 194.60116
24384000 -23.8888659 194.18483
24408000 -23.2648798 192.7956
24432000 -17.2259834 192.16603
24456000 -19.4583338 192.21004
24480000 -19.2241975 192.83821
24504000 -23.7397265 192.47568
24528000 -25.4699008 195.92196
24552000 -25.96454905 196.78142
24576000 -13.6353579 197.31116
24600000 -13.2881124 196.83962
24624000 -21.3172062 197.81684
24648000 -14.3681344 198.31766
24672000 -18.9549652 197.76176
24696000 -28.772863313 199.05579
24720000 -22.18489902 198.62029
24744000 -25.28722827 197.82269
24768000 -23.69738074 199.03361
24792000 -18.783314821 198.98851
24816000 -22.96421398 199.66886
24840000 -16.7609034 200.16032
24864000 -17.97617958 199.74495
24888000 -37.91035517 203.65947
24912000 -26.2637653 201.7711
24936000 -30.9932035 200.54526
24960000 -30.51916777 200.41198
24984000 -22.3386297 200.53017
25008000 -23.7089508 200.53576
25032000 -21.74382612 201.68639
25056000 -18.7443939 201.60103
25080000 -23.33752976 201.50312
25104000 -27.42475881 201.69096
25128000 -25.1620732 200.57277
25152000 -22.7165978 199.56206
25176000 -28.239481 197.74009
25200000 -24.4444603 196.31908
25224000 -25.2069942 196.51937
25248000 -21.8469208 196.94582
25272000 -23.2603788 196.831
25296000 -32.6517834 196.62797
25320000 -37.7608015 199.31421
25344000 -32.6972255 198.39087
25368000 -26.3452141 197.24811
25392000 -27.6220552 196.48303
25416000 -33.1510585 199.02731
25440000 -24.1901181 198.75099
25464000 -30.4815504 199.417
25488000 -23.0042069 199.95916
25512000 -24.9405753 199.07238
25536000 -25.760114 197.07808
25560000 -28.6746916 197.04021
25584000 -22.8972339 197.88855
25608000 -27.64301847 197.47454
25632000 -23.8794136 200.18197
25656000 -19.4687194 199.81588
25680000 -26.3846069 199.25154
25704000 -33.0465349 197.92213
25728000 -21.9440353 197.56511
25752000 -21.60357694 197.12002
25776000 -31.0760316 199.38437
25800000 -19.39734356 199.35558
25824000 -24.74996626 199.34526
25848000 -24.915189 200.46334
25872000 -31.16321351 199.98571
25896000 -23.91682913 203.10145
25920000 -26.77609632 202.22365
25944000 -25.19580757 206.15116
25968000 -21.52305419 205.69053
25992000 -23.72949892 206.09374
26016000 -26.95745435 206.87853
26040000 -19.9216987 207.60629
26064000 -18.67628918 207.1399
26088000 -21.46097895 206.55849
26112000 -24.87380069 206.68789
26136000 -20.179557335 206.82087
26160000 -21.8763513 206.62472
26184000 -23.8770233 207.93244
26208000 -20.62276166 207.72041
26232000 -35.1107325 206.71426
26256000 -23.8799593 209.47998
26280000 -21.60150026 208.09191
26304000 -17.4426238 207.23213
26328000 -18.9059945 206.85432
26352000 -26.10147568 207.33769
26376000 -21.4113807 208.93886
26400000 -17.7408056 208.81023
26424000 -24.8613251 209.34471
26448000 -18.9516405 210.33965
26472000 -19.0789355 209.86282
26496000 -29.04243163 210.05137
26520000 -19.960558 210.80786
26544000 -17.0805337 210.12093
26568000 -23.1800685 210.26569
26592000 -18.9347134 211.33516
26616000 -17.8808984 211.311
26640000 -18.8819945 211.79122
26664000 -17.5118321 211.63766
26688000 -20.4249917 210.80168
26712000 -22.3655527 210.5486
26736000 -22.5414768 210.93861
26760000 -19.2469767 211.86326
26784000 -14.895217 212.10733
26808000 -14.9109478 212.18764
26832000 -17.9981485 212.62765
26856000 -20.3000988 212.96515
26880000 -31.7103026 214.55456
26904000 -20.7148304 214.33013
26928000 -20.4726275 212.79483
26952000 -20.4529459 212.0525
26976000 -20.1363904 213.72185
27000000 -17.2207101 213.63472
27024000 -15.690269 215.42461
27048000 -4.9522728 214.94388
27072000 -6.5133371 214.80808
27096000 -8.178707 215.09521
27120000 -8.878019 214.97419
27144000 -11.4476439 215.1562
27168000 -4.607528 215.64424
27192000 -1.68855 214.88909
27216000 0.0356369999999977 215.67467
27240000 2.996742 213.17122
27264000 -5.037423 214.11254
27288000 -5.979978 215.93987
27312000 2.064286 215.01812
27336000 -7.601735 215.46004
27360000 -4.294361 215.94793
27384000 -3.38513 214.3494
27408000 -12.236938 214.58311
27432000 -8.708368 215.91405
27456000 -6.836332 215.10385
27480000 -21.322676 215.55959
27504000 -13.124683 216.84638
27528000 -12.921039 215.60094
27552000 -19.3376539 215.52012
27576000 -11.046131 216.12775
27600000 -10.6732966 215.54228
27624000 -21.3898218 216.56533
27648000 -11.420339 217.1411
27672000 -19.0698891 215.93083
27696000 -17.4308999 214.02582
27720000 -15.779587 214.03008
27744000 -14.8013559 214.70409
27768000 -12.1022803 215.41303
27792000 -8.164347 215.39118
27816000 -15.5544247 214.96956
27840000 -30.6996776 213.60056
27864000 -27.5534678 214.42157
27888000 -14.7485456 213.8624
27912000 -17.7925079 213.43855
27936000 -22.5602548 216.44213
27960000 -16.6970289 215.68392
27984000 -25.2154586 216.2756
28008000 -19.9607098 216.97853
28032000 -25.0305873 216.37199
28056000 -21.2151788 216.49375
28080000 -11.559223 215.91437
28104000 -14.2766857 215.37041
28128000 -18.1830914 216.57525
28152000 -10.9068298 216.71716
28176000 -16.2831413 216.0623
28200000 -23.1023555 217.90666
28224000 -12.9380682 217.36727
28248000 -12.0788815 216.47568
28272000 -14.9436401 216.54517
28296000 -12.7814421 216.84286
28320000 -17.5095689 216.6628
28344000 -18.2291603 218.1905
28368000 -13.1361113 217.86118
28392000 -17.5832106 217.0113
28416000 -28.6700077 216.95603
28440000 -23.8867526 217.56656
28464000 -26.8411357 217.46292
28488000 -25.3062699 218.58198
28512000 -26.1539286 218.95225
28536000 -21.6691456 219.90033
28560000 -21.4732775 219.75526
28584000 -27.0601128 220.77333
28608000 -18.684031 220.41235
28632000 -17.6878195 219.3262
28656000 -21.7428872 218.30439
28680000 -22.4218691 220.88765
28704000 -16.9094331 220.38134
28728000 -20.9849439 220.68376
28752000 -18.5939642 221.24795
28776000 -26.21070754 221.57415
28800000 -19.6150679 223.0325
28824000 -23.10881892 222.56859
28848000 -25.38986751 225.0414
28872000 -19.46705581 224.3003
28896000 -27.56950634 222.87267
28920000 -28.63169316 226.64102
28944000 -24.3059817 224.56297
28968000 -22.78647879 223.38997
28992000 -31.2638332 222.86172
29016000 -32.71444895 225.5236
29040000 -30.9953306 225.23436
29064000 -36.8720719 224.84605
29088000 -31.12913249 223.03374
29112000 -28.16091858 222.84617
29136000 -24.35402764 223.34648
29160000 -21.3217542 223.01665
29184000 -25.83387345 222.21216
29208000 -37.0016715 222.16509
29232000 -23.9066523 222.98961
29256000 -19.76308292 222.34927
29280000 -21.5453239 221.90152
29304000 -23.98385778 220.9828
29328000 -22.418840746 219.82015
29352000 -23.27238799 219.43184
29376000 -28.40222877 219.50859
29400000 -30.96183302 219.42752
29424000 -25.70903465 218.29964
29448000 -21.50086506 217.97496
29472000 -21.81451262 218.43862
29496000 -19.42014075 218.96609
29520000 -18.49428113 219.43531
29544000 -17.457335189 219.61218
29568000 -22.73661588 219.31705
29592000 -26.79887128 223.02874
29616000 -24.69302978 222.28916
29640000 -33.03201318 223.84673
29664000 -30.068797911 224.3268
29688000 -23.97583585 226.05062
29712000 -19.95572875 225.9108
29736000 -25.83085456 226.2871
29760000 -20.5321448 227.1674
29784000 -20.91662519 226.89197
29808000 -25.50257673 226.96489
29832000 -22.439995923 227.14851
29856000 -20.50390109 226.96924
29880000 -19.5941988 227.14675
29904000 -18.23670991 227.16288
29928000 -21.32882668 227.13795
29952000 -24.7555236 227.83917
29975999 -21.333779 227.73844
29999999 -22.60199311 227.73471
30023999 -17.577754 228.19216
30047999 -13.7341308 227.89844
30071999 -16.2080963 227.89423
30095999 -16.9912674 228.52497
30119999 -16.3662401 228.50978
30143999 -22.0278003 228.43522
30167999 -26.8443425 228.85622
30191999 -25.9431188 228.70495
30215999 -22.3971089 228.99365
30239999 -15.9437154 228.88678
30263999 -19.0227987 228.62043
30287999 -24.3476837 230.31715
30311999 -16.6529797 230.57268
30335999 -20.3803638 230.59014
30359999 -22.4124054 231.16486
30383999 -24.7769739 230.12535
30407999 -21.4176397 228.75116
30431999 -20.2126207 229.28344
30455999 -15.3621498 229.44893
30479999 -27.8008956 229.46039
30503999 -17.7942371 231.3802
30527999 -12.9387806 230.71175
30551999 -21.1552869 229.30564
30575999 -27.0836923 228.37327
30599999 -21.095111 228.96584
30623999 -18.687652 228.14734
30647999 -22.0397111 227.58597
30671999 -19.189058 226.93297
30695999 -23.270003 226.01076
30719999 -18.816179 229.35011
30743999 -4.817633 228.61765
30767999 -10.57023 227.88893
30791999 -18.74435 230.03495
30815999 -2.990495 230.19645
30839999 -3.665706 228.6719
30863999 -7.434648 229.16509
30887999 7.263994 229.14633
30911999 -3.954395 227.98562
30935999 -19.187399 231.25501
30959999 1.61155 232.43113
30983999 -3.722363 229.86769
31007999 -7.19295 231.64889
31031999 -0.545558 227.06919
31055999 -1.056775 227.81253
31079999 7.191296 224.20354
31103999 -17.699831 226.24796
31127999 -3.785413 228.75347
31151999 3.034491 224.08002
31175999 -3.678154 219.05556
31199999 -10.887092 219.24242
31223999 -3.728073 219.51117
31247999 -11.062563 219.29065
31271999 -22.046043 218.07744
31295999 -11.95423 215.33317
31319999 -14.367902 215.69655
31343999 -7.565283 216.26983
31367999 -9.673343 215.16435
31391999 -26.52968 216.16948
31415999 -9.86431 216.31273
31439999 -6.214606 215.37187
31463999 -12.693256 215.44918
31487999 -6.912691 216.45717
31511999 -8.386326 215.86784
31535999 -19.6356001 216.1163
31559999 -17.440121 217.34466
31583999 -16.77331 215.67484
31607999 -18.3536335 215.13187
31631999 -15.55024 215.57274
31655999 -15.352306 215.48829
31679999 -17.1581145 216.71434
31703999 -11.5152375 216.91766
31727999 -15.141829 215.78529
31751999 -23.5282585 219.19646
31775999 -14.526544 217.71473
31799999 -11.556875 216.2423
31823999 -17.5692291 216.2237
31847999 -13.7829481 216.6385
31871999 -14.5181863 215.71685
31895999 -23.1632791 213.79445
31919999 -16.8922296 212.08406
31943999 -16.6592439 210.9163
31967999 -24.7481809 212.32254
31991999 -14.5567065 212.46235
32015999 -17.028787 212.47466
32039999 -16.2511192 213.52711
32063999 -13.6310687 213.80857
32087999 -14.1447342 213.81479
32111999 -20.1668962 213.68095
32135999 -30.3329586 216.68556
32159999 -18.9353964 215.34992
32183999 -20.3831968 213.96416
32207999 -25.2940874 212.98922
32231999 -20.8540996 215.39931
32255999 -17.3526112 214.69245
32279999 -22.4312261 214.79101
32303999 -20.8550984 215.4102
32327999 -23.9713333 214.74211
32351999 -37.4075724 218.508
32375999 -24.867199 216.2244
32399999 -31.1738894 215.3271
32423999 -23.8802946 217.6556
32447999 -18.2470416 216.908
32471999 -27.5965085 218.125
32495999 -15.9132014 218.4003
32519999 -15.3253881 217.7257
32543999 -28.0458817 217.1993
32567999 -26.1846458 218.6277
32591999 -21.5105094 217.6974
32615999 -26.709348 217.4688
32639999 -22.2170344 218.5595
32663999 -19.1587688 218.6416
32687999 -19.6852245 219.2602
32711999 -16.80139378 219.6324
32735999 -15.9912826 219.7705
32759999 -15.94108585 219.9082
32783999 -15.7081642 219.9586
32807999 -15.6143944 219.8841
32831999 -16.6048612 219.8135
32855999 -17.9505911 219.9194
32879999 -17.6780004 220.0449
32903999 -18.34132459 219.7565
32927999 -22.86511457 219.1813
32951999 -42.082204 220.1562
32975999 -23.80766148 220.4311
32999999 -22.14166961 220.297
33023999 -20.5466445 220.7956
33047999 -18.33530356 220.8757
33071999 -20.93352532 221.0119
33095999 -24.7204758 221.4313
33119999 -40.47084093 221.8763
33143999 -26.50020155 223.9758
33167999 -26.7810461 222.8546
33191999 -25.24505555 221.1101
33215999 -28.18234386 220.7165
33239999 -29.2735334 222.6696
33263999 -24.8137245 222.9617
33287999 -23.1471747 223.6794
33311999 -23.2863379 224.0606
33335999 -23.47255 224.8627
33359999 -23.7998305 224.775
33383999 -26.3582249 222.7016
33407999 -21.7402259 222.0813
33431999 -18.6361473 222.7123
33455999 -14.2787967 222.6372
33479999 -18.1782438 222.4215
33503999 -21.333655 222.7851
33527999 -19.1095561 222.5086
33551999 -20.3765189 222.26
33575999 -17.6866815 222.5903
33599999 -15.9691286 222.2899
33623999 -33.7872426 221.6787
33647999 -21.0361418 224.4539
33671999 -21.4324174 223.0846
33695999 -20.4166352 221.1939
33719999 -25.3379215 220.8336
33743999 -22.1473749 222.7779
33767999 -17.8542723 222.8539
33791999 -16.998423 223.1452
33815999 -23.0080154 222.3855
33839999 -18.0113379 225.9606
33863999 -18.0872792 225.2337
33887999 -25.9467175 223.2777
33911999 -30.2346094 221.3491
33935999 -18.8296701 224.5124
33959999 -15.1613856 223.8921
33983999 -27.1755542 225.4341
34007999 -17.4386735 225.8472
34031999 -20.9109635 227.1314
34055999 -12.0538277 227.0317
34079999 -14.9727036 226.4002
34103999 -16.5576326 224.3434
34127999 -20.7245141 223.3307
34151999 -25.47739 225.6361
34175999 -23.6509092 225.9139
34199999 -16.9718173 227.2513
34223999 -13.9062732 227.5176
34247999 -12.3161619 227.9186
34271999 -12.5289052 228.2417
34295999 -11.0601392 228.7532
34319999 -7.9073897 228.4539
34343999 -12.7873728 227.7951
34367999 -23.2988096 227.3741
34391999 -18.0884513 229.9153
34415999 -11.7144207 229.5674
34439999 -8.2108897 229.6693
34463999 -6.782857 229.5357
34487999 -9.0732591 229.9525
34511999 -4.7978668 230.2728
34535999 -3.7188805 229.8368
34559999 -5.2679158 229.8554
34583999 -2.662421 229.7143
34607999 -4.9149432 229.3026
34631999 -6.6180891 229.6477
34655999 -4.3648634 229.6777
34679999 -6.6077007 229.537
34703999 -8.6592515 229.746
34727999 -9.3445165 229.8371
34751999 -10.9231781 230.0415
34775999 -10.20848986 230.3169
34799999 -9.4893089 230.4065
34823999 -10.7625934 230.5578
34847999 -11.7326928 230.8672
34871999 -12.2955393 231.1168
34895999 -12.99066753 231.2921
34919999 -13.99762369 231.3808
34943999 -15.0659536 231.5034
34967999 -14.3482269 231.6065
34991999 -13.8433227 231.6956
35015999 -12.2757522 231.9278
35039999 -10.9460355 231.8541
35063999 -14.1050136 231.734
35087999 -18.8705632 232.6372
35111999 -13.4726877 232.5676
35135999 -13.599381 232.0336
35159999 -16.1653118 231.6659
35183999 -15.7098745 232.1482
35207999 -13.6014005 232.4389
35231999 -9.048697 232.9
35255999 -6.557347 232.5688
35279999 -11.519547 232.3809
35303999 -10.045725 233.1655
35327999 -10.947912 232.175
35351999 -8.912956 231.2844
35375999 -16.271672 230.5894
35399999 -10.153943 231.978
35423999 -8.965416 231.6221
35447999 -14.363849 232.2996
35471999 -10.880455 232.3446
35495999 -14.167965 231.8697
35519999 -18.321548 232.6282
35543999 -13.398752 232.5358
35567999 -15.021451 232.4546
35591999 -12.0748773 233.1548
35615999 -11.3946141 233.2561
35639999 -14.131939 233.6907
35663999 -12.041187 233.8773
35687999 -16.4479637 233.3991
35711999 -18.050662 233.113
35735999 -13.415691 232.8535
35759999 -14.8441421 232.5307
35783999 -31.2669571 230.4928
35807999 -12.0340164 228.4447
35831999 -13.7256569 228.2691
35855999 -14.742619 228.6179
35879999 -15.8363783 228.0434
35903999 -24.5349996 227.2472
35927999 -26.5330081 230.0719
35951999 -17.1242791 228.9863
35975999 -16.5597886 228.8254
35999999 -14.5113866 228.7107
36023999 -16.3279838 227.8001
36047999 -21.5482321 226.3024
36071999 -19.3507324 224.4741
36095999 -18.3208436 222.7338
36119999 -25.11209 221.8164
36143999 -26.8106907 224.4926
36167999 -18.1957591 223.4027
36191999 -20.9126996 222.3103
36215999 -19.0413866 221.5072
36239999 -18.5200627 220.8639
36263999 -28.1248092 220.834
36287999 -23.3680327 222.5684
36311999 -22.1616162 221.451
36335999 -21.072459 219.6837
36359999 -19.0618226 219.1838
36383999 -24.2262104 219.7766
36407999 -22.0339798 220.3644
36431999 -24.3953347 221.9241
36455999 -15.4104117 221.8836
36479999 -22.4249883 221.4581
36503999 -29.3515149 224.9966
36527999 -31.4880912 224.7102
36551999 -21.2812498 225.9475
36575999 -19.8175364 225.4983
36599999 -27.9103013 224.4435
36623999 -26.0601492 225.5579
36647999 -13.865101 224.9557
36671999 -12.0594782 224.438
36695999 -17.5040968 224.6053
36719999 -16.3002859 226.167
36743999 -10.4482298 225.9016
36767999 -15.1133369 225.6498
36791999 -25.8316538 226.9773
36815999 -19.2593923 226.9719
36839999 -22.4625955 226.4756
36863999 -21.5887197 226.4131
36887999 -18.036255 226.2408
36911999 -20.3117614 226.3905
36935999 -16.4389397 227.3097
36959999 -12.514457 227.2293
36983999 -13.22280546 227.2792
37007999 -13.4762959 227.4727
37031999 -14.78055732 227.5281
37055999 -15.87121711 227.9102
37079999 -12.70003559 228.0319
37103999 -13.45616856 227.8638
37127999 -15.63346666 228.2769
37151999 -13.26081329 228.5798
37175999 -13.8816066 228.5781
37199999 -14.5852651 228.8553
37223999 -13.15634508 228.8272
37247999 -15.44552678 228.7194
37271999 -15.69717696 229.3688
37295999 -10.9942405 229.5103
37319999 -11.5283044 229.4904
37343999 -12.2045751 230.013
37367999 -10.6178604 230.22
37391999 -12.2809265 230.499
37415999 -9.5663325 230.9017
37439999 -6.7074275 230.7054
37463999 -9.0907913 230.602
37487999 -9.2821644 231.1048
37511999 -7.8728964 231.318
37535999 -9.549965 231.7789
37559999 -7.2299675 232.1286
37583999 -8.281421 232.1164
37607999 -12.712139 234.2312
37631999 -8.510156 233.8976
37655999 -12.07478 234.1582
37679999 -9.263667 234.3292
37703999 -9.4828312 234.1033
37727999 -10.133462 234.388
37751999 -7.511689 234.6721
37775999 -12.398656 234.7768
37799999 -20.085089 236.0595
37823999 -14.89143 236.1774
37847999 -20.5228926 235.3299
37871999 -20.9404014 234.7416
37895999 -15.149001 234.2109
37919999 -19.8114962 233.3749
37943999 -26.7886441 233.2789
37967999 -17.163961 233.6161
37991999 -12.3599357 232.945
38015999 -14.6712827 232.6853
38039999 -19.572551 234.8208
38063999 -10.137622 234.2907
38087999 -12.382942 234.4091
38111999 -13.837047 234.5579
38135999 -18.05526 234.3473
38159999 -17.5780531 234.6086
38183999 -10.934166 234.5909
38207999 -15.106713 234.1634
38231999 -12.38297 235.6964
38255999 -7.278482 235.8246
38279999 -14.017039 233.9093
38303999 -14.648859 238.0998
38327999 -12.630306 237.0968
38351999 -5.735113 235.1177
38375999 -21.000219 237.4981
38399999 -2.217746 236.6768
38423999 -6.062671 235.513
38447999 -25.642465 237.4883
38471999 -18.311278 237.8188
38495999 -20.137329 240.4431
38519999 -15.712745 239.404
38543999 -13.989118 238.9946
38567999 -3.678945 238.0665
38591999 -2.187466 238.5466
38615999 1.305032 239.3706
38639999 1.15722 237.1169
38663999 -6.367244 237.8234
38687999 -8.986867 237.4328
38711999 -0.299811000000002 238.9792
38735999 -9.30238 244.2435
38759999 -6.610443 243.9136
38783999 -6.778055 247.5044
38807999 -6.175133 245.7441
38831999 -20.116733 245.0403
38855999 0.595444999999998 247.6506
38879999 -1.025881 247.3734
38903999 -5.196609 248.3437
38927999 1.073444 248.6169
38951999 -9.58967 247.408
38975999 -15.992453 249.3542
38999999 -1.392782 249.435
39023999 -2.60209 248.8811
39047999 -9.681769 249.7117
39071999 -6.611212 250.9788
39095999 -4.10658 250.9866
39119999 -8.82854 250.9344
39143999 -13.683846 251.9957
39167999 -8.880578 251.6897
39191999 -5.627737 250.9539
39215999 -6.099597 250.259
39239999 -9.8668848 250.9933
39263999 -5.715946 251.416
39287999 -3.787766 251.1524
39311999 -10.9241476 251.0321
39335999 -20.1361517 251.3267
39359999 -21.7211075 254.0999
39383999 -19.2874838 253.7012
39407999 -25.0057394 253.5621
39431999 -26.1910096 252.8952
39455999 -26.0281417 252.2211
39479999 -30.1474093 253.4419
39503999 -23.5650776 253.255
39527999 -26.852794 256.713
39551999 -17.7982128 255.8159
39575999 -17.3852702 254.437
39599999 -16.7586001 252.5121
39623999 -20.1803366 251.7506
39647999 -20.11924 253.6488
39671999 -14.4293201 252.7941
39695999 -16.9947346 251.5299
39719999 -14.9893887 249.8279
39743999 -19.4020652 248.6271
39767999 -27.2275795 247.6542
39791999 -30.9458291 248.5719
39815999 -20.1934022 248.4261
39839999 -18.4662882 248.4585
39863999 -21.7056566 248.3629
39887999 -25.3780106 250.6441
39911999 -20.6708442 250.2371
39935999 -23.1764193 248.3167
39959999 -19.4022505 246.4192
39983999 -23.4015741 244.4713
40007999 -15.5846621 243.0684
40031999 -21.8061071 242.5563
40055999 -18.4429392 245.0489
40079999 -11.609087 244.6107
40103999 -18.3819203 244.0089
40127999 -22.0905282 246.8398
40151999 -14.1626388 246.3408
40175999 -20.0831009 245.805
40199999 -22.7850596 246.9319
40223999 -13.3407218 246.4709
40247999 -13.564724 245.6076
40271999 -25.1761114 246.03
40295999 -14.8298966 247.2858
40319999 -16.2120799 246.9884
40343999 -19.0908957 248.5
40367999 -12.728782 248.1764
40391999 -15.6545667 246.6704
40415999 -21.4347715 245.3593
40439999 -21.3155032 247.9259
40463999 -13.0114003 247.1834
40487999 -17.8860044 246.8125
40511999 -19.200958 249.1798
40535999 -13.502744 248.7526
40559999 -17.3985047 248.6241
40583999 -18.8825652 248.7187
40607999 -18.5902489 248.3447
40631999 -19.5756869 248.5663
40655999 -14.659021 249.3351
40679999 -11.4887356 249.3
40703999 -13.1834004 249.7895
40727999 -9.9267173 250.326
40751999 -9.0577337 250.0902
40775999 -13.6099022 249.7896
40799999 -25.121959 249.5414
40823999 -25.5258396 250.8633
40847999 -21.4929968 250.9442
40871999 -15.0676871 251.1271
40895999 -12.5946056 250.773
40919999 -16.6600928 250.6855
40943999 -16.5722829 251.6029
40967999 -15.4187279 251.2721
40991999 -25.3352286 251.7452
41015999 -10.9260526 252.4339
41039999 -9.6918328 251.5161
41063999 -17.1659421 251.1882
41087999 -13.6996008 253.1479
41111999 -10.1569112 252.4503
41135999 -20.312604 252.4978
41159999 -13.7986012 254.0261
41183999 -14.4753029 253.4461
41207999 -19.6682587 253.7231
41231999 -14.9081217 253.6552
41255999 -17.6190357 253.2395
41279999 -15.359334 254.5313
41303999 -7.955663 254.3924
41327999 -16.389909 254.1217
41351999 -13.229211 256.1604
41375999 -10.114264 255.981
41399999 -14.944764 256.6267
41423999 -12.623497 256.744
41447999 -13.564917 255.467
41471999 -11.876699 253.5307
41495999 -18.966873 253.8244
41519999 -14.694321 254.2141
41543999 -14.791378 252.4229
41567999 -18.6062 256.1044
41591999 -7.361967 254.5174
41615999 -7.791646 253.4043
41639999 -27.411976 255.4366
41663999 -7.806779 256.2662
41687999 -6.433113 255.0186
41711999 -16.023347 255.1981
41735999 -10.902407 255.2172
41759999 -12.222713 254.475
41783999 -14.673818 255.9587
41807999 -11.263352 255.852
41831999 -14.240735 258.6989
41855999 -7.985922 257.605
41879999 -11.788739 256.9916
41903999 -13.804889 259.4661
41927999 -10.818829 258.0078
41951999 -8.242621 257.1474
41975999 -14.92959 256.1712
41999999 -15.263016 257.6585
42023999 -20.003839 257.6677
42047999 -13.760368 259.9105
42071999 -19.218011 259.0947
42095999 -18.336874 262.5742
42119999 -20.667176 262.2912
42143999 -12.490867 264.1857
42167999 -11.598661 264.3338
42191999 -10.093113 265.2947
42215999 -6.001907 265.3215
42239999 -11.904577 265.6676
42263999 -10.107469 266.5883
42287999 -13.6104606 265.9797
42311999 -28.5961011 265.0062
42335999 -26.6244455 267.2816
42359999 -23.4927797 265.6784
42383999 -22.9623464 267.6701
42407999 -11.9414644 267.3239
42431999 -13.0306104 266.871
42455999 -19.5436618 267.3334
42479999 -15.7271229 267.4792
42503999 -21.3612494 267.0041
42527999 -19.0469557 268.1667
42551999 -10.5391304 267.9298
42575999 -11.797414 267.6432
42599999 -9.1689428 268.2573
42623999 -5.862263 267.9517
42647999 -14.525266 268.105
42671999 -8.9787166 268.8996
42695999 -4.770638 268.428
42719999 -10.814518 268.3939
42743999 -8.0539693 268.9512
42767999 -7.984677 268.8156
42791999 -9.6828345 269.6127
42815999 -7.0797728 269.7469
42839999 -8.6426641 269.6486
42863999 -11.0740132 270.3232
42887999 -7.7783156 270.4793
42911999 -6.614255 270.3396
42935999 -8.57379 270.3823
42959999 -8.594036 270.6892
42983999 -7.715196 270.9406
43007999 -8.120471 271.0642
43031999 -10.452152 271.4703
43055999 -10.519284 271.9982
43079999 -17.413454 271.4271
43103999 -22.300928 275.3192
43127999 -12.95342 273.9115
43151999 -9.68641 272.991
43175999 -12.144896 273.4513
43199999 -7.269425 274.1516
43223999 -9.546475 274.2696
43247999 -9.2833453 275.0605
43271999 -8.6201916 275.0131
43295999 -16.929394 273.7707
43319999 -23.0681235 277.2779
43343999 -23.8290385 275.3738
43367999 -22.229983 274.3435
43391999 -19.1182922 275.6214
43415999 -17.3588808 275.511
43439999 -22.4240232 277.2202
43463999 -13.577577 276.8378
43487999 -14.9486157 276.2337
43511999 -20.6578024 275.0823
43535999 -25.2172495 276.005
43559999 -19.2609345 275.9332
43583999 -22.4401765 277.0812
43607999 -14.082594 277.2779
43631999 -17.386261 277.4177
43655999 -13.5959863 278.6997
43679999 -11.16969 278.573
43703999 -15.3222084 278.5631
43727999 -24.8558477 278.3985
43751999 -49.4944459 279.7545
43775999 -19.5959157 279.3939
43799999 -10.4430246 278.6659
43823999 -12.8857098 278.2282
43847999 -21.1218065 279.4592
43871999 -12.2140638 280.0109
43895999 -17.5515055 280.3028
43919999 -17.017753 281.2198
43943999 -20.6893326 280.4794
43967999 -19.6876017 278.3362
43991999 -20.4373339 278.1159
44015999 -36.53019 280.362
44039999 -16.7168743 281.0587
44063999 -13.0543403 281.1644
44087999 -16.2562494 281.2205
44111999 -18.6941224 282.3646
44135999 -17.7358447 282.3571
44159999 -23.367105 281.0433
44183999 -23.1932391 280.2885
44207999 -23.0247094 280.4952
44231999 -24.7300219 283.2432
44255999 -13.2455942 282.7057
44279999 -14.8014569 282.5706
44303999 -16.7030586 283.5748
44327999 -12.4533147 283.3358
44351999 -17.1552304 282.7131
44375999 -30.1056312 284.179
44399999 -14.9157609 283.5886
44423999 -16.3481102 283.0265
44447999 -19.324192 285.2314
44471999 -12.045259 284.8385
44495999 -16.659761 285.1961
44519999 -15.073682 285.9975
44543999 -25.743081 288.2373
44567999 -13.63173 288.3802
44591999 -19.102237 287.8028
44615999 -16.279647 289.8073
44639999 -26.165868 290.0643
44663999 -10.293281 292.5246
44687999 -18.418898 291.9089
44711999 -10.826204 293.9998
44735999 -5.906509 293.7367
44759999 -13.252328 293.5657
44783999 -13.651828 294.288
44807999 -15.15338 293.8015
44831999 -36.1381484 296.6512
44855999 -16.7894339 295.6208
44879999 -10.463744 295.1578
44903999 -9.668599 294.5811
44927999 -12.583864 294.4999
44951999 -16.1778458 294.9406
44975999 -13.3197528 295.2945
44999999 -13.3956889 295.2215
45023999 -15.0352357 295.5225
45047999 -12.396085 295.6753
45071999 -13.8205074 295.6192
45095999 -17.7024649 296.4368
45119999 -11.9585827 296.7254
45143999 -13.2739798 296.6954
45167999 -15.0824613 296.8126
45191999 -16.3974497 296.5897
45215999 -19.4547685 296.7697
45239999 -13.7079082 297.1735
45263999 -11.1462233 296.6922
45287999 -18.8725221 296.804
45311999 -11.9744402 298.4301
45335999 -7.9187482 297.9762
45359999 -13.4899528 297.9979
45383999 -12.3076678 298.5228
45407999 -12.2345283 298.0762
45431999 -16.3095907 298.6078
45455999 -10.204629 298.9476
45479999 -11.669933 298.4671
45503999 -13.80624 300.1684
45527999 -8.670699 299.9078
45551999 -16.724931 299.8265
45575999 -12.64081 300.9487
45599999 -7.412929 300.5603
45623999 -16.214422 300.6934
45647999 -9.043142 301.4878
45671999 -11.65741 301.712
45695999 -6.98695 302.9675
45719999 -6.523713 302.6901
45743999 -10.889387 303.163
45767999 -6.16559 303.7275
45791999 -10.777488 303.5625
45815999 -13.875954 304.6629
45839999 -7.217517 304.0498
45863999 -12.593848 303.2507
45887999 -22.493409 304.9976
45911999 -6.87451 304.4114
45935999 -15.311568 303.6528
45959999 -23.169735 306.6713
45983999 -20.788148 305.3758
46007999 -17.057522 308.2286
46031999 -14.065123 307.0551
46055999 -10.761665 305.0023
46079999 -14.999499 303.7578
46103999 -19.487063 306.6295
46127999 -8.185777 305.6273
46151999 -20.985342 304.605
46175999 -17.578017 307.4618
46199999 -15.818752 306.1341
46223999 -19.783776 309.8934
46247999 -17.567852 308.4078
46271999 -10.388437 307.041
46295999 -18.332848 305.8464
46319999 -19.717575 308.6704
46343999 -11.744663 308.6395
46367999 -11.257516 308.3256
46391999 -14.403315 308.406
46415999 -17.72837 308.3936
46439999 -21.102819 308.3972
46463999 -19.300239 308.8061
46487999 -13.785209 309.1384
46511999 -12.693819 308.7114
46535999 -27.35702 306.9504
46559999 -9.585411 305.0974
46583999 -9.979985 304.0635
46607999 -24.488207 302.2554
46631999 -13.343572 306.294
46655999 -12.83827 305.013
46679999 -16.797281 304.709
46703999 -13.542992 304.9413
46727999 -13.254042 304.2279
46751999 -26.988992 307.8209
46775999 -12.521746 306.6149
46799999 -12.260639 305.532
46823999 -28.63722 305.3294
46847999 -16.625546 306.4234
46871999 -13.209871 305.2289
46895999 -20.698486 304.7482
46919999 -18.176329 305.1493
46943999 -16.196974 304.0586
46967999 -26.837718 303.0658
46991999 -17.634158 306.2923
47015999 -16.735742 305.3824
47039999 -15.952515 307.1721
47063999 -9.394667 307.1954
47087999 -12.798551 307.227
47111999 -13.563969 308.0109
47135999 -19.60929 307.8632
47159999 -13.618045 310.5344
47183999 -15.679947 310.1989
47207999 -17.401291 312.1374
47231999 -16.49941 311.9586
47255999 -15.12436 313.5531
47279999 -10.669716 313.6337
47303999 -20.678182 316.7142
47327999 -9.048156 315.5907
47351999 -10.082212 315.2598
47375999 -20.564919 313.8998
47399999 -28.801078 312.2664
47423999 -27.021823 313.4765
47447999 -27.404909 314.7264
47471999 -19.199324 315.0322
47495999 -27.260509 316.0498
47519999 -11.410533 316.7573
47543999 -11.4155549 316.5145
47567999 -15.0741991 316.368
47591999 -22.883478 317.6039
47615999 -15.0763233 317.4622
47639999 -13.1773174 317.2692
47663999 -15.322602 317.0936
47687999 -16.1461723 317.9534
47711999 -13.1908213 318.2536
47735999 -16.35807 318.0934
47759999 -22.5943842 318.9271
47783999 -23.2508814 318.5945
47807999 -24.427877 316.6348
47831999 -28.7765325 319.7348
47855999 -14.3541006 318.8483
47879999 -11.588032 318.3157
47903999 -16.6547017 319.014
47927999 -12.219613 319.7645
47951999 -9.93535 319.9337
