   1.6743743e+01
   3.9470328e+01
   5.6443776e+01
   5.5559628e+01
   6.4257916e+01
   7.1466463e+01
   6.8806925e+01
   7.5375038e+01
   7.5605407e+01
   7.4090008e+01
   8.7475560e+01
   8.8120538e+01
   8.6963712e+01
   1.0216689e+02
   8.9268398e+01
   5.9715053e+01
   7.5759352e+01
   8.0126160e+01
   6.0460046e+01
   5.4234227e+01
   5.8399781e+01
   9.1867347e+01
   1.2304207e+02
   1.5192014e+02
   2.1027379e+02
   2.5829127e+02
   2.9640750e+02
   3.6501976e+02
   4.3011569e+02
   4.8957303e+02
   5.9797936e+02
   7.2889899e+02
   8.4561292e+02
   9.6247322e+02
   1.0683707e+03
   1.1429598e+03
   1.1961902e+03
   1.2246574e+03
   1.2279357e+03
   1.2435907e+03
   1.2841390e+03
   1.3201669e+03
   1.3354341e+03
   1.3372376e+03
   1.3495848e+03
   1.3747519e+03
   1.3734534e+03
   1.3451904e+03
   1.3331134e+03
   1.3226139e+03
   1.2741505e+03
   1.1992230e+03
   1.1054625e+03
   9.8022909e+02
   8.5036721e+02
   7.4938135e+02
   6.6593918e+02
   5.8825222e+02
   5.1570327e+02
   4.4221633e+02
   3.7551398e+02
   3.2241299e+02
   2.7624183e+02
   2.3869710e+02
   2.0814593e+02
   1.8022848e+02
   1.6003006e+02
   1.4143622e+02
   1.2089341e+02
   1.0757478e+02
   9.9129234e+01
   9.3769024e+01
   9.2087341e+01
   8.8735472e+01
   8.7476924e+01
   8.8260801e+01
   8.7258457e+01
   8.8702444e+01
   9.0389122e+01
   8.9839658e+01
   9.0558583e+01
   9.0273416e+01
   8.8549738e+01
   8.7579260e+01
   8.4870201e+01
   8.2172931e+01
   8.0994637e+01
   7.7295139e+01
   7.2897269e+01
   6.9709858e+01
   6.4631844e+01
   6.0821115e+01
   6.0229915e+01
   5.8152027e+01
   5.6099506e+01
   5.6076426e+01
   5.4531472e+01
   5.3139133e+01
   5.4044521e+01
   5.3583796e+01
   5.2913635e+01
   5.4829299e+01
   5.5842542e+01
   5.6055763e+01
   5.7762965e+01
   5.8319827e+01
   5.8242117e+01
   5.9537927e+01
   5.9554562e+01
   5.8952821e+01
   5.9284168e+01
   5.7833426e+01
   5.5854238e+01
   5.5113533e+01
   5.2846290e+01
   5.0208639e+01
   4.8507660e+01
   4.4763471e+01
   4.0145327e+01
   3.6268616e+01
   3.0781617e+01
   2.4581758e+01
   1.8926631e+01
   1.1873805e+01
   4.4971188e+00
   3.2957721e+00
   1.0677617e+01
   1.7483793e+01
   2.1961494e+01
   2.5729188e+01
   2.8493948e+01
   2.8973344e+01
   2.8053475e+01
   2.5169844e+01
   2.0509986e+01
   1.7119267e+01
   1.4295957e+01
   1.2868271e+01
   1.6389040e+01
   2.1231613e+01
   2.6166793e+01
   2.9766547e+01
   3.1230994e+01
   3.3130605e+01
   3.4877111e+01
   3.5432544e+01
   3.6848074e+01
   3.7781100e+01
   3.7677728e+01
   3.8898448e+01
   3.9386744e+01
   3.8763555e+01
   3.9643668e+01
   3.9773990e+01
   3.8874069e+01
   3.9428171e+01
   3.9063233e+01
   3.7810355e+01
   3.8110888e+01
   3.7568022e+01
   3.6257833e+01
   3.6288535e+01
   3.5461213e+01
   3.4006770e+01
   3.3652364e+01
   3.2455094e+01
   3.0931879e+01
   3.0500699e+01
   2.9305016e+01
   2.7945250e+01
   2.7420554e+01
   2.5867029e+01
   2.4300937e+01
   2.3996718e+01
   2.3003265e+01
   2.1946630e+01
   2.1919106e+01
   2.1066076e+01
   2.0040969e+01
   2.0066601e+01
   1.9413436e+01
   1.8593814e+01
   1.8882966e+01
   1.8523724e+01
   1.7833479e+01
   1.8051725e+01
   1.7578899e+01
   1.6747911e+01
   1.6820351e+01
   1.6306984e+01
   1.5529580e+01
   1.5630827e+01
   1.5026342e+01
   1.4122487e+01
   1.4141825e+01
   1.3556853e+01
   1.2641018e+01
   1.2584787e+01
   1.1927009e+01
   1.0933888e+01
   1.0898515e+01
   1.0529987e+01
   9.8709021e+00
   1.0136410e+01
   1.0052476e+01
   9.5555088e+00
   1.0183595e+01
   1.0804543e+01
   1.0850693e+01
   1.1703617e+01
   1.2470391e+01
   1.2634936e+01
   1.3709344e+01
   1.4735357e+01
   1.5059388e+01
   1.6237695e+01
   1.7251062e+01
   1.7320501e+01
   1.8166021e+01
   1.8917479e+01
   1.8828004e+01
   1.9742321e+01
   2.0727113e+01
   2.0459820e+01
   2.0360146e+01
   2.0146326e+01
   1.9068185e+01
   1.8149175e+01
   1.6638564e+01
   1.4119380e+01
   1.2698279e+01
   1.1937653e+01
   1.1042991e+01
   1.1212583e+01
   1.1062500e+01
   1.0245127e+01
   1.0112699e+01
   9.5672774e+00
   8.5817184e+00
   8.2836700e+00
   7.4615666e+00
   6.3323204e+00
   6.0335425e+00
   5.3685274e+00
   4.5258920e+00
   4.2676372e+00
   3.3273599e+00
   2.2666968e+00
   2.0632814e+00
   1.5064333e+00
   6.9845658e-01
   5.3361006e-01
   9.1688384e-01
   1.2988440e+00
   1.5005033e+00
   2.2970469e+00
   2.7031081e+00
   2.6856074e+00
   3.3058507e+00
   3.5978212e+00
   3.5142609e+00
   4.0580959e+00
   4.2788686e+00
   4.1097913e+00
   4.5518673e+00
   4.6483709e+00
   4.3619184e+00
   4.6911727e+00
   4.7433985e+00
   4.4844199e+00
   4.8725149e+00
   4.8968304e+00
   4.6413577e+00
   5.0620965e+00
   5.1818428e+00
   4.9521563e+00
   5.3137202e+00
   5.3335393e+00
   4.9796544e+00
   5.1227582e+00
   4.9953871e+00
   4.8114778e+00
   5.2561785e+00
   5.1792352e+00
   4.8616255e+00
   5.2376939e+00
   5.1649164e+00
   4.8848694e+00
   5.2835881e+00
   5.2413029e+00
   4.9011805e+00
   5.1528281e+00
   4.9531902e+00
   4.4634324e+00
   4.5798744e+00
   4.3830000e+00
   3.9853253e+00
   4.1443588e+00
   3.8494759e+00
   3.3017798e+00
   3.4378728e+00
   3.3069461e+00
   2.8996813e+00
   3.1566552e+00
   3.1853821e+00
   2.7759213e+00
   2.9740578e+00
   3.1993887e+00
   3.0223931e+00
   3.3882012e+00
   3.7913236e+00
   3.5733869e+00
   3.8132722e+00
   4.3096479e+00
   4.1615434e+00
   4.3214697e+00
   4.9233474e+00
   4.8996000e+00
   4.8408601e+00
   4.9857345e+00
   4.5255092e+00
   4.0466670e+00
   4.0239325e+00
   3.6171214e+00
   3.4295415e+00
   3.6575432e+00
   3.4817371e+00
   3.5915520e+00
   3.8785976e+00
   3.6339591e+00
   3.6916750e+00
   3.9218258e+00
   3.5973506e+00
   3.5786398e+00
   3.8259270e+00
   3.5307460e+00
   3.4094111e+00
   3.5338020e+00
   3.1971409e+00
   3.1372515e+00
   3.3516803e+00
   3.1571887e+00
   3.2427092e+00
   3.5835323e+00
   3.3744554e+00
   3.3626597e+00
   3.7176982e+00
   3.6017105e+00
   3.5479037e+00
   3.8205912e+00
   3.6752619e+00
   3.6181529e+00
   3.8380147e+00
   3.6359369e+00
   3.6492176e+00
   4.0459888e+00
   3.9186382e+00
   3.8169330e+00
   4.0384027e+00
   3.8075199e+00
   3.6506824e+00
   3.8166648e+00
   3.6210415e+00
   3.5969542e+00
   3.7801078e+00
   3.4214526e+00
   3.2769564e+00
   3.4757290e+00
   3.1984309e+00
   3.1039571e+00
   3.3736403e+00
   3.0856329e+00
   2.8654208e+00
   3.0102627e+00
   2.6813675e+00
   2.4384771e+00
   2.7156236e+00
   2.5233054e+00
   2.2255714e+00
   2.4126765e+00
   2.1939032e+00
   1.8537927e+00
   2.0080682e+00
   1.9250719e+00
   1.7496781e+00
   1.9812809e+00
   1.9187670e+00
   1.7248735e+00
   1.9531059e+00
   1.9622229e+00
   1.7838506e+00
   1.9586250e+00
   1.8830054e+00
   1.5751937e+00
   1.7194016e+00
   1.7754586e+00
   1.5241654e+00
   1.7239702e+00
   1.8043024e+00
   1.4746025e+00
   1.6148802e+00
   1.8249268e+00
   1.6681809e+00
   1.9075501e+00
   2.1744426e+00
   2.0182481e+00
   2.3229967e+00
   2.7598340e+00
   2.7338621e+00
   2.9052407e+00
   3.1872583e+00
   3.0943181e+00
   3.2237245e+00
   3.4028996e+00
   3.1687901e+00
   3.2727603e+00
   3.5099189e+00
   3.2477855e+00
   3.3017044e+00
   3.5745576e+00
   3.4073224e+00
   3.4235052e+00
   3.5775499e+00
   3.4576248e+00
   3.6962031e+00
   3.8840235e+00
   3.6216819e+00
   3.7149599e+00
   3.9240477e+00
   3.7603096e+00
   3.8270495e+00
   3.8792368e+00
   3.5853326e+00
   3.5873968e+00
   3.5743101e+00
   3.2628221e+00
   3.3562391e+00
   3.4589663e+00
   3.1645714e+00
   3.1713498e+00
   3.1341193e+00
   2.7731207e+00
   2.8480193e+00
   2.9605873e+00
   2.6693137e+00
   2.6344278e+00
   2.5917105e+00
   2.2145935e+00
   2.1663657e+00
   2.1871493e+00
   1.9518520e+00
   2.0675224e+00
   2.1364794e+00
   1.8219976e+00
   1.8012358e+00
   1.8129379e+00
   1.5419987e+00
   1.5916491e+00
   1.5997112e+00
   1.2433153e+00
   1.2513075e+00
   1.3056221e+00
   1.0552244e+00
   1.1329844e+00
   1.2318053e+00
   9.8319141e-01
   1.0757955e+00
   1.1971325e+00
   9.6127096e-01
   9.9367872e-01
   1.1876079e+00
   9.9336580e-01
   8.9273083e-01
   9.8433709e-01
   7.8453189e-01
   6.7032449e-01
   9.0414817e-01
   8.3338527e-01
   6.8491396e-01
   9.0802667e-01
   8.7653373e-01
   7.1790275e-01
   8.9701210e-01
   9.6985052e-01
   9.7734084e-01
   1.1464140e+00
   1.0604822e+00
   9.9323370e-01
   1.2299519e+00
   1.1939871e+00
   1.0082126e+00
   1.1469273e+00
   1.0592674e+00
   8.8794349e-01
   1.0347990e+00
   9.7891021e-01
   9.2411983e-01
   1.1598895e+00
   1.0704288e+00
   9.2855140e-01
   1.1334168e+00
   1.0557286e+00
   8.8139210e-01
   1.0325856e+00
   9.2953868e-01
   6.6665078e-01
   7.8206181e-01
   7.1370956e-01
   4.9837567e-01
   5.7718302e-01
   5.4058094e-01
   3.3798101e-01
   3.9890519e-01
   2.7630820e-01
   7.2387267e-02
   8.9708430e-02
   2.2374360e-01
   1.7640736e-01
   1.2883185e-01
   2.7197247e-01
   3.1151779e-01
   2.2703915e-01
   5.1726162e-01
   6.1497957e-01
   4.4937330e-01
   6.9346456e-01
   8.8928096e-01
   7.8181588e-01
   8.5667738e-01
   9.8359065e-01
   9.3085810e-01
   1.1513619e+00
   1.2543245e+00
   1.1045335e+00
   1.3026091e+00
   1.4595824e+00
   1.3334898e+00
   1.5396307e+00
   1.6767842e+00
   1.5170853e+00
   1.6879202e+00
   1.8568833e+00
   1.7502713e+00
   1.8977301e+00
   2.0169476e+00
   1.9208906e+00
   2.0932175e+00
   2.2282466e+00
   2.1689883e+00
   2.3311221e+00
   2.3454497e+00
   2.1796725e+00
   2.3743981e+00
   2.4791441e+00
   2.3831113e+00
   2.5987465e+00
   2.6664208e+00
   2.4963225e+00
   2.6475316e+00
   2.6520062e+00
   2.4881632e+00
   2.7627274e+00
   2.9294515e+00
   2.8307563e+00
   3.0111789e+00
   3.0336009e+00
   2.7939381e+00
   2.8578103e+00
   2.8813599e+00
   2.7794160e+00
   2.9924549e+00
   2.9863474e+00
   2.7126173e+00
   2.8089961e+00
   2.8204560e+00
   2.6038124e+00
   2.7018149e+00
   2.7089423e+00
   2.5247914e+00
   2.6804593e+00
   2.7257673e+00
   2.5421114e+00
   2.6509584e+00
   2.6798002e+00
   2.5083484e+00
   2.5992352e+00
   2.5728454e+00
   2.3511175e+00
   2.4115055e+00
   2.3970777e+00
   2.2025718e+00
   2.3010008e+00
   2.3021188e+00
   2.1186850e+00
   2.2388982e+00
   2.2892892e+00
   2.1545414e+00
   2.2398161e+00
   2.2005507e+00
   1.9634864e+00
   1.9978823e+00
   1.9789010e+00
   1.7654427e+00
   1.8319325e+00
   1.8425732e+00
   1.5934216e+00
   1.6129830e+00
   1.6653128e+00
   1.5241980e+00
   1.6130938e+00
   1.6672024e+00
   1.4489811e+00
   1.4616691e+00
   1.5154055e+00
   1.3081569e+00
   1.3241865e+00
   1.4289208e+00
   1.2330725e+00
   1.2635346e+00
   1.4106764e+00
   1.2320339e+00
   1.2197999e+00
   1.4212555e+00
   1.3428610e+00
   1.3138510e+00
   1.3887607e+00
   1.2357305e+00
   1.1944851e+00
   1.2939961e+00
   1.1960440e+00
   1.1720021e+00
   1.2380458e+00
   1.1070295e+00
   1.1501082e+00
   1.2667509e+00
   1.1756913e+00
   1.2458310e+00
   1.3461499e+00
   1.1751263e+00
   1.1815700e+00
   1.2783097e+00
   1.1216183e+00
   1.0856589e+00
   1.1731123e+00
   1.0634959e+00
   1.0656236e+00
   1.0798205e+00
   8.8348941e-01
   8.8781422e-01
   9.6385620e-01
   7.9692244e-01
   8.1721523e-01
   8.7978366e-01
   6.5871624e-01
   6.2050362e-01
   6.5835747e-01
   4.7932527e-01
   4.4004371e-01
   4.5323444e-01
   2.7664604e-01
   3.1087733e-01
   2.4259205e-01
   1.0911464e-01
   2.5903474e-01
   2.2465317e-01
   2.5148422e-01
   3.9795654e-01
   2.7356315e-01
   2.8300671e-01
   3.5451435e-01
   1.7368701e-01
   3.1980413e-01
   4.4590298e-01
   3.0486448e-01
   4.4513045e-01
   5.0517903e-01
   4.0436778e-01
   6.1825805e-01
   6.7279296e-01
   6.7078061e-01
   9.5230808e-01
   1.0604425e+00
   1.0803576e+00
   1.3121540e+00
   1.3092816e+00
   1.2216774e+00
   1.4063652e+00
   1.4359238e+00
   1.3722109e+00
   1.5802548e+00
   1.6001341e+00
   1.5086101e+00
   1.6614342e+00
   1.6395563e+00
   1.5760658e+00
   1.8620223e+00
   1.9206022e+00
   1.7686309e+00
   1.8846306e+00
   1.8805470e+00
   1.7397942e+00
   1.8254973e+00
   1.8216080e+00
   1.7735575e+00
   1.9367343e+00
   1.9036487e+00
   1.8248357e+00
   1.9674217e+00
   1.8952490e+00
   1.7824271e+00
   1.9740605e+00
   1.9186485e+00
   1.7621312e+00
   1.9350713e+00
   1.9041053e+00
   1.7728488e+00
   1.9827699e+00
   2.0189063e+00
   1.9270333e+00
   2.1001205e+00
   2.1417169e+00
   2.0981870e+00
   2.2686505e+00
   2.2596933e+00
   2.1187804e+00
   2.1882984e+00
   2.1243816e+00
   1.9787383e+00
   2.0635997e+00
   2.0233800e+00
   1.9145414e+00
   2.0183561e+00
   1.9433044e+00
   1.8425349e+00
   2.0405926e+00
   2.0591545e+00
   1.9769908e+00
   2.1424143e+00
   2.1212648e+00
   1.9587874e+00
   2.0562919e+00
   2.0721980e+00
   1.9595923e+00
   2.0225879e+00
   2.0252801e+00
   1.9618882e+00
   2.0214302e+00
   1.9685255e+00
   1.9249478e+00
   2.0525107e+00
   1.9929082e+00
   1.8787713e+00
   1.9887163e+00
   1.9738805e+00
   1.9011033e+00
   2.0079440e+00
   1.9585614e+00
   1.8304888e+00
   1.9156824e+00
   1.8813196e+00
   1.8191785e+00
   1.9521704e+00
   1.9335994e+00
   1.8572610e+00
   2.0139757e+00
   2.0181983e+00
   1.8841606e+00
   1.9214199e+00
   1.8636681e+00
   1.7449274e+00
   1.8444444e+00
   1.8181164e+00
   1.6716604e+00
   1.7145300e+00
   1.6535816e+00
   1.5417166e+00
   1.6709823e+00
   1.6784329e+00
   1.5778133e+00
   1.6735544e+00
   1.6166321e+00
   1.4448213e+00
   1.4946185e+00
   1.4745066e+00
   1.3752412e+00
   1.4658037e+00
   1.4224923e+00
   1.2908631e+00
   1.3493214e+00
   1.2403832e+00
   1.0617992e+00
   1.2080121e+00
   1.1794597e+00
   9.5667272e-01
   1.0350187e+00
   1.0415732e+00
   8.5485248e-01
   9.5530305e-01
   1.0375133e+00
   8.8139137e-01
   8.5191153e-01
   8.5787999e-01
   8.1448986e-01
   8.5097384e-01
   7.5157202e-01
   6.0826009e-01
   7.1356198e-01
   6.4483503e-01
   4.5339736e-01
   5.5483627e-01
   5.4529295e-01
   4.0355872e-01
   5.0756355e-01
   4.9265801e-01
   4.2039747e-01
   4.8079197e-01
   4.1532319e-01
   3.6269812e-01
   4.3510824e-01
   3.3963055e-01
   3.6769105e-01
   4.6125761e-01
   2.7937688e-01
   3.1235401e-01
   4.1215771e-01
   2.7698191e-01
   3.3831777e-01
   4.7170163e-01
   3.3459047e-01
   3.1471820e-01
   3.3096691e-01
   2.2373016e-01
   3.1618205e-01
   3.1096581e-01
   3.5121083e-01
   5.0709905e-01
   4.5377299e-01
   4.7581260e-01
   6.6228644e-01
   6.3626848e-01
   6.3430460e-01
   7.6349671e-01
   6.8364453e-01
   7.1596470e-01
   8.8441773e-01
   7.8078407e-01
   7.9550184e-01
   1.0244032e+00
   9.9780837e-01
   9.8001408e-01
   1.1357382e+00
   1.0842512e+00
   1.0702967e+00
   1.1684366e+00
   1.0706595e+00
   1.0933834e+00
   1.2580025e+00
   1.1776420e+00
   1.2171642e+00
   1.4275499e+00
   1.4152250e+00
   1.4617403e+00
   1.6052247e+00
   1.5466785e+00
   1.5924750e+00
   1.7065752e+00
   1.5566749e+00
   1.5317639e+00
   1.6699878e+00
   1.5775075e+00
   1.5795362e+00
   1.7024529e+00
   1.5807812e+00
   1.5812565e+00
   1.7034429e+00
   1.5799215e+00
   1.5792712e+00
   1.6979600e+00
   1.5467558e+00
   1.5321364e+00
   1.6932072e+00
   1.5499031e+00
   1.4731391e+00
   1.6207333e+00
   1.5321436e+00
   1.4763387e+00
   1.5734734e+00
   1.4864644e+00
   1.4814662e+00
   1.5934439e+00
   1.4859163e+00
   1.4447834e+00
   1.5386243e+00
   1.4400236e+00
   1.4276502e+00
   1.5230404e+00
   1.3909202e+00
   1.3564851e+00
   1.4674620e+00
   1.3590365e+00
   1.3293928e+00
   1.4585673e+00
   1.3732318e+00
   1.3421026e+00
   1.4820150e+00
   1.3866762e+00
   1.3100692e+00
   1.4193843e+00
   1.3523672e+00
   1.3010732e+00
   1.3919169e+00
   1.3190961e+00
   1.3182238e+00
   1.4620164e+00
   1.3896006e+00
   1.3522007e+00
   1.4987136e+00
   1.4315674e+00
   1.3379200e+00
   1.4332535e+00
   1.4052656e+00
   1.3985631e+00
   1.5150284e+00
   1.4439671e+00
   1.3729979e+00
   1.4614279e+00
   1.3827689e+00
   1.2945900e+00
   1.3980575e+00
   1.3855056e+00
   1.3289651e+00
   1.3754228e+00
   1.2508584e+00
   1.1274055e+00
   1.2014610e+00
   1.1598127e+00
   1.0741262e+00
   1.1344475e+00
   1.1020372e+00
   1.0671046e+00
   1.1608174e+00
   1.1110693e+00
   1.0586319e+00
   1.1886457e+00
   1.1989415e+00
   1.1438133e+00
   1.1872669e+00
   1.1012530e+00
   9.7497562e-01
   1.0011551e+00
   9.7850876e-01
   9.2975292e-01
   9.5456380e-01
   8.4720442e-01
   7.4308186e-01
   7.7254998e-01
   6.9088510e-01
   6.4295658e-01
   7.3882505e-01
   7.0197786e-01
   6.4825735e-01
   6.5887289e-01
   5.5139719e-01
   5.3191775e-01
   5.7931809e-01
   4.4632020e-01
   4.1861832e-01
   4.9313824e-01
   3.2287850e-01
   2.7639154e-01
   4.0386079e-01
   3.0969273e-01
   2.5705467e-01
   3.1810820e-01
   1.7564024e-01
   2.2465263e-01
   3.0532663e-01
   2.2297430e-01
   2.9294176e-01
   3.2168274e-01
   2.8908765e-01
   3.8640733e-01
   3.7693577e-01
   2.8603109e-01
   3.3531534e-01
   2.8342801e-01
   2.9933243e-01
   4.4036025e-01
   3.8489775e-01
   3.7054162e-01
   4.8664138e-01
   4.6160262e-01
   5.0432173e-01
   6.2220893e-01
   5.9698622e-01
   6.1423448e-01
   6.7312471e-01
   6.4039493e-01
   7.3761079e-01
   7.9348030e-01
   6.6865045e-01
   7.4045337e-01
   8.4619876e-01
   7.4191396e-01
   7.6906451e-01
   8.5058564e-01
   7.9261421e-01
   9.0501952e-01
   1.0200329e+00
   9.1054984e-01
   9.3370412e-01
   1.0362793e+00
   9.7206521e-01
   1.0412971e+00
   1.1319676e+00
   1.0136525e+00
   1.0441535e+00
   1.1801151e+00
   1.1223217e+00
   1.0879509e+00
   1.1106183e+00
   1.0311944e+00
   1.0632706e+00
   1.1309079e+00
   1.0663874e+00
   1.0893417e+00
   1.1214196e+00
   1.0265546e+00
   1.0403258e+00
   1.0935394e+00
   1.0643657e+00
   1.1691994e+00
   1.2501349e+00
   1.1644189e+00
   1.1969421e+00
   1.2893910e+00
   1.2322751e+00
   1.2137366e+00
   1.2243117e+00
   1.1784475e+00
   1.2438817e+00
   1.2758683e+00
   1.1659627e+00
   1.2262881e+00
   1.3175133e+00
   1.2074341e+00
   1.1922967e+00
   1.2613076e+00
   1.1921898e+00
   1.2100390e+00
   1.2723727e+00
   1.1735113e+00
   1.1571627e+00
   1.2092438e+00
   1.1293134e+00
   1.1350832e+00
   1.2056953e+00
   1.1364319e+00
   1.1370632e+00
   1.1952384e+00
   1.1466825e+00
   1.1505123e+00
   1.1694564e+00
   1.1072545e+00
   1.1552046e+00
   1.1661671e+00
   1.0271616e+00
   1.0518624e+00
   1.1498974e+00
   1.0961460e+00
   1.0862133e+00
   1.1220252e+00
   1.0734227e+00
   1.0718245e+00
   1.0517862e+00
   9.5223471e-01
   9.6910135e-01
   9.7676061e-01
   8.6423356e-01
   8.6778355e-01
   8.4481055e-01
   7.1119679e-01
   7.7578932e-01
   8.3771118e-01
   7.0839648e-01
   7.5291153e-01
   8.4438534e-01
   7.4040304e-01
   7.3222318e-01
   7.9006730e-01
   7.2473057e-01
   7.9791511e-01
   8.5838022e-01
   7.0512918e-01
   6.8661348e-01
   7.7074627e-01
   6.9278206e-01
   6.8280506e-01
   7.7248865e-01
   7.4948401e-01
   7.6817721e-01
   7.8383800e-01
   6.8546527e-01
   7.0173688e-01
   7.2580742e-01
   6.0711118e-01
   6.3442172e-01
   6.8346974e-01
   5.6783723e-01
   5.3795355e-01
   6.0965042e-01
   5.9159127e-01
   5.9941153e-01
   6.1550464e-01
   5.7772340e-01
   6.0560651e-01
   5.9073536e-01
   5.0918897e-01
   5.4896226e-01
   5.4241234e-01
   4.3458412e-01
   4.8159797e-01
   4.8969855e-01
   3.7123054e-01
   4.0751846e-01
   4.0234189e-01
   2.4469150e-01
   2.2093000e-01
   2.0660280e-01
   8.5918601e-02
   1.4910327e-01
   1.9537335e-01
   7.3983318e-02
   1.1324366e-01
   1.1073500e-01
   1.3261028e-01
   1.5041249e-01
   1.7333667e-01
   2.9988980e-01
   3.1590854e-01
   2.6724459e-01
   3.8524624e-01
   4.0603775e-01
   3.3471202e-01
   4.4945015e-01
   5.0357236e-01
   4.5850381e-01
   5.2787628e-01
   5.6345690e-01
   5.5266486e-01
   6.4419197e-01
   6.0931882e-01
   5.4390954e-01
   6.4433338e-01
   6.2894960e-01
   5.7146935e-01
   7.6669906e-01
   8.1826558e-01
   7.0617699e-01
   7.4615923e-01
   7.5583882e-01
   6.8899979e-01
   7.8874256e-01
   8.2679282e-01
   7.3524665e-01
   7.8792991e-01
   8.2000514e-01
   7.6758913e-01
   8.0893541e-01
   8.1476753e-01
   7.9907233e-01
   8.8509433e-01
   8.4892562e-01
   7.6191156e-01
   8.5729130e-01
   8.6420673e-01
   7.7635728e-01
   8.5678292e-01
   8.5057841e-01
   7.6587147e-01
   8.7286241e-01
   8.8569497e-01
   7.5586147e-01
   8.0410253e-01
   8.3882068e-01
   7.6145907e-01
   8.2109969e-01
   8.4938203e-01
   8.1182206e-01
   9.1947747e-01
   9.4063407e-01
   8.4636440e-01
   8.9789278e-01
   8.9426470e-01
   8.0616880e-01
   8.6970406e-01
   8.8025293e-01
   8.1158131e-01
   9.0310429e-01
   9.3244024e-01
   8.9677052e-01
   1.0048743e+00
   9.9675626e-01
   9.2149454e-01
   1.0100185e+00
   9.8390433e-01
   8.6983322e-01
   9.7271978e-01
   1.0245962e+00
   9.6250258e-01
   1.0316380e+00
   1.0113220e+00
   9.3017783e-01
   1.0185837e+00
   1.0024025e+00
   8.9755677e-01
   1.0195208e+00
   1.0667865e+00
   9.4318347e-01
   9.6053171e-01
   9.4084044e-01
   8.0905854e-01
   8.6372512e-01
   9.0381209e-01
   8.1166728e-01
   8.7337031e-01
   8.8946679e-01
   7.8146604e-01
   8.3434289e-01
   8.6158892e-01
   8.0252930e-01
   9.1530505e-01
   9.5467390e-01
   8.3372779e-01
   8.8559733e-01
   9.3831794e-01
   8.4362551e-01
   8.8300592e-01
   9.1817137e-01
   7.9861314e-01
   8.0062469e-01
   8.7511462e-01
   8.6110361e-01
   9.1333637e-01
   9.3786941e-01
   8.4136893e-01
   8.4718334e-01
   8.8390004e-01
   8.2518910e-01
   7.9711337e-01
   7.6302923e-01
   7.2241546e-01
   7.9043166e-01
   7.6765308e-01
   6.4561291e-01
   6.6400603e-01
   6.3884082e-01
   5.1729558e-01
   5.8687323e-01
   5.9583916e-01
   4.5722073e-01
   4.5248578e-01
   4.7415483e-01
   3.9427886e-01
   4.3610929e-01
   4.4934866e-01
   3.2751070e-01
   3.5618287e-01
   3.7663555e-01
   2.8144241e-01
   3.0942422e-01
   3.1847024e-01
   2.1121894e-01
   2.3143367e-01
   2.1715546e-01
   1.1271474e-01
   9.4284270e-02
   1.0951290e-01
   9.5113496e-02
   1.5749341e-01
   1.0506841e-01
   2.5869536e-02
   6.1996384e-03
   1.0079420e-01
   1.1928317e-01
   3.0299051e-02
   4.0635154e-02
   9.9697861e-02
   1.0544934e-01
   1.3732496e-01
   2.5660881e-01
   2.5348150e-01
   2.4079494e-01
   2.6337648e-01
   1.9928452e-01
   2.2784651e-01
   3.0992625e-01
   2.5661038e-01
   2.7214423e-01
   3.7504693e-01
   3.6658934e-01
   3.6441581e-01
   4.0014335e-01
   3.5979157e-01
   4.0331537e-01
   4.5199560e-01
   3.8438650e-01
   3.7866195e-01
   4.2901248e-01
   4.0805516e-01
   4.7661563e-01
   5.0760167e-01
   3.8340283e-01
   3.6774366e-01
   4.5607669e-01
   4.2818806e-01
   4.6457160e-01
   5.5510209e-01
   4.8742172e-01
   4.5124280e-01
   4.8895519e-01
   4.4224017e-01
   4.6088983e-01
   5.1318900e-01
   4.8671630e-01
   5.6607239e-01
   6.2029011e-01
   5.0164964e-01
   4.8190685e-01
   6.0019891e-01
   5.7123533e-01
   5.3399805e-01
   6.0310214e-01
   5.9652220e-01
   5.8911444e-01
   6.1771365e-01
   5.6996052e-01
   5.8459961e-01
   6.3413944e-01
   5.6787892e-01
   5.6738798e-01
   6.8562760e-01
   6.8265613e-01
   6.4979922e-01
   7.0310595e-01
   6.6787673e-01
   6.5136696e-01
   7.0622071e-01
   6.6198496e-01
   6.5382011e-01
   7.7849649e-01
   7.5719734e-01
   6.8404475e-01
   7.5330240e-01
   7.6798076e-01
   7.5948439e-01
   8.2688738e-01
   8.2771201e-01
   8.2431195e-01
   8.5710102e-01
   7.6941701e-01
   7.0070481e-01
   7.6696169e-01
   7.6370859e-01
   7.5094780e-01
   7.8407890e-01
   7.2027907e-01
   7.2674469e-01
   8.3388044e-01
   8.0023276e-01
   7.5773499e-01
   8.4446675e-01
   8.3187299e-01
   7.8885720e-01
   8.3221646e-01
   7.8918772e-01
   7.5288170e-01
   8.1567678e-01
   7.7104360e-01
   7.2343239e-01
   7.9443099e-01
   7.6162040e-01
   6.8754808e-01
   7.5805942e-01
   7.4658791e-01
   6.6146341e-01
   6.7624136e-01
   6.2397047e-01
   5.5402028e-01
   6.3465724e-01
   6.3734117e-01
   5.9470875e-01
   6.5915131e-01
   6.1051201e-01
   5.1949992e-01
   5.8708114e-01
   5.9063428e-01
   5.5155666e-01
   6.0905056e-01
   5.6215953e-01
   4.9124568e-01
   5.7945486e-01
   5.8290343e-01
   5.0694933e-01
   5.2277705e-01
   4.7224276e-01
   4.1482959e-01
   4.9234501e-01
   4.7601939e-01
   4.0273762e-01
   4.4741601e-01
   4.3467349e-01
   3.4979466e-01
   3.8575814e-01
   4.0080483e-01
   3.9721834e-01
   4.7450778e-01
   4.5787884e-01
   3.6462899e-01
   4.0242185e-01
   3.7822305e-01
   2.6240351e-01
   3.4063328e-01
   4.0152220e-01
   3.2853675e-01
   3.2967609e-01
   3.2056952e-01
   2.7327815e-01
   3.3997318e-01
   3.5665404e-01
   3.1738705e-01
   3.6572507e-01
   3.2426259e-01
   2.6672025e-01
   3.0639310e-01
   2.3409971e-01
   2.0196548e-01
   2.6280056e-01
   1.9647635e-01
   2.6010732e-01
   3.7283996e-01
   3.0138630e-01
   3.7266589e-01
   4.5490116e-01
   4.2183992e-01
   4.9545872e-01
   5.5198124e-01
   5.8634830e-01
   7.5291206e-01
   8.1551846e-01
   7.6547554e-01
   8.0959971e-01
   7.8360245e-01
   7.0115855e-01
   8.0071938e-01
   7.9324837e-01
   6.3120415e-01
   6.3375430e-01
   6.4189601e-01
   5.5199023e-01
   5.8457462e-01
   5.9230084e-01
   5.1447790e-01
   5.1504403e-01
   4.4950079e-01
   3.5694261e-01
   3.7200875e-01
   3.0978174e-01
   2.3337718e-01
   2.9567290e-01
   2.4180347e-01
   2.8234815e-01
   3.6832484e-01
   3.2588770e-01
   3.5585740e-01
   3.9518581e-01
   3.3084798e-01
   3.6891532e-01
   4.3087498e-01
   3.8059076e-01
   3.7664491e-01
   3.7716769e-01
   3.1437738e-01
   3.4730778e-01
   3.6126260e-01
   2.9069987e-01
   3.3004516e-01
   3.5652264e-01
   3.1874965e-01
   4.1192196e-01
   4.5915764e-01
   3.8467158e-01
   4.1649599e-01
   4.3584955e-01
   3.7567676e-01
   4.5270181e-01
   5.1354131e-01
   4.1104267e-01
   4.3173018e-01
   5.1813116e-01
   4.5006989e-01
   4.1155514e-01
   4.4581581e-01
   4.2096547e-01
   4.6586408e-01
   5.0950291e-01
   4.1806319e-01
   3.7618413e-01
   4.2487215e-01
   4.0370265e-01
   4.2143506e-01
   4.6005111e-01
   3.9338425e-01
   3.6120754e-01
   4.0855087e-01
   4.1516125e-01
   4.5078947e-01
   4.9810841e-01
   4.5722623e-01
   4.4197671e-01
   4.4011904e-01
   3.8208270e-01
   3.9436357e-01
   4.3322588e-01
   3.9136268e-01
   4.2232483e-01
   4.5529315e-01
   3.8879672e-01
   4.3247949e-01
   4.9156733e-01
   4.2785190e-01
   4.8025248e-01
   5.9419071e-01
   6.0420560e-01
   6.6987636e-01
   7.4557762e-01
   7.6818985e-01
   8.3797188e-01
   8.7393618e-01
   8.5809532e-01
   9.2093239e-01
   9.5196795e-01
   9.3598429e-01
   1.0016430e+00
   1.0489622e+00
   1.0653006e+00
   1.1453788e+00
   1.1702871e+00
   1.1471563e+00
   1.1740921e+00
   1.1357469e+00
   1.0751745e+00
   1.1168937e+00
   1.0605175e+00
   8.8451582e-01
   8.2464793e-01
   7.9103971e-01
   6.8498479e-01
   6.3568564e-01
   5.9235547e-01
   5.0278469e-01
   4.6559344e-01
   3.9368008e-01
   2.9012313e-01
   2.7112770e-01
   2.2064523e-01
   1.1350076e-01
   1.3409369e-01
   1.3996257e-01
   1.0276502e-01
   1.1461614e-01
   1.7469407e-01
   1.5222984e-01
   1.4004296e-01
   2.0596048e-01
   2.2217785e-01
   1.9580875e-01
   2.2660239e-01
   2.5089866e-01
   2.5067867e-01
   3.1034002e-01
   2.7952052e-01
   2.1727928e-01
   3.1395834e-01
   3.5731444e-01
   2.7528907e-01
   3.2344810e-01
   3.8683412e-01
   3.2379144e-01
   3.4454655e-01
   3.9916418e-01
   3.3081518e-01
   2.9697328e-01
   3.4541027e-01
   3.2003482e-01
   3.2577753e-01
   3.9043709e-01
   3.4658506e-01
   3.0046206e-01
   3.4165695e-01
   3.0525535e-01
   2.8228990e-01
   3.1893247e-01
   2.7409867e-01
   2.6641712e-01
   3.4078296e-01
   2.9813052e-01
   2.6619442e-01
   2.9682359e-01
   2.3970527e-01
   2.2113473e-01
   2.6737281e-01
   2.4524435e-01
   2.5951291e-01
   2.8730408e-01
   2.3202431e-01
   2.8289556e-01
   3.3065628e-01
   2.4089232e-01
   2.2089951e-01
   2.7896544e-01
   2.3470921e-01
   2.2961792e-01
   3.0345244e-01
   2.5702888e-01
   2.3390221e-01
   2.8726909e-01
   2.3959654e-01
   2.1205982e-01
   3.0826056e-01
   3.0974955e-01
   2.4429586e-01
   2.8753483e-01
   2.7393937e-01
   2.4196941e-01
   3.2656999e-01
   3.5517143e-01
   3.5496339e-01
   4.2567125e-01
   4.3326474e-01
   4.3257406e-01
   4.9836562e-01
   4.8065657e-01
   4.6322917e-01
   5.3990633e-01
   5.2961525e-01
   4.9831594e-01
   5.3134110e-01
   4.8940422e-01
   4.8549604e-01
   5.8578488e-01
   5.5757727e-01
   4.8322945e-01
   5.3866496e-01
   5.1288817e-01
   4.3438838e-01
   4.6583845e-01
   4.4913996e-01
   4.1319172e-01
   4.8013010e-01
   4.4739927e-01
   3.5206506e-01
   4.0725874e-01
   4.1064651e-01
   3.4527549e-01
   3.8370397e-01
   4.0646945e-01
   3.9358187e-01
   4.3569422e-01
   4.3074910e-01
   4.0879445e-01
   4.4746705e-01
   4.0284177e-01
   3.1902978e-01
   3.5065391e-01
   3.4825239e-01
   3.2908171e-01
   4.3149324e-01
   4.2612863e-01
   3.0024874e-01
   3.2357420e-01
   3.5637948e-01
   2.9942600e-01
   3.1393515e-01
   3.4442010e-01
   3.1436197e-01
   3.2516907e-01
   2.9936125e-01
   2.2162676e-01
   2.5709671e-01
   2.7294297e-01
   2.1838545e-01
   2.6739361e-01
   2.7788887e-01
   1.9489070e-01
   2.3475850e-01
   2.8100130e-01
   2.3606720e-01
   2.3919581e-01
   2.7082884e-01
   2.7457118e-01
   3.3323702e-01
   3.4209082e-01
   2.6393130e-01
   2.8386418e-01
   3.0882864e-01
   2.7978340e-01
   2.9339488e-01
   2.7126873e-01
   2.2344801e-01
   2.9295656e-01
   2.8774220e-01
   1.7847340e-01
   2.4169614e-01
   2.7307940e-01
   2.1508217e-01
   2.6099728e-01
   3.0606602e-01
   2.5131885e-01
   2.5478339e-01
   2.3673000e-01
   1.4454995e-01
   1.7336428e-01
   2.0078615e-01
   1.3391776e-01
   1.0845475e-01
   1.6716135e-01
   1.6137985e-01
   1.4189535e-01
   1.3866134e-01
   1.0994074e-01
   1.2870403e-01
   1.5975001e-01
   1.1206947e-01
   9.2731262e-02
   1.9446684e-01
   2.0978735e-01
   1.1723206e-01
   1.6544306e-01
   1.8956802e-01
   1.3747000e-01
   1.7801895e-01
   1.9301337e-01
   1.4739943e-01
   2.0039971e-01
   2.1989528e-01
   1.6073568e-01
   1.8069472e-01
   2.2376909e-01
   1.8246630e-01
   2.3378303e-01
   3.0373128e-01
   2.9625948e-01
   3.1829913e-01
   3.0985890e-01
   2.8162811e-01
   3.6349905e-01
   4.1668350e-01
   3.8203765e-01
   4.3024226e-01
   4.5374269e-01
   3.9733496e-01
   4.6611298e-01
   5.1005622e-01
   4.4244223e-01
   5.0273604e-01
   5.6882981e-01
   5.0899497e-01
   5.4371850e-01
   5.9017072e-01
   4.9803593e-01
   4.9616435e-01
   5.5959865e-01
   5.0965499e-01
   4.9658065e-01
   5.4478720e-01
   5.4040267e-01
   5.3840784e-01
   5.3318049e-01
   5.3651628e-01
   5.9072109e-01
   5.8139232e-01
   5.5494439e-01
   6.0105772e-01
   5.7566275e-01
   5.2083747e-01
   5.6469200e-01
   5.5924191e-01
   5.3215708e-01
   5.7074831e-01
   5.3805752e-01
   4.7260271e-01
   5.0205018e-01
   4.6671960e-01
   3.8073238e-01
   4.5034176e-01
   4.7247360e-01
   3.7375640e-01
   3.5994651e-01
   3.7290822e-01
   3.3692422e-01
   3.6199003e-01
   3.8996970e-01
   3.4988516e-01
   3.7068747e-01
   4.0775561e-01
   3.3982548e-01
   3.2986788e-01
   3.8084157e-01
   3.5836410e-01
   3.7026746e-01
   4.1296527e-01
   3.4838200e-01
   3.2640731e-01
   3.7822552e-01
   3.1786841e-01
   2.9252119e-01
   3.6269094e-01
   3.3493692e-01
   3.1389661e-01
   3.6658963e-01
   3.3697950e-01
   3.1990737e-01
   3.4466742e-01
   2.9564166e-01
   2.8470953e-01
   3.3058704e-01
   2.9119768e-01
   2.7503313e-01
   3.3570099e-01
   2.8259777e-01
   2.4531431e-01
   3.1361577e-01
   3.0313452e-01
   2.4942543e-01
   2.6731984e-01
   2.7813814e-01
   3.0995014e-01
   3.7498735e-01
   3.2958309e-01
   2.9524340e-01
   3.8486194e-01
   3.9919679e-01
   3.6767051e-01
   4.1590091e-01
   4.0615173e-01
   3.5950474e-01
   3.6122038e-01
   2.9783303e-01
   2.4743991e-01
   3.4235043e-01
   3.5160488e-01
   2.7171681e-01
   2.9759131e-01
   3.0589278e-01
   2.3386999e-01
   2.7872367e-01
   2.9786578e-01
   2.3915113e-01
   2.7837662e-01
   2.9946840e-01
   2.4372372e-01
   2.8699719e-01
   3.4142046e-01
   2.8897319e-01
   3.3315404e-01
   3.8979916e-01
   3.3853281e-01
   3.3325549e-01
   4.0172662e-01
   4.0602348e-01
   4.4404006e-01
   4.6782110e-01
   4.0249458e-01
   4.3440202e-01
   5.0405298e-01
   4.6481725e-01
   4.8055504e-01
   5.6201697e-01
   5.2756623e-01
   5.0238944e-01
   5.3615895e-01
   5.0917449e-01
   4.9946456e-01
   5.3284447e-01
   5.1262885e-01
   4.9434449e-01
   4.7554870e-01
   4.0335081e-01
   3.8640379e-01
   4.0707896e-01
   3.6200367e-01
   3.2788761e-01
   3.1970530e-01
   2.9208925e-01
   3.4263270e-01
   3.5660049e-01
   2.4894331e-01
   2.3742568e-01
   2.8853110e-01
   2.3342067e-01
   2.1615689e-01
   3.0811906e-01
   2.8705089e-01
   2.2569037e-01
   3.0306151e-01
   2.9925422e-01
   2.4449422e-01
   2.5011574e-01
   2.2302320e-01
   2.4241821e-01
   3.3632467e-01
   3.1846732e-01
   2.6333431e-01
   3.6264583e-01
   3.6496298e-01
   3.0939089e-01
   3.9096034e-01
   3.5186136e-01
   2.7353500e-01
   3.4384260e-01
   3.3900436e-01
   3.3040975e-01
   4.0596498e-01
   3.6273914e-01
   3.0305773e-01
   3.8861927e-01
   3.7871949e-01
   3.0912765e-01
   3.3427651e-01
   3.3328736e-01
   3.1179654e-01
   3.4995603e-01
   2.9463319e-01
   2.1070365e-01
   2.7240435e-01
   2.7866734e-01
   2.2187707e-01
   2.8082470e-01
   2.8079303e-01
   1.8050467e-01
   1.8146397e-01
   2.0512665e-01
   1.6096878e-01
   2.2158576e-01
   2.6931609e-01
   1.8202232e-01
   1.4848649e-01
   2.0025087e-01
   1.6227784e-01
   1.1691571e-01
   1.3622898e-01
   1.3613563e-01
   1.7029251e-01
   1.7155401e-01
   1.1349405e-01
   1.4939261e-01
   1.5264843e-01
   8.5932899e-02
   1.2141738e-01
   1.0995630e-01
   5.4381308e-02
   7.6148660e-02
   1.0018071e-01
   7.5003814e-02
   1.2614880e-01
   1.7992413e-01
   1.3431189e-01
   1.3070989e-01
   1.6742897e-01
   1.2546070e-01
   1.6201415e-01
   1.9774390e-01
   1.5552665e-01
   1.5541180e-01
   2.2043162e-01
   1.9821883e-01
   1.9508025e-01
   2.4529317e-01
   1.7888189e-01
   1.6761613e-01
   2.8255026e-01
   2.8814154e-01
   2.5676727e-01
   2.9909487e-01
   2.5841653e-01
   2.5048027e-01
   3.2666318e-01
   2.9667605e-01
   2.3225327e-01
   3.1100107e-01
   3.3897764e-01
   2.8661769e-01
   2.8306330e-01
   2.6925509e-01
   2.5043102e-01
   2.6157429e-01
   2.4246781e-01
   2.6089418e-01
