   3.3383770e+01
   3.0640305e+01
   1.7967345e+01
   1.8578948e+01
   1.1191063e+01
   1.9411956e+01
   1.8859433e+01
   1.1221630e+01
   1.9566551e+01
   5.6631643e+00
   2.0303061e+01
   2.0441938e+01
   7.4369530e+00
   2.3801549e+01
   2.3456664e+01
   1.3520897e+01
   2.2832591e+01
   2.1961260e+01
   2.5933728e+01
   2.3049507e+01
   2.3151674e+01
   3.0539010e+01
   2.7266983e+01
   2.7137584e+01
   3.4043613e+01
   3.5715446e+01
   3.6169485e+01
   3.7534190e+01
   3.9528310e+01
   4.0790392e+01
   4.2913572e+01
   4.4581051e+01
   4.5501695e+01
   4.8706052e+01
   5.0837599e+01
   5.0956256e+01
   5.1957320e+01
   5.3342910e+01
   5.4090519e+01
   5.6059767e+01
   5.7657616e+01
   5.8334545e+01
   5.9297985e+01
   5.9093003e+01
   5.4912592e+01
   4.1228900e+01
   5.3816329e+01
   5.6335038e+01
   5.6333792e+01
   5.6525996e+01
   5.6326514e+01
   5.5367942e+01
   5.4050450e+01
   5.2284820e+01
   5.0632806e+01
   4.9225585e+01
   4.7310108e+01
   4.5556000e+01
   4.3779795e+01
   4.2175999e+01
   4.1263381e+01
   3.9095191e+01
   3.7181184e+01
   3.5944936e+01
   3.4204650e+01
   3.4607868e+01
   3.3683479e+01
   3.1036497e+01
   2.7281878e+01
   2.6872223e+01
   2.9279713e+01
   2.5980748e+01
   2.4131606e+01
   2.4995062e+01
   2.1505660e+01
   2.4647148e+01
   2.2335572e+01
   1.8244558e+01
   2.0578012e+01
   1.7635629e+01
   2.1783266e+01
   2.0051370e+01
   1.9076274e+01
   2.0433362e+01
   1.8824606e+01
   2.1811042e+01
   2.0009180e+01
   1.9757622e+01
   2.1819522e+01
   1.8861912e+01
   1.9363500e+01
   1.7158786e+01
   1.0767068e+01
   1.6586994e+01
   9.5580883e+00
   1.2038334e+01
   1.3424208e+01
   3.6737755e+00
   1.1583041e+01
   6.5544494e+00
   4.0685469e+00
   7.9202890e+00
  -4.3797385e-01
   1.2377174e+00
   7.9061731e+00
   1.0618834e+01
  -8.8293120e+00
   1.0484270e+01
   7.5892360e+00
   8.1891492e+00
   1.2629571e+01
   1.5069362e+00
   1.4309070e+01
   1.5076719e+01
   8.5850846e+00
   1.1936100e+01
   6.3671575e+00
   5.5755830e+00
  -6.4330504e-01
   1.0280144e+01
   1.2013771e+01
   1.2444418e+01
   1.8657949e+01
   1.7164680e+01
   2.0105410e+01
   2.2308515e+01
   2.2736803e+01
   2.6359179e+01
   2.6847457e+01
   2.8658986e+01
   3.1344309e+01
   3.1326736e+01
   3.3461657e+01
   3.5460709e+01
   3.4032700e+01
   3.3793458e+01
   3.6702494e+01
   3.6840214e+01
   3.4358847e+01
   3.1113608e+01
   2.6853382e+01
   1.7657761e+01
   1.0143778e+01
   1.1258592e+01
   1.7195693e+01
   1.7652727e+01
   1.8133273e+01
   1.8645480e+01
   1.6174379e+01
   1.6808898e+01
   1.5628802e+01
   1.3266801e+01
   1.4396577e+01
   1.2020880e+01
   1.1433906e+01
   9.3288772e+00
   8.1331419e+00
   1.0502403e+01
   6.2286339e+00
   8.3921481e+00
   7.1998553e+00
   2.4248469e+00
   6.5939483e+00
   1.9134899e+00
   5.5223691e+00
   3.0954188e+00
   5.6171542e-01
   3.6693077e+00
  -7.6127673e-01
   6.1058369e+00
   3.3860991e+00
  -6.2107056e-01
   5.5075929e+00
  -4.4534004e-01
   6.9415271e+00
   7.1694437e+00
   1.4114453e+00
   5.8838333e+00
   2.8753105e+00
   3.1391562e-01
   7.0557580e+00
   4.4006247e+00
   2.2594062e+00
   4.9472932e+00
  -6.1168885e-01
  -1.0762869e+00
   1.3971258e+00
  -1.1685472e+01
   6.0997171e-01
   2.2539233e+00
  -1.0892392e+01
  -4.0092237e+00
  -6.4911225e+00
  -9.0744503e+00
  -3.9110491e+00
  -4.2162830e+00
  -5.5717256e+00
  -4.2257346e+00
   2.8939652e-01
  -2.0270957e+00
  -6.5194057e+00
   1.8342250e+00
  -6.3286783e+00
  -2.1340467e+00
  -1.8262630e+00
  -9.9900683e+00
  -6.5270256e-01
  -1.3451688e+01
  -4.7231030e-01
  -7.6472043e-01
  -6.8576962e+00
   3.7721479e+00
   4.6255553e-03
   4.2313892e+00
   6.6561419e+00
   5.4036355e+00
   8.9680468e+00
   8.0924628e+00
   1.0444317e+01
   1.3164453e+01
   1.2509739e+01
   1.4040036e+01
   1.6299545e+01
   1.7775989e+01
   1.8461960e+01
   1.7567052e+01
   1.7095754e+01
   1.6176810e+01
   1.0072287e+01
   6.2208566e+00
   9.3824116e+00
   4.6212326e+00
   1.0087190e+01
   1.0037592e+01
   6.9665529e+00
   8.2420633e+00
   3.5998499e+00
   3.4853985e+00
   4.7873437e+00
  -4.2745557e+00
   1.1805509e+00
  -2.4911168e+00
  -4.7873083e+00
  -9.0772739e-01
  -1.1396637e+01
   5.1749508e-01
  -6.7340710e+00
  -2.4225141e+00
  -7.4906284e-01
  -1.8032716e+01
  -1.1308625e+00
  -2.5128539e+00
  -9.8887364e+00
  -1.9525761e+00
  -1.0029465e+01
  -5.7916745e+00
  -5.5752563e+00
  -8.3235523e+00
  -5.7143961e+00
  -1.3213350e+01
  -4.0345209e+00
  -8.8265618e+00
  -7.4851762e+00
  -5.8952061e+00
  -1.8798148e+01
  -2.1165971e+00
  -2.3054910e+00
  -1.2783657e+01
  -4.4808787e+00
  -6.3875800e+00
  -5.2049366e+00
  -8.6275723e+00
  -6.8147260e+00
  -5.8556511e+00
  -3.7024274e+00
  -9.6554346e+00
  -8.5791562e+00
  -4.9607538e+00
  -6.5343154e+00
  -8.1960918e+00
  -5.6539594e+00
  -5.0385523e+00
  -8.9086082e+00
  -9.2557323e+00
  -5.8159319e+00
  -4.6611937e+00
  -7.7888496e+00
  -7.3581235e+00
  -8.3905618e+00
  -6.2829840e+00
  -1.5392589e+01
  -8.0238434e+00
  -8.5732775e+00
  -2.0772083e+01
  -5.4130585e+00
  -3.9429196e+00
  -1.3960167e+01
  -9.3035421e+00
  -7.6705063e+00
  -1.0293434e+01
  -1.1024210e+01
  -3.9598918e+00
  -6.4581067e+00
  -1.3297849e+01
  -3.9471775e+00
  -8.9480081e+00
  -3.1871597e+00
   1.1247728e-01
  -8.6670951e+00
  -2.1416090e-01
   1.2210750e+00
  -3.4846138e+00
   3.6098749e+00
   2.8395029e+00
  -5.5118247e-01
   4.5263073e+00
   3.5939361e+00
  -2.3059635e+00
  -1.7176785e+00
  -4.0992457e+00
   3.2547038e-01
   5.2174264e-01
  -9.7051667e+00
  -9.1648155e+00
  -1.0274837e+01
  -1.0865246e+01
  -3.4581557e+00
  -7.4537585e+00
  -2.3842620e+01
  -1.9824459e+01
  -6.8770381e+00
  -8.1159302e+00
  -9.7354422e+00
  -5.1291918e+00
  -1.1366666e+01
  -1.2012680e+01
  -6.5267421e+00
  -1.5020352e+01
  -4.3996685e+00
  -1.9674839e+00
  -9.6948048e+00
  -1.2907343e+01
  -8.4191706e+00
  -1.4168507e+01
  -8.9414129e+00
  -3.5234441e+00
  -1.0337086e+01
  -8.1584129e+00
  -4.5517460e+00
  -1.0497064e+01
  -1.0225411e+01
  -9.3800512e+00
  -2.7982451e+01
  -9.2918944e+00
  -1.2130310e+01
  -6.8070881e+00
  -5.8283621e+00
  -6.9035950e+00
  -7.5737468e+00
  -2.6592647e+01
  -8.8169155e+00
  -7.7132649e+00
  -2.0331928e+01
  -7.1712844e+00
  -4.2512871e+00
  -8.8728091e+00
  -9.7814926e+00
  -1.7810367e+01
  -6.3679052e+00
  -4.9608326e+00
  -1.3012414e+01
  -7.2104854e+00
  -6.5034864e+00
  -2.2109777e+01
  -4.4189164e+00
  -5.5289920e+00
  -1.2483645e+01
  -5.1472085e+00
  -5.8337234e+00
  -2.5040616e+01
  -8.6756376e+00
  -1.7520525e+01
  -6.0212488e+00
  -3.3912335e+00
  -1.3376288e+01
  -8.6957737e+00
  -4.8706044e+00
  -1.2325232e+01
  -9.8071084e+00
  -6.7381589e+00
  -1.0144004e+01
  -5.2273622e+00
  -9.2909978e+00
  -1.8544940e+01
  -8.1743694e+00
  -6.5741885e+00
  -2.3151699e+01
  -6.6133701e+00
  -6.0145910e+00
  -3.1207742e+01
  -7.4194667e+00
  -8.2657260e+00
  -1.0358493e+01
  -2.3290776e+00
  -5.1000382e+00
  -2.1648477e+00
   1.4306468e+00
  -1.9164818e+00
  -1.4090266e+01
  -7.8093756e+00
  -1.5306179e+01
  -7.6150313e+00
  -5.4076175e+00
  -1.4542169e+01
  -1.0238205e+01
  -2.1893854e+01
  -6.9385786e+00
  -9.7571711e+00
  -1.1242170e+01
  -5.6914374e+00
  -1.0168639e+01
  -1.0630834e+01
  -7.2979405e+00
  -1.7931694e+01
  -1.0353827e+01
  -1.5198188e+01
  -1.1720009e+01
  -7.6581825e+00
  -1.0603807e+01
  -1.3693138e+01
  -1.7690640e+01
  -1.0477364e+01
  -6.9063530e+00
  -1.0380048e+01
  -1.8075261e+01
  -1.0199958e+01
  -9.6345695e+00
  -7.8429785e+00
  -2.1845102e+01
  -1.1253925e+01
  -1.6839016e+01
  -9.1860223e+00
  -4.9357252e+00
  -9.9688671e+00
  -1.1038055e+01
  -6.0986122e+00
  -1.5041854e+01
  -9.3741803e+00
  -8.1559422e+00
  -1.3749717e+01
  -1.0446943e+01
  -1.5764379e+01
  -1.2341068e+01
  -8.7695865e+00
  -1.4876717e+01
  -9.3039399e+00
  -9.5968670e+00
  -2.3881623e+01
  -1.0497473e+01
  -1.4547079e+01
  -1.1720479e+01
  -9.5505741e+00
  -1.6643458e+01
  -1.5335518e+01
  -1.5134656e+01
  -1.0710071e+01
  -6.7244419e+00
  -1.6282186e+01
  -9.5955887e+00
  -8.4182138e+00
  -2.0485309e+01
  -1.0637109e+01
  -1.2646789e+01
  -1.1875233e+01
  -5.7660995e+00
  -1.0563171e+01
  -1.8980701e+01
  -1.5596447e+01
  -1.1460309e+01
  -6.0736725e+00
  -8.6359999e+00
  -1.9753608e+01
  -7.9768144e+00
  -1.0835557e+01
  -1.6418709e+01
  -8.4392170e+00
  -1.5867436e+01
  -1.0891993e+01
  -3.8563019e+00
  -5.0340824e+00
  -2.6043955e+01
  -9.5229203e+00
  -1.3297538e+01
  -1.5560984e+01
  -1.3292466e+01
  -2.3833835e+01
  -1.0015973e+01
  -6.7330704e+00
  -1.3219864e+01
  -1.9119357e+01
  -1.5643801e+01
  -8.4717672e+00
  -8.7358492e+00
  -1.5382531e+01
  -1.7151675e+01
  -1.3241151e+01
  -1.4300498e+01
  -1.2522638e+01
  -1.0477304e+01
  -1.1699370e+01
  -1.4474078e+01
  -1.7532831e+01
  -1.1897242e+01
  -1.2923107e+01
  -7.8805276e+00
  -1.0893984e+01
  -1.0394506e+01
  -1.6767501e+01
  -1.4351877e+01
  -9.0701440e+00
  -1.0416274e+01
  -2.4126234e+01
  -1.0132207e+01
  -1.3785809e+01
  -1.3085885e+01
  -1.0087825e+01
  -2.3766166e+01
  -1.3510976e+01
  -9.0298167e+00
  -1.1254944e+01
  -2.2370455e+01
  -9.6709234e+00
  -9.9566794e+00
  -1.3393034e+01
  -2.0390693e+01
  -2.2862694e+01
  -8.8141409e+00
  -7.5214470e+00
  -1.8655480e+01
  -8.3766549e+00
  -8.2982240e+00
  -1.3854967e+01
  -2.9003432e+01
  -1.1376227e+01
  -1.1148089e+01
  -2.2333257e+01
  -1.6828829e+01
  -1.2363607e+01
  -1.4244388e+01
  -1.3498691e+01
  -2.3035974e+01
  -1.0851884e+01
  -7.1282019e+00
  -1.2520918e+01
  -1.3854946e+01
  -1.1313505e+01
  -1.7593675e+01
  -1.1677667e+01
  -1.1106780e+01
  -2.8949286e+01
  -1.1754627e+01
  -8.0979284e+00
  -1.0762797e+01
  -1.9846850e+01
  -1.6991314e+01
  -1.2477538e+01
  -8.1605475e+00
  -8.2553524e+00
  -9.3990609e+00
  -1.9357924e+01
  -7.4692879e+00
  -8.8316555e+00
  -1.5646506e+01
  -1.0363833e+01
  -1.4873701e+01
  -1.3529956e+01
  -1.1732680e+01
  -2.1137513e+01
  -1.0606219e+01
  -1.0360350e+01
  -1.8971787e+01
  -8.7607338e+00
  -4.1671033e+00
  -5.2687356e+00
  -1.8062151e+01
  -1.1681819e+01
  -1.1142928e+01
  -1.1085220e+01
  -1.7168606e+01
  -1.3317621e+01
  -9.5823593e+00
  -1.5208555e+01
  -9.4423047e+00
  -5.4629719e+00
  -1.1867852e+01
  -1.4213518e+01
  -1.2160695e+01
  -1.8855217e+01
  -1.0458946e+01
  -1.4407199e+01
  -1.6191621e+01
  -8.2393539e+00
  -1.3464751e+01
  -1.3861389e+01
  -9.5285134e+00
  -2.2359663e+01
  -1.5035727e+01
  -1.7175189e+01
  -2.0348768e+01
  -1.3349324e+01
  -1.3403794e+01
  -1.7356055e+01
  -1.9389527e+01
  -1.4896551e+01
  -1.0307177e+01
  -2.3343310e+01
  -1.3241426e+01
  -1.8650926e+01
  -1.2336294e+01
  -6.8755882e+00
  -8.1260571e+00
  -1.9811339e+01
  -1.3969175e+01
  -2.2450861e+01
  -1.0538682e+01
  -7.7088336e+00
  -1.3940317e+01
  -2.5256715e+01
  -1.6019531e+01
  -1.9931138e+01
  -1.0933963e+01
  -7.3564543e+00
  -1.5156149e+01
  -1.4193100e+01
  -1.0994631e+01
  -1.4069513e+01
  -1.5322518e+01
  -1.4871656e+01
  -2.1020949e+01
  -8.1885892e+00
  -9.1638431e+00
  -1.9569707e+01
  -1.1116269e+01
  -1.2541901e+01
  -1.6953679e+01
  -7.4874255e+00
  -1.0684932e+01
  -1.6055851e+01
  -9.3745641e+00
  -1.3578144e+01
  -1.4348753e+01
  -1.5513727e+01
  -1.3374124e+01
  -1.3952780e+01
  -1.5543321e+01
  -2.6033146e+01
  -1.8307498e+01
  -1.8157360e+01
  -2.1645122e+01
  -1.6072608e+01
  -1.5159798e+01
  -1.1477614e+01
  -1.4574790e+01
  -1.8226279e+01
  -1.0887673e+01
  -1.9535071e+01
  -1.2520135e+01
  -1.3753431e+01
  -1.6685300e+01
  -8.5239912e+00
  -7.6880188e+00
  -1.3163576e+01
  -1.1992725e+01
  -1.2279542e+01
  -1.8931120e+01
  -1.4000741e+01
  -1.3366168e+01
  -1.1987150e+01
  -1.4363077e+01
  -2.5122293e+01
  -1.3742058e+01
  -8.7923217e+00
  -1.2769940e+01
  -1.7186898e+01
  -9.9762201e+00
  -1.2245645e+01
  -1.7888477e+01
  -1.1558145e+01
  -1.5438335e+01
  -1.5050615e+01
  -1.4189677e+01
  -1.9333235e+01
  -1.7224178e+01
  -1.3592995e+01
  -2.9924794e+01
  -1.1363443e+01
  -1.1315815e+01
  -2.6892391e+01
  -1.2195780e+01
  -9.7272340e+00
  -2.0464460e+01
  -1.1045511e+01
  -9.0529433e+00
  -2.3087835e+01
  -1.3242904e+01
  -1.7293821e+01
  -1.5773301e+01
  -1.1105807e+01
  -1.6826058e+01
  -1.6010890e+01
  -1.1346017e+01
  -1.6477250e+01
  -8.6036061e+00
  -8.7506281e+00
  -1.4965084e+01
  -1.1331861e+01
  -1.2063929e+01
  -1.6322002e+01
  -1.3917093e+01
  -3.1908814e+01
  -1.3799589e+01
  -1.7284586e+01
  -1.4749410e+01
  -1.3393842e+01
  -1.7899341e+01
  -1.3285552e+01
  -1.2926856e+01
  -9.8368574e+00
  -1.1880365e+01
  -2.2118103e+01
  -2.2392196e+01
  -2.2149090e+01
  -1.3601670e+01
  -1.0853438e+01
  -2.2488278e+01
  -1.2184180e+01
  -9.6885993e+00
  -1.8205319e+01
  -1.5418586e+01
  -1.2443846e+01
  -2.4133022e+01
  -1.2977189e+01
  -1.8430845e+01
  -1.8960800e+01
  -2.3150076e+01
  -1.6374447e+01
  -1.3636251e+01
  -1.8584976e+01
  -1.6688535e+01
  -1.2541657e+01
  -1.3145046e+01
  -1.6624836e+01
  -1.3714249e+01
  -2.7284919e+01
  -1.4742488e+01
  -1.4981915e+01
  -2.2455415e+01
  -1.7572848e+01
  -1.8985893e+01
  -1.3448049e+01
  -1.0920442e+01
  -1.5085842e+01
  -1.9736614e+01
  -1.9768036e+01
  -1.9557775e+01
  -1.7828542e+01
  -1.5022285e+01
  -2.5593178e+01
  -1.2727999e+01
  -1.4382949e+01
  -2.5972565e+01
  -1.8488945e+01
  -2.4073246e+01
  -1.8433253e+01
  -1.4896500e+01
  -1.5100745e+01
  -1.3814278e+01
  -2.0790467e+01
  -1.4850474e+01
  -1.1709710e+01
  -2.6983451e+01
  -1.2195292e+01
  -1.1064806e+01
  -1.9494775e+01
  -1.4638844e+01
  -1.0935273e+01
  -2.3089648e+01
  -1.3177267e+01
  -1.3812007e+01
  -1.9925633e+01
  -1.0106496e+01
  -1.0367055e+01
  -2.0189554e+01
  -1.0659295e+01
  -1.2758620e+01
  -2.2840271e+01
  -1.1969878e+01
  -1.4835967e+01
  -2.5180398e+01
  -1.2568861e+01
  -1.4266470e+01
  -2.4088441e+01
  -1.9773876e+01
  -1.8826335e+01
  -1.5338659e+01
  -1.6374672e+01
  -1.1466458e+01
  -1.6605624e+01
  -2.1211567e+01
  -1.3525852e+01
  -1.3472408e+01
  -1.3816368e+01
  -1.4022158e+01
  -2.2981939e+01
  -1.0982349e+01
  -1.1712448e+01
  -2.7674010e+01
  -1.7468445e+01
  -1.5283969e+01
  -1.8502044e+01
  -1.1620242e+01
  -1.2950377e+01
  -2.1658759e+01
  -1.8687201e+01
  -2.7232670e+01
  -2.3834169e+01
  -1.7035671e+01
  -1.5085165e+01
  -1.8130186e+01
  -1.9982095e+01
  -1.5486342e+01
  -1.4642843e+01
  -1.5182628e+01
  -8.3051590e+00
  -1.2345011e+01
  -1.9097969e+01
  -1.1628640e+01
  -1.5461953e+01
  -2.2617324e+01
  -1.4752939e+01
  -2.5554038e+01
  -1.2602726e+01
  -1.1771901e+01
  -2.4792153e+01
  -1.4351769e+01
  -1.5286165e+01
  -2.3159682e+01
  -1.1171989e+01
  -1.3392397e+01
  -1.3240308e+01
  -8.5345699e+00
  -1.3049798e+01
  -1.9573559e+01
  -1.4585909e+01
  -1.8248868e+01
  -1.8275862e+01
  -1.2340621e+01
  -1.8791020e+01
  -2.0589761e+01
  -1.6630390e+01
  -2.1660140e+01
  -2.0084277e+01
  -1.5250152e+01
  -2.0038054e+01
  -1.7191522e+01
  -1.4962070e+01
  -1.4115470e+01
  -1.7782627e+01
  -2.2162722e+01
  -1.4881166e+01
  -1.7349835e+01
  -2.4501674e+01
  -1.0638645e+01
  -1.0358895e+01
  -2.4923952e+01
  -1.4293565e+01
  -1.2502472e+01
  -1.8425310e+01
  -2.2606099e+01
  -1.7676129e+01
  -2.0769125e+01
  -1.4912090e+01
  -1.8435522e+01
  -2.0572796e+01
  -1.3281065e+01
  -1.5080816e+01
  -2.3481095e+01
  -1.3228026e+01
  -2.4958368e+01
  -1.3511544e+01
  -1.2862246e+01
  -2.3792693e+01
  -1.6430346e+01
  -1.6405544e+01
  -2.7126317e+01
  -1.6611117e+01
  -2.0752646e+01
  -1.4117856e+01
  -1.5322396e+01
  -1.7412864e+01
  -1.1165705e+01
  -1.6322513e+01
  -1.5542871e+01
  -1.8466981e+01
  -1.9574073e+01
  -1.1572257e+01
  -1.2833389e+01
  -1.8675248e+01
  -8.5129852e+00
  -1.2577652e+01
  -1.8170864e+01
  -1.1919462e+01
  -1.9944242e+01
  -2.1745790e+01
  -1.7675124e+01
  -2.1140905e+01
  -2.1784769e+01
  -2.1752703e+01
  -1.5635595e+01
  -1.4891594e+01
  -2.6335539e+01
  -1.5495039e+01
  -2.1842849e+01
  -1.8819750e+01
  -1.5021873e+01
  -2.9119730e+01
  -1.3744928e+01
  -1.2487736e+01
  -2.3103790e+01
  -1.0359453e+01
  -1.1439701e+01
  -4.2157604e+01
  -1.3625281e+01
  -1.5498354e+01
  -2.3473703e+01
  -1.3392871e+01
  -2.0963606e+01
  -1.4377410e+01
  -1.3318039e+01
  -2.9003005e+01
  -1.9104148e+01
  -1.5913870e+01
  -1.5643777e+01
  -1.8673566e+01
  -1.8881346e+01
  -1.7463856e+01
  -2.3709923e+01
  -1.5199584e+01
  -1.7476698e+01
  -2.0312960e+01
  -1.5413856e+01
  -2.4708843e+01
  -1.3371955e+01
  -1.4770802e+01
  -2.2049424e+01
  -2.8327456e+01
  -1.7984674e+01
  -1.7097427e+01
  -1.5228579e+01
  -2.7504501e+01
  -1.1764586e+01
  -1.1761233e+01
  -2.2699322e+01
  -1.5409717e+01
  -2.0880313e+01
  -1.8626498e+01
  -1.3778661e+01
  -1.7332531e+01
  -2.0180226e+01
  -1.3845017e+01
  -1.6412059e+01
  -1.7955712e+01
  -2.2380527e+01
  -1.8902206e+01
  -1.4227485e+01
  -2.3795900e+01
  -1.6192343e+01
  -1.5218638e+01
  -2.5533903e+01
  -1.3977411e+01
  -1.4678501e+01
  -1.8386530e+01
  -2.4370318e+01
  -1.3563608e+01
  -1.3539375e+01
  -1.7645530e+01
  -2.2465167e+01
  -1.2424373e+01
  -1.4919808e+01
  -2.3925605e+01
  -1.5481346e+01
  -2.0504541e+01
  -2.5621149e+01
  -1.6621624e+01
  -1.8585772e+01
  -1.9108149e+01
  -1.4316611e+01
  -2.1510341e+01
  -1.5496026e+01
  -1.5808088e+01
  -2.9746278e+01
  -1.6648291e+01
  -1.3527234e+01
  -2.6084820e+01
  -1.3425723e+01
  -1.3019241e+01
  -2.9957981e+01
  -1.4902065e+01
  -1.6875686e+01
  -2.1550813e+01
  -1.4553123e+01
  -2.0118258e+01
  -1.4290367e+01
  -1.0556011e+01
  -1.6909188e+01
  -1.9749032e+01
  -1.6297810e+01
  -2.4385619e+01
  -1.1609548e+01
  -1.3867516e+01
  -2.4023153e+01
  -1.4882498e+01
  -2.3297395e+01
  -1.8723715e+01
  -1.8861715e+01
  -2.6771490e+01
  -1.5162148e+01
  -1.6779287e+01
  -1.7199463e+01
  -1.8375953e+01
  -2.4533525e+01
  -1.5524396e+01
  -2.4772952e+01
  -1.8322648e+01
  -1.5573003e+01
  -1.8293528e+01
  -2.3177712e+01
  -1.5515964e+01
  -1.9355321e+01
  -2.0533038e+01
  -1.5133116e+01
  -1.7248025e+01
  -2.4821007e+01
  -1.7967909e+01
  -1.9823044e+01
  -1.6323511e+01
  -1.8853738e+01
  -1.9140708e+01
  -1.2439491e+01
  -1.6248643e+01
  -2.0945559e+01
  -1.3752026e+01
  -1.4524112e+01
  -2.8802059e+01
  -1.4006645e+01
  -2.2316332e+01
  -1.5567724e+01
  -1.3349443e+01
  -2.5476845e+01
  -1.8088858e+01
  -1.5278485e+01
  -1.9037546e+01
  -1.9100341e+01
  -1.9375534e+01
  -1.7601971e+01
  -2.1504622e+01
  -1.8641637e+01
  -1.4203816e+01
  -2.0073386e+01
  -2.4187642e+01
  -1.5494874e+01
  -1.7029516e+01
  -2.3409715e+01
  -2.0691048e+01
  -2.5880090e+01
  -1.7527995e+01
  -2.5151231e+01
  -1.7263302e+01
  -1.8778969e+01
  -2.3022667e+01
  -1.3845051e+01
  -1.5577461e+01
  -3.5477335e+01
  -1.8938628e+01
  -1.7232797e+01
  -2.0926690e+01
  -2.4847452e+01
  -1.8798475e+01
  -1.8289861e+01
  -1.5373968e+01
  -1.6308182e+01
  -1.6833347e+01
  -2.2167373e+01
  -2.2529615e+01
  -1.5452416e+01
  -1.3862495e+01
  -1.8494804e+01
  -2.2065556e+01
  -1.8520085e+01
  -1.9010985e+01
  -1.3038016e+01
  -1.4903383e+01
  -2.7606924e+01
  -1.6504748e+01
  -1.4169114e+01
  -1.7185996e+01
  -1.5071555e+01
  -1.8189550e+01
  -2.3927671e+01
  -1.5056548e+01
  -1.5870655e+01
  -2.2286770e+01
  -1.2976170e+01
  -1.8799868e+01
  -1.5635837e+01
  -1.1257764e+01
  -1.5761223e+01
  -1.7575243e+01
  -1.3953224e+01
  -2.3890106e+01
  -1.6431376e+01
  -1.6276831e+01
  -2.4091757e+01
  -1.5482975e+01
  -2.0666347e+01
  -2.0844428e+01
  -2.9331006e+01
  -1.9737359e+01
  -2.4577839e+01
  -1.4526240e+01
  -1.6009367e+01
  -3.0218552e+01
  -1.3755486e+01
  -1.2434751e+01
  -2.5494693e+01
  -1.3416094e+01
  -1.3806766e+01
  -2.3579890e+01
  -1.5631830e+01
  -2.0363927e+01
  -1.8196292e+01
  -1.3047950e+01
  -1.8414571e+01
  -1.9149890e+01
  -1.4560045e+01
  -2.3687493e+01
  -1.9671803e+01
  -1.6163437e+01
  -2.2591826e+01
  -1.8915350e+01
  -1.4377946e+01
  -1.7150997e+01
  -1.5535737e+01
  -2.4536357e+01
  -1.9775239e+01
  -1.9758330e+01
  -2.0165306e+01
  -2.5680155e+01
  -1.6271809e+01
  -1.6198872e+01
  -1.8001319e+01
  -2.2022115e+01
  -1.9700672e+01
  -2.3770384e+01
  -1.7243676e+01
  -1.6495473e+01
  -2.5455197e+01
  -1.5211774e+01
  -1.7222072e+01
  -2.4161465e+01
  -1.6940775e+01
  -1.5807759e+01
  -2.9913582e+01
  -2.2507805e+01
  -1.9844508e+01
  -1.4748415e+01
  -2.0880497e+01
  -2.2249537e+01
  -1.7520663e+01
  -1.7262079e+01
  -3.3474315e+01
  -1.6656287e+01
  -1.6205227e+01
  -1.7675593e+01
  -2.3077351e+01
  -1.6704307e+01
  -1.6897958e+01
  -2.5613397e+01
  -1.6759628e+01
  -3.1581386e+01
  -1.5858020e+01
  -1.6147331e+01
  -3.8259175e+01
  -1.6459332e+01
  -1.4841813e+01
  -1.7292538e+01
  -1.6323216e+01
  -2.0623685e+01
  -1.5187811e+01
  -1.5039296e+01
  -1.7185421e+01
  -1.8498742e+01
  -4.6801215e+01
  -1.7487584e+01
  -1.8532217e+01
  -2.0712686e+01
  -1.1884545e+01
  -1.7143891e+01
  -1.4550545e+01
  -1.0788138e+01
  -1.7207439e+01
  -1.8154393e+01
  -1.8127998e+01
  -2.9922089e+01
  -1.6693154e+01
  -2.5503677e+01
  -1.6289791e+01
  -1.3528263e+01
  -2.0485337e+01
  -1.4470631e+01
  -1.4069063e+01
  -2.4255790e+01
  -1.9590275e+01
  -1.6051289e+01
  -1.8290526e+01
  -2.4436624e+01
  -1.9477572e+01
  -1.4430752e+01
  -2.1972768e+01
  -1.6094863e+01
  -1.5979708e+01
  -3.3721148e+01
  -2.0595116e+01
  -1.9008213e+01
  -3.1169559e+01
  -1.9798347e+01
  -2.5590670e+01
  -1.4802319e+01
  -1.2819197e+01
  -2.2309188e+01
  -2.1805348e+01
  -1.9931370e+01
  -2.7325133e+01
  -1.9247554e+01
  -1.9761996e+01
  -1.6314308e+01
  -1.5421939e+01
  -2.7539255e+01
  -1.8067013e+01
  -1.6366300e+01
  -2.3616959e+01
  -1.7059360e+01
  -1.6707005e+01
  -2.2057605e+01
  -1.1601225e+01
  -1.5664237e+01
  -1.9289464e+01
  -1.3729830e+01
  -1.7955794e+01
  -2.0531573e+01
  -1.2556537e+01
  -1.7219477e+01
  -1.5122867e+01
  -1.3426075e+01
  -1.8156571e+01
  -1.2036241e+01
  -1.3835702e+01
  -2.6699653e+01
  -1.6911507e+01
  -1.6215441e+01
  -1.8979495e+01
  -1.3916635e+01
  -2.2441978e+01
  -1.6124959e+01
  -1.6061992e+01
  -3.1088488e+01
  -1.6896456e+01
  -1.6126950e+01
  -3.2940988e+01
  -1.6999058e+01
  -2.7244199e+01
  -1.4239336e+01
  -1.1986449e+01
  -1.8307308e+01
  -2.3201010e+01
  -1.4275064e+01
  -1.6123468e+01
  -2.1175820e+01
  -1.8762689e+01
  -2.0512793e+01
  -1.4201621e+01
  -1.8784451e+01
  -2.7069892e+01
  -1.9399166e+01
  -1.6595205e+01
  -2.2748551e+01
  -2.1031931e+01
  -3.3255708e+01
  -1.4131135e+01
  -1.2959054e+01
  -1.7700295e+01
  -4.1016658e+01
  -1.7239675e+01
  -1.5807001e+01
  -1.6067496e+01
  -2.2353548e+01
  -2.2690120e+01
  -1.8708845e+01
  -1.9338569e+01
  -2.2868591e+01
  -1.9906818e+01
  -2.0063436e+01
  -2.0009691e+01
  -1.5756559e+01
  -2.3290306e+01
  -1.6406225e+01
  -2.7815856e+01
  -1.5986342e+01
  -1.3925722e+01
  -2.2380292e+01
  -1.9705825e+01
  -1.4432328e+01
  -2.1849340e+01
  -1.8262280e+01
  -1.8103903e+01
  -2.8358018e+01
  -1.8933703e+01
  -2.1664748e+01
  -3.1988274e+01
  -1.6763815e+01
  -1.8776376e+01
  -2.3666451e+01
  -1.5734004e+01
  -2.2924828e+01
  -2.2103646e+01
  -2.0911552e+01
  -2.3820460e+01
  -2.5367436e+01
  -3.0339097e+01
  -1.9873908e+01
  -1.8359824e+01
  -2.5541058e+01
  -2.2237529e+01
  -3.6373613e+01
  -1.6413050e+01
  -1.6566860e+01
  -2.5471579e+01
  -1.7140533e+01
  -1.8830278e+01
  -2.2593203e+01
  -1.3247832e+01
  -1.6210850e+01
  -2.2641220e+01
  -1.3900104e+01
  -1.7047190e+01
  -3.4727449e+01
  -1.8516272e+01
  -2.1954049e+01
  -2.1715281e+01
  -2.3028187e+01
  -1.8038371e+01
  -1.0765653e+01
  -1.2438214e+01
  -1.9546418e+01
  -1.2566128e+01
  -1.4028979e+01
  -2.6065463e+01
  -1.2700670e+01
  -1.3390217e+01
  -3.1158049e+01
  -1.8730131e+01
  -2.4929146e+01
  -1.7174053e+01
  -1.2878897e+01
  -2.0789038e+01
  -1.8368672e+01
  -1.5131494e+01
  -2.3336675e+01
  -1.9288140e+01
  -1.9288755e+01
  -2.3734132e+01
  -1.4226555e+01
  -1.7596627e+01
  -1.9641627e+01
  -1.4371601e+01
  -2.2634951e+01
  -1.7547426e+01
  -1.5555645e+01
  -3.5893836e+01
  -1.6329975e+01
  -1.6552371e+01
  -3.7186672e+01
  -1.9750807e+01
  -1.7949151e+01
  -1.9295500e+01
  -2.8006580e+01
  -1.8210492e+01
  -1.8053980e+01
  -2.4600360e+01
  -2.3767545e+01
  -1.7341463e+01
  -2.4502687e+01
  -1.9460053e+01
  -2.0539858e+01
  -2.2845727e+01
  -1.7792440e+01
  -2.4309219e+01
  -2.2128904e+01
  -1.9623029e+01
  -2.5088678e+01
  -1.6950743e+01
  -2.3753981e+01
  -1.7747210e+01
  -1.9018679e+01
  -2.1035511e+01
  -1.4457891e+01
  -2.3479543e+01
  -2.0578246e+01
  -1.8925274e+01
  -2.5013473e+01
  -2.0212015e+01
  -1.8518634e+01
  -2.5799996e+01
  -1.3988467e+01
  -1.7009235e+01
  -2.8417541e+01
  -2.1791802e+01
  -2.7998988e+01
  -1.6867614e+01
  -1.5081953e+01
  -2.1945467e+01
  -1.8805807e+01
  -1.5123795e+01
  -2.2780790e+01
  -2.4030378e+01
  -1.9062025e+01
  -2.6570301e+01
  -1.9877547e+01
  -2.1343921e+01
  -1.8622263e+01
  -1.1888565e+01
  -1.5703394e+01
  -1.4908250e+01
  -1.1451395e+01
  -1.9013887e+01
  -1.3354953e+01
  -9.8162428e+00
  -9.6090250e+00
  -5.8884512e+00
  -6.3287331e+00
  -6.5699618e+00
  -4.9573990e+00
  -7.2276272e+00
  -7.6760968e+00
  -7.3054199e+00
  -1.9227697e+01
  -8.0365052e+00
  -4.6983695e+00
  -5.4985252e+00
  -4.5109816e+00
  -5.5445422e+00
  -8.1425851e+00
  -7.5554645e+00
  -1.0183470e+01
  -1.1163283e+01
  -9.2236395e+00
  -1.3779770e+01
  -1.5392092e+01
  -1.7722021e+01
  -2.5786740e+01
  -1.6071145e+01
  -1.8385600e+01
  -2.9175382e+01
  -1.8198331e+01
  -2.2312380e+01
  -2.3083222e+01
  -1.9720405e+01
  -3.2604747e+01
  -2.4963650e+01
  -1.9906304e+01
  -1.9751770e+01
  -3.0123956e+01
  -2.8149007e+01
  -2.6855122e+01
  -2.6837985e+01
  -2.6676827e+01
  -2.2482142e+01
  -2.3928134e+01
  -2.3238190e+01
  -1.9318891e+01
  -2.0327854e+01
  -2.8695454e+01
  -1.6309814e+01
  -1.8663935e+01
  -3.0877232e+01
  -1.7402812e+01
  -1.9830670e+01
  -2.3647166e+01
  -1.3989166e+01
  -1.6852753e+01
  -2.7582259e+01
  -1.7162504e+01
  -2.4344105e+01
  -1.6008677e+01
  -1.3900227e+01
  -2.2022689e+01
  -1.4307747e+01
  -1.4805716e+01
  -2.5497682e+01
  -1.5448071e+01
  -1.6121429e+01
  -2.4626189e+01
  -2.1692642e+01
  -2.2507121e+01
  -2.7358952e+01
  -2.0591367e+01
  -2.6428940e+01
  -1.5910520e+01
  -1.6317514e+01
  -2.4974215e+01
  -2.2151543e+01
  -2.1517906e+01
  -2.3228382e+01
  -1.4320519e+01
  -1.8693604e+01
  -1.8132436e+01
  -1.3902227e+01
  -1.6915196e+01
  -2.2151997e+01
  -2.9444139e+01
  -2.5824020e+01
  -1.7067633e+01
  -1.9581155e+01
  -1.4061323e+01
  -1.2180442e+01
  -1.6633489e+01
  -1.0997530e+01
  -1.2206976e+01
  -1.1822064e+01
  -7.8779831e+00
  -8.2753335e+00
  -5.9251606e+00
  -3.5411571e+00
  -4.6115981e+00
  -8.1795153e+00
  -1.8900416e+01
  -1.0601606e+01
  -5.4742902e+00
  -6.8807943e+00
  -7.3853116e+00
  -5.1465183e+00
  -7.5320263e+00
  -8.4705885e+00
  -6.8744344e+00
  -1.0140016e+01
  -9.6317347e+00
  -9.1903715e+00
  -1.3893523e+01
  -1.4391277e+01
  -1.7994063e+01
  -1.6114623e+01
  -1.3744829e+01
  -2.4383696e+01
  -1.5514826e+01
  -1.8442305e+01
  -2.2735793e+01
  -1.7191831e+01
  -2.9487479e+01
  -2.1304196e+01
  -2.0838682e+01
  -2.4636438e+01
  -2.4687013e+01
  -2.3059175e+01
  -1.7772998e+01
  -2.2242821e+01
  -3.1529411e+01
  -2.0310321e+01
  -1.7987082e+01
  -2.2510199e+01
  -1.8517610e+01
  -1.8703828e+01
  -2.3393234e+01
  -1.9984429e+01
  -3.1217892e+01
  -2.1837111e+01
  -2.2733885e+01
  -2.4287933e+01
  -2.4477914e+01
  -3.4796955e+01
  -2.0889026e+01
  -1.9642262e+01
  -3.6784866e+01
  -2.3286712e+01
  -2.8821052e+01
  -2.1186374e+01
  -1.6441195e+01
  -1.8843732e+01
  -3.0711384e+01
  -1.6911598e+01
  -1.8103835e+01
  -2.1048431e+01
  -2.5370322e+01
  -2.9079938e+01
  -2.6228269e+01
  -1.6359131e+01
  -1.7353823e+01
  -2.6408244e+01
  -1.8467685e+01
  -2.8010252e+01
  -1.5771893e+01
  -1.3625162e+01
  -2.0439923e+01
  -1.5772250e+01
  -1.4070236e+01
  -3.5028352e+01
  -1.5363088e+01
  -1.6311655e+01
  -2.0282991e+01
  -1.5916424e+01
  -2.0241710e+01
  -2.4917841e+01
  -1.8564777e+01
  -3.5552665e+01
  -1.6872885e+01
  -1.6929884e+01
  -3.7677127e+01
  -2.0428211e+01
  -2.9214095e+01
  -2.0295909e+01
  -2.1134340e+01
  -2.4735493e+01
  -1.7437198e+01
  -2.0504226e+01
  -1.4108037e+01
  -1.3670501e+01
  -2.6635496e+01
  -1.5254523e+01
  -1.4446377e+01
  -2.7256029e+01
  -1.6208397e+01
  -1.4350951e+01
  -2.5060490e+01
  -1.7086524e+01
  -2.3422300e+01
  -1.9176485e+01
  -1.8171704e+01
  -2.4744867e+01
  -1.7493528e+01
  -2.1509349e+01
  -2.1366790e+01
  -1.4876317e+01
  -1.8132246e+01
  -3.0534971e+01
  -2.1668097e+01
  -2.6682205e+01
  -1.8693743e+01
  -1.8606501e+01
  -2.6218404e+01
  -2.3557298e+01
  -1.9088401e+01
  -2.3477093e+01
  -2.4584584e+01
  -2.2690829e+01
  -2.3900566e+01
  -2.0905847e+01
  -1.7104146e+01
  -2.1497158e+01
  -1.4860207e+01
  -1.5825179e+01
  -2.2527871e+01
  -1.6179204e+01
  -1.6635093e+01
  -2.6984338e+01
  -2.5312843e+01
  -4.9014905e+01
  -1.8800950e+01
  -1.9345965e+01
  -2.0157780e+01
  -1.4774516e+01
  -1.9169410e+01
  -2.4951446e+01
  -1.5029106e+01
  -1.7302070e+01
  -2.5218989e+01
  -1.9455449e+01
  -2.6153130e+01
  -1.6833842e+01
  -2.1189726e+01
  -2.1476908e+01
  -1.5177263e+01
  -1.6338895e+01
  -3.3946417e+01
  -1.8097546e+01
  -1.9617459e+01
  -3.0349441e+01
  -1.9112469e+01
  -1.9155932e+01
  -3.6016897e+01
  -1.8022219e+01
  -1.9847162e+01
  -2.3260972e+01
  -1.6844360e+01
  -2.6428854e+01
  -2.1383876e+01
  -1.8818545e+01
  -2.2003195e+01
  -1.8888614e+01
  -1.9128713e+01
  -2.3634875e+01
  -1.4388501e+01
  -1.6626812e+01
  -3.3053684e+01
  -1.9922386e+01
  -2.2625691e+01
  -2.1579722e+01
  -1.9742509e+01
  -3.0591925e+01
  -1.8085015e+01
  -2.1953408e+01
  -2.3510401e+01
  -2.2566961e+01
  -2.2166398e+01
  -1.7877929e+01
  -3.0462096e+01
  -2.0368180e+01
  -1.8490498e+01
  -2.6212159e+01
  -2.6763355e+01
  -2.8868265e+01
  -2.0387504e+01
  -1.6213551e+01
  -2.3288155e+01
  -1.9787030e+01
  -1.8978065e+01
  -2.9990686e+01
  -1.7742037e+01
  -1.8913465e+01
  -2.1135906e+01
  -1.5222009e+01
  -2.0685793e+01
  -2.2251142e+01
  -1.8248784e+01
  -2.2682757e+01
  -2.6689254e+01
  -2.9766176e+01
  -2.1089249e+01
  -2.2059961e+01
  -2.6804304e+01
  -3.1979950e+01
  -2.8902288e+01
  -1.9831379e+01
  -2.1911903e+01
  -2.6818302e+01
  -2.3073327e+01
  -2.8462228e+01
  -1.9594037e+01
  -2.0782514e+01
  -2.8310718e+01
  -1.6665520e+01
  -1.6441435e+01
  -1.8669519e+01
  -1.2961026e+01
  -1.5201923e+01
  -1.8723601e+01
  -1.4562489e+01
  -1.9641329e+01
  -2.0912222e+01
  -1.7519696e+01
  -2.0966455e+01
  -1.4097241e+01
  -1.5826608e+01
  -2.3558587e+01
  -1.7973339e+01
  -2.7228191e+01
  -2.0085535e+01
  -1.7556010e+01
  -2.6229888e+01
  -1.5112746e+01
  -1.5568842e+01
  -1.5263785e+01
  -1.2043090e+01
  -1.6153040e+01
  -1.4943057e+01
  -1.5295613e+01
  -2.4970851e+01
  -1.5752907e+01
  -1.6268959e+01
  -1.9197372e+01
  -1.7425010e+01
  -2.8343481e+01
  -1.1973807e+01
  -1.1233998e+01
  -1.7509003e+01
  -1.3910290e+01
  -1.4917938e+01
  -3.6000991e+01
  -1.8193286e+01
  -2.0096710e+01
  -2.2931790e+01
  -2.1690601e+01
  -2.4661936e+01
  -1.4849351e+01
  -1.7440859e+01
  -2.2131128e+01
  -1.6504915e+01
  -2.2941642e+01
  -2.2199173e+01
  -1.8770060e+01
  -4.2208821e+01
  -2.1151305e+01
  -3.3053713e+01
  -1.6138942e+01
  -1.5289807e+01
  -3.0405171e+01
  -1.7712895e+01
  -1.8085668e+01
  -2.0538261e+01
  -1.9188576e+01
  -2.7642642e+01
  -2.0985804e+01
  -1.6914774e+01
  -2.1941871e+01
  -2.3051747e+01
  -1.7008359e+01
  -2.6171804e+01
  -1.6838181e+01
  -1.6821506e+01
  -3.0736949e+01
  -1.9031325e+01
  -2.5387321e+01
  -2.5323627e+01
  -2.0392005e+01
  -2.3085851e+01
  -2.4319706e+01
  -3.0063273e+01
  -2.3645588e+01
  -1.9743769e+01
  -4.2199995e+01
  -1.9324281e+01
  -1.9343583e+01
  -3.0152888e+01
  -2.4387867e+01
  -2.2281369e+01
  -2.9637520e+01
  -2.1234465e+01
  -2.7061029e+01
  -2.2127572e+01
  -2.0357620e+01
  -3.0143222e+01
  -1.9896018e+01
  -1.9934723e+01
  -2.4850638e+01
  -1.5082280e+01
  -1.5738578e+01
  -2.5878002e+01
  -1.8367228e+01
  -2.6627328e+01
  -2.3393531e+01
  -2.3377000e+01
  -3.2423513e+01
  -2.2052327e+01
  -2.2594157e+01
  -3.0807940e+01
  -2.1239394e+01
  -3.1503523e+01
  -2.4342073e+01
  -3.5720955e+01
  -1.8330174e+01
  -1.5838108e+01
  -2.7061845e+01
  -1.6381053e+01
  -1.3871446e+01
  -1.9571020e+01
  -1.3294460e+01
  -1.2967015e+01
  -1.3459926e+01
  -1.0020286e+01
  -1.3368613e+01
  -4.7017858e+01
  -1.9263350e+01
  -2.0544498e+01
  -1.7176690e+01
  -1.5876573e+01
  -1.8607844e+01
  -1.4148190e+01
  -1.6351492e+01
  -2.4076436e+01
  -1.7362858e+01
  -2.6769960e+01
  -1.8629675e+01
  -1.6276195e+01
  -3.8772627e+01
  -1.7177781e+01
  -1.8270307e+01
  -2.0569989e+01
  -1.9323087e+01
  -2.5999371e+01
  -2.0942320e+01
  -2.6299597e+01
  -2.7086358e+01
  -2.1432560e+01
  -2.4375249e+01
  -2.2041326e+01
  -1.8561891e+01
  -2.5799119e+01
  -2.1841018e+01
  -2.4924308e+01
  -2.2366393e+01
  -2.6054956e+01
  -2.1842207e+01
  -1.9028294e+01
  -2.2460901e+01
  -3.1568017e+01
  -1.7517406e+01
  -1.9151187e+01
  -2.6282923e+01
  -1.8325868e+01
  -2.5528623e+01
  -1.9015746e+01
  -1.6655719e+01
  -2.5383494e+01
  -1.7131472e+01
  -1.8409546e+01
  -2.2436075e+01
  -1.5611843e+01
  -2.2749570e+01
  -1.9850303e+01
  -1.6953955e+01
  -2.4148828e+01
  -1.5883413e+01
  -1.4987486e+01
  -2.1234608e+01
  -1.6074926e+01
  -1.8891684e+01
  -2.8236115e+01
  -1.8074096e+01
  -2.1125007e+01
  -2.2294022e+01
  -1.9616606e+01
  -3.3466352e+01
  -1.8034039e+01
  -1.8869896e+01
  -1.8389463e+01
  -1.6498367e+01
  -2.5115730e+01
  -2.0373268e+01
  -2.1175145e+01
  -3.3042124e+01
  -1.7941129e+01
  -1.7913163e+01
  -2.4769561e+01
  -1.6312120e+01
  -2.2474065e+01
  -1.9369784e+01
  -1.4841648e+01
  -2.0530954e+01
  -2.2854459e+01
  -1.7104346e+01
  -2.3942251e+01
  -1.7354474e+01
  -1.6771002e+01
  -2.5363719e+01
  -1.7117289e+01
  -1.8715804e+01
  -3.1805071e+01
  -2.2952669e+01
  -2.3835115e+01
  -2.4037646e+01
  -1.6471527e+01
  -2.0000459e+01
  -2.1859785e+01
  -1.6386567e+01
  -1.8971909e+01
  -2.6867237e+01
  -2.3600463e+01
  -2.3590671e+01
  -3.1008930e+01
  -2.5954163e+01
  -2.1501678e+01
  -2.3712979e+01
  -2.6779663e+01
  -2.4521045e+01
  -2.2458865e+01
  -2.4847161e+01
  -3.2894254e+01
  -1.9739804e+01
  -1.9754544e+01
  -3.3071944e+01
  -2.2748795e+01
  -2.6659042e+01
  -2.3062368e+01
  -1.6700995e+01
  -1.9709146e+01
  -3.1371784e+01
  -1.9152252e+01
  -2.1745625e+01
  -1.8559449e+01
  -1.7195116e+01
  -2.4478446e+01
