   0.0000000e+00
  -5.3393104e-01
  -1.8376773e+00
  -2.8366221e+00
  -3.6039585e+00
  -4.5466905e+00
  -5.3932574e+00
  -6.2420628e+00
  -7.2097512e+00
  -8.0102286e+00
  -8.8729947e+00
  -9.8321314e+00
  -1.0580823e+01
  -1.1479796e+01
  -1.2551581e+01
  -1.3183232e+01
  -1.3708404e+01
  -1.4701058e+01
  -1.5466383e+01
  -1.5918761e+01
  -1.6262908e+01
  -1.6781869e+01
  -1.7598445e+01
  -1.8314828e+01
  -1.9121122e+01
  -2.0041571e+01
  -2.0877052e+01
  -2.1714384e+01
  -2.2612862e+01
  -2.3457733e+01
  -2.4304147e+01
  -2.5231725e+01
  -2.6183002e+01
  -2.7138045e+01
  -2.8110867e+01
  -2.9082639e+01
  -3.0043246e+01
  -3.0997205e+01
  -3.1927217e+01
  -3.2830074e+01
  -3.3737546e+01
  -3.4661116e+01
  -3.5587203e+01
  -3.6502891e+01
  -3.7409934e+01
  -3.8332954e+01
  -3.9274282e+01
  -4.0203429e+01
  -4.1125274e+01
  -4.2072883e+01
  -4.3036170e+01
  -4.3995558e+01
  -4.4958528e+01
  -4.5912278e+01
  -4.6824553e+01
  -4.7707621e+01
  -4.8591321e+01
  -4.9472655e+01
  -5.0353523e+01
  -5.1226483e+01
  -5.2068703e+01
  -5.2893352e+01
  -5.3706722e+01
  -5.4498379e+01
  -5.5288945e+01
  -5.6063297e+01
  -5.6824165e+01
  -5.7608940e+01
  -5.8359007e+01
  -5.9059182e+01
  -5.9765893e+01
  -6.0460790e+01
  -6.1184950e+01
  -6.1927056e+01
  -6.2652088e+01
  -6.3418120e+01
  -6.4193146e+01
  -6.4966437e+01
  -6.5782688e+01
  -6.6599239e+01
  -6.7417543e+01
  -6.8264458e+01
  -6.9108830e+01
  -6.9966894e+01
  -7.0842209e+01
  -7.1702583e+01
  -7.2586306e+01
  -7.3492066e+01
  -7.4376034e+01
  -7.5277081e+01
  -7.6188714e+01
  -7.7063173e+01
  -7.7969548e+01
  -7.8911554e+01
  -7.9825418e+01
  -8.0762754e+01
  -8.1727353e+01
  -8.2658770e+01
  -8.3606902e+01
  -8.4574799e+01
  -8.5491505e+01
  -8.6407105e+01
  -8.7351187e+01
  -8.8267500e+01
  -8.9186276e+01
  -9.0121219e+01
  -9.1022660e+01
  -9.1922130e+01
  -9.2834553e+01
  -9.3721663e+01
  -9.4620083e+01
  -9.5533910e+01
  -9.6416567e+01
  -9.7306294e+01
  -9.8209895e+01
  -9.9084700e+01
  -9.9980983e+01
  -1.0090638e+02
  -1.0180597e+02
  -1.0272425e+02
  -1.0367403e+02
  -1.0459074e+02
  -1.0553544e+02
  -1.0656902e+02
  -1.0772235e+02
  -1.1076523e+02
  -1.1212973e+02
  -1.1325574e+02
  -1.1428377e+02
  -1.1524901e+02
  -1.1622901e+02
  -1.1719325e+02
  -1.1813051e+02
  -1.1906261e+02
  -1.1990455e+02
  -1.2062508e+02
  -1.2129545e+02
  -1.2173845e+02
  -1.2223907e+02
  -1.2296764e+02
  -1.2378934e+02
  -1.2467892e+02
  -1.2554636e+02
  -1.2638552e+02
  -1.2725791e+02
  -1.2811175e+02
  -1.2894986e+02
  -1.2981599e+02
  -1.3065265e+02
  -1.3148495e+02
  -1.3235780e+02
  -1.3320189e+02
  -1.3404315e+02
  -1.3492229e+02
  -1.3576806e+02
  -1.3661146e+02
  -1.3749104e+02
  -1.3833724e+02
  -1.3918783e+02
  -1.4007809e+02
  -1.4093747e+02
  -1.4180117e+02
  -1.4269902e+02
  -1.4356865e+02
  -1.4444897e+02
  -1.4536109e+02
  -1.4624354e+02
  -1.4713724e+02
  -1.4805660e+02
  -1.4894560e+02
  -1.4985731e+02
  -1.5079669e+02
  -1.5169470e+02
  -1.5261391e+02
  -1.5356593e+02
  -1.5447328e+02
  -1.5539951e+02
  -1.5636100e+02
  -1.5727908e+02
  -1.5821737e+02
  -1.5919015e+02
  -1.6010329e+02
  -1.6102015e+02
  -1.6197361e+02
  -1.6287899e+02
  -1.6380209e+02
  -1.6477051e+02
  -1.6568639e+02
  -1.6660176e+02
  -1.6754801e+02
  -1.6843652e+02
  -1.6934329e+02
  -1.7030257e+02
  -1.7120925e+02
  -1.7213136e+02
  -1.7310252e+02
  -1.7400953e+02
  -1.7493112e+02
  -1.7591986e+02
  -1.7685362e+02
  -1.7780207e+02
  -1.7882122e+02
  -1.7977170e+02
  -1.8072131e+02
  -1.8174850e+02
  -1.8270398e+02
  -1.8364119e+02
  -1.8466324e+02
  -1.8562444e+02
  -1.8654322e+02
  -1.8752056e+02
  -1.8844868e+02
  -1.8935257e+02
  -1.9031960e+02
  -1.9124171e+02
  -1.9213276e+02
  -1.9307873e+02
  -1.9399009e+02
  -1.9487599e+02
  -1.9581648e+02
  -1.9672583e+02
  -1.9760764e+02
  -1.9855101e+02
  -1.9948778e+02
  -2.0039643e+02
  -2.0134084e+02
  -2.0227990e+02
  -2.0320547e+02
  -2.0415812e+02
  -2.0504066e+02
  -2.0582504e+02
  -2.0664795e+02
  -2.0744045e+02
  -2.0824670e+02
  -2.0915396e+02
  -2.1001364e+02
  -2.1085804e+02
  -2.1176840e+02
  -2.1261462e+02
  -2.1347644e+02
  -2.1442765e+02
  -2.1528745e+02
  -2.1614475e+02
  -2.1708895e+02
  -2.1791014e+02
  -2.1878851e+02
  -2.1980777e+02
  -2.2061886e+02
  -2.2155046e+02
  -2.2290847e+02
  -2.2422754e+02
  -2.2533154e+02
  -2.2716516e+02
  -2.2869615e+02
  -2.2958101e+02
  -2.3043019e+02
  -2.3148711e+02
  -2.3232469e+02
  -2.3318620e+02
  -2.3423371e+02
  -2.3512363e+02
  -2.3599037e+02
  -2.3698443e+02
  -2.3784938e+02
  -2.3872651e+02
  -2.3974315e+02
  -2.4064706e+02
  -2.4152317e+02
  -2.4249306e+02
  -2.4333507e+02
  -2.4418982e+02
  -2.4517549e+02
  -2.4606557e+02
  -2.4697238e+02
  -2.4798014e+02
  -2.4886525e+02
  -2.4973005e+02
  -2.5069538e+02
  -2.5157893e+02
  -2.5246967e+02
  -2.5343656e+02
  -2.5429136e+02
  -2.5518169e+02
  -2.5615329e+02
  -2.5698919e+02
  -2.5786296e+02
  -2.5885035e+02
  -2.5972391e+02
  -2.6062254e+02
  -2.6161272e+02
  -2.6248029e+02
  -2.6336860e+02
  -2.6436803e+02
  -2.6526333e+02
  -2.6616823e+02
  -2.6716867e+02
  -2.6804111e+02
  -2.6894079e+02
  -2.6996658e+02
  -2.7085609e+02
  -2.7177458e+02
  -2.7286068e+02
  -2.7378825e+02
  -2.7469037e+02
  -2.7578847e+02
  -2.7677036e+02
  -2.7768963e+02
  -2.7880255e+02
  -2.7980688e+02
  -2.8069799e+02
  -2.8176354e+02
  -2.8276809e+02
  -2.8364721e+02
  -2.8469054e+02
  -2.8571028e+02
  -2.8656705e+02
  -2.8754278e+02
  -2.8856719e+02
  -2.8950900e+02
  -2.9052552e+02
  -2.9155954e+02
  -2.9243069e+02
  -2.9331343e+02
  -2.9420970e+02
  -2.9495884e+02
  -2.9583233e+02
  -2.9674185e+02
  -2.9756268e+02
  -2.9851848e+02
  -2.9945283e+02
  -3.0027415e+02
  -3.0124448e+02
  -3.0221598e+02
  -3.0307173e+02
  -3.0405996e+02
  -3.0504442e+02
  -3.0588120e+02
  -3.0682605e+02
  -3.0778419e+02
  -3.0863682e+02
  -3.0963688e+02
  -3.1063381e+02
  -3.1148700e+02
  -3.1246675e+02
  -3.1345232e+02
  -3.1429907e+02
  -3.1528259e+02
  -3.1631146e+02
  -3.1720161e+02
  -3.1814906e+02
  -3.1911753e+02
  -3.1997484e+02
  -3.2092803e+02
  -3.2190329e+02
  -3.2274701e+02
  -3.2368988e+02
  -3.2466180e+02
  -3.2550229e+02
  -3.2642838e+02
  -3.2740638e+02
  -3.2827999e+02
  -3.2922037e+02
  -3.3016710e+02
  -3.3099616e+02
  -3.3193433e+02
  -3.3289043e+02
  -3.3372296e+02
  -3.3469891e+02
  -3.3570455e+02
  -3.3653979e+02
  -3.3748928e+02
  -3.3848423e+02
  -3.3932574e+02
  -3.4031149e+02
  -3.4137787e+02
  -3.4223263e+02
  -3.4317805e+02
  -3.4421795e+02
  -3.4502884e+02
  -3.4593468e+02
  -3.4701102e+02
  -3.4788952e+02
  -3.4880416e+02
  -3.4986327e+02
  -3.5071205e+02
  -3.5163636e+02
  -3.5273154e+02
  -3.5363987e+02
  -3.5457739e+02
  -3.5566701e+02
  -3.5657585e+02
  -3.5751342e+02
  -3.5864940e+02
  -3.5962339e+02
  -3.6053826e+02
  -3.6165644e+02
  -3.6256706e+02
  -3.6337060e+02
  -3.6446600e+02
  -3.6542130e+02
  -3.6621905e+02
  -3.6730923e+02
  -3.6827002e+02
  -3.6906264e+02
  -3.7009284e+02
  -3.7101767e+02
  -3.7181620e+02
  -3.7285971e+02
  -3.7387239e+02
  -3.7475700e+02
  -3.7574952e+02
  -3.7671618e+02
  -3.7760283e+02
  -3.7859946e+02
  -3.7954101e+02
  -3.8036198e+02
  -3.8131640e+02
  -3.8223989e+02
  -3.8304489e+02
  -3.8399497e+02
  -3.8494533e+02
  -3.8578577e+02
  -3.8669375e+02
  -3.8755534e+02
  -3.8837911e+02
  -3.8934616e+02
  -3.9027566e+02
  -3.9112993e+02
  -3.9209367e+02
  -3.9302266e+02
  -3.9388176e+02
  -3.9482955e+02
  -3.9574376e+02
  -3.9662201e+02
  -3.9760876e+02
  -3.9852777e+02
  -3.9936783e+02
  -4.0032526e+02
  -4.0122715e+02
  -4.0207195e+02
  -4.0305284e+02
  -4.0396909e+02
  -4.0481048e+02
  -4.0580650e+02
  -4.0674567e+02
  -4.0759261e+02
  -4.0858252e+02
  -4.0952313e+02
  -4.1036846e+02
  -4.1136565e+02
  -4.1227219e+02
  -4.1308916e+02
  -4.1410578e+02
  -4.1504957e+02
  -4.1587898e+02
  -4.1690491e+02
  -4.1783817e+02
  -4.1864726e+02
  -4.1968938e+02
  -4.2061012e+02
  -4.2134904e+02
  -4.2242635e+02
  -4.2340092e+02
  -4.2416427e+02
  -4.2524053e+02
  -4.2617155e+02
  -4.2689833e+02
  -4.2804876e+02
  -4.2913550e+02
  -4.2990642e+02
  -4.3101541e+02
  -4.3212763e+02
  -4.3292010e+02
  -4.3402998e+02
  -4.3526893e+02
  -4.3604407e+02
  -4.3705120e+02
  -4.3822893e+02
  -4.3891780e+02
  -4.3981975e+02
  -4.4104171e+02
  -4.4192128e+02
  -4.4275098e+02
  -4.4378399e+02
  -4.4459928e+02
  -4.4554604e+02
  -4.4661307e+02
  -4.4742429e+02
  -4.4841329e+02
  -4.4955445e+02
  -4.5036774e+02
  -4.5118291e+02
  -4.5221219e+02
  -4.5296922e+02
  -4.5385398e+02
  -4.5492657e+02
  -4.5567812e+02
  -4.5659816e+02
  -4.5766702e+02
  -4.5838636e+02
  -4.5930579e+02
  -4.6046466e+02
  -4.6131481e+02
  -4.6222249e+02
  -4.6335970e+02
  -4.6410917e+02
  -4.6491327e+02
  -4.6615182e+02
  -4.6709805e+02
  -4.6793475e+02
  -4.6913833e+02
  -4.6987098e+02
  -4.7063914e+02
  -4.7227276e+02
  -4.7498199e+02
  -4.7309355e+02
  -4.7546811e+02
  -4.7712254e+02
  -4.7751010e+02
  -4.7902412e+02
  -4.8074732e+02
  -4.8140395e+02
  -4.8209803e+02
  -4.8341419e+02
  -4.8424367e+02
  -4.8494596e+02
  -4.8623398e+02
  -4.8731410e+02
  -4.8805258e+02
  -4.8902779e+02
  -4.8985565e+02
  -4.9067765e+02
  -4.9178118e+02
  -4.9268926e+02
  -4.9346539e+02
  -4.9449625e+02
  -4.9536550e+02
  -4.9614971e+02
  -4.9718241e+02
  -4.9809162e+02
  -4.9889590e+02
  -4.9990040e+02
  -5.0081159e+02
  -5.0164453e+02
  -5.0263258e+02
  -5.0354261e+02
  -5.0440433e+02
  -5.0538711e+02
  -5.0628463e+02
  -5.0715760e+02
  -5.0813565e+02
  -5.0900529e+02
  -5.0986591e+02
  -5.1086364e+02
  -5.1175661e+02
  -5.1261580e+02
  -5.1358268e+02
  -5.1444642e+02
  -5.1530051e+02
  -5.1627931e+02
  -5.1714575e+02
  -5.1799909e+02
  -5.1898483e+02
  -5.1988372e+02
  -5.2076369e+02
  -5.2175655e+02
  -5.2267640e+02
  -5.2355683e+02
  -5.2451996e+02
  -5.2539582e+02
  -5.2627462e+02
  -5.2726033e+02
  -5.2814409e+02
  -5.2900069e+02
  -5.2998651e+02
  -5.3089146e+02
  -5.3175762e+02
  -5.3272526e+02
  -5.3360095e+02
  -5.3446570e+02
  -5.3545936e+02
  -5.3637211e+02
  -5.3724639e+02
  -5.3821999e+02
  -5.3911624e+02
  -5.4000034e+02
  -5.4099946e+02
  -5.4192279e+02
  -5.4281419e+02
  -5.4380317e+02
  -5.4468976e+02
  -5.4554263e+02
  -5.4651858e+02
  -5.4740702e+02
  -5.4827860e+02
  -5.4928070e+02
  -5.5020848e+02
  -5.5111840e+02
  -5.5214074e+02
  -5.5307659e+02
  -5.5397851e+02
  -5.5501304e+02
  -5.5594546e+02
  -5.5680997e+02
  -5.5783216e+02
  -5.5876587e+02
  -5.5960955e+02
  -5.6063422e+02
  -5.6159376e+02
  -5.6247956e+02
  -5.6352852e+02
  -5.6449421e+02
  -5.6534601e+02
  -5.6640556e+02
  -5.6740892e+02
  -5.6823178e+02
  -5.6924794e+02
  -5.7020037e+02
  -5.7095517e+02
  -5.7198332e+02
  -5.7300811e+02
  -5.7378148e+02
  -5.7474685e+02
  -5.7573901e+02
  -5.7655872e+02
  -5.7752972e+02
  -5.7853408e+02
  -5.7939878e+02
  -5.8040925e+02
  -5.8141098e+02
  -5.8221949e+02
  -5.8314239e+02
  -5.8403542e+02
  -5.8480557e+02
  -5.8580183e+02
  -5.8676481e+02
  -5.8759116e+02
  -5.8859469e+02
  -5.8953695e+02
  -5.9031340e+02
  -5.9132999e+02
  -5.9234896e+02
  -5.9316491e+02
  -5.9412297e+02
  -5.9505744e+02
  -5.9586617e+02
  -5.9688295e+02
  -5.9785111e+02
  -5.9863756e+02
  -5.9967912e+02
  -6.0062112e+02
  -6.0129034e+02
  -6.0229495e+02
  -6.0325234e+02
  -6.0393522e+02
  -6.0503251e+02
  -6.0608502e+02
  -6.0669431e+02
  -6.0768352e+02
  -6.0842885e+02
  -6.0888750e+02
  -6.1007134e+02
  -6.1007183e+02
  -6.1096363e+02
  -6.1220420e+02
  -6.1251828e+02
  -6.1361342e+02
  -6.1467129e+02
  -6.1488215e+02
  -6.1606064e+02
  -6.1698088e+02
  -6.1713017e+02
  -6.1846043e+02
  -6.1931831e+02
  -6.1969820e+02
  -6.2075976e+02
  -6.2133321e+02
  -6.2207295e+02
  -6.2320612e+02
  -6.2398507e+02
  -6.2486558e+02
  -6.2590796e+02
  -6.2670602e+02
  -6.2760573e+02
  -6.2866169e+02
  -6.2954033e+02
  -6.3046999e+02
  -6.3151858e+02
  -6.3235979e+02
  -6.3321837e+02
  -6.3421544e+02
  -6.3507598e+02
  -6.3598763e+02
  -6.3700534e+02
  -6.3782847e+02
  -6.3869725e+02
  -6.3971214e+02
  -6.4058443e+02
  -6.4145303e+02
  -6.4246280e+02
  -6.4337230e+02
  -6.4425354e+02
  -6.4520157e+02
  -6.4603158e+02
  -6.4691534e+02
  -6.4789600e+02
  -6.4877223e+02
  -6.4971016e+02
  -6.5071732e+02
  -6.5154944e+02
  -6.5242805e+02
  -6.5341827e+02
  -6.5424509e+02
  -6.5511605e+02
  -6.5611366e+02
  -6.5694525e+02
  -6.5779901e+02
  -6.5878399e+02
  -6.5965335e+02
  -6.6054731e+02
  -6.6154655e+02
  -6.6245262e+02
  -6.6337639e+02
  -6.6437486e+02
  -6.6527119e+02
  -6.6617451e+02
  -6.6716475e+02
  -6.6806094e+02
  -6.6896066e+02
  -6.6992934e+02
  -6.7078480e+02
  -6.7166658e+02
  -6.7262698e+02
  -6.7345916e+02
  -6.7434901e+02
  -6.7534475e+02
  -6.7621574e+02
  -6.7710728e+02
  -6.7810182e+02
  -6.7899054e+02
  -6.7987886e+02
  -6.8087601e+02
  -6.8179371e+02
  -6.8268181e+02
  -6.8363173e+02
  -6.8452491e+02
  -6.8544228e+02
  -6.8640655e+02
  -6.8728833e+02
  -6.8821952e+02
  -6.8920724e+02
  -6.9008036e+02
  -6.9098676e+02
  -6.9198461e+02
  -6.9289690e+02
  -6.9382364e+02
  -6.9480160e+02
  -6.9565421e+02
  -6.9652133e+02
  -6.9748238e+02
  -6.9837480e+02
  -6.9932495e+02
  -7.0034233e+02
  -7.0122873e+02
  -7.0212718e+02
  -7.0312659e+02
  -7.0404978e+02
  -7.0498028e+02
  -7.0598613e+02
  -7.0688218e+02
  -7.0777173e+02
  -7.0874965e+02
  -7.0962862e+02
  -7.1051880e+02
  -7.1151093e+02
  -7.1239016e+02
  -7.1327881e+02
  -7.1426292e+02
  -7.1512299e+02
  -7.1600500e+02
  -7.1701605e+02
  -7.1792658e+02
  -7.1883287e+02
  -7.1984293e+02
  -7.2072518e+02
  -7.2160724e+02
  -7.2259946e+02
  -7.2347177e+02
  -7.2438946e+02
  -7.2542885e+02
  -7.2624039e+02
  -7.2708500e+02
  -7.2816260e+02
  -7.2904059e+02
  -7.2986025e+02
  -7.3094911e+02
  -7.3184410e+02
  -7.3258862e+02
  -7.3361952e+02
  -7.3455824e+02
  -7.3534953e+02
  -7.3631054e+02
  -7.3724592e+02
  -7.3823116e+02
  -7.3929181e+02
  -7.4002522e+02
  -7.4084029e+02
  -7.4196286e+02
  -7.4272685e+02
  -7.4345911e+02
  -7.4458519e+02
  -7.4529321e+02
  -7.4594230e+02
  -7.4694784e+02
  -7.4766915e+02
  -7.4860502e+02
  -7.4974730e+02
  -7.5051219e+02
  -7.5144643e+02
  -7.5237031e+02
  -7.5272267e+02
  -7.5376105e+02
  -7.5472944e+02
  -7.5497812e+02
  -7.5621452e+02
  -7.5730479e+02
  -7.5764716e+02
  -7.5878656e+02
  -7.5979321e+02
  -7.6017349e+02
  -7.6111754e+02
  -7.6168872e+02
  -7.6228136e+02
  -7.6327038e+02
  -7.6382430e+02
  -7.6484235e+02
  -7.6589247e+02
  -7.6647418e+02
  -7.6748343e+02
  -7.6858414e+02
  -7.6935977e+02
  -7.7032021e+02
  -7.7128243e+02
  -7.7192518e+02
  -7.7291145e+02
  -7.7393312e+02
  -7.7462679e+02
  -7.7561251e+02
  -7.7666487e+02
  -7.7744701e+02
  -7.7835775e+02
  -7.7933465e+02
  -7.8015403e+02
  -7.8112272e+02
  -7.8209602e+02
  -7.8286714e+02
  -7.8381510e+02
  -7.8476312e+02
  -7.8551349e+02
  -7.8645669e+02
  -7.8744584e+02
  -7.8831021e+02
  -7.8927498e+02
  -7.9022655e+02
  -7.9106663e+02
  -7.9204296e+02
  -7.9301356e+02
  -7.9383309e+02
  -7.9478636e+02
  -7.9575125e+02
  -7.9657198e+02
  -7.9751086e+02
  -7.9845077e+02
  -7.9926252e+02
  -8.0022410e+02
  -8.0119546e+02
  -8.0203512e+02
  -8.0301334e+02
  -8.0398507e+02
  -8.0478361e+02
  -8.0574199e+02
  -8.0673052e+02
  -8.0751999e+02
  -8.0843012e+02
  -8.0940217e+02
  -8.1023470e+02
  -8.1116907e+02
  -8.1213626e+02
  -8.1298756e+02
  -8.1395610e+02
  -8.1493923e+02
  -8.1578035e+02
  -8.1672664e+02
  -8.1769197e+02
  -8.1853188e+02
  -8.1949467e+02
  -8.2046248e+02
  -8.2127681e+02
  -8.2223991e+02
  -8.2324361e+02
  -8.2409959e+02
  -8.2507733e+02
  -8.2607853e+02
  -8.2689744e+02
  -8.2783005e+02
  -8.2881947e+02
  -8.2964669e+02
  -8.3057782e+02
  -8.3157894e+02
  -8.3243999e+02
  -8.3337560e+02
  -8.3433958e+02
  -8.3516833e+02
  -8.3613011e+02
  -8.3713563e+02
  -8.3797320e+02
  -8.3890755e+02
  -8.3991004e+02
  -8.4075563e+02
  -8.4165965e+02
  -8.4263961e+02
  -8.4351944e+02
  -8.4447848e+02
  -8.4547417e+02
  -8.4632909e+02
  -8.4726578e+02
  -8.4828599e+02
  -8.4917599e+02
  -8.5010804e+02
  -8.5110686e+02
  -8.5198144e+02
  -8.5289482e+02
  -8.5386616e+02
  -8.5469890e+02
  -8.5562938e+02
  -8.5668306e+02
  -8.5759410e+02
  -8.5849332e+02
  -8.5944472e+02
  -8.6027089e+02
  -8.6119515e+02
  -8.6220725e+02
  -8.6306322e+02
  -8.6397055e+02
  -8.6496856e+02
  -8.6584979e+02
  -8.6677900e+02
  -8.6780658e+02
  -8.6872354e+02
  -8.6965096e+02
  -8.7065094e+02
  -8.7152798e+02
  -8.7243477e+02
  -8.7339005e+02
  -8.7417497e+02
  -8.7507549e+02
  -8.7607414e+02
  -8.7684977e+02
  -8.7774960e+02
  -8.7874034e+02
  -8.7955260e+02
  -8.8048135e+02
  -8.8143743e+02
  -8.8220081e+02
  -8.8324496e+02
  -8.8426901e+02
  -8.8484371e+02
  -8.8587564e+02
  -8.8696727e+02
  -8.8721825e+02
  -8.8829628e+02
  -8.8949593e+02
  -8.9000802e+02
  -8.9100366e+02
  -8.9195041e+02
  -8.9186042e+02
  -8.9298135e+02
  -8.9379185e+02
  -8.9439103e+02
  -8.9549442e+02
  -8.9626717e+02
  -8.9713760e+02
  -8.9828489e+02
  -8.9902555e+02
  -8.9975109e+02
  -9.0067098e+02
  -9.0104313e+02
  -9.0201898e+02
  -9.0307366e+02
  -9.0364836e+02
  -9.0457924e+02
  -9.0557183e+02
  -9.0631043e+02
  -9.0730950e+02
  -9.0830447e+02
  -9.0909670e+02
  -9.1002933e+02
  -9.1089123e+02
  -9.1170382e+02
  -9.1275548e+02
  -9.1365578e+02
  -9.1435645e+02
  -9.1537444e+02
  -9.1632758e+02
  -9.1708745e+02
  -9.1807381e+02
  -9.1898710e+02
  -9.1979808e+02
  -9.2084533e+02
  -9.2181180e+02
  -9.2257747e+02
  -9.2353579e+02
  -9.2446247e+02
  -9.2527988e+02
  -9.2628420e+02
  -9.2722811e+02
  -9.2799891e+02
  -9.2897209e+02
  -9.2997841e+02
  -9.3086164e+02
  -9.3180807e+02
  -9.3271304e+02
  -9.3352402e+02
  -9.3447291e+02
  -9.3540400e+02
  -9.3627249e+02
  -9.3726363e+02
  -9.3820438e+02
  -9.3904055e+02
  -9.3998424e+02
  -9.4088263e+02
  -9.4176087e+02
  -9.4278949e+02
  -9.4375522e+02
  -9.4460152e+02
  -9.4556636e+02
  -9.4653097e+02
  -9.4742430e+02
  -9.4838902e+02
  -9.4932925e+02
  -9.5025033e+02
  -9.5126782e+02
  -9.5218496e+02
  -9.5300095e+02
  -9.5398948e+02
  -9.5496153e+02
  -9.5581140e+02
  -9.5677321e+02
  -9.5771993e+02
  -9.5856412e+02
  -9.5952457e+02
  -9.6047617e+02
  -9.6132824e+02
  -9.6229469e+02
  -9.6324634e+02
  -9.6407847e+02
  -9.6501118e+02
  -9.6593600e+02
  -9.6677367e+02
  -9.6772619e+02
  -9.6868882e+02
  -9.6958296e+02
  -9.7053004e+02
  -9.7141453e+02
  -9.7226131e+02
  -9.7324621e+02
  -9.7416400e+02
  -9.7497437e+02
  -9.7595570e+02
  -9.7693144e+02
  -9.7779572e+02
  -9.7873629e+02
  -9.7968729e+02
  -9.8062428e+02
  -9.8164432e+02
  -9.8258484e+02
  -9.8344103e+02
  -9.8441176e+02
  -9.8530665e+02
  -9.8614579e+02
  -9.8716503e+02
  -9.8806707e+02
  -9.8886399e+02
  -9.8991355e+02
  -9.9083574e+02
  -9.9155486e+02
  -9.9257585e+02
  -9.9357814e+02
  -9.9438852e+02
  -9.9536273e+02
  -9.9625979e+02
  -9.9704180e+02
  -9.9807771e+02
  -9.9905272e+02
  -9.9979858e+02
  -1.0008108e+03
  -1.0018311e+03
  -1.0026135e+03
  -1.0035396e+03
  -1.0044866e+03
  -1.0053511e+03
  -1.0063497e+03
  -1.0072717e+03
  -1.0080604e+03
  -1.0090417e+03
  -1.0099212e+03
  -1.0106519e+03
  -1.0116979e+03
  -1.0127301e+03
  -1.0135140e+03
  -1.0144701e+03
  -1.0154401e+03
  -1.0162883e+03
  -1.0172316e+03
  -1.0181347e+03
  -1.0190435e+03
  -1.0200956e+03
  -1.0209933e+03
  -1.0218296e+03
  -1.0228853e+03
  -1.0237463e+03
  -1.0245126e+03
  -1.0256096e+03
  -1.0264938e+03
  -1.0272018e+03
  -1.0283455e+03
  -1.0293379e+03
  -1.0299721e+03
  -1.0313043e+03
  -1.0324193e+03
  -1.0325255e+03
  -1.0341028e+03
  -1.0362698e+03
  -1.0333822e+03
  -1.0345927e+03
  -1.0349116e+03
  -1.0357939e+03
  -1.0362534e+03
  -1.0373555e+03
  -1.0386803e+03
  -1.0394749e+03
  -1.0402567e+03
  -1.0413813e+03
  -1.0421340e+03
  -1.0429372e+03
  -1.0441165e+03
  -1.0450801e+03
  -1.0458964e+03
  -1.0468498e+03
  -1.0476171e+03
  -1.0484901e+03
  -1.0495363e+03
  -1.0503646e+03
  -1.0512927e+03
  -1.0523725e+03
  -1.0530853e+03
  -1.0538953e+03
  -1.0549941e+03
  -1.0559267e+03
  -1.0567984e+03
  -1.0578573e+03
  -1.0587497e+03
  -1.0595902e+03
  -1.0606130e+03
  -1.0614883e+03
  -1.0623010e+03
  -1.0633067e+03
  -1.0642381e+03
  -1.0651308e+03
  -1.0661003e+03
  -1.0669552e+03
  -1.0678835e+03
  -1.0689290e+03
  -1.0697925e+03
  -1.0706779e+03
  -1.0717231e+03
  -1.0725805e+03
  -1.0734156e+03
  -1.0744240e+03
  -1.0752668e+03
  -1.0761468e+03
  -1.0772398e+03
  -1.0781619e+03
  -1.0789648e+03
  -1.0799643e+03
  -1.0808555e+03
  -1.0816984e+03
  -1.0826958e+03
  -1.0835677e+03
  -1.0844427e+03
  -1.0854657e+03
  -1.0863468e+03
  -1.0871937e+03
  -1.0882036e+03
  -1.0890957e+03
  -1.0899685e+03
  -1.0909843e+03
  -1.0918446e+03
  -1.0926741e+03
  -1.0936399e+03
  -1.0944679e+03
  -1.0953331e+03
  -1.0963309e+03
  -1.0971872e+03
  -1.0980967e+03
  -1.0991601e+03
  -1.1000432e+03
  -1.1008820e+03
  -1.1018840e+03
  -1.1027556e+03
  -1.1036082e+03
  -1.1045900e+03
  -1.1054539e+03
  -1.1063752e+03
  -1.1074467e+03
  -1.1083268e+03
  -1.1091689e+03
  -1.1102094e+03
  -1.1111392e+03
  -1.1120085e+03
  -1.1130499e+03
  -1.1139681e+03
  -1.1147916e+03
  -1.1157964e+03
  -1.1166707e+03
  -1.1174752e+03
  -1.1184783e+03
  -1.1193704e+03
  -1.1202071e+03
  -1.1212220e+03
  -1.1221015e+03
  -1.1229641e+03
  -1.1240230e+03
  -1.1249455e+03
  -1.1257570e+03
  -1.1267725e+03
  -1.1277041e+03
  -1.1285400e+03
  -1.1295685e+03
  -1.1305350e+03
  -1.1313518e+03
  -1.1323242e+03
  -1.1332754e+03
  -1.1341641e+03
  -1.1351578e+03
  -1.1360771e+03
  -1.1369077e+03
  -1.1378939e+03
  -1.1388811e+03
  -1.1397995e+03
  -1.1407428e+03
  -1.1415854e+03
  -1.1424879e+03
  -1.1435506e+03
  -1.1444633e+03
  -1.1452943e+03
  -1.1463050e+03
  -1.1470975e+03
  -1.1478451e+03
  -1.1489526e+03
  -1.1499512e+03
  -1.1507636e+03
  -1.1518471e+03
  -1.1527660e+03
  -1.1534969e+03
  -1.1545512e+03
  -1.1554135e+03
  -1.1560724e+03
  -1.1571977e+03
  -1.1581392e+03
  -1.1588082e+03
  -1.1598894e+03
  -1.1607112e+03
  -1.1613373e+03
  -1.1626424e+03
  -1.1639065e+03
  -1.1643402e+03
  -1.1653716e+03
  -1.1657591e+03
  -1.1666765e+03
  -1.1682731e+03
  -1.1652474e+03
  -1.1624754e+03
  -1.1598291e+03
  -1.1615503e+03
  -1.1632905e+03
  -1.1626805e+03
  -1.1649205e+03
  -1.1663343e+03
  -1.1665482e+03
  -1.1675929e+03
  -1.1687246e+03
  -1.1695358e+03
  -1.1705768e+03
  -1.1715530e+03
  -1.1720398e+03
  -1.1731247e+03
  -1.1741735e+03
  -1.1747566e+03
  -1.1757943e+03
  -1.1768854e+03
  -1.1776980e+03
  -1.1786229e+03
  -1.1794823e+03
  -1.1802291e+03
  -1.1813168e+03
  -1.1823722e+03
  -1.1831525e+03
  -1.1841025e+03
  -1.1849672e+03
  -1.1857692e+03
  -1.1868932e+03
  -1.1879484e+03
  -1.1886466e+03
  -1.1896795e+03
  -1.1906911e+03
  -1.1914127e+03
  -1.1923946e+03
  -1.1933952e+03
  -1.1941516e+03
  -1.1951043e+03
  -1.1960711e+03
  -1.1968587e+03
  -1.1978237e+03
  -1.1987085e+03
  -1.1995493e+03
  -1.2006883e+03
  -1.2017620e+03
  -1.2024746e+03
  -1.2034609e+03
  -1.2045353e+03
  -1.2053615e+03
  -1.2062856e+03
  -1.2073043e+03
  -1.2082020e+03
  -1.2091641e+03
  -1.2101020e+03
  -1.2109308e+03
  -1.2119742e+03
  -1.2130402e+03
  -1.2138888e+03
  -1.2148838e+03
  -1.2159276e+03
  -1.2167554e+03
  -1.2176415e+03
  -1.2186174e+03
  -1.2195073e+03
  -1.2205343e+03
  -1.2215807e+03
  -1.2223791e+03
  -1.2232906e+03
  -1.2243091e+03
  -1.2251302e+03
  -1.2259962e+03
  -1.2270018e+03
  -1.2279043e+03
  -1.2288248e+03
  -1.2297820e+03
  -1.2306538e+03
  -1.2316179e+03
  -1.2326217e+03
  -1.2334493e+03
  -1.2343424e+03
  -1.2353182e+03
  -1.2361829e+03
  -1.2371154e+03
  -1.2380572e+03
  -1.2388611e+03
  -1.2398468e+03
  -1.2408975e+03
  -1.2417481e+03
  -1.2426572e+03
  -1.2436650e+03
  -1.2445504e+03
  -1.2454877e+03
  -1.2464836e+03
  -1.2473364e+03
  -1.2482752e+03
  -1.2492976e+03
  -1.2501759e+03
  -1.2511488e+03
  -1.2522261e+03
  -1.2531003e+03
  -1.2539751e+03
  -1.2549943e+03
  -1.2558791e+03
  -1.2567797e+03
  -1.2578035e+03
  -1.2586242e+03
  -1.2594780e+03
  -1.2604793e+03
  -1.2612941e+03
  -1.2621830e+03
  -1.2632250e+03
  -1.2640430e+03
  -1.2648940e+03
  -1.2659239e+03
  -1.2667727e+03
  -1.2676748e+03
  -1.2687051e+03
  -1.2694919e+03
  -1.2703767e+03
  -1.2714766e+03
  -1.2723846e+03
  -1.2732415e+03
  -1.2742145e+03
  -1.2749466e+03
  -1.2758580e+03
  -1.2770151e+03
  -1.2779469e+03
  -1.2788385e+03
  -1.2799288e+03
  -1.2807791e+03
  -1.2815676e+03
  -1.2826101e+03
  -1.2835173e+03
  -1.2845182e+03
  -1.2856685e+03
  -1.2865411e+03
  -1.2873757e+03
  -1.2885379e+03
  -1.2893742e+03
  -1.2900029e+03
  -1.2911313e+03
  -1.2920795e+03
  -1.2928003e+03
  -1.2937790e+03
  -1.2945608e+03
  -1.2954132e+03
  -1.2965160e+03
  -1.2973196e+03
  -1.2980965e+03
  -1.2990386e+03
  -1.2996037e+03
  -1.3004520e+03
  -1.3015114e+03
  -1.3020788e+03
  -1.3030714e+03
  -1.3039807e+03
  -1.3041919e+03
  -1.3051899e+03
  -1.3059923e+03
  -1.3064601e+03
  -1.3074407e+03
  -1.3083030e+03
  -1.3090808e+03
  -1.3100417e+03
  -1.3108377e+03
  -1.3117307e+03
  -1.3127993e+03
  -1.3137358e+03
  -1.3146350e+03
  -1.3156334e+03
  -1.3164330e+03
  -1.3172560e+03
  -1.3183140e+03
  -1.3192170e+03
  -1.3199914e+03
  -1.3210032e+03
  -1.3218866e+03
  -1.3226508e+03
  -1.3235951e+03
  -1.3244135e+03
  -1.3252328e+03
  -1.3262348e+03
  -1.3270577e+03
  -1.3279484e+03
  -1.3289985e+03
  -1.3295093e+03
  -1.3301757e+03
  -1.3309461e+03
  -1.3312877e+03
  -1.3322533e+03
  -1.3332016e+03
  -1.3339823e+03
  -1.3350602e+03
  -1.3359905e+03
  -1.3366584e+03
  -1.3376743e+03
  -1.3386593e+03
  -1.3395003e+03
  -1.3405339e+03
  -1.3414249e+03
  -1.3421877e+03
  -1.3432434e+03
  -1.3441165e+03
  -1.3448646e+03
  -1.3459416e+03
  -1.3467856e+03
  -1.3475715e+03
  -1.3486714e+03
  -1.3495859e+03
  -1.3503655e+03
  -1.3514566e+03
  -1.3523995e+03
  -1.3532371e+03
  -1.3543797e+03
  -1.3553516e+03
  -1.3559718e+03
  -1.3569997e+03
  -1.3580772e+03
  -1.3589078e+03
  -1.3598669e+03
  -1.3607978e+03
  -1.3616196e+03
  -1.3626936e+03
  -1.3637462e+03
  -1.3645087e+03
  -1.3654543e+03
  -1.3664323e+03
  -1.3672517e+03
  -1.3682706e+03
  -1.3693059e+03
  -1.3701242e+03
  -1.3710965e+03
  -1.3720996e+03
  -1.3729610e+03
  -1.3739237e+03
  -1.3748565e+03
  -1.3756844e+03
  -1.3766884e+03
  -1.3776788e+03
  -1.3785320e+03
  -1.3795394e+03
  -1.3804315e+03
  -1.3811494e+03
  -1.3821197e+03
  -1.3829977e+03
  -1.3837332e+03
  -1.3847650e+03
  -1.3856566e+03
  -1.3862619e+03
  -1.3871476e+03
  -1.3880210e+03
  -1.3888322e+03
  -1.3897847e+03
  -1.3907155e+03
  -1.3916221e+03
  -1.3925762e+03
  -1.3934382e+03
  -1.3942855e+03
  -1.3952281e+03
  -1.3961223e+03
  -1.3970156e+03
  -1.3979722e+03
  -1.3988698e+03
  -1.3997731e+03
  -1.4007363e+03
  -1.4016591e+03
  -1.4026031e+03
  -1.4035907e+03
  -1.4044899e+03
  -1.4054118e+03
  -1.4064390e+03
  -1.4073751e+03
  -1.4082345e+03
  -1.4092352e+03
  -1.4102116e+03
  -1.4110964e+03
  -1.4120437e+03
  -1.4129193e+03
  -1.4137823e+03
  -1.4148077e+03
  -1.4157251e+03
  -1.4166424e+03
  -1.4178425e+03
  -1.4186764e+03
  -1.4191888e+03
  -1.4206738e+03
  -1.4222368e+03
  -1.4231672e+03
  -1.4243286e+03
  -1.4254895e+03
  -1.4260895e+03
  -1.4272799e+03
  -1.4288071e+03
  -1.4299737e+03
  -1.4307611e+03
  -1.4316910e+03
  -1.4324070e+03
  -1.4333308e+03
  -1.4345158e+03
  -1.4353139e+03
  -1.4361982e+03
  -1.4374789e+03
  -1.4384550e+03
  -1.4390925e+03
  -1.4402096e+03
  -1.4412437e+03
  -1.4420312e+03
  -1.4431702e+03
  -1.4443086e+03
  -1.4451040e+03
  -1.4461312e+03
  -1.4472352e+03
  -1.4480796e+03
  -1.4491170e+03
  -1.4501972e+03
  -1.4509269e+03
  -1.4518284e+03
  -1.4528859e+03
  -1.4537225e+03
  -1.4547445e+03
  -1.4557821e+03
  -1.4563897e+03
  -1.4573109e+03
  -1.4583298e+03
  -1.4590124e+03
  -1.4599662e+03
  -1.4610081e+03
  -1.4616980e+03
  -1.4626902e+03
  -1.4637068e+03
  -1.4644771e+03
  -1.4654956e+03
  -1.4663485e+03
  -1.4669832e+03
  -1.4681435e+03
  -1.4692573e+03
  -1.4698968e+03
  -1.4710148e+03
  -1.4721770e+03
  -1.4728281e+03
  -1.4738402e+03
  -1.4749266e+03
  -1.4755852e+03
  -1.4766509e+03
  -1.4778886e+03
  -1.4786389e+03
  -1.4796547e+03
  -1.4808847e+03
  -1.4817054e+03
  -1.4824832e+03
  -1.4835449e+03
  -1.4842692e+03
  -1.4851463e+03
  -1.4862430e+03
  -1.4871007e+03
  -1.4880043e+03
  -1.4890104e+03
  -1.4898435e+03
  -1.4907862e+03
  -1.4918026e+03
  -1.4925955e+03
  -1.4934956e+03
  -1.4945128e+03
  -1.4953779e+03
  -1.4963283e+03
  -1.4973336e+03
  -1.4981254e+03
  -1.4990972e+03
  -1.5001837e+03
  -1.5010069e+03
  -1.5018762e+03
  -1.5029460e+03
  -1.5038273e+03
  -1.5047080e+03
  -1.5057422e+03
  -1.5065610e+03
  -1.5074710e+03
  -1.5085632e+03
  -1.5093525e+03
  -1.5101232e+03
  -1.5111998e+03
  -1.5120823e+03
  -1.5129081e+03
  -1.5139502e+03
  -1.5148752e+03
  -1.5158062e+03
  -1.5168251e+03
  -1.5176891e+03
  -1.5186566e+03
  -1.5197826e+03
  -1.5206734e+03
  -1.5215333e+03
  -1.5225873e+03
  -1.5233462e+03
  -1.5242404e+03
  -1.5254158e+03
  -1.5263191e+03
  -1.5269927e+03
  -1.5281152e+03
  -1.5291404e+03
  -1.5299478e+03
  -1.5309732e+03
  -1.5319195e+03
  -1.5328218e+03
  -1.5339226e+03
  -1.5347811e+03
  -1.5355113e+03
  -1.5366242e+03
  -1.5374688e+03
  -1.5382075e+03
  -1.5393645e+03
  -1.5402549e+03
  -1.5408683e+03
  -1.5420284e+03
  -1.5430912e+03
  -1.5438711e+03
  -1.5448606e+03
  -1.5457632e+03
  -1.5466768e+03
  -1.5477823e+03
  -1.5486404e+03
  -1.5492672e+03
  -1.5502525e+03
  -1.5512017e+03
  -1.5521882e+03
  -1.5533346e+03
  -1.5541263e+03
  -1.5549266e+03
  -1.5560910e+03
  -1.5568249e+03
  -1.5573501e+03
  -1.5585707e+03
  -1.5595733e+03
  -1.5603342e+03
  -1.5614662e+03
  -1.5624213e+03
  -1.5631529e+03
  -1.5642405e+03
  -1.5651031e+03
  -1.5657633e+03
  -1.5671524e+03
  -1.5684646e+03
  -1.5688641e+03
  -1.5699216e+03
  -1.5712550e+03
  -1.5724235e+03
  -1.5736011e+03
  -1.5746055e+03
  -1.5752786e+03
  -1.5765702e+03
  -1.5779843e+03
  -1.5784440e+03
  -1.5796043e+03
  -1.5810679e+03
  -1.5819585e+03
  -1.5823166e+03
  -1.5835340e+03
  -1.5844365e+03
  -1.5851947e+03
  -1.5864231e+03
  -1.5872659e+03
  -1.5880152e+03
  -1.5893069e+03
  -1.5904205e+03
  -1.5911646e+03
  -1.5923100e+03
  -1.5931906e+03
  -1.5936681e+03
  -1.5946358e+03
  -1.5955587e+03
  -1.5964803e+03
  -1.5975869e+03
  -1.5984882e+03
  -1.5993803e+03
  -1.6005024e+03
  -1.6014268e+03
  -1.6022264e+03
  -1.6032514e+03
  -1.6041089e+03
  -1.6048972e+03
  -1.6059692e+03
  -1.6068761e+03
  -1.6076241e+03
  -1.6086598e+03
  -1.6096051e+03
  -1.6103934e+03
  -1.6114149e+03
  -1.6123598e+03
  -1.6130612e+03
  -1.6140091e+03
  -1.6149796e+03
  -1.6157759e+03
  -1.6166894e+03
  -1.6176308e+03
  -1.6184991e+03
  -1.6193689e+03
  -1.6201709e+03
  -1.6210540e+03
  -1.6220233e+03
  -1.6228707e+03
  -1.6237695e+03
  -1.6247589e+03
  -1.6255763e+03
  -1.6264234e+03
  -1.6274121e+03
  -1.6283088e+03
  -1.6292862e+03
  -1.6303737e+03
  -1.6312899e+03
  -1.6322183e+03
  -1.6332983e+03
  -1.6341164e+03
  -1.6349122e+03
  -1.6360311e+03
  -1.6370113e+03
  -1.6377866e+03
  -1.6388314e+03
  -1.6398837e+03
  -1.6409129e+03
  -1.6421070e+03
  -1.6431556e+03
  -1.6439789e+03
  -1.6450229e+03
  -1.6460302e+03
  -1.6467937e+03
  -1.6478357e+03
  -1.6489140e+03
  -1.6497963e+03
  -1.6508442e+03
  -1.6518628e+03
  -1.6525515e+03
  -1.6535234e+03
  -1.6545731e+03
  -1.6552582e+03
  -1.6562168e+03
  -1.6572791e+03
  -1.6580283e+03
  -1.6589448e+03
  -1.6599475e+03
  -1.6607471e+03
  -1.6617502e+03
  -1.6628106e+03
  -1.6636477e+03
  -1.6647182e+03
  -1.6658102e+03
  -1.6665088e+03
  -1.6674524e+03
  -1.6685069e+03
  -1.6691631e+03
  -1.6701817e+03
  -1.6714865e+03
  -1.6725293e+03
  -1.6733713e+03
  -1.6742652e+03
  -1.6750006e+03
  -1.6759945e+03
  -1.6770747e+03
  -1.6778092e+03
  -1.6787488e+03
  -1.6798824e+03
  -1.6807615e+03
  -1.6816413e+03
  -1.6826857e+03
  -1.6836057e+03
  -1.6846095e+03
  -1.6857210e+03
  -1.6864167e+03
  -1.6873300e+03
  -1.6885776e+03
  -1.6895630e+03
  -1.6903794e+03
  -1.6915135e+03
  -1.6923717e+03
  -1.6930372e+03
  -1.6941237e+03
  -1.6950201e+03
  -1.6958847e+03
  -1.6971394e+03
  -1.6981759e+03
  -1.6988892e+03
  -1.6999512e+03
  -1.7008566e+03
  -1.7015809e+03
  -1.7027374e+03
  -1.7038784e+03
  -1.7046913e+03
  -1.7056305e+03
  -1.7065517e+03
  -1.7073679e+03
  -1.7083759e+03
  -1.7093136e+03
  -1.7101191e+03
  -1.7111938e+03
  -1.7122124e+03
  -1.7129700e+03
  -1.7139144e+03
  -1.7149070e+03
  -1.7157471e+03
  -1.7167140e+03
  -1.7177345e+03
  -1.7186297e+03
  -1.7195881e+03
  -1.7205685e+03
  -1.7214844e+03
  -1.7224887e+03
  -1.7234630e+03
  -1.7243134e+03
  -1.7253386e+03
  -1.7263870e+03
  -1.7272688e+03
  -1.7282024e+03
  -1.7290389e+03
  -1.7298779e+03
  -1.7310307e+03
  -1.7320563e+03
  -1.7326517e+03
  -1.7338096e+03
  -1.7350619e+03
  -1.7358008e+03
  -1.7368473e+03
  -1.7380428e+03
  -1.7386977e+03
  -1.7394862e+03
  -1.7406288e+03
  -1.7415596e+03
  -1.7425026e+03
  -1.7435295e+03
  -1.7442648e+03
  -1.7453725e+03
  -1.7466046e+03
  -1.7473371e+03
  -1.7481318e+03
  -1.7492014e+03
  -1.7498590e+03
  -1.7506362e+03
  -1.7516896e+03
  -1.7523396e+03
  -1.7531534e+03
  -1.7542385e+03
  -1.7550480e+03
  -1.7560211e+03
  -1.7571075e+03
  -1.7577715e+03
  -1.7586503e+03
  -1.7598454e+03
  -1.7608179e+03
  -1.7617082e+03
  -1.7627491e+03
  -1.7635804e+03
  -1.7645422e+03
  -1.7657018e+03
  -1.7664682e+03
  -1.7673125e+03
  -1.7685342e+03
  -1.7693857e+03
  -1.7701994e+03
  -1.7714534e+03
  -1.7725141e+03
  -1.7732086e+03
  -1.7744166e+03
  -1.7753594e+03
  -1.7760359e+03
  -1.7772937e+03
  -1.7784769e+03
  -1.7789463e+03
  -1.7800262e+03
  -1.7812863e+03
  -1.7819897e+03
  -1.7827523e+03
  -1.7835828e+03
  -1.7844429e+03
  -1.7856212e+03
  -1.7864197e+03
  -1.7869473e+03
  -1.7881021e+03
  -1.7887558e+03
  -1.7892783e+03
  -1.7906290e+03
  -1.7916671e+03
  -1.7925071e+03
  -1.7940764e+03
  -1.7951278e+03
  -1.7956545e+03
  -1.7969678e+03
  -1.7981220e+03
  -1.7985642e+03
  -1.7995846e+03
  -1.8004628e+03
  -1.8010815e+03
  -1.8024165e+03
  -1.8037369e+03
  -1.8045130e+03
  -1.8056096e+03
  -1.8067102e+03
  -1.8073149e+03
  -1.8083497e+03
  -1.8094814e+03
  -1.8098563e+03
  -1.8109210e+03
  -1.8121445e+03
  -1.8129450e+03
  -1.8138113e+03
  -1.8147912e+03
  -1.8154292e+03
  -1.8164924e+03
  -1.8177493e+03
  -1.8185410e+03
  -1.8193085e+03
  -1.8204079e+03
  -1.8213214e+03
  -1.8221331e+03
  -1.8230932e+03
  -1.8239634e+03
  -1.8249069e+03
  -1.8258494e+03
  -1.8266484e+03
