   3.1415927e+00
   1.7327478e+00
   1.4229414e-01
   2.2139509e+00
   2.7277014e-01
   2.6382892e+00
   1.0716405e+00
   2.2780151e+00
   9.0533147e-01
   1.2826377e-01
   4.1150161e-01
  -1.3253246e+00
   7.4902599e-01
  -1.4285000e+00
  -2.9861839e+00
  -2.9409965e+00
  -3.3163626e+00
  -3.8896326e+00
  -4.3841260e+00
  -5.4736917e+00
  -4.4391177e+00
  -5.6011144e+00
  -6.6720517e+00
  -6.1456885e+00
  -6.9292915e+00
  -7.7919564e+00
  -8.4365042e+00
  -8.9531728e+00
  -9.5613701e+00
  -1.0162959e+01
  -1.0733696e+01
  -1.1445384e+01
  -1.2005201e+01
  -1.2614665e+01
  -1.3496720e+01
  -1.4285996e+01
  -1.4915138e+01
  -1.5663528e+01
  -1.6355620e+01
  -1.7056606e+01
  -1.7929407e+01
  -1.8795612e+01
  -1.9706376e+01
  -2.0815784e+01
  -2.2005331e+01
  -2.1798793e+01
  -2.1883585e+01
  -2.2933485e+01
  -2.3814913e+01
  -2.4627576e+01
  -2.5498617e+01
  -2.6350076e+01
  -2.7167555e+01
  -2.7939804e+01
  -2.8635643e+01
  -2.9349067e+01
  -3.0045062e+01
  -3.0677768e+01
  -3.1314362e+01
  -3.1875899e+01
  -3.2514502e+01
  -3.3183369e+01
  -3.3678573e+01
  -3.4253991e+01
  -3.4714826e+01
  -3.5238101e+01
  -3.5991829e+01
  -3.6650709e+01
  -3.7129569e+01
  -3.7152198e+01
  -3.7878223e+01
  -3.8714124e+01
  -3.8815188e+01
  -3.9536798e+01
  -3.9889251e+01
  -4.0352724e+01
  -4.1318878e+01
  -4.1307432e+01
  -4.1890724e+01
  -4.2143168e+01
  -4.2591407e+01
  -4.3442381e+01
  -4.3591642e+01
  -4.4297008e+01
  -4.4670131e+01
  -4.5282743e+01
  -4.6144363e+01
  -4.6381982e+01
  -4.7244385e+01
  -4.8003613e+01
  -4.8466071e+01
  -4.9492434e+01
  -4.9281972e+01
  -5.0077165e+01
  -5.1216265e+01
  -5.0581473e+01
  -5.1945195e+01
  -5.2253391e+01
  -5.2801751e+01
  -5.4419721e+01
  -5.3155574e+01
  -5.5055025e+01
  -5.7982576e+01
  -5.5327174e+01
  -5.2325373e+01
  -5.4420535e+01
  -5.6829660e+01
  -5.4670572e+01
  -5.6173341e+01
  -5.5492323e+01
  -5.6884223e+01
  -5.7347986e+01
  -5.7450959e+01
  -5.8866828e+01
  -5.9483251e+01
  -5.9925049e+01
  -6.1045576e+01
  -6.0409940e+01
  -6.1712879e+01
  -6.0091797e+01
  -6.1328860e+01
  -6.1170423e+01
  -6.2085910e+01
  -6.2882502e+01
  -6.3146593e+01
  -6.3998768e+01
  -6.4473111e+01
  -6.5154187e+01
  -6.5952235e+01
  -6.6447534e+01
  -6.7294352e+01
  -6.8078999e+01
  -6.8700572e+01
  -6.9700343e+01
  -7.0665237e+01
  -7.1181160e+01
  -7.2074204e+01
  -7.3248609e+01
  -7.4346811e+01
  -7.5295656e+01
  -7.6300515e+01
  -7.7166319e+01
  -7.6663520e+01
  -7.6366822e+01
  -7.6851785e+01
  -7.7659486e+01
  -7.8198420e+01
  -7.9011975e+01
  -7.9638537e+01
  -8.0107823e+01
  -8.0911319e+01
  -8.1276419e+01
  -8.1895853e+01
  -8.2600581e+01
  -8.3060436e+01
  -8.3803345e+01
  -8.3913008e+01
  -8.4720204e+01
  -8.5388732e+01
  -8.5580468e+01
  -8.6572602e+01
  -8.6469916e+01
  -8.7133592e+01
  -8.7679084e+01
  -8.7928013e+01
  -8.8977348e+01
  -8.8754562e+01
  -8.9703850e+01
  -8.9933370e+01
  -9.0594753e+01
  -9.1916795e+01
  -9.1241347e+01
  -9.2352263e+01
  -9.2884313e+01
  -9.3152245e+01
  -9.4458738e+01
  -9.4974227e+01
  -9.5627124e+01
  -9.6955847e+01
  -9.6599648e+01
  -9.7808235e+01
  -9.9097644e+01
  -9.9383377e+01
  -1.0051419e+02
  -1.0178511e+02
  -1.0186553e+02
  -1.0335959e+02
  -1.0479029e+02
  -1.0401343e+02
  -1.0579948e+02
  -1.0788406e+02
  -1.0619200e+02
  -1.0845198e+02
  -1.0620280e+02
  -1.0897395e+02
  -1.1172697e+02
  -1.1476259e+02
  -1.1176877e+02
  -1.1443374e+02
  -1.1641125e+02
  -1.1570083e+02
  -1.1719948e+02
  -1.1886254e+02
  -1.1750067e+02
  -1.1918766e+02
  -1.1787119e+02
  -1.1953747e+02
  -1.2080102e+02
  -1.2015529e+02
  -1.2183589e+02
  -1.2052189e+02
  -1.2201078e+02
  -1.2299917e+02
  -1.2289662e+02
  -1.2390019e+02
  -1.2430556e+02
  -1.2492769e+02
  -1.2566417e+02
  -1.2599607e+02
  -1.2688990e+02
  -1.2765041e+02
  -1.2816368e+02
  -1.2893009e+02
  -1.2976599e+02
  -1.3069885e+02
  -1.3159981e+02
  -1.3241080e+02
  -1.3346227e+02
  -1.3453153e+02
  -1.3415481e+02
  -1.3505379e+02
  -1.3545775e+02
  -1.3582066e+02
  -1.3690762e+02
  -1.3743866e+02
  -1.3816960e+02
  -1.3909701e+02
  -1.3909088e+02
  -1.4024833e+02
  -1.4095730e+02
  -1.4102471e+02
  -1.4242801e+02
  -1.4130071e+02
  -1.4273942e+02
  -1.4219247e+02
  -1.4320026e+02
  -1.4463798e+02
  -1.4371448e+02
  -1.4545133e+02
  -1.4268993e+02
  -1.4582186e+02
  -1.4792314e+02
  -1.4544613e+02
  -1.4798134e+02
  -1.4998474e+02
  -1.4847152e+02
  -1.5056633e+02
  -1.4791276e+02
  -1.5030917e+02
  -1.4788096e+02
  -1.5051203e+02
  -1.5294319e+02
  -1.5041627e+02
  -1.5265636e+02
  -1.5261563e+02
  -1.5376520e+02
  -1.5571540e+02
  -1.5279987e+02
  -1.5590243e+02
  -1.5864761e+02
  -1.6161526e+02
  -1.6448432e+02
  -1.6154336e+02
  -1.6444052e+02
  -1.6705339e+02
  -1.6890791e+02
  -1.6846954e+02
  -1.7052655e+02
  -1.7328501e+02
  -1.7630270e+02
  -1.7322628e+02
  -1.7578270e+02
  -1.7878479e+02
  -1.7580856e+02
  -1.7270632e+02
  -1.7525530e+02
  -1.7822391e+02
  -1.8122166e+02
  -1.7810512e+02
  -1.8079424e+02
  -1.8358144e+02
  -1.8118118e+02
  -1.8342372e+02
  -1.8152025e+02
  -1.8433951e+02
  -1.8647650e+02
  -1.8884280e+02
  -1.8702553e+02
  -1.8950479e+02
  -1.9239470e+02
  -1.8979573e+02
  -1.9245594e+02
  -1.9444711e+02
  -1.9359077e+02
  -1.9543910e+02
  -1.9795141e+02
  -1.9531214e+02
  -1.9730735e+02
  -1.9845100e+02
  -1.9821671e+02
  -1.9960039e+02
  -1.9987653e+02
  -2.0061343e+02
  -2.0191673e+02
  -2.0229980e+02
  -2.0317312e+02
  -2.0450697e+02
  -2.0523249e+02
  -2.0565730e+02
  -2.0619718e+02
  -2.0678011e+02
  -2.0826284e+02
  -2.0997211e+02
  -2.0863572e+02
  -2.1045427e+02
  -2.0920473e+02
  -2.1102665e+02
  -2.1295292e+02
  -2.0987016e+02
  -2.0901311e+02
  -2.1131084e+02
  -2.1347603e+02
  -2.1077549e+02
  -2.1317500e+02
  -2.1537263e+02
  -2.1372602e+02
  -2.1581609e+02
  -2.1694760e+02
  -2.1699755e+02
  -2.1874490e+02
  -2.2075302e+02
  -2.1913501e+02
  -2.2156727e+02
  -2.2410068e+02
  -2.2221317e+02
  -2.2422667e+02
  -2.2586966e+02
  -2.2522932e+02
  -2.2708538e+02
  -2.2953904e+02
  -2.2686359e+02
  -2.2917560e+02
  -2.2911454e+02
  -2.3028173e+02
  -2.3295821e+02
  -2.2994014e+02
  -2.3237422e+02
  -2.3524763e+02
  -2.3772576e+02
  -2.4085539e+02
  -2.3865338e+02
  -2.4092853e+02
  -2.4351542e+02
  -2.4178116e+02
  -2.4391129e+02
  -2.4651646e+02
  -2.4961685e+02
  -2.4671436e+02
  -2.4388656e+02
  -2.4609981e+02
  -2.4885395e+02
  -2.4628745e+02
  -2.4842352e+02
  -2.4662146e+02
  -2.4889236e+02
  -2.5061666e+02
  -2.5109380e+02
  -2.5221118e+02
  -2.5410780e+02
  -2.5690362e+02
  -2.5444465e+02
  -2.5590423e+02
  -2.5515881e+02
  -2.5693426e+02
  -2.5892250e+02
  -2.5751682e+02
  -2.5956177e+02
  -2.6157480e+02
  -2.5996508e+02
  -2.6156311e+02
  -2.6198649e+02
  -2.6302320e+02
  -2.6492732e+02
  -2.6277468e+02
  -2.6570793e+02
  -2.6789921e+02
  -2.7013264e+02
  -2.6847740e+02
  -2.7036713e+02
  -2.7226014e+02
  -2.7102482e+02
  -2.7271138e+02
  -2.7237161e+02
  -2.7360964e+02
  -2.7473178e+02
  -2.7493546e+02
  -2.7633908e+02
  -2.7797402e+02
  -2.7868423e+02
  -2.7913179e+02
  -2.8047263e+02
  -2.7985754e+02
  -2.8162707e+02
  -2.8440564e+02
  -2.8131743e+02
  -2.7862845e+02
  -2.8163097e+02
  -2.8377186e+02
  -2.8156121e+02
  -2.8391840e+02
  -2.8633208e+02
  -2.8383458e+02
  -2.8619586e+02
  -2.8877934e+02
  -2.8639615e+02
  -2.8830530e+02
  -2.8715490e+02
  -2.8921948e+02
  -2.9182604e+02
  -2.9471778e+02
  -2.9218646e+02
  -2.8911124e+02
  -2.9154287e+02
  -2.9355986e+02
  -2.9282808e+02
  -2.9477177e+02
  -2.9764308e+02
  -3.0000645e+02
  -3.0217460e+02
  -3.0055737e+02
  -3.0280252e+02
  -3.0077281e+02
  -3.0277168e+02
  -3.0447531e+02
  -3.0426631e+02
  -3.0586019e+02
  -3.0802973e+02
  -3.0602251e+02
  -3.0819582e+02
  -3.1132861e+02
  -3.1430441e+02
  -3.1703019e+02
  -3.1470239e+02
  -3.1712103e+02
  -3.1990671e+02
  -3.1710484e+02
  -3.1922807e+02
  -3.1725879e+02
  -3.1983236e+02
  -3.2244789e+02
  -3.1969687e+02
  -3.2212997e+02
  -3.2458432e+02
  -3.2262502e+02
  -3.2516587e+02
  -3.2254006e+02
  -3.2459360e+02
  -3.2604442e+02
  -3.2552654e+02
  -3.2736366e+02
  -3.3030218e+02
  -3.2749565e+02
  -3.2922314e+02
  -3.2902889e+02
  -3.3053109e+02
  -3.3233570e+02
  -3.3073192e+02
  -3.3311752e+02
  -3.3058361e+02
  -3.3280534e+02
  -3.3476920e+02
  -3.3491200e+02
  -3.3597675e+02
  -3.3777668e+02
  -3.3646204e+02
  -3.3835447e+02
  -3.4026861e+02
  -3.3938332e+02
  -3.4135119e+02
  -3.4323939e+02
  -3.4473452e+02
  -3.4386666e+02
  -3.4596604e+02
  -3.4355237e+02
  -3.4586069e+02
  -3.4691587e+02
  -3.4751502e+02
  -3.4938811e+02
  -3.5140882e+02
  -3.4960543e+02
  -3.4648514e+02
  -3.4927621e+02
  -3.5149253e+02
  -3.5435351e+02
  -3.5159893e+02
  -3.4856025e+02
  -3.5125659e+02
  -3.4843343e+02
  -3.5100250e+02
  -3.5386138e+02
  -3.5637908e+02
  -3.5463757e+02
  -3.5700114e+02
  -3.5405388e+02
  -3.5662885e+02
  -3.5921480e+02
  -3.6218098e+02
  -3.6441925e+02
  -3.6317045e+02
  -3.6544894e+02
  -3.6777714e+02
  -3.6500099e+02
  -3.6198456e+02
  -3.6414934e+02
  -3.6195249e+02
  -3.6409082e+02
  -3.6667678e+02
  -3.6494329e+02
  -3.6736610e+02
  -3.6953412e+02
  -3.6797487e+02
  -3.7031231e+02
  -3.7266126e+02
  -3.7527046e+02
  -3.7811662e+02
  -3.7734098e+02
  -3.7952125e+02
  -3.8131916e+02
  -3.8204553e+02
  -3.8235398e+02
  -3.8431225e+02
  -3.8677465e+02
  -3.8480925e+02
  -3.8782596e+02
  -3.8993821e+02
  -3.9259886e+02
  -3.9084310e+02
  -3.9338683e+02
  -3.9609353e+02
  -3.9903647e+02
  -4.0108091e+02
  -4.0013642e+02
  -4.0210270e+02
  -4.0444873e+02
  -4.0191101e+02
  -4.0447597e+02
  -4.0744376e+02
  -4.0463727e+02
  -4.0682128e+02
  -4.0821647e+02
  -4.0818469e+02
  -4.1039282e+02
  -4.1266154e+02
  -4.0974778e+02
  -4.0693271e+02
  -4.0412511e+02
  -4.0665223e+02
  -4.0926229e+02
  -4.1177411e+02
  -4.0904315e+02
  -4.1195454e+02
  -4.1365235e+02
  -4.1388967e+02
  -4.1511366e+02
  -4.1752009e+02
  -4.1466113e+02
  -4.1691434e+02
  -4.1785279e+02
  -4.1819003e+02
  -4.1985858e+02
  -4.2056738e+02
  -4.2159469e+02
  -4.2358727e+02
  -4.2546340e+02
  -4.2679181e+02
  -4.2660737e+02
  -4.2896553e+02
  -4.3166870e+02
  -4.3432027e+02
  -4.3203922e+02
  -4.3424112e+02
  -4.3573766e+02
  -4.3582942e+02
  -4.3745710e+02
  -4.3933126e+02
  -4.3735065e+02
  -4.3915170e+02
  -4.3906037e+02
  -4.4036821e+02
  -4.4239799e+02
  -4.4068728e+02
  -4.4275097e+02
  -4.4453779e+02
  -4.4335276e+02
  -4.4510433e+02
  -4.4730513e+02
  -4.4543023e+02
  -4.4780753e+02
  -4.4541945e+02
  -4.4832246e+02
  -4.5074460e+02
  -4.5381644e+02
  -4.5673726e+02
  -4.5450084e+02
  -4.5651643e+02
  -4.5797068e+02
  -4.5716169e+02
  -4.5912782e+02
  -4.5746073e+02
  -4.5958176e+02
  -4.6171952e+02
  -4.6421718e+02
  -4.6199640e+02
  -4.6367806e+02
  -4.6273885e+02
  -4.6459127e+02
  -4.6677562e+02
  -4.6451816e+02
  -4.6156716e+02
  -4.6428061e+02
  -4.6176055e+02
  -4.6369850e+02
  -4.6530117e+02
  -4.6484445e+02
  -4.6688114e+02
  -4.6947394e+02
  -4.6646781e+02
  -4.6893543e+02
  -4.6808521e+02
  -4.6984129e+02
  -4.7183392e+02
  -4.6877153e+02
  -4.6570404e+02
  -4.6767391e+02
  -4.6739437e+02
  -4.6877260e+02
  -4.7039193e+02
  -4.6977156e+02
  -4.7139157e+02
  -4.7386925e+02
  -4.7077122e+02
  -4.7381166e+02
  -4.7681287e+02
  -4.7952700e+02
  -4.8225601e+02
  -4.8511142e+02
  -4.8311859e+02
  -4.8557516e+02
  -4.8295463e+02
  -4.8596787e+02
  -4.8892991e+02
  -4.9165301e+02
  -4.9379312e+02
  -4.9239782e+02
  -4.9438155e+02
  -4.9693336e+02
  -4.9440551e+02
  -4.9665683e+02
  -4.9435753e+02
  -4.9689127e+02
  -4.9891471e+02
  -5.0031849e+02
  -5.0075275e+02
  -5.0248223e+02
  -4.9948840e+02
  -5.0250765e+02
  -5.0539677e+02
  -5.0807353e+02
  -5.1064689e+02
  -5.1334223e+02
  -5.1186297e+02
  -5.1383927e+02
  -5.1558144e+02
  -5.1558267e+02
  -5.1702310e+02
  -5.1869063e+02
  -5.1882881e+02
  -5.2012494e+02
  -5.2246397e+02
  -5.1952637e+02
  -5.2210263e+02
  -5.2490951e+02
  -5.2247877e+02
  -5.2473019e+02
  -5.2538644e+02
  -5.2556063e+02
  -5.2734235e+02
  -5.2822459e+02
  -5.2857964e+02
  -5.3053571e+02
  -5.3228633e+02
  -5.3114919e+02
  -5.3283579e+02
  -5.3384003e+02
  -5.3364837e+02
  -5.3577543e+02
  -5.3352752e+02
  -5.3578156e+02
  -5.3767936e+02
  -5.3695281e+02
  -5.3882279e+02
  -5.4187533e+02
  -5.4468287e+02
  -5.4649671e+02
  -5.4750201e+02
  -5.4839726e+02
  -5.5038018e+02
  -5.5340637e+02
  -5.5601890e+02
  -5.5728746e+02
  -5.5686328e+02
  -5.5904557e+02
  -5.5657902e+02
  -5.5885558e+02
  -5.5602036e+02
  -5.5889894e+02
  -5.6187907e+02
  -5.6450217e+02
  -5.6679090e+02
  -5.6932990e+02
  -5.6774168e+02
  -5.7077226e+02
  -5.6782393e+02
  -5.6986699e+02
  -5.7136278e+02
  -5.7079173e+02
  -5.7265576e+02
  -5.7458675e+02
  -5.7326054e+02
  -5.7500162e+02
  -5.7531094e+02
  -5.7582712e+02
  -5.7769588e+02
  -5.7552430e+02
  -5.7737577e+02
  -5.7619938e+02
  -5.7821290e+02
  -5.8111415e+02
  -5.7822081e+02
  -5.8105152e+02
  -5.8344818e+02
  -5.8040511e+02
  -5.8291203e+02
  -5.8419433e+02
  -5.8397577e+02
  -5.8605386e+02
  -5.8303441e+02
  -5.8005798e+02
  -5.8306861e+02
  -5.8004532e+02
  -5.8238676e+02
  -5.8484911e+02
  -5.8187002e+02
  -5.7888872e+02
  -5.8194109e+02
  -5.7906041e+02
  -5.8153227e+02
  -5.7864592e+02
  -5.8175664e+02
  -5.8375907e+02
  -5.8139253e+02
  -5.8418023e+02
  -5.8112049e+02
  -5.7837928e+02
  -5.8110122e+02
  -5.8386759e+02
  -5.8662526e+02
  -5.8886470e+02
  -5.8738957e+02
  -5.8931802e+02
  -5.9218638e+02
  -5.8969089e+02
  -5.9176974e+02
  -5.9357341e+02
  -5.9306352e+02
  -5.9476893e+02
  -5.9606742e+02
  -5.9556143e+02
  -5.9750760e+02
  -5.9519273e+02
  -5.9772949e+02
  -5.9965085e+02
  -6.0028122e+02
  -6.0083444e+02
  -6.0255814e+02
  -6.0115506e+02
  -6.0318252e+02
  -6.0535272e+02
  -6.0337168e+02
  -6.0599543e+02
  -6.0808031e+02
  -6.0548526e+02
  -6.0840526e+02
  -6.0585093e+02
  -6.0834346e+02
  -6.0534079e+02
  -6.0781560e+02
  -6.0976217e+02
  -6.0907614e+02
  -6.1121716e+02
  -6.1372026e+02
  -6.1657265e+02
  -6.1888781e+02
  -6.1915045e+02
  -6.2009235e+02
  -6.2190756e+02
  -6.2378315e+02
  -6.2306783e+02
  -6.2540748e+02
  -6.2237068e+02
  -6.2520321e+02
  -6.2734736e+02
  -6.2432563e+02
  -6.2726716e+02
  -6.2431087e+02
  -6.2172209e+02
  -6.1872013e+02
  -6.2112456e+02
  -6.2403508e+02
  -6.2717379e+02
  -6.2435434e+02
  -6.2673942e+02
  -6.2418373e+02
  -6.2642325e+02
  -6.2819622e+02
  -6.2754426e+02
  -6.2925572e+02
  -6.3142875e+02
  -6.2925534e+02
  -6.3167418e+02
  -6.3276316e+02
  -6.3264726e+02
  -6.3447475e+02
  -6.3740418e+02
  -6.3475055e+02
  -6.3695088e+02
  -6.3494556e+02
  -6.3726436e+02
  -6.3877637e+02
  -6.3876374e+02
  -6.4020908e+02
  -6.4221454e+02
  -6.3958846e+02
  -6.4227365e+02
  -6.4419901e+02
  -6.4405152e+02
  -6.4558264e+02
  -6.4736868e+02
  -6.4615228e+02
  -6.4830263e+02
  -6.5104575e+02
  -6.4865187e+02
  -6.5118468e+02
  -6.5383394e+02
  -6.5117987e+02
  -6.5381385e+02
  -6.5643425e+02
  -6.5847807e+02
  -6.5828696e+02
  -6.6001274e+02
  -6.6214923e+02
  -6.6110974e+02
  -6.6302522e+02
  -6.6487091e+02
  -6.6635051e+02
  -6.6581466e+02
  -6.6789841e+02
  -6.7018330e+02
  -6.6842690e+02
  -6.7086611e+02
  -6.6796752e+02
  -6.7073985e+02
  -6.7316673e+02
  -6.7092365e+02
  -6.7351219e+02
  -6.7552807e+02
  -6.7463187e+02
  -6.7623881e+02
  -6.7826709e+02
  -6.7650774e+02
  -6.7847494e+02
  -6.8151188e+02
  -6.7877957e+02
  -6.8118263e+02
  -6.7826155e+02
  -6.7534334e+02
  -6.7799187e+02
  -6.7505035e+02
  -6.7679375e+02
  -6.7622452e+02
  -6.7776537e+02
  -6.8010853e+02
  -6.7696970e+02
  -6.7891942e+02
  -6.7911181e+02
  -6.8076883e+02
  -6.8250939e+02
  -6.8182890e+02
  -6.8318141e+02
  -6.8485347e+02
  -6.8345424e+02
  -6.8527790e+02
  -6.8748088e+02
  -6.8560472e+02
  -6.8826747e+02
  -6.9092493e+02
  -6.8832250e+02
  -6.9135072e+02
  -6.8830622e+02
  -6.9047172e+02
  -6.8778527e+02
  -6.9067135e+02
  -6.9283720e+02
  -6.9119362e+02
  -6.9334305e+02
  -6.9590633e+02
  -6.9395679e+02
  -6.9595894e+02
  -6.9335209e+02
  -6.9611178e+02
  -6.9806308e+02
  -6.9515455e+02
  -6.9247488e+02
  -6.9443274e+02
  -6.9320895e+02
  -6.9511284e+02
  -6.9747969e+02
  -6.9507384e+02
  -6.9705166e+02
  -6.9877387e+02
  -6.9827173e+02
  -7.0082512e+02
  -7.0342953e+02
  -7.0627548e+02
  -7.0330688e+02
  -7.0605858e+02
  -7.0302592e+02
  -6.9995578e+02
  -7.0206126e+02
  -7.0013212e+02
  -7.0225121e+02
  -6.9958072e+02
  -7.0233786e+02
  -7.0448485e+02
  -7.0695269e+02
  -7.0650580e+02
  -7.0856858e+02
  -7.1129117e+02
  -7.1364321e+02
  -7.1409130e+02
  -7.1446404e+02
  -7.1602950e+02
  -7.1649298e+02
  -7.1711605e+02
  -7.1933127e+02
  -7.1713185e+02
  -7.1953453e+02
  -7.2187461e+02
  -7.1966848e+02
  -7.2217297e+02
  -7.2469592e+02
  -7.2777270e+02
  -7.3051692e+02
  -7.2842289e+02
  -7.3063876e+02
  -7.3281716e+02
  -7.3103165e+02
  -7.3282503e+02
  -7.3252360e+02
  -7.3383094e+02
  -7.3604287e+02
  -7.3837182e+02
  -7.3833161e+02
  -7.3985134e+02
  -7.4204145e+02
  -7.4458257e+02
  -7.4245183e+02
  -7.4490311e+02
  -7.4670379e+02
  -7.4605016e+02
  -7.4764215e+02
  -7.4996654e+02
  -7.4783161e+02
  -7.5066238e+02
  -7.5291331e+02
  -7.5048641e+02
  -7.5249608e+02
  -7.5342816e+02
  -7.5380189e+02
  -7.5559613e+02
  -7.5721938e+02
  -7.5687709e+02
  -7.5878918e+02
  -7.6134718e+02
  -7.5893580e+02
  -7.6076496e+02
  -7.6124225e+02
  -7.6169613e+02
  -7.6376534e+02
  -7.6132964e+02
  -7.6371461e+02
  -7.6513695e+02
  -7.6508527e+02
  -7.6674887e+02
  -7.6860498e+02
  -7.6705902e+02
  -7.6888737e+02
  -7.6809779e+02
  -7.6952469e+02
  -7.7118479e+02
  -7.7060419e+02
  -7.7197382e+02
  -7.7417819e+02
  -7.7200507e+02
  -7.7400910e+02
  -7.7328223e+02
  -7.7505609e+02
  -7.7736428e+02
  -7.8044828e+02
  -7.8265368e+02
  -7.8167360e+02
  -7.8340826e+02
  -7.8560043e+02
  -7.8378196e+02
  -7.8612758e+02
  -7.8868269e+02
  -7.8613640e+02
  -7.8892442e+02
  -7.9120776e+02
  -7.8911750e+02
  -7.9158129e+02
  -7.9403032e+02
  -7.9113045e+02
  -7.8813210e+02
  -7.9084302e+02
  -7.9394733e+02
  -7.9588164e+02
  -7.9499291e+02
  -7.9663480e+02
  -7.9832303e+02
  -7.9889160e+02
  -8.0034455e+02
  -8.0218714e+02
  -8.0036740e+02
  -8.0243983e+02
  -8.0422277e+02
  -8.0278384e+02
  -8.0458913e+02
  -8.0617168e+02
  -8.0575769e+02
  -8.0792964e+02
  -8.1058285e+02
  -8.0758578e+02
  -8.1050322e+02
  -8.1349601e+02
  -8.1604022e+02
  -8.1384009e+02
  -8.1601567e+02
  -8.1801176e+02
  -8.1741765e+02
  -8.1943600e+02
  -8.2162314e+02
  -8.1870747e+02
  -8.2149097e+02
  -8.1915209e+02
  -8.2166206e+02
  -8.2435288e+02
  -8.2160699e+02
  -8.2350619e+02
  -8.2281499e+02
  -8.2454656e+02
  -8.2655459e+02
  -8.2933478e+02
  -8.2749042e+02
  -8.2990401e+02
  -8.3250305e+02
  -8.3015743e+02
  -8.3306950e+02
  -8.3602890e+02
  -8.3881732e+02
  -8.4144265e+02
  -8.4421289e+02
  -8.4635473e+02
  -8.4595302e+02
  -8.4811414e+02
  -8.5047331e+02
  -8.5278375e+02
  -8.5069213e+02
  -8.5321595e+02
  -8.5046199e+02
  -8.5295993e+02
  -8.5506486e+02
  -8.5640198e+02
  -8.5675172e+02
  -8.5887290e+02
  -8.6167841e+02
  -8.6457173e+02
  -8.6701098e+02
  -8.6476712e+02
  -8.6751433e+02
  -8.6946377e+02
  -8.6933357e+02
  -8.7056397e+02
  -8.7250286e+02
  -8.7051163e+02
  -8.7241575e+02
  -8.7400829e+02
  -8.7440846e+02
  -8.7584858e+02
  -8.7760721e+02
  -8.7616790e+02
  -8.7797779e+02
  -8.7599673e+02
  -8.7818504e+02
  -8.8076360e+02
  -8.8382213e+02
  -8.8136137e+02
  -8.8416816e+02
  -8.8135124e+02
  -8.8406943e+02
  -8.8602556e+02
  -8.8582670e+02
  -8.8720231e+02
  -8.8905221e+02
  -8.9007720e+02
  -8.8978880e+02
  -8.9134741e+02
  -8.9148291e+02
  -8.9250399e+02
  -8.9477896e+02
  -8.9243185e+02
  -8.9466014e+02
  -8.9646672e+02
  -8.9566092e+02
  -8.9742817e+02
  -8.9980179e+02
  -8.9778052e+02
  -9.0016035e+02
  -9.0224779e+02
  -9.0118052e+02
  -9.0321327e+02
  -9.0596851e+02
  -9.0866633e+02
  -9.1113823e+02
  -9.0908148e+02
  -9.1165953e+02
  -9.1464488e+02
  -9.1180096e+02
  -9.0868135e+02
  -9.1108223e+02
  -9.1394752e+02
  -9.1683087e+02
  -9.1399430e+02
  -9.1663639e+02
  -9.1406983e+02
  -9.1592546e+02
  -9.1563399e+02
  -9.1698352e+02
  -9.1921351e+02
  -9.1616933e+02
  -9.1329602e+02
  -9.1545382e+02
  -9.1811443e+02
  -9.1602182e+02
  -9.1306764e+02
  -9.1542669e+02
  -9.1759654e+02
  -9.1573672e+02
  -9.1832297e+02
  -9.2069751e+02
  -9.2189748e+02
  -9.2176302e+02
  -9.2396777e+02
  -9.2676539e+02
  -9.2960867e+02
  -9.2688511e+02
  -9.2875406e+02
  -9.2787914e+02
  -9.2927008e+02
  -9.2985992e+02
  -9.2997925e+02
  -9.3188737e+02
  -9.3481711e+02
  -9.3270674e+02
  -9.3490210e+02
  -9.3765350e+02
  -9.4005706e+02
  -9.4107384e+02
  -9.4191918e+02
  -9.4393257e+02
  -9.4663760e+02
  -9.4916467e+02
  -9.5163329e+02
  -9.5016530e+02
  -9.5207898e+02
  -9.5056057e+02
  -9.5231743e+02
  -9.5368910e+02
  -9.5317887e+02
  -9.5461173e+02
  -9.5590836e+02
  -9.5587334e+02
  -9.5739230e+02
  -9.5588974e+02
  -9.5776860e+02
  -9.5946591e+02
  -9.5819064e+02
  -9.5980596e+02
  -9.6062793e+02
  -9.6116952e+02
  -9.6297572e+02
  -9.6515463e+02
  -9.6362650e+02
  -9.6586074e+02
  -9.6836739e+02
  -9.7053795e+02
  -9.7006323e+02
  -9.7183872e+02
  -9.7430250e+02
  -9.7158417e+02
  -9.7361031e+02
  -9.7565182e+02
  -9.7464363e+02
  -9.7681989e+02
  -9.7987186e+02
  -9.7691490e+02
  -9.7782598e+02
  -9.7796377e+02
  -9.7961185e+02
  -9.8141085e+02
  -9.8026208e+02
  -9.8244252e+02
  -9.7955971e+02
  -9.7654252e+02
  -9.7925838e+02
  -9.8238380e+02
  -9.8466379e+02
  -9.8747115e+02
  -9.8523597e+02
  -9.8759392e+02
  -9.9035938e+02
  -9.8785823e+02
  -9.8984299e+02
  -9.8859720e+02
  -9.9026458e+02
  -9.9183023e+02
  -9.9144669e+02
  -9.9310509e+02
  -9.9529109e+02
  -9.9326720e+02
  -9.9536540e+02
  -9.9670191e+02
  -9.9641426e+02
  -9.9762592e+02
  -9.9783902e+02
  -9.9880561e+02
  -1.0005873e+03
  -1.0019789e+03
  -1.0019327e+03
  -1.0039516e+03
  -1.0010881e+03
  -1.0035116e+03
  -1.0059492e+03
  -1.0035071e+03
  -1.0054650e+03
  -1.0061484e+03
  -1.0068042e+03
  -1.0087633e+03
  -1.0058773e+03
  -1.0089226e+03
  -1.0101646e+03
  -1.0095781e+03
  -1.0113333e+03
  -1.0131877e+03
  -1.0132128e+03
  -1.0148693e+03
  -1.0168745e+03
  -1.0139636e+03
  -1.0160515e+03
  -1.0159862e+03
  -1.0173076e+03
  -1.0193492e+03
  -1.0168289e+03
  -1.0139401e+03
  -1.0162896e+03
  -1.0190169e+03
  -1.0158754e+03
  -1.0147976e+03
  -1.0166643e+03
  -1.0186946e+03
  -1.0209429e+03
  -1.0203762e+03
  -1.0222705e+03
  -1.0246376e+03
  -1.0271953e+03
  -1.0293814e+03
  -1.0281661e+03
  -1.0304172e+03
  -1.0332301e+03
  -1.0359092e+03
  -1.0332204e+03
  -1.0349661e+03
  -1.0346464e+03
  -1.0361384e+03
  -1.0390938e+03
  -1.0419200e+03
  -1.0439200e+03
  -1.0423929e+03
  -1.0443427e+03
  -1.0464021e+03
  -1.0451902e+03
  -1.0470554e+03
  -1.0484524e+03
  -1.0480467e+03
  -1.0497523e+03
  -1.0473340e+03
  -1.0500064e+03
  -1.0523305e+03
  -1.0508930e+03
  -1.0531724e+03
  -1.0550455e+03
  -1.0535551e+03
  -1.0554495e+03
  -1.0576415e+03
  -1.0554734e+03
  -1.0579511e+03
  -1.0609543e+03
  -1.0639612e+03
  -1.0614370e+03
  -1.0583874e+03
  -1.0606053e+03
  -1.0635487e+03
  -1.0666197e+03
  -1.0651868e+03
  -1.0673261e+03
  -1.0693602e+03
  -1.0663442e+03
  -1.0694429e+03
  -1.0713905e+03
  -1.0709521e+03
  -1.0724313e+03
  -1.0741098e+03
  -1.0734297e+03
  -1.0749824e+03
  -1.0768747e+03
  -1.0761831e+03
  -1.0778835e+03
  -1.0801854e+03
  -1.0775250e+03
  -1.0794762e+03
  -1.0787771e+03
  -1.0804328e+03
  -1.0820837e+03
  -1.0825816e+03
  -1.0834755e+03
  -1.0851474e+03
  -1.0849152e+03
  -1.0860286e+03
  -1.0878412e+03
  -1.0895281e+03
  -1.0884890e+03
  -1.0901836e+03
  -1.0891807e+03
  -1.0909381e+03
  -1.0926097e+03
  -1.0917167e+03
  -1.0935967e+03
  -1.0961026e+03
  -1.0935927e+03
  -1.0955728e+03
  -1.0952663e+03
  -1.0966098e+03
  -1.0981364e+03
  -1.0977536e+03
  -1.0992704e+03
  -1.1014753e+03
  -1.0993159e+03
  -1.1013557e+03
  -1.1035495e+03
  -1.1019789e+03
  -1.1039194e+03
  -1.1009698e+03
  -1.0984436e+03
  -1.1010279e+03
  -1.1035152e+03
  -1.1009044e+03
  -1.1039799e+03
  -1.1063402e+03
  -1.1087444e+03
  -1.1075397e+03
  -1.1096125e+03
  -1.1121198e+03
  -1.1095828e+03
  -1.1118764e+03
  -1.1094331e+03
  -1.1118987e+03
  -1.1143316e+03
  -1.1122918e+03
  -1.1146154e+03
  -1.1119456e+03
  -1.1146075e+03
  -1.1169891e+03
  -1.1145778e+03
  -1.1165035e+03
  -1.1149461e+03
  -1.1167948e+03
  -1.1188332e+03
  -1.1171049e+03
  -1.1194124e+03
  -1.1222910e+03
  -1.1197129e+03
  -1.1217507e+03
  -1.1212549e+03
  -1.1225301e+03
  -1.1242852e+03
  -1.1223800e+03
  -1.1246274e+03
  -1.1224750e+03
  -1.1251117e+03
  -1.1272439e+03
  -1.1289153e+03
  -1.1284255e+03
  -1.1300677e+03
  -1.1317812e+03
  -1.1311057e+03
  -1.1329327e+03
  -1.1342535e+03
  -1.1339937e+03
  -1.1353946e+03
  -1.1344143e+03
  -1.1358696e+03
  -1.1371212e+03
  -1.1371671e+03
  -1.1384814e+03
  -1.1396526e+03
  -1.1390401e+03
  -1.1401687e+03
  -1.1407061e+03
  -1.1414884e+03
  -1.1424544e+03
  -1.1430207e+03
  -1.1439594e+03
  -1.1449490e+03
  -1.1455192e+03
  -1.1466279e+03
  -1.1475280e+03
  -1.1467116e+03
  -1.1479410e+03
  -1.1488138e+03
  -1.1496297e+03
  -1.1506759e+03
  -1.1513928e+03
  -1.1521812e+03
  -1.1531322e+03
  -1.1534448e+03
  -1.1544097e+03
  -1.1554033e+03
  -1.1557053e+03
  -1.1570650e+03
  -1.1550689e+03
  -1.1572779e+03
  -1.1594135e+03
  -1.1569337e+03
  -1.1597507e+03
  -1.1618671e+03
  -1.1597369e+03
  -1.1617491e+03
  -1.1631576e+03
  -1.1632447e+03
  -1.1656682e+03
  -1.1678605e+03
  -1.1704048e+03
  -1.1683136e+03
  -1.1713249e+03
  -1.1742128e+03
  -1.1714987e+03
  -1.1742446e+03
  -1.1770958e+03
  -1.1740356e+03
  -1.1768706e+03
  -1.1790104e+03
  -1.1782704e+03
  -1.1798624e+03
  -1.1817158e+03
  -1.1806499e+03
  -1.1825275e+03
  -1.1844106e+03
  -1.1835341e+03
  -1.1851929e+03
  -1.1869633e+03
  -1.1856678e+03
  -1.1873467e+03
  -1.1883951e+03
  -1.1884005e+03
  -1.1899125e+03
  -1.1906262e+03
  -1.1908457e+03
  -1.1923055e+03
  -1.1923909e+03
  -1.1932089e+03
  -1.1950117e+03
  -1.1964631e+03
  -1.1965137e+03
  -1.1980845e+03
  -1.1966021e+03
  -1.1981751e+03
  -1.1980799e+03
  -1.1991631e+03
  -1.2011028e+03
  -1.2036523e+03
  -1.2013911e+03
  -1.2036520e+03
  -1.2017294e+03
  -1.2037069e+03
  -1.2051634e+03
  -1.2048919e+03
  -1.2065390e+03
  -1.2087554e+03
  -1.2114643e+03
  -1.2143970e+03
  -1.2131031e+03
  -1.2150147e+03
  -1.2160248e+03
  -1.2161875e+03
  -1.2173373e+03
  -1.2176643e+03
  -1.2181404e+03
  -1.2191233e+03
  -1.2193166e+03
  -1.2202604e+03
  -1.2211663e+03
  -1.2218143e+03
  -1.2229020e+03
  -1.2240505e+03
  -1.2250587e+03
  -1.2258675e+03
  -1.2247204e+03
  -1.2260285e+03
  -1.2271684e+03
  -1.2277078e+03
  -1.2286642e+03
  -1.2296630e+03
  -1.2300475e+03
  -1.2309601e+03
  -1.2318169e+03
  -1.2322541e+03
  -1.2333418e+03
  -1.2342163e+03
  -1.2346400e+03
  -1.2354648e+03
  -1.2352735e+03
  -1.2364671e+03
  -1.2370411e+03
  -1.2370802e+03
  -1.2387818e+03
  -1.2366902e+03
  -1.2387297e+03
  -1.2406976e+03
  -1.2393403e+03
  -1.2415617e+03
  -1.2447028e+03
  -1.2476600e+03
  -1.2450182e+03
  -1.2473817e+03
  -1.2493872e+03
  -1.2485052e+03
  -1.2507329e+03
  -1.2527943e+03
  -1.2540004e+03
  -1.2544408e+03
  -1.2561828e+03
  -1.2530723e+03
  -1.2556200e+03
  -1.2584751e+03
  -1.2559338e+03
  -1.2583965e+03
  -1.2552787e+03
  -1.2580077e+03
  -1.2553537e+03
  -1.2524650e+03
  -1.2545140e+03
  -1.2570801e+03
  -1.2550508e+03
  -1.2576398e+03
  -1.2553358e+03
  -1.2576076e+03
  -1.2596653e+03
  -1.2589396e+03
  -1.2606208e+03
  -1.2628414e+03
  -1.2656986e+03
  -1.2684011e+03
  -1.2659504e+03
  -1.2635364e+03
  -1.2659795e+03
  -1.2677220e+03
  -1.2675842e+03
  -1.2687372e+03
  -1.2715804e+03
  -1.2686984e+03
  -1.2706082e+03
  -1.2719067e+03
  -1.2719418e+03
  -1.2734944e+03
  -1.2756465e+03
  -1.2735742e+03
  -1.2750576e+03
  -1.2753574e+03
  -1.2765275e+03
  -1.2781657e+03
  -1.2777059e+03
  -1.2792038e+03
  -1.2816347e+03
  -1.2793699e+03
  -1.2811103e+03
  -1.2809128e+03
  -1.2817556e+03
  -1.2843253e+03
  -1.2817670e+03
  -1.2839001e+03
  -1.2815730e+03
  -1.2836514e+03
  -1.2844971e+03
  -1.2850753e+03
  -1.2865626e+03
  -1.2873075e+03
  -1.2873929e+03
  -1.2891856e+03
  -1.2907074e+03
  -1.2899637e+03
  -1.2915868e+03
  -1.2922418e+03
  -1.2924156e+03
  -1.2942614e+03
  -1.2920466e+03
  -1.2936941e+03
  -1.2937188e+03
  -1.2947752e+03
  -1.2963187e+03
  -1.2961799e+03
  -1.2977332e+03
  -1.2995574e+03
  -1.2977179e+03
  -1.3000195e+03
  -1.2971707e+03
  -1.3000107e+03
  -1.3022615e+03
  -1.3042566e+03
  -1.3037497e+03
  -1.3056937e+03
  -1.3082657e+03
  -1.3053267e+03
  -1.3083778e+03
  -1.3110989e+03
  -1.3083215e+03
  -1.3102620e+03
  -1.3108778e+03
  -1.3114726e+03
  -1.3128538e+03
  -1.3132344e+03
  -1.3141806e+03
  -1.3159320e+03
  -1.3173825e+03
  -1.3168658e+03
  -1.3194986e+03
  -1.3168165e+03
  -1.3182059e+03
  -1.3181472e+03
  -1.3194667e+03
  -1.3212337e+03
  -1.3200926e+03
  -1.3218986e+03
  -1.3235663e+03
  -1.3234240e+03
  -1.3246346e+03
  -1.3216720e+03
  -1.3242205e+03
  -1.3258567e+03
  -1.3255156e+03
  -1.3272951e+03
  -1.3292649e+03
  -1.3303469e+03
  -1.3301318e+03
  -1.3320232e+03
  -1.3299982e+03
  -1.3326068e+03
  -1.3347623e+03
  -1.3355604e+03
  -1.3356194e+03
  -1.3371876e+03
  -1.3363633e+03
  -1.3378150e+03
  -1.3392991e+03
  -1.3387007e+03
  -1.3408332e+03
  -1.3436083e+03
  -1.3467005e+03
  -1.3486974e+03
  -1.3485165e+03
  -1.3497646e+03
  -1.3514515e+03
  -1.3514583e+03
  -1.3524941e+03
  -1.3548880e+03
  -1.3520013e+03
  -1.3541647e+03
  -1.3543590e+03
  -1.3551398e+03
  -1.3570658e+03
  -1.3547837e+03
  -1.3570656e+03
  -1.3545387e+03
  -1.3566364e+03
  -1.3582282e+03
  -1.3573976e+03
  -1.3592914e+03
  -1.3610099e+03
  -1.3606639e+03
  -1.3627676e+03
  -1.3603248e+03
  -1.3621520e+03
  -1.3634211e+03
  -1.3633036e+03
  -1.3650153e+03
  -1.3622112e+03
  -1.3650331e+03
  -1.3666658e+03
  -1.3666913e+03
  -1.3678828e+03
  -1.3693540e+03
  -1.3686414e+03
  -1.3703814e+03
  -1.3728800e+03
  -1.3757265e+03
  -1.3739171e+03
  -1.3763964e+03
  -1.3787658e+03
  -1.3815793e+03
  -1.3846296e+03
  -1.3832322e+03
  -1.3854289e+03
  -1.3875252e+03
  -1.3848136e+03
  -1.3870342e+03
  -1.3873233e+03
  -1.3884670e+03
  -1.3904916e+03
  -1.3879961e+03
  -1.3906082e+03
  -1.3922160e+03
  -1.3925496e+03
  -1.3935304e+03
  -1.3948515e+03
  -1.3950905e+03
  -1.3962746e+03
  -1.3982286e+03
  -1.3957199e+03
  -1.3975877e+03
  -1.3979927e+03
  -1.3988378e+03
  -1.4002468e+03
  -1.4003763e+03
  -1.4012770e+03
  -1.4028002e+03
  -1.4018710e+03
  -1.4037467e+03
  -1.4006756e+03
  -1.4034255e+03
  -1.4047735e+03
  -1.4050293e+03
  -1.4060502e+03
  -1.4069496e+03
  -1.4072340e+03
  -1.4084656e+03
  -1.4087434e+03
  -1.4092274e+03
  -1.4105629e+03
  -1.4109834e+03
  -1.4119165e+03
  -1.4111415e+03
  -1.4120932e+03
  -1.4135596e+03
  -1.4143564e+03
  -1.4148588e+03
  -1.4163958e+03
  -1.4174865e+03
  -1.4168062e+03
  -1.4182259e+03
  -1.4181797e+03
  -1.4193240e+03
  -1.4181698e+03
  -1.4196396e+03
  -1.4211276e+03
  -1.4211188e+03
  -1.4223191e+03
  -1.4239468e+03
  -1.4228085e+03
  -1.4244677e+03
  -1.4250394e+03
  -1.4248133e+03
  -1.4252346e+03
  -1.4253844e+03
  -1.4270326e+03
  -1.4279039e+03
  -1.4279039e+03
  -1.4300432e+03
  -1.4331068e+03
  -1.4357541e+03
  -1.4384740e+03
  -1.4363798e+03
  -1.4386523e+03
  -1.4407994e+03
  -1.4391453e+03
  -1.4410321e+03
  -1.4420007e+03
  -1.4418895e+03
  -1.4434121e+03
  -1.4433466e+03
  -1.4440850e+03
  -1.4458743e+03
  -1.4446472e+03
  -1.4468189e+03
  -1.4493565e+03
  -1.4523878e+03
  -1.4546198e+03
  -1.4535728e+03
  -1.4553583e+03
  -1.4577481e+03
  -1.4556858e+03
  -1.4575180e+03
  -1.4589604e+03
  -1.4591598e+03
  -1.4611508e+03
  -1.4580652e+03
  -1.4609052e+03
  -1.4623999e+03
  -1.4619535e+03
  -1.4637432e+03
  -1.4607913e+03
  -1.4576887e+03
  -1.4599872e+03
  -1.4573440e+03
  -1.4599327e+03
  -1.4616674e+03
  -1.4619459e+03
  -1.4626037e+03
  -1.4643862e+03
  -1.4626668e+03
  -1.4647082e+03
  -1.4623451e+03
  -1.4651703e+03
  -1.4671316e+03
  -1.4669654e+03
  -1.4680429e+03
  -1.4695717e+03
  -1.4683290e+03
  -1.4703334e+03
  -1.4684569e+03
  -1.4701953e+03
  -1.4713606e+03
  -1.4709995e+03
  -1.4725280e+03
  -1.4732155e+03
  -1.4735061e+03
  -1.4745874e+03
  -1.4749540e+03
  -1.4759987e+03
  -1.4775114e+03
  -1.4783672e+03
  -1.4776673e+03
  -1.4787719e+03
  -1.4793875e+03
  -1.4805801e+03
  -1.4810983e+03
  -1.4818382e+03
  -1.4831670e+03
  -1.4830508e+03
  -1.4840655e+03
  -1.4859245e+03
  -1.4841969e+03
  -1.4859882e+03
  -1.4879665e+03
  -1.4861401e+03
  -1.4874928e+03
  -1.4877610e+03
  -1.4891009e+03
  -1.4920628e+03
  -1.4948955e+03
  -1.4973386e+03
  -1.4951785e+03
  -1.4978354e+03
  -1.5003195e+03
  -1.4976906e+03
  -1.4996660e+03
  -1.5006195e+03
  -1.5010496e+03
  -1.5033659e+03
  -1.5064703e+03
  -1.5091078e+03
  -1.5064543e+03
  -1.5088080e+03
  -1.5110773e+03
  -1.5102526e+03
  -1.5119700e+03
  -1.5136105e+03
  -1.5131892e+03
  -1.5143614e+03
  -1.5155023e+03
  -1.5152770e+03
  -1.5167964e+03
  -1.5175370e+03
  -1.5176729e+03
  -1.5190416e+03
  -1.5185618e+03
  -1.5197538e+03
  -1.5211181e+03
  -1.5203600e+03
  -1.5218701e+03
  -1.5225581e+03
  -1.5229723e+03
  -1.5244059e+03
  -1.5250073e+03
  -1.5255439e+03
  -1.5270437e+03
  -1.5258517e+03
  -1.5274236e+03
  -1.5288846e+03
  -1.5291567e+03
  -1.5303722e+03
  -1.5305682e+03
  -1.5306203e+03
  -1.5317160e+03
  -1.5318774e+03
  -1.5329896e+03
  -1.5338409e+03
  -1.5339531e+03
  -1.5357752e+03
  -1.5334763e+03
  -1.5361508e+03
  -1.5378648e+03
  -1.5378450e+03
  -1.5387976e+03
  -1.5402973e+03
  -1.5393428e+03
  -1.5411206e+03
  -1.5431886e+03
  -1.5411851e+03
  -1.5432100e+03
  -1.5442885e+03
  -1.5443062e+03
  -1.5457243e+03
  -1.5459709e+03
  -1.5467160e+03
  -1.5484621e+03
  -1.5497157e+03
  -1.5498836e+03
  -1.5519282e+03
  -1.5497289e+03
  -1.5518105e+03
  -1.5534024e+03
  -1.5533608e+03
  -1.5549217e+03
  -1.5570407e+03
  -1.5601052e+03
  -1.5572376e+03
  -1.5598366e+03
  -1.5627772e+03
  -1.5606438e+03
  -1.5631526e+03
  -1.5657179e+03
  -1.5627260e+03
  -1.5596264e+03
  -1.5624128e+03
  -1.5648474e+03
  -1.5633764e+03
  -1.5657345e+03
  -1.5678151e+03
  -1.5706988e+03
  -1.5682010e+03
  -1.5704293e+03
  -1.5686311e+03
  -1.5706953e+03
  -1.5725736e+03
  -1.5716722e+03
  -1.5730939e+03
  -1.5741938e+03
  -1.5746035e+03
  -1.5759690e+03
  -1.5769476e+03
