0 8.906719 3.1415927
24000 -1.28511 2.26667884
47999.999 -17.064976 1.97997144
71999.999 -16.316239 5.050573
95999.998 -24.96747 3.87672864
120000 -17.67009 7.1849797
144000 -17.89321 6.4648979
168000 -26.322921 8.5200779
192000 -18.004506 8.11508267
216000 -31.7320287 8.13849237
240000 -18.534674 9.28449631
264000 -18.459605 8.5068068
288000 -31.349808 11.32984899
311999.99 -16.384655 10.051296
335999.99 -15.557291 9.5653971
359999.99 -22.000779 10.2422355
383999.99 -14.756134 10.3920414
407999.99 -16.114227 10.8114254
431999.99 -9.695641 11.082257
455999.99 -11.635962 10.4450693
479999.99 -12.17655 11.8237903
503999.99 -8.724214 11.1807546
527999.99 -14.53409 10.9263933
551999.99 -16.494723 12.1691395
575999.99 -12.41209 12.1918305
599999.99 -12.526748 12.2496146
623999.99 -13.268299 12.4405478
647999.99 -13.712137 12.7612112
671999.99 -13.143396 13.0514919
695999.99 -13.005958 13.294774
719999.99 -12.620152 13.570451
743999.99 -12.672296 13.786341
767999.99 -13.041737 14.177801
791999.99 -10.961721 14.52338
815999.99 -9.73684 14.614147
839999.99 -10.204363 14.796643
863999.99 -9.598685 15.128108
887999.99 -8.417382 15.333677
911999.98 -7.692994 15.571597
935999.98 -5.833782 15.773468
959999.98 -4.514625 15.808139
983999.98 -4.078032 15.865504
1008000 -3.214464 15.880827
1032000 -3.431169 15.687107
1056000 -7.69141200000001 15.404603
1080000 -21.535586 16.534161
1104000 -8.939949 17.390697
1128000 -6.240637 17.269944
1152000 -6.16355 17.310361
1176000 -5.902666 17.445307
1200000 -5.777901 17.537553
1224000 -6.210057 17.645482
1248000 -6.82043 17.790973
1272000 -7.541732 17.972474
1296000 -7.959324 18.18891
1320000 -8.268473 18.358554
1344000 -9.158583 18.546259
1368000 -9.83527100000001 18.794887
1392000 -10.468203 19.039161
1416000 -10.736696 19.350584
1440000 -10.229141 19.554201
1464000 -11.07306 19.709983
1488000 -11.644605 20.028149
1512000 -11.612007 20.244388
1536000 -12.162708 20.574119
1560000 -10.5086 20.825196
1584000 -10.400552 20.832336
1608000 -11.974716 20.958231
1632000 -14.366174 21.229438
1656000 -13.761987 21.906984
1680000 -10.644322 21.88767
1704000 -13.46044 21.746666
1728000 -15.152393 22.369762
1752000 -13.966883 22.390258
1776000 -17.33221 22.762837
1800000 -14.268209 23.065396
1824000 -16.480579 22.874268
1848000 -20.714154 23.659005
1872000 -18.544311 23.891964
1896000 -21.433733 24.456071
1920000 -17.355326 24.826136
1944000 -19.059828 24.822077
1968000 -19.867472 25.517188
1992000 -18.414663 25.669886
2016000 -19.750499 26.172078
2040000 -16.483534 26.41984
2064000 -18.159945 26.441943
2088000 -18.005422 27.110084
2112000 -15.434703 27.131649
2136000 -18.003972 27.273468
2160000 -16.845431 27.722643
2184000 -18.522302 27.570739
2208000 -24.829177 28.687576
2232000 -18.704303 28.834389
2256000 -25.4210927 28.609153
2280000 -22.937273 30.181281
2304000 -21.308736 29.782158
2328000 -30.8345135 30.405379
2352000 -23.071992 30.805151
2376000 -28.0262196 30.155078
2400000 -30.4028051 32.335931
2424000 -26.859965 31.35208
2448000 -35.37727785 29.368611
2472000 -33.7346876 32.940326
2496000 -27.3268169 36.860903
2520000 -24.697491 35.700684
2544000 -44.134055 34.193
2568000 -25.011604 37.251558
2592000 -27.909065 36.661212
2616000 -27.2209428 38.22934
2640000 -22.829204 37.73586
2664000 -33.7366418 38.185924
2688000 -20.632053 38.965608
2712000 -19.748446 38.439466
2736000 -25.8752054 38.726644
2760000 -22.079469 39.159651
2784000 -27.3490485 38.935407
2808000 -27.442892 40.49644
2832000 -32.71600504 40.093091
2856000 -20.910476 42.632453
2880000 -17.752058 42.34517
2904000 -15.367841 43.420317
2928000 -6.883517 43.44953
2952000 -4.327118 43.686518
2976000 7.046723 44.575757
2999999.9 11.949371 46.766462
3023999.9 2.167317 47.656619
3047999.9 1.506466 48.101553
3071999.9 0.0142189999999971 48.331535
3095999.9 0.450464 48.801476
3119999.9 2.249257 48.934658
3143999.9 2.086764 49.114251
3167999.9 4.501924 49.429938
3191999.9 7.443099 49.362267
3215999.9 7.793393 49.239313
3239999.9 9.123755 49.44392
3263999.9 13.598229 49.221246
3287999.9 14.64981 48.489841
3311999.9 10.067777 47.892259
3335999.9 4.573948 47.671984
3359999.9 -1.501628 47.488825
3383999.9 -11.816808 47.512601
3407999.9 -19.747938 48.88284
3431999.9 -19.145995 50.018698
3455999.9 -13.655117 50.406125
3479999.9 -13.33532 50.452264
3503999.9 -13.195023 50.75144
3527999.9 -12.900012 50.804015
3551999.9 -15.347315 51.014113
3575999.9 -14.989747 51.377127
3599999.9 -16.2782 51.446481
3623999.9 -18.501671 51.925471
3647999.9 -17.5669 52.147297
3671999.9 -19.971103 52.321709
3695999.9 -20.359294 52.707624
3719999.9 -22.5872558 52.808115
3743999.9 -23.7022221 53.578032
3767999.9 -21.049812 53.617036
3791999.9 -25.3923471 53.799098
3815999.9 -23.1042189 54.497622
3839999.9 -23.9881817 54.364868
3863999.9 -28.7705421 55.331254
3887999.9 -24.4011237 55.565428
3911999.9 -28.7178181 55.889566
3935999.9 -25.0179429 56.520957
3959999.9 -27.1302382 56.383742
3983999.9 -29.24641058 57.488978
4007999.9 -26.0168883 57.43339
4031999.9 -30.10011573 58.12323
4055999.9 -22.8203231 58.350847
4079999.9 -25.3754259 57.940515
4103999.9 -28.87600156 59.555343
4127999.9 -22.2048671 59.342437
4151999.9 -28.04837704 59.729597
4175999.9 -20.2942629 60.413685
4199999.9 -19.6579133 60.014542
4223999.9 -25.4050117 60.425283
4247999.9 -20.5878397 60.733876
4271999.9 -23.1630635 60.323233
4295999.9 -25.73556038 61.617722
4319999.9 -18.70629 61.381915
4343999.9 -20.9867453 61.005646
4367999.9 -23.2619978 61.636773
4391999.9 -20.4072728 61.45942
4415999.9 -25.63641085 61.09388
4439999.9 -26.2066609 61.93656
4463999.9 -23.5027072 61.41092
4487999.9 -36.164685 60.8961
4511999.9 -23.90672929 62.58833
4535999.9 -21.9935497 61.74853
4559999.9 -34.715586 60.55246
4583999.9 -27.8888627 63.15129
4607999.9 -30.0281885 61.85059
4631999.9 -32.0726733 65.00645
4655999.9 -26.9211581 63.15741
4679999.9 -26.859461 61.37555
4703999.9 -27.6073666 59.24694
4727999.9 -26.2226516 63.16235
4751999.9 -21.24123448 61.48612
4775999.9 -22.8025887 60.44237
4799999.9 -27.2667527 62.10124
4823999.9 -18.614332 61.62174
4847999.9 -26.2158153 60.90916
4871999.9 -22.2517297 63.22064
4895999.9 -21.871724 62.56084
4919999.9 -29.5951443 64.83279
4943999.9 -20.81072456 64.10372
4967999.9 -34.123816 63.86222
4991999.9 -21.1814593 65.46915
5015999.9 -22.13112243 64.70733
5039999.9 -28.7752972 66.99867
5063999.9 -18.2593131 66.4379
5087999.9 -22.7357084447 66.3534
5111999.9 -19.1358238 67.42298
5135999.9 -16.9000041 67.34152
5159999.9 -18.8068515 67.8272
5183999.9 -15.7682702 68.15104
5207999.9 -16.6787462 68.32592
5231999.9 -14.740879 68.87992
5255999.9 -12.372812 68.92658
5279999.9 -12.986347 69.07542
5303999.9 -11.867928 69.44396
5327999.9 -10.031231 69.62092
5351999.9 -8.442047 69.72179
5375999.9 -7.713658 69.69758
5399999.9 -8.516865 69.74103
5423999.9 -8.510433 69.8691
5447999.9 -9.000328 69.7432
5471999.9 -14.35003 69.62659
5495999.9 -16.7754564 70.88585
5519999.9 -12.6924864 70.77125
5543999.9 -16.9171464 71.1902
5567999.9 -10.774544 71.61979
5591999.9 -10.956522 71.33908
5615999.9 -13.9105131 71.7153
5639999.9 -11.9682837 71.84404
5663999.9 -16.4974911 71.76103
5687999.9 -16.1303685 72.67752
5711999.9 -13.8841413 72.36629
5735999.9 -22.6390117 72.51914
5759999.9 -16.2760491 73.40294
5783999.9 -18.5223748 72.85944
5807999.9 -20.3987563 74.84404
5831999.9 -15.50483139 74.34953
5855999.9 -24.510721 75.71767
5879999.9 -12.08625492 75.58825
5903999.9 -17.176067 75.16979
5927999.9 -9.5303827 76.90438
5951999.9 -7.04023204 76.09913
5975999.9 -21.5917139 80.21854
5999999.9 1.9863492 78.40568
6023999.9 2.9426659 77.4084
6047999.9 -9.13502281 81.71903
6071999.9 -4.2237159 80.71481
6095999.9 -13.554204 79.59627
6119999.9 -13.0150719 81.95867
6143999.9 -14.2125246 80.92078
6167999.9 -16.9044027 84.41193
6191999.9 -16.1000611 82.87703
6215999.9 -24.334141 86.35275
6239999.9 -14.9512009 84.6116
6263999.9 -20.9930078 83.04718
6287999.9 -20.1117552 86.56816
6311999.9 -18.1716011 85.19302
6335999.9 -31.96194 86.11088
6359999.9 -15.4626121 85.97795
6383999.9 -15.099042 84.93166
6407999.9 -26.209285 88.7233
6431999.9 -18.0026707 86.59063
6455999.9 -19.421705 84.68746
6479999.9 -18.9599996 82.57456
6503999.9 -22.4258733 80.69117
6527999.9 -20.147627 84.52221
6551999.9 -19.9422591 82.53186
6575999.9 -17.9921124 80.92675
6599999.9 -23.5513216 79.95734
6623999.9 -23.0871302 81.26051
6647999.9 -19.5010638 80.16883
6671999.9 -20.4782994 78.29392
6695999.9 -22.3861688 76.16697
6719999.9 -19.6253424 80.21028
6743999.9 -18.6841223 78.50866
6767999.9 -23.3220102 76.3969
6791999.9 -23.5410453 80.34473
6815999.9 -19.5515619 84.28287
6839999.9 -19.0439957 82.60766
6863999.9 -22.0501156 80.62644
6887999.9 -21.1351825 78.50225
6911999.9 -22.8491408 82.51742
6935999.9 -20.671769 80.81848
6959999.9 -29.198603 78.89885
6983999.9 -22.2647564 82.18742
7007999.9 -22.4709775 80.94431
7031999.9 -33.765462 83.74308
7055999.9 -18.6301295 81.82872
7079999.9 -16.7783486 80.69217
7103999.9 -25.969442 79.19831
7127999.9 -21.6526891 81.91526
7151999.9 -19.3785383 80.46179
7175999.9 -20.668396 78.46139
7199999.9 -21.750006 81.97885
7223999.9 -14.3484338 80.40474
7247999.9 -15.7051119 79.34114
7271999.9 -23.282392 81.0996
7295999.9 -14.0104085 80.34937
7319999.9 -17.816151 78.81895
7343999.9 -12.6541478 82.37749
7367999.9 -9.98886272 81.4952
7391999.9 -18.2741142 81.35588
7415999.9 -10.8135449 82.48128
7439999.9 -10.354742 82.16315
7463999.9 -14.5462148 82.89156
7487999.9 -8.0160811 83.03378
7511999.9 -9.8493331 82.77381
7535999.9 -12.93627147 83.41048
7559999.9 -8.1863217 83.39393
7583999.9 -10.2512739 83.03581
7607999.9 -16.1091765 83.3347
7631999.9 -15.4161295 83.8517
7655999.9 -18.0538287 84.32834
7679999.9 -12.78787862 84.77943
7703999.9 -11.62020636 84.16785
7727999.9 -21.7981807 83.34132
7751999.9 -20.3320775 85.57398
7775999.9 -20.979558 84.50457
7799999.9 -22.129035 86.6276
7823999.9 -14.2940757 85.7152
7847999.9 -18.5594015 84.60976
7871999.9 -35.616115 88.64832
7895999.9 -31.03206 90.43972
7919999.9 -18.2215071 88.96331
7943999.9 -19.9856962 87.76845
7967999.9 -20.8550972 91.44049
7991999.9 -16.2035518 89.89673
8015999.9 -23.0214 88.68733
8039999.9 -22.970009 91.3184
8063999.9 -17.1803301 90.06511
8087999.9 -25.985196 89.87845
8111999.9 -14.4949045 90.78664
8135999.9 -11.8984705 89.89192
8159999.9 -20.2000568 88.88386
8183999.9 -22.8933538 91.4988
8207999.9 -18.6373306 89.91973
8231999.9 -25.254733 88.36607
8255999.9 -19.5054869 91.23915
8279999.9 -14.0571021 90.0724
8303999.9 -21.742569 89.41293
8327999.9 -19.2885889 91.08214
8351999.9 -15.551182 90.11623
8375999.9 -22.139675 88.61002
8399999.9 -21.531177 92.25394
8423999.9 -20.5497892 90.79924
8447999.9 -39.664584 91.81349
8471999.9 -20.5042214 91.62156
8495999.9 -23.374305 89.7888
8519999.9 -18.9475821 93.74974
8543999.9 -17.6910651 92.28758
8567999.9 -18.537886 90.25466
8591999.9 -19.6979388 88.70262
8615999.9 -38.205491 86.55099
8639999.9 -20.0643965 89.62661
8663999.9 -19.3469449 88.29184
8687999.9 -31.508598 86.65168
8711999.9 -18.2899824 89.215
8735999.9 -15.8013711 88.02304
8759999.9 -19.5570201 86.37397
8783999.9 -20.0909056 84.10611
8807999.9 -28.631285 87.98455
8831999.9 -16.4666442 91.81799
8855999.9 -14.7991469 90.43998
8879999.9 -23.57439 88.63533
8903999.9 -16.9973706 92.19678
8927999.9 -15.6472545 90.90222
8951999.9 -31.681865 93.69003
8975999.9 -12.9860434 92.48551
8999999.8 -13.2713657 91.61597
9023999.8 -21.1610366 92.08425
9047999.8 -13.1866047 92.00677
9071999.8 -12.7825541 90.92104
9095999.8 -32.690598 89.03106
9119999.8 -15.4999867 92.56637
9143999.8 -22.8817483 91.98529
9167999.8 -12.0768178 93.64535
9191999.8 -9.0801725 92.92901
9215999.8 -18.2354512 91.78955
9239999.8 -14.6346946 94.11954
9263999.8 -10.5310494 93.16977
9287999.8 -17.0603769 92.06507
9311999.8 -15.621624 94.61231
9335999.8 -12.5931256 94.1039
9359999.8 -15.1711735 94.58936
9383999.8 -11.0663882 94.49022
9407999.8 -14.7880293 93.72208
9431999.8 -22.4916193 96.84871
9455999.8 -12.8819158 94.83033
9479999.8 -11.5603997 93.75723
9503999.8 -26.8123409 92.43442
9527999.8 -11.343965 94.8932
9551999.8 -11.1407775 94.09887
9575999.8 -34.5812412 93.16116
9599999.8 -11.582273 95.19423
9623999.8 -13.490635 94.59785
9647999.8 -14.8033558 95.89841
9671999.8 -7.9385965 95.453
9695999.8 -11.8469973 95.36106
9719999.8 -8.264339 96.08221
9743999.8 -5.8903252 95.47712
9767999.8 -10.734141 94.88569
9791999.8 -22.8257982 95.18816
9815999.8 -17.0730179 95.62521
9839999.8 -25.374524 95.27689
9863999.8 -17.4263304 96.85864
9887999.8 -15.5747765 95.97576
9911999.8 -25.179152 94.19382
9935999.8 -20.256074 98.22358
9959999.8 -32.192138 101.73353
9983999.8 -17.8445206 99.68543
10008000 -19.9889181 98.46803
10032000 -21.616934 101.48368
10056000 -16.7558834 100.07657
10080000 -20.816904 98.61325
10104000 -21.320254 101.95119
10128000 -18.3696545 100.49789
10152000 -28.707251 98.776
10176000 -21.708943 101.98296
10200000 -26.983825 101.04086
10224000 -22.898215 103.12076
10248000 -19.0572655 101.91045
10272000 -22.478493 100.26763
10296000 -25.19761 98.30488
10320000 -29.347922 101.6953
10344000 -22.25229 105.71831
10368000 -17.996942 104.20089
10392000 -21.475636 103.06215
10416000 -29.139106 104.78068
10440000 -20.471826 103.756
10464000 -20.1516275 101.72475
10488000 -18.6219055 100.31881
10512000 -31.8514 99.05255
10536000 -21.278808 101.51458
10560000 -26.7613264 100.25032
10584000 -18.0453979 103.19628
10608000 -14.0265838 102.0388
10632000 -19.3964245 101.33119
10656000 -19.5660472 102.47936
10680000 -14.5123381 101.73242
10704000 -23.3135838 100.55279
10728000 -16.2800608 103.50062
10752000 -14.8705776 102.17264
10776000 -20.5472855 100.03704
10800000 -16.2558808 97.96778
10824000 -22.0733835 96.05897
10848000 -18.9350423 99.40339
10872000 -13.9805425 97.92854
10896000 -19.9881283 95.97227
10920000 -14.4715985 99.8000699999999
10944000 -13.3585471 98.6101
10968000 -27.9185696 101.38847
10992000 -14.5783046 99.85702
11016000 -16.4387047 98.16223
11040000 -13.6677599 101.65217
11064000 -11.8669239 100.29638
11088000 -17.1103545 98.8166
11112000 -16.4199965 101.53925
11136000 -16.9454975 100.07466
11160000 -10.56283251 103.63149
11184000 -7.35903611 102.30473
11208000 -17.8450301 102.00434
11232000 -9.25250513 103.60896
11256000 -8.36313358 102.54276
11280000 -21.9787704 100.71323
11304000 -10.579293114 104.63198
11328000 -11.66119969 103.69696
11352000 -11.73811001 105.00109
11376000 -3.6583115 104.73784
11400000 -7.0888727 103.70837
11424000 -18.10549315 106.31928
11448000 -14.0133634 105.11141
11472000 -8.1730294 108.33419
11496000 -5.23564456 107.01441
11520000 -7.4913726 106.27251
11544000 -16.8749204 107.00928
11568000 -7.03278041 106.77423
11592000 -10.56965308 106.00731
11616000 -16.21962997 108.13724
11640000 -9.6260465 107.19157
11664000 -16.37750381 106.34446
11688000 -10.833021903 108.04097
11712000 -5.6540642 107.0621
11736000 -6.574075 106.31506
11760000 -26.114997703 105.63322
11784000 -10.7136385 107.31625
11808000 -13.7976499 106.24615
11832000 -14.5286906 109.41685
11856000 -13.58958585 107.99329
11880000 -23.64869215 108.0107
11904000 -9.33053881 108.1631
11928000 -8.021403 107.21005
11952000 -13.81101999 106.2582
11976000 -18.47547596 108.78093
12000000 -16.7315936 112.82065
12024000 -8.94281303 111.18845
12048000 -7.6392322 109.82228
12072000 -15.66105214 107.86898
12096000 -16.51702437 111.76077
12120000 -9.7191188 115.54892
12144000 -12.1653196 113.65668
12168000 -9.5930682 117.71839
12192000 -4.4284406 116.09555
12216000 -6.925641 114.07337
12240000 -9.1312926 112.75925
12264000 -8.110677 115.23341
12288000 -3.9146357 113.638
12312000 -1.750983 118.21888
12336000 14.9262284 118.35314
12360000 10.049351 113.87875
12384000 2.610482 113.28713
12408000 -1.697835 112.70329
12432000 3.447658 114.33965
12456000 2.239357 113.57518
12480000 -0.285931 112.97018
12504000 -11.248249 116.40296
12528000 -4.406412 120.11347
12552000 -9.5630228 119.26485
12576000 -6.1380303 122.29118
12600000 -6.9083104 120.85514
12624000 -22.7469459 119.5572
12648000 -11.3730658 122.37081
12672000 -7.6861627 120.68648
12696000 -11.11123184 119.49367
12720000 -21.74812469 121.88078
12744000 -10.8951604 120.36534
12768000 -11.9248777 119.11992
12792000 -14.25661224 117.4188
12816000 -22.6869754 115.34877
12840000 -26.1472666 117.15527
12864000 -11.3139348 115.84425
12888000 -11.2697782 114.83055
12912000 -23.1450235 115.13688
12936000 -11.9968552 115.73764
12960000 -12.8452622 114.58365
12984000 -19.2306591 113.12575
13008000 -33.8655394 116.00234
13032000 -16.9409159 113.81857
13056000 -17.2419814 112.69437
13080000 -28.0033094 110.94375
13104000 -23.245116 113.56123
13128000 -19.322872 112.00028
13152000 -20.969532 110.1911
13176000 -20.8499914 108.12113
13200000 -30.4404966 107.05474
13224000 -17.6197088 108.86887
13248000 -14.6392726 107.76321
13272000 -20.4069536 106.41491
13296000 -21.3978325 109.8456
13320000 -19.6087833 108.13983
13344000 -26.1122489 106.13892
13368000 -19.6236809 109.80915
13392000 -19.5636031 108.47923
13416000 -37.4207768 108.06284
13440000 -19.6722043 108.96106
13464000 -16.9246891 107.60627
13488000 -20.0985232 106.32329
13512000 -28.8848997 110.13594
13536000 -26.5660451 113.83098
13560000 -22.116707 117.63144
13584000 -17.084883 116.02417
13608000 -17.3760202 114.29454
13632000 -18.5910111 112.74585
13656000 -28.236995 116.35267
13680000 -16.9898401 114.32008
13704000 -18.3344621 113.60798
13728000 -24.3142764 114.25442
13752000 -19.3348558 113.88703
13776000 -23.8800875 112.46642
13800000 -21.8421498 116.23033
13824000 -20.3657919 114.84328
13848000 -29.7935081 114.87247
13872000 -18.6507289 115.41092
13896000 -18.9245343 114.60712
13920000 -27.6815624 114.89198
13944000 -16.8646252 114.77742
13968000 -12.6351615 113.65912
13992000 -13.8307839 112.75659
14016000 -26.0499083 112.32443
14040000 -19.9787306 113.39297
14064000 -19.3512019 112.03393
14088000 -18.5107065 110.25409
14112000 -24.814371 108.49392
14136000 -20.9112634 111.76395
14160000 -16.4409607 110.44864
14184000 -22.4468904 109.80497
14208000 -16.6848592 110.68916
14232000 -11.9842998 109.94992
14256000 -18.868539 108.94734
14280000 -21.4075313 111.93005
14304000 -18.8277919 111.05678
14328000 -25.8594642 112.05803
14352000 -17.3095734 111.77253
14376000 -20.2677569 110.6786
14400000 -22.203019 113.29123
14424000 -14.1678352 112.26207
14448000 -18.4018237 111.40767
14472000 -19.1195783 113.45721
14496000 -14.8370083 112.72783
14520000 -26.4062769 111.46074
14544000 -19.1883226 114.17932
14568000 -21.6051053 112.82669
14592000 -24.0095959 116.17431
14616000 -17.5025162 114.1571
14640000 -17.8435604 112.78392
14664000 -20.5773095 110.67777
14688000 -22.6865085 108.60875
14712000 -18.507128 111.90472
14736000 -12.6403738 110.89249
14760000 -25.7822934 110.2611
14784000 -16.3415891 112.08625
14808000 -20.4706984 111.07255
14832000 -14.3680364 113.49444
14856000 -9.864136 112.40156
14880000 -9.9385101 111.28859
14904000 -21.5371111 109.5643
14928000 -17.022618 112.75045
14952000 -25.0114824 112.06095
14976000 -12.9096041 113.81987
15000000 -10.5613822 112.93845
15024000 -15.7787926 111.75846
15048000 -26.80033 114.88062
15072000 -18.2581904 118.84209
15096000 -21.4860811 117.13037
15120000 -12.3125305 120.45894
15144000 -9.2111884 119.44389
15168000 -16.03933289 118.73425
15192000 -15.4078736 119.96112
15216000 -13.0484553 118.92069
15240000 -15.4753793 117.29087
15264000 -17.2317005 121.12335
15288000 -17.4535247 119.65926
15312000 -22.4226399 121.45174
15336000 -9.6377781 120.47211
15360000 -11.2965645 119.49607
15384000 -20.56660844 123.57743
15408000 -11.83013694 127.46087
15432000 -13.9286929 126.44906
15456000 -17.48839531 127.66307
15480000 -8.03950215 127.09357
15504000 -11.351963 126.49102
15528000 -14.979878 128.07955
15552000 -8.3410061 127.24599
15576000 -13.2583889 125.80987
15600000 -12.3770741 129.8499
15624000 -13.7604561 127.47868
15648000 -12.2616419 125.48208
15672000 -10.3267474 123.72534
15696000 -11.3982074 121.67921
15720000 -22.4023813 119.92109
15744000 -11.9201046 122.96643
15768000 -11.0272763 121.11915
15792000 -14.7715801 124.72889
15816000 -4.911097 122.46098
15840000 -5.011579 119.95759
15864000 0.824854999999999 118.41833
15888000 4.667549 116.27871
15912000 -6.493439 118.56581
15936000 2.082076 117.82265
15960000 -7.545286 115.58492
15984000 -4.516848 119.20791
16008000 -2.494583 118.01446
16032000 -5.721235 120.52462
16056000 0.483332500000001 119.16937
16080000 7.5166342 118.06617
16104000 -3.2612573 116.81168
16128000 -4.9775326 117.70768
16152000 -1.961679 116.83608
16176000 -11.900866 120.2098
16200000 -8.0696474 118.25211
16224000 -5.5016989 115.93644
16248000 -7.8105457 113.99942
16272000 -10.9207058 112.55923
16296000 -21.6539029 110.64284
16320000 -13.3176074 113.00261
16344000 -9.30206413 112.06869
16368000 -13.44129048 111.12458
16392000 -19.5465942 112.02306
16416000 -12.3168812 111.63859
16440000 -13.9847759 110.8497
16464000 -20.8504394 111.64118
16488000 -14.700773 111.39364
16512000 -18.1867524 109.89582
16536000 -19.0251576 113.692
16560000 -18.2728046 112.11281
16584000 -22.9047754 110.16647
16608000 -21.6338411 113.50886
16632000 -17.8875218 112.27515
16656000 -33.8762808 112.44203
16680000 -16.7631404 113.13662
16704000 -16.9845633 112.36979
16728000 -31.8451354 112.35984
16752000 -17.700305 112.87339
16776000 -15.2129178 111.92709
16800000 -25.2744173 111.08597
16824000 -16.2731349 113.10435
16848000 -14.2620418 112.36578
16872000 -28.0647405 112.19155
16896000 -18.9843051 113.26697
16920000 -22.885557 112.12057
16944000 -20.9977763 115.24471
16968000 -16.9837562 113.9286
16992000 -22.3793836 113.03796
17016000 -21.0311253 114.59663
17040000 -17.253226 113.60526
17064000 -22.1371586 111.54294
17088000 -13.5243709 109.56222
17112000 -14.4845675 108.61934
17136000 -20.5589033 108.61165
17160000 -16.3052949 108.54799
17184000 -18.0093756 107.41883
17208000 -22.4243252 105.37762
17232000 -19.6148773 103.63445
17256000 -38.3536981 103.25985
17280000 -20.4148302 104.68327
17304000 -23.7214697 103.40705
17328000 -21.8647621 106.79737
17352000 -20.4748318 105.51928
17376000 -24.42106 109.25083
17400000 -20.0876828 107.27557
17424000 -19.4715065 105.28568
17448000 -15.7646245 103.55877
17472000 -18.1728743 102.16976
17496000 -28.239652 100.59944
17520000 -28.0334913 103.04312
17544000 -28.2490457 100.89432
17568000 -19.3724868 104.80305
17592000 -16.1617527 103.59217
17616000 -28.683404 102.98623
17640000 -18.4579588 104.55302
17664000 -15.6086924 103.55998
17688000 -24.8233882 102.52053
17712000 -21.9504838 104.84128
17736000 -18.2835922 103.98892
17760000 -30.3947175 104.56792
17784000 -19.3058139 105.04889
17808000 -24.2741596 104.09783
17832000 -25.0789479 107.15751
17856000 -29.2797778 106.25596
17880000 -22.2279319 108.32553
17904000 -19.749426 107.22938
17928000 -24.4677968 105.2924
17952000 -22.3769142 109.06752
17976000 -18.7873654 107.168
18000000 -19.134792 105.75906
18024000 -22.1023145 109.67525
18048000 -19.6857056 108.07473
18072000 -33.1913362 107.79028
18096000 -20.3226023 108.92113
18120000 -21.0369468 107.76978
18144000 -28.294159 111.76719
18168000 -22.8241897 115.59623
18192000 -24.6323633 113.45272
18216000 -18.9373006 117.43706
18240000 -16.1179482 115.98804
18264000 -20.8961963 114.47584
18288000 -25.4639441 118.47231
18312000 -25.145495 122.34001
18336000 -25.6388594 120.18609
18360000 -23.9278188 124.06618
18384000 -20.5246432 122.51751
18408000 -31.2656235 126.33436
18432000 -18.1353705 124.22949
18456000 -19.2184964 123.12311
18480000 -31.2898764 126.3792
18504000 -23.6813785 124.56942
18528000 -28.536207 128.50813
18552000 -23.1161546 132.13952
18576000 -19.2650124 130.40971
18600000 -18.8608359 128.52257
18624000 -18.2737151 126.65355
18648000 -25.2885469 125.39822
18672000 -18.8115863 127.73342
18696000 -16.1825068 126.68698
18720000 -31.1556749 124.82967
18744000 -15.3915749 128.23569
18768000 -14.5554133 127.06313
18792000 -22.8677093 126.26952
18816000 -17.4064215 127.66166
18840000 -14.2567893 126.83831
18864000 -26.1506467 126.53204
18888000 -15.3948709 127.91034
18912000 -16.4143151 126.88186
18936000 -21.7967507 130.23612
18960000 -10.62734408 128.5109
18984000 -12.0084809 127.43415
19008000 -21.6232163 127.88138
19032000 -10.27456282 128.20615
19056000 -13.05758408 127.30211
19080000 -23.19406689 129.79405
19104000 -10.6077015 128.66158
19128000 -14.43879031 127.2359
19152000 -25.50027105 130.24784
19176000 -11.4722369 128.56281
19200000 -12.8743599 127.26922
19224000 -22.7569717 130.82528
19248000 -17.9915897 128.84066
19272000 -17.4246592 132.38023
19296000 -12.858071 130.94835
19320000 -12.0564584 134.68443
19344000 -8.5350921 133.02469
19368000 -12.7945965 132.20069
19392000 -14.3411467 133.65071
19416000 -8.4091489 132.24195
19440000 -8.2050057 130.86493
19464000 -5.9345028 128.72056
19488000 -8.1319666 127.05449
19512000 -16.83285 127.79739
19536000 -3.4555509 127.5768
19560000 -5.3515922 126.69746
19584000 -20.0417337 125.96415
19608000 -8.6593511 127.44436
19632000 -8.0559152 126.03895
19656000 -9.1221789 129.99963
19680000 -2.9299033 127.51946
19704000 -6.2292478 126.41369
19728000 -10.582568 130.40381
19752000 -8.580143 127.71096
19776000 -19.5339385 131.90365
19800000 -12.683197 135.5827
19824000 -7.6221672 138.92703
19848000 -8.5585124 137.662
19872000 -8.6204573 135.75813
19896000 -9.940532 132.9997
19920000 -5.8820334 136.7632
19944000 -1.637334 134.9493
19968000 -5.181372 138.09763
19992000 1.840588 136.84713
20016000 -3.2563689 135.62808
20040000 -13.1998249 137.29809
20064000 -4.7654129 136.63675
20088000 -9.0106717 135.04543
20112000 -19.0382412 138.22809
20136000 -10.8257472 136.90996
20160000 -21.5999952 136.59661
20184000 -10.2588694 137.67295
20208000 -8.4685078 136.80768
20232000 -21.8899852 134.521
20256000 -13.2849178 138.1609
20280000 -13.1367839 136.98224
20304000 -21.1725058 139.68123
20328000 -11.38140718 138.34815
20352000 -13.373339814 137.8885
20376000 -13.06495429 138.68327
20400000 -9.6401348 138.14867
20424000 -13.7523964 137.12011
20448000 -20.16364262 140.56557
20472000 -15.938012 138.84907
20496000 -18.84189538 137.89701
20520000 -19.05131152 138.81562
20544000 -14.3342513 138.23246
20568000 -20.2112856 137.39444
20592000 -22.2967442 139.36121
20616000 -19.7222162 138.15406
20640000 -24.6766498 136.40009
20664000 -23.3816812 139.65834
20688000 -19.3608685 138.0903
20712000 -23.826055 136.39261
20736000 -21.2329745 139.88676
20760000 -19.6045785 138.22911
20784000 -17.9594284 136.57931
20808000 -21.4864635 135.35502
20832000 -26.6169878 136.4994
20856000 -18.8405945 135.73851
20880000 -21.3204267 134.42275
20904000 -29.1231761 136.40112
20928000 -14.6160804 135.42555
20952000 -14.3389414 134.39161
20976000 -29.5505036 133.87359
21000000 -18.2662751 135.3808
21024000 -16.4716061 134.13671
21048000 -23.0238589 132.83004
21072000 -26.3945342 135.55817
21096000 -21.3820775 133.9175
21120000 -25.3433273 137.77447
21144000 -18.718181 135.99067
21168000 -21.8003973 134.35326
21192000 -24.7670273 137.50647
21216000 -16.9870543 135.88998
21240000 -18.464536 134.70663
21264000 -27.4182832 136.5372
21288000 -16.6711161 135.89745
21312000 -28.3722031 134.72047
21336000 -17.5582796 137.44836
21360000 -16.3021329 136.46429
21384000 -26.9887481 134.26847
21408000 -20.1729978 137.94707
21432000 -19.5729364 136.50934
21456000 -30.2187529 140.27033
21480000 -20.2653456 144.15133
21504000 -23.61869 142.47061
21528000 -16.7661567 146.22646
21552000 -18.6537331 145.44616
21576000 -20.0774865 147.01909
21600000 -13.6387716 146.33422
21624000 -19.6010422 144.9688
21648000 -18.2977481 149.10883
21672000 -21.0226956 147.97802
21696000 -22.9911251 148.71824
21720000 -14.4117582 148.05064
21744000 -15.1792739 147.1373
21768000 -21.7172477 148.74892
21792000 -11.134878 148.39753
21816000 -14.8636866 147.58652
21840000 -21.0431299 149.92136
21864000 -14.3249907 149.06168
21888000 -22.3440252 147.68745
21912000 -25.0448347 150.52539
21936000 -20.532924 148.86816
21960000 -23.7617284 147.04827
21984000 -25.299142 150.58505
22008000 -24.8689391 148.55932
22032000 -18.164198 152.44941
22056000 -18.018054 151.18793
22080000 -29.2907075 154.85434
22104000 -18.4086806 152.84809
22128000 -25.4512647 151.64128
22152000 -22.0108957 154.28055
22176000 -17.7752705 152.98604
22200000 -32.4152779 151.35945
22224000 -16.5599203 154.3292
22248000 -14.7303811 153.21705
22272000 -26.0142904 156.75595
22296000 -13.1916188 154.99508
22320000 -13.9099726 153.91836
22344000 -44.9263282 157.74027
22368000 -15.5694438 161.39128
22392000 -16.5399573 160.26616
22416000 -25.0678967 162.42043
22440000 -14.6806282 161.57022
22464000 -21.58471207 160.11441
22488000 -15.4730981 163.41948
22512000 -14.16196421 162.39306
22536000 -29.56714521 161.49702
22560000 -20.3994264 162.92342
22584000 -16.8286933 161.38213
22608000 -16.13867631 159.63369
22632000 -20.1746147 157.69507
22656000 -20.4573061 161.66168
22680000 -18.6309591 159.79121
22704000 -25.2008901 163.75308
22728000 -16.03732588 167.8508
22752000 -17.25657308 166.66228
22776000 -20.322987577 169.51884
22800000 -15.22515039 168.39973
22824000 -24.07619403 171.94726
22848000 -12.96805422 170.09691
22872000 -13.3305663 168.9052
22896000 -19.4701572 167.22228
22920000 -26.0859877 168.56969
22944000 -14.7727905 167.50556
22968000 -13.2610599 165.5586
22992000 -12.5994113 164.10639
23016000 -24.4309693 164.64904
23040000 -7.999535 165.08856
23064000 -8.1372658 164.45185
23088000 -17.528613 164.94445
23112000 -9.9266066 165.08476
23136000 -16.1386547 163.91369
23160000 -11.6194288 167.13716
23184000 -6.2150256 165.30918
23208000 -11.1919046 164.00103
23232000 -10.3610087 167.29879
23256000 -2.675512 165.04528
23280000 -8.5366928 163.60036
23304000 -7.774332 161.72323
23328000 -10.581037 159.4911
23352000 -8.9537034 162.58077
23376000 0.880034 161.31165
23400000 -10.82613 159.04326
23424000 -5.887637 161.9497
23448000 -2.183734 160.96682
23472000 -14.869529 161.86743
23496000 -4.1259661 161.66348
23520000 -3.899092 160.2243
23544000 -10.127437 158.76578
23568000 -15.8956651 159.95328
23592000 -2.691873 159.17421
23616000 -4.0484433 157.70964
23640000 -6.694385 156.08841
23664000 -11.988242 158.5913
23688000 -5.3005352 157.11587
23712000 -6.6267156 156.36987
23736000 -15.3023448 157.5982
23760000 -9.2255266 156.93709
23784000 -13.7899064 155.60529
23808000 -19.6753026 158.47882
23832000 -12.5003488 156.64712
23856000 -14.1050581 155.39116
23880000 -14.8748328 158.61029
23904000 -10.8785216 157.53325
23928000 -17.6392987 157.46307
23952000 -12.8525712 157.90193
23976000 -13.798811 157.15935
24000000 -26.2502608 156.4364
24024000 -14.0382453 157.47936
24048000 -12.0766817 156.58526
24072000 -23.4918908 154.9804
24096000 -11.1449784 158.15165
24120000 -11.6136019 157.30885
24144000 -27.939218 157.74485
24168000 -14.03522396 158.10195
24192000 -17.04796956 157.07999
24216000 -20.73688741 160.48216
24240000 -13.95730846 158.86286
24264000 -20.42779439 158.39884
24288000 -14.04427501 159.3772
24312000 -10.90750382 158.53101
24336000 -17.9858681 157.67922
24360000 -19.86681352 160.16909
24384000 -16.67309666 159.11154
24408000 -25.8241063 160.8743
24432000 -12.6118951 160.45372
24456000 -14.59970159 159.67685
24480000 -24.93444985 161.20388
24504000 -15.14930933 160.73922
24528000 -23.83027125 159.34583
24552000 -19.7922596 162.46784
24576000 -19.42001503 161.3949
24600000 -27.5147729 162.99026
24624000 -16.15751116 162.20754
24648000 -17.00692805 160.8401
24672000 -17.5428506 158.59227
24696000 -19.15264137 157.33056
24720000 -25.07534252 159.20903
24744000 -16.882168 158.35261
24768000 -26.7120898 157.18906
24792000 -19.6448333 159.97326
24816000 -17.1344659 158.47394
24840000 -20.501221 156.88367
24864000 -24.9918653 160.39457
24888000 -17.1984531 158.49988
24912000 -21.1131611 157.18126
24936000 -21.9592425 160.21175
24960000 -17.0286973 158.66904
24984000 -19.3641422 157.2375
25008000 -26.1547001 161.05451
25032000 -19.739759 164.86885
25056000 -22.2181441 163.14646
25080000 -17.9607798 161.0142
25104000 -20.3814247 159.92976
25128000 -21.157128 161.7803
25152000 -13.9663993 161.08513
25176000 -17.9046303 160.24109
25200000 -23.0378459 160.63297
25224000 -15.1417714 160.13162
25248000 -15.7920005 159.1411
25272000 -30.4523366 161.92729
25296000 -15.0629347 160.80651
25320000 -23.4168859 159.8557
25344000 -17.192475 162.22734
25368000 -14.4603111 161.34687
25392000 -26.592537 160.60199
25416000 -19.6379489 161.9685
25440000 -16.4673488 160.75918
25464000 -20.2553712 159.00011
25488000 -20.4600219 162.94426
25512000 -20.2604833 160.91131
25536000 -18.8551494 158.7653
25560000 -22.8398378 157.20599
25584000 -18.87441227 160.32391
25608000 -14.64299486 158.9587
25632000 -21.2865675 157.94394
25656000 -24.98501046 159.51379
25680000 -16.2131761 158.35972
25704000 -18.0295684 157.11315
25728000 -24.02513046 160.97982
25752000 -21.29352185 159.13331
25776000 -26.3186396 162.49223
25800000 -17.10287514 160.92278
25824000 -24.87861496 159.08815
25848000 -17.05906473 162.80477
25872000 -17.5115915 161.80046
25896000 -21.7908953 163.3308
25920000 -12.3802376 162.61847
25944000 -12.6172568 161.51248
25968000 -33.272211 159.52921
25992000 -17.4005142 162.42313
26016000 -14.2383249 160.93173
26040000 -18.461569 159.05181
26064000 -23.3782657 162.41842
26088000 -16.1878388 160.50864
26112000 -15.5827304 158.35962
26136000 -13.3272498 156.54541
26160000 -13.5117136 154.81714
26184000 -14.8724808 152.82891
26208000 -20.8409671 151.72298
26232000 -19.4949888 153.0997
26256000 -12.1866625 151.68444
26280000 -11.6007237 150.33749
26304000 -15.3067367 149.04735
26328000 -18.7514906 151.92137
26352000 -16.2779272 150.32365
26376000 -16.5062324 154.02461
26400000 -10.7472444 152.39117
26424000 -12.7879093 151.28484
26448000 -24.3266331 150.86972
26472000 -13.428234 151.30868
26496000 -11.3855421 150.1688
26520000 -12.8513606 148.24279
26544000 -11.1191159 146.08017
26568000 -14.8839359 144.68692
26592000 -19.0121483 147.96298
26616000 -9.6714436 145.99967
26640000 -11.5722725 145.00633
26664000 -17.7272052 146.10653
26688000 -8.5306719 145.72433
26712000 -14.5844947 144.72874
26736000 -10.8702362 147.62307
26760000 -6.9015748 146.62775
26784000 -11.1890823 146.08731
26808000 -11.7128227 146.58484
26832000 -8.7440737 145.98102
26856000 -18.5766972 145.27809
26880000 -9.192853 147.5784
26904000 -9.930524 146.53481
26928000 -17.8903334 149.61287
26952000 -6.8758489 148.30876
26976000 -12.8692928 146.4382
27000000 -12.936333 144.52337
27024000 -17.103384 147.97653
27048000 -6.622453 145.80394
27072000 -10.880563 149.95306
27096000 6.792016 148.34987
27120000 0.520889 146.49994
27144000 -16.035858 148.2761
27168000 8.861838 149.06749
27192000 6.484971 144.32999
27216000 -6.380391 144.5155
27240000 4.132362 145.1228
27264000 2.647556 144.44649
27288000 -8.357699 144.77049
27312000 -5.171064 144.85151
27336000 -10.355154 143.90134
27360000 -6.73447 147.04305
27384000 -4.7627182 145.59656
27408000 -10.5858993 144.91458
27432000 -9.6433161 146.47308
27456000 -7.6136756 145.50903
27480000 -17.7287306 144.31471
27504000 -12.898662 147.29958
27528000 -10.61408 145.73605
27552000 -17.60904 144.60201
27576000 -13.764587 146.43658
27600000 -10.5582521 145.27683
27624000 -12.8478888 143.56779
27648000 -10.2462705 141.69827
27672000 -20.7185696 140.15447
27696000 -15.7475559 143.29102
27720000 -14.8981889 141.42577
27744000 -17.8578046 139.25042
27768000 -23.9380407 143.19314
27792000 -13.2500802 147.24535
27816000 -13.6555023 145.71617
27840000 -15.5699029 143.90978
27864000 -18.7864968 141.91883
27888000 -17.6393775 145.5959
27912000 -22.1183179 143.97661
27936000 -14.5723371 147.41847
27960000 -14.4252247 146.37554
27984000 -23.7315285 147.67271
28008000 -12.9143504 147.25458
28032000 -15.3803489 145.91729
28056000 -22.3821393 149.93097
28080000 -14.9924969 153.65918
28104000 -14.7475502 152.42968
28128000 -28.4909748 150.81457
28152000 -20.1458962 153.77068
28176000 -18.5070763 157.61026
28200000 -13.4807679 156.29641
28224000 -18.6817296 154.98396
28248000 -20.906953 157.67888
28272000 -16.1149501 156.10103
28296000 -14.9451969 154.56929
28320000 -32.2932308 154.24932
28344000 -15.6019705 155.47678
28368000 -13.7740712 154.19413
28392000 -15.7818216 152.19941
28416000 -21.5507335 150.35563
28440000 -14.3372382 153.97039
28464000 -15.1858758 152.94434
28488000 -24.1954584 154.81666
28512000 -14.948845 154.29762
28536000 -30.85220785 154.58278
28560000 -15.32643409 155.48645
28584000 -14.6984787 154.45943
28608000 -37.32366462 152.37659
28632000 -15.48865373 155.49686
28656000 -12.9703328 154.1936
28680000 -16.079968 152.315
28704000 -15.2153656 150.92724
28728000 -18.8103258 150.77076
28752000 -14.30256906 150.75492
28776000 -14.43171619 149.70733
28800000 -16.23904747 147.8303
28824000 -18.540976499 146.16843
28848000 -46.772994457 144.69761
28872000 -16.77743931 147.0219
28896000 -18.618803728 146.01772
28920000 -20.57174339 148.59953
28944000 -10.6732648 147.72577
28968000 -16.90364593 147.1929
28992000 -14.76159978 148.70513
29016000 -10.45617605 148.14387
29040000 -17.47798573 147.69984
29064000 -18.252181677 148.71666
29088000 -17.4993177 148.0616
29112000 -30.08202346 150.48546
29136000 -16.713997109 149.6781
29160000 -24.56491551 148.86089
29184000 -16.45771283 150.97826
29208000 -14.08981345 150.40344
29232000 -19.97726064 150.51127
29256000 -14.12086512 150.83898
29280000 -13.53938256 150.07418
29304000 -22.4153889 148.81347
29328000 -18.317786 151.1651
29352000 -15.17285192 149.93566
29376000 -16.4780868 148.30331
29400000 -23.2605925 146.93725
29424000 -18.4601668 148.41507
29448000 -12.2889542 147.53168
29472000 -20.3996594 145.9046
29496000 -14.8008651 149.63783
29520000 -14.0689259 148.49119
29544000 -32.95246519 147.31228
29568000 -20.19221699 149.37937
29592000 -17.4286986 148.12561
29616000 -30.1142849 145.88514
29640000 -19.24534742 149.8576
29664000 -24.1136641 149.87812
29688000 -13.7215913 150.57623
29712000 -12.07767192 149.95665
29736000 -20.355917 149.12415
29760000 -19.8739276 151.08972
29784000 -18.7726688 149.88168
29808000 -26.0262412 153.71569
29832000 -18.46016906 157.62158
29856000 -19.20484341 155.89942
29880000 -14.8140374 153.6933
29904000 -13.9814871 152.24391
29928000 -26.4673181 150.42275
29952000 -16.3980826 153.64513
29975999 -14.3967019 152.20558
29999999 -21.2677825 150.38342
30023999 -14.2351006 153.72717
30047999 -14.6642916 152.64491
30071999 -19.760905 154.9534
30095999 -7.8006692 154.19872
30119999 -12.1076774 153.46407
30143999 -15.3973171 154.85831
30167999 -8.0046053 153.99241
30191999 -13.32668 152.55401
30215999 -16.0341538 155.6854
30239999 -5.7590553 154.5858
30263999 -10.3315757 154.06169
30287999 -8.6412706 155.43284
30311999 -5.3421449 155.14008
30335999 -10.9484778 155.65788
30359999 -5.08791 155.74559
30383999 -4.1402118 154.8262
30407999 -17.7331137 154.0935
30431999 -8.4299331 155.265
30455999 -5.203232 154.1876
30479999 -8.790581 157.7201
30503999 -3.978012 156.3778
30527999 -8.936635 154.762
30551999 -3.41349 157.8302
30575999 -2.797407 157.1774
30599999 -12.128102 157.7581
30623999 3.614759 157.536
30647999 3.083744 156.6083
30671999 -12.505831 159.8818
30695999 -0.944306000000001 157.7539
30719999 -7.673642 158.1085
30743999 17.504891 155.6693
30767999 32.166224 151.1421
30791999 1.623981 146.6414
30815999 -4.732593 148.3375
30839999 16.096355 148.4212
30863999 11.698494 145.806
30887999 -1.149537 150.9569
30911999 0.776433999999998 150.2828
30935999 -3.267783 150.562
30959999 -2.387052 150.2853
30983999 -6.863376 149.3754
31007999 -14.702839 152.7069
31031999 -7.810706 156.6367
31055999 -2.584676 155.2634
31079999 -9.901398 153.0229
31103999 -10.857098 157.2493
31127999 -21.441192 159.3759
31151999 -2.827118 158.0923
31175999 -4.4407664 157.0997
31199999 -8.9838917 155.9425
31223999 -32.2486023 157.3218
31247999 -9.2839871 156.3524
31271999 -6.9280207 154.8447
31295999 -8.1803914 153.0338
31319999 -15.4562321 151.9354
31343999 -14.3854824 154.2061
31367999 -10.2738784 152.7353
31391999 -11.9879674 150.8724
31415999 -15.0829685 149.058
31439999 -13.4701836 152.5488
31463999 -14.1738969 151.9271
31487999 -11.6827973 153.302
31511999 -7.0674628 152.5082
31535999 -16.4710635 150.5857
31559999 -9.038916 148.7711
31583999 -21.1569092 147.4927
31607999 -10.8737992 150.0017
31631999 -7.6838196 149.0525
31655999 -15.4684977 147.7495
31679999 -13.4912063 149.9141
31703999 -7.3454919 149.0157
31727999 -15.1212826 148.4063
31751999 -12.4678268 149.777
31775999 -11.8494209 148.9562
31799999 -23.4154575 152.2153
31823999 -14.7856001 150.6819
31847999 -15.672758 149.4315
31871999 -25.647536 151.5816
31895999 -12.329719 150.2885
31919999 -13.9126773 149.4898
31943999 -18.2172445 151.8064
31967999 -11.3418214 150.8361
31991999 -18.4373603 149.6628
32015999 -17.5076393 152.7286
32039999 -16.7272959 151.213
32063999 -18.9373555 149.1477
32087999 -20.7046064 146.9696
32111999 -26.3827924 150.5372
32135999 -14.959023 154.6528
32159999 -13.4374266 153.2835
32183999 -22.2628239 151.3351
32207999 -18.9215688 149.3079
32231999 -32.6291967 151.5686
32255999 -13.3534654 150.3154
32279999 -13.0607862 149.2572
32303999 -21.7480935 153.1631
32327999 -14.119342 151.0914
32351999 -15.2472405 150.1902
32375999 -18.9023685 151.427
32399999 -11.0729652 150.8593
32423999 -13.7950316 150.1993
32447999 -19.3429103 151.7005
32471999 -11.439491 151.0138
32495999 -14.7541968 150.1271
32519999 -32.337826 151.7212
32543999 -16.8651993 150.9413
32567999 -20.3116341 149.5966
32591999 -20.0371129 153.1288
32615999 -21.6888272 152.1417
32639999 -15.7616066 153.8446
32663999 -7.676355 153.0165
32687999 -10.1336874 152.2587
32711999 -17.2049715 152.7366
32735999 -10.078323 152.7074
32759999 -11.9161743 151.968
32783999 -23.2154789 153.142
32807999 -9.9283074 152.8325
32831999 -11.8122928 152.0056
32855999 -29.2223756 151.3694
32879999 -16.3204778 153.2591
32903999 -23.4607971 152.4736
32927999 -15.5751935 154.4843
32951999 -10.8188649 153.6123
32975999 -19.193764 152.878
32999999 -16.3122783 154.7669
33023999 -12.6660288 153.7397
33047999 -21.567037 152.1726
33071999 -17.0297188 155.7049
33095999 -16.4767139 154.6031
33119999 -21.7352556 155.8825
33143999 -11.8613264 155.6163
33167999 -14.3426885 154.9639
33191999 -17.235692 156.2215
33215999 -11.83322 155.7239
33239999 -19.0450675 154.4038
33263999 -14.1494606 157.4638
33287999 -11.4589257 156.4478
33311999 -30.7643492 155.0747
33335999 -12.3807598 157.4991
33359999 -12.6398105 156.5599
33383999 -32.6727586 160.3243
33407999 -16.1305094 163.7394
33431999 -13.6630353 162.1971
33455999 -13.6072097 160.5278
33479999 -23.3805426 163.9896
33503999 -13.636865 161.944
33527999 -12.8857827 160.4325
33551999 -20.293427 158.9304
33575999 -18.7647366 161.1654
33599999 -11.167438 159.8794
33623999 -19.7630792 158.2569
33647999 -14.7719853 161.8938
33671999 -14.6391491 160.5082
33695999 -17.2120573 163.8084
33719999 -11.2757461 162.3158
33743999 -16.6666135 160.615
33767999 -15.9742947 163.5662
33791999 -13.1755218 162.3997
33815999 -17.1891219 166.0013
33839999 -9.9649734 164.231
33863999 -16.517244 162.9397
33887999 -8.6234735 166.2013
33911999 -10.7449809 165.0641
33935999 -13.09417 167.664
33959999 -6.4384768 166.7225
33983999 -17.0044098 165.685
34007999 -13.7932574 168.5636
34031999 -10.1622978 167.1287
34055999 -17.107104 165.0847
34079999 -11.7669749 168.825
34103999 -6.898027 167.6235
34127999 -16.4457376 168.748
34151999 -6.0626582 168.6012
34175999 -7.3409142 167.7943
34199999 -18.77929 170.4203
34223999 -11.9102467 169.1516
34247999 -16.731086 172.0858
34271999 -7.4965072 170.3015
34295999 -6.1268959 169.2721
34319999 -11.977251 168.4043
34343999 -10.0689016 169.671
34367999 -5.3417318 168.9709
34391999 -11.30191 167.8225
34415999 -13.755958 169.3463
34439999 -6.450043 168.5787
34463999 -12.675844 167.8253
34487999 -8.270073 169.0777
34511999 -7.210126 168.5861
34535999 -6.925314 169.7776
34559999 -3.3190141 169.3203
34583999 -5.285864 168.8711
34607999 -6.3346429 169.293
34631999 -4.6097358 168.9593
34655999 -11.5168405 168.6504
34679999 -7.2551025 170.0407
34703999 -4.6547292 169.873
34727999 -4.9721385 170.1316
34751999 -3.4233363 170.2423
34775999 -4.5574091 170.3449
34799999 -4.2485882 170.7151
34823999 -3.1228059 170.6756
34847999 -5.1095429 170.6844
34871999 -4.5924214 170.9138
34895999 -5.3750267 170.6281
34919999 -17.2158808 170.786
34943999 -4.0399022 172.5054
34967999 -0.7367879 172.0504
34991999 -1.6478187 172.1894
35015999 0.6503906 172.2569
35039999 -0.8813414 171.9749
35063999 -3.593432 172.2023
35087999 -1.782799 172.2323
35111999 -4.4203571 172.1006
35135999 -4.2178922 172.79
35159999 -0.275607300000001 172.648
35183999 -5.1908331 172.5451
35207999 -5.213208 173.2932
35231999 -5.083189 172.4443
35255999 -15.20297 175.1068
35279999 -3.740396 173.6682
35303999 -7.401299 171.8742
35327999 -20.5000022 175.3196
35351999 -8.4596905 173.4509
35375999 -13.3379 172.1152
35399999 -15.0192489 175.3233
35423999 -10.1129748 174.2414
35447999 -23.9432809 173.5008
35471999 -17.6506756 174.4296
35495999 -11.5154688 172.9911
35519999 -11.2704121 171.6398
35543999 -21.6546455 170.1291
35567999 -18.098033 173.1113
35591999 -17.6694122 170.8628
35615999 -17.994445 169.0306
35639999 -15.945724 172.6178
35663999 -12.8536093 170.62
35687999 -14.9698763 168.8458
35711999 -13.3071842 172.75
35735999 -11.6151899 170.7009
35759999 -13.5670903 169.661
35783999 -20.3972561 171.3155
35807999 -8.7020305 170.5031
35831999 -11.450667 169.7408
35855999 -22.3735187 171.7496
35879999 -10.5190565 170.7096
35903999 -14.0421776 169.9691
35927999 -15.9249042 171.8175
35951999 -6.6934143 170.7789
35975999 -11.1415472 170.0364
35999999 -20.6478582 172.4094
36023999 -9.4510646 171.5611
36047999 -17.3272142 171.4718
36071999 -8.4936065 172.3973
36095999 -7.2654115 171.7071
36119999 -16.1656223 172.0674
36143999 -6.7325856 172.9005
36167999 -6.3137255 172.2032
36191999 -18.0628473 173.0634
36215999 -7.569303 173.2234
36239999 -8.6160423 172.24
36263999 -17.8823106 171.8075
36287999 -13.5889813 172.7922
36311999 -13.6622572 172.0397
36335999 -19.5838748 174.4944
36359999 -12.9557032 173.9245
36383999 -19.5084152 174.8811
36407999 -9.8569976 174.7606
36431999 -9.5201368 173.7537
36455999 -17.8822027 172.0321
36479999 -15.0229461 175.2973
36503999 -13.1610535 174.0268
36527999 -15.1463179 176.8026
36551999 -7.0548069 175.8325
36575999 -10.5451922 175.2681
36599999 -10.6453683 176.2575
36623999 -7.0680493 175.5807
36647999 -8.7096479 174.2423
36671999 -14.8713073 172.2689
36695999 -23.2757992 170.368
36719999 -18.4498892 172.5535
36743999 -10.6970254 171.2472
36767999 -15.0596722 171.1228
36791999 -9.6850179 171.8335
36815999 -8.700335 171.4949
36839999 -14.0833463 172.1204
36863999 -8.7069013 172.5751
36887999 -10.6715649 172.4988
36911999 -10.6516584 173.2596
36935999 -6.5486938 173.1778
36959999 -7.55988844 173.1192
36983999 -5.49760712 173.4138
37007999 -2.96652833 173.2203
37031999 -4.625857046 172.9651
37055999 -8.594712 172.9135
37079999 -19.44985936 173.0023
37103999 -11.7805889 175.0527
37127999 -6.8401389 174.7078
37151999 -8.0732463 174.4907
37175999 -8.7793546 174.8953
37199999 -6.2521498 174.9265
37223999 -8.16160504 174.8269
37247999 -9.43082497 175.3643
37271999 -7.3847914 175.4789
37295999 -9.0741281 175.5582
37319999 -7.9571062 175.9804
37343999 -7.1543372 175.8934
37367999 -10.6071415 175.9953
37391999 -10.4561251 176.4564
37415999 -13.445711 176.5789
37439999 -10.1422639 177.6458
37463999 -7.104966 177.3152
37487999 -16.2865649 177.7666
37511999 -4.766473 178.6449
37535999 -7.105783 177.8606
37559999 -9.609684 181.1523
37583999 1.708194 179.9467
37607999 -12.035646 178.4912
37631999 -4.224434 181.3335
37655999 -1.075589 180.6751
37679999 -5.821353 178.4644
37703999 -9.532576 176.6686
37727999 -6.709171 180.4713
37751999 -0.698224 178.7078
37775999 -8.518499 177.8927
37799999 -18.463426 180.3019
37823999 -6.146963 179.2408
37847999 -5.092372 177.9668
37871999 -10.500166 177.6906
37895999 -6.499958 177.9662
37919999 -8.540584 177.148
37943999 -12.321508 181.4435
37967999 -6.724795 179.6939
37991999 -21.155333 177.7231
38015999 -12.8981225 181.5451
38039999 -11.529664 180.0585
38063999 -14.4840252 183.8138
38087999 -16.2284094 182.2019
38111999 -25.0022622 185.89
38135999 -11.6339842 189.5662
38159999 -11.6652933 188.6562
38183999 -27.1765747 187.2285
38207999 -12.741059 190.0532
38231999 -19.587757 188.4914
38255999 -11.2903186 191.8994
38279999 -6.6996176 190.472
38303999 -10.6747532 189.4517
38327999 -21.5075807 191.2576
38351999 -6.467391 190.3061
38375999 -8.7756403 188.987
38399999 -10.741697 187.1873
38423999 -14.384229 185.3214
38447999 -19.1539129 188.7941
38471999 -14.986408 192.2457
38495999 -4.870374 190.4102
38519999 -8.0033804 189.5889
38543999 -15.896373 190.7456
38567999 -6.971664 190.2752
38591999 -17.46022 188.3858
38615999 -3.365445 192.3097
38639999 -0.518300999999999 191.0898
38663999 -8.982268 190.7835
38687999 -3.56423 191.765
38711999 -2.353416 190.9827
38735999 -24.195188 189.8491
38759999 -2.673758 192.7743
38783999 -5.344178 191.9256
38807999 -10.6705266 192.7861
38831999 -3.552883 192.7298
38855999 -7.125605 191.7311
38879999 -13.828849 193.3089
38903999 -5.97538 192.9732
38927999 -22.772781 191.1934
38951999 -6.514698 194.4703
38975999 -5.129523 193.8163
38999999 -25.057813 194.6724
39023999 -9.593989 194.8953
39047999 -16.803706 193.5633
39071999 -6.825077 196.8719
39095999 -10.912699 195.7546
39119999 -14.555707 199.3117
39143999 -5.19552 198.054
39167999 -9.678035 197.9861
39191999 -2.861126 198.4696
39215999 -1.34571 197.7066
39239999 -16.9150215 197.8388
39263999 -6.2632836 198.8501
39287999 -5.4500483 197.9151
39311999 -19.8375154 197.2969
39335999 -8.943464 199.0467
39359999 -7.0721605 198.2567
39383999 -19.0114515 198.5444
39407999 -10.7232216 199.387
39431999 -16.738218 198.3341
39455999 -13.8228533 201.449
39479999 -12.6509136 200.8187
39503999 -18.6949626 201.6591
39527999 -12.0009962 201.5531
39551999 -15.3027031 201.0149
39575999 -15.0905038 201.9455
39599999 -10.2310801 201.364
39623999 -13.0583473 200.6263
39647999 -24.218039 203.289
39671999 -16.2944714 201.8567
39695999 -20.8826586 205.7753
39719999 -11.4513069 203.8166
39743999 -11.9712077 202.4465
39767999 -19.2660379 201.4856
39791999 -15.8803302 202.8113
39815999 -12.7155797 201.7773
39839999 -16.4909984 200.2975
39863999 -15.5170426 204.0258
39887999 -14.8882372 201.7454
39911999 -16.1699287 200.1009
39935999 -11.669162 203.7608
39959999 -8.7840719 202.6461
39983999 -13.6777161 203.0724
40007999 -6.7609088 203.4026
40031999 -8.608815 202.9524
40055999 -15.2123585 203.5907
40079999 -8.4093037 203.5085
40103999 -9.6503142 202.7246
40127999 -19.0870279 202.4001
40151999 -15.3894675 203.8076
40175999 -39.9124788 202.0347
40199999 -9.638832 205.7708
40223999 -9.69204 205.1403
40247999 -12.85726 206.0932
40271999 -7.3653303 205.9491
40295999 -8.719034 205.0854
40319999 -15.1509236 206.9001
40343999 -6.0673597 206.2166
40367999 -6.82786 205.5741
40391999 -15.155788 206.5238
40415999 -10.1972187 206.3386
40439999 -16.10173 210.2475
40463999 -7.0760265 208.6013
40487999 -10.713638 208.0659
40511999 -8.389352 209.2655
40535999 -3.379193 208.2162
40559999 -5.060333 207.3593
40583999 -20.730891 207.1219
40607999 -6.640566 208.0757
40631999 -8.494882 207.3413
40655999 -16.145264 210.2567
40679999 -6.524896 208.2615
40703999 -8.130099 207.2661
40727999 -23.47761 207.5308
40751999 -5.59729 208.2517
40775999 -8.50106 207.673
40799999 -12.034071 209.3999
40823999 -7.2994247 208.8618
40847999 -17.1116824 208.4832
40871999 -9.813694 209.9397
40895999 -7.880757 208.434
40919999 -11.797546 206.6442
40943999 -7.825053 204.5012
40967999 -8.477764 203.4908
40991999 -12.30287 204.8181
41015999 -1.372031 204.3617
41039999 -5.962876 203.4751
41063999 -22.233755 204.6327
41087999 -4.953856 204.3308
41111999 -10.291085 202.4621
41135999 -10.305501 206.5694
41159999 -6.394597 205.4086
41183999 -18.924645 205.9752
41207999 -7.801317 206.3264
41231999 -9.957909 205.3555
41255999 -11.633823 208.3692
41279999 -10.052027 207.1749
41303999 -5.366757 210.5644
41327999 -2.657121 209.1269
41351999 -16.516771 208.9242
41375999 -2.904944 211.067
41399999 0.804531000000001 209.5727
41423999 -10.674876 208.9117
41447999 -10.920341 210.5911
41471999 -11.907628 209.6559
41495999 -3.226612 213.2763
41519999 2.963276 212.4535
41543999 -5.479998 211.8575
41567999 -3.855848 213.2666
41591999 0.0321889999999989 212.969
41615999 -9.335209 216.2328
41639999 -3.518948 214.5712
41663999 -5.349051 214.4021
41687999 -2.516834 215.2672
41711999 0.40502 214.4338
41735999 -6.241095 214.18
41759999 -5.015301 215.7951
41783999 -3.258108 214.8133
41807999 -8.394505 213.5431
41831999 -10.05917 211.5394
41855999 -15.804118 214.0981
41879999 -7.933567 212.9105
41903999 -6.182207 211.6547
41927999 -11.943213 209.5853
41951999 -18.975952 207.6804
41975999 -14.125941 209.9584
41999999 -7.207639 208.2392
42023999 -11.561693 207.1106
42047999 -16.251747 210.7451
42071999 -13.1300359 209.4461
42095999 -18.285507 210.2636
42119999 -8.587557 210.0212
42143999 -11.9925796 208.8887
42167999 -20.7068441 212.5063
42191999 -8.3076433 210.8186
42215999 -9.1156962 210.0104
42239999 -11.8057118 210.7018
42263999 -4.9441616 210.5785
42287999 -8.571747 210.0457
42311999 -12.8759619 210.8787
42335999 -7.4796204 210.6015
42359999 -13.6681295 209.3955
42383999 -16.011869 212.9399
42407999 -11.6539658 212.0174
42431999 -15.6739373 212.4007
42455999 -9.5167942 212.5771
42479999 -9.7718215 212.113
42503999 -17.471098 212.6849
42527999 -12.9308722 212.7321
42551999 -21.3737166 212.1794
42575999 -14.0053309 213.9049
42599999 -12.280548 212.9427
42623999 -20.8842377 216.9552
42647999 -9.7349735 215.0736
42671999 -10.106327 214.5954
42695999 -9.8554432 215.1416
42719999 -7.4707395 215.0038
42743999 -11.4424258 215.0737
42767999 -9.8280463 215.6367
42791999 -10.8739366 215.3039
42815999 -20.1742135 216.0155
42839999 -10.0869514 216.3489
42863999 -11.3051917 215.8605
42887999 -14.1493661 216.4287
42911999 -11.9458068 216.3923
42935999 -23.4723736 218.1447
42959999 -6.5903812 218.2805
42983999 -4.7239221 217.7303
43007999 -11.5239455 217.8619
43031999 -7.2914109 218.4395
43055999 -6.5303344 217.7206
43079999 -29.0718355 217.4257
43103999 -11.680837 219.2249
43127999 -11.5484828 218.7854
43151999 -14.0565495 219.6069
43175999 -13.1226401 219.5074
43199999 -15.2125807 221.7139
43223999 -6.0232832 221.2733
43247999 -9.2614762 220.9794
43271999 -13.0096385 222.0368
43295999 -7.885073 221.6598
43319999 -15.1496409 221.0761
43343999 -12.8242918 223.2217
43367999 -9.1368607 222.326
43391999 -33.8237079 222.7963
43415999 -12.237795 224.1007
43439999 -24.4240239 224.5617
43463999 -8.4572126 225.4598
43487999 -6.1309212 224.8302
43511999 -20.6803686 224.6476
43535999 -9.2679117 225.6195
43559999 -8.1306153 224.5299
43583999 -9.861407 222.1514
43607999 -10.3793102 220.4627
43631999 -18.1419024 218.8051
43655999 -10.921537 221.6485
43679999 -8.1983776 220.2925
43703999 -12.4939406 219.1481
43727999 -13.1522319 221.6018
43751999 -7.7563637 220.7181
43775999 -15.587117 220.8099
43799999 -5.926221 221.7582
43823999 -7.2072225 221.3061
43847999 -20.020707 222.4636
43871999 -7.819025 222.4238
43895999 -15.9063735 221.5781
43919999 -14.347001 223.8597
43943999 -8.186463 222.3442
43967999 -13.013809 220.8252
43991999 -13.952414 219.0987
44015999 -18.002088 217.9095
44039999 -12.186212 219.7985
44063999 -8.62898 218.9069
44087999 -32.025832 217.2525
44111999 -10.8046134 220.3087
44135999 -9.7028815 219.5567
44159999 -19.556492 218.8488
44183999 -16.0939663 219.589
44207999 -14.3051099 218.7316
44231999 -20.9466961 222.6963
44255999 -13.6142624 220.7361
44279999 -19.2347951 220.2858
44303999 -13.2416644 221.6522
44327999 -11.5130649 220.8663
44351999 -19.622679 224.9297
44375999 -7.765413 228.728
44399999 -10.6241406 227.3428
44423999 -15.771736 231.2336
44447999 -3.76461 229.6303
44471999 -5.210983 228.712
44495999 -15.589387 229.5676
44519999 -5.746718 229.768
44543999 -15.530805 228.651
44567999 -12.873943 231.4569
44591999 -10.950449 230.3119
44615999 -21.316168 233.5396
44639999 -11.579347 231.9691
44663999 -10.332113 231.0443
44687999 -19.965493 231.9238
44711999 -11.9051848 231.9083
44735999 -20.720674 231.2849
44759999 -14.7949748 233.2519
44783999 -27.537773 232.404
44807999 -8.9221893 235.4215
44831999 -6.2936543 234.496
44855999 -19.1404572 234.2699
44879999 -8.5520761 235.5522
44903999 -6.819889 234.8399
44927999 -12.9726161 235.1604
44951999 -5.3896606 235.8075
44975999 -5.7248518 235.5317
44999999 -7.5094497 236.2398
45023999 -3.3659307 236.2137
45047999 -7.0034758 235.4586
45071999 -42.0128465 235.5472
45095999 -13.7088898 237.2397
45119999 -14.5653081 236.9752
45143999 -11.7625613 237.3265
45167999 -10.0139057 237.1544
45191999 -12.5779376 237.5314
45215999 -8.6801993 237.7499
45239999 -10.5475529 237.4015
45263999 -17.9570299 238.4336
45287999 -10.9067581 238.4232
45311999 -18.8836186 237.5385
45335999 -10.3705027 240.1165
45359999 -8.469768 239.3504
45383999 -29.9468864 238.4205
45407999 -7.4922812 241.1287
45431999 -8.3653037 240.7096
45455999 -9.8803 241.2779
45479999 -10.0196632 240.777
45503999 -17.0430098 238.9679
45527999 -8.864329 237.1608
45551999 -13.810151 235.3131
45575999 -16.29021 238.6311
45599999 -8.795346 237.2265
45623999 -11.070631 235.4813
45647999 -11.815697 239.1567
45671999 -7.721069 238.3768
45695999 -12.869379 238.0782
45719999 -11.471634 238.4366
45743999 -14.445114 237.2629
45767999 -10.131765 235.0893
45791999 -14.017777 233.3948
45815999 -8.809208 237.0752
45839999 -6.719599 235.4568
45863999 -12.9960754 234.2952
45887999 -21.6293145 236.352
45911999 -5.927555 235.3671
45935999 -10.3408407 234.5213
45959999 -17.5278993 236.0122
45983999 -8.136018 235.4976
46007999 -17.3712771 235.1339
46031999 -9.9431775 236.4126
46055999 -5.395977 235.5432
46079999 -16.1106875 235.6164
46103999 -7.7355777 236.5656
46127999 -8.7906031 236.0064
46151999 -14.6058465 237.4593
46175999 -6.8037313 237.3537
46199999 -12.380077 236.6534
46223999 -11.6407896 238.2903
46247999 -8.5203081 237.9753
46271999 -13.951585 238.2598
46295999 -6.3655301 238.7359
46319999 -5.4438627 238.3432
46343999 -11.112034 238.5731
46367999 -6.9551957 238.9983
46391999 -8.277317 238.6581
46415999 -14.709556 240.6165
46439999 -6.778377 239.8889
46463999 -10.026728 239.6496
46487999 -9.21627 240.229
46511999 -8.585312 239.8272
46535999 -22.434079 240.8852
46559999 -3.163808 241.8938
46583999 -4.045704 241.4926
46607999 -4.629905 242.5392
46631999 -0.633199999999999 242.3698
46655999 -12.026567 242.195
46679999 -8.978514 243.3406
46703999 -6.377638 242.7017
46727999 -16.475863 245.47
46751999 -3.972617 243.8754
46775999 -2.118348 243.4215
46799999 -6.127019 244.1447
46823999 1.00249 243.9547
46847999 -5.153501 243.2855
46871999 -3.993695 245.1001
46895999 0.470335 244.5006
46919999 -1.630416 243.2311
46943999 -6.341041 245.7622
46967999 -0.778192999999998 244.8921
46991999 -2.62544 244.4673
47015999 0.959909 244.9721
47039999 2.404596 244.9047
47063999 -0.0727119999999992 245.6962
47087999 5.249466 245.7911
47111999 1.268514 245.6143
47135999 -9.306738 245.4121
47159999 -4.970331 245.7709
47183999 -8.936903 245.0396
47207999 -6.599935 248.3931
47231999 1.202304 246.7537
47255999 -4.477071 246.1822
47279999 -3.829939 247.102
47303999 -0.577625999999999 246.1598
47327999 -4.893971 245.3758
47351999 -10.703333 243.6317
47375999 -7.430143 247.2754
47399999 -10.456149 245.773
47423999 -16.951828 243.933
47447999 -11.758429 246.6711
47471999 -9.295387 245.1971
47495999 -8.764307 243.7635
47519999 -11.265979 247.1303
47543999 -13.542959 251.2946
47567999 -11.650982 249.7317
47591999 -13.037954 248.0976
47615999 -22.410433 250.4349
47639999 -7.98621 249.0567
47663999 -7.730014 247.6141
47687999 -23.3539478 245.7936
47711999 -12.194445 249.5483
47735999 -13.978279 248.1117
47759999 -12.917606 250.6774
47783999 -7.304416 249.7126
47807999 -8.855206 248.7478
47831999 -20.409455 250.4609
47855999 -7.75553 249.9993
47879999 -9.719387 249.7696
47903999 -6.91135 250.3034
47927999 -4.888198 249.8804
47951999 -12.807734 249.7008
