   6.7171607e+01
   4.4511931e+01
   5.7062117e+00
   1.4449513e+01
   4.3148243e+00
   5.5486000e+00
   4.7624550e+00
   7.4580043e+00
   4.8971049e+00
   1.1047212e+01
   6.5512302e+00
   1.1865647e+01
   1.0882432e+01
   1.2104034e+01
   1.0812986e+01
   7.2939941e+00
   1.2789176e+01
   1.2095928e+01
   1.0990452e+01
   1.6830308e+01
   1.9149807e+01
   1.2331654e+01
   2.0872950e+01
   3.0189388e+01
   2.1260563e+01
   4.3719032e+01
   5.9456361e+01
   6.8830195e+01
   9.2901713e+01
   9.2186928e+01
   1.3273177e+02
   1.7366179e+02
   1.9239839e+02
   2.2354077e+02
   2.6909467e+02
   3.4483269e+02
   3.5303036e+02
   3.7185135e+02
   4.6938682e+02
   5.8010900e+02
   7.6844512e+02
   9.0177011e+02
   9.6186889e+02
   9.2098135e+02
   5.8279975e+02
   1.6407115e+02
   4.0723200e+02
   5.2839550e+02
   6.2071490e+02
   6.3176141e+02
   5.4881185e+02
   5.1152273e+02
   4.5291052e+02
   3.7396973e+02
   3.0494233e+02
   2.4223922e+02
   2.0720275e+02
   1.6673713e+02
   1.4068685e+02
   1.1960413e+02
   1.0163878e+02
   8.6969353e+01
   7.1666742e+01
   6.5733102e+01
   5.6849716e+01
   4.8601641e+01
   4.4331489e+01
   3.9281448e+01
   2.6904844e+01
   3.0209678e+01
   2.6135087e+01
   2.1840777e+01
   2.0079497e+01
   1.6095468e+01
   1.7999756e+01
   1.3624503e+01
   1.2668093e+01
   1.0126009e+01
   1.3632847e+01
   1.0918495e+01
   1.1992027e+01
   1.1875779e+01
   1.2886410e+01
   1.3986778e+01
   1.1497576e+01
   1.1977510e+01
   1.0095720e+01
   1.3570894e+01
   1.3323212e+01
   1.4130655e+01
   1.2393169e+01
   6.9802874e+00
   4.2998450e+00
   1.9901030e+00
   2.1237757e+00
   2.5509519e+00
   4.5708673e+00
   3.4238227e+00
   5.1683021e+00
   4.0226016e+00
   4.6391847e+00
   3.0286326e+00
   3.6745572e+00
   3.6540703e+00
   2.0288064e+00
   1.4781970e+00
   2.4818873e+00
   3.1643678e+00
   2.8578134e+00
   3.8144825e+00
   3.0848493e+00
   3.8834005e+00
   3.0463776e+00
   7.6680391e+00
   7.9343110e+00
   6.3654274e+00
   5.3243291e+00
   4.9717815e+00
   5.3031199e+00
   2.2946902e+00
   4.1741577e+00
   2.7049679e+00
   8.1115427e-01
   2.5397121e+00
   3.5265814e+00
   3.3055096e+00
   8.0801320e+00
   7.3007166e+00
   1.2959655e+01
   1.4471953e+01
   1.9626368e+01
   2.4119217e+01
   2.1504156e+01
   4.1540304e+01
   4.9684454e+01
   5.9137507e+01
   8.1221782e+01
   7.8212394e+01
   5.3935363e+01
   3.6572830e+01
   2.3765634e+01
   1.1516391e+01
   8.2489277e+00
   8.7843767e+00
   7.0436549e+00
   8.5936998e+00
   8.5317388e+00
   6.8658993e+00
   7.6709329e+00
   6.2179495e+00
   6.8764022e+00
   5.5585445e+00
   5.2963359e+00
   4.2803539e+00
   3.6629390e+00
   3.8193876e+00
   2.1707135e+00
   2.5019064e+00
   1.7319243e+00
   2.5037357e+00
   1.5390129e+00
   2.1232813e+00
   1.2768702e+00
   1.3032022e+00
   1.2729672e+00
   3.7079781e-01
   6.5156381e-01
   5.5232093e-01
   6.9326238e-01
   9.4993407e-01
   1.4847507e+00
   5.5613052e-01
   1.8676607e+00
   1.6424286e+00
   1.7180386e+00
   1.4584544e+00
   6.2509956e-01
   1.8853356e+00
   1.4031468e+00
   1.2337038e+00
   1.1757186e+00
   7.5165739e-01
   1.0183459e+00
   1.3270988e+00
   1.1071230e+00
   5.3310889e-01
   1.6227813e+00
   1.3224355e+00
   6.8638331e-01
   8.2752179e-01
   6.3158110e-01
   1.1591490e+00
   8.1277715e-01
   6.0309878e-01
   5.5907925e-01
   9.1747009e-01
   1.2638721e+00
   5.0341830e-01
   8.0567571e-01
   5.8554121e-01
   7.9557592e-01
   5.5922838e-01
   1.0535018e+00
   8.5767994e-01
   9.1678670e-01
   1.1924294e+00
   1.2115900e+00
   1.5289652e+00
   7.8855275e-01
   9.4808059e-01
   3.2189436e-01
   6.6630312e-01
   6.7732870e-01
   1.2816994e+00
   7.4329533e-01
   1.0923806e+00
   1.3370100e+00
   9.7338237e-01
   2.0309168e+00
   2.6363161e+00
   4.5602612e+00
   4.2181286e+00
   6.3326154e+00
   9.1108026e+00
   7.3621678e+00
   5.9440604e+00
   5.8058056e+00
   2.2844046e+00
   2.6980597e+00
   4.0835567e+00
   3.5374277e+00
   3.1403735e+00
   2.6652557e+00
   2.3168624e+00
   1.7667806e+00
   1.0315218e+00
   9.7478713e-01
   8.4752510e-01
   5.6498228e-01
   3.9208014e-01
   4.7206451e-01
   6.1279705e-01
   3.3339116e-01
   6.0913259e-01
   6.3788528e-01
   6.5526472e-01
   5.8772566e-01
   3.5928600e-01
   3.6636622e-01
   4.9378914e-01
   7.3250213e-01
   4.4162571e-01
   1.4496690e-01
   4.5084727e-01
   5.8134009e-01
   3.8221133e-01
   9.1592007e-02
   2.5826150e-01
   2.5117151e-01
   4.0216607e-01
   1.7116253e-01
   2.4903554e-01
   3.6110419e-01
   3.3124416e-01
   1.5690816e-01
   2.0787635e-01
   5.5953856e-01
   6.0882064e-01
   2.3585148e-01
   3.3499898e-01
   6.1818577e-01
   3.7192993e-01
   2.6055576e-01
   6.7568251e-01
   5.2596174e-01
   3.4617475e-01
   2.3290758e-01
   7.6828011e-02
   1.1255166e-01
   1.2408928e-01
   2.5334011e-01
   5.7608696e-01
   7.3020588e-01
   4.2764603e-01
   4.3355551e-01
   5.0812904e-01
   4.8616832e-01
   3.8038016e-01
   1.4267719e-01
   1.3967302e-01
   4.2262598e-01
   5.8907314e-01
   3.9080690e-01
   3.9483762e-01
   3.8248367e-01
   1.2863313e-01
   8.9398413e-02
   2.7065501e-01
   4.3559578e-01
   4.6088240e-01
   7.0307499e-01
   5.5763296e-01
   2.0080544e-01
   1.7609357e-01
   3.3244131e-01
   3.6802890e-01
   1.7050823e-01
   2.5218751e-01
   5.2942172e-01
   7.2670970e-01
   7.6252690e-01
   9.8346976e-01
   1.5711902e+00
   1.8110100e+00
   1.7588161e+00
   1.8568024e+00
   1.2201097e+00
   6.2301987e-01
   1.3032745e+00
   1.1734880e+00
   1.0799945e+00
   7.9838471e-01
   3.8800548e-01
   5.6268210e-01
   3.7865019e-01
   5.0330986e-01
   2.7454523e-01
   2.4140381e-01
   8.2183767e-02
   2.4691867e-01
   1.1502186e-01
   3.3078295e-01
   3.9511525e-01
   1.9312991e-01
   2.0325981e-01
   1.2924581e-01
   2.1280657e-01
   1.3064413e-01
   4.7804348e-01
   5.0217683e-01
   3.5631125e-01
   7.6796264e-02
   4.4701822e-01
   4.6836505e-01
   3.1497406e-01
   4.1111551e-01
   3.3482414e-01
   4.8966721e-01
   6.1683553e-01
   6.6670927e-01
   6.1964822e-01
   1.9755789e-01
   2.1967020e-01
   2.3877336e-01
   4.4726115e-01
   4.1037039e-01
   3.6422347e-01
   5.0862094e-01
   2.1936794e-01
   3.4919005e-01
   4.4062997e-01
   2.2105499e-01
   2.7334263e-02
   1.3719645e-01
   3.2083243e-01
   3.7084354e-01
   2.6108415e-01
   1.9752421e-01
   1.2915810e-01
   3.3292680e-01
   2.0380391e-01
   9.6522062e-02
   1.2953992e-01
   1.5129522e-01
   3.3860208e-01
   2.8516540e-01
   9.5955610e-02
   1.9989975e-01
   2.5014646e-01
   4.4750179e-01
   2.8019131e-01
   4.0851888e-01
   4.4574225e-01
   1.9950804e-01
   2.4461197e-01
   8.5168947e-02
   3.4278296e-01
   1.7821324e-01
   1.8800873e-01
   1.9208951e-01
   7.2082347e-02
   1.0791809e-01
   1.8839281e-01
   5.2544017e-01
   6.1060149e-01
   6.6595756e-01
   7.6316420e-01
   6.2989562e-01
   4.9043766e-01
   5.1097179e-01
   3.7898446e-01
   1.3219374e-01
   3.8031384e-01
   3.9876910e-01
   6.7327985e-01
   5.9708680e-01
   1.8954123e-01
   2.0185167e-01
   1.1654066e-02
   1.8137677e-01
   2.1403069e-01
   2.2050763e-01
   1.1765013e-01
   2.6090328e-01
   5.2131450e-02
   2.2617798e-01
   3.3663868e-01
   5.3501088e-01
   4.5961584e-01
   1.2587938e-01
   1.9991749e-01
   2.5611792e-01
   4.0866207e-01
   3.4734399e-01
   8.3911505e-02
   1.2467564e-01
   2.7205725e-01
   3.7524299e-01
   1.5927513e-01
   2.4665402e-01
   1.4241874e-01
   2.4177552e-01
   2.5696633e-01
   1.1478812e-01
   2.9679335e-01
   2.8266016e-01
   4.1174692e-01
   1.6016509e-01
   2.8257056e-01
   2.1361396e-01
   2.7806775e-01
   3.3686472e-01
   5.1323869e-02
   2.8122170e-01
   2.4403978e-01
   2.2706513e-01
   4.1287820e-01
   3.0509420e-01
   8.1102288e-02
   1.4870113e-01
   6.9861778e-02
   6.4017116e-02
   3.8809612e-02
   1.1022530e-01
   2.6079400e-01
   2.5311827e-01
   9.2110045e-02
   2.6723395e-02
   1.5555151e-01
   2.0649278e-01
   1.7841170e-01
   1.3379014e-01
   1.1024867e-01
   3.0513820e-01
   3.0801053e-01
   3.4364910e-01
   2.5004955e-01
   1.2294522e-01
   1.2907147e-01
   2.6373752e-01
   3.2675212e-01
   2.2935110e-01
   2.5479059e-01
   2.4061068e-01
   1.0101356e-01
   8.8366727e-02
   3.0325429e-01
   5.0269345e-01
   4.4376635e-01
   3.7642935e-01
   4.0763483e-01
   2.7733159e-01
   1.8931225e-01
   2.4643590e-01
   2.5213309e-01
   2.4015287e-01
   2.8096521e-01
   2.3335309e-01
   2.5552739e-01
   4.0858469e-01
   6.0170021e-01
   5.0713249e-01
   3.4220146e-01
   4.7782421e-01
   4.0874683e-01
   3.5242022e-01
   4.8787763e-01
   3.3980634e-01
   4.1575513e-01
   4.3033722e-01
   2.3233804e-01
   2.0223251e-01
   1.5749683e-01
   2.6071544e-01
   4.0828813e-01
   5.1959990e-01
   4.0633038e-01
   3.0279272e-01
   2.3430964e-01
   4.7357825e-02
   2.4020166e-01
   2.3453632e-01
   2.4447894e-01
   3.1289469e-01
   1.6714421e-01
   4.4466660e-02
   4.9737585e-02
   1.7047008e-01
   1.2692330e-01
   4.8317691e-02
   5.8111146e-02
   1.7056040e-01
   1.8615779e-01
   1.7979364e-01
   2.0666297e-01
   1.6710574e-01
   7.0839268e-02
   2.6455853e-02
   1.2097518e-01
   2.7048186e-01
   2.3244624e-01
   7.4728029e-02
   9.0596461e-02
   1.2675949e-01
   1.9466781e-01
   1.2449418e-01
   2.5380989e-01
   1.6915359e-01
   6.1702840e-02
   1.2791537e-01
   1.0870612e-01
   2.0292209e-01
   1.8740862e-01
   9.4730569e-02
   9.2562770e-02
   8.1041343e-02
   1.7452993e-01
   1.6268028e-01
   1.2717052e-01
   3.8220781e-02
   1.8607089e-01
   2.5004877e-01
   2.5133756e-01
   1.4986816e-01
   5.7827412e-02
   1.1527877e-01
   1.5360044e-01
   2.8669407e-01
   2.7385352e-01
   1.7474636e-01
   2.2424608e-01
   1.8920601e-01
   3.9045070e-02
   8.1207091e-02
   1.7874902e-01
   3.8898118e-01
   2.2792100e-01
   1.2187420e-01
   1.9305604e-01
   1.4833633e-01
   1.2515404e-01
   7.2812991e-02
   1.1338230e-01
   1.1120420e-01
   2.7985971e-01
   2.7062029e-01
   1.6885642e-01
   2.0499693e-01
   2.8979786e-01
   3.1561052e-01
   2.8526525e-01
   2.8246136e-01
   2.1445359e-01
   3.9964785e-01
   4.3801870e-01
   3.1225272e-01
   3.7531181e-01
   2.3965947e-01
   1.6373647e-01
   5.2368508e-02
   3.8952025e-01
   4.4610528e-01
   2.9520294e-01
   2.5736207e-01
   6.9917482e-02
   1.2945211e-01
   1.2823650e-01
   5.6971822e-02
   4.3266366e-02
   1.9747791e-01
   2.6466322e-01
   1.9532673e-01
   1.5516697e-01
   5.6394278e-02
   2.6131072e-01
   2.8046854e-01
   8.9113155e-02
   1.8664724e-01
   1.2113968e-01
   1.6696699e-01
   2.0264802e-01
   2.3242721e-01
   2.2199828e-01
   4.0089315e-02
   1.2653275e-01
   1.1539332e-01
   2.0543113e-01
   2.7270903e-01
   3.3853026e-01
   4.2035252e-01
   3.5290851e-01
   3.7064577e-01
   2.8884304e-01
   9.3612063e-02
   4.1410677e-02
   1.0168143e-01
   7.0322596e-02
   1.0561828e-01
   1.7464484e-01
   1.0909836e-01
   1.1038799e-01
   1.1498927e-01
   1.0343238e-01
   6.8557183e-02
   1.0165912e-01
   1.1287781e-02
   1.0621274e-01
   9.8867224e-02
   1.5240792e-01
   1.1590461e-01
   2.8126208e-01
   3.3024865e-01
   1.6610381e-01
   7.7776927e-02
   7.1551247e-02
   2.8592236e-01
   4.0003293e-01
   3.3043190e-01
   2.7078595e-01
   1.1252596e-01
   2.3008820e-01
   2.4323383e-01
   2.0136188e-01
   2.8163464e-01
   2.1092444e-01
   1.8063789e-01
   1.7353917e-01
   1.1618409e-01
   1.8350425e-01
   1.3757712e-01
   1.6244881e-01
   2.8564048e-01
   2.4615150e-01
   3.7647443e-01
   2.6064301e-01
   5.2854932e-02
   2.0310975e-01
   1.2885908e-01
   1.8310910e-01
   3.3480087e-01
   2.9332123e-01
   8.7351523e-02
   4.0939688e-02
   6.4712587e-02
   1.4547383e-01
   1.6948154e-01
   1.4377051e-01
   2.0343328e-01
   2.1266448e-01
   1.2118102e-01
   9.7287122e-02
   1.4878598e-01
   9.4026165e-02
   7.7396915e-02
   1.0142174e-01
   1.0529711e-01
   2.5113727e-01
   1.8497178e-01
   2.1588733e-01
   1.0487638e-01
   1.0159651e-01
   8.5540427e-02
   2.3318558e-01
   3.5598264e-01
   3.3421478e-01
   3.4744513e-01
   2.1461801e-01
   1.2542067e-01
   1.2292452e-01
   2.1119903e-01
   3.6027879e-01
   3.3869882e-01
   3.7769927e-01
   3.4115267e-01
   1.1214610e-01
   8.9326315e-02
   1.0274573e-01
   2.4729079e-01
   1.7469230e-01
   1.6664987e-01
   2.1010008e-01
   1.0066452e-01
   1.4723742e-02
   1.0499482e-01
   1.2946494e-01
   4.4384067e-02
   8.9804857e-02
   1.6392642e-01
   1.9686965e-01
   1.8713455e-01
   1.3318754e-01
   1.7692060e-01
   1.8739843e-01
   1.0014270e-01
   2.1280497e-02
   3.9196921e-02
   4.4045122e-02
   1.9237233e-02
   7.1922489e-02
   6.7303819e-02
   9.7858469e-03
   4.4483036e-02
   5.9319935e-02
   1.4303444e-01
   1.2976130e-01
   1.9877697e-01
   2.7371376e-01
   1.3747056e-01
   3.0061078e-02
   4.2467702e-02
   3.6015961e-02
   3.6335847e-02
   1.6540615e-02
   1.6509197e-01
   3.0671437e-01
   2.3074001e-01
   1.5298929e-01
   2.4168847e-01
   1.9425514e-01
   1.3686992e-01
   1.0973438e-01
   5.2357303e-02
   3.4162623e-02
   4.2079177e-02
   3.7866044e-02
   4.7432897e-02
   1.9121982e-01
   1.7868181e-01
   9.7752425e-02
   1.3103909e-01
   4.2296619e-02
   1.7900093e-01
   7.6689541e-02
   9.4952419e-02
   7.4689637e-02
   6.6873737e-02
   1.0722835e-01
   4.7984584e-02
   7.4690570e-02
   1.9781846e-01
   1.7297329e-01
   4.9548684e-02
   4.1580756e-02
   1.3913521e-01
   1.1910026e-01
   8.1133292e-02
   1.8090912e-01
   1.7512534e-01
   1.4287117e-01
   1.7445299e-02
   7.1028305e-02
   9.9405289e-02
   1.7894690e-01
   1.3501647e-01
   5.1293674e-02
   5.5420891e-02
   1.5632603e-01
   1.3753269e-01
   7.7607570e-02
   5.5191690e-02
   2.2591465e-01
   2.3860105e-01
   1.5066471e-01
   1.6770355e-01
   1.5049541e-01
   8.6720615e-02
   1.1495256e-01
   1.7509001e-01
   1.6496603e-01
   1.7921372e-01
   2.0043769e-01
   8.0395108e-02
   1.5186578e-01
   1.7129419e-01
   2.7266703e-01
   2.9898006e-01
   2.4227495e-02
   2.2360699e-01
   1.0592090e-01
   1.8176725e-01
   2.2323823e-01
   8.0512482e-02
   1.0885737e-01
   3.4242984e-02
   6.8194751e-02
   4.9372679e-02
   6.3949889e-04
   4.3585335e-02
   5.1258010e-02
   7.5917852e-02
   8.6148336e-02
   1.8778993e-01
   1.6234416e-01
   2.4588511e-01
   3.9221610e-01
   2.9917235e-01
   2.1751467e-01
   1.8338011e-01
   1.1628046e-01
   1.2976365e-01
   1.0210946e-02
   1.7315206e-01
   1.7533325e-01
   4.0283828e-02
   1.6692353e-01
   1.0646412e-01
   2.2024723e-01
   2.3907270e-01
   2.2590233e-01
   2.6668786e-01
   2.0552759e-01
   1.0527442e-01
   7.8242959e-02
   9.0438758e-02
   5.0893650e-02
   1.4244433e-01
   7.2402180e-02
   5.4106493e-02
   7.3762941e-02
   4.7105065e-02
   8.7801700e-02
   1.4592454e-01
   1.2091116e-01
   1.2961613e-01
   1.5238376e-01
   7.7410842e-02
   1.4701881e-01
   1.1776754e-01
   5.8642954e-02
   1.6543412e-01
   1.3990827e-01
   5.8683444e-02
   7.6880260e-02
   1.2384539e-01
   5.0400411e-02
   1.1508203e-01
   7.1216105e-02
   8.4728077e-02
   9.6061517e-02
   3.7028351e-03
   7.3920073e-02
   1.1892994e-01
   1.1965119e-01
   1.0945532e-01
   1.4998747e-01
   1.8033231e-01
   1.5414946e-01
   1.6231970e-01
   1.7196040e-01
   1.2460422e-01
   1.6833109e-01
   1.3623623e-01
   1.1922330e-01
   9.7193500e-02
   1.6210634e-01
   1.3487690e-01
   7.7895864e-02
   7.0797685e-02
   2.1935446e-01
   1.8732314e-01
   4.7692926e-02
   1.0252142e-01
   8.3266971e-02
   1.0871327e-01
   3.7681998e-02
   5.7843084e-02
   1.2714236e-01
   1.4757181e-01
   1.0109573e-01
   1.9780070e-01
   2.4773771e-01
   1.5805807e-01
   1.1050734e-01
   1.2812157e-01
   5.3209851e-02
   1.3365989e-01
   6.9434132e-02
   5.1831628e-02
   4.9946420e-02
   1.2698167e-01
   1.5483690e-01
   1.3459458e-01
   1.4847237e-01
   1.1960255e-01
   7.7171489e-02
   1.4955428e-01
   1.2256469e-01
   6.9941470e-02
   9.0628709e-02
   1.0322793e-01
   9.9863369e-02
   1.1479162e-01
   2.2878367e-01
   2.1672373e-01
   1.1460503e-01
   3.9489332e-02
   1.6744317e-01
   1.8026656e-01
   1.8398968e-01
   2.8364903e-01
   2.6098123e-01
   1.3371920e-01
   1.2459944e-01
   9.6137624e-02
   1.6632413e-01
   9.6505166e-02
   8.6956583e-02
   1.1027344e-01
   1.9356370e-02
   1.2754721e-01
   1.6224777e-01
   1.3177816e-01
   6.0251858e-02
   5.3910698e-02
   1.1265910e-01
   1.9378664e-01
   1.7089725e-01
   1.4494564e-01
   1.6047401e-01
   1.9557221e-01
   1.8524945e-01
   1.1860133e-01
   1.7079017e-01
   1.5380001e-01
   8.4235085e-02
   7.4902227e-02
   1.3589395e-01
   2.5536074e-01
   1.6723896e-01
   7.1812007e-02
   1.3434856e-01
   1.3703687e-01
   1.2404003e-01
   1.0452048e-01
   7.7278502e-02
   9.5313687e-02
   1.1962244e-01
   1.9675193e-01
   1.8136363e-01
   1.6698154e-01
   1.9319537e-01
   5.2741394e-02
   1.9009307e-01
   1.4409165e-01
   1.7970789e-01
   3.1062623e-01
   2.2560785e-01
   1.2865070e-01
   1.5317303e-01
   1.5121370e-01
   2.3242679e-01
   1.8084986e-01
   5.7295170e-02
   4.5860987e-02
   1.0226321e-01
   1.1701976e-01
   1.2693575e-01
   1.5800722e-01
   1.3103557e-01
   8.7241287e-02
   6.2088851e-02
   5.3439214e-02
   1.5388227e-01
   1.7634266e-01
   2.0946044e-01
   1.9873162e-01
   1.4038209e-01
   2.0752172e-01
   1.2071630e-01
   1.3682907e-01
   1.7109521e-01
   1.1186063e-01
   9.0254355e-02
   1.7345104e-02
   6.4887958e-02
   8.5052872e-02
   6.0360351e-02
   7.6603258e-02
   1.4065546e-01
   1.7543310e-01
   1.3955070e-01
   8.4724383e-02
   5.6634588e-02
   9.8734242e-02
   1.5272456e-01
   1.8439561e-01
   1.7085963e-01
   1.1468752e-01
   6.8563285e-02
   1.2784384e-02
   3.7181128e-02
   2.4741800e-02
   1.1057014e-01
   1.5838865e-01
   7.5667392e-02
   9.2546001e-02
   6.7364403e-02
   1.4261640e-01
   1.5792720e-01
   9.7142748e-02
   1.5859822e-01
   4.6903651e-02
   1.6671660e-01
   1.6323804e-01
   8.1302450e-02
   9.1570553e-02
   8.6056101e-02
   3.4859376e-02
   5.0337373e-02
   3.4483304e-02
   1.0838562e-01
   1.5206703e-01
   1.0113320e-01
   8.3715271e-02
   5.8904770e-02
   5.5226777e-02
   3.6313044e-02
   3.9157492e-02
   7.3409961e-02
   7.5166883e-02
   3.7074825e-02
   1.0063457e-01
   5.6924109e-02
   9.7035249e-02
   4.8811595e-02
   9.0740052e-02
   1.2087052e-01
   3.5429451e-02
   5.2449843e-02
   5.6877288e-02
   1.0023262e-01
   1.5932178e-01
   1.2343729e-01
   7.2043370e-02
   5.7573029e-02
   1.5972815e-02
   3.4498195e-02
   8.2814457e-02
   6.2258137e-02
   6.4801015e-02
   6.3810197e-02
   9.5284298e-02
   1.1407244e-01
   1.4288646e-01
   2.2679675e-01
   1.7145097e-01
   8.3316865e-02
   1.1003503e-01
   7.7490531e-02
   1.4965329e-02
   9.1529189e-02
   2.2448776e-01
   2.2481440e-01
   3.5764282e-02
   1.9725862e-01
   1.1678340e-01
   1.3355757e-01
   2.5615460e-01
   2.4402344e-01
   2.1964683e-01
   8.1260515e-02
   7.8077281e-02
   7.5946631e-02
   3.7678702e-02
   1.2717587e-01
   1.5918947e-01
   1.5044071e-01
   9.9560553e-02
   5.9664151e-02
   7.8364715e-02
   1.2904775e-01
   9.9792540e-02
   8.8538770e-02
   1.5728715e-01
   7.1135465e-02
   5.2841155e-02
   7.1121051e-02
   1.9068042e-01
   1.9596710e-01
   1.9532171e-01
   2.3471104e-01
   1.8709010e-01
   1.0929593e-01
   1.7391006e-01
   2.2236002e-01
   1.0768871e-01
   4.5308654e-02
   7.9467523e-02
   3.2034190e-02
   7.0556395e-02
   7.0469375e-02
   1.1693994e-01
   3.1494205e-02
   1.4066864e-01
   1.5950892e-01
   3.6873249e-02
   1.4826240e-01
   6.9845863e-02
   1.2211182e-01
   9.6449410e-02
   6.9222054e-02
   5.4593645e-02
   8.1930417e-02
   9.9201591e-02
   2.7278263e-02
   1.0814148e-01
   1.2957327e-01
   9.9958527e-02
   1.7518551e-01
   1.4057656e-01
   1.5732441e-02
   3.4399741e-02
   1.0296138e-01
   1.6721327e-01
   7.8862750e-02
   1.6207525e-01
   1.2467100e-01
   2.2474140e-02
   1.8407013e-02
   6.9273162e-02
   7.6487591e-02
   7.5185273e-02
   1.4967945e-01
   1.9226411e-01
   7.9262435e-02
   1.6580184e-01
   1.6492618e-01
   1.2503995e-01
   1.6291063e-01
   1.1215406e-01
   1.9456090e-01
   1.5826292e-01
   1.4651757e-01
   9.8755726e-02
   7.7413842e-02
   1.1390786e-01
   8.9821972e-02
   7.2756361e-02
   5.2224938e-02
   3.1163646e-02
   3.8265024e-02
   6.8659283e-02
   5.5405595e-02
   4.2035464e-02
   9.4530254e-02
   5.0754850e-02
   3.3194344e-02
   4.6146705e-02
   6.9300872e-02
   1.2426714e-01
   1.3332476e-01
   8.3458260e-02
   7.2698648e-02
   6.9863144e-02
   7.0094978e-02
   1.0865498e-01
   1.5078411e-01
   1.7679423e-01
   1.1366551e-01
   8.9049959e-02
   1.1106589e-01
   1.1219291e-01
   6.6712883e-02
   4.3333879e-02
   4.0060228e-02
   2.8841988e-02
   1.0398419e-01
   1.1400995e-01
   5.1725519e-02
   8.2522176e-02
   1.5668442e-01
   1.7636263e-01
   1.0406187e-01
   1.5242382e-01
   1.6226713e-01
   1.4816957e-01
   1.5280853e-01
   8.1897001e-02
   1.4530899e-01
   1.9022008e-01
   2.2784277e-01
   1.7241126e-01
   7.9302316e-02
   1.6836155e-01
   1.0542399e-01
   7.3074609e-02
   1.8005130e-01
   1.4127946e-01
   9.0354002e-02
   1.7204977e-01
   1.7674783e-01
   8.4758898e-02
   9.5193995e-02
   7.1987641e-02
   2.8739829e-02
   9.3099365e-02
   7.8062760e-02
   2.1344544e-02
   6.0662691e-02
   5.9023125e-02
   1.0277458e-01
   1.9243119e-01
   2.0556228e-01
   1.1540109e-01
   3.8374067e-02
   7.5011232e-02
   1.2636393e-01
   1.2504825e-01
   5.9381711e-02
   9.1870414e-02
   7.6960096e-02
   2.2731534e-02
   4.4401449e-02
   4.9875273e-02
   1.2230200e-01
   8.7633483e-02
   4.5606097e-02
   1.0859266e-01
   5.5027472e-02
   3.7761827e-03
   2.5566843e-02
   2.4740959e-02
   6.0616259e-02
   1.1720931e-01
   7.6320088e-02
   1.0628877e-01
   8.7469810e-02
   1.5516024e-01
   1.6112570e-01
   5.7747682e-02
   2.0415947e-02
   7.8580457e-02
   8.9650793e-02
   1.4389765e-02
   7.1788918e-02
   6.4035346e-02
   7.0290897e-02
   3.3452139e-02
   8.2753215e-02
   1.2095415e-01
   1.8897720e-01
   1.6032153e-01
   1.4110024e-01
   2.2503509e-01
   1.9229363e-01
   1.5012674e-01
   1.0603623e-01
   8.3774934e-02
   2.5128959e-01
   2.5152097e-01
   2.2129204e-01
   1.4358162e-01
   1.3028477e-01
   1.6748137e-01
   7.4654352e-02
   1.5733969e-01
   1.3643955e-01
   1.8727470e-01
   1.6675803e-01
   9.0785887e-02
   1.1103745e-01
   5.8749428e-02
   4.2308917e-02
   5.3938602e-02
   1.2550567e-01
   1.4143707e-01
   7.6601626e-02
   1.0256791e-01
   8.8640036e-02
   3.3785355e-02
   1.0007611e-02
   4.8844441e-02
   5.1123923e-02
   2.2817500e-02
   6.4446194e-02
   1.1368401e-02
   5.5621440e-02
   3.8791297e-02
   8.5893370e-02
   1.5809802e-01
   1.5994933e-01
   1.2721637e-01
   8.6422870e-02
   1.1598723e-01
   7.9176439e-02
   5.7484104e-02
   8.9688285e-02
   7.8201874e-02
   1.9216749e-01
   1.3539267e-01
   3.7601664e-02
   1.1847675e-01
   6.8655592e-02
   7.5727949e-02
   4.1958164e-02
   9.9425582e-02
   1.0955249e-01
   1.6448251e-01
   2.3409923e-01
   1.6983553e-01
   1.4426005e-01
   1.1723660e-01
   5.5928944e-02
   1.0457726e-01
   6.8201174e-02
   5.5244186e-02
   1.1096709e-01
   9.6874852e-02
   3.8907383e-02
   8.9071609e-02
   4.7893434e-02
   8.1755554e-02
   9.9124272e-02
   8.7669808e-02
   9.8641660e-02
   4.7737830e-02
   3.8246243e-02
   6.7141063e-02
   3.8408761e-02
   5.0720244e-02
   2.3638687e-02
   5.9370240e-03
   4.4691036e-02
   7.9040852e-02
   7.0490685e-03
   1.2372976e-01
   1.2884004e-01
   3.1958175e-02
   5.8579847e-02
   9.9354582e-03
   7.7913442e-02
   9.4226765e-02
   1.4471254e-01
   1.6732088e-01
   1.3273437e-01
   1.1876492e-01
   1.3799735e-01
   1.1775759e-01
   6.4415773e-02
   1.6852128e-02
   3.1712215e-02
   3.5234494e-02
   2.7477551e-02
   6.2113535e-02
   1.8950575e-02
   1.0368934e-01
   1.0034746e-01
   9.8724204e-02
   1.9965490e-01
   1.7487158e-01
   1.5581853e-01
   1.0785454e-01
   2.7212052e-02
   5.6267675e-02
   6.2818281e-02
   5.6586631e-02
   5.1593022e-02
   1.1418590e-01
   5.5312218e-02
   4.0622004e-02
   7.7199526e-02
   6.7911476e-02
   4.7711234e-02
   3.9836516e-02
   3.7961677e-02
   4.5800314e-02
   7.9594418e-02
   1.2318388e-01
   4.8020649e-02
   5.8559284e-02
   6.1360735e-02
   6.0046925e-02
   5.5429495e-02
   5.6857898e-02
   3.8113575e-02
   8.5338761e-02
   1.5911922e-01
   1.1901882e-01
   7.6563827e-02
   1.0705992e-01
   1.1109977e-01
   5.8849186e-02
   5.7802291e-02
   3.6515654e-02
   7.5585820e-02
   2.0888204e-02
   8.0999265e-02
   9.1641996e-02
   6.3608772e-02
   5.5883904e-02
   5.9308399e-02
   1.1395504e-01
   6.9709411e-02
   4.5970555e-02
   5.1310814e-02
   2.6038947e-03
   6.3057505e-02
   8.8136044e-02
   6.1139739e-02
   2.6852687e-02
   3.3009970e-02
   5.5953898e-02
   6.9832767e-02
   3.0130350e-02
   1.2832654e-02
   4.5761268e-02
   6.5994394e-02
   3.3416310e-02
   1.6936684e-01
   1.5002537e-01
   3.7591049e-02
   1.6452519e-01
   1.3884963e-01
   2.0277566e-01
   1.7768265e-01
   1.2648549e-01
   2.0939701e-01
   2.9093214e-01
   3.7597438e-01
   4.1055591e-01
   4.7013460e-01
   4.9363054e-01
   4.7319381e-01
   4.4841484e-01
   3.5121387e-01
   1.2262505e-01
   3.3285055e-01
   5.3679181e-01
   5.0969037e-01
   5.1533304e-01
   4.8125374e-01
   3.6221956e-01
   3.8606535e-01
   3.2951929e-01
   1.9459889e-01
   1.2996818e-01
   1.4806598e-01
   1.8646936e-01
   1.4756267e-01
   7.4901490e-02
   1.4049540e-02
   8.5524228e-02
   9.6173074e-02
   8.4654578e-02
   1.1137433e-01
   8.1241952e-02
   6.5313507e-02
   1.1933476e-01
   7.6870544e-02
   3.7683543e-02
   6.6960227e-02
   4.5980014e-02
   5.4787621e-02
   3.7089356e-02
   1.1753293e-01
   7.2635658e-02
   1.2939541e-01
   1.3775773e-01
   2.4558984e-02
   8.8740628e-02
   1.1065114e-01
   7.9042681e-02
   4.7955085e-02
   7.1760892e-02
   2.3312652e-02
   5.2945596e-02
   3.9015540e-02
   8.9339043e-02
   1.1628007e-01
   1.6580674e-01
   1.3562924e-01
   5.4342692e-02
   3.5175651e-02
   7.9217259e-02
   6.9055097e-02
   8.8097115e-03
   2.5714145e-02
   8.0832687e-02
   8.2242233e-02
   3.3430252e-02
   1.2824093e-01
   1.0808201e-01
   8.9551331e-02
   1.0288015e-01
   5.4708897e-02
   2.6189355e-02
   4.2003795e-02
   5.1131287e-02
   9.7284652e-02
   4.4308853e-02
   5.5999755e-02
   4.6413348e-02
   3.2564735e-02
   6.2695457e-02
   5.9081713e-02
   6.1946305e-02
   1.1928161e-01
   1.0519253e-01
   1.3133681e-01
   1.8737225e-01
   6.0907199e-02
   1.7583128e-01
   1.9810272e-01
   1.2945663e-01
   2.6731818e-01
   2.6219931e-01
   2.4275026e-01
   3.3728960e-01
   3.7235776e-01
   4.1900885e-01
   5.6182611e-01
   6.9614307e-01
   7.6223132e-01
   7.4369438e-01
   5.3604928e-01
   2.1305944e-01
   3.3436094e-01
   4.4510405e-01
   4.2495266e-01
   5.0077409e-01
   5.3305521e-01
   4.8204349e-01
   4.4881720e-01
   3.5069829e-01
   2.8820190e-01
   2.8048644e-01
   2.1255174e-01
   1.6138108e-01
   6.2767957e-02
   9.8471811e-02
   9.3389164e-02
   8.6554353e-02
   1.1041617e-01
   1.0064469e-01
   8.2075479e-02
   1.4553732e-02
   3.3092059e-02
   9.8486518e-02
   1.1696446e-01
   2.1625143e-02
   8.6758431e-02
   9.5663711e-02
   1.3838690e-01
   1.3250009e-01
   9.0096496e-02
   9.6082326e-02
   7.1957304e-02
   7.8644425e-02
   6.2998659e-02
   2.3022486e-02
   7.0066952e-02
   9.5236635e-02
   1.7940714e-02
   1.2738204e-01
   1.9553388e-01
   1.3768303e-01
   1.6460083e-01
   1.5266346e-01
   1.3984657e-01
   1.4117616e-01
   9.1934130e-03
   1.1798637e-01
   6.3242457e-02
   1.0127598e-01
   1.2308139e-01
   5.5159259e-02
   7.7331562e-02
   1.3576556e-01
   1.1276092e-01
   3.7994870e-02
   3.0854378e-02
   8.1143018e-02
   1.0899099e-01
   1.0866094e-01
   1.1898215e-01
   1.5189757e-01
   1.4004522e-01
   6.9888394e-02
   4.0906500e-02
   4.1493559e-02
   7.3353179e-02
   1.1107478e-01
   1.2852166e-01
   7.2602996e-02
   4.3804634e-02
   2.5967288e-02
   3.7449157e-02
   3.9055232e-02
   5.2597326e-03
   5.3759348e-02
   6.2993224e-02
   9.7662468e-02
   1.2855644e-01
   5.3372290e-02
   5.7640692e-02
   5.2237811e-02
   1.1011416e-01
   8.6095953e-02
   6.5487891e-02
   1.2794950e-01
   4.3869170e-02
   8.3007910e-02
   1.3030868e-01
   6.2068319e-02
   8.2806460e-02
   1.6444014e-01
   1.5333506e-01
   1.3564156e-01
   8.4078886e-02
   4.8692528e-02
   7.6279565e-02
   1.6651799e-01
   1.0104886e-01
   9.3131480e-02
   1.5538036e-01
   6.4076291e-02
   6.4824578e-02
   8.3547859e-02
   4.3200683e-02
   4.5172066e-02
   4.7143962e-02
   1.0000622e-01
   1.1573812e-01
   5.8472031e-02
   8.5254195e-02
   5.9869737e-02
   4.7781978e-02
   4.3632679e-02
   9.7856698e-02
   8.2154320e-02
   6.7913618e-03
   3.2876788e-02
   3.3213913e-02
   4.6925769e-02
   3.2528421e-02
   1.9690588e-02
   4.7170311e-02
   7.4271035e-02
   1.4022582e-01
   9.6393962e-02
   4.6340431e-02
   1.1452671e-01
   8.2856226e-02
   8.9716477e-02
   7.7770487e-02
   1.4061751e-01
   1.5650930e-01
   8.8856679e-02
   1.0700077e-01
   1.8295817e-01
   1.7549101e-01
   8.8334718e-02
   3.6632479e-02
   2.8017949e-02
   3.6879272e-02
   7.4668967e-02
   2.6653390e-02
   5.8093389e-02
   6.8120839e-02
   1.6335249e-02
   5.6675157e-02
   4.5338951e-02
   3.1926671e-02
   1.1942541e-01
   1.3802254e-01
   9.2821691e-02
   1.0672195e-01
   8.9680550e-02
   5.9217848e-02
   1.1303945e-01
   5.9546181e-02
   1.0651304e-01
   1.1214885e-01
   6.2218448e-02
   1.6324937e-01
   9.0048295e-02
   8.0052418e-02
   1.4828065e-01
   1.0805740e-01
   1.2741257e-01
   9.8789421e-02
   6.0697084e-02
   6.6431079e-02
   2.2042591e-02
   6.5440062e-02
   9.0828378e-02
   7.7682599e-02
   5.1765419e-02
   2.9276315e-02
   2.2405704e-02
   3.4776644e-02
   4.0522208e-02
   2.8673604e-02
   7.9755009e-02
   1.0091899e-01
   5.9052621e-02
   4.9826332e-02
   9.1029297e-02
   1.1065543e-01
   5.7594816e-02
   5.4935157e-02
   5.8395947e-02
   8.3647377e-02
   1.1235952e-01
   4.3827772e-02
   1.0240847e-01
   9.1928804e-02
   2.5396487e-02
   4.0763134e-02
   5.5537864e-02
   1.0431495e-01
   1.0463939e-01
   6.1217538e-02
   4.5730869e-02
   6.3795783e-02
   2.1399923e-02
   7.2831686e-02
   7.9896497e-02
   1.0223661e-01
   1.2713353e-01
   3.6892662e-02
   9.0731940e-02
   1.0736003e-01
   6.2807920e-03
   1.0907670e-01
   7.7234226e-02
   8.0342412e-02
   1.4048939e-01
   7.8437320e-02
   1.2380969e-01
   1.0683388e-01
   6.8490911e-02
   1.3773343e-01
   8.7507507e-02
   5.5237102e-02
   1.3961668e-02
   6.2957528e-02
   5.3337784e-02
   4.2888865e-02
   8.9303054e-02
   7.2547251e-02
   1.0544791e-01
   1.0662753e-01
   7.4194031e-02
   7.1900181e-02
   4.1883485e-02
   8.1798702e-02
   9.5315359e-02
   6.0493699e-02
   1.2364293e-01
   1.4759003e-01
   1.0330766e-01
   6.6843266e-02
   8.6647446e-02
   1.3724945e-01
   1.7505277e-01
   1.6201686e-01
   1.6259594e-01
   1.4753063e-01
   8.8049308e-02
   2.5667835e-01
   2.8823482e-01
   1.9693381e-01
   2.1526104e-01
   1.5646247e-01
   1.6439841e-01
   2.1434912e-01
   1.3136450e-01
   3.6179423e-02
   3.5478248e-02
   1.2726836e-02
   5.7631158e-02
   5.3691090e-02
   3.8546427e-02
   3.0326543e-02
   4.2483235e-02
   5.0496600e-02
   9.5812339e-02
   8.4501713e-02
   5.7343170e-02
   6.7456976e-02
   4.8923100e-02
   8.9391064e-02
   5.8575004e-02
   6.6353178e-02
   5.9982557e-02
   3.5075300e-02
   6.7079252e-02
   1.0326234e-01
   1.1894149e-01
   9.7527422e-02
   4.7327936e-02
   1.4957834e-02
   3.3415609e-02
   4.9460385e-02
   8.1752712e-02
   1.2628248e-01
   4.1899602e-02
   1.0656773e-01
   1.2645972e-01
   3.2467299e-02
   8.6041439e-02
   5.0544699e-02
   6.0750248e-02
   3.4508219e-02
   2.5819546e-02
   9.9830609e-02
   1.3689173e-01
   5.9251896e-02
   8.3753463e-02
   6.1409201e-02
   8.9829165e-02
   1.3108400e-01
   5.9783137e-02
   1.0661043e-01
   1.1320727e-01
   8.3454056e-02
   4.5525830e-02
   1.8086888e-02
   1.1655224e-02
   4.9999009e-02
   6.0396587e-02
   4.1329973e-03
   6.8643748e-02
   7.5886173e-02
   2.8049180e-02
   4.7420688e-02
   4.0982116e-02
   5.9848311e-02
   3.7708295e-02
   6.2719144e-02
   8.4477216e-02
   5.4632528e-02
   3.4049138e-02
   5.1522553e-02
   7.2806369e-02
   5.3180873e-02
   7.9061167e-03
   6.0198679e-02
   6.5122643e-02
   9.6750113e-02
   1.5988987e-01
   1.7058097e-01
   1.7193084e-01
   1.8173533e-01
   1.9004297e-01
   2.5703211e-01
   2.1687171e-01
   5.9974157e-02
   8.8506753e-02
   6.2310849e-02
   1.2845609e-01
   1.6706224e-01
   1.5708886e-01
   1.7076245e-01
   1.2247998e-01
   1.8525331e-01
   1.7876643e-01
   3.5459888e-02
   1.3640789e-01
   1.1522176e-01
   8.7252097e-02
   7.3217940e-02
   1.5195740e-02
   5.1097674e-02
   3.0183004e-02
   2.6370242e-02
   6.8001504e-02
   9.6115586e-02
   9.9759628e-02
   6.4715721e-02
   7.1841559e-02
   1.1744789e-01
   1.1055024e-01
   1.2383391e-01
   7.7948038e-02
   3.0739191e-02
   7.8234573e-02
   6.6986249e-02
   5.9661203e-02
   7.8132178e-03
   7.0320145e-02
   6.1513685e-02
   5.3545561e-02
   6.9644699e-02
   2.4491978e-02
   1.0154005e-01
   6.1892982e-02
   6.9163422e-02
   7.0338358e-02
   8.3270482e-02
   5.9266380e-02
   3.4826257e-02
   5.2812234e-02
   4.3545078e-02
   9.9529661e-02
   4.4143796e-02
   1.1195446e-01
   1.2544142e-01
   4.1783113e-02
   5.9714631e-02
   8.0346621e-02
   3.1386330e-02
   1.5715432e-02
   7.9491921e-02
   1.1785921e-01
   5.1669254e-02
   8.9460259e-02
   7.3674490e-02
   7.0557235e-02
   1.3466310e-01
   6.3101865e-02
   5.5267146e-02
   4.6026224e-02
   7.9365929e-02
   1.1740573e-01
   1.0164687e-01
   9.2243982e-02
   7.5464393e-02
   7.5847825e-02
   3.9021252e-02
   7.8626366e-02
   7.5664638e-02
   1.9508423e-02
   5.4869688e-02
   3.1385120e-02
   6.7765088e-02
   1.3998065e-01
   1.3671528e-01
   6.6421809e-02
   5.5649479e-02
   3.5397283e-02
   3.0114034e-02
   4.3450669e-02
   7.2034621e-02
   4.4317017e-02
   2.2600791e-02
   3.2674232e-02
   1.3894273e-02
   4.4430483e-02
   1.6271583e-02
   9.1506820e-02
   1.5357264e-01
   1.3829463e-01
   1.1257345e-01
   6.9865827e-02
   9.1797984e-03
   1.9539018e-02
   6.7119963e-02
   4.5291033e-02
   6.2919242e-02
   8.8947470e-02
   3.3818904e-02
   7.2456456e-02
   8.7641659e-02
   1.1169354e-01
   2.4576766e-02
   9.6391981e-02
   6.8643569e-02
   6.0802300e-02
   1.0718809e-01
   3.1175085e-02
   5.9839932e-02
   5.9611187e-02
   3.7449511e-02
   6.6762325e-02
   6.5840595e-02
   3.6576467e-02
   4.0127109e-02
