   3.6543715e+01
   3.2969529e+01
   1.5126958e+01
   2.3197064e+01
   1.2699262e+01
   1.4883668e+01
   1.3556618e+01
   1.7452453e+01
   1.3798788e+01
   2.0865054e+01
   1.6326457e+01
   2.1485828e+01
   2.0734519e+01
   2.1658602e+01
   2.0678913e+01
   1.7259308e+01
   2.2136851e+01
   2.1652784e+01
   2.0820311e+01
   2.4521841e+01
   2.5643288e+01
   2.1820427e+01
   2.6391677e+01
   2.9597086e+01
   2.6551495e+01
   3.2813411e+01
   3.5483966e+01
   3.6755580e+01
   3.9360474e+01
   3.9293387e+01
   4.2459498e+01
   4.4794085e+01
   4.5684029e+01
   4.6987135e+01
   4.8598102e+01
   5.0752169e+01
   5.0956241e+01
   5.1407387e+01
   5.3430618e+01
   5.5270192e+01
   5.7712257e+01
   5.9101917e+01
   5.9662318e+01
   5.9285017e+01
   5.5310387e+01
   4.4300644e+01
   5.2196838e+01
   5.4459182e+01
   5.5857843e+01
   5.6011062e+01
   5.4788470e+01
   5.4177299e+01
   5.3120248e+01
   5.1456729e+01
   4.9684354e+01
   4.7684889e+01
   4.6327910e+01
   4.4440647e+01
   4.2965070e+01
   4.1554924e+01
   4.0141188e+01
   3.8787325e+01
   3.7106353e+01
   3.6355683e+01
   3.5094566e+01
   3.3733019e+01
   3.2934246e+01
   3.1883750e+01
   2.8596609e+01
   2.9602922e+01
   2.8344479e+01
   2.6785362e+01
   2.6055057e+01
   2.4134072e+01
   2.5105332e+01
   2.2686413e+01
   2.2054225e+01
   2.0108766e+01
   2.2691731e+01
   2.0763255e+01
   2.1577852e+01
   2.1493242e+01
   2.2202639e+01
   2.2914354e+01
   2.1212126e+01
   2.1567331e+01
   2.0082746e+01
   2.2652169e+01
   2.2492179e+01
   2.3003246e+01
   2.1863647e+01
   1.6877466e+01
   1.2669056e+01
   5.9775111e+00
   6.5421730e+00
   8.1340452e+00
   1.3199972e+01
   1.0690225e+01
   1.4266958e+01
   1.2090140e+01
   1.3328833e+01
   9.6249319e+00
   1.1304100e+01
   1.1255538e+01
   6.1448121e+00
   3.3946461e+00
   7.8956411e+00
   1.0005739e+01
   9.1206773e+00
   1.1628713e+01
   9.7846792e+00
   1.1784244e+01
   9.6756747e+00
   1.7693686e+01
   1.7990184e+01
   1.6076551e+01
   1.4525298e+01
   1.3930241e+01
   1.4490629e+01
   7.2144811e+00
   1.2411377e+01
   8.6432424e+00
  -1.8179308e+00
   8.0956896e+00
   1.0947078e+01
   1.0384768e+01
   1.8148369e+01
   1.7267310e+01
   2.2251869e+01
   2.3210543e+01
   2.5856799e+01
   2.7647264e+01
   2.6650448e+01
   3.2369393e+01
   3.3924411e+01
   3.5437260e+01
   3.8193450e+01
   3.7865512e+01
   3.4637472e+01
   3.1263171e+01
   2.7518988e+01
   2.1226328e+01
   1.8327950e+01
   1.8874219e+01
   1.6955961e+01
   1.8683604e+01
   1.8620751e+01
   1.6733949e+01
   1.7696964e+01
   1.5872944e+01
   1.6747225e+01
   1.4899222e+01
   1.4479510e+01
   1.2629594e+01
   1.1276594e+01
   1.1639875e+01
   6.7320500e+00
   7.9654213e+00
   4.7705779e+00
   7.9717695e+00
   3.7448451e+00
   6.5401507e+00
   2.1229352e+00
   2.3002363e+00
   2.0963440e+00
  -8.6172568e+00
  -3.7208609e+00
  -5.1561700e+00
  -3.1820474e+00
  -4.4613069e-01
   3.4330710e+00
  -5.0964654e+00
   5.4259594e+00
   4.3097300e+00
   4.7006584e+00
   3.2778572e+00
  -4.0810161e+00
   5.5077734e+00
   2.9420620e+00
   1.8242183e+00
   1.4060677e+00
  -2.4796013e+00
   1.5790630e-01
   2.4580651e+00
   8.8391746e-01
  -5.4636815e+00
   4.2051997e+00
   2.4274903e+00
  -3.2686658e+00
  -1.6444113e+00
  -3.9914176e+00
   1.2827856e+00
  -1.8005703e+00
  -4.3922309e+00
  -5.0505326e+00
  -7.4816172e-01
   2.0340622e+00
  -5.9614200e+00
  -1.8767945e+00
  -4.6488508e+00
  -1.9863674e+00
  -5.0482159e+00
   4.5270539e-01
  -1.3334949e+00
  -7.5463393e-01
   1.5286536e+00
   1.6671135e+00
   3.6879520e+00
  -2.0633850e+00
  -4.6309486e-01
  -9.8457326e+00
  -3.5265630e+00
  -3.3840104e+00
   2.1557238e+00
  -2.5767719e+00
   7.6747966e-01
   2.5226932e+00
  -2.3433045e-01
   6.1538426e+00
   8.4199498e+00
   1.3179794e+01
   1.2502396e+01
   1.6031662e+01
   1.9191133e+01
   1.7340114e+01
   1.5481664e+01
   1.5277250e+01
   7.1754605e+00
   8.6210311e+00
   1.2220772e+01
   1.0973751e+01
   9.9396260e+00
   8.5147777e+00
   7.2980047e+00
   4.9436524e+00
   2.6956788e-01
  -2.2180430e-01
  -1.4369486e+00
  -4.9593034e+00
  -8.1325032e+00
  -6.5199730e+00
  -4.2536666e+00
  -9.5409184e+00
  -4.3057632e+00
  -3.9051483e+00
  -3.6716643e+00
  -4.6165070e+00
  -8.8911940e+00
  -8.7216915e+00
  -6.1291694e+00
  -2.7038222e+00
  -7.0989130e+00
  -1.6774623e+01
  -6.9194111e+00
  -4.7113946e+00
  -8.3539289e+00
  -2.0762848e+01
  -1.1758806e+01
  -1.2000592e+01
  -7.9118915e+00
  -1.5331826e+01
  -1.2074774e+01
  -8.8473495e+00
  -9.5970353e+00
  -1.6087089e+01
  -1.3643898e+01
  -5.0433996e+00
  -4.3102127e+00
  -1.2547228e+01
  -9.4991303e+00
  -4.1776199e+00
  -8.5907774e+00
  -1.1681986e+01
  -3.4051464e+00
  -5.5809169e+00
  -9.2140921e+00
  -1.2656328e+01
  -2.2289608e+01
  -1.8972962e+01
  -1.8125315e+01
  -1.1925921e+01
  -4.7902392e+00
  -2.7310934e+00
  -7.3783111e+00
  -7.2591058e+00
  -5.8805196e+00
  -6.2642669e+00
  -8.3956430e+00
  -1.6912909e+01
  -1.7097750e+01
  -7.4808762e+00
  -4.5966156e+00
  -8.1607555e+00
  -8.0716295e+00
  -8.3477421e+00
  -1.7812943e+01
  -2.0973404e+01
  -1.1351679e+01
  -7.2183268e+00
  -6.7281975e+00
  -3.0599670e+00
  -5.0730313e+00
  -1.3944491e+01
  -1.5085130e+01
  -9.5657002e+00
  -8.6823616e+00
  -1.5365093e+01
  -1.1965528e+01
  -5.5239649e+00
  -2.7727809e+00
  -2.3548966e+00
  -1.4477982e-01
   3.9245754e+00
   5.1584168e+00
   4.9044084e+00
   5.3753138e+00
   1.7279773e+00
  -4.1099620e+00
   2.3007181e+00
   1.3895729e+00
   6.6843101e-01
  -1.9557558e+00
  -8.2232429e+00
  -4.9947379e+00
  -8.4352363e+00
  -5.9632913e+00
  -1.1227722e+01
  -1.2345118e+01
  -2.1704279e+01
  -1.2148922e+01
  -1.8784392e+01
  -9.6091377e+00
  -8.0655243e+00
  -1.4283009e+01
  -1.3838970e+01
  -1.7771670e+01
  -1.3440299e+01
  -1.7678202e+01
  -6.4106521e+00
  -5.9828665e+00
  -8.9634094e+00
  -2.2293198e+01
  -6.9934955e+00
  -6.5883104e+00
  -1.0034504e+01
  -7.7207229e+00
  -9.5036648e+00
  -6.2019796e+00
  -4.1966124e+00
  -3.5212701e+00
  -4.1570959e+00
  -1.4086113e+01
  -1.3164577e+01
  -1.2440282e+01
  -6.9887764e+00
  -7.7364797e+00
  -8.7726415e+00
  -5.8721153e+00
  -1.3176537e+01
  -9.1387627e+00
  -7.1185193e+00
  -1.3109994e+01
  -3.1265853e+01
  -1.7253143e+01
  -9.8744348e+00
  -8.6161857e+00
  -1.1664390e+01
  -1.4087593e+01
  -1.7777567e+01
  -9.5530248e+00
  -1.3815750e+01
  -2.0307468e+01
  -1.7751927e+01
  -1.6403496e+01
  -9.4062075e+00
  -1.0898063e+01
  -2.0358593e+01
  -1.3983755e+01
  -1.2036113e+01
  -6.9841045e+00
  -1.1050907e+01
  -7.7757574e+00
  -7.0183240e+00
  -1.4000792e+01
  -1.2230446e+01
  -2.1394374e+01
  -9.2996154e+00
  -1.4981201e+01
  -1.4516440e+01
  -1.4329927e+01
  -2.2843422e+01
  -1.9338115e+01
  -1.4498713e+01
  -5.5895345e+00
  -4.2848428e+00
  -3.5310689e+00
  -2.3476403e+00
  -4.0146282e+00
  -6.1883238e+00
  -5.8320614e+00
  -8.4275720e+00
  -1.7575782e+01
  -8.3971573e+00
  -7.9855700e+00
  -3.4360877e+00
  -4.4792506e+00
  -1.4445926e+01
  -1.3899353e+01
  -3.8670450e+01
  -1.4828367e+01
  -1.3390479e+01
  -1.3131528e+01
  -1.8588152e+01
  -1.1670409e+01
  -2.5658004e+01
  -1.2910994e+01
  -9.4567197e+00
  -5.4327477e+00
  -6.7521002e+00
  -1.8000908e+01
  -1.3982984e+01
  -1.1831201e+01
  -7.7727134e+00
  -9.1848043e+00
  -2.1523570e+01
  -1.8084368e+01
  -1.1306794e+01
  -8.5137482e+00
  -1.5957041e+01
  -1.2158236e+01
  -1.6928657e+01
  -1.2331753e+01
  -1.1802476e+01
  -1.8802061e+01
  -1.0550917e+01
  -1.0974708e+01
  -7.7073928e+00
  -1.5908643e+01
  -1.0977462e+01
  -1.3407408e+01
  -1.1116987e+01
  -9.4508895e+00
  -2.5793612e+01
  -1.1019023e+01
  -1.2250787e+01
  -1.2876991e+01
  -7.6835609e+00
  -1.0311321e+01
  -2.1819338e+01
  -1.6553715e+01
  -2.3115207e+01
  -2.3874078e+01
  -2.8221214e+01
  -1.9154374e+01
  -1.1674048e+01
  -1.1933530e+01
  -2.0713860e+01
  -3.1462167e+01
  -1.6162516e+01
  -1.3701903e+01
  -1.4971534e+01
  -1.7471518e+01
  -1.9152533e+01
  -1.0310068e+01
  -1.0228689e+01
  -9.2776958e+00
  -1.2039478e+01
  -1.8205767e+01
  -1.7783395e+01
  -1.1576561e+01
  -9.7156317e+00
  -1.2789983e+01
  -1.1876332e+01
  -1.2373702e+01
  -1.9912407e+01
  -2.1074225e+01
  -1.0363861e+01
  -5.9739354e+00
  -7.0569127e+00
  -8.4863304e+00
  -7.7945742e+00
  -1.1140013e+01
  -1.4456426e+01
  -1.2165920e+01
  -1.1967403e+01
  -1.2390244e+01
  -1.1026949e+01
  -1.2639729e+01
  -1.1851251e+01
  -7.7743582e+00
  -4.4123967e+00
  -5.8975713e+00
  -9.3143628e+00
  -6.4146370e+00
  -7.7709121e+00
  -9.0587836e+00
  -6.2337819e+00
  -9.3753705e+00
  -7.6232476e+00
  -7.3238219e+00
  -1.2677594e+01
  -1.3882981e+01
  -1.6054564e+01
  -1.1676665e+01
  -7.7806650e+00
  -5.6866188e+00
  -7.8224141e+00
  -1.0377091e+01
  -1.2604197e+01
  -2.6492165e+01
  -1.2388480e+01
  -1.2595798e+01
  -1.2235171e+01
  -1.0092036e+01
  -1.5538173e+01
  -2.7039310e+01
  -2.6066306e+01
  -1.5367037e+01
  -1.7929173e+01
  -2.6317877e+01
  -2.4714811e+01
  -1.5362436e+01
  -1.4602375e+01
  -1.4904514e+01
  -1.3694747e+01
  -1.5540173e+01
  -2.2994519e+01
  -3.1549564e+01
  -1.8346075e+01
  -1.1357237e+01
  -1.2673550e+01
  -2.2530329e+01
  -2.0857775e+01
  -1.7940390e+01
  -1.4214117e+01
  -1.8097019e+01
  -1.1909829e+01
  -1.5434376e+01
  -2.4193897e+01
  -1.7861545e+01
  -1.9274920e+01
  -1.3853413e+01
  -1.4544209e+01
  -2.0470197e+01
  -2.0671273e+01
  -2.1825867e+01
  -1.5162602e+01
  -1.5773302e+01
  -1.7912271e+01
  -2.8354009e+01
  -1.4606431e+01
  -1.2039505e+01
  -1.1994852e+01
  -1.6485813e+01
  -2.4757325e+01
  -1.8765013e+01
  -1.6272151e+01
  -1.0851626e+01
  -1.1249633e+01
  -1.5151837e+01
  -1.2985503e+01
  -1.4461302e+01
  -2.8168676e+01
  -2.1808121e+01
  -1.4955127e+01
  -8.2014282e+00
  -1.2844313e+01
  -1.8281764e+01
  -1.4286332e+01
  -1.6575049e+01
  -1.8051102e+01
  -2.2755823e+01
  -1.8909095e+01
  -1.9077576e+01
  -1.1061192e+01
  -1.1352793e+01
  -1.5449648e+01
  -1.3765053e+01
  -1.0758096e+01
  -1.0016971e+01
  -1.0895023e+01
  -1.0980819e+01
  -1.3373334e+01
  -7.9664504e+00
  -7.1701470e+00
  -1.0109875e+01
  -8.5121554e+00
  -1.2408108e+01
  -1.5717091e+01
  -2.5618596e+01
  -8.1893991e+00
  -7.0112526e+00
  -1.0597586e+01
  -1.1789109e+01
  -2.3108284e+01
  -1.7757818e+01
  -1.7839767e+01
  -2.4886798e+01
  -2.7276992e+01
  -1.4089630e+01
  -1.1546128e+01
  -1.4184767e+01
  -1.6184015e+01
  -2.4975299e+01
  -1.1656855e+01
  -1.1042317e+01
  -2.1001164e+01
  -1.4579568e+01
  -1.8334271e+01
  -1.5547388e+01
  -1.3865153e+01
  -1.2674261e+01
  -1.3073008e+01
  -2.7939427e+01
  -1.7955941e+01
  -1.8756386e+01
  -1.3746675e+01
  -1.1286010e+01
  -9.4080501e+00
  -7.5277268e+00
  -9.0467575e+00
  -8.6208191e+00
  -1.0786762e+01
  -2.0573364e+01
  -2.7657753e+01
  -1.9855167e+01
  -2.3058102e+01
  -1.9525218e+01
  -1.5156885e+01
  -1.9243636e+01
  -1.9141564e+01
  -1.8786853e+01
  -1.9706869e+01
  -2.3278941e+01
  -1.9857073e+01
  -3.8947828e+01
  -1.9476468e+01
  -2.0098953e+01
  -1.6339849e+01
  -1.8717986e+01
  -1.1017776e+01
  -9.6231789e+00
  -1.5592408e+01
  -2.2182984e+01
  -2.2907656e+01
  -1.0875038e+01
  -7.9580852e+00
  -9.6183607e+00
  -1.1347478e+01
  -1.8974945e+01
  -1.2762113e+01
  -1.2279521e+01
  -1.3920455e+01
  -1.1006279e+01
  -1.3517462e+01
  -1.4863823e+01
  -1.5212050e+01
  -1.8697067e+01
  -1.4727077e+01
  -1.7229076e+01
  -1.5785669e+01
  -1.0883605e+01
  -1.2175950e+01
  -8.4852902e+00
  -1.1679078e+01
  -2.5538290e+01
  -1.3845384e+01
  -1.7797699e+01
  -1.4745802e+01
  -9.5042685e+00
  -1.0653130e+01
  -2.1174590e+01
  -2.7757109e+01
  -2.3780225e+01
  -1.6744303e+01
  -1.5417552e+01
  -1.6846604e+01
  -1.3831560e+01
  -1.3446101e+01
  -1.8331308e+01
  -2.0238893e+01
  -1.6548760e+01
  -2.0535026e+01
  -2.2225527e+01
  -1.9877379e+01
  -1.9551671e+01
  -1.2001777e+01
  -1.4657890e+01
  -1.3315457e+01
  -1.9586446e+01
  -1.9862424e+01
  -2.1356572e+01
  -1.2645966e+01
  -8.9714237e+00
  -9.5194871e+00
  -9.1822754e+00
  -1.3366677e+01
  -1.8032618e+01
  -1.8207230e+01
  -1.3506161e+01
  -8.8672260e+00
  -9.4037263e+00
  -8.4570771e+00
  -9.3410245e+00
  -1.9004317e+01
  -2.0980412e+01
  -1.9764724e+01
  -1.2135841e+01
  -1.5154525e+01
  -1.5563900e+01
  -1.3551476e+01
  -1.9942472e+01
  -3.6639636e+01
  -1.9576643e+01
  -1.7756956e+01
  -2.7055458e+01
  -2.0934004e+01
  -1.5707021e+01
  -1.4116424e+01
  -1.4556920e+01
  -1.7510728e+01
  -1.5044432e+01
  -1.4544681e+01
  -1.9987614e+01
  -3.3440365e+01
  -2.8134961e+01
  -2.7122044e+01
  -3.4317148e+01
  -2.2862706e+01
  -2.3439206e+01
  -4.0188032e+01
  -2.7036112e+01
  -2.4535987e+01
  -1.6891187e+01
  -1.7737096e+01
  -1.4032679e+01
  -1.1254067e+01
  -1.7235806e+01
  -3.0439909e+01
  -2.7438825e+01
  -2.8870100e+01
  -2.8793294e+01
  -3.5628967e+01
  -1.5645481e+01
  -1.0265318e+01
  -1.2737542e+01
  -1.6306780e+01
  -1.2334881e+01
  -1.4232550e+01
  -1.7273840e+01
  -1.9193146e+01
  -2.5620455e+01
  -2.9328976e+01
  -2.7518655e+01
  -2.8435001e+01
  -2.6478407e+01
  -1.4369342e+01
  -1.4958393e+01
  -2.0197449e+01
  -1.7651983e+01
  -2.7473887e+01
  -1.4942894e+01
  -2.2305277e+01
  -2.0449879e+01
  -2.2534793e+01
  -2.3494888e+01
  -1.9393807e+01
  -2.6377965e+01
  -2.2534685e+01
  -1.4074663e+01
  -1.5240419e+01
  -2.6099358e+01
  -2.7622152e+01
  -1.7131259e+01
  -1.8481746e+01
  -2.1816018e+01
  -1.4850791e+01
  -1.5133020e+01
  -1.6901108e+01
  -3.5166432e+01
  -2.2971371e+01
  -2.0051810e+01
  -1.4945516e+01
  -1.7392265e+01
  -2.5798724e+01
  -2.5126530e+01
  -1.6119374e+01
  -1.7231881e+01
  -2.2201918e+01
  -2.5162526e+01
  -1.2921112e+01
  -1.2446553e+01
  -1.6439769e+01
  -1.5509155e+01
  -1.6449535e+01
  -2.1237553e+01
  -1.8789627e+01
  -1.5134773e+01
  -1.5652109e+01
  -1.4932575e+01
  -1.3960412e+01
  -2.1895408e+01
  -1.6370802e+01
  -1.5325148e+01
  -1.1287348e+01
  -1.0487156e+01
  -3.2313830e+01
  -1.3010293e+01
  -1.9500367e+01
  -1.4809687e+01
  -1.3024629e+01
  -2.1882736e+01
  -1.9262843e+01
  -2.9308568e+01
  -2.3324981e+01
  -2.6130266e+01
  -6.3883204e+01
  -2.7213192e+01
  -2.5804765e+01
  -2.2393122e+01
  -2.1295062e+01
  -1.4526554e+01
  -1.5791266e+01
  -1.2185356e+01
  -8.1294916e+00
  -1.0481571e+01
  -1.3250229e+01
  -1.4732955e+01
  -1.8689865e+01
  -1.7736939e+01
  -3.9818681e+01
  -1.5231447e+01
  -1.5122714e+01
  -2.7897385e+01
  -1.5549649e+01
  -1.9455934e+01
  -1.3141791e+01
  -1.2429400e+01
  -1.2921586e+01
  -1.1479935e+01
  -1.3742597e+01
  -1.9553542e+01
  -2.2131095e+01
  -2.0872908e+01
  -2.5866728e+01
  -1.6927097e+01
  -2.2804967e+01
  -2.5335012e+01
  -2.2643236e+01
  -2.6538648e+01
  -2.1129942e+01
  -1.6717433e+01
  -1.8350672e+01
  -1.7746819e+01
  -1.6341226e+01
  -2.2223964e+01
  -1.6652542e+01
  -1.8579488e+01
  -2.4635683e+01
  -1.5627498e+01
  -1.7083132e+01
  -2.4629688e+01
  -2.2283703e+01
  -1.8142403e+01
  -2.5951318e+01
  -1.8779849e+01
  -2.2948436e+01
  -2.1439453e+01
  -2.0349011e+01
  -4.8629313e+01
  -2.2624752e+01
  -1.8494176e+01
  -1.8441659e+01
  -1.9215263e+01
  -1.6478901e+01
  -1.4878529e+01
  -1.6241160e+01
  -1.5792575e+01
  -1.5291431e+01
  -1.8089345e+01
  -1.5476713e+01
  -1.7314148e+01
  -1.8472777e+01
  -2.0247256e+01
  -1.5804000e+01
  -1.7401249e+01
  -2.2169712e+01
  -2.2999619e+01
  -1.3177070e+01
  -1.4548171e+01
  -2.6430921e+01
  -1.9783708e+01
  -2.1590545e+01
  -1.9274349e+01
  -2.8477322e+01
  -2.4754971e+01
  -1.7914194e+01
  -1.6619932e+01
  -1.9905343e+01
  -1.4075443e+01
  -1.2120158e+01
  -1.6023666e+01
  -1.9132177e+01
  -1.7847555e+01
  -2.5480159e+01
  -1.7479978e+01
  -2.3168540e+01
  -2.5708103e+01
  -2.6029913e+01
  -1.7925179e+01
  -1.6202511e+01
  -1.7419449e+01
  -1.6567087e+01
  -1.8445191e+01
  -2.2250862e+01
  -1.6504023e+01
  -1.8232693e+01
  -2.3105305e+01
  -2.0854684e+01
  -1.9724055e+01
  -2.0011876e+01
  -1.8801796e+01
  -1.2811500e+01
  -1.3281871e+01
  -1.8815927e+01
  -2.8070404e+01
  -1.5522651e+01
  -1.4881696e+01
  -1.4704131e+01
  -1.0944374e+01
  -1.1667814e+01
  -1.7476124e+01
  -1.8089678e+01
  -2.0342132e+01
  -1.5580895e+01
  -2.0308989e+01
  -2.1213951e+01
  -1.9150582e+01
  -3.4263522e+01
  -1.7886581e+01
  -1.5796425e+01
  -1.7603131e+01
  -2.4400591e+01
  -2.5366501e+01
  -1.8964674e+01
  -1.4253523e+01
  -1.5345299e+01
  -1.6775897e+01
  -1.5891906e+01
  -1.4173857e+01
  -1.4644862e+01
  -1.8518209e+01
  -1.5350743e+01
  -1.6260873e+01
  -2.1490140e+01
  -2.2510105e+01
  -1.7335998e+01
  -1.1856917e+01
  -1.5533251e+01
  -2.2876059e+01
  -1.7435339e+01
  -1.7263251e+01
  -1.8128763e+01
  -1.9615972e+01
  -2.2238826e+01
  -2.0416895e+01
  -1.8443747e+01
  -1.4121620e+01
  -1.4828996e+01
  -1.5546631e+01
  -1.4280066e+01
  -2.5556968e+01
  -1.4420674e+01
  -1.6827224e+01
  -1.4908657e+01
  -1.0155238e+01
  -1.2932916e+01
  -1.7811757e+01
  -1.6296354e+01
  -1.6408177e+01
  -1.2674276e+01
  -1.4853637e+01
  -2.4837640e+01
  -2.6771132e+01
  -1.9805612e+01
  -1.8634816e+01
  -1.7928321e+01
  -1.6026462e+01
  -1.7652216e+01
  -2.1185559e+01
  -2.4139728e+01
  -2.5442799e+01
  -1.6256228e+01
  -1.5072852e+01
  -1.3577960e+01
  -1.4034661e+01
  -1.7053766e+01
  -1.3658729e+01
  -1.8364682e+01
  -1.7276432e+01
  -1.5335243e+01
  -1.9026455e+01
  -2.0890637e+01
  -3.5216462e+01
  -2.3756718e+01
  -2.1406220e+01
  -2.4384965e+01
  -2.2315055e+01
  -1.7036868e+01
  -1.5117769e+01
  -1.7105360e+01
  -2.1439832e+01
  -2.4938365e+01
  -2.0110644e+01
  -1.6321823e+01
  -1.4684988e+01
  -1.5347211e+01
  -1.8809677e+01
  -2.3278168e+01
  -3.7866404e+01
  -2.8593549e+01
  -3.2131374e+01
  -1.9127243e+01
  -1.6005519e+01
  -2.2421825e+01
  -2.0672847e+01
  -2.3431391e+01
  -1.6916611e+01
  -1.6030861e+01
  -2.0251792e+01
  -1.5994034e+01
  -2.6575867e+01
  -1.5560423e+01
  -1.5743573e+01
  -2.1797927e+01
  -2.0764883e+01
  -2.1304367e+01
  -2.9153608e+01
  -2.5962189e+01
  -2.9247823e+01
  -1.9300567e+01
  -1.6359299e+01
  -1.9902125e+01
  -2.1543906e+01
  -2.4596991e+01
  -2.5157006e+01
  -2.8798747e+01
  -2.8143703e+01
  -2.2684900e+01
  -2.2479469e+01
  -2.8618418e+01
  -1.9945056e+01
  -2.4894075e+01
  -2.0261410e+01
  -2.6229540e+01
  -2.0844020e+01
  -1.8353592e+01
  -2.9012712e+01
  -2.5605116e+01
  -2.4901222e+01
  -1.9979818e+01
  -1.5954497e+01
  -1.8171072e+01
  -2.2848120e+01
  -2.4795618e+01
  -3.5932371e+01
  -2.9244073e+01
  -2.1637877e+01
  -2.4116078e+01
  -2.3768364e+01
  -2.3902198e+01
  -2.0419573e+01
  -1.8856385e+01
  -1.6900179e+01
  -1.2887263e+01
  -1.5317201e+01
  -2.1585342e+01
  -1.9169381e+01
  -2.2215027e+01
  -3.6498275e+01
  -2.0768808e+01
  -1.2976147e+01
  -1.2963517e+01
  -2.8931010e+01
  -1.4099280e+01
  -1.8652378e+01
  -1.7486630e+01
  -1.1829957e+01
  -1.2251369e+01
  -1.3165501e+01
  -2.1802409e+01
  -2.2149506e+01
  -2.2389830e+01
  -2.8478081e+01
  -1.7911906e+01
  -1.5961713e+01
  -1.6452693e+01
  -2.0038254e+01
  -2.4485731e+01
  -2.2117589e+01
  -1.7784991e+01
  -2.0018038e+01
  -2.1057330e+01
  -1.6066135e+01
  -2.2958277e+01
  -2.5540554e+01
  -2.2960037e+01
  -1.4393878e+01
  -1.4156337e+01
  -1.4184990e+01
  -1.2589330e+01
  -1.4558984e+01
  -1.9227920e+01
  -1.5193506e+01
  -1.3058866e+01
  -1.9356597e+01
  -2.6876377e+01
  -2.1996207e+01
  -2.9887725e+01
  -2.3029272e+01
  -2.3039992e+01
  -1.8640743e+01
  -3.0035387e+01
  -1.7036054e+01
  -1.5944300e+01
  -2.8665772e+01
  -1.6579380e+01
  -2.3117186e+01
  -1.8264846e+01
  -2.0314008e+01
  -2.3195110e+01
  -2.5257158e+01
  -2.1731097e+01
  -2.0069627e+01
  -3.1283666e+01
  -1.9320154e+01
  -1.7749691e+01
  -2.0003603e+01
  -1.5130037e+01
  -1.7041742e+01
  -3.6064078e+01
  -2.9268896e+01
  -1.9746513e+01
  -1.5534585e+01
  -2.2062562e+01
  -1.5805666e+01
  -1.8084691e+01
  -3.2966338e+01
  -3.4700334e+01
  -2.3188700e+01
  -2.2328180e+01
  -2.2477344e+01
  -1.6496756e+01
  -1.4322036e+01
  -2.2018652e+01
  -1.5608213e+01
  -1.5654208e+01
  -1.8059024e+01
  -1.5761012e+01
  -1.9003700e+01
  -1.4218888e+01
  -1.6012416e+01
  -1.6682206e+01
  -2.0108754e+01
  -2.2223628e+01
  -1.8868926e+01
  -2.0932348e+01
  -2.2762581e+01
  -2.5642441e+01
  -3.0127035e+01
  -2.8343960e+01
  -2.3266015e+01
  -2.5128927e+01
  -2.7527683e+01
  -2.0488584e+01
  -2.5890449e+01
  -2.9578718e+01
  -2.6717186e+01
  -2.3185226e+01
  -1.8112874e+01
  -1.7501783e+01
  -2.1570613e+01
  -2.2769473e+01
  -2.3115038e+01
  -2.3086262e+01
  -1.9279007e+01
  -1.6432888e+01
  -1.5050638e+01
  -1.8887426e+01
  -2.1007325e+01
  -1.9088386e+01
  -1.9000692e+01
  -2.3515806e+01
  -2.7263449e+01
  -2.7945732e+01
  -3.0799496e+01
  -1.9660654e+01
  -1.8861145e+01
  -2.5725903e+01
  -2.1668587e+01
  -1.6099484e+01
  -1.5071869e+01
  -1.9654168e+01
  -1.6338943e+01
  -1.5795389e+01
  -1.6584820e+01
  -1.6317048e+01
  -2.1734640e+01
  -1.6754150e+01
  -1.4414873e+01
  -1.2847295e+01
  -1.5268688e+01
  -2.2014283e+01
  -1.5475142e+01
  -1.9541211e+01
  -2.2724670e+01
  -1.4892075e+01
  -1.6998420e+01
  -2.0881052e+01
  -1.5286918e+01
  -1.5052918e+01
  -2.1436294e+01
  -2.0427809e+01
  -2.2854841e+01
  -3.0830316e+01
  -2.0621066e+01
  -2.2151122e+01
  -3.3414263e+01
  -2.4341567e+01
  -2.4579556e+01
  -1.9762286e+01
  -1.4314491e+01
  -1.3741131e+01
  -1.8755802e+01
  -2.8319243e+01
  -2.2497474e+01
  -1.7967537e+01
  -1.8058448e+01
  -2.4526946e+01
  -2.0736487e+01
  -2.2274688e+01
  -3.2867425e+01
  -2.7052057e+01
  -2.6042294e+01
  -1.8251329e+01
  -2.1146599e+01
  -2.6819542e+01
  -1.9283991e+01
  -2.5188409e+01
  -4.8458940e+01
  -3.1846458e+01
  -3.2131670e+01
  -2.4348217e+01
  -1.8620758e+01
  -2.2347223e+01
  -1.9470252e+01
  -2.1162836e+01
  -1.6184391e+01
  -1.5856704e+01
  -2.4769309e+01
  -3.3800609e+01
  -2.2093709e+01
  -2.0948917e+01
  -3.6838926e+01
  -2.2878852e+01
  -2.3871605e+01
  -2.3062018e+01
  -2.9511522e+01
  -2.1644302e+01
  -1.8347584e+01
  -1.4471812e+01
  -1.5900163e+01
  -1.7009445e+01
  -1.2954995e+01
  -1.4320702e+01
  -1.6470839e+01
  -1.9490914e+01
  -2.1537718e+01
  -1.1996510e+01
  -1.1988516e+01
  -1.3100684e+01
  -1.6858023e+01
  -1.7702127e+01
  -1.5520670e+01
  -2.2538897e+01
  -1.6063234e+01
  -1.7301195e+01
  -1.4550418e+01
  -1.5558265e+01
  -2.0839633e+01
  -1.9090611e+01
  -2.4619927e+01
  -2.7471362e+01
  -2.5362006e+01
  -1.8026733e+01
  -1.6988735e+01
  -2.2315240e+01
  -1.9779770e+01
  -2.1047402e+01
  -2.9425430e+01
  -3.9993391e+01
  -2.6223697e+01
  -2.5827517e+01
  -3.2834639e+01
  -2.3816054e+01
  -3.8886012e+01
  -2.5095155e+01
  -2.8225314e+01
  -2.1320807e+01
  -1.6021472e+01
  -1.5920352e+01
  -1.7909140e+01
  -2.1267426e+01
  -1.8711797e+01
  -2.2028081e+01
  -2.4809045e+01
  -2.0945286e+01
  -2.2135657e+01
  -1.4326401e+01
  -1.7368097e+01
  -2.8495859e+01
  -1.8527337e+01
  -2.3266482e+01
  -2.2414876e+01
  -2.7543670e+01
  -2.0050037e+01
  -1.9207555e+01
  -1.5677605e+01
  -1.2612000e+01
  -1.5399429e+01
  -1.6817078e+01
  -1.8618736e+01
  -2.5047268e+01
  -1.9611255e+01
  -2.3324163e+01
  -2.5154268e+01
  -1.9096116e+01
  -2.0275779e+01
  -2.8199360e+01
  -2.1005214e+01
  -2.6394480e+01
  -2.1749655e+01
  -2.0076400e+01
  -2.1142999e+01
  -2.0118793e+01
  -2.6422746e+01
  -2.8348224e+01
  -2.3460236e+01
  -2.8311394e+01
  -2.5896373e+01
  -3.2527533e+01
  -4.4528624e+01
  -2.6995592e+01
  -2.2042968e+01
  -4.3037365e+01
  -1.8150517e+01
  -1.7798983e+01
  -2.9908361e+01
  -2.4645035e+01
  -4.0056242e+01
  -2.2167752e+01
  -2.0516514e+01
  -1.6789877e+01
  -1.5528997e+01
  -1.7540332e+01
  -1.8506236e+01
  -1.7202585e+01
  -1.8580222e+01
  -2.3820156e+01
  -3.5466905e+01
  -2.9975468e+01
  -2.9060639e+01
  -3.1220440e+01
  -2.4136275e+01
  -3.4447552e+01
  -1.9685318e+01
  -1.9969872e+01
  -2.0111527e+01
  -1.3994401e+01
  -1.5145615e+01
  -1.6147618e+01
  -1.9343231e+01
  -3.1304774e+01
  -2.4994821e+01
  -2.4038279e+01
  -2.4945723e+01
  -2.5748181e+01
  -1.8847750e+01
  -2.5143578e+01
  -2.7824773e+01
  -2.2247707e+01
  -2.3361137e+01
  -2.6427587e+01
  -2.7994373e+01
  -2.8413092e+01
  -2.6782631e+01
  -2.1982348e+01
  -1.8188922e+01
  -2.6371439e+01
  -2.4648085e+01
  -2.4242189e+01
  -2.4430185e+01
  -2.5125181e+01
  -2.4904184e+01
  -2.8378406e+01
  -2.1377073e+01
  -1.5965547e+01
  -1.8487688e+01
  -2.2319527e+01
  -1.9407461e+01
  -1.9085737e+01
  -2.4605191e+01
  -2.4761099e+01
  -2.8750418e+01
  -2.2431193e+01
  -3.3601978e+01
  -2.1830378e+01
  -2.0758109e+01
  -2.3929660e+01
  -2.5054265e+01
  -2.4537676e+01
  -1.8865330e+01
  -2.3134172e+01
  -2.6750405e+01
  -2.5795822e+01
  -5.1687532e+01
  -2.4005264e+01
  -2.1096929e+01
  -2.4273528e+01
  -3.1420245e+01
  -2.9627097e+01
  -2.5043393e+01
  -2.3118815e+01
  -3.0419917e+01
  -3.7833670e+01
  -2.6790039e+01
  -2.3609859e+01
  -2.9520830e+01
  -1.5423432e+01
  -1.6476706e+01
  -2.8498311e+01
  -1.5675352e+01
  -1.7149105e+01
  -1.3859684e+01
  -1.5007099e+01
  -1.7959186e+01
  -1.3580591e+01
  -1.0724166e+01
  -8.4968351e+00
  -7.7325539e+00
  -6.5555557e+00
  -6.1319596e+00
  -6.4992189e+00
  -6.9664004e+00
  -9.0885669e+00
  -1.8228416e+01
  -9.5550144e+00
  -5.4038823e+00
  -5.8538715e+00
  -5.7582402e+00
  -6.3525177e+00
  -8.8205621e+00
  -8.2667834e+00
  -9.6423831e+00
  -1.4217193e+01
  -1.7723260e+01
  -1.6590894e+01
  -1.4587851e+01
  -1.6620470e+01
  -2.2510191e+01
  -3.7046758e+01
  -2.1358217e+01
  -2.0338930e+01
  -2.1446991e+01
  -1.9064298e+01
  -2.1804393e+01
  -2.3699940e+01
  -1.8464661e+01
  -2.2284801e+01
  -2.8476965e+01
  -2.3483662e+01
  -2.6748618e+01
  -2.5226351e+01
  -2.8615014e+01
  -1.8596809e+01
  -2.2777002e+01
  -1.7761623e+01
  -1.7217681e+01
  -3.2195792e+01
  -2.1037550e+01
  -1.9120882e+01
  -2.2042767e+01
  -2.6383307e+01
  -2.2882243e+01
  -3.2648166e+01
  -2.5523403e+01
  -2.8175248e+01
  -2.0979174e+01
  -1.8689895e+01
  -1.5607957e+01
  -1.7352934e+01
  -2.5297177e+01
  -2.9075157e+01
  -2.2023604e+01
  -2.3216085e+01
  -4.1100766e+01
  -3.1796558e+01
  -2.1848260e+01
  -2.1698102e+01
  -2.9517207e+01
  -1.7839467e+01
  -1.9324931e+01
  -2.0958559e+01
  -1.9753368e+01
  -2.5238841e+01
  -3.1637504e+01
  -2.7534229e+01
  -2.5826266e+01
  -2.0239113e+01
  -2.7070190e+01
  -2.5036277e+01
  -2.6667142e+01
  -2.9745049e+01
  -2.4055279e+01
  -2.4570938e+01
  -2.4159692e+01
  -1.8468530e+01
  -1.9560302e+01
  -1.7632270e+01
  -1.4545894e+01
  -2.4306627e+01
  -1.5098077e+01
  -1.4062191e+01
  -1.7757514e+01
  -1.1459430e+01
  -1.1627369e+01
  -1.2296806e+01
  -9.4399409e+00
  -8.5807918e+00
  -7.5555360e+00
  -5.0079616e+00
  -3.1460299e+00
  -2.3582641e+00
  -2.5721101e+00
  -5.4159056e+00
  -1.3429984e+01
  -9.5156892e+00
  -7.0307690e+00
  -7.4331890e+00
  -6.0071630e+00
  -5.4645562e+00
  -6.3382755e+00
  -6.9586102e+00
  -9.1013270e+00
  -1.0806063e+01
  -1.1041763e+01
  -1.3450707e+01
  -1.5842948e+01
  -2.4045240e+01
  -2.0133762e+01
  -2.0594070e+01
  -2.1254222e+01
  -1.9139346e+01
  -1.9944182e+01
  -2.1715731e+01
  -3.6740512e+01
  -2.9605524e+01
  -2.0132464e+01
  -1.8638922e+01
  -3.3300820e+01
  -2.1233766e+01
  -2.0385056e+01
  -1.7178100e+01
  -1.7555677e+01
  -2.0905842e+01
  -2.0347130e+01
  -2.2858502e+01
  -2.2086641e+01
  -2.4013374e+01
  -3.2756956e+01
  -2.3089735e+01
  -2.0423919e+01
  -3.4923205e+01
  -1.7897836e+01
  -1.4175560e+01
  -1.7222392e+01
  -1.5671360e+01
  -1.6325298e+01
  -1.7086964e+01
  -1.7004773e+01
  -4.0730465e+01
  -1.8563363e+01
  -2.3979825e+01
  -1.9889871e+01
  -1.8196152e+01
  -2.5167631e+01
  -2.2232864e+01
  -1.7344208e+01
  -1.8956828e+01
  -2.8405501e+01
  -3.0213664e+01
  -2.1814977e+01
  -1.9252188e+01
  -1.9278531e+01
  -1.8490364e+01
  -1.6368984e+01
  -1.7074634e+01
  -2.3111899e+01
  -2.7764154e+01
  -2.7640386e+01
  -2.2691621e+01
  -1.9087691e+01
  -1.7820474e+01
  -2.2780909e+01
  -2.7169599e+01
  -3.1711468e+01
  -2.8531159e+01
  -2.8166416e+01
  -4.5580727e+01
  -2.5390920e+01
  -2.4014123e+01
  -2.0205446e+01
  -1.7818123e+01
  -2.5453683e+01
  -2.4785416e+01
  -2.5640301e+01
  -1.9163136e+01
  -2.1300345e+01
  -2.3676780e+01
  -1.7859228e+01
  -2.7156812e+01
  -2.1617610e+01
  -1.7700533e+01
  -2.4142600e+01
  -2.1638716e+01
  -1.5679843e+01
  -1.6287170e+01
  -1.7352145e+01
  -2.1506261e+01
  -2.6250753e+01
  -2.2351836e+01
  -1.5570777e+01
  -1.9909372e+01
  -2.0618070e+01
  -1.6172078e+01
  -2.3866053e+01
  -2.3765206e+01
  -2.1561293e+01
  -2.7290188e+01
  -2.6902601e+01
  -2.6531479e+01
  -1.9999460e+01
  -1.8730471e+01
  -2.4661036e+01
  -2.1385685e+01
  -2.4455853e+01
  -2.6414718e+01
  -2.7203762e+01
  -2.0188189e+01
  -2.1707392e+01
  -4.3360863e+01
  -2.9662212e+01
  -2.9573599e+01
  -2.6571772e+01
  -2.9754740e+01
  -3.4114826e+01
  -2.6526625e+01
  -2.2583610e+01
  -1.7063440e+01
  -2.0319003e+01
  -2.6680799e+01
  -1.8821864e+01
  -2.1633497e+01
  -2.0942556e+01
  -2.2183704e+01
  -1.7039212e+01
  -1.6109197e+01
  -2.1026198e+01
  -1.9412262e+01
  -1.4752964e+01
  -1.5114902e+01
  -2.1077371e+01
  -2.8722674e+01
  -3.1051273e+01
  -2.8664353e+01
  -2.2537197e+01
  -3.1484951e+01
  -2.4717466e+01
  -2.3334400e+01
  -3.5737485e+01
  -2.4932145e+01
  -2.6870571e+01
  -2.9916927e+01
  -1.8458065e+01
  -1.7201000e+01
  -2.0647010e+01
  -1.9434925e+01
  -2.0946035e+01
  -2.4550948e+01
  -1.8935399e+01
  -2.4502922e+01
  -1.9451945e+01
  -1.9004103e+01
  -2.4121617e+01
  -1.5742970e+01
  -2.0910490e+01
  -2.1932511e+01
  -1.6578311e+01
  -1.9326910e+01
  -1.7895754e+01
  -2.0105791e+01
  -2.4336644e+01
  -2.3552574e+01
  -3.3134747e+01
  -2.3683126e+01
  -2.0835569e+01
  -2.2193525e+01
  -2.5719205e+01
  -3.0669672e+01
  -3.2992828e+01
  -2.9174247e+01
  -2.7846138e+01
  -3.0850354e+01
  -2.1964841e+01
  -1.9920542e+01
  -2.4575216e+01
  -2.6050822e+01
  -2.0816376e+01
  -1.9120545e+01
  -2.4792332e+01
  -2.5202993e+01
  -2.4672346e+01
  -2.1550953e+01
  -1.8987803e+01
  -2.7165012e+01
  -1.9793283e+01
  -2.0730968e+01
  -3.1904527e+01
  -2.7794649e+01
  -2.5108217e+01
  -1.9633069e+01
  -1.9606096e+01
  -2.4262483e+01
  -2.6795811e+01
  -2.3904161e+01
  -3.3391756e+01
  -2.2753593e+01
  -2.1949445e+01
  -1.9807872e+01
  -1.7914798e+01
  -2.8661200e+01
  -2.0844796e+01
  -1.9383148e+01
  -4.4039712e+01
  -1.9245361e+01
  -2.2243804e+01
  -2.1901103e+01
  -1.7047130e+01
  -2.2109545e+01
  -1.8144907e+01
  -1.9425820e+01
  -2.3287341e+01
  -1.7219213e+01
  -2.1159094e+01
  -2.5155382e+01
  -3.7101254e+01
  -2.4019047e+01
  -2.5459301e+01
  -2.7353109e+01
  -2.0982674e+01
  -2.2787581e+01
  -1.9539240e+01
  -1.9442613e+01
  -2.2592621e+01
  -2.2865400e+01
  -2.7559144e+01
  -2.1745072e+01
  -2.0416742e+01
  -2.4365797e+01
  -1.8156614e+01
  -1.6618860e+01
  -1.9717349e+01
  -2.3498847e+01
  -2.1244885e+01
  -1.7249788e+01
  -1.5136620e+01
  -1.5808796e+01
  -1.5777806e+01
  -1.6622356e+01
  -2.1105481e+01
  -1.1812215e+01
  -1.0805071e+01
  -1.4113594e+01
  -1.3340691e+01
  -1.6111796e+01
  -1.5682048e+01
  -1.3377566e+01
  -1.7630440e+01
  -2.8830767e+01
  -2.9000757e+01
  -3.7905591e+01
  -2.4786853e+01
  -2.5401956e+01
  -2.8280317e+01
  -3.0363542e+01
  -2.7435648e+01
  -2.5934757e+01
  -2.0371571e+01
  -2.1462690e+01
  -2.4830366e+01
  -2.3419463e+01
  -2.6209721e+01
  -2.0974118e+01
  -2.4645753e+01
  -2.3562765e+01
  -2.4439500e+01
  -2.9099972e+01
  -2.3468236e+01
  -1.9721161e+01
  -1.8493332e+01
  -2.0217465e+01
  -2.6497649e+01
  -3.6502626e+01
  -2.9521012e+01
  -2.6114850e+01
  -2.1749957e+01
  -1.7973138e+01
  -2.7555802e+01
  -1.9447486e+01
  -1.7960956e+01
  -2.9771077e+01
  -2.1305847e+01
  -2.5926488e+01
  -2.4329039e+01
  -2.9241549e+01
  -3.1761028e+01
  -2.0014726e+01
  -1.7272456e+01
  -2.4545955e+01
  -2.1539945e+01
  -2.4235331e+01
  -2.0931653e+01
  -1.7649006e+01
  -2.4468426e+01
  -1.9444006e+01
  -1.8922514e+01
  -2.1571051e+01
  -2.6834842e+01
  -3.4852723e+01
  -3.8669588e+01
  -2.6020772e+01
  -2.4379752e+01
  -4.7674698e+01
  -2.3267980e+01
  -2.2396747e+01
  -3.1041597e+01
  -2.6480643e+01
  -2.7748112e+01
  -2.4458962e+01
  -2.8471262e+01
  -2.4051998e+01
  -2.1465208e+01
  -2.5250974e+01
  -2.9357878e+01
  -2.5760052e+01
  -2.2756613e+01
  -2.5484891e+01
  -4.2040736e+01
  -2.4408261e+01
  -2.3725360e+01
  -2.0286970e+01
  -1.5923581e+01
  -1.5361388e+01
  -1.5292924e+01
  -1.4811212e+01
  -1.4422964e+01
  -1.1800252e+01
  -1.3275942e+01
  -2.4440717e+01
  -2.1060472e+01
  -2.4108727e+01
  -1.7824906e+01
  -1.5542434e+01
  -1.6077092e+01
  -1.5352152e+01
  -1.8238698e+01
  -1.4644680e+01
  -1.4954281e+01
  -2.9005253e+01
  -1.7303210e+01
  -1.8769310e+01
  -2.1184483e+01
  -2.2707650e+01
  -3.6365563e+01
  -2.5831977e+01
  -3.0404751e+01
  -3.1577718e+01
  -2.3349630e+01
  -2.0344124e+01
  -2.0020904e+01
  -2.3779804e+01
  -2.2872485e+01
  -1.8603096e+01
  -1.9128806e+01
  -1.8143209e+01
  -2.2163896e+01
  -3.0246151e+01
  -2.2132026e+01
  -2.3480287e+01
  -2.4486160e+01
  -4.2143401e+01
  -2.3058405e+01
  -2.4220565e+01
  -2.5425531e+01
  -2.3142239e+01
  -3.2219523e+01
  -1.9867252e+01
  -2.4167172e+01
  -2.3202470e+01
  -2.3056155e+01
  -2.1590178e+01
  -2.4543832e+01
  -2.9161864e+01
  -2.5545309e+01
  -2.7221219e+01
  -2.0040949e+01
  -2.7102606e+01
  -1.9019172e+01
  -1.8031181e+01
  -2.7579984e+01
  -2.4478385e+01
  -2.1900648e+01
  -3.0065189e+01
  -3.6073473e+01
  -2.1993540e+01
  -1.8572730e+01
  -2.5735356e+01
  -2.0967397e+01
  -2.2653657e+01
  -2.3029169e+01
  -1.7415028e+01
  -2.3999156e+01
  -2.5150659e+01
  -2.6739893e+01
  -2.2007318e+01
  -1.8606214e+01
  -1.9858120e+01
  -2.0701239e+01
  -2.2445158e+01
  -2.2401137e+01
  -2.8173976e+01
  -2.2088636e+01
  -2.2422141e+01
  -3.4195557e+01
  -2.5213350e+01
  -3.0065524e+01
  -2.3379880e+01
  -1.7078640e+01
  -1.7283659e+01
  -2.3553786e+01
  -2.5090778e+01
  -2.9020601e+01
  -3.0424621e+01
  -2.7240071e+01
  -2.2849175e+01
  -2.7068590e+01
  -3.2917527e+01
  -2.9715892e+01
  -3.7143284e+01
  -2.7046379e+01
  -3.5771404e+01
  -2.0770931e+01
  -1.6273723e+01
  -1.7183894e+01
  -1.8971281e+01
  -2.3114704e+01
  -4.0743337e+01
  -3.4181945e+01
  -2.3462966e+01
  -2.6879755e+01
  -2.4024330e+01
  -2.1017328e+01
  -2.9416809e+01
  -2.2798458e+01
  -2.1145788e+01
  -1.9039439e+01
  -3.2189505e+01
  -2.0319182e+01
  -2.3268003e+01
  -2.4321600e+01
  -1.9397070e+01
  -3.0123847e+01
  -2.4460178e+01
  -2.4493445e+01
  -2.8531077e+01
  -2.3509371e+01
  -2.3630125e+01
  -2.8735965e+01
  -2.7931243e+01
