   2.8979032e+01
   3.3744270e+01
   3.4993545e+01
   3.1533234e+01
   3.4294519e+01
   3.5369197e+01
   3.4576225e+01
   3.6362528e+01
   3.5954037e+01
   3.6636721e+01
   3.7734893e+01
   3.6971734e+01
   3.7111263e+01
   3.8321829e+01
   3.7752083e+01
   3.4642537e+01
   3.4579346e+01
   3.4958140e+01
   3.4547673e+01
   3.6314341e+01
   3.4614930e+01
   3.6978631e+01
   4.0005992e+01
   4.2253146e+01
   4.5639458e+01
   4.7374904e+01
   4.8798091e+01
   5.1092356e+01
   5.2771262e+01
   5.3848502e+01
   5.5602550e+01
   5.7709128e+01
   5.9066234e+01
   6.0022563e+01
   6.1169779e+01
   6.1944562e+01
   6.2006578e+01
   6.1748698e+01
   6.1563521e+01
   6.1637450e+01
   6.1810233e+01
   6.1785585e+01
   6.1714633e+01
   6.1877339e+01
   6.2354410e+01
   6.2660195e+01
   6.2309337e+01
   6.2088452e+01
   6.2484421e+01
   6.2248404e+01
   6.1323532e+01
   6.0975443e+01
   6.0698885e+01
   5.9527834e+01
   5.8158406e+01
   5.7387424e+01
   5.6713176e+01
   5.5735302e+01
   5.4537056e+01
   5.3573275e+01
   5.2740089e+01
   5.1339598e+01
   4.9636315e+01
   4.8473113e+01
   4.7486264e+01
   4.6075042e+01
   4.4723823e+01
   4.3973258e+01
   4.2946143e+01
   4.1336759e+01
   4.0449039e+01
   4.0334158e+01
   3.9797293e+01
   3.9061564e+01
   3.8979081e+01
   3.9153557e+01
   3.8936396e+01
   3.8690626e+01
   3.8961537e+01
   3.9229957e+01
   3.9124410e+01
   3.9061912e+01
   3.9155609e+01
   3.9114099e+01
   3.8825047e+01
   3.8469548e+01
   3.8218342e+01
   3.7804394e+01
   3.7158051e+01
   3.6468672e+01
   3.5835186e+01
   3.5453986e+01
   3.5044877e+01
   3.4471551e+01
   3.4188784e+01
   3.3950669e+01
   3.3411481e+01
   3.3012767e+01
   3.3000305e+01
   3.2926941e+01
   3.2736395e+01
   3.2913785e+01
   3.3228695e+01
   3.3365615e+01
   3.3724004e+01
   3.4188339e+01
   3.4490848e+01
   3.4802448e+01
   3.5102403e+01
   3.5431861e+01
   3.5720601e+01
   3.5815481e+01
   3.5867575e+01
   3.5895061e+01
   3.5868925e+01
   3.5775324e+01
   3.5608694e+01
   3.5474211e+01
   3.5166731e+01
   3.4659157e+01
   3.4072538e+01
   3.3092172e+01
   3.1709159e+01
   3.0177377e+01
   2.8452437e+01
   2.6240724e+01
   2.2928857e+01
   1.9341738e+01
   1.6500860e+01
   1.2725546e+01
   1.0123408e+01
   1.0015557e+01
   1.0956206e+01
   1.3624387e+00
   8.5205077e+00
   1.6892699e+01
   2.3129591e+01
   2.6612703e+01
   2.8173285e+01
   2.9210021e+01
   2.9433582e+01
   2.8674877e+01
   2.8115594e+01
   2.7550451e+01
   2.6786916e+01
   2.7073273e+01
   2.7418095e+01
   2.7342286e+01
   2.7621468e+01
   2.8017354e+01
   2.8101165e+01
   2.8100026e+01
   2.8236888e+01
   2.8434621e+01
   2.8634217e+01
   2.8814320e+01
   2.8949711e+01
   2.9066880e+01
   2.9241740e+01
   2.9442690e+01
   2.9575876e+01
   2.9600650e+01
   2.9561765e+01
   2.9644313e+01
   2.9690010e+01
   2.9471180e+01
   2.9287076e+01
   2.9215140e+01
   2.9025217e+01
   2.8782764e+01
   2.8563680e+01
   2.8379633e+01
   2.8208280e+01
   2.7973544e+01
   2.7696697e+01
   2.7480978e+01
   2.7319457e+01
   2.6959730e+01
   2.6487297e+01
   2.6314907e+01
   2.6209971e+01
   2.5879337e+01
   2.5607390e+01
   2.5603898e+01
   2.5605888e+01
   2.5371941e+01
   2.5135120e+01
   2.5043159e+01
   2.4890951e+01
   2.4756840e+01
   2.4648623e+01
   2.4493541e+01
   2.4432418e+01
   2.4349483e+01
   2.4105427e+01
   2.3823266e+01
   2.3630387e+01
   2.3351037e+01
   2.2783993e+01
   2.2324239e+01
   2.2099854e+01
   2.1717880e+01
   2.1252477e+01
   2.0763479e+01
   2.0379169e+01
   2.0213251e+01
   1.9818368e+01
   1.9352947e+01
   1.9272358e+01
   1.9215207e+01
   1.8900007e+01
   1.8500827e+01
   1.8530037e+01
   1.9011631e+01
   1.9317499e+01
   1.9636249e+01
   2.0251769e+01
   2.0720574e+01
   2.1151552e+01
   2.1622422e+01
   2.1835253e+01
   2.2077830e+01
   2.2405460e+01
   2.2301598e+01
   2.1683640e+01
   2.0810313e+01
   2.0095491e+01
   2.0042891e+01
   2.0457882e+01
   2.1282578e+01
   2.2287483e+01
   2.2748377e+01
   2.2584090e+01
   2.2266996e+01
   2.2194987e+01
   2.2109616e+01
   2.1548403e+01
   2.1068665e+01
   2.1036962e+01
   2.0538428e+01
   1.9721032e+01
   1.9212357e+01
   1.8508513e+01
   1.7632763e+01
   1.6897656e+01
   1.6019344e+01
   1.5230787e+01
   1.4809962e+01
   1.4083775e+01
   1.2967854e+01
   1.2352444e+01
   1.1411729e+01
   9.2136837e+00
   7.1792610e+00
   6.0603015e+00
   5.3483933e+00
   5.1331360e+00
   4.7886666e+00
   5.9427757e+00
   7.7655868e+00
   7.7811397e+00
   7.7869760e+00
   8.7871846e+00
   8.9222550e+00
   9.1986067e+00
   9.7709492e+00
   1.0191077e+01
   1.0825570e+01
   1.0959945e+01
   1.1129974e+01
   1.1484794e+01
   1.1442240e+01
   1.1700981e+01
   1.1696584e+01
   1.1387919e+01
   1.1376328e+01
   1.1271912e+01
   1.1521655e+01
   1.1684824e+01
   1.1690742e+01
   1.2376979e+01
   1.2466253e+01
   1.2316495e+01
   1.2826271e+01
   1.2902202e+01
   1.2896506e+01
   1.2992319e+01
   1.2884343e+01
   1.2964754e+01
   1.2906888e+01
   1.3081335e+01
   1.3406687e+01
   1.3309817e+01
   1.3606118e+01
   1.3905082e+01
   1.3789738e+01
   1.3738685e+01
   1.3567093e+01
   1.3310892e+01
   1.3046808e+01
   1.2786934e+01
   1.2578438e+01
   1.2075792e+01
   1.1627778e+01
   1.1181837e+01
   1.0616272e+01
   1.0251746e+01
   9.1444644e+00
   7.6499853e+00
   7.2576516e+00
   6.4416990e+00
   4.6327627e+00
   2.6478260e+00
  -1.4309224e+00
  -6.4303094e+00
  -3.1993835e+00
  -3.3058177e+00
  -3.2164211e+00
   1.4372784e+00
   4.6630995e+00
   6.3994264e+00
   8.1066320e+00
   9.5936535e+00
   1.0247072e+01
   1.0464181e+01
   1.0571419e+01
   1.0710871e+01
   1.0858187e+01
   1.0683366e+01
   1.0328589e+01
   1.0320866e+01
   1.0863927e+01
   1.1119499e+01
   1.0967081e+01
   1.1376703e+01
   1.1430467e+01
   1.0858512e+01
   1.0800484e+01
   1.0567044e+01
   1.0235915e+01
   1.0413575e+01
   1.0420738e+01
   1.0432774e+01
   1.0225218e+01
   9.8542447e+00
   9.8905512e+00
   9.6945640e+00
   9.4936930e+00
   9.2764148e+00
   8.9608922e+00
   9.2602388e+00
   9.3166013e+00
   8.7307867e+00
   8.2030534e+00
   8.5017360e+00
   9.2907271e+00
   9.1501698e+00
   9.1598854e+00
   9.8796018e+00
   9.5991020e+00
   9.3466902e+00
   9.6855564e+00
   9.3963159e+00
   9.3255208e+00
   9.3652994e+00
   8.6044796e+00
   8.1717840e+00
   8.2819248e+00
   7.8503764e+00
   7.0258994e+00
   6.8591619e+00
   7.0213340e+00
   6.9754545e+00
   7.4678195e+00
   7.6163395e+00
   7.5572855e+00
   8.2404635e+00
   7.6349777e+00
   6.2216807e+00
   6.6761709e+00
   6.4606828e+00
   5.8862793e+00
   6.5135099e+00
   6.3550321e+00
   6.2341484e+00
   7.0181276e+00
   6.9601068e+00
   6.7972987e+00
   7.5142814e+00
   7.8025486e+00
   7.1141548e+00
   6.6920908e+00
   7.3462850e+00
   7.8049868e+00
   7.9769624e+00
   8.2252105e+00
   8.4939869e+00
   8.8489697e+00
   8.9614703e+00
   8.8966954e+00
   8.8270113e+00
   8.6587600e+00
   8.7949308e+00
   9.1479463e+00
   9.3034521e+00
   9.3353264e+00
   9.5337082e+00
   9.7740502e+00
   9.6373463e+00
   9.4438805e+00
   9.4115979e+00
   9.0232422e+00
   8.3929919e+00
   7.8806487e+00
   7.5735929e+00
   7.3494784e+00
   6.9860016e+00
   7.0922033e+00
   7.6182759e+00
   7.4629243e+00
   6.7070464e+00
   6.4568327e+00
   6.7046472e+00
   6.6507508e+00
   6.4990966e+00
   6.2227481e+00
   5.5756449e+00
   5.9877534e+00
   6.6750730e+00
   6.0967168e+00
   6.1571727e+00
   6.8749440e+00
   6.4192308e+00
   6.1981296e+00
   7.0458917e+00
   7.5892226e+00
   7.4892261e+00
   7.6078706e+00
   8.1591990e+00
   8.0672477e+00
   7.7895444e+00
   7.9603670e+00
   7.8235231e+00
   7.6366716e+00
   7.1015555e+00
   6.1602120e+00
   6.0232436e+00
   5.5517915e+00
   5.1931040e+00
   6.3403987e+00
   6.7366330e+00
   6.3183042e+00
   6.1776592e+00
   5.8920432e+00
   5.7432418e+00
   5.7425066e+00
   5.3657273e+00
   5.4882006e+00
   5.9664488e+00
   5.6581278e+00
   5.0716592e+00
   5.3964406e+00
   5.8110155e+00
   5.4779253e+00
   5.0140933e+00
   5.4166986e+00
   5.5966427e+00
   4.5370177e+00
   3.8795219e+00
   4.4099146e+00
   4.1972651e+00
   3.7383213e+00
   3.7435245e+00
   3.1950452e+00
   2.5330925e+00
   2.0926466e+00
   1.0112140e+00
  -1.8858319e-01
  -7.4503120e-01
  -1.5554064e+00
  -2.7700076e+00
  -2.7897913e+00
  -2.1913903e+00
  -2.3306339e+00
  -2.9111025e+00
  -3.9236862e+00
  -4.5870371e+00
  -5.2455795e+00
  -7.6383694e+00
  -1.0019923e+01
  -1.0367290e+01
  -1.0074082e+01
  -7.3790069e+00
  -4.8481480e+00
  -4.7786208e+00
  -5.4185975e+00
  -7.0382334e+00
  -8.3867919e+00
  -5.8286980e+00
  -4.7935475e+00
  -5.6819091e+00
  -4.7704592e+00
  -3.0223238e+00
  -2.1000579e+00
  -2.3012107e+00
  -3.0734203e+00
  -3.0511506e+00
  -4.6664894e+00
  -6.2945716e+00
  -3.8960482e+00
  -3.0313652e+00
  -2.7351890e+00
  -2.0125202e+00
  -2.3583947e+00
  -2.7318026e+00
  -2.9554025e+00
  -3.3512330e+00
  -3.6364796e+00
  -3.6506157e+00
  -2.9548180e+00
  -2.8997176e+00
  -2.3114379e+00
  -4.7742545e-01
   1.9339431e-01
   2.7461119e-01
   6.1284061e-01
   7.6846518e-01
   1.1268622e+00
   1.0879536e+00
   7.7178302e-01
   1.2583778e+00
   1.8964379e+00
   2.2120722e+00
   2.4316901e+00
   2.9239480e+00
   3.6091402e+00
   4.0740926e+00
   4.6983806e+00
   5.2721027e+00
   5.2950220e+00
   5.0011606e+00
   4.6918017e+00
   4.7047534e+00
   5.0681347e+00
   5.4397671e+00
   6.0290880e+00
   6.5822288e+00
   6.7410970e+00
   6.8538714e+00
   6.9448485e+00
   6.9854959e+00
   7.1472028e+00
   7.1367978e+00
   7.2514350e+00
   7.6541463e+00
   7.4835828e+00
   7.2277234e+00
   7.5960423e+00
   7.7117739e+00
   7.8268089e+00
   7.7916654e+00
   7.3434639e+00
   7.8502811e+00
   8.2583306e+00
   7.7338887e+00
   7.9385963e+00
   8.4174361e+00
   8.1502833e+00
   7.8077410e+00
   7.8753839e+00
   8.2340123e+00
   7.9615353e+00
   7.3577318e+00
   7.7422195e+00
   7.8942356e+00
   7.5943145e+00
   7.9183789e+00
   8.1568756e+00
   8.0622098e+00
   8.0928045e+00
   8.1133758e+00
   7.8128298e+00
   7.2196240e+00
   6.8711010e+00
   6.6679966e+00
   6.4948724e+00
   6.7115065e+00
   6.9759242e+00
   6.9771033e+00
   6.6410125e+00
   6.7974713e+00
   7.2811565e+00
   6.6802880e+00
   6.2078216e+00
   6.3856855e+00
   5.9328249e+00
   6.3046436e+00
   6.5399897e+00
   5.9070768e+00
   6.7200597e+00
   7.0823877e+00
   6.3519250e+00
   6.7704268e+00
   7.0905512e+00
   6.6647763e+00
   6.3401194e+00
   6.0380347e+00
   5.9912662e+00
   6.0234420e+00
   5.8995758e+00
   6.1283995e+00
   6.6532716e+00
   6.8081832e+00
   6.1026724e+00
   5.5725657e+00
   5.9517073e+00
   5.8076668e+00
   5.4677038e+00
   5.5585570e+00
   5.2204133e+00
   4.8933918e+00
   5.0708166e+00
   4.9745856e+00
   5.1192448e+00
   5.6136475e+00
   5.4352045e+00
   5.0198628e+00
   5.0147085e+00
   4.5482913e+00
   3.6004421e+00
   3.1417821e+00
   3.1071680e+00
   3.2194565e+00
   3.1741892e+00
   2.8857971e+00
   2.6560695e+00
   2.3780658e+00
   2.3862135e+00
   2.5097315e+00
   2.3478324e+00
   2.3450649e+00
   2.3733764e+00
   2.1550565e+00
   1.5782759e+00
   4.1437073e-01
  -3.0813912e-01
  -3.2650059e-01
  -1.1706360e+00
  -2.6836969e+00
  -3.7343099e+00
  -4.9622809e+00
  -6.3964051e+00
  -5.1694278e+00
  -4.2919050e+00
  -6.1136633e+00
  -7.5202117e+00
  -6.9397018e+00
  -8.3506624e+00
  -1.0696311e+01
  -1.1863399e+01
  -1.3822288e+01
  -1.2067901e+01
  -8.2370216e+00
  -8.1134256e+00
  -9.4236628e+00
  -9.1397968e+00
  -9.6596696e+00
  -1.0824308e+01
  -1.0896089e+01
  -1.0857355e+01
  -1.0703530e+01
  -9.0012137e+00
  -8.0293876e+00
  -8.7339891e+00
  -9.7813647e+00
  -9.0366160e+00
  -7.6491619e+00
  -7.7678702e+00
  -7.5471681e+00
  -5.6497924e+00
  -5.4904932e+00
  -5.0360189e+00
  -2.1050987e+00
  -1.2657243e+00
  -1.2117283e+00
  -1.1903780e-01
   1.6663720e-02
  -1.7646557e-01
   1.9546437e-01
   7.9909457e-01
   1.6069564e+00
   1.5705581e+00
   1.5713925e+00
   2.4237337e+00
   2.8178944e+00
   3.0912827e+00
   2.8893375e+00
   2.3085968e+00
   2.4448547e+00
   2.1266009e+00
   1.8915629e+00
   2.9098700e+00
   3.6153450e+00
   3.9593543e+00
   4.4301219e+00
   4.6689980e+00
   4.5376037e+00
   4.5362625e+00
   4.8871483e+00
   5.0016471e+00
   4.6028771e+00
   3.7795766e+00
   3.3738776e+00
   3.8910888e+00
   4.0018156e+00
   3.6802093e+00
   3.5962590e+00
   3.5131633e+00
   3.6542604e+00
   3.8642014e+00
   4.2114571e+00
   4.5614980e+00
   4.4040497e+00
   4.6712898e+00
   5.0903810e+00
   4.6745946e+00
   4.3656785e+00
   4.3212052e+00
   4.0823469e+00
   4.0910234e+00
   3.8836047e+00
   3.6439316e+00
   3.5381185e+00
   3.6170026e+00
   4.4512217e+00
   4.8443348e+00
   4.7720744e+00
   5.3286637e+00
   5.7275707e+00
   5.6827562e+00
   5.4310928e+00
   4.8483913e+00
   4.7743543e+00
   5.0740264e+00
   4.8097545e+00
   4.5819826e+00
   4.7358319e+00
   4.9323120e+00
   5.4550495e+00
   5.5573986e+00
   4.9817376e+00
   4.9281180e+00
   4.7212849e+00
   3.9688525e+00
   3.8833010e+00
   3.4433390e+00
   3.0356647e+00
   3.5846498e+00
   3.3122669e+00
   3.2848687e+00
   3.8451771e+00
   3.6056325e+00
   3.7231824e+00
   3.7828106e+00
   3.3453283e+00
   3.6605615e+00
   3.5139501e+00
   2.8155615e+00
   3.3980172e+00
   3.6781171e+00
   2.9657989e+00
   3.1151174e+00
   3.5153893e+00
   2.9756886e+00
   2.4720459e+00
   2.2484666e+00
   1.9917753e+00
   2.2458567e+00
   2.4267081e+00
   2.6050738e+00
   2.8879407e+00
   2.6793845e+00
   2.7554548e+00
   2.4543651e+00
   1.3974419e+00
   1.6900034e+00
   1.5819311e+00
   3.7560468e-01
   1.5273820e-01
  -3.4398133e-01
  -1.1069680e+00
  -8.2466025e-01
  -1.0359044e+00
  -8.1280926e-01
  -4.3241410e-01
  -1.2764371e+00
  -1.5992792e+00
  -1.0060452e+00
  -1.3903749e+00
  -2.1073272e+00
  -1.9203519e+00
  -2.1290315e+00
  -2.5910910e+00
  -2.6543797e+00
  -3.1037864e+00
  -3.0916170e+00
  -3.9885269e+00
  -5.6999926e+00
  -4.9754612e+00
  -5.5007735e+00
  -5.4780111e+00
  -4.1564771e+00
  -4.5295747e+00
  -5.0976156e+00
  -5.6295491e+00
  -5.3903681e+00
  -4.1402411e+00
  -5.1432210e+00
  -6.6985026e+00
  -7.1528539e+00
  -8.3326335e+00
  -8.7463017e+00
  -1.0596841e+01
  -1.2856492e+01
  -1.4183664e+01
  -1.3406105e+01
  -1.2297189e+01
  -1.6736569e+01
  -1.4340484e+01
  -1.4241567e+01
  -1.1198954e+01
  -6.7900699e+00
  -6.4375195e+00
  -5.6952644e+00
  -4.6046645e+00
  -2.8546629e+00
  -1.2832787e+00
  -2.2054001e+00
  -2.8921726e+00
  -2.1315744e+00
  -3.0210511e+00
  -2.4732279e+00
  -2.4607390e+00
  -2.8963466e+00
  -7.8957757e-01
  -4.5687373e-01
  -6.4821455e-01
   2.7033335e-01
   3.1104145e-01
   3.6261937e-01
   9.6830933e-01
   7.8189390e-01
   3.2634947e-01
   7.4513977e-01
   4.1826988e-01
  -1.3752820e+00
  -1.3175974e+00
  -1.9525550e-01
   8.6845130e-02
   4.5983357e-01
   2.6937383e-01
   1.7752802e-01
   9.5557521e-01
   1.1613674e+00
   1.1913792e+00
   1.5052240e+00
   1.7176333e+00
   1.5360669e+00
   1.3469464e+00
   1.8711256e+00
   1.8885206e+00
   1.8005516e+00
   2.4269111e+00
   2.1341928e+00
   2.0488392e+00
   2.6281156e+00
   1.9673451e+00
   2.0735673e+00
   3.1281853e+00
   2.8533022e+00
   1.7939211e+00
   1.7341664e+00
   2.6295250e+00
   2.8193269e+00
   2.6644158e+00
   3.3742115e+00
   3.5580508e+00
   3.0611556e+00
   3.0336436e+00
   3.1496029e+00
   3.3620329e+00
   3.2472440e+00
   2.8157351e+00
   2.9423302e+00
   2.8751160e+00
   2.6400520e+00
   2.6246104e+00
   2.2119727e+00
   2.4885177e+00
   2.8958734e+00
   2.2387219e+00
   2.4026500e+00
   2.9690571e+00
   2.6589203e+00
   2.9597989e+00
   3.2681775e+00
   2.8881737e+00
   3.0137708e+00
   3.0353692e+00
   2.8414779e+00
   3.0586699e+00
   2.6806087e+00
   2.3605926e+00
   2.9548303e+00
   3.0555614e+00
   2.8357189e+00
   2.7323030e+00
   2.4011536e+00
   2.4310683e+00
   2.4355016e+00
   2.0853022e+00
   2.0262733e+00
   1.9759586e+00
   2.2158279e+00
   2.6012070e+00
   2.1836704e+00
   2.0642017e+00
   2.7082027e+00
   2.3445345e+00
   1.8974346e+00
   2.4002611e+00
   2.1003749e+00
   1.7611070e+00
   1.8870032e+00
   1.1957416e+00
   1.1524269e+00
   1.9490486e+00
   2.0626562e+00
   2.0961004e+00
   2.0935047e+00
   1.6608891e+00
   1.4005881e+00
   1.6683504e+00
   1.7523170e+00
   9.5433590e-01
   2.1446543e-01
  -1.8872037e-01
  -7.1948029e-01
   7.1429777e-02
   2.7999004e-01
  -5.2499352e-01
   6.4207737e-02
   1.0966143e-01
  -5.4078145e-01
  -8.3471279e-01
  -1.7807162e+00
  -2.2605946e+00
  -3.5919624e+00
  -5.5771548e+00
  -4.4242949e+00
  -4.7694763e+00
  -5.4628871e+00
  -4.8479371e+00
  -6.7592594e+00
  -6.2965418e+00
  -5.2308345e+00
  -7.5786767e+00
  -9.2920789e+00
  -1.0809398e+01
  -1.2911286e+01
  -1.3372485e+01
  -1.7047058e+01
  -2.2500911e+01
  -2.7733266e+01
  -2.5174843e+01
  -1.9294338e+01
  -2.0386564e+01
  -1.3879063e+01
  -1.1179980e+01
  -1.1725948e+01
  -1.1781779e+01
  -9.9371631e+00
  -1.0031531e+01
  -1.1558489e+01
  -9.7092367e+00
  -8.5363580e+00
  -8.5061093e+00
  -7.0376144e+00
  -5.8751168e+00
  -6.0605731e+00
  -6.4205956e+00
  -6.2497871e+00
  -5.4116256e+00
  -4.5120669e+00
  -4.8515245e+00
  -4.7558578e+00
  -3.6627615e+00
  -4.0938343e+00
  -3.7344910e+00
  -2.3860356e+00
  -2.9566968e+00
  -3.0393431e+00
  -2.5644127e+00
  -3.4568252e+00
  -3.0298834e+00
  -2.3257983e+00
  -2.3196404e+00
  -2.0972541e+00
  -2.5236445e+00
  -2.2971987e+00
  -1.3423886e+00
  -1.2349785e+00
  -5.5839076e-01
  -4.9172425e-01
  -1.2241801e+00
  -3.4153549e-01
  -7.5523486e-02
  -6.2424574e-01
  -4.1138856e-01
  -5.1631204e-01
  -2.6776484e-01
   4.7116969e-01
   2.3382600e-01
   2.2206403e-01
   6.7619593e-01
   4.1825696e-01
   4.9340633e-01
   1.2632302e+00
   1.5283688e+00
   9.4315097e-01
   8.7228267e-01
   1.7278985e+00
   1.6437620e+00
   1.4685143e+00
   2.1781784e+00
   1.9098955e+00
   1.4822118e+00
   1.7333924e+00
   1.5417828e+00
   1.5378968e+00
   1.3262131e+00
   7.9578887e-01
   6.4914208e-01
   3.8052970e-02
   3.0084624e-01
   1.2287869e+00
   1.1600446e+00
   1.3097370e+00
   1.4639429e+00
   1.5936277e+00
   1.7905674e+00
   1.2652143e+00
   1.4993329e+00
   1.7054577e+00
   8.6362781e-01
   1.2236057e+00
   1.5712043e+00
   1.1651356e+00
   1.3354442e+00
   1.1968019e+00
   1.1548656e+00
   9.9998368e-01
   4.1837455e-01
   8.8934092e-01
   9.8298070e-01
   5.1278124e-01
   1.0639298e+00
   1.6844697e+00
   2.0485109e+00
   1.8259228e+00
   9.5416447e-01
   1.1357002e+00
   1.5893416e+00
   1.1083259e+00
   5.7287414e-01
   7.3755915e-01
   1.0674356e+00
   9.3834623e-01
   5.3898101e-01
   3.7412845e-01
   5.9947042e-01
   8.9728958e-01
   6.7935982e-01
   2.1339845e-01
  -3.0419020e-02
  -5.1574846e-01
  -1.3068921e+00
  -8.3774386e-01
   3.9305743e-01
   2.2779397e-01
  -3.2478880e-01
   2.1814614e-02
  -8.3759556e-01
  -1.6669395e+00
  -1.2145603e+00
  -2.0582935e+00
  -2.4185991e+00
  -2.0454111e+00
  -2.8262898e+00
  -2.8826814e+00
  -2.6783079e+00
  -3.1205899e+00
  -3.2415276e+00
  -3.8052634e+00
  -4.8690704e+00
  -5.2374606e+00
  -5.8370476e+00
  -8.1219006e+00
  -8.7388235e+00
  -7.3381442e+00
  -8.5032179e+00
  -1.0588048e+01
  -1.2164171e+01
  -1.6968980e+01
  -1.7776748e+01
  -1.6457596e+01
  -1.5182138e+01
  -1.5317199e+01
  -2.0128663e+01
  -2.5726403e+01
  -2.4879016e+01
  -2.4722133e+01
  -2.2995178e+01
  -2.2769962e+01
  -1.8020668e+01
  -3.1074560e+01
  -1.7409036e+01
  -1.8526564e+01
  -2.0278220e+01
  -1.1911010e+01
  -1.3829030e+01
  -1.6025399e+01
  -1.5953391e+01
  -2.0202502e+01
  -1.5182189e+01
  -1.3648959e+01
  -1.5045073e+01
  -1.2795733e+01
  -1.3602324e+01
  -1.1638074e+01
  -9.4751444e+00
  -1.0507229e+01
  -1.2434202e+01
  -1.3254018e+01
  -1.0911125e+01
  -1.1268491e+01
  -1.2687324e+01
  -8.0864367e+00
  -7.3104813e+00
  -8.7506880e+00
  -6.5842326e+00
  -5.5426223e+00
  -5.1783777e+00
  -5.7183675e+00
  -6.6143224e+00
  -6.0461447e+00
  -6.4935315e+00
  -4.9628901e+00
  -3.3872865e+00
  -4.2951242e+00
  -4.3717091e+00
  -3.5647198e+00
  -3.4586767e+00
  -2.7235799e+00
  -3.1035132e+00
  -3.5486340e+00
  -2.6312602e+00
  -2.7261759e+00
  -3.1595255e+00
  -2.6322310e+00
  -1.9519139e+00
  -1.6848419e+00
  -1.8038286e+00
  -2.3698466e+00
  -3.1165911e+00
  -2.2118107e+00
  -1.6724088e+00
  -3.0277163e+00
  -3.3376538e+00
  -2.3711211e+00
  -2.2029687e+00
  -1.9736894e+00
  -2.1414520e+00
  -1.6144285e+00
  -9.5687743e-01
  -1.4300441e+00
  -7.2892839e-01
  -4.5656128e-01
  -1.6363907e+00
  -1.1384915e+00
  -8.1163747e-01
  -1.7422757e+00
  -1.4846881e+00
  -1.4071878e+00
  -9.7475569e-01
  -3.5275042e-01
  -1.5331270e+00
  -1.7347370e+00
  -1.1974444e+00
  -2.9265940e+00
  -3.2441604e+00
  -1.7327743e+00
  -2.1037462e+00
  -2.3000384e+00
  -1.8134783e+00
  -2.4480263e+00
  -2.8437604e+00
  -2.6535053e+00
  -3.5205556e+00
  -4.6208577e+00
  -4.3783910e+00
  -4.5223190e+00
  -4.7617773e+00
  -3.9219204e+00
  -4.0455077e+00
  -4.4344515e+00
  -3.8021351e+00
  -3.6835865e+00
  -3.0516651e+00
  -3.3205881e+00
  -4.7116144e+00
  -3.5806426e+00
  -3.1392543e+00
  -4.4445190e+00
  -4.5580474e+00
  -3.7620298e+00
  -3.2486041e+00
  -3.4470160e+00
  -3.9068335e+00
  -3.3146065e+00
  -3.5147756e+00
  -4.3244562e+00
  -4.1352874e+00
  -3.5058396e+00
  -2.7565823e+00
  -2.7213124e+00
  -2.6780047e+00
  -2.2701752e+00
  -2.8945383e+00
  -2.6211771e+00
  -2.1562293e+00
  -3.5718224e+00
  -4.0150704e+00
  -3.5799702e+00
  -4.1802724e+00
  -4.0211327e+00
  -3.5067947e+00
  -3.5600543e+00
  -3.3061423e+00
  -2.5173607e+00
  -2.0262816e+00
  -2.2523716e+00
  -2.5579095e+00
  -2.6824269e+00
  -3.3925028e+00
  -4.1141734e+00
  -3.8721140e+00
  -3.8575533e+00
  -4.0864161e+00
  -3.7652665e+00
  -4.4062117e+00
  -5.3131639e+00
  -4.3239473e+00
  -4.8452917e+00
  -6.2362893e+00
  -6.0505695e+00
  -7.7545493e+00
  -1.0033245e+01
  -1.0103058e+01
  -1.0943921e+01
  -9.5911982e+00
  -1.0011746e+01
  -1.3242233e+01
  -1.1638548e+01
  -1.2740844e+01
  -1.5427368e+01
  -1.3297411e+01
  -1.6406886e+01
  -2.3398831e+01
  -2.0994993e+01
  -2.5874411e+01
  -2.2000252e+01
  -2.1861133e+01
  -2.6812962e+01
  -2.5634106e+01
  -1.7751813e+01
  -1.5440999e+01
  -1.8297472e+01
  -1.6104629e+01
  -1.5305533e+01
  -1.8737631e+01
  -1.5704278e+01
  -1.6312275e+01
  -2.2569635e+01
  -1.8033845e+01
  -1.6509081e+01
  -1.2607122e+01
  -1.2140627e+01
  -1.2635386e+01
  -1.0044151e+01
  -1.1828580e+01
  -1.2117489e+01
  -1.0559454e+01
  -1.2920080e+01
  -1.0993404e+01
  -1.0431327e+01
  -1.2353168e+01
  -9.3504635e+00
  -8.6789225e+00
  -9.2921990e+00
  -7.7470942e+00
  -7.7762125e+00
  -7.6835518e+00
  -7.5984628e+00
  -7.3299725e+00
  -5.6949558e+00
  -5.6393903e+00
  -6.6457186e+00
  -7.0571400e+00
  -6.0462592e+00
  -5.4699799e+00
  -6.9250288e+00
  -5.8958553e+00
  -5.3065673e+00
  -7.1660215e+00
  -5.4318417e+00
  -5.1336611e+00
  -6.0788398e+00
  -4.4732947e+00
  -4.9092211e+00
  -4.1556960e+00
  -3.1117137e+00
  -4.5281984e+00
  -4.5903847e+00
  -5.1136093e+00
  -4.9107213e+00
  -3.1751088e+00
  -3.9011615e+00
  -3.7848361e+00
  -2.7795612e+00
  -3.4468773e+00
  -2.8692616e+00
  -2.0514545e+00
  -1.6392668e+00
  -1.4239745e+00
  -1.7677616e+00
  -1.5001596e+00
  -2.0768241e+00
  -2.3176685e+00
  -1.2755906e+00
  -1.4957064e+00
  -1.3660779e+00
  -7.3390493e-01
  -6.4406648e-01
  -6.3404901e-01
  -1.1716089e+00
  -1.1163058e+00
  -1.3514628e+00
  -2.2620562e+00
  -1.5838331e+00
  -1.7973311e+00
  -2.3199022e+00
  -1.5858391e+00
  -1.9055349e+00
  -2.3664879e+00
  -2.8405054e+00
  -3.5698803e+00
  -3.6397705e+00
  -4.2205101e+00
  -4.0045144e+00
  -4.4893805e+00
  -6.2028439e+00
  -4.8715330e+00
  -4.0788925e+00
  -4.5506368e+00
  -4.5857283e+00
  -4.7225153e+00
  -3.9662981e+00
  -3.9844515e+00
  -4.9327616e+00
  -4.8417647e+00
  -5.2836332e+00
  -5.5749454e+00
  -5.7542818e+00
  -6.8628336e+00
  -7.1476230e+00
  -6.9628388e+00
  -6.2381619e+00
  -6.0111788e+00
  -6.3548701e+00
  -5.2355834e+00
  -5.2637989e+00
  -5.6367896e+00
  -4.3565894e+00
  -4.3570843e+00
  -5.2563998e+00
  -5.4513833e+00
  -5.5525165e+00
  -6.5864258e+00
  -7.0202989e+00
  -6.0026334e+00
  -7.3985512e+00
  -9.1616873e+00
  -7.4857967e+00
  -7.7285465e+00
  -8.5401028e+00
  -8.6229248e+00
  -1.0201955e+01
  -1.1332672e+01
  -1.1636343e+01
  -1.2309111e+01
  -1.3452951e+01
  -1.6198405e+01
  -1.9387213e+01
  -1.9504005e+01
  -1.6780158e+01
  -1.5626471e+01
  -1.5981090e+01
  -1.6396346e+01
  -1.8446922e+01
  -1.8748843e+01
  -1.6876658e+01
  -1.7411736e+01
  -1.4239210e+01
  -1.1745247e+01
  -1.2570452e+01
  -1.3049136e+01
  -1.2300127e+01
  -1.2016519e+01
  -1.2218018e+01
  -1.4535203e+01
  -1.3456105e+01
  -1.3431484e+01
  -1.6213468e+01
  -1.8506958e+01
  -2.0207471e+01
  -1.7436200e+01
  -2.1336661e+01
  -2.0149318e+01
  -1.3752595e+01
  -1.7741535e+01
  -1.1593481e+01
  -9.2076969e+00
  -9.0723106e+00
  -6.8012373e+00
  -5.8044501e+00
  -4.5878589e+00
  -3.8352901e+00
  -3.1149742e+00
  -3.0729064e+00
  -3.9344178e+00
  -2.5367595e+00
  -2.3218416e+00
  -3.8176165e+00
  -2.7375113e+00
  -2.7540389e+00
  -3.9781006e+00
  -4.0152965e+00
  -4.6815793e+00
  -4.4816777e+00
  -5.4822763e+00
  -7.8457523e+00
  -5.9450617e+00
  -5.4687903e+00
  -6.6329434e+00
  -7.5271420e+00
  -7.9322924e+00
  -8.4417396e+00
  -1.1668793e+01
  -1.3465357e+01
  -1.3869386e+01
  -1.5884455e+01
  -1.4244086e+01
  -1.2468909e+01
  -9.5594294e+00
  -9.0027684e+00
  -1.0132842e+01
  -8.4661549e+00
  -7.5032842e+00
  -8.6341593e+00
  -7.4890738e+00
  -6.0117114e+00
  -7.8630095e+00
  -8.2497703e+00
  -6.2392973e+00
  -7.4246484e+00
  -7.5153566e+00
  -6.3465531e+00
  -6.9823964e+00
  -5.4509426e+00
  -4.8270208e+00
  -4.6277965e+00
  -3.2365001e+00
  -4.3248520e+00
  -6.4183716e+00
  -5.5446064e+00
  -5.1912711e+00
  -5.0562983e+00
  -4.6608979e+00
  -4.4257765e+00
  -4.4630122e+00
  -4.2516340e+00
  -3.4112466e+00
  -3.7405270e+00
  -3.8589702e+00
  -3.5297338e+00
  -4.3921929e+00
  -3.9675182e+00
  -3.8179762e+00
  -5.0334316e+00
  -4.6185018e+00
  -4.5736152e+00
  -4.7893063e+00
  -4.2214873e+00
  -4.5545125e+00
  -4.3395747e+00
  -4.1688611e+00
  -4.4195748e+00
  -4.4226360e+00
  -5.0534635e+00
  -5.1670793e+00
  -4.8923889e+00
  -4.5763367e+00
  -3.4341818e+00
  -3.3177423e+00
  -3.9236644e+00
  -3.5152292e+00
  -2.2677460e+00
  -2.1368039e+00
  -3.5861207e+00
  -2.8705805e+00
  -1.9016362e+00
  -1.9958959e+00
  -5.4457937e-01
   1.0440504e-01
   3.6676125e-01
   1.4050553e+00
   1.2423759e+00
   8.3553490e-01
   1.3187607e+00
   1.1655790e+00
   9.7698681e-01
   1.4687642e+00
   1.7161719e+00
   1.9717596e+00
   2.6275561e+00
   2.5324865e+00
   1.7774537e+00
   2.2202083e+00
   2.4205295e+00
   1.3240495e+00
   7.6786299e-01
   8.2940600e-01
   4.7943148e-03
  -1.1754797e+00
  -1.0541968e+00
  -6.0731726e-01
  -1.7133762e+00
  -2.8955554e+00
  -2.7313532e+00
  -3.8993477e+00
  -5.6383666e+00
  -7.6261374e+00
  -1.0836992e+01
  -1.0562371e+01
  -1.0861666e+01
  -1.4614209e+01
  -1.4709922e+01
  -1.1931687e+01
  -1.3522767e+01
  -1.8827184e+01
  -1.8240703e+01
  -1.8904408e+01
  -2.3624988e+01
  -2.4425280e+01
  -2.2013244e+01
  -1.8408739e+01
  -1.5876543e+01
  -1.8356168e+01
  -2.1598925e+01
  -1.8654032e+01
  -2.2176664e+01
  -2.3034229e+01
  -2.2550722e+01
  -2.6308513e+01
  -2.3806175e+01
  -2.0925093e+01
  -1.8205699e+01
  -1.7845337e+01
  -2.7330439e+01
  -2.3447187e+01
  -1.9071566e+01
  -2.1637888e+01
  -3.1890224e+01
  -2.2130080e+01
  -2.4667734e+01
  -2.8502491e+01
  -2.3029605e+01
  -1.8631090e+01
  -1.8024080e+01
  -2.8195111e+01
  -2.2623695e+01
  -1.7884294e+01
  -1.8948417e+01
  -1.8078814e+01
  -1.6395741e+01
  -1.4708415e+01
  -1.1211610e+01
  -1.0443117e+01
  -1.0759665e+01
  -1.2400326e+01
  -1.1438239e+01
  -9.1195311e+00
  -1.0841228e+01
  -1.3550211e+01
  -1.1073681e+01
  -1.2507598e+01
  -1.2211427e+01
  -8.4584419e+00
  -9.7007077e+00
  -1.0424261e+01
  -9.1659195e+00
  -1.1444370e+01
  -1.0838270e+01
  -8.8956501e+00
  -1.0134420e+01
  -1.1532220e+01
  -9.6209042e+00
  -8.8605929e+00
  -9.8842400e+00
  -8.6671308e+00
  -7.3130155e+00
  -8.8225399e+00
  -8.6127921e+00
  -7.3461206e+00
  -8.8301409e+00
  -7.7992830e+00
  -6.7787745e+00
  -8.7749842e+00
  -5.9245841e+00
  -4.3682771e+00
  -5.8518618e+00
  -5.6582326e+00
  -5.8007783e+00
  -6.4615639e+00
  -5.6873917e+00
  -5.8609731e+00
  -5.4045315e+00
  -5.0573993e+00
  -5.5130896e+00
  -4.3363546e+00
  -4.2117483e+00
  -5.2682507e+00
  -4.3858345e+00
  -3.8294231e+00
  -4.6512709e+00
  -6.1326874e+00
  -6.6585355e+00
  -5.9717640e+00
  -5.6166014e+00
  -4.9012555e+00
  -4.6299722e+00
  -5.0627085e+00
  -4.4802488e+00
  -4.7970484e+00
  -6.3554612e+00
  -5.6748338e+00
  -5.0133141e+00
  -5.8882954e+00
  -6.2911068e+00
  -6.1918049e+00
  -7.0948535e+00
  -6.2930984e+00
  -4.6805692e+00
  -5.7056515e+00
  -6.2765003e+00
  -4.2531364e+00
  -4.7366137e+00
  -6.2515113e+00
  -5.4172427e+00
  -5.2589551e+00
  -5.5523238e+00
  -5.6620418e+00
  -6.7952909e+00
  -6.8715712e+00
  -5.8731909e+00
  -5.9546501e+00
  -6.3557108e+00
  -6.9824807e+00
  -7.1326089e+00
  -6.4993946e+00
  -6.5422992e+00
  -6.0241994e+00
  -5.4246601e+00
  -6.3443950e+00
  -6.6910570e+00
  -5.9900714e+00
  -6.4926164e+00
  -7.3974825e+00
  -7.5386631e+00
  -6.9471805e+00
  -6.7619974e+00
  -7.2499483e+00
  -7.3318113e+00
  -7.7702485e+00
  -8.0142808e+00
  -7.3283724e+00
  -7.5531892e+00
  -7.4756207e+00
  -7.0878923e+00
  -7.2882762e+00
  -7.0787086e+00
  -8.1977798e+00
  -8.1319481e+00
  -5.0354393e+00
  -4.8371208e+00
  -7.6222222e+00
  -9.0830749e+00
  -8.9114936e+00
  -9.4182594e+00
  -9.3783596e+00
  -9.8505918e+00
  -1.1200879e+01
  -1.1160993e+01
  -1.0588469e+01
  -1.2429830e+01
  -1.4299224e+01
  -1.3748581e+01
  -1.6762768e+01
  -1.7055795e+01
  -1.5830774e+01
  -1.7983526e+01
  -1.7342111e+01
  -1.8378361e+01
  -1.9754751e+01
  -1.6092719e+01
  -1.5802150e+01
  -1.6390901e+01
  -1.8430652e+01
  -3.1579455e+01
  -1.7729751e+01
  -1.5739033e+01
  -1.8943351e+01
  -1.9724741e+01
  -1.6619301e+01
  -1.5764843e+01
  -1.5637910e+01
  -1.6823415e+01
  -1.4536053e+01
  -1.4291174e+01
  -1.9638599e+01
  -2.0689634e+01
  -1.5856859e+01
  -1.3643455e+01
  -1.3392558e+01
  -1.4131833e+01
  -1.1698550e+01
  -1.0684215e+01
  -1.1937320e+01
  -1.1903135e+01
  -1.2725086e+01
  -1.5330438e+01
  -1.5416743e+01
  -1.2803412e+01
  -1.0676593e+01
  -1.0887777e+01
  -1.1909850e+01
  -1.0509784e+01
  -1.0770674e+01
  -1.3660005e+01
  -1.3151029e+01
  -1.0614819e+01
  -1.0367364e+01
  -1.1377984e+01
  -1.0633194e+01
  -9.6660135e+00
  -7.8107579e+00
  -6.1796978e+00
  -8.2521341e+00
  -9.1279472e+00
  -5.7696136e+00
  -6.3778352e+00
  -7.1814456e+00
  -5.5240825e+00
  -6.1744995e+00
  -6.2780149e+00
  -5.4190573e+00
  -6.2102154e+00
  -6.5697796e+00
  -7.3828340e+00
  -7.2687137e+00
  -6.2806594e+00
  -7.3638480e+00
  -8.5160376e+00
  -7.6858339e+00
  -6.1567808e+00
  -5.8135403e+00
  -6.6855762e+00
  -5.9734470e+00
  -6.6758355e+00
  -8.0776540e+00
  -7.4228024e+00
  -9.1769274e+00
  -8.0485252e+00
  -7.0577542e+00
  -9.1995820e+00
  -8.7544972e+00
  -8.2332821e+00
  -8.1011956e+00
  -5.7083376e+00
  -5.6408035e+00
  -7.5667251e+00
  -8.1047304e+00
  -8.4029396e+00
  -9.3416575e+00
  -9.5551543e+00
  -9.4799897e+00
  -9.9976682e+00
  -8.6112912e+00
  -7.8071440e+00
  -9.9762409e+00
  -8.2293010e+00
  -5.9268754e+00
  -7.0721974e+00
  -7.3977001e+00
  -6.9995346e+00
  -8.9044237e+00
  -9.1038132e+00
  -7.8574344e+00
  -8.3135884e+00
  -9.4974126e+00
  -9.0443166e+00
  -7.6978852e+00
  -7.4287458e+00
  -7.2037665e+00
  -6.7428563e+00
  -7.5253876e+00
  -8.4395903e+00
  -7.9635715e+00
  -7.9674077e+00
  -8.0285499e+00
  -6.7705006e+00
  -6.2884087e+00
  -7.0944872e+00
  -7.2410686e+00
  -7.3919847e+00
  -8.4652109e+00
  -8.7808875e+00
  -9.1351352e+00
  -9.9364214e+00
  -9.1200505e+00
  -8.0569921e+00
  -8.4136746e+00
  -8.8035615e+00
  -7.6472242e+00
  -7.6836950e+00
  -9.0718010e+00
  -9.0099537e+00
  -9.0818745e+00
  -9.7757191e+00
  -1.0853108e+01
  -1.3212798e+01
  -1.2456237e+01
  -1.1566840e+01
  -1.3872558e+01
  -1.3692330e+01
  -1.1313540e+01
  -1.0124688e+01
  -8.8839803e+00
  -8.6210932e+00
  -9.0239667e+00
  -8.9363548e+00
  -9.4405938e+00
  -9.7739777e+00
  -8.1756923e+00
  -7.9270348e+00
  -9.5473179e+00
  -8.7070210e+00
  -7.5167947e+00
  -7.4672693e+00
  -6.4692335e+00
  -5.9649405e+00
  -6.8657903e+00
  -8.7039792e+00
  -1.0362537e+01
  -1.0240951e+01
  -1.0537566e+01
  -1.2244583e+01
  -1.2706623e+01
  -1.2927730e+01
  -1.3641308e+01
  -1.4150504e+01
  -1.9178836e+01
  -2.0501081e+01
  -1.6675979e+01
  -2.1629624e+01
  -2.2454505e+01
  -2.0477502e+01
  -2.2712919e+01
  -2.0482056e+01
  -2.0980228e+01
  -1.5091022e+01
  -1.3987573e+01
  -2.1123118e+01
  -1.4580348e+01
  -1.2634895e+01
  -1.7544252e+01
  -1.7612680e+01
  -1.7188534e+01
  -1.9290911e+01
  -1.9345814e+01
  -2.1514686e+01
  -1.9675742e+01
  -1.7800706e+01
  -1.8157941e+01
  -2.0277097e+01
  -1.9835845e+01
  -1.6396437e+01
  -1.7811456e+01
  -2.0432505e+01
  -1.4888312e+01
  -1.3460275e+01
  -1.5300315e+01
  -1.8094726e+01
  -1.5623783e+01
  -1.2809414e+01
  -1.3635514e+01
  -1.4006957e+01
  -1.1107573e+01
  -1.1202094e+01
  -1.2867122e+01
  -1.2615653e+01
  -1.3083409e+01
  -1.1724747e+01
  -9.0622674e+00
  -9.2829574e+00
  -9.6374213e+00
  -7.5299549e+00
  -7.2850296e+00
  -8.2345986e+00
  -8.1421295e+00
  -7.5271538e+00
  -7.3730054e+00
  -8.9149833e+00
  -9.9596582e+00
  -8.3180875e+00
  -7.9743803e+00
  -7.0835267e+00
  -6.1571223e+00
  -7.3553730e+00
  -7.5097501e+00
  -6.6736689e+00
  -6.6390752e+00
  -5.9470242e+00
  -5.9516267e+00
  -5.8032000e+00
  -5.4118654e+00
  -7.3464399e+00
  -8.9128795e+00
  -7.1367929e+00
  -7.3845392e+00
  -8.8336124e+00
  -8.9135577e+00
  -8.3747594e+00
  -8.6624575e+00
  -8.8244268e+00
  -7.7674653e+00
  -7.9925117e+00
  -8.3044704e+00
  -5.8489933e+00
  -5.1213076e+00
  -6.5158226e+00
  -6.9723730e+00
  -6.9458736e+00
  -7.7855945e+00
  -7.6481035e+00
  -6.9716725e+00
  -7.0244810e+00
  -7.3969636e+00
  -8.4700550e+00
  -9.1867620e+00
  -7.1085325e+00
  -6.6557537e+00
  -7.8370500e+00
  -6.9961948e+00
  -6.6948915e+00
  -8.0249733e+00
  -8.3372282e+00
  -8.1558543e+00
  -9.2106169e+00
  -9.1155435e+00
  -6.9536720e+00
  -6.2551846e+00
  -6.5693750e+00
  -6.4039352e+00
  -7.3986094e+00
  -8.0807589e+00
  -7.1249071e+00
  -7.8059957e+00
