   3.1415927e+00
   5.3888818e-01
  -1.0925972e+00
  -1.8937528e+00
  -2.1791500e+00
  -2.9509528e+00
  -3.3338545e+00
  -3.7964972e+00
  -4.3291113e+00
  -4.6625701e+00
  -5.2374771e+00
  -5.7776594e+00
  -6.1583416e+00
  -6.7200471e+00
  -7.4390247e+00
  -7.9253500e+00
  -8.0645087e+00
  -8.5320384e+00
  -8.7451148e+00
  -9.1531345e+00
  -9.5061919e+00
  -9.4359359e+00
  -9.8527625e+00
  -1.0163171e+01
  -1.0641851e+01
  -1.1220460e+01
  -1.1668876e+01
  -1.2163685e+01
  -1.2745757e+01
  -1.3267650e+01
  -1.3744996e+01
  -1.4326450e+01
  -1.4966402e+01
  -1.5568071e+01
  -1.6180134e+01
  -1.6847420e+01
  -1.7504320e+01
  -1.8104687e+01
  -1.8659286e+01
  -1.9199426e+01
  -1.9761017e+01
  -2.0328066e+01
  -2.0870605e+01
  -2.1399208e+01
  -2.1955951e+01
  -2.2575464e+01
  -2.3188495e+01
  -2.3727464e+01
  -2.4316884e+01
  -2.4982772e+01
  -2.5580982e+01
  -2.6128163e+01
  -2.6758533e+01
  -2.7390166e+01
  -2.7921380e+01
  -2.8425548e+01
  -2.8969876e+01
  -2.9523118e+01
  -3.0043450e+01
  -3.0533961e+01
  -3.1062981e+01
  -3.1605733e+01
  -3.2071303e+01
  -3.2494304e+01
  -3.2961058e+01
  -3.3424456e+01
  -3.3820028e+01
  -3.4224344e+01
  -3.4685067e+01
  -3.5079794e+01
  -3.5380326e+01
  -3.5750003e+01
  -3.6171690e+01
  -3.6537579e+01
  -3.6883546e+01
  -3.7299249e+01
  -3.7740651e+01
  -3.8142090e+01
  -3.8553847e+01
  -3.9031174e+01
  -3.9516840e+01
  -3.9982798e+01
  -4.0469646e+01
  -4.0984980e+01
  -4.1503750e+01
  -4.2007289e+01
  -4.2520790e+01
  -4.3059682e+01
  -4.3593676e+01
  -4.4117606e+01
  -4.4632743e+01
  -4.5160419e+01
  -4.5729311e+01
  -4.6294354e+01
  -4.6860031e+01
  -4.7474025e+01
  -4.8090870e+01
  -4.8675212e+01
  -4.9278020e+01
  -4.9915176e+01
  -5.0530513e+01
  -5.1127115e+01
  -5.1751761e+01
  -5.2359707e+01
  -5.2936977e+01
  -5.3527430e+01
  -5.4108978e+01
  -5.4673331e+01
  -5.5232527e+01
  -5.5787803e+01
  -5.6357019e+01
  -5.6925370e+01
  -5.7482454e+01
  -5.8040275e+01
  -5.8596774e+01
  -5.9154539e+01
  -5.9705799e+01
  -6.0262340e+01
  -6.0837030e+01
  -6.1407157e+01
  -6.1990798e+01
  -6.2594172e+01
  -6.3178284e+01
  -6.3747021e+01
  -6.4321696e+01
  -6.4916160e+01
  -6.5467979e+01
  -6.5835363e+01
  -6.6172865e+01
  -6.6410761e+01
  -6.6420774e+01
  -6.6358921e+01
  -6.6806752e+01
  -6.7609902e+01
  -6.5204903e+01
  -6.5659122e+01
  -6.6286157e+01
  -6.7072148e+01
  -6.7799590e+01
  -6.8479947e+01
  -6.9177917e+01
  -6.9791053e+01
  -7.0304916e+01
  -7.0820498e+01
  -7.1242781e+01
  -7.1631867e+01
  -7.2108063e+01
  -7.2559907e+01
  -7.2985349e+01
  -7.3454215e+01
  -7.3934607e+01
  -7.4392206e+01
  -7.4845761e+01
  -7.5311869e+01
  -7.5789279e+01
  -7.6276947e+01
  -7.6770599e+01
  -7.7263199e+01
  -7.7756738e+01
  -7.8261269e+01
  -7.8775011e+01
  -7.9290645e+01
  -7.9796182e+01
  -8.0301671e+01
  -8.0835376e+01
  -8.1370441e+01
  -8.1887854e+01
  -8.2421923e+01
  -8.2969668e+01
  -8.3513108e+01
  -8.4055606e+01
  -8.4599552e+01
  -8.5150687e+01
  -8.5706263e+01
  -8.6258147e+01
  -8.6809439e+01
  -8.7381198e+01
  -8.7971493e+01
  -8.8540582e+01
  -8.9105326e+01
  -8.9706529e+01
  -9.0307938e+01
  -9.0878577e+01
  -9.1447257e+01
  -9.2038356e+01
  -9.2625070e+01
  -9.3183811e+01
  -9.3744814e+01
  -9.4313739e+01
  -9.4878266e+01
  -9.5451740e+01
  -9.6022433e+01
  -9.6590896e+01
  -9.7172370e+01
  -9.7749148e+01
  -9.8307390e+01
  -9.8862965e+01
  -9.9437662e+01
  -1.0000333e+02
  -1.0054011e+02
  -1.0110360e+02
  -1.0169512e+02
  -1.0228691e+02
  -1.0288009e+02
  -1.0346246e+02
  -1.0406886e+02
  -1.0470068e+02
  -1.0530458e+02
  -1.0592050e+02
  -1.0659263e+02
  -1.0728594e+02
  -1.0795277e+02
  -1.0858299e+02
  -1.0923496e+02
  -1.0989338e+02
  -1.1049957e+02
  -1.1110032e+02
  -1.1171104e+02
  -1.1230309e+02
  -1.1291114e+02
  -1.1352305e+02
  -1.1411493e+02
  -1.1473416e+02
  -1.1537569e+02
  -1.1598127e+02
  -1.1651710e+02
  -1.1696655e+02
  -1.1737546e+02
  -1.1780266e+02
  -1.1825899e+02
  -1.1880021e+02
  -1.1941009e+02
  -1.2001144e+02
  -1.2056964e+02
  -1.2111667e+02
  -1.2169990e+02
  -1.2227563e+02
  -1.2278688e+02
  -1.2332611e+02
  -1.2390639e+02
  -1.2443433e+02
  -1.2495578e+02
  -1.2550882e+02
  -1.2604253e+02
  -1.2658443e+02
  -1.2714146e+02
  -1.2767853e+02
  -1.2824861e+02
  -1.2887286e+02
  -1.2945864e+02
  -1.3003904e+02
  -1.3072779e+02
  -1.3139956e+02
  -1.3196072e+02
  -1.3258607e+02
  -1.3329998e+02
  -1.3409740e+02
  -1.3484021e+02
  -1.3543750e+02
  -1.3618873e+02
  -1.3693979e+02
  -1.3749356e+02
  -1.3811897e+02
  -1.3878816e+02
  -1.3938382e+02
  -1.4001316e+02
  -1.4062131e+02
  -1.4123473e+02
  -1.4184807e+02
  -1.4239285e+02
  -1.4296993e+02
  -1.4353910e+02
  -1.4410873e+02
  -1.4474202e+02
  -1.4534834e+02
  -1.4595925e+02
  -1.4657111e+02
  -1.4716191e+02
  -1.4778330e+02
  -1.4833583e+02
  -1.4890384e+02
  -1.4953145e+02
  -1.5007518e+02
  -1.5064952e+02
  -1.5127807e+02
  -1.5187473e+02
  -1.5249125e+02
  -1.5308825e+02
  -1.5366550e+02
  -1.5423280e+02
  -1.5475763e+02
  -1.5532344e+02
  -1.5587394e+02
  -1.5640160e+02
  -1.5699829e+02
  -1.5759707e+02
  -1.5819079e+02
  -1.5879902e+02
  -1.5939160e+02
  -1.5997588e+02
  -1.6054228e+02
  -1.6111798e+02
  -1.6169229e+02
  -1.6224520e+02
  -1.6283206e+02
  -1.6342668e+02
  -1.6408495e+02
  -1.6481580e+02
  -1.6546017e+02
  -1.6611696e+02
  -1.6689816e+02
  -1.6763060e+02
  -1.6833804e+02
  -1.6904321e+02
  -1.6904483e+02
  -1.6930730e+02
  -1.6999315e+02
  -1.7026331e+02
  -1.7076983e+02
  -1.7157258e+02
  -1.7230897e+02
  -1.7296363e+02
  -1.7365281e+02
  -1.7433770e+02
  -1.7497418e+02
  -1.7558509e+02
  -1.7618704e+02
  -1.7681083e+02
  -1.7743930e+02
  -1.7801748e+02
  -1.7853926e+02
  -1.7907913e+02
  -1.7967040e+02
  -1.8020800e+02
  -1.8073809e+02
  -1.8135030e+02
  -1.8191221e+02
  -1.8245417e+02
  -1.8305012e+02
  -1.8360051e+02
  -1.8416788e+02
  -1.8476236e+02
  -1.8534396e+02
  -1.8593455e+02
  -1.8647058e+02
  -1.8700931e+02
  -1.8758122e+02
  -1.8814246e+02
  -1.8873873e+02
  -1.8931367e+02
  -1.8991034e+02
  -1.9058410e+02
  -1.9121696e+02
  -1.9175016e+02
  -1.9222962e+02
  -1.9280208e+02
  -1.9340833e+02
  -1.9391546e+02
  -1.9452325e+02
  -1.9519157e+02
  -1.9577164e+02
  -1.9641499e+02
  -1.9707728e+02
  -1.9767437e+02
  -1.9832233e+02
  -1.9893591e+02
  -1.9945000e+02
  -2.0001839e+02
  -2.0063801e+02
  -2.0120538e+02
  -2.0173869e+02
  -2.0234718e+02
  -2.0294928e+02
  -2.0355331e+02
  -2.0421066e+02
  -2.0478363e+02
  -2.0541182e+02
  -2.0613229e+02
  -2.0666173e+02
  -2.0719172e+02
  -2.0788322e+02
  -2.0845960e+02
  -2.0908022e+02
  -2.0975976e+02
  -2.1029681e+02
  -2.1087452e+02
  -2.1148707e+02
  -2.1198475e+02
  -2.1251269e+02
  -2.1314905e+02
  -2.1376034e+02
  -2.1425548e+02
  -2.1478980e+02
  -2.1540246e+02
  -2.1598896e+02
  -2.1655097e+02
  -2.1709445e+02
  -2.1763978e+02
  -2.1819853e+02
  -2.1873966e+02
  -2.1928639e+02
  -2.1983036e+02
  -2.2037391e+02
  -2.2097038e+02
  -2.2159772e+02
  -2.2220783e+02
  -2.2279820e+02
  -2.2340550e+02
  -2.2400756e+02
  -2.2456737e+02
  -2.2514707e+02
  -2.2575749e+02
  -2.2635288e+02
  -2.2694548e+02
  -2.2755448e+02
  -2.2819135e+02
  -2.2880714e+02
  -2.2937095e+02
  -2.2998677e+02
  -2.3063838e+02
  -2.3120882e+02
  -2.3170697e+02
  -2.3226461e+02
  -2.3287665e+02
  -2.3349349e+02
  -2.3413890e+02
  -2.3472149e+02
  -2.3523251e+02
  -2.3587016e+02
  -2.3647021e+02
  -2.3691983e+02
  -2.3748463e+02
  -2.3806335e+02
  -2.3851427e+02
  -2.3902829e+02
  -2.3965346e+02
  -2.4027411e+02
  -2.4083778e+02
  -2.4145145e+02
  -2.4209363e+02
  -2.4265211e+02
  -2.4321536e+02
  -2.4380343e+02
  -2.4438319e+02
  -2.4499723e+02
  -2.4554202e+02
  -2.4607301e+02
  -2.4666518e+02
  -2.4713232e+02
  -2.4766672e+02
  -2.4833264e+02
  -2.4892641e+02
  -2.4947647e+02
  -2.5003211e+02
  -2.5056035e+02
  -2.5113638e+02
  -2.5171140e+02
  -2.5225473e+02
  -2.5288733e+02
  -2.5354870e+02
  -2.5409579e+02
  -2.5460035e+02
  -2.5518364e+02
  -2.5576805e+02
  -2.5626550e+02
  -2.5677504e+02
  -2.5742389e+02
  -2.5806648e+02
  -2.5857236e+02
  -2.5917110e+02
  -2.5984823e+02
  -2.6043394e+02
  -2.6101974e+02
  -2.6161274e+02
  -2.6212911e+02
  -2.6266944e+02
  -2.6322947e+02
  -2.6373046e+02
  -2.6427662e+02
  -2.6493459e+02
  -2.6556312e+02
  -2.6614318e+02
  -2.6683007e+02
  -2.6752252e+02
  -2.6814668e+02
  -2.6871096e+02
  -2.6922938e+02
  -2.6992819e+02
  -2.7077027e+02
  -2.7163834e+02
  -2.7262920e+02
  -2.7341904e+02
  -2.7395738e+02
  -2.7472209e+02
  -2.7548341e+02
  -2.7615646e+02
  -2.7685881e+02
  -2.7731165e+02
  -2.7799081e+02
  -2.7896724e+02
  -2.7969966e+02
  -2.8015558e+02
  -2.8074078e+02
  -2.8138504e+02
  -2.8204417e+02
  -2.8259633e+02
  -2.8320775e+02
  -2.8391590e+02
  -2.8425924e+02
  -2.8476481e+02
  -2.8549871e+02
  -2.8609058e+02
  -2.8670863e+02
  -2.8731644e+02
  -2.8782152e+02
  -2.8835077e+02
  -2.8887863e+02
  -2.8943020e+02
  -2.8997955e+02
  -2.9060798e+02
  -2.9126947e+02
  -2.9177588e+02
  -2.9237996e+02
  -2.9306002e+02
  -2.9363726e+02
  -2.9420120e+02
  -2.9477096e+02
  -2.9536494e+02
  -2.9601588e+02
  -2.9660525e+02
  -2.9717157e+02
  -2.9779218e+02
  -2.9839765e+02
  -2.9894995e+02
  -2.9946267e+02
  -3.0000169e+02
  -3.0055368e+02
  -3.0111453e+02
  -3.0174719e+02
  -3.0241212e+02
  -3.0305232e+02
  -3.0365104e+02
  -3.0420605e+02
  -3.0476191e+02
  -3.0531169e+02
  -3.0585357e+02
  -3.0643465e+02
  -3.0701844e+02
  -3.0758539e+02
  -3.0816483e+02
  -3.0874079e+02
  -3.0932873e+02
  -3.0992370e+02
  -3.1048271e+02
  -3.1107466e+02
  -3.1168162e+02
  -3.1220068e+02
  -3.1273118e+02
  -3.1330308e+02
  -3.1386450e+02
  -3.1446845e+02
  -3.1501772e+02
  -3.1554295e+02
  -3.1619178e+02
  -3.1678794e+02
  -3.1729913e+02
  -3.1790122e+02
  -3.1850459e+02
  -3.1904311e+02
  -3.1956519e+02
  -3.2014791e+02
  -3.2078300e+02
  -3.2132927e+02
  -3.2187062e+02
  -3.2250256e+02
  -3.2307233e+02
  -3.2361690e+02
  -3.2421447e+02
  -3.2479120e+02
  -3.2535608e+02
  -3.2595126e+02
  -3.2657027e+02
  -3.2716571e+02
  -3.2773640e+02
  -3.2832554e+02
  -3.2889332e+02
  -3.2945479e+02
  -3.3004334e+02
  -3.3063630e+02
  -3.3118701e+02
  -3.3168311e+02
  -3.3228007e+02
  -3.3290279e+02
  -3.3341394e+02
  -3.3399577e+02
  -3.3457386e+02
  -3.3510467e+02
  -3.3575268e+02
  -3.3629380e+02
  -3.3678958e+02
  -3.3744431e+02
  -3.3799572e+02
  -3.3849351e+02
  -3.3912553e+02
  -3.3974491e+02
  -3.4033679e+02
  -3.4092554e+02
  -3.4149840e+02
  -3.4209036e+02
  -3.4265117e+02
  -3.4317799e+02
  -3.4374192e+02
  -3.4436476e+02
  -3.4496384e+02
  -3.4545287e+02
  -3.4599778e+02
  -3.4662222e+02
  -3.4719659e+02
  -3.4779415e+02
  -3.4841186e+02
  -3.4895249e+02
  -3.4950041e+02
  -3.5005761e+02
  -3.5057055e+02
  -3.5115135e+02
  -3.5177940e+02
  -3.5235512e+02
  -3.5295553e+02
  -3.5360887e+02
  -3.5419543e+02
  -3.5471477e+02
  -3.5524198e+02
  -3.5578481e+02
  -3.5634836e+02
  -3.5689195e+02
  -3.5742498e+02
  -3.5795675e+02
  -3.5848884e+02
  -3.5908292e+02
  -3.5969500e+02
  -3.6030411e+02
  -3.6094855e+02
  -3.6160350e+02
  -3.6225939e+02
  -3.6285784e+02
  -3.6335685e+02
  -3.6393551e+02
  -3.6459518e+02
  -3.6518835e+02
  -3.6574359e+02
  -3.6633860e+02
  -3.6678148e+02
  -3.6722088e+02
  -3.6798931e+02
  -3.6874591e+02
  -3.6921596e+02
  -3.6993758e+02
  -3.7090615e+02
  -3.7181730e+02
  -3.7271157e+02
  -3.7343180e+02
  -3.7365767e+02
  -3.7439458e+02
  -3.7524425e+02
  -3.7583202e+02
  -3.7644183e+02
  -3.7727036e+02
  -3.7808974e+02
  -3.7889509e+02
  -3.7967497e+02
  -3.8022991e+02
  -3.8074925e+02
  -3.8140769e+02
  -3.8201900e+02
  -3.8245521e+02
  -3.8285693e+02
  -3.8352272e+02
  -3.8428235e+02
  -3.8486259e+02
  -3.8554595e+02
  -3.8627134e+02
  -3.8665210e+02
  -3.8720972e+02
  -3.8792662e+02
  -3.8846426e+02
  -3.8904415e+02
  -3.8970744e+02
  -3.9027644e+02
  -3.9083541e+02
  -3.9139921e+02
  -3.9201211e+02
  -3.9262919e+02
  -3.9311303e+02
  -3.9363140e+02
  -3.9420014e+02
  -3.9476606e+02
  -3.9536798e+02
  -3.9589661e+02
  -3.9642942e+02
  -3.9701485e+02
  -3.9748696e+02
  -3.9799736e+02
  -3.9859964e+02
  -3.9917118e+02
  -3.9973644e+02
  -4.0032228e+02
  -4.0088611e+02
  -4.0141234e+02
  -4.0197513e+02
  -4.0260178e+02
  -4.0324376e+02
  -4.0383980e+02
  -4.0434512e+02
  -4.0489323e+02
  -4.0551333e+02
  -4.0608034e+02
  -4.0661780e+02
  -4.0715059e+02
  -4.0767800e+02
  -4.0823418e+02
  -4.0880434e+02
  -4.0943524e+02
  -4.1005885e+02
  -4.1063689e+02
  -4.1129195e+02
  -4.1193466e+02
  -4.1248914e+02
  -4.1306054e+02
  -4.1361759e+02
  -4.1417750e+02
  -4.1476490e+02
  -4.1532559e+02
  -4.1588908e+02
  -4.1641371e+02
  -4.1697233e+02
  -4.1760575e+02
  -4.1816577e+02
  -4.1870535e+02
  -4.1931000e+02
  -4.1990809e+02
  -4.2050326e+02
  -4.2106310e+02
  -4.2157678e+02
  -4.2216703e+02
  -4.2277918e+02
  -4.2332982e+02
  -4.2388338e+02
  -4.2443380e+02
  -4.2500398e+02
  -4.2563746e+02
  -4.2621477e+02
  -4.2675018e+02
  -4.2735923e+02
  -4.2791292e+02
  -4.2844864e+02
  -4.2903810e+02
  -4.2952620e+02
  -4.3007300e+02
  -4.3066604e+02
  -4.3115410e+02
  -4.3172939e+02
  -4.3231891e+02
  -4.3286319e+02
  -4.3348698e+02
  -4.3406417e+02
  -4.3463890e+02
  -4.3529798e+02
  -4.3584202e+02
  -4.3635555e+02
  -4.3699632e+02
  -4.3756019e+02
  -4.3804086e+02
  -4.3864145e+02
  -4.3925486e+02
  -4.3980180e+02
  -4.4037257e+02
  -4.4093084e+02
  -4.4149531e+02
  -4.4209879e+02
  -4.4267336e+02
  -4.4327352e+02
  -4.4385517e+02
  -4.4440475e+02
  -4.4502306e+02
  -4.4554300e+02
  -4.4603906e+02
  -4.4671180e+02
  -4.4730945e+02
  -4.4785598e+02
  -4.4848728e+02
  -4.4899825e+02
  -4.4951333e+02
  -4.5005462e+02
  -4.5052506e+02
  -4.5110444e+02
  -4.5166518e+02
  -4.5209546e+02
  -4.5264524e+02
  -4.5328066e+02
  -4.5382127e+02
  -4.5437433e+02
  -4.5499616e+02
  -4.5554138e+02
  -4.5608730e+02
  -4.5661388e+02
  -4.5712723e+02
  -4.5772700e+02
  -4.5810508e+02
  -4.5851523e+02
  -4.5909336e+02
  -4.5950353e+02
  -4.6014587e+02
  -4.6086527e+02
  -4.6145901e+02
  -4.6201704e+02
  -4.6244406e+02
  -4.6305877e+02
  -4.6374888e+02
  -4.6419645e+02
  -4.6468454e+02
  -4.6516539e+02
  -4.6567915e+02
  -4.6629342e+02
  -4.6669038e+02
  -4.6705226e+02
  -4.6729935e+02
  -4.6799961e+02
  -4.6846567e+02
  -4.6835134e+02
  -4.6884738e+02
  -4.6877058e+02
  -4.6947703e+02
  -4.7016925e+02
  -4.7065988e+02
  -4.7121775e+02
  -4.7177953e+02
  -4.7256565e+02
  -4.7333866e+02
  -4.7380576e+02
  -4.7439674e+02
  -4.7494717e+02
  -4.7536593e+02
  -4.7595463e+02
  -4.7630498e+02
  -4.7680156e+02
  -4.7748668e+02
  -4.7800837e+02
  -4.7858846e+02
  -4.7922960e+02
  -4.7977353e+02
  -4.8036900e+02
  -4.8100019e+02
  -4.8152785e+02
  -4.8207251e+02
  -4.8273880e+02
  -4.8327137e+02
  -4.8361803e+02
  -4.8418289e+02
  -4.8479217e+02
  -4.8540161e+02
  -4.8601990e+02
  -4.8652174e+02
  -4.8706252e+02
  -4.8765372e+02
  -4.8818976e+02
  -4.8873638e+02
  -4.8932170e+02
  -4.8991978e+02
  -4.9046095e+02
  -4.9103477e+02
  -4.9167052e+02
  -4.9221406e+02
  -4.9279980e+02
  -4.9341239e+02
  -4.9389318e+02
  -4.9446833e+02
  -4.9504422e+02
  -4.9547842e+02
  -4.9608373e+02
  -4.9678399e+02
  -4.9737008e+02
  -4.9785256e+02
  -4.9843223e+02
  -4.9908242e+02
  -4.9963073e+02
  -5.0017907e+02
  -5.0080901e+02
  -5.0136296e+02
  -5.0186957e+02
  -5.0240485e+02
  -5.0296682e+02
  -5.0357521e+02
  -5.0413731e+02
  -5.0469496e+02
  -5.0530369e+02
  -5.0586968e+02
  -5.0644484e+02
  -5.0699153e+02
  -5.0748085e+02
  -5.0808237e+02
  -5.0864572e+02
  -5.0910504e+02
  -5.0968963e+02
  -5.1025961e+02
  -5.1077623e+02
  -5.1138903e+02
  -5.1196706e+02
  -5.1251031e+02
  -5.1311357e+02
  -5.1368033e+02
  -5.1427741e+02
  -5.1490793e+02
  -5.1544009e+02
  -5.1601518e+02
  -5.1665858e+02
  -5.1724993e+02
  -5.1783142e+02
  -5.1838595e+02
  -5.1891333e+02
  -5.1949212e+02
  -5.2005222e+02
  -5.2060382e+02
  -5.2118156e+02
  -5.2175722e+02
  -5.2240954e+02
  -5.2305863e+02
  -5.2359041e+02
  -5.2418892e+02
  -5.2482271e+02
  -5.2531563e+02
  -5.2585639e+02
  -5.2645901e+02
  -5.2697820e+02
  -5.2756314e+02
  -5.2815017e+02
  -5.2862842e+02
  -5.2921167e+02
  -5.2983799e+02
  -5.3041671e+02
  -5.3100808e+02
  -5.3156789e+02
  -5.3206743e+02
  -5.3259066e+02
  -5.3320500e+02
  -5.3382368e+02
  -5.3436387e+02
  -5.3493200e+02
  -5.3544136e+02
  -5.3595944e+02
  -5.3662208e+02
  -5.3714870e+02
  -5.3763006e+02
  -5.3824409e+02
  -5.3877866e+02
  -5.3933532e+02
  -5.3990156e+02
  -5.4046352e+02
  -5.4114050e+02
  -5.4157871e+02
  -5.4208265e+02
  -5.4280785e+02
  -5.4329838e+02
  -5.4391690e+02
  -5.4449068e+02
  -5.4475302e+02
  -5.4545295e+02
  -5.4612860e+02
  -5.4655414e+02
  -5.4715740e+02
  -5.4764264e+02
  -5.4835077e+02
  -5.4925779e+02
  -5.4966388e+02
  -5.5015817e+02
  -5.4868134e+02
  -5.4953407e+02
  -5.4965400e+02
  -5.4985045e+02
  -5.5058201e+02
  -5.5115322e+02
  -5.5142808e+02
  -5.5186322e+02
  -5.5248841e+02
  -5.5284602e+02
  -5.5318567e+02
  -5.5384728e+02
  -5.5441806e+02
  -5.5497827e+02
  -5.5570690e+02
  -5.5640254e+02
  -5.5696130e+02
  -5.5746113e+02
  -5.5796501e+02
  -5.5858174e+02
  -5.5919859e+02
  -5.5965743e+02
  -5.6024359e+02
  -5.6084845e+02
  -5.6125812e+02
  -5.6186238e+02
  -5.6248716e+02
  -5.6293342e+02
  -5.6352781e+02
  -5.6407994e+02
  -5.6453963e+02
  -5.6518290e+02
  -5.6582754e+02
  -5.6648163e+02
  -5.6711242e+02
  -5.6760298e+02
  -5.6818515e+02
  -5.6875066e+02
  -5.6927870e+02
  -5.6990644e+02
  -5.7039825e+02
  -5.7089395e+02
  -5.7156660e+02
  -5.7216466e+02
  -5.7275205e+02
  -5.7337477e+02
  -5.7391747e+02
  -5.7453812e+02
  -5.7515755e+02
  -5.7566487e+02
  -5.7623467e+02
  -5.7681218e+02
  -5.7732077e+02
  -5.7791024e+02
  -5.7859917e+02
  -5.7924896e+02
  -5.7977732e+02
  -5.8037969e+02
  -5.8102614e+02
  -5.8153433e+02
  -5.8209228e+02
  -5.8270568e+02
  -5.8320663e+02
  -5.8375208e+02
  -5.8433736e+02
  -5.8491911e+02
  -5.8555879e+02
  -5.8614938e+02
  -5.8673158e+02
  -5.8728164e+02
  -5.8771533e+02
  -5.8827648e+02
  -5.8884856e+02
  -5.8936090e+02
  -5.8991682e+02
  -5.9046075e+02
  -5.9107169e+02
  -5.9166358e+02
  -5.9219969e+02
  -5.9285835e+02
  -5.9343383e+02
  -5.9391915e+02
  -5.9453334e+02
  -5.9508565e+02
  -5.9561991e+02
  -5.9619643e+02
  -5.9674998e+02
  -5.9736477e+02
  -5.9791686e+02
  -5.9846574e+02
  -5.9912312e+02
  -5.9968258e+02
  -6.0020652e+02
  -6.0080826e+02
  -6.0143285e+02
  -6.0208548e+02
  -6.0264345e+02
  -6.0313443e+02
  -6.0375601e+02
  -6.0438909e+02
  -6.0492754e+02
  -6.0544861e+02
  -6.0602539e+02
  -6.0661745e+02
  -6.0715936e+02
  -6.0766153e+02
  -6.0817509e+02
  -6.0875370e+02
  -6.0936889e+02
  -6.0995202e+02
  -6.1053584e+02
  -6.1114010e+02
  -6.1165925e+02
  -6.1209432e+02
  -6.1269388e+02
  -6.1336117e+02
  -6.1388318e+02
  -6.1445040e+02
  -6.1507629e+02
  -6.1552514e+02
  -6.1608088e+02
  -6.1669310e+02
  -6.1716097e+02
  -6.1775835e+02
  -6.1834090e+02
  -6.1881692e+02
  -6.1939161e+02
  -6.1994166e+02
  -6.2048147e+02
  -6.2107755e+02
  -6.2161592e+02
  -6.2214551e+02
  -6.2281395e+02
  -6.2342888e+02
  -6.2377348e+02
  -6.2444982e+02
  -6.2526998e+02
  -6.2587260e+02
  -6.2653419e+02
  -6.2706520e+02
  -6.2704299e+02
  -6.2755997e+02
  -6.2827550e+02
  -6.2943660e+02
  -6.3071605e+02
  -6.3121130e+02
  -6.3260998e+02
  -6.3544178e+02
  -6.3790552e+02
  -6.3481574e+02
  -6.3700884e+02
  -6.3852309e+02
  -6.3720511e+02
  -6.3867553e+02
  -6.3720399e+02
  -6.3853065e+02
  -6.3963115e+02
  -6.4006336e+02
  -6.4093748e+02
  -6.4147043e+02
  -6.4190962e+02
  -6.4296483e+02
  -6.4349328e+02
  -6.4397416e+02
  -6.4451619e+02
  -6.4472550e+02
  -6.4544266e+02
  -6.4617198e+02
  -6.4673231e+02
  -6.4708934e+02
  -6.4771799e+02
  -6.4862941e+02
  -6.4895469e+02
  -6.4950564e+02
  -6.5039060e+02
  -6.5082975e+02
  -6.5122215e+02
  -6.5184812e+02
  -6.5244995e+02
  -6.5309342e+02
  -6.5357237e+02
  -6.5412195e+02
  -6.5468870e+02
  -6.5515947e+02
  -6.5594007e+02
  -6.5666019e+02
  -6.5712413e+02
  -6.5771341e+02
  -6.5827025e+02
  -6.5886009e+02
  -6.5951347e+02
  -6.5999695e+02
  -6.6055890e+02
  -6.6120658e+02
  -6.6172584e+02
  -6.6222152e+02
  -6.6278933e+02
  -6.6339152e+02
  -6.6399120e+02
  -6.6458436e+02
  -6.6507450e+02
  -6.6557653e+02
  -6.6630896e+02
  -6.6697947e+02
  -6.6742075e+02
  -6.6799569e+02
  -6.6859013e+02
  -6.6914696e+02
  -6.6967675e+02
  -6.7013673e+02
  -6.7073475e+02
  -6.7128664e+02
  -6.7179610e+02
  -6.7249531e+02
  -6.7308210e+02
  -6.7357011e+02
  -6.7424686e+02
  -6.7480889e+02
  -6.7528564e+02
  -6.7583213e+02
  -6.7631821e+02
  -6.7696180e+02
  -6.7758995e+02
  -6.7803883e+02
  -6.7871998e+02
  -6.7938464e+02
  -6.7974925e+02
  -6.8037132e+02
  -6.8104689e+02
  -6.8154719e+02
  -6.8212774e+02
  -6.8271206e+02
  -6.8318160e+02
  -6.8374254e+02
  -6.8436216e+02
  -6.8486099e+02
  -6.8539537e+02
  -6.8604696e+02
  -6.8660491e+02
  -6.8720605e+02
  -6.8786437e+02
  -6.8835067e+02
  -6.8885236e+02
  -6.8937509e+02
  -6.8990436e+02
  -6.9056543e+02
  -6.9104886e+02
  -6.9152273e+02
  -6.9227929e+02
  -6.9293243e+02
  -6.9341281e+02
  -6.9398125e+02
  -6.9459536e+02
  -6.9521100e+02
  -6.9570544e+02
  -6.9622531e+02
  -6.9685337e+02
  -6.9737651e+02
  -6.9787077e+02
  -6.9843042e+02
  -6.9906153e+02
  -6.9971104e+02
  -7.0026017e+02
  -7.0085244e+02
  -7.0140716e+02
  -7.0184404e+02
  -7.0246485e+02
  -7.0305033e+02
  -7.0345455e+02
  -7.0404203e+02
  -7.0464707e+02
  -7.0519241e+02
  -7.0583554e+02
  -7.0645849e+02
  -7.0699780e+02
  -7.0755486e+02
  -7.0816777e+02
  -7.0876727e+02
  -7.0931268e+02
  -7.0989487e+02
  -7.1050696e+02
  -7.1104710e+02
  -7.1162382e+02
  -7.1229319e+02
  -7.1290986e+02
  -7.1354266e+02
  -7.1421039e+02
  -7.1466801e+02
  -7.1519172e+02
  -7.1588458e+02
  -7.1638559e+02
  -7.1696672e+02
  -7.1769357e+02
  -7.1813972e+02
  -7.1865829e+02
  -7.1917641e+02
  -7.1972596e+02
  -7.2057084e+02
  -7.2104192e+02
  -7.2142631e+02
  -7.2223586e+02
  -7.2251867e+02
  -7.2315130e+02
  -7.2416549e+02
  -7.2427399e+02
  -7.2467576e+02
  -7.2510646e+02
  -7.2510115e+02
  -7.2593217e+02
  -7.2621268e+02
  -7.2567506e+02
  -7.2606125e+02
  -7.2700584e+02
  -7.2760699e+02
  -7.2783680e+02
  -7.2872102e+02
  -7.2919323e+02
  -7.2959428e+02
  -7.3059001e+02
  -7.3080058e+02
  -7.3083384e+02
  -7.3121019e+02
  -7.3168412e+02
  -7.3243479e+02
  -7.3271700e+02
  -7.3330202e+02
  -7.3400801e+02
  -7.3419516e+02
  -7.3490293e+02
  -7.3547692e+02
  -7.3586729e+02
  -7.3675096e+02
  -7.3723924e+02
  -7.3772174e+02
  -7.3853602e+02
  -7.3902716e+02
  -7.3956999e+02
  -7.4020383e+02
  -7.4070774e+02
  -7.4127373e+02
  -7.4172589e+02
  -7.4233636e+02
  -7.4308218e+02
  -7.4369264e+02
  -7.4417088e+02
  -7.4466855e+02
  -7.4536770e+02
  -7.4593769e+02
  -7.4634473e+02
  -7.4709751e+02
  -7.4761762e+02
  -7.4804428e+02
  -7.4880146e+02
  -7.4925788e+02
  -7.4979857e+02
  -7.5042447e+02
  -7.5083914e+02
  -7.5153918e+02
  -7.5215414e+02
  -7.5260927e+02
  -7.5319404e+02
  -7.5358230e+02
  -7.5425976e+02
  -7.5498607e+02
  -7.5546934e+02
  -7.5613900e+02
  -7.5673885e+02
  -7.5719066e+02
  -7.5776475e+02
  -7.5832508e+02
  -7.5892552e+02
  -7.5947435e+02
  -7.6003224e+02
  -7.6064183e+02
  -7.6109301e+02
  -7.6167910e+02
  -7.6231657e+02
  -7.6283264e+02
  -7.6342939e+02
  -7.6403122e+02
  -7.6463459e+02
  -7.6520645e+02
  -7.6573216e+02
  -7.6635894e+02
  -7.6686475e+02
  -7.6738390e+02
  -7.6804084e+02
  -7.6854213e+02
  -7.6911397e+02
  -7.6975605e+02
  -7.7030783e+02
  -7.7088616e+02
  -7.7139370e+02
  -7.7193254e+02
  -7.7249048e+02
  -7.7304669e+02
  -7.7376081e+02
  -7.7426606e+02
  -7.7471703e+02
  -7.7543877e+02
  -7.7606373e+02
  -7.7662534e+02
  -7.7714721e+02
  -7.7768028e+02
  -7.7834271e+02
  -7.7888666e+02
  -7.7941866e+02
  -7.8002672e+02
  -7.8057767e+02
  -7.8122084e+02
  -7.8180909e+02
  -7.8230009e+02
  -7.8282516e+02
  -7.8337293e+02
  -7.8401425e+02
  -7.8452393e+02
  -7.8505898e+02
  -7.8571219e+02
  -7.8616581e+02
  -7.8669652e+02
  -7.8735512e+02
  -7.8788429e+02
  -7.8835210e+02
  -7.8888914e+02
  -7.8942073e+02
  -7.8979433e+02
  -7.9037717e+02
  -7.9109634e+02
  -7.9145132e+02
  -7.9197655e+02
  -7.9271984e+02
  -7.9329036e+02
  -7.9391917e+02
  -7.9452926e+02
  -7.9494093e+02
  -7.9542869e+02
  -7.9595777e+02
  -7.9657501e+02
  -7.9719390e+02
  -7.9761870e+02
  -7.9792004e+02
  -7.9865890e+02
  -7.9967225e+02
  -8.0056405e+02
  -8.0134369e+02
  -8.0203288e+02
  -8.0233768e+02
  -8.0305387e+02
  -8.0371220e+02
  -8.0427437e+02
  -8.0524838e+02
  -8.0609420e+02
  -8.0655310e+02
  -8.0706856e+02
  -8.0757162e+02
  -8.0817249e+02
  -8.0859714e+02
  -8.0890769e+02
  -8.0968124e+02
  -8.1036966e+02
  -8.1093369e+02
  -8.1128287e+02
  -8.1189869e+02
  -8.1293411e+02
  -8.1172601e+02
  -8.1276764e+02
  -8.1320234e+02
  -8.1309070e+02
  -8.1382331e+02
  -8.1417842e+02
  -8.1460994e+02
  -8.1513235e+02
  -8.1565026e+02
  -8.1624645e+02
  -8.1685486e+02
  -8.1755832e+02
  -8.1809941e+02
  -8.1863470e+02
  -8.1940774e+02
  -8.1994383e+02
  -8.2041704e+02
  -8.2112151e+02
  -8.2164919e+02
  -8.2216841e+02
  -8.2271239e+02
  -8.2324901e+02
  -8.2394468e+02
  -8.2430091e+02
  -8.2466870e+02
  -8.2537107e+02
  -8.2595266e+02
  -8.2643307e+02
  -8.2689085e+02
  -8.2749218e+02
  -8.2804453e+02
  -8.2818050e+02
  -8.2862715e+02
  -8.2882437e+02
  -8.2906005e+02
  -8.2943631e+02
  -8.3003755e+02
  -8.3082037e+02
  -8.3131129e+02
  -8.3170442e+02
  -8.3236224e+02
  -8.3286765e+02
  -8.3318791e+02
  -8.3387424e+02
  -8.3455158e+02
  -8.3480895e+02
  -8.3547524e+02
  -8.3620535e+02
  -8.3661300e+02
  -8.3726476e+02
  -8.3780347e+02
  -8.3825993e+02
  -8.3891769e+02
  -8.3940904e+02
  -8.4007074e+02
  -8.4085752e+02
  -8.4131943e+02
  -8.4178799e+02
  -8.4244424e+02
  -8.4305032e+02
  -8.4366504e+02
  -8.4426826e+02
  -8.4483665e+02
  -8.4531869e+02
  -8.4587959e+02
  -8.4648295e+02
  -8.4697014e+02
  -8.4758428e+02
  -8.4816954e+02
  -8.4868926e+02
  -8.4940054e+02
  -8.4998088e+02
  -8.5046877e+02
  -8.5108019e+02
  -8.5156738e+02
  -8.5211955e+02
  -8.5268584e+02
  -8.5320252e+02
  -8.5382677e+02
  -8.5443404e+02
  -8.5507421e+02
  -8.5570108e+02
  -8.5622238e+02
  -8.5677588e+02
  -8.5725987e+02
  -8.5780210e+02
  -8.5842317e+02
  -8.5891917e+02
  -8.5933714e+02
  -8.5988168e+02
  -8.6056879e+02
  -8.6109871e+02
  -8.6146515e+02
  -8.6206771e+02
  -8.6256239e+02
  -8.6305572e+02
  -8.6368683e+02
  -8.6420878e+02
  -8.6480689e+02
  -8.6547220e+02
  -8.6600560e+02
  -8.6657673e+02
  -8.6719635e+02
  -8.6772348e+02
  -8.6826056e+02
  -8.6882639e+02
  -8.6934442e+02
  -8.6990095e+02
  -8.7051923e+02
  -8.7103210e+02
  -8.7152401e+02
  -8.7219133e+02
  -8.7284083e+02
  -8.7339718e+02
  -8.7406346e+02
  -8.7477104e+02
  -8.7534047e+02
  -8.7582954e+02
  -8.7645109e+02
  -8.7707578e+02
  -8.7749185e+02
  -8.7798905e+02
  -8.7859627e+02
  -8.7911906e+02
  -8.7971468e+02
  -8.8016976e+02
  -8.8061940e+02
  -8.8154719e+02
  -8.8234501e+02
  -8.8253309e+02
  -8.8329031e+02
  -8.8419786e+02
  -8.8461612e+02
  -8.8474160e+02
  -8.8564972e+02
  -8.8701340e+02
  -8.8856689e+02
  -8.8933011e+02
  -8.8978453e+02
  -8.9052572e+02
  -8.9130328e+02
  -8.9121509e+02
  -8.9173405e+02
  -8.9244860e+02
  -8.9262630e+02
  -8.9358776e+02
  -8.9437163e+02
  -8.9472483e+02
  -8.9547213e+02
  -8.9623668e+02
  -8.9739828e+02
  -8.9888338e+02
  -8.9721427e+02
  -8.9899335e+02
  -9.0073850e+02
  -9.0104762e+02
  -9.0143653e+02
  -9.0252734e+02
  -9.0192313e+02
  -9.0222113e+02
  -9.0282863e+02
  -9.0406086e+02
  -9.0578436e+02
  -9.0375616e+02
  -9.0539097e+02
  -9.0649346e+02
  -9.0689645e+02
  -9.0745846e+02
  -9.0771749e+02
  -9.0827804e+02
  -9.0896063e+02
  -9.0956231e+02
  -9.1007771e+02
  -9.1036115e+02
  -9.1121123e+02
  -9.1223164e+02
  -9.1270292e+02
  -9.1332983e+02
  -9.1413315e+02
  -9.1422013e+02
  -9.1493165e+02
  -9.1571738e+02
  -9.1603111e+02
  -9.1669746e+02
  -9.1734801e+02
  -9.1765563e+02
  -9.1846880e+02
  -9.1932327e+02
  -9.1976741e+02
  -9.2024710e+02
  -9.2094357e+02
  -9.2146403e+02
  -9.2182314e+02
  -9.2252043e+02
  -9.2317598e+02
  -9.2355000e+02
  -9.2427670e+02
  -9.2493633e+02
  -9.2534071e+02
  -9.2610116e+02
  -9.2657248e+02
  -9.2686330e+02
  -9.2765233e+02
  -9.2826695e+02
  -9.2869808e+02
  -9.2931590e+02
  -9.2978938e+02
  -9.3035335e+02
  -9.3098433e+02
  -9.3154436e+02
  -9.3221311e+02
  -9.3274277e+02
  -9.3325623e+02
  -9.3392785e+02
  -9.3440733e+02
  -9.3484640e+02
  -9.3549705e+02
  -9.3616376e+02
  -9.3672711e+02
  -9.3716676e+02
  -9.3770354e+02
  -9.3828684e+02
  -9.3885938e+02
  -9.3949507e+02
  -9.4002039e+02
  -9.4052693e+02
  -9.4115878e+02
  -9.4161157e+02
  -9.4198955e+02
  -9.4263487e+02
  -9.4328102e+02
  -9.4382629e+02
  -9.4447214e+02
  -9.4506390e+02
  -9.4549227e+02
  -9.4618673e+02
  -9.4689981e+02
  -9.4724719e+02
  -9.4783560e+02
  -9.4860627e+02
  -9.4911124e+02
  -9.4963052e+02
  -9.5032857e+02
  -9.5096351e+02
  -9.5163108e+02
  -9.5223669e+02
  -9.5266009e+02
  -9.5323250e+02
  -9.5386100e+02
  -9.5443728e+02
  -9.5498892e+02
  -9.5546371e+02
  -9.5603136e+02
  -9.5663147e+02
  -9.5717734e+02
  -9.5785226e+02
  -9.5849110e+02
  -9.5893716e+02
  -9.5950093e+02
  -9.6012175e+02
  -9.6062918e+02
  -9.6109017e+02
  -9.6162850e+02
  -9.6227959e+02
  -9.6289871e+02
  -9.6349393e+02
  -9.6411290e+02
  -9.6462104e+02
  -9.6520319e+02
  -9.6582686e+02
  -9.6636339e+02
  -9.6699282e+02
  -9.6760671e+02
  -9.6824074e+02
  -9.6888346e+02
  -9.6918501e+02
  -9.6982933e+02
  -9.7074245e+02
  -9.7144778e+02
  -9.7179297e+02
  -9.7230094e+02
  -9.7284143e+02
  -9.7341948e+02
  -9.7412329e+02
  -9.7476820e+02
  -9.7533038e+02
  -9.7611342e+02
  -9.7691575e+02
  -9.7733115e+02
  -9.7792965e+02
  -9.7856180e+02
  -9.7869007e+02
  -9.7941812e+02
  -9.8005834e+02
  -9.8063482e+02
  -9.8151819e+02
  -9.8187025e+02
  -9.8252930e+02
  -9.8342218e+02
  -9.8413504e+02
  -9.8508265e+02
  -9.8496943e+02
  -9.8512306e+02
  -9.8651640e+02
  -9.8764690e+02
  -9.8796951e+02
  -9.8864921e+02
  -9.8933786e+02
  -9.8997601e+02
  -9.9039632e+02
  -9.9082828e+02
  -9.9176578e+02
  -9.9257585e+02
  -9.9239011e+02
  -9.9311477e+02
  -9.9407096e+02
  -9.9496666e+02
  -9.9549888e+02
  -9.9597951e+02
  -9.9676099e+02
  -9.9738750e+02
  -9.9792682e+02
  -9.9866826e+02
  -9.9924473e+02
  -9.9958763e+02
  -1.0001675e+03
  -1.0010172e+03
  -1.0018801e+03
  -1.0024226e+03
  -1.0029826e+03
  -1.0037806e+03
  -1.0043495e+03
  -1.0045900e+03
  -1.0053008e+03
  -1.0061884e+03
  -1.0068702e+03
  -1.0074051e+03
  -1.0079952e+03
  -1.0085406e+03
  -1.0093512e+03
  -1.0101471e+03
  -1.0103153e+03
  -1.0109936e+03
  -1.0118581e+03
  -1.0123373e+03
  -1.0129995e+03
  -1.0137296e+03
  -1.0141966e+03
  -1.0148296e+03
  -1.0154399e+03
  -1.0159525e+03
  -1.0164904e+03
  -1.0169063e+03
  -1.0175698e+03
  -1.0182895e+03
  -1.0187701e+03
  -1.0192230e+03
  -1.0198168e+03
  -1.0205143e+03
  -1.0210332e+03
  -1.0215100e+03
  -1.0221394e+03
  -1.0224870e+03
  -1.0229739e+03
  -1.0234732e+03
  -1.0237751e+03
  -1.0245561e+03
  -1.0252091e+03
  -1.0256144e+03
  -1.0262755e+03
  -1.0267094e+03
  -1.0273070e+03
  -1.0281000e+03
  -1.0286690e+03
  -1.0290705e+03
  -1.0295919e+03
  -1.0300841e+03
  -1.0305431e+03
  -1.0311231e+03
  -1.0316586e+03
  -1.0321762e+03
  -1.0329639e+03
  -1.0335451e+03
  -1.0337630e+03
  -1.0345096e+03
  -1.0352178e+03
  -1.0356519e+03
  -1.0363142e+03
  -1.0369262e+03
  -1.0372858e+03
  -1.0379181e+03
  -1.0386323e+03
  -1.0391633e+03
  -1.0395614e+03
  -1.0401168e+03
  -1.0407255e+03
  -1.0412630e+03
  -1.0418909e+03
  -1.0425555e+03
  -1.0430724e+03
  -1.0436302e+03
  -1.0442877e+03
  -1.0448346e+03
  -1.0454229e+03
  -1.0461438e+03
  -1.0467664e+03
  -1.0472821e+03
  -1.0478939e+03
  -1.0484564e+03
  -1.0489687e+03
  -1.0495871e+03
  -1.0501276e+03
  -1.0506352e+03
  -1.0513176e+03
  -1.0519929e+03
  -1.0524600e+03
  -1.0529696e+03
  -1.0536222e+03
  -1.0541134e+03
  -1.0545234e+03
  -1.0550908e+03
  -1.0556594e+03
  -1.0562902e+03
  -1.0567807e+03
  -1.0571186e+03
  -1.0578493e+03
  -1.0584480e+03
  -1.0585941e+03
  -1.0590627e+03
  -1.0595878e+03
  -1.0601511e+03
  -1.0607806e+03
  -1.0613274e+03
  -1.0618680e+03
  -1.0624474e+03
  -1.0628704e+03
  -1.0633934e+03
  -1.0641137e+03
  -1.0646226e+03
  -1.0649367e+03
  -1.0655025e+03
  -1.0660184e+03
  -1.0665399e+03
  -1.0672360e+03
  -1.0679673e+03
  -1.0686353e+03
  -1.0691640e+03
  -1.0697288e+03
  -1.0704802e+03
  -1.0711201e+03
  -1.0715947e+03
  -1.0721785e+03
  -1.0726938e+03
  -1.0733451e+03
  -1.0740399e+03
  -1.0735821e+03
  -1.0745380e+03
  -1.0762190e+03
  -1.0791534e+03
  -1.0806570e+03
  -1.0811095e+03
  -1.0815741e+03
  -1.0818371e+03
  -1.0823032e+03
  -1.0833807e+03
  -1.0838712e+03
  -1.0836657e+03
  -1.0847038e+03
  -1.0854031e+03
  -1.0853596e+03
  -1.0860122e+03
  -1.0864077e+03
  -1.0868983e+03
  -1.0873533e+03
  -1.0876842e+03
  -1.0884964e+03
  -1.0893389e+03
  -1.0899668e+03
  -1.0901279e+03
  -1.0908056e+03
  -1.0916870e+03
  -1.0917356e+03
  -1.0922749e+03
  -1.0933084e+03
  -1.0942305e+03
  -1.0946906e+03
  -1.0949500e+03
  -1.0957216e+03
  -1.0965009e+03
  -1.0968151e+03
  -1.0974553e+03
  -1.0983405e+03
  -1.0989863e+03
  -1.0995872e+03
  -1.1002347e+03
  -1.1006577e+03
  -1.1013900e+03
  -1.1021563e+03
  -1.1025531e+03
  -1.1030822e+03
  -1.1037817e+03
  -1.1043184e+03
  -1.1047830e+03
  -1.1053490e+03
  -1.1060428e+03
  -1.1067193e+03
  -1.1070847e+03
  -1.1075884e+03
  -1.1081996e+03
  -1.1087030e+03
  -1.1093829e+03
  -1.1100008e+03
  -1.1103814e+03
  -1.1109333e+03
  -1.1114829e+03
  -1.1120615e+03
  -1.1127131e+03
  -1.1132910e+03
  -1.1140054e+03
  -1.1147117e+03
  -1.1149978e+03
  -1.1154849e+03
  -1.1161852e+03
  -1.1167210e+03
  -1.1171818e+03
  -1.1178011e+03
  -1.1184905e+03
  -1.1190722e+03
  -1.1197198e+03
  -1.1204282e+03
  -1.1208411e+03
  -1.1213670e+03
  -1.1221429e+03
  -1.1227797e+03
  -1.1232415e+03
  -1.1238350e+03
  -1.1244068e+03
  -1.1249173e+03
  -1.1255634e+03
  -1.1262463e+03
  -1.1268830e+03
  -1.1274595e+03
  -1.1277741e+03
  -1.1282071e+03
  -1.1288956e+03
  -1.1294053e+03
  -1.1298703e+03
  -1.1305881e+03
  -1.1312383e+03
  -1.1317590e+03
  -1.1323999e+03
  -1.1329770e+03
  -1.1333012e+03
  -1.1337967e+03
  -1.1344545e+03
  -1.1350055e+03
  -1.1355683e+03
  -1.1361779e+03
  -1.1366115e+03
  -1.1372343e+03
  -1.1380021e+03
