   3.1415927e+00
   1.5470408e+00
  -9.2751049e-01
   1.8924709e+00
  -2.7364353e-01
   2.1205602e+00
   5.2435968e+00
   3.2967659e+00
   3.6259146e+00
   3.0094152e+00
   2.7337728e+00
   2.8329401e+00
   2.3383884e+00
   2.3249734e+00
   1.8044772e+00
   2.2706986e+00
   2.1289922e+00
   1.7962249e+00
   1.9259186e+00
   1.9001277e+00
   1.4309901e+00
   1.3503523e+00
   1.7909514e+00
   1.2591203e+00
   1.1984535e+00
   1.3987967e+00
   8.7305052e-01
   6.8737493e-01
   2.9817575e-01
   3.0669210e-02
  -9.4253980e-02
  -5.6478078e-01
  -9.2276191e-01
  -1.2435571e+00
  -1.5315529e+00
  -1.9633779e+00
  -2.4348917e+00
  -2.6538795e+00
  -2.9741330e+00
  -3.3386782e+00
  -3.8205643e+00
  -4.4417500e+00
  -5.0780656e+00
  -5.8337147e+00
  -6.6636843e+00
  -6.4350502e+00
  -6.0718032e+00
  -6.5771347e+00
  -7.0637974e+00
  -7.6623338e+00
  -8.1482199e+00
  -8.5677139e+00
  -9.0535849e+00
  -9.4751783e+00
  -9.8674419e+00
  -1.0177857e+01
  -1.0478065e+01
  -1.0785604e+01
  -1.1013053e+01
  -1.1288404e+01
  -1.1511985e+01
  -1.1779720e+01
  -1.1961636e+01
  -1.2164464e+01
  -1.2413029e+01
  -1.2613069e+01
  -1.2790996e+01
  -1.3123654e+01
  -1.3233605e+01
  -1.3251075e+01
  -1.3645625e+01
  -1.3687614e+01
  -1.3980695e+01
  -1.3954350e+01
  -1.4207394e+01
  -1.4427021e+01
  -1.4523683e+01
  -1.4472865e+01
  -1.4593465e+01
  -1.4917966e+01
  -1.4839900e+01
  -1.5158350e+01
  -1.5185738e+01
  -1.5624428e+01
  -1.5793197e+01
  -1.6034409e+01
  -1.6096505e+01
  -1.6283715e+01
  -1.6711638e+01
  -1.7051719e+01
  -1.7706014e+01
  -1.8124646e+01
  -1.8324889e+01
  -1.7877880e+01
  -1.7932500e+01
  -1.6789846e+01
  -1.7500526e+01
  -1.7570853e+01
  -1.7822527e+01
  -1.8183403e+01
  -1.8320240e+01
  -1.8754106e+01
  -1.8393468e+01
  -1.9083554e+01
  -1.9040490e+01
  -1.9113729e+01
  -1.8271249e+01
  -1.8950809e+01
  -1.8791279e+01
  -1.9240430e+01
  -1.9255512e+01
  -1.9583004e+01
  -1.9197036e+01
  -1.9600760e+01
  -2.0412145e+01
  -2.0808067e+01
  -2.1186856e+01
  -2.1237824e+01
  -2.1870162e+01
  -2.2000089e+01
  -2.2112675e+01
  -2.3293672e+01
  -2.4083962e+01
  -2.5733847e+01
  -2.7032624e+01
  -2.6554611e+01
  -2.7220741e+01
  -2.7578393e+01
  -2.7746231e+01
  -2.8284550e+01
  -2.8448645e+01
  -2.9093549e+01
  -2.9159934e+01
  -2.9525521e+01
  -3.0248390e+01
  -3.0712878e+01
  -3.1510382e+01
  -3.2535075e+01
  -3.3444663e+01
  -3.4182813e+01
  -3.5110319e+01
  -3.6087561e+01
  -3.6980722e+01
  -3.8193366e+01
  -3.8972557e+01
  -3.9326936e+01
  -4.0028875e+01
  -4.0261268e+01
  -4.0659849e+01
  -4.0975438e+01
  -4.1259400e+01
  -4.1701744e+01
  -4.1868410e+01
  -4.2332572e+01
  -4.2265342e+01
  -4.2790050e+01
  -4.2871714e+01
  -4.2999477e+01
  -4.2977499e+01
  -4.3228390e+01
  -4.3565561e+01
  -4.3585290e+01
  -4.4359838e+01
  -4.3701297e+01
  -4.4772833e+01
  -4.3715558e+01
  -4.4906696e+01
  -4.2571864e+01
  -4.3951456e+01
  -4.3229455e+01
  -4.4340028e+01
  -4.4133163e+01
  -4.4461154e+01
  -4.5305830e+01
  -4.5581701e+01
  -4.6531591e+01
  -4.5602662e+01
  -4.6421259e+01
  -4.7303931e+01
  -4.7389983e+01
  -4.8034480e+01
  -4.8050112e+01
  -4.8157414e+01
  -4.8629437e+01
  -4.9507010e+01
  -4.8780860e+01
  -4.9535176e+01
  -5.0681282e+01
  -5.0833497e+01
  -5.1305232e+01
  -5.1339833e+01
  -5.1962331e+01
  -5.2912136e+01
  -5.2731373e+01
  -5.3150008e+01
  -5.2845562e+01
  -5.3824085e+01
  -5.4288877e+01
  -5.3961527e+01
  -5.4334599e+01
  -5.4265962e+01
  -5.4466357e+01
  -5.4377602e+01
  -5.5066677e+01
  -5.4603152e+01
  -5.5172560e+01
  -5.5236782e+01
  -5.5893211e+01
  -5.6316437e+01
  -5.6312470e+01
  -5.7114903e+01
  -5.5630404e+01
  -5.5912878e+01
  -5.6220400e+01
  -5.7111224e+01
  -5.6035821e+01
  -5.6996414e+01
  -5.6358062e+01
  -5.6821457e+01
  -5.6948572e+01
  -5.7552316e+01
  -5.8117073e+01
  -5.8270847e+01
  -5.9128409e+01
  -5.9959451e+01
  -6.0302524e+01
  -6.0982586e+01
  -6.1690110e+01
  -6.0581439e+01
  -6.1286776e+01
  -6.1807805e+01
  -6.2176392e+01
  -6.2546752e+01
  -6.2898867e+01
  -6.3357649e+01
  -6.3537103e+01
  -6.3470299e+01
  -6.3854581e+01
  -6.3991446e+01
  -6.4010021e+01
  -6.3566206e+01
  -6.4153716e+01
  -6.4229345e+01
  -6.4155475e+01
  -6.4732491e+01
  -6.5058644e+01
  -6.5672709e+01
  -6.5812022e+01
  -6.5803728e+01
  -6.5748076e+01
  -6.6489008e+01
  -6.7485898e+01
  -6.6161488e+01
  -6.6548878e+01
  -6.7277261e+01
  -6.8257402e+01
  -6.6791458e+01
  -6.7451774e+01
  -6.7321079e+01
  -6.8099313e+01
  -6.9681302e+01
  -6.6633442e+01
  -6.7683775e+01
  -6.8398917e+01
  -6.9339643e+01
  -6.6922606e+01
  -6.8152700e+01
  -6.9454190e+01
  -7.0712664e+01
  -6.9737920e+01
  -7.1276471e+01
  -7.2921734e+01
  -7.1223573e+01
  -7.2716556e+01
  -7.3858097e+01
  -7.4286368e+01
  -7.5234637e+01
  -7.2728217e+01
  -7.4186542e+01
  -7.2820544e+01
  -7.3143813e+01
  -7.3610273e+01
  -7.4627858e+01
  -7.5332199e+01
  -7.5235587e+01
  -7.5856817e+01
  -7.6511606e+01
  -7.7527889e+01
  -7.8958363e+01
  -8.0811423e+01
  -8.2062260e+01
  -8.3368781e+01
  -8.4315069e+01
  -8.4581325e+01
  -8.5785503e+01
  -8.7889048e+01
  -8.9996786e+01
  -8.9807684e+01
  -9.0733275e+01
  -9.1051285e+01
  -9.1687949e+01
  -9.2636224e+01
  -9.2938425e+01
  -9.2225175e+01
  -9.2289801e+01
  -9.3211156e+01
  -9.4691571e+01
  -9.6790627e+01
  -9.7647407e+01
  -9.8319266e+01
  -9.8742266e+01
  -9.8888802e+01
  -9.9401526e+01
  -1.0013222e+02
  -1.0069360e+02
  -1.0136209e+02
  -1.0221184e+02
  -1.0171957e+02
  -1.0218603e+02
  -1.0290848e+02
  -1.0336342e+02
  -1.0409742e+02
  -1.0391770e+02
  -1.0420383e+02
  -1.0442103e+02
  -1.0471196e+02
  -1.0539161e+02
  -1.0504438e+02
  -1.0583096e+02
  -1.0454732e+02
  -1.0620124e+02
  -1.0386672e+02
  -1.0514046e+02
  -1.0534287e+02
  -1.0564103e+02
  -1.0487242e+02
  -1.0565058e+02
  -1.0403542e+02
  -1.0508859e+02
  -1.0604777e+02
  -1.0696272e+02
  -1.0978941e+02
  -1.1212332e+02
  -1.1332704e+02
  -1.1370771e+02
  -1.1421814e+02
  -1.1474161e+02
  -1.1502329e+02
  -1.1580286e+02
  -1.1649710e+02
  -1.1744413e+02
  -1.1847576e+02
  -1.1691895e+02
  -1.1729074e+02
  -1.1753563e+02
  -1.1838989e+02
  -1.1835582e+02
  -1.1922842e+02
  -1.2007486e+02
  -1.1982262e+02
  -1.2127114e+02
  -1.2290033e+02
  -1.2062381e+02
  -1.2165265e+02
  -1.2246742e+02
  -1.2358618e+02
  -1.2431976e+02
  -1.2523827e+02
  -1.2219659e+02
  -1.2418346e+02
  -1.2563890e+02
  -1.2488483e+02
  -1.2592590e+02
  -1.2571929e+02
  -1.2712876e+02
  -1.2873699e+02
  -1.2906110e+02
  -1.3001419e+02
  -1.3282758e+02
  -1.3483694e+02
  -1.3587068e+02
  -1.3584010e+02
  -1.3692483e+02
  -1.3723968e+02
  -1.3778382e+02
  -1.3511532e+02
  -1.3715977e+02
  -1.3846831e+02
  -1.3780648e+02
  -1.3934295e+02
  -1.3686870e+02
  -1.3899372e+02
  -1.3759331e+02
  -1.3910044e+02
  -1.4032391e+02
  -1.4120027e+02
  -1.4230044e+02
  -1.4356195e+02
  -1.4470051e+02
  -1.4595839e+02
  -1.4731389e+02
  -1.4698275e+02
  -1.4739636e+02
  -1.4781861e+02
  -1.4842902e+02
  -1.4957227e+02
  -1.5014157e+02
  -1.5015810e+02
  -1.4942343e+02
  -1.5030930e+02
  -1.5277068e+02
  -1.5467596e+02
  -1.5454512e+02
  -1.5533818e+02
  -1.5658814e+02
  -1.5468947e+02
  -1.5527854e+02
  -1.5603125e+02
  -1.5718071e+02
  -1.5771500e+02
  -1.5721657e+02
  -1.5764921e+02
  -1.5857144e+02
  -1.5999330e+02
  -1.6185392e+02
  -1.5871343e+02
  -1.5937459e+02
  -1.6047414e+02
  -1.6126577e+02
  -1.6093685e+02
  -1.6251948e+02
  -1.6010824e+02
  -1.6164557e+02
  -1.6015470e+02
  -1.6118143e+02
  -1.6136175e+02
  -1.6207451e+02
  -1.6276453e+02
  -1.6215443e+02
  -1.6299926e+02
  -1.6265413e+02
  -1.6384528e+02
  -1.6415906e+02
  -1.6406330e+02
  -1.6535136e+02
  -1.6548576e+02
  -1.6660289e+02
  -1.6798163e+02
  -1.6815820e+02
  -1.6844585e+02
  -1.6927175e+02
  -1.6946202e+02
  -1.7061918e+02
  -1.7089611e+02
  -1.7235000e+02
  -1.7376759e+02
  -1.7495400e+02
  -1.7754338e+02
  -1.7875400e+02
  -1.7969050e+02
  -1.8009571e+02
  -1.8072626e+02
  -1.7904399e+02
  -1.7994015e+02
  -1.8055284e+02
  -1.8103848e+02
  -1.8176767e+02
  -1.8170475e+02
  -1.8140362e+02
  -1.8159942e+02
  -1.8259283e+02
  -1.8336699e+02
  -1.8394855e+02
  -1.8519100e+02
  -1.8670403e+02
  -1.8929824e+02
  -1.9055705e+02
  -1.9177927e+02
  -1.9280839e+02
  -1.9332143e+02
  -1.9421501e+02
  -1.9544457e+02
  -1.9656518e+02
  -1.9777286e+02
  -1.9889946e+02
  -1.9952202e+02
  -2.0063256e+02
  -2.0245716e+02
  -2.0409528e+02
  -2.0502097e+02
  -2.0618434e+02
  -2.0738052e+02
  -2.0791629e+02
  -2.0862521e+02
  -2.0963291e+02
  -2.0987880e+02
  -2.1059280e+02
  -2.1121044e+02
  -2.1128872e+02
  -2.1208815e+02
  -2.1245996e+02
  -2.1245426e+02
  -2.1225468e+02
  -2.1223028e+02
  -2.1265172e+02
  -2.1348241e+02
  -2.1436343e+02
  -2.1490831e+02
  -2.1580495e+02
  -2.1547189e+02
  -2.1574162e+02
  -2.1675349e+02
  -2.1704076e+02
  -2.1798435e+02
  -2.1909519e+02
  -2.1923343e+02
  -2.1617018e+02
  -2.1763814e+02
  -2.1874710e+02
  -2.1854190e+02
  -2.1770793e+02
  -2.1813294e+02
  -2.1904816e+02
  -2.1966248e+02
  -2.2090848e+02
  -2.2267391e+02
  -2.2440741e+02
  -2.2200489e+02
  -2.2250348e+02
  -2.2359243e+02
  -2.2479286e+02
  -2.2493956e+02
  -2.2480399e+02
  -2.2429901e+02
  -2.2516154e+02
  -2.2526148e+02
  -2.2588709e+02
  -2.2743149e+02
  -2.2528016e+02
  -2.2758904e+02
  -2.3066239e+02
  -2.3313684e+02
  -2.3490123e+02
  -2.3584948e+02
  -2.3669031e+02
  -2.3945158e+02
  -2.4144133e+02
  -2.4251897e+02
  -2.4326712e+02
  -2.4565842e+02
  -2.4812568e+02
  -2.4914685e+02
  -2.4996538e+02
  -2.5113074e+02
  -2.4864299e+02
  -2.5000474e+02
  -2.5011008e+02
  -2.5133998e+02
  -2.5291583e+02
  -2.5400773e+02
  -2.5465514e+02
  -2.5604425e+02
  -2.5339844e+02
  -2.5546741e+02
  -2.5411784e+02
  -2.5551197e+02
  -2.5677919e+02
  -2.5582346e+02
  -2.5659463e+02
  -2.5685038e+02
  -2.5745484e+02
  -2.5676775e+02
  -2.5745944e+02
  -2.5696652e+02
  -2.5807427e+02
  -2.5955285e+02
  -2.6070968e+02
  -2.6172122e+02
  -2.6336279e+02
  -2.6490202e+02
  -2.6589117e+02
  -2.6660307e+02
  -2.6685565e+02
  -2.6709186e+02
  -2.6797036e+02
  -2.6829023e+02
  -2.6871785e+02
  -2.6934720e+02
  -2.6943052e+02
  -2.6783327e+02
  -2.6862278e+02
  -2.6973915e+02
  -2.7037005e+02
  -2.7099093e+02
  -2.7211687e+02
  -2.7044561e+02
  -2.7166686e+02
  -2.7235815e+02
  -2.7519823e+02
  -2.7712258e+02
  -2.7851631e+02
  -2.7944894e+02
  -2.8002780e+02
  -2.7967986e+02
  -2.7988668e+02
  -2.8112265e+02
  -2.8144029e+02
  -2.8135936e+02
  -2.8200286e+02
  -2.8178584e+02
  -2.8248163e+02
  -2.8304779e+02
  -2.8413703e+02
  -2.8542922e+02
  -2.8369901e+02
  -2.8436781e+02
  -2.8441866e+02
  -2.8512562e+02
  -2.8555947e+02
  -2.8631820e+02
  -2.8697777e+02
  -2.8758037e+02
  -2.8877415e+02
  -2.9054387e+02
  -2.9247491e+02
  -2.9305151e+02
  -2.9464199e+02
  -2.9248141e+02
  -2.9426309e+02
  -2.9645022e+02
  -2.9856028e+02
  -2.9938513e+02
  -3.0014139e+02
  -2.9991977e+02
  -3.0070888e+02
  -2.9916493e+02
  -3.0075330e+02
  -3.0333393e+02
  -3.0552114e+02
  -3.0611359e+02
  -3.0667937e+02
  -3.0802665e+02
  -3.0920092e+02
  -3.0912374e+02
  -3.0852106e+02
  -3.0906173e+02
  -3.1020874e+02
  -3.1104422e+02
  -3.1165791e+02
  -3.1197219e+02
  -3.1151467e+02
  -3.1236129e+02
  -3.1244082e+02
  -3.1314184e+02
  -3.1406224e+02
  -3.1483213e+02
  -3.1608990e+02
  -3.1687847e+02
  -3.1728687e+02
  -3.1823279e+02
  -3.1745398e+02
  -3.1835880e+02
  -3.1875581e+02
  -3.1942461e+02
  -3.2074394e+02
  -3.1924510e+02
  -3.2073958e+02
  -3.2203610e+02
  -3.2245483e+02
  -3.2394157e+02
  -3.2555478e+02
  -3.2709500e+02
  -3.2535307e+02
  -3.2563654e+02
  -3.2678847e+02
  -3.2835662e+02
  -3.2938920e+02
  -3.3016405e+02
  -3.3144529e+02
  -3.3277578e+02
  -3.3409992e+02
  -3.3573905e+02
  -3.3737581e+02
  -3.3551032e+02
  -3.3704423e+02
  -3.3546077e+02
  -3.3670441e+02
  -3.3738340e+02
  -3.3774899e+02
  -3.3888781e+02
  -3.3697581e+02
  -3.3764427e+02
  -3.3718795e+02
  -3.3813919e+02
  -3.3879367e+02
  -3.3951801e+02
  -3.4039057e+02
  -3.4031477e+02
  -3.4060813e+02
  -3.4049919e+02
  -3.4144137e+02
  -3.4225540e+02
  -3.4283076e+02
  -3.4381632e+02
  -3.4454318e+02
  -3.4382529e+02
  -3.4318148e+02
  -3.4394252e+02
  -3.4486898e+02
  -3.4478686e+02
  -3.4594521e+02
  -3.4761335e+02
  -3.4760612e+02
  -3.4879182e+02
  -3.5030496e+02
  -3.5124792e+02
  -3.5044522e+02
  -3.5172487e+02
  -3.5326564e+02
  -3.5473028e+02
  -3.5555252e+02
  -3.5600064e+02
  -3.5702500e+02
  -3.5801047e+02
  -3.5847902e+02
  -3.5692226e+02
  -3.5817546e+02
  -3.5660166e+02
  -3.5841237e+02
  -3.6037814e+02
  -3.6223082e+02
  -3.6121120e+02
  -3.6416234e+02
  -3.6632150e+02
  -3.6739426e+02
  -3.6762408e+02
  -3.6880504e+02
  -3.7023470e+02
  -3.6848028e+02
  -3.7026236e+02
  -3.6720705e+02
  -3.6819029e+02
  -3.6697648e+02
  -3.6715136e+02
  -3.6837629e+02
  -3.6949128e+02
  -3.6951510e+02
  -3.7042398e+02
  -3.7200726e+02
  -3.7379580e+02
  -3.7530997e+02
  -3.7691645e+02
  -3.7439346e+02
  -3.7681180e+02
  -3.7958216e+02
  -3.7821710e+02
  -3.7979607e+02
  -3.8109950e+02
  -3.8111414e+02
  -3.8181369e+02
  -3.8062518e+02
  -3.8170792e+02
  -3.8310104e+02
  -3.8173981e+02
  -3.8334960e+02
  -3.8164878e+02
  -3.8363017e+02
  -3.8607780e+02
  -3.8437037e+02
  -3.8633713e+02
  -3.8796166e+02
  -3.8942687e+02
  -3.9139987e+02
  -3.9275969e+02
  -3.9394888e+02
  -3.9313390e+02
  -3.9383974e+02
  -3.9450942e+02
  -3.9528228e+02
  -3.9623444e+02
  -3.9432767e+02
  -3.9448233e+02
  -3.9552335e+02
  -3.9727699e+02
  -3.9956463e+02
  -3.9880510e+02
  -4.0066354e+02
  -4.0275299e+02
  -4.0513962e+02
  -4.0431418e+02
  -4.0586621e+02
  -4.0730057e+02
  -4.0816917e+02
  -4.0910223e+02
  -4.1075216e+02
  -4.1211294e+02
  -4.1254990e+02
  -4.1393071e+02
  -4.1530326e+02
  -4.1627677e+02
  -4.1740560e+02
  -4.1817031e+02
  -4.1754020e+02
  -4.1815402e+02
  -4.1839473e+02
  -4.1950329e+02
  -4.2014275e+02
  -4.1922934e+02
  -4.2040555e+02
  -4.1921901e+02
  -4.2044500e+02
  -4.2084301e+02
  -4.2099752e+02
  -4.2160275e+02
  -4.2140543e+02
  -4.2317346e+02
  -4.2429208e+02
  -4.2383983e+02
  -4.2469501e+02
  -4.2563700e+02
  -4.2813069e+02
  -4.3021223e+02
  -4.3127489e+02
  -4.3129569e+02
  -4.3231806e+02
  -4.3330818e+02
  -4.3375692e+02
  -4.3449233e+02
  -4.3484975e+02
  -4.3564603e+02
  -4.3818307e+02
  -4.3534784e+02
  -4.3683632e+02
  -4.3620190e+02
  -4.3679062e+02
  -4.3717655e+02
  -4.3718348e+02
  -4.3793788e+02
  -4.3818487e+02
  -4.3875607e+02
  -4.3944087e+02
  -4.3992898e+02
  -4.3937984e+02
  -4.4031121e+02
  -4.3767608e+02
  -4.3954104e+02
  -4.4123296e+02
  -4.3905792e+02
  -4.4073561e+02
  -4.4202477e+02
  -4.4345530e+02
  -4.4498810e+02
  -4.4610292e+02
  -4.4646826e+02
  -4.4746749e+02
  -4.4794671e+02
  -4.4822468e+02
  -4.4964570e+02
  -4.4716380e+02
  -4.4880758e+02
  -4.4986626e+02
  -4.5041929e+02
  -4.4939082e+02
  -4.5032212e+02
  -4.5065196e+02
  -4.5073580e+02
  -4.5247099e+02
  -4.4977638e+02
  -4.5162226e+02
  -4.5103062e+02
  -4.5246281e+02
  -4.5464758e+02
  -4.5622881e+02
  -4.5712346e+02
  -4.5853463e+02
  -4.6029570e+02
  -4.6153751e+02
  -4.6202395e+02
  -4.6285876e+02
  -4.6322430e+02
  -4.6404763e+02
  -4.6589438e+02
  -4.6787118e+02
  -4.6846760e+02
  -4.6906205e+02
  -4.6995888e+02
  -4.7070304e+02
  -4.7383908e+02
  -4.7558924e+02
  -4.7701686e+02
  -4.7716523e+02
  -4.7786598e+02
  -4.8051199e+02
  -4.8289358e+02
  -4.8460141e+02
  -4.8420186e+02
  -4.8634929e+02
  -4.8813791e+02
  -4.8895122e+02
  -4.8973076e+02
  -4.9124576e+02
  -4.9258230e+02
  -4.9277191e+02
  -4.9364928e+02
  -4.9352974e+02
  -4.9399523e+02
  -4.9515381e+02
  -4.9433397e+02
  -4.9649025e+02
  -4.9898444e+02
  -5.0014982e+02
  -5.0063590e+02
  -5.0116997e+02
  -5.0217818e+02
  -5.0440160e+02
  -5.0639068e+02
  -5.0753766e+02
  -5.0740176e+02
  -5.0762024e+02
  -5.0774875e+02
  -5.0835462e+02
  -5.0814660e+02
  -5.0930442e+02
  -5.1104379e+02
  -5.1296238e+02
  -5.1220163e+02
  -5.1365483e+02
  -5.1503461e+02
  -5.1575486e+02
  -5.1678147e+02
  -5.1801774e+02
  -5.1866835e+02
  -5.1881554e+02
  -5.1883816e+02
  -5.1924252e+02
  -5.2021066e+02
  -5.1920634e+02
  -5.2030778e+02
  -5.1802399e+02
  -5.1932186e+02
  -5.2023450e+02
  -5.2140571e+02
  -5.2339367e+02
  -5.2511768e+02
  -5.2529484e+02
  -5.2625731e+02
  -5.2710675e+02
  -5.2752296e+02
  -5.2799576e+02
  -5.2870923e+02
  -5.2967075e+02
  -5.3015050e+02
  -5.3047336e+02
  -5.3137314e+02
  -5.3149255e+02
  -5.3158159e+02
  -5.3097472e+02
  -5.3194339e+02
  -5.3300011e+02
  -5.3246172e+02
  -5.3285373e+02
  -5.3360812e+02
  -5.3488413e+02
  -5.3660987e+02
  -5.3758708e+02
  -5.3775093e+02
  -5.3798107e+02
  -5.3843262e+02
  -5.3916880e+02
  -5.3924448e+02
  -5.4000833e+02
  -5.4004265e+02
  -5.3996221e+02
  -5.4093571e+02
  -5.4063748e+02
  -5.4176939e+02
  -5.4296076e+02
  -5.4321889e+02
  -5.4369618e+02
  -5.4397584e+02
  -5.4477424e+02
  -5.4605733e+02
  -5.4718698e+02
  -5.4807023e+02
  -5.4987099e+02
  -5.5109147e+02
  -5.5176990e+02
  -5.5291111e+02
  -5.5434749e+02
  -5.5553348e+02
  -5.5668999e+02
  -5.5970878e+02
  -5.6146316e+02
  -5.6237772e+02
  -5.6287512e+02
  -5.6361142e+02
  -5.6365605e+02
  -5.6411105e+02
  -5.6478806e+02
  -5.6434374e+02
  -5.6515853e+02
  -5.6573853e+02
  -5.6634059e+02
  -5.6769723e+02
  -5.6567076e+02
  -5.6701919e+02
  -5.6785630e+02
  -5.6796665e+02
  -5.6866512e+02
  -5.6964822e+02
  -5.7062206e+02
  -5.7145752e+02
  -5.7296466e+02
  -5.7487781e+02
  -5.7600554e+02
  -5.7693199e+02
  -5.7790778e+02
  -5.7880145e+02
  -5.7964302e+02
  -5.8106625e+02
  -5.7881643e+02
  -5.7915794e+02
  -5.7933583e+02
  -5.8061563e+02
  -5.8144645e+02
  -5.8107214e+02
  -5.8149395e+02
  -5.8123572e+02
  -5.8219427e+02
  -5.8207107e+02
  -5.8265937e+02
  -5.8298028e+02
  -5.8263267e+02
  -5.8381859e+02
  -5.8440492e+02
  -5.8542521e+02
  -5.8748668e+02
  -5.8957337e+02
  -5.8742104e+02
  -5.8831910e+02
  -5.8794090e+02
  -5.8910333e+02
  -5.8993704e+02
  -5.9073004e+02
  -5.9266738e+02
  -5.9471375e+02
  -5.9556396e+02
  -5.9699085e+02
  -5.9951508e+02
  -6.0136691e+02
  -5.9885706e+02
  -6.0068022e+02
  -6.0126486e+02
  -6.0147701e+02
  -6.0308669e+02
  -6.0046549e+02
  -6.0192184e+02
  -6.0293820e+02
  -6.0187069e+02
  -6.0359036e+02
  -6.0601379e+02
  -6.0753606e+02
  -6.0869048e+02
  -6.0921652e+02
  -6.1013213e+02
  -6.1170666e+02
  -6.1145992e+02
  -6.1323765e+02
  -6.1527330e+02
  -6.1813236e+02
  -6.1936837e+02
  -6.1945834e+02
  -6.2018476e+02
  -6.2033953e+02
  -6.2129796e+02
  -6.2251732e+02
  -6.2303491e+02
  -6.2375717e+02
  -6.2516441e+02
  -6.2744361e+02
  -6.2967063e+02
  -6.3090974e+02
  -6.3225010e+02
  -6.3235555e+02
  -6.3226232e+02
  -6.3359766e+02
  -6.3183508e+02
  -6.3296334e+02
  -6.3374153e+02
  -6.3464861e+02
  -6.3612323e+02
  -6.3372718e+02
  -6.3528999e+02
  -6.3422564e+02
  -6.3544171e+02
  -6.3675712e+02
  -6.3796180e+02
  -6.3905567e+02
  -6.3972627e+02
  -6.4123705e+02
  -6.4310286e+02
  -6.4441009e+02
  -6.4396358e+02
  -6.4487794e+02
  -6.4573479e+02
  -6.4485144e+02
  -6.4426953e+02
  -6.4477942e+02
  -6.4550192e+02
  -6.4570067e+02
  -6.4624055e+02
  -6.4686038e+02
  -6.4701886e+02
  -6.4695474e+02
  -6.4800435e+02
  -6.4938603e+02
  -6.4762240e+02
  -6.4907524e+02
  -6.4915484e+02
  -6.4947897e+02
  -6.4977366e+02
  -6.5053099e+02
  -6.5187451e+02
  -6.5020684e+02
  -6.5163919e+02
  -6.5110059e+02
  -6.5192677e+02
  -6.5407925e+02
  -6.5720385e+02
  -6.5851270e+02
  -6.5833057e+02
  -6.5894348e+02
  -6.5843707e+02
  -6.5967710e+02
  -6.5980462e+02
  -6.6045826e+02
  -6.6202319e+02
  -6.6271692e+02
  -6.6345131e+02
  -6.6487523e+02
  -6.6197438e+02
  -6.6457427e+02
  -6.6269459e+02
  -6.6409179e+02
  -6.6449442e+02
  -6.6474360e+02
  -6.6612940e+02
  -6.6844969e+02
  -6.7011515e+02
  -6.7047034e+02
  -6.7174834e+02
  -6.7310816e+02
  -6.7463298e+02
  -6.7601508e+02
  -6.7669080e+02
  -6.7625346e+02
  -6.7712903e+02
  -6.7694452e+02
  -6.7744721e+02
  -6.7735374e+02
  -6.7765614e+02
  -6.7823513e+02
  -6.7844755e+02
  -6.7902648e+02
  -6.7849687e+02
  -6.7913229e+02
  -6.7988799e+02
  -6.8092598e+02
  -6.8270820e+02
  -6.8488035e+02
  -6.8762076e+02
  -6.8910576e+02
  -6.9015707e+02
  -6.8954982e+02
  -6.9042940e+02
  -6.9173092e+02
  -6.9009746e+02
  -6.9108790e+02
  -6.9130425e+02
  -6.9276871e+02
  -6.9448391e+02
  -6.9578153e+02
  -6.9617535e+02
  -6.9764406e+02
  -7.0025412e+02
  -7.0171701e+02
  -7.0250908e+02
  -7.0357617e+02
  -7.0462527e+02
  -7.0521606e+02
  -7.0673926e+02
  -7.0862190e+02
  -7.1012388e+02
  -7.1047151e+02
  -7.1164961e+02
  -7.1083299e+02
  -7.1236766e+02
  -7.1406157e+02
  -7.1527684e+02
  -7.1573083e+02
  -7.1751348e+02
  -7.1914321e+02
  -7.1996097e+02
  -7.2012101e+02
  -7.2092187e+02
  -7.2125252e+02
  -7.2190091e+02
  -7.2205417e+02
  -7.2201094e+02
  -7.2263055e+02
  -7.2339571e+02
  -7.2439196e+02
  -7.2427704e+02
  -7.2481320e+02
  -7.2604492e+02
  -7.2451416e+02
  -7.2563440e+02
  -7.2657314e+02
  -7.2645420e+02
  -7.2680511e+02
  -7.2776516e+02
  -7.2838467e+02
  -7.2836002e+02
  -7.2950712e+02
  -7.2821317e+02
  -7.2969948e+02
  -7.3147824e+02
  -7.3420286e+02
  -7.3705677e+02
  -7.3792518e+02
  -7.3791916e+02
  -7.3875938e+02
  -7.3979450e+02
  -7.4072857e+02
  -7.4031147e+02
  -7.4003594e+02
  -7.4056880e+02
  -7.4154617e+02
  -7.4200199e+02
  -7.4223249e+02
  -7.4345197e+02
  -7.4349121e+02
  -7.4373075e+02
  -7.4348207e+02
  -7.4442924e+02
  -7.4575085e+02
  -7.4461283e+02
  -7.4582869e+02
  -7.4725056e+02
  -7.4960648e+02
  -7.5060472e+02
  -7.5186109e+02
  -7.5008489e+02
  -7.5130829e+02
  -7.5180769e+02
  -7.5188210e+02
  -7.5218968e+02
  -7.5237750e+02
  -7.5351549e+02
  -7.5487520e+02
  -7.5696499e+02
  -7.5799239e+02
  -7.5921260e+02
  -7.5880649e+02
  -7.5876009e+02
  -7.5913374e+02
  -7.5948660e+02
  -7.5926021e+02
  -7.5909207e+02
  -7.5943992e+02
  -7.6016415e+02
  -7.6107589e+02
  -7.6121351e+02
  -7.6201473e+02
  -7.6300748e+02
  -7.6352258e+02
  -7.6437454e+02
  -7.6268574e+02
  -7.6379123e+02
  -7.6468345e+02
  -7.6522355e+02
  -7.6580004e+02
  -7.6536015e+02
  -7.6608011e+02
  -7.6601425e+02
  -7.6609529e+02
  -7.6656665e+02
  -7.6688311e+02
  -7.6781185e+02
  -7.6808961e+02
  -7.6866018e+02
  -7.6965792e+02
  -7.7003080e+02
  -7.7246047e+02
  -7.7473171e+02
  -7.7635362e+02
  -7.7720410e+02
  -7.7750604e+02
  -7.7862099e+02
  -7.7916909e+02
  -7.8002827e+02
  -7.7770090e+02
  -7.7924604e+02
  -7.7769526e+02
  -7.7927344e+02
  -7.8067678e+02
  -7.7954836e+02
  -7.8170954e+02
  -7.7882527e+02
  -7.8043174e+02
  -7.8160541e+02
  -7.8247798e+02
  -7.8287429e+02
  -7.8333001e+02
  -7.8470991e+02
  -7.8205763e+02
  -7.8363057e+02
  -7.8330261e+02
  -7.8430438e+02
  -7.8572239e+02
  -7.8420591e+02
  -7.8547171e+02
  -7.8620693e+02
  -7.8631933e+02
  -7.8658095e+02
  -7.8642426e+02
  -7.8711520e+02
  -7.8731628e+02
  -7.8824976e+02
  -7.8908181e+02
  -7.8936004e+02
  -7.9010923e+02
  -7.8984846e+02
  -7.9036331e+02
  -7.9173139e+02
  -7.9424635e+02
  -7.9581384e+02
  -7.9702969e+02
  -7.9688698e+02
  -7.9755968e+02
  -7.9962137e+02
  -8.0271052e+02
  -8.0419574e+02
  -8.0501128e+02
  -8.0613594e+02
  -8.0776094e+02
  -8.0606076e+02
  -8.0798515e+02
  -8.1060219e+02
  -8.1325109e+02
  -8.1477874e+02
  -8.1506104e+02
  -8.1211254e+02
  -8.1365153e+02
  -8.1352005e+02
  -8.1360376e+02
  -8.1497089e+02
  -8.1544069e+02
  -8.1532078e+02
  -8.1834906e+02
  -8.2066948e+02
  -8.2138596e+02
  -8.2206529e+02
  -8.2323544e+02
  -8.2437584e+02
  -8.2516846e+02
  -8.2609898e+02
  -8.2715489e+02
  -8.2809401e+02
  -8.2933622e+02
  -8.3227981e+02
  -8.3331433e+02
  -8.3247339e+02
  -8.3334475e+02
  -8.3588918e+02
  -8.3853998e+02
  -8.3961116e+02
  -8.3913694e+02
  -8.3985600e+02
  -8.4059986e+02
  -8.4100299e+02
  -8.4178481e+02
  -8.4112949e+02
  -8.4114831e+02
  -8.4112413e+02
  -8.4188507e+02
  -8.4077817e+02
  -8.4200533e+02
  -8.4361457e+02
  -8.4189552e+02
  -8.4384816e+02
  -8.4564422e+02
  -8.4682324e+02
  -8.4821451e+02
  -8.5104476e+02
  -8.5366806e+02
  -8.5675887e+02
  -8.5871888e+02
  -8.6043379e+02
  -8.5855893e+02
  -8.5972545e+02
  -8.5989322e+02
  -8.6146029e+02
  -8.6438854e+02
  -8.6603536e+02
  -8.6509640e+02
  -8.6653747e+02
  -8.6796906e+02
  -8.6900691e+02
  -8.7023378e+02
  -8.7162004e+02
  -8.7232734e+02
  -8.7249362e+02
  -8.7237251e+02
  -8.7282347e+02
  -8.7429479e+02
  -8.7221956e+02
  -8.7338509e+02
  -8.7368098e+02
  -8.7423573e+02
  -8.7377699e+02
  -8.7499124e+02
  -8.7689258e+02
  -8.7396546e+02
  -8.7626623e+02
  -8.7501622e+02
  -8.7717106e+02
  -8.7914294e+02
  -8.8089165e+02
  -8.8175825e+02
  -8.8324645e+02
  -8.8581523e+02
  -8.8779141e+02
  -8.8961747e+02
  -8.9265279e+02
  -8.9332568e+02
  -8.9459900e+02
  -8.9328744e+02
  -8.9455062e+02
  -8.9600427e+02
  -8.9400450e+02
  -8.9537928e+02
  -8.9591426e+02
  -8.9617033e+02
  -8.9687702e+02
  -8.9662970e+02
  -8.9674074e+02
  -8.9706751e+02
  -8.9756884e+02
  -8.9803681e+02
  -8.9849484e+02
  -8.9904636e+02
  -8.9955196e+02
  -9.0007350e+02
  -9.0069648e+02
  -9.0082874e+02
  -9.0007315e+02
  -9.0089662e+02
  -9.0156718e+02
  -9.0203559e+02
  -9.0267761e+02
  -9.0307759e+02
  -9.0345714e+02
  -9.0417010e+02
  -9.0465141e+02
  -9.0470826e+02
  -9.0470526e+02
  -9.0532660e+02
  -9.0615090e+02
  -9.0685801e+02
  -9.0559327e+02
  -9.0586072e+02
  -9.0672216e+02
  -9.0704280e+02
  -9.0771226e+02
  -9.0908972e+02
  -9.1185516e+02
  -9.1368199e+02
  -9.1500438e+02
  -9.1426620e+02
  -9.1555146e+02
  -9.1830062e+02
  -9.2046513e+02
  -9.1913020e+02
  -9.2042554e+02
  -9.2117728e+02
  -9.2118054e+02
  -9.2245429e+02
  -9.2323381e+02
  -9.2301009e+02
  -9.2492525e+02
  -9.2661884e+02
  -9.2679224e+02
  -9.2779449e+02
  -9.3032019e+02
  -9.3291022e+02
  -9.3298952e+02
  -9.3322742e+02
  -9.3369184e+02
  -9.3440992e+02
  -9.3550612e+02
  -9.3648453e+02
  -9.3803144e+02
  -9.3999113e+02
  -9.4154804e+02
  -9.4437745e+02
  -9.4611555e+02
  -9.4653891e+02
  -9.4791414e+02
  -9.4580253e+02
  -9.4746955e+02
  -9.4867636e+02
  -9.4923796e+02
  -9.5045596e+02
  -9.5200271e+02
  -9.5146237e+02
  -9.5309479e+02
  -9.5020091e+02
  -9.5210098e+02
  -9.5327939e+02
  -9.5262047e+02
  -9.5371820e+02
  -9.5252158e+02
  -9.5337222e+02
  -9.5427663e+02
  -9.5628170e+02
  -9.5824754e+02
  -9.5934973e+02
  -9.5934539e+02
  -9.6031783e+02
  -9.6094626e+02
  -9.6027528e+02
  -9.6129760e+02
  -9.6121267e+02
  -9.6160953e+02
  -9.6234314e+02
  -9.6249580e+02
  -9.6285508e+02
  -9.6333113e+02
  -9.6362649e+02
  -9.6402353e+02
  -9.6459954e+02
  -9.6522174e+02
  -9.6591118e+02
  -9.6664840e+02
  -9.6682725e+02
  -9.6630880e+02
  -9.6687045e+02
  -9.6725796e+02
  -9.6761411e+02
  -9.6820405e+02
  -9.6872331e+02
  -9.6923692e+02
  -9.6976230e+02
  -9.7001192e+02
  -9.7046332e+02
  -9.7092247e+02
  -9.7133620e+02
  -9.7157169e+02
  -9.7084973e+02
  -9.7140847e+02
  -9.7115981e+02
  -9.7156049e+02
  -9.7190140e+02
  -9.7251996e+02
  -9.7313042e+02
  -9.7067917e+02
  -9.7107729e+02
  -9.7209300e+02
  -9.7255565e+02
  -9.7146790e+02
  -9.7190931e+02
  -9.7219416e+02
  -9.7291069e+02
  -9.7310632e+02
  -9.7340057e+02
  -9.7370796e+02
  -9.7395886e+02
  -9.7467366e+02
  -9.7460240e+02
  -9.7442586e+02
  -9.7562209e+02
  -9.7697769e+02
  -9.7525471e+02
  -9.7652278e+02
  -9.7723768e+02
  -9.7745161e+02
  -9.7814361e+02
  -9.7833012e+02
  -9.7923029e+02
  -9.8230514e+02
  -9.8487899e+02
  -9.8584455e+02
  -9.8541985e+02
  -9.8675642e+02
  -9.8795554e+02
  -9.8830707e+02
  -9.8981466e+02
  -9.9134807e+02
  -9.9292099e+02
  -9.9507098e+02
  -9.9602672e+02
  -9.9685639e+02
  -9.9737367e+02
  -9.9775302e+02
  -9.9841672e+02
  -9.9965089e+02
  -1.0015662e+03
  -1.0043658e+03
  -1.0073218e+03
  -1.0090466e+03
  -1.0100413e+03
  -1.0113528e+03
  -1.0131827e+03
  -1.0159946e+03
  -1.0175908e+03
  -1.0176192e+03
  -1.0193000e+03
  -1.0177552e+03
  -1.0201428e+03
  -1.0225508e+03
  -1.0253678e+03
  -1.0272917e+03
  -1.0285086e+03
  -1.0278618e+03
  -1.0281987e+03
  -1.0284819e+03
  -1.0296340e+03
  -1.0288393e+03
  -1.0301095e+03
  -1.0315925e+03
  -1.0306108e+03
  -1.0324353e+03
  -1.0343628e+03
  -1.0324552e+03
  -1.0339683e+03
  -1.0350329e+03
  -1.0360834e+03
  -1.0378157e+03
  -1.0398382e+03
  -1.0398285e+03
  -1.0410626e+03
  -1.0423201e+03
  -1.0415742e+03
  -1.0428395e+03
  -1.0440983e+03
  -1.0436937e+03
  -1.0454231e+03
  -1.0477957e+03
  -1.0508461e+03
  -1.0519298e+03
  -1.0524225e+03
  -1.0535370e+03
  -1.0539134e+03
  -1.0540343e+03
  -1.0546392e+03
  -1.0545534e+03
  -1.0542834e+03
  -1.0547879e+03
  -1.0560709e+03
  -1.0581704e+03
  -1.0553715e+03
  -1.0560139e+03
  -1.0571969e+03
  -1.0590239e+03
  -1.0566168e+03
  -1.0581922e+03
  -1.0584862e+03
  -1.0594570e+03
  -1.0606711e+03
  -1.0593738e+03
  -1.0602665e+03
  -1.0607549e+03
  -1.0608672e+03
  -1.0609278e+03
  -1.0611309e+03
  -1.0619784e+03
  -1.0625263e+03
  -1.0622338e+03
  -1.0630735e+03
  -1.0642850e+03
  -1.0654643e+03
  -1.0655305e+03
  -1.0663573e+03
  -1.0648324e+03
  -1.0663409e+03
  -1.0682250e+03
  -1.0658787e+03
  -1.0675070e+03
  -1.0701409e+03
  -1.0729050e+03
  -1.0742778e+03
  -1.0722894e+03
  -1.0736647e+03
  -1.0749288e+03
  -1.0757206e+03
  -1.0761881e+03
  -1.0771772e+03
  -1.0770115e+03
  -1.0777662e+03
  -1.0785291e+03
  -1.0782103e+03
  -1.0793238e+03
  -1.0787842e+03
  -1.0796722e+03
  -1.0810435e+03
  -1.0794319e+03
  -1.0806979e+03
  -1.0814441e+03
  -1.0821184e+03
  -1.0836935e+03
  -1.0863388e+03
  -1.0884822e+03
  -1.0892297e+03
  -1.0892484e+03
  -1.0906910e+03
  -1.0921552e+03
  -1.0934292e+03
  -1.0942244e+03
  -1.0942704e+03
  -1.0944604e+03
  -1.0951071e+03
  -1.0949374e+03
  -1.0951588e+03
  -1.0961238e+03
  -1.0967882e+03
  -1.0963301e+03
  -1.0966198e+03
  -1.0974440e+03
  -1.0982653e+03
  -1.0978510e+03
  -1.0994742e+03
  -1.1023904e+03
  -1.1043242e+03
  -1.1068801e+03
  -1.1098878e+03
  -1.1114798e+03
  -1.1119203e+03
  -1.1126964e+03
  -1.1155875e+03
  -1.1177332e+03
  -1.1195664e+03
  -1.1210600e+03
  -1.1212389e+03
  -1.1221552e+03
  -1.1223937e+03
  -1.1221375e+03
  -1.1229132e+03
  -1.1231719e+03
  -1.1241870e+03
  -1.1254567e+03
  -1.1239184e+03
  -1.1253916e+03
  -1.1242268e+03
  -1.1252995e+03
  -1.1265366e+03
  -1.1259204e+03
  -1.1269975e+03
  -1.1276441e+03
  -1.1276843e+03
  -1.1286825e+03
  -1.1281778e+03
  -1.1289627e+03
  -1.1298785e+03
  -1.1299950e+03
  -1.1306463e+03
  -1.1292627e+03
  -1.1304772e+03
  -1.1294287e+03
  -1.1304328e+03
  -1.1310334e+03
  -1.1315525e+03
  -1.1325960e+03
  -1.1332687e+03
  -1.1338533e+03
  -1.1342346e+03
  -1.1342547e+03
  -1.1352695e+03
  -1.1355152e+03
  -1.1358853e+03
  -1.1369391e+03
  -1.1378026e+03
  -1.1379790e+03
  -1.1379791e+03
  -1.1383965e+03
  -1.1390756e+03
  -1.1396636e+03
  -1.1399966e+03
  -1.1405907e+03
  -1.1401328e+03
  -1.1404831e+03
  -1.1414471e+03
  -1.1419466e+03
  -1.1423145e+03
  -1.1429582e+03
  -1.1430018e+03
  -1.1440072e+03
  -1.1452963e+03
  -1.1458339e+03
  -1.1461616e+03
  -1.1451323e+03
  -1.1461757e+03
  -1.1473825e+03
  -1.1483020e+03
  -1.1502849e+03
  -1.1528962e+03
  -1.1556418e+03
  -1.1578553e+03
  -1.1592041e+03
  -1.1593289e+03
  -1.1598491e+03
  -1.1596235e+03
  -1.1601007e+03
  -1.1606770e+03
  -1.1605560e+03
  -1.1612319e+03
  -1.1610239e+03
  -1.1611735e+03
  -1.1621133e+03
  -1.1634747e+03
  -1.1649223e+03
  -1.1660149e+03
  -1.1658200e+03
  -1.1649842e+03
  -1.1654366e+03
  -1.1654398e+03
  -1.1663700e+03
  -1.1674327e+03
  -1.1661043e+03
  -1.1675353e+03
  -1.1702114e+03
  -1.1727862e+03
  -1.1735163e+03
  -1.1734255e+03
  -1.1742531e+03
  -1.1718933e+03
  -1.1725508e+03
  -1.1735648e+03
  -1.1742778e+03
  -1.1736477e+03
  -1.1744133e+03
  -1.1736141e+03
  -1.1746077e+03
  -1.1749901e+03
  -1.1749017e+03
  -1.1758055e+03
  -1.1766707e+03
  -1.1779748e+03
  -1.1805268e+03
  -1.1814195e+03
  -1.1820797e+03
  -1.1837014e+03
  -1.1853543e+03
  -1.1839400e+03
  -1.1856777e+03
  -1.1882462e+03
  -1.1908929e+03
  -1.1915920e+03
  -1.1921225e+03
  -1.1927944e+03
  -1.1926868e+03
  -1.1939678e+03
  -1.1955445e+03
  -1.1972523e+03
  -1.1987398e+03
  -1.2002586e+03
  -1.2018034e+03
  -1.1998219e+03
  -1.2012929e+03
  -1.2020402e+03
  -1.2021669e+03
  -1.2028442e+03
  -1.2035373e+03
  -1.2039592e+03
  -1.2044311e+03
  -1.2047483e+03
  -1.2053713e+03
  -1.2064008e+03
  -1.2070287e+03
  -1.2063308e+03
  -1.2067174e+03
  -1.2066117e+03
  -1.2074986e+03
  -1.2080517e+03
  -1.2087045e+03
  -1.2091334e+03
  -1.2094027e+03
  -1.2104707e+03
  -1.2105942e+03
  -1.2103313e+03
  -1.2112649e+03
  -1.2114628e+03
  -1.2124193e+03
  -1.2094696e+03
  -1.2114965e+03
  -1.2126944e+03
  -1.2143719e+03
  -1.2158483e+03
  -1.2168203e+03
  -1.2175517e+03
  -1.2181326e+03
  -1.2176622e+03
  -1.2183576e+03
  -1.2189768e+03
  -1.2197136e+03
  -1.2210448e+03
  -1.2184268e+03
  -1.2201822e+03
  -1.2211158e+03
  -1.2219090e+03
  -1.2223030e+03
  -1.2218381e+03
  -1.2236761e+03
  -1.2207916e+03
  -1.2228330e+03
  -1.2210862e+03
  -1.2229306e+03
  -1.2249944e+03
  -1.2280374e+03
  -1.2292737e+03
  -1.2297127e+03
  -1.2309246e+03
  -1.2290398e+03
  -1.2304924e+03
  -1.2293313e+03
  -1.2305837e+03
  -1.2311875e+03
  -1.2312949e+03
  -1.2327861e+03
  -1.2341620e+03
  -1.2334501e+03
  -1.2348998e+03
  -1.2361221e+03
  -1.2340026e+03
  -1.2346188e+03
  -1.2358090e+03
  -1.2365828e+03
  -1.2361693e+03
  -1.2372180e+03
  -1.2363278e+03
  -1.2374285e+03
  -1.2384412e+03
  -1.2377372e+03
  -1.2382846e+03
  -1.2378858e+03
  -1.2387413e+03
  -1.2393694e+03
  -1.2398502e+03
  -1.2401876e+03
  -1.2406231e+03
  -1.2408193e+03
  -1.2406823e+03
  -1.2417119e+03
  -1.2415067e+03
  -1.2416463e+03
  -1.2432491e+03
  -1.2461471e+03
  -1.2474809e+03
  -1.2486571e+03
  -1.2493896e+03
  -1.2494506e+03
  -1.2501457e+03
  -1.2505045e+03
  -1.2527225e+03
  -1.2548308e+03
  -1.2567274e+03
  -1.2545025e+03
  -1.2566461e+03
  -1.2547565e+03
  -1.2569762e+03
  -1.2598681e+03
  -1.2568786e+03
  -1.2584517e+03
  -1.2596159e+03
  -1.2604492e+03
  -1.2615375e+03
  -1.2632550e+03
  -1.2650362e+03
  -1.2659852e+03
  -1.2670577e+03
  -1.2662905e+03
  -1.2676400e+03
  -1.2702669e+03
  -1.2725214e+03
  -1.2730730e+03
  -1.2739471e+03
  -1.2747522e+03
  -1.2738344e+03
  -1.2753327e+03
  -1.2735387e+03
  -1.2752130e+03
  -1.2773502e+03
  -1.2748810e+03
  -1.2766084e+03
  -1.2775076e+03
  -1.2784068e+03
  -1.2796564e+03
  -1.2800740e+03
  -1.2803506e+03
