0 7.564683 0
24000 -0.774740999999999 1.00815262
47999.999 -19.866587 0.16508671
71999.999 -8.33617 3.7862237
95999.998 -21.595257 1.90550647
120000 -20.485529 5.071513
144000 -21.019607 8.5774513
168000 -18.910075 7.0932631
192000 -22.155249 7.9550259
216000 -15.771667 7.6719853
240000 -21.408436 7.9712499
264000 -15.485906 8.6105995
288000 -16.376744 8.49673
311999.99 -16.663227 9.0450205
335999.99 -17.07317 9.2435019
359999.99 -17.383229 10.1960486
383999.99 -12.442495 10.1935009
407999.99 -13.305356 10.3282633
431999.99 -13.727362 10.6710334
455999.99 -11.7925 11.0532622
479999.99 -8.971642 10.937182
503999.99 -15.158204 10.7862882
527999.99 -13.614315 11.6437139
551999.99 -12.65606 11.4222913
575999.99 -19.087963 11.8403045
599999.99 -14.561493 12.6192567
623999.99 -13.314125 12.54192652
647999.99 -14.336776 12.85105993
671999.99 -13.410788 13.04393275
695999.99 -14.555115 13.29831921
719999.99 -13.143052 13.65074202
743999.99 -12.915043 13.76166922
767999.99 -13.382205 14.04364009
791999.99 -13.035428 14.3245139
815999.99 -12.571677 14.6485811
839999.99 -11.192393 14.8840421
863999.99 -11.050337 15.0694283
887999.99 -10.341311 15.4508075
911999.98 -8.132903 15.685153
935999.98 -6.367258 15.8607478
959999.98 -4.097976 15.9404527
983999.98 -2.683668 15.886316
1008000 -2.052315 15.7925394
1032000 -2.592322 15.5654933
1056000 -7.044023 15.2922667
1080000 -18.359551 16.1404138
1104000 -10.112499 17.1166918
1128000 -7.62927 17.1503293
1152000 -6.62657799999999 17.2530866
1176000 -6.237342 17.3204382
1200000 -6.535062 17.4327621
1224000 -6.798144 17.5604491
1248000 -7.578637 17.7049481
1272000 -8.071105 17.9149877
1296000 -8.474052 18.0539381
1320000 -9.702535 18.247691
1344000 -10.385266 18.491811
1368000 -11.294655 18.737514
1392000 -11.571986 19.030397
1416000 -12.018351 19.245557
1440000 -12.598901 19.550996
1464000 -12.552273 19.826013
1488000 -12.529962 20.109667
1512000 -12.11743 20.32984
1536000 -12.391698 20.548029
1560000 -12.342023 20.811387
1584000 -11.789577 21.029032
1608000 -12.089508 21.10069
1632000 -14.349534 21.451462
1656000 -11.733837 21.828719
1680000 -12.10456 21.734701
1704000 -13.548796 22.062389
1728000 -13.742236 22.190995
1752000 -14.927492 22.583229
1776000 -13.873749 22.676152
1800000 -16.467144 22.872228
1824000 -16.882171 23.216968
1848000 -18.58186 23.669225
1872000 -16.269806 23.960382
1896000 -18.466702 24.113208
1920000 -17.546558 24.67694
1944000 -17.56867 24.824448
1968000 -16.95297 25.283908
1992000 -16.199745 25.360552
2016000 -17.612921 25.710553
2040000 -16.902217 25.97288
2064000 -18.135596 26.424285
2088000 -15.152225 26.775967
2112000 -14.665872 26.882038
2136000 -13.465426 27.065887
2160000 -13.971539 26.926729
2184000 -18.57652 27.035773
2208000 -22.375821 27.404422
2232000 -28.4940399 28.416474
2256000 -27.646611 28.927531
2280000 -25.8166238 30.684179
2304000 -20.211509 30.590344
2328000 -22.322542 31.104359
2352000 -18.733347 31.455493
2376000 -20.836801 31.731773
2400000 -19.407562 32.210273
2424000 -23.2888531 32.373009
2448000 -21.924595 33.358293
2472000 -22.110077 33.276153
2496000 -27.5791919 33.896487
2520000 -30.7936929 34.413701
2544000 -26.5952069 35.837729
2568000 -24.796709 35.722522
2592000 -25.9817257 36.441248
2616000 -23.803148 36.547373
2640000 -25.9359218 37.101507
2664000 -24.031237 37.342366
2688000 -26.1919003 38.285418
2712000 -18.201375 38.439515
2736000 -17.878741 38.184629
2760000 -19.698773 38.346472
2784000 -21.083396 38.518943
2808000 -21.54397 39.024516
2832000 -20.676102 38.966868
2856000 -27.4446759 39.407068
2880000 -21.661161 39.878123
2904000 -24.4489296 39.3005
2928000 -33.5270898 39.094322
2952000 -22.0816874 38.013174
2976000 -17.505359 37.289072
2999999.9 -15.855956 38.361549
3023999.9 -4.780488 38.247238
3047999.9 -2.074428 38.25697
3071999.9 5.751009 38.426634
3095999.9 10.484997 38.126211
3119999.9 15.733391 37.972129
3143999.9 17.631707 37.265372
3167999.9 15.694242 37.646818
3191999.9 31.0069543 38.084381
3215999.9 25.4039033 34.956513
3239999.9 18.544561 34.946244
3263999.9 15.063859 34.775775
3287999.9 11.252809 34.537073
3311999.9 6.464187 34.354927
3335999.9 2.05315 34.297134
3359999.9 -1.914594 34.067598
3383999.9 -7.448549 33.703492
3407999.9 -9.787644 33.324194
3431999.9 -8.676232 32.627132
3455999.9 -9.830955 32.270224
3479999.9 -8.389669 32.304931
3503999.9 -8.797344 32.079188
3527999.9 -10.608337 32.298639
3551999.9 -9.924504 32.3255
3575999.9 -12.14441 32.478777
3599999.9 -11.35394 32.675207
3623999.9 -13.200804 32.690462
3647999.9 -13.757378 32.977351
3671999.9 -15.805027 32.979297
3695999.9 -17.357623 33.523937
3719999.9 -17.174445 33.486897
3743999.9 -22.217661 33.898885
3767999.9 -21.1014587 34.263722
3791999.9 -24.4711621 34.779239
3815999.9 -21.4709205 35.032879
3839999.9 -25.8310309 35.20945
3863999.9 -23.0604993 35.705355
3887999.9 -27.4388298 35.436344
3911999.9 -27.3440767 36.600374
3935999.9 -27.593666 36.062543
3959999.9 -38.0884368 37.654883
3983999.9 -33.0079369 36.981158
4007999.9 -34.37131 39.850059
4031999.9 -32.2072644 39.018212
4055999.9 -29.22889469 40.283653
4079999.9 -25.130609 39.715578
4103999.9 -33.4760984 40.466389
4127999.9 -22.7823206 40.689533
4151999.9 -23.663814 40.400433
4175999.9 -22.9960386 40.676446
4199999.9 -24.2031208 40.277848
4223999.9 -31.4004731 41.778536
4247999.9 -21.4519566 41.550234
4271999.9 -23.545235 41.236651
4295999.9 -24.4906887 41.715343
4319999.9 -24.8039033 41.672049
4343999.9 -28.3589383 42.257826
4367999.9 -25.4494837 42.721163
4391999.9 -23.1458329 42.81782
4415999.9 -24.72197054 42.531346
4439999.9 -30.8356225 43.84421
4463999.9 -20.9299203 43.648635
4487999.9 -22.6156687 43.063532
4511999.9 -28.1596168 43.480242
4535999.9 -26.4012513 43.573034
4559999.9 -28.6400406 44.111907
4583999.9 -23.2107554 44.060102
4607999.9 -26.2329883 43.67876
4631999.9 -28.7417139 44.440997
4655999.9 -29.1559596 44.59914
4679999.9 -24.57142772 45.461828
4703999.9 -21.5963248 45.03888
4727999.9 -29.312457 45.148785
4751999.9 -24.6607875 46.041803
4775999.9 -26.9730898 46.205511
4799999.9 -24.0862214 46.837638
4823999.9 -26.7660959 47.228763
4847999.9 -20.79977161 47.909308
4871999.9 -22.0969739 47.813413
4895999.9 -21.13380293 48.859308
4919999.9 -18.6845974 48.8963
4943999.9 -18.1512545 49.463898
4967999.9 -15.664995 49.411369
4991999.9 -21.335743 49.604063
5015999.9 -19.67830186 50.28016
5039999.9 -28.7457396 50.171037
5063999.9 -22.02739 52.322366
5087999.9 -21.9140474 52.670112
5111999.9 -16.8559072 53.01456
5135999.9 -21.8942709 52.782156
5159999.9 -18.86876934 54.463749
5183999.9 -17.7290758 54.103906
5207999.9 -20.95490445 55.352978
5231999.9 -14.9977094 55.481633
5255999.9 -13.2024722 55.962568
5279999.9 -8.655459 55.970734
5303999.9 -9.575434 55.997857
5327999.9 -6.373798 56.463313
5351999.9 -3.110465 56.247281
5375999.9 -4.343526 56.021819
5399999.9 -5.328649 56.214576
5423999.9 -4.818241 55.983964
5447999.9 -12.8674305 55.68535
5471999.9 -11.8368509 57.221221
5495999.9 -9.061806 56.972214
5519999.9 -11.313732 56.992405
5543999.9 -12.808751 57.233698
5567999.9 -14.0693123 57.464688
5591999.9 -14.9689913 57.670773
5615999.9 -17.2513346 57.759021
5639999.9 -21.84004812 58.162797
5663999.9 -21.7702073 58.805331
5687999.9 -22.5056136 58.932299
5711999.9 -25.9962654 59.334664
5735999.9 -28.6709312 59.896369
5759999.9 -26.241005 60.868124
5783999.9 -23.4660236 60.802064
5807999.9 -28.0494314 61.279475
5831999.9 -21.9385262 61.887055
5855999.9 -20.8028043 61.851939
5879999.9 -19.6910083 62.082816
5903999.9 -19.847294 62.005821
5927999.9 -23.701156 62.436588
5951999.9 -22.8054665 63.069132
5975999.9 -19.0970234 63.710564
5999999.9 -15.0562662 63.550032
6023999.9 -18.510642 63.241892
6047999.9 -25.9883067 65.238072
6071999.9 -14.0986721 65.411842
6095999.9 -10.7716961 65.308809
6119999.9 -13.7023222 65.042578
6143999.9 -25.895984 67.305942
6167999.9 -16.5474726 67.388436
6191999.9 -17.9433677 68.116421
6215999.9 -15.6774783 68.089417
6239999.9 -23.1129657 67.258488
6263999.9 -19.86175 70.860118
6287999.9 -17.6345341 70.435195
6311999.9 -18.5192903 70.389243
6335999.9 -25.2856957 70.044177
6359999.9 -23.4148472 73.090554
6383999.9 -15.2344766 72.46861
6407999.9 -15.1357827 71.78054
6431999.9 -23.507173 71.135406
6455999.9 -20.6291043 72.65493
6479999.9 -15.6624139 71.693459
6503999.9 -20.0330174 70.617366
6527999.9 -23.382967 72.885157
6551999.9 -15.1017304 72.025464
6575999.9 -16.9688359 71.490243
6599999.9 -20.5904201 71.672882
6623999.9 -23.92824 71.336473
6647999.9 -33.811263 74.433693
6671999.9 -30.657786 73.596758
6695999.9 -29.816057 75.515286
6719999.9 -24.3029 75.760027
6743999.9 -17.2564922 75.921177
6767999.9 -15.0475884 75.447322
6791999.9 -20.2045821 75.317321
6815999.9 -20.1613078 76.042483
6839999.9 -18.7770256 76.017913
6863999.9 -19.2565859 75.979644
6887999.9 -21.279986 75.560361
6911999.9 -29.877663 74.707137
6935999.9 -30.004638 73.421377
6959999.9 -20.5622112 72.69537
6983999.9 -18.0033026 71.954659
7007999.9 -21.4705725 71.558871
7031999.9 -21.6777475 71.820275
7055999.9 -22.2528241 71.212787
7079999.9 -31.602681 69.708022
7103999.9 -34.712089 68.194004
7127999.9 -24.918772 68.991336
7151999.9 -20.5292188 68.658325
7175999.9 -19.7750055 68.924595
7199999.9 -15.846901 68.854331
7223999.9 -17.6514693 68.481756
7247999.9 -26.020283 68.753865
7271999.9 -26.712908 70.020025
7295999.9 -20.7475372 70.542259
7319999.9 -19.2986336 70.215524
7343999.9 -25.616839 69.393379
7367999.9 -21.1099924 68.025173
7391999.9 -13.1739502 67.812763
7415999.9 -10.0304325 67.797694
7439999.9 -8.7965956 68.155894
7463999.9 -4.77754252 68.741798
7487999.9 1.2767494 68.936514
7511999.9 6.5893392 68.91099
7535999.9 11.3347178 68.35123
7559999.9 8.5746973 67.94521
7583999.9 5.033795 67.78131
7607999.9 -0.893540900000001 68.54374
7631999.9 0.8634397 68.5838
7655999.9 -3.2735266 68.6641
7679999.9 -5.73099539 68.94555
7703999.9 -10.0623878 68.86621
7727999.9 -17.8168964 69.73511
7751999.9 -15.2418099 70.13387
7775999.9 -18.8994173 70.55315
7799999.9 -16.5347103 70.87313
7823999.9 -21.938593 70.79543
7847999.9 -23.203305 71.76645
7871999.9 -32.387645 71.60834
7895999.9 -22.477511 73.47016
7919999.9 -29.105258 72.33802
7943999.9 -20.4730647 75.21241
7967999.9 -19.1850233 74.52994
7991999.9 -25.25009 74.86513
8015999.9 -25.215673 75.09706
8039999.9 -29.202137 76.47788
8063999.9 -24.298811 76.26163
8087999.9 -28.478686 78.41875
8111999.9 -16.9776961 77.96153
8135999.9 -16.2187815 77.55274
8159999.9 -19.3769844 77.20516
8183999.9 -32.713936 74.97295
8207999.9 -17.4262695 73.22064
8231999.9 -16.8135284 72.60751
8255999.9 -19.8887487 72.76287
8279999.9 -17.6112741 72.79117
8303999.9 -19.1982288 72.83961
8327999.9 -15.6956726 73.11917
8351999.9 -13.4730272 72.93587
8375999.9 -12.4821623 72.81657
8399999.9 -13.4173347 72.46621
8423999.9 -23.4027143 72.10834
8447999.9 -21.8953637 74.29801
8471999.9 -20.6433354 74.45942
8495999.9 -15.4905124 74.69399
8519999.9 -17.0272068 74.41219
8543999.9 -17.9228113 75.05251
8567999.9 -15.0320007 74.68704
8591999.9 -23.0561388 74.44839
8615999.9 -18.7378647 75.36895
8639999.9 -16.4652095 74.5005
8663999.9 -22.7955504 73.51466
8687999.9 -40.6621689 76.45347
8711999.9 -26.5786638 76.02172
8735999.9 -19.2397342 75.85491
8759999.9 -17.2206653 75.34973
8783999.9 -19.836174 75.13024
8807999.9 -22.3695178 74.78012
8831999.9 -25.6279434 78.44142
8855999.9 -16.5789242 77.02192
8879999.9 -20.6749119 76.09979
8903999.9 -27.328802 77.46235
8927999.9 -24.7273815 77.02338
8951999.9 -23.8713155 77.83402
8975999.9 -17.022547 77.0819
8999999.8 -18.4553485 76.04664
9023999.8 -28.5990565 76.35072
9047999.8 -21.6187327 76.1181
9071999.8 -18.2577937 73.83415
9095999.8 -13.6602754 72.35478
9119999.8 -17.5115898 72.01254
9143999.8 -13.6620367 72.6195
9167999.8 -13.5318339 72.15539
9191999.8 -20.3558241 72.52008
9215999.8 -18.4645944 72.51299
9239999.8 -28.4125016 75.7592
9263999.8 -16.2597222 74.3273
9287999.8 -21.7784997 73.51644
9311999.8 -22.0307214 74.70621
9335999.8 -22.1324756 73.8061
9359999.8 -29.9575768 76.89164
9383999.8 -26.0302058 75.26176
9407999.8 -21.844998 77.19649
9431999.8 -13.3945213 76.30202
9455999.8 -12.2618052 75.66505
9479999.8 -11.7562794 75.3507
9503999.8 -10.8416272 74.79401
9527999.8 -12.8635979 74.07783
9551999.8 -15.1497941 73.49802
9575999.8 -14.7287568 72.78127
9599999.8 -17.2545833 71.9725
9623999.8 -26.234542 72.84761
9647999.8 -17.1920881 72.97755
9671999.8 -17.1335163 73.15177
9695999.8 -12.7395398 73.1687
9719999.8 -13.814577 72.63556
9743999.8 -23.9796342 72.65663
9767999.8 -23.6734032 73.2474
9791999.8 -48.3077963 74.58413
9815999.8 -24.2722475 74.25807
9839999.8 -22.8020769 72.37639
9863999.8 -22.1547702 71.08153
9887999.8 -26.9811439 71.80776
9911999.8 -19.5510577 71.6073
9935999.8 -33.2315969 70.96634
9959999.8 -20.2604724 73.50188
9983999.8 -16.4427213 73.5286
10008000 -12.524951 73.3397
10032000 -14.3703761 72.80606
10056000 -25.4638323 72.92338
10080000 -20.6900304 73.99225
10104000 -18.2880337 74.05776
10128000 -14.4773606 73.69317
10152000 -15.8355551 72.88335
10176000 -28.0226666 71.63957
10200000 -24.3071161 75.42547
10224000 -16.8824389 75.3469
10248000 -14.5015016 74.75837
10272000 -22.632114 74.60439
10296000 -18.2549528 75.53336
10320000 -23.0858297 74.40035
10344000 -19.206697 77.37639
10368000 -18.2217068 76.41778
10392000 -25.0001906 78.35957
10416000 -17.5968087 77.84686
10440000 -18.5639306 78.29171
10464000 -15.1966189 78.1996
10488000 -23.5165136 78.07325
10512000 -19.136661 79.29702
10536000 -21.4746557 79.09437
10560000 -18.9065314 79.99798
10584000 -17.4112565 79.37008
10608000 -33.6171351 79.64437
10632000 -18.6556946 80.31989
10656000 -19.3523425 79.64587
10680000 -19.037203 80.05626
10704000 -13.7068045 79.47012
10728000 -15.8631125 78.68355
10752000 -27.012442 78.97412
10776000 -22.8941137 79.22087
10800000 -29.85184 79.06089
10824000 -30.1923822 79.46439
10848000 -34.3988732 78.85729
10872000 -25.0464172 79.136
10896000 -17.4172898 78.21035
10920000 -17.6760366 77.36879
10944000 -26.0795873 76.7574
10968000 -36.9503676 74.71135
10992000 -22.1289648 74.13333
11016000 -19.3600308 73.8582
11040000 -20.0431932 74.00008
11064000 -22.8679586 73.87409
11088000 -24.9635485 76.13965
11112000 -15.7879933 75.8279
11136000 -15.2427823 75.71266
11160000 -14.6943944 75.73656
11184000 -17.6361207 75.65622
11208000 -22.7427847 76.36173
11232000 -21.6629169 77.16874
11256000 -15.9864756 77.57168
11280000 -13.9128968 77.2554
11304000 -16.5283043 77.06695
11328000 -15.6198565 77.07119
11352000 -15.5687472 76.42174
11376000 -22.4454995 75.42508
11400000 -23.1668716 73.3712
11424000 -11.375075 72.67242
11448000 -5.78535221 71.95119
11472000 -6.3118815 71.46823
11496000 -6.930924 71.61316
11520000 -5.0245666 71.34811
11544000 -8.3502217 70.69861
11568000 -12.2650357 70.26489
11592000 -9.8352861 69.74966
11616000 -9.0563005 69.24722
11640000 -8.4665578 69.18894
11664000 -6.4399119 68.59682
11688000 -7.3941495 67.47103
11712000 -4.2128816 66.67499
11736000 2.2455648 66.61737
11760000 5.9548933 66.44486
11784000 4.1765107 66.03852
11808000 -1.9353559 66.04109
11832000 -1.566489 66.09688
11856000 -2.9922913 65.8505
11880000 -3.6401861 66.27766
11904000 0.8044515 66.26601
11928000 -0.9885786 66.10121
11952000 -1.7945496 66.70209
11976000 -2.5302744 66.87909
12000000 -6.9956849 67.2397
12024000 -9.1125218 67.70132
12048000 -13.0322402 68.4861
12072000 -9.5766071 69.15476
12096000 -5.4794543 69.39245
12120000 -2.6131985 69.11392
12144000 -4.7712635 68.84432
12168000 -5.7106016 69.00759
12192000 -6.3096254 68.45429
12216000 -22.5961168 69.29292
12240000 -9.3571148 69.75709
12264000 -9.860609 69.33709
12288000 -10.2226508 69.66787
12312000 -7.7336413 69.33209
12336000 -12.8063704 68.72633
12360000 -24.0839075 69.11734
12384000 -22.715073 72.70845
12408000 -11.7305574 71.79206
12432000 -14.2785573 71.23245
12456000 -23.363059 72.06608
12480000 -21.8150934 73.56154
12504000 -13.0509981 73.64294
12528000 -14.12494955 73.3318
12552000 -15.09790831 73.39754
12576000 -13.96935819 72.72878
12600000 -16.15301361 71.52729
12624000 -23.76298418 70.36355
12648000 -32.6764262 73.36005
12672000 -19.4340286 73.5124
12696000 -12.12902002 73.01282
12720000 -13.9319278 72.37871
12744000 -24.4267669 72.85262
12768000 -23.0698472 73.59366
12792000 -20.3720801 74.65094
12816000 -17.138065 74.30113
12840000 -21.7061592 74.74021
12864000 -15.9839216 74.66659
12888000 -20.1327566 73.68304
12912000 -29.4659997 76.46703
12936000 -23.156567 74.82308
12960000 -24.2760806 72.38993
12984000 -18.5452147 70.5142
13008000 -19.2489624 69.30482
13032000 -25.5383317 68.91243
13056000 -26.1110401 68.62138
13080000 -27.854955 66.40199
13104000 -21.7448308 64.99332
13128000 -22.514399 64.49947
13152000 -24.7661424 64.31827
13176000 -35.2988575 62.50641
13200000 -21.5919269 60.61511
13224000 -19.1867078 60.18188
13248000 -19.1316498 59.95832
13272000 -23.737248 59.35197
13296000 -32.4114713 62.43167
13320000 -26.2485958 61.67688
13344000 -23.4998744 62.0906
13368000 -18.4476683 61.3912
13392000 -18.9614069 60.38725
13416000 -22.9786459 59.85677
13440000 -20.7771684 59.81331
13464000 -21.8047659 58.97347
13488000 -36.0189571 62.14451
13512000 -30.0664516 60.72437
13536000 -22.6890157 62.6701
13560000 -16.1400245 61.78716
13584000 -21.2617491 61.12203
13608000 -26.4320473 62.68113
13632000 -22.094073 62.44848
13656000 -24.4504329 62.71481
13680000 -26.2851143 62.69307
13704000 -30.7173583 64.01525
13728000 -26.2668268 63.86983
13752000 -26.8197955 64.9041
13776000 -18.9554276 64.42829
13800000 -18.9471075 63.51948
13824000 -23.3680269 62.90722
13848000 -21.9219286 62.49325
13872000 -18.8203058 61.42841
13896000 -18.1097755 60.45406
13920000 -19.0083988 60.06009
13944000 -18.7936488 59.9672
13968000 -20.592958 60.31006
13992000 -14.8375514 60.64454
14016000 -13.8381436 60.35518
14040000 -16.6047474 60.60309
14064000 -15.2236619 60.73694
14088000 -19.3840322 60.69614
14112000 -22.6941943 61.20578
14136000 -32.2596085 63.35374
14160000 -14.9868704 63.06033
14184000 -14.2924091 62.54092
14208000 -17.277874 62.53274
14232000 -17.9969306 62.42301
14256000 -29.4939695 61.8789
14280000 -23.6906429 64.12825
14304000 -24.1444106 63.43781
14328000 -31.4267877 63.39453
14352000 -33.1840688 61.09557
14376000 -20.8096897 59.667
14400000 -18.6285157 58.928
14424000 -20.536692 58.54678
14448000 -22.9544418 58.46571
14472000 -32.0658502 59.44567
14496000 -18.3216313 59.85823
14520000 -17.3824364 59.21414
14544000 -27.0391987 59.48525
14568000 -20.5708342 60.13904
14592000 -24.357713 60.0875
14616000 -21.4469638 60.86533
14640000 -19.9935525 60.69636
14664000 -19.3275326 60.69413
14688000 -19.8811912 60.22773
14712000 -34.0420994 59.53462
14736000 -23.5285067 61.75386
14760000 -24.7080933 61.62997
14784000 -19.5543418 62.20356
14808000 -16.7537138 62.07097
14832000 -14.9666071 62.23468
14856000 -12.7481401 62.09366
14880000 -13.9401493 61.97472
14904000 -13.6916357 61.92004
14928000 -15.7613476 61.28346
14952000 -25.6926088 60.02668
14976000 -33.2714005 58.67644
15000000 -25.2903715 58.72789
15024000 -28.0779648 57.71313
15048000 -24.5399265 60.47412
15072000 -19.7051763 59.34578
15096000 -22.8440781 57.74521
15120000 -22.2833461 56.15449
15144000 -21.894021 55.85685
15168000 -22.9263255 55.64342
15192000 -26.4531302 56.42859
15216000 -22.7428701 56.18307
15240000 -41.6038975 58.26005
15264000 -21.8545338 57.20345
15288000 -22.4851665 55.15491
15312000 -18.8495805 53.56178
15336000 -21.0658184 53.58141
15360000 -13.3628409 53.62474
15384000 -11.9965553 52.9219
15408000 -17.7474645 52.40258
15432000 -23.7612599 53.13565
15456000 -23.32202673 54.33678
15480000 -10.56689888 54.29512
15504000 -7.63158461 53.72677
15528000 -8.4477247 53.55096
15552000 -8.6637811 53.53044
15576000 -15.2406351 53.7714
15600000 -7.7998321 54.82393
15624000 -5.8831159 54.42019
15648000 -8.7510272 54.78006
15672000 -6.714374 54.84747
15696000 -7.4037987 54.68367
15720000 -7.3436113 54.38383
15744000 -8.2723482 53.84768
15768000 -10.3464046 54.02768
15792000 -4.030766 54.53043
15816000 -5.365677 54.47878
15840000 -1.963381 55.97782
15864000 1.184296 55.29887
15888000 -3.9389284 55.63877
15912000 -0.3718646 55.81964
15936000 -2.2554152 55.08808
15960000 -16.3984932 57.19673
15984000 -4.1857144 56.53078
16008000 -6.973391 56.05364
16032000 -3.849713 56.44026
16056000 1.3530865 55.7334
16080000 0.0503999999999998 54.67513
16104000 -12.1733763 53.65425
16128000 -19.7277214 56.05462
16152000 -15.0462359 56.38246
16176000 -6.9629383 55.66674
16200000 -6.380936 54.50031
16224000 -9.1974421 54.13352
16248000 -6.0636898 54.1183
16272000 -5.8989329 53.4173
16296000 -12.6815156 52.77017
16320000 -14.7483998 52.17142
16344000 -11.5127411 50.91305
16368000 -18.4299273 49.83391
16392000 -20.9598027 52.4163
16416000 -18.6656507 51.42003
16440000 -19.4326332 53.58338
16464000 -12.01844072 53.00303
16488000 -14.48142443 52.89304
16512000 -13.51092137 53.08642
16536000 -20.38554057 52.5114
16560000 -21.4693804 55.0363
16584000 -22.9271301 54.98492
16608000 -14.2173585 55.92508
16632000 -11.3951574 55.49221
16656000 -12.3373815 55.40647
16680000 -12.2735581 55.24805
16704000 -16.2560145 54.97741
16728000 -20.3412148 55.58184
16752000 -20.6520847 55.82129
16776000 -15.6327619 56.51566
16800000 -10.7587889 56.04559
16824000 -12.3135963 55.74196
16848000 -12.0724221 55.76888
16872000 -13.3003788 55.35486
16896000 -23.4344389 55.19326
16920000 -25.64941 56.49699
16944000 -24.3023277 57.70463
16968000 -16.6721035 57.46982
16992000 -20.0416733 57.10615
17016000 -20.5655471 57.81492
17040000 -18.1543531 57.29855
17064000 -23.7220486 56.22645
17088000 -40.0135136 56.739
17112000 -23.4677318 56.10141
17136000 -21.7587716 55.20837
17160000 -30.7356673 54.83242
17184000 -24.530263 56.17258
17208000 -19.2201843 55.42572
17232000 -17.7706844 54.41236
17256000 -18.4211214 53.5039
17280000 -21.7221851 53.25182
17304000 -19.60593 53.4346
17328000 -18.9487307 53.03385
17352000 -24.6589038 52.62642
17376000 -38.530746 52.81293
17400000 -32.8095556 55.0124
17424000 -31.4877225 54.31368
17448000 -38.6383532 56.45888
17472000 -26.9450529 55.20522
17496000 -27.5302294 53.79936
17520000 -44.0716367 52.53408
17544000 -30.6800436 54.11439
17568000 -28.0741055 51.72674
17592000 -20.5081896 50.09221
17616000 -22.1883177 49.57807
17640000 -18.8770138 49.98167
17664000 -16.0261414 49.36073
17688000 -22.5644697 48.47065
17712000 -36.1674797 50.82972
17736000 -33.1215812 49.64573
17760000 -34.3011928 53.29621
17784000 -33.6416853 52.87281
17808000 -40.4033213 54.6003
17832000 -20.7195074 55.01567
17856000 -15.0750725 54.40289
17880000 -17.3195246 53.83854
17904000 -21.0426119 54.36828
17928000 -17.267193 54.00982
17952000 -19.6875995 52.99672
17976000 -22.8312386 51.84166
18000000 -24.1748836 50.9048
18024000 -30.548573 49.83373
18048000 -34.0502609 52.96577
18072000 -31.4875075 51.10112
18096000 -32.318302 48.86648
18120000 -29.921746 50.821
18144000 -17.4050067 49.73013
18168000 -18.5430428 48.9735
18192000 -23.5097159 49.5519
18216000 -20.9368517 49.34041
18240000 -31.3190641 51.10421
18264000 -18.5485265 50.61099
18288000 -26.0284594 49.76215
18312000 -24.2326896 51.74717
18336000 -25.8801213 50.71457
18360000 -27.1554495 52.99012
18384000 -22.9077571 51.66781
18408000 -29.1935265 49.76422
18432000 -25.9327022 51.98518
18456000 -17.7527801 50.65919
18480000 -18.2062179 49.59853
18504000 -29.2144754 48.61399
18528000 -31.1375413 47.24158
18552000 -20.1069476 46.49517
18576000 -20.9537919 45.85292
18600000 -24.0644846 47.23867
18624000 -16.8425663 47.0911
18648000 -17.3788767 46.98589
18672000 -19.3278161 46.81651
18696000 -37.7715058 46.43892
18720000 -25.8593117 48.94585
18744000 -22.7311945 49.37284
18768000 -17.7009708 48.8814
18792000 -19.8466301 47.74607
18816000 -27.1961659 45.97837
18840000 -26.8165334 47.23396
18864000 -17.7013051 46.04826
18888000 -17.60748568 44.55646
18912000 -22.3546562 42.71636
18936000 -24.81854467 44.1731
18960000 -11.814144 43.13204
18984000 -11.62189275 42.21276
19008000 -15.4038646 41.88545
19032000 -14.69634574 41.42283
19056000 -16.0171209 40.35228
19080000 -19.9611159 39.55224
19104000 -17.1903478 39.54556
19128000 -14.1287278 38.71453
19152000 -14.2617341 37.9774
19176000 -12.8252478 37.5445
19200000 -12.0400601 36.96873
19224000 -19.7663765 36.82585
19248000 -13.779711 38.00118
19272000 -12.6707683 37.93328
19296000 -8.1835616 38.21915
19320000 -7.395539 37.62394
19344000 -28.3253031 37.58425
19368000 -7.3103004 38.87574
19392000 -14.5249058 38.10968
19416000 -9.3089135 39.87435
19440000 -7.5466179 39.05853
19464000 -17.7262589 39.30286
19488000 -14.7332683 39.86775
19512000 -24.2109524 39.85626
19536000 -17.6954319 40.61161
19560000 -20.7398979 39.2706
19584000 -59.7429629 38.76669
19608000 -22.069971 39.90905
19632000 -19.1062624 39.50144
19656000 -15.2402681 39.04754
19680000 -12.9624285 37.0347
19704000 -5.7802523 35.46692
19728000 -5.194425 35.01853
19752000 0.671135999999999 35.39469
19776000 6.0541724 34.7342
19800000 2.924534 33.99117
19824000 -0.95304 34.24269
19848000 2.003614 33.97334
19872000 -4.349381 33.50159
19896000 -3.495372 33.20135
19920000 -28.619727 30.58751
19944000 -8.4413771 34.12919
19968000 -8.6851945 33.33293
19992000 -22.2021206 34.45798
20016000 -10.9449845 34.42713
20040000 -16.6012711 34.60298
20064000 -11.8585123 35.38217
20088000 -10.2239999 35.40078
20112000 -10.0294134 35.62089
20136000 -9.3483606 35.64067
20160000 -10.7215459 35.5063
20184000 -17.0803141 35.43695
20208000 -19.670356 36.57479
20232000 -17.9765614 35.99377
20256000 -25.07715043 39.12548
20280000 -16.47022327 37.94564
20304000 -22.15675245 36.77541
20328000 -25.60534535 39.53054
20352000 -22.95427745 38.49399
20376000 -26.90126737 37.74876
20400000 -22.09825133 36.9137
20424000 -17.4993269 36.01209
20448000 -18.67702147 35.42493
20472000 -18.49195877 35.60425
20496000 -16.75949588 35.27131
20520000 -20.848682 35.32466
20544000 -15.3349446 35.39335
20568000 -18.3842325 34.53719
20592000 -24.72252813 37.62837
20616000 -16.08733157 36.59403
20640000 -17.35250583 36.15364
20664000 -24.80721602 36.10245
20688000 -23.23927821 37.6717
20712000 -19.3037704 37.3316
20736000 -27.1426972 37.5378
20760000 -20.285073 38.00058
20784000 -24.6660693 36.85071
20808000 -22.9755199 40.1434
20832000 -21.6959574 38.83869
20856000 -50.5004386 40.00415
20880000 -24.5132726 39.20771
20904000 -20.2947276 37.56648
20928000 -20.8685701 36.57099
20952000 -21.3494558 36.28893
20976000 -18.5277402 35.35855
21000000 -17.5066446 34.17263
21024000 -18.2085051 33.50671
21048000 -17.8661423 33.45447
21072000 -18.4196163 33.22497
21096000 -20.9426472 33.55969
21120000 -17.2706341 33.3224499999999
21144000 -19.0483144 31.95818
21168000 -21.102302 30.56105
21192000 -23.0665829 30.61482
21216000 -18.4684158 30.56868
21240000 -20.7754605 30.22019
21264000 -25.7277628 30.10597
21288000 -26.0607746 27.52388
21312000 -16.2107136 26.28033
21336000 -17.6977739 25.38799
21360000 -29.7929539 25.80159
21384000 -23.030952 25.70923
21408000 -24.4062801 23.62532
21432000 -22.2166792 21.80138
21456000 -31.352438 20.70228
21480000 -27.395023 21.66782
21504000 -20.5388044 20.09555
21528000 -18.8319047 18.85362
21552000 -22.3938607 18.52963
21576000 -16.9713164 18.3516100000001
21600000 -14.3588799 17.39996
21624000 -18.426316 16.52274
21648000 -22.1012341 16.91772
21672000 -20.5064753 16.61033
21696000 -28.4399579 17.24649
21720000 -20.7481555 17.3938
21744000 -26.0567137 16.81325
21768000 -28.7218738 18.17634
21792000 -29.0652822 16.62332
21816000 -20.7666569 14.69589
21840000 -19.2611809 14.1275900000001
21864000 -20.1000577 14.27203
21888000 -18.9276796 14.2701200000001
21912000 -21.4000213 13.837
21936000 -25.3064234 12.2569800000001
21960000 -19.3397419 10.85925
21984000 -20.964996 10.29376
22008000 -25.5064586 10.98419
22032000 -23.2857523 11.2930899999999
22056000 -22.1595566 11.74337
22080000 -22.0971782 11.6976
22104000 -20.8280693 12.4572200000001
22128000 -14.7874586 11.87714
22152000 -15.4976989 10.71343
22176000 -21.417134 9.44715999999994
22200000 -30.2540744 10.857
22224000 -17.5868527 9.93558000000007
22248000 -17.5898987 9.15431000000001
22272000 -17.0486655 9.06785000000002
22296000 -12.8418086 8.53416000000004
22320000 -14.0680751 7.83865000000003
22344000 -19.5764989 7.79066
22368000 -19.850785 8.16265999999996
22392000 -22.2291352 8.72497999999996
22416000 -16.7766366 8.90764999999999
22440000 -21.4614159 8.41776000000004
22464000 -23.1629996 10.0053300000001
22488000 -21.2132382 9.53021000000001
22512000 -36.3596224 12.3927199999999
22536000 -19.9800857 11.6862199999999
22560000 -17.4573141 11.33339
22584000 -19.0037191 10.6617199999999
22608000 -26.0689414 9.19698999999991
22632000 -27.118818 8.08732000000009
22656000 -19.9190099 8.52883999999995
22680000 -14.46798843 8.10656000000006
22704000 -15.15657863 7.82524999999998
22728000 -16.05641671 7.91840000000002
22752000 -15.963335777 7.96367999999995
22776000 -14.45384704 7.91284999999993
22800000 -14.11986848 7.47794999999996
22824000 -18.582416737 7.47955999999999
22848000 -15.46040443 7.77073000000007
22872000 -15.72009155 7.40551999999991
22896000 -20.65542721 7.84276999999997
22920000 -20.7293888 8.31997000000001
22944000 -15.0754034 9.48879999999997
22968000 -8.2649546 9.19710999999995
22992000 -9.9560962 8.57860000000005
23016000 -18.4517641 9.62092999999993
23040000 -12.6658627 9.95411999999999
23064000 -11.8003639 9.69025999999997
23088000 -13.2808259 9.03277000000003
23112000 -12.8567126 7.88081
23136000 -15.9422842 7.16593999999998
23160000 -15.1860605 7.70201999999995
23184000 -10.8650703 8.14752999999996
23208000 -4.8295411 8.12151999999992
23232000 -4.019598 7.98860000000002
23256000 -2.635345 8.39816000000008
23280000 -0.907581 8.34244000000001
23304000 -8.50991 9.21514000000002
23328000 8.080237 9.70166999999992
23352000 10.906042 9.22246000000007
23376000 10.266186 8.04386
23400000 9.1391 7.76468
23424000 7.453648 6.69323999999995
23448000 -3.932694 6.63156000000004
23472000 -5.116374 6.88582999999994
23496000 -4.682229 7.17738000000008
23520000 -0.892497000000001 6.65384000000006
23544000 -4.9164739 5.80588999999998
23568000 -14.806109 5.3014300000001
23592000 -15.212643 4.77578999999992
23616000 -10.0963753 3.31467999999995
23640000 -10.098458 2.75581
23664000 -9.4222117 2.64815999999996
23688000 -8.9888476 2.06715999999994
23712000 -11.7770992 1.35941000000003
23736000 -15.1249859 0.86905999999999
23760000 -17.7191324 0.271310000000085
23784000 -19.1930119 -2.24765000000002
23808000 -10.8446024 -3.49815000000001
23832000 -10.5607851 -3.79597999999999
23856000 -8.7264355 -3.67653000000007
23880000 -9.2788032 -3.95398999999998
23904000 -13.3910045 -3.41246000000001
23928000 -9.5648947 -3.26260000000002
23952000 -14.630191 -3.52994000000001
23976000 -14.8903964 -2.48136
24000000 -12.3785462 -2.67137000000002
24024000 -15.9871119 -2.80511000000001
24048000 -18.3262243 -2.81277999999998
24072000 -31.7596368 -3.61729000000003
24096000 -20.7268346 -1.13112999999998
24120000 -19.0804217 -1.83628999999996
24144000 -22.0653246 -2.02876000000003
24168000 -20.2178009 -1.48501999999996
24192000 -14.5132235 -1.55269999999996
24216000 -12.8205703 -2.04524000000004
24240000 -15.7629714 -2.43691000000001
24264000 -20.2048535 -2.70686000000001
24288000 -24.37997424 -3.68596000000002
24312000 -19.61891975 -4.97136999999998
24336000 -15.0976429 -5.60729000000003
24360000 -14.34345251 -6.03804000000002
24384000 -15.271687514 -6.34118000000001
24408000 -18.18543126 -6.63679000000002
24432000 -22.86677944 -6.89096999999992
24456000 -37.35009196 -7.69147999999996
24480000 -28.32578416 -4.89895999999999
24504000 -32.60254369 -4.61982
24528000 -19.361069 -4.17827999999997
24552000 -16.22758303 -4.95076000000006
24576000 -23.09802093 -5.21177999999998
24600000 -21.09110396 -4.25995999999998
24624000 -23.92479733 -4.17318
24648000 -18.1798412 -3.32547999999997
24672000 -17.5592298 -3.5951
24696000 -21.19494297 -2.82210999999995
24720000 -16.86631667 -2.88204999999994
24744000 -28.3037655 -2.60059000000001
24768000 -17.204185 -1.60652999999991
24792000 -17.2120873 -2.28426000000002
24816000 -23.9761054 -2.31263999999999
24840000 -22.6747785 -2.71952999999996
24864000 -22.7865788 -4.28004999999996
24888000 -30.8870004 -5.82128999999998
24912000 -27.5039718 -3.08367999999996
24936000 -30.7857198 -3.39999
24960000 -20.6267801 -2.38211000000001
24984000 -17.15508787 -2.95395000000008
25008000 -20.55126708 -3.20546000000002
25032000 -21.58195897 -3.44839999999999
25056000 -24.89783724 -4.95204999999999
25080000 -26.3857929 -6.43727000000001
25104000 -29.9587916 -6.71539999999993
25128000 -29.45344 -7.62995000000001
25152000 -24.1488429 -9.59825999999998
25176000 -24.0730967 -10.90616
25200000 -30.4089854 -7.78537000000006
25224000 -21.2102703 -9.01663999999994
25248000 -26.3934079 -9.06516999999997
25272000 -21.9668677 -8.61865999999998
25296000 -27.09316781 -9.65286000000003
25320000 -22.0676257 -6.5463400000001
25344000 -19.9247963 -7.38850000000002
25368000 -30.1778476 -7.85255000000006
25392000 -26.9405602 -6.25077999999996
25416000 -26.0980239 -7.39393000000007
25440000 -21.1346836 -9.26380999999992
25464000 -16.95448068 -10.17129
25488000 -18.58944655 -10.7736199999999
25512000 -23.73746092 -10.75078
25536000 -25.7785987 -11.00901
25560000 -36.44515224 -12.02408
25584000 -30.3080028 -11.2534000000001
25608000 -23.3223467 -12.42939
25632000 -26.1645889 -13.8404499999999
25656000 -25.5942868 -16.04688
25680000 -24.85636247 -16.72492
25704000 -21.5552732 -16.3239100000001
25728000 -20.4457266 -16.42875
25752000 -18.0085049 -15.95044
25776000 -13.46013714 -16.37042
25800000 -16.05476015 -17.06871
25824000 -22.6527776 -17.00952
25848000 -20.10772723 -17.13972
25872000 -22.75400801 -18.00505
25896000 -36.87240345 -19.7820800000001
25920000 -21.36827842 -21.49554
25944000 -13.87343658 -22.1560400000001
25968000 -13.64287682 -22.88121
25992000 -29.14440845 -22.40353
26016000 -14.06886098 -21.72648
26040000 -18.13662954 -22.4575600000001
26064000 -16.1797379 -20.1758299999999
26088000 -10.99221314 -20.86902
26112000 -12.64442643 -21.04765
26136000 -13.39329497 -21.2874399999999
26160000 -21.4776202 -22.24005
26184000 -22.171320614 -19.27678
26208000 -21.55223444 -20.2137
26232000 -26.8111415 -18.7005
26256000 -16.6973457 -19.36083
26280000 -13.9034195 -20.06402
26304000 -14.0340939 -20.80083
26328000 -17.9928429 -21.29732
26352000 -21.6594412 -21.38537
26376000 -19.2349076 -22.42013
26400000 -15.1066831 -23.7112499999999
26424000 -16.8974481 -24.46843
26448000 -17.8158024 -23.48211
26472000 -12.2608716 -23.80039
26496000 -18.0892066 -24.11887
26520000 -20.3030934 -22.7059300000001
26544000 -17.1229894 -21.4555800000001
26568000 -6.2719774 -21.3505399999999
26592000 -5.4175135 -21.7284400000001
26616000 -6.8468458 -21.2508499999999
26640000 -4.0861121 -20.97057
26664000 -3.970936 -20.9877799999999
26688000 -7.063749 -20.4846700000001
26712000 1.775474 -19.88954
26736000 4.717882 -20.96136
26760000 -2.899001 -21.82606
26784000 -11.694239 -19.3469
26808000 -6.679008 -19.63864
26832000 -9.759062 -18.43879
26856000 2.697131 -18.26767
26880000 1.839024 -17.16368
26904000 6.08139 -15.08921
26928000 -7.040209 -13.96899
26952000 5.733908 -15.3911000000001
26976000 2.076368 -14.63035
27000000 2.408788 -12.5775
27024000 0.829656 -14.72166
27048000 -4.590622 -15.40372
27072000 2.013374 -19.99986
27096000 -8.402998 -19.98205
27120000 -9.36608 -18.6994199999999
27144000 -9.231759 -18.88012
27168000 -5.777706 -17.4995899999999
27192000 0.132874999999999 -18.20667
27216000 -16.101477 -17.895
27240000 -5.671195 -17.49343
27264000 -2.704618 -18.52991
27288000 -7.20787 -18.74276
27312000 -1.527713 -18.93512
27336000 -5.403668 -20.14973
27360000 -26.5889336 -16.53172
27384000 -18.761667 -18.40229
27408000 -7.312311 -15.96228
27432000 -2.280567 -17.00245
27456000 -11.151437 -16.77643
27480000 -4.537175 -16.11419
27504000 -5.397367 -17.17471
27528000 -24.8799013 -18.9440500000001
27552000 -27.3898527 -19.72455
27576000 -14.438012 -19.64059
27600000 -15.7439474 -20.5261899999999
27624000 -16.9347217 -21.26004
27648000 -11.3183783 -22.18303
27672000 -8.6036685 -22.92166
27696000 -15.4043296 -23.11843
27720000 -9.5620683 -22.13151
27744000 -9.1606765 -22.4403299999999
27768000 -13.0961339 -21.78505
27792000 -12.3737255 -21.50714
27816000 -14.7085758 -20.6935500000001
27840000 -9.8471789 -20.53201
27864000 -12.4476962 -20.5217200000001
27888000 -13.2235293 -20.1772999999999
27912000 -17.3851741 -20.16639
27936000 -19.1201148 -18.9834
27960000 -15.320292 -19.13534
27984000 -18.3010878 -19.32909
28008000 -20.0364051 -19.7194
28032000 -22.4829155 -20.9823600000001
28056000 -27.494804 -22.65883
28080000 -26.3920461 -24.8314300000001
28104000 -21.5811731 -25.71424
28128000 -23.3250984 -26.1658699999999
28152000 -25.1578364 -24.96546
28176000 -17.3719929 -25.3549
28200000 -23.6786383 -26.1543899999999
28224000 -27.9063092 -23.7885
28248000 -23.6894697 -24.10843
28272000 -19.8475722 -23.8835
28296000 -15.7417529 -24.7730200000001
28320000 -15.2988143 -25.89378
28344000 -19.5969236 -26.6345699999999
28368000 -20.628021 -26.4986
28392000 -21.5006095 -27.50733
28416000 -22.12938457 -29.51937
28440000 -17.8489629 -30.4303699999999
28464000 -15.70395961 -30.71298
28488000 -14.59407672 -31.08086
28512000 -17.2510353 -31.54317
28536000 -19.8688335 -31.64595
28560000 -18.27674853 -32.4924
28584000 -17.2584163 -33.81301
28608000 -22.0311179 -34.83824
28632000 -25.8562612 -34.63938
28656000 -26.97097631 -35.3314
28680000 -30.44674558 -33.87119
28704000 -18.127527 -34.77771
28728000 -17.126408 -36.02274
28752000 -24.5284586 -36.55686
28776000 -18.741993 -36.34619
28800000 -12.8553236 -37.76423
28824000 -13.3390947 -38.77189
28848000 -17.5504218 -38.91408
28872000 -14.0389046 -38.57382
28896000 -13.9819107 -38.79413
28920000 -14.1367937 -38.5404600000001
28944000 -13.4732876 -38.71931
28968000 -19.0811347 -38.31163
28992000 -13.2335944 -37.64878
29016000 -9.7940153 -37.76956
29040000 -8.468904 -38.0003400000001
29064000 -10.746369 -38.345
29088000 -17.2525057 -37.67213
29112000 -11.5532216 -37.60715
29136000 -15.4957033 -38.18055
29160000 -18.2902185 -36.1634899999999
29184000 -11.0899399 -36.7820400000001
29208000 -13.3148335 -37.19805
29232000 -17.8293869 -36.54984
29256000 -11.9663299 -36.23968
29280000 -10.3413036 -36.7163
29304000 -17.8556514 -36.86194
29328000 -17.2885547 -36.08073
29352000 -18.410322 -36.57469
29376000 -26.2722686 -34.80036
29400000 -16.8590362 -35.7182299999999
29424000 -18.9025179 -36.88288
29448000 -29.967247 -38.99186
29472000 -20.4347335 -41.3513300000001
29496000 -21.2649495 -41.6998699999999
29520000 -16.2475104 -41.06579
29544000 -9.9900348 -41.3828699999999
29568000 -9.6058436 -41.92373
29592000 -15.2499624 -42.29815
29616000 -25.5626607 -41.24994
29640000 -19.7761616 -40.3249
29664000 -15.2895323 -40.30863
29688000 -15.7882728 -40.69373
29712000 -21.6324077 -40.59483
29736000 -18.1153099 -40.38845
29760000 -20.1184587 -40.98712
29784000 -29.2956026 -40.44088
29808000 -23.0369866 -40.2761999999999
29832000 -22.4623238 -39.4400400000001
29856000 -14.0710566 -39.7821700000001
29880000 -17.1254663 -40.55844
29904000 -23.3127473 -38.77729
29928000 -15.7239367 -39.3702000000001
29952000 -21.8822667 -40.25276
29975999 -45.9415793 -42.0516200000001
29999999 -29.8201764 -42.43695
30023999 -29.8792984 -43.0938199999999
30047999 -21.7903075 -40.77221
30071999 -15.9383311 -41.4134200000001
30095999 -18.9547202 -41.3007299999999
30119999 -15.3560786 -40.835
30143999 -17.290722 -40.5658599999999
30167999 -12.3268377 -40.0843100000001
30191999 -11.7702879 -40.60563
30215999 -21.0040425 -41.33254
30239999 -29.3943973 -42.7546
30263999 -16.7805451 -43.32438
30287999 -16.6249697 -44.0208799999999
30311999 -31.9936343 -42.92191
30335999 -16.6425627 -42.3745
30359999 -17.8210355 -42.16702
30383999 -15.3074687 -41.7930299999999
30407999 -19.478277 -41.12049
30431999 -11.541244 -40.4337800000001
30455999 -7.403663 -40.26351
30479999 -4.8806138 -40.43819
30503999 -5.888417 -40.50505
30527999 -3.767212 -40.17159
30551999 -1.316447 -40.58842
30575999 -1.579858 -40.77162
30599999 -1.043471 -41.0039099999999
30623999 -6.193503 -41.22324
30647999 -5.130832 -38.52025
30671999 11.402321 -39.51724
30695999 9.006477 -40.00769
30719999 12.773727 -40.1170900000001
30743999 5.142229 -40.69889
30767999 4.159006 -39.4279799999999
30791999 11.292292 -39.86743
30815999 3.095209 -40.3391899999999
30839999 1.688579 -40.03404
30863999 -1.860196 -39.5608099999999
30887999 3.747054 -39.27612
30911999 0.546363999999999 -39.97505
30935999 -5.5341 -39.36859
30959999 -0.352979999999999 -39.46695
30983999 -8.915649 -40.06364
31007999 -11.159087 -39.44079
31031999 -2.792371 -41.65989
31055999 0.00711199999999934 -43.89787
31079999 -0.479654 -45.14343
31103999 -9.708118 -45.51998
31127999 -7.639143 -45.07125
31151999 -8.412016 -45.90399
31175999 -19.381279 -45.86707
31199999 -28.164811 -46.02026
31223999 -14.106208 -43.5057400000001
31247999 -15.268063 -44.34311
31271999 -19.914559 -42.21834
31295999 -12.82265 -43.40615
31319999 -28.454685 -43.92582
31343999 -12.741987 -42.30912
31367999 -18.8748505 -43.9878
31391999 -12.6418845 -40.28925
31415999 -6.729273 -41.40458
31439999 -8.1732578 -42.03542
31463999 -10.1329275 -42.27415
31487999 -13.5838742 -42.16655
31511999 -11.1133342 -42.05628
31535999 -14.6981085 -42.98402
31559999 -19.1140892 -39.72127
31583999 -15.3058957 -40.54839
31607999 -15.4899384 -39.60997
31631999 -7.269261 -40.1335
31655999 -11.3218378 -41.05384
31679999 -23.0258791 -38.83821
31703999 -11.6023082 -39.5340200000001
31727999 -17.3706267 -39.8622
31751999 -17.1083087 -39.22182
31775999 -20.3776485 -38.96333
31799999 -14.6181953 -38.37998
31823999 -14.0738939 -38.3137399999999
31847999 -9.5987652 -38.0584
31871999 -8.1387053 -38.45119
31895999 -10.4902079 -38.65734
31919999 -12.661382 -38.5209
31943999 -15.5070223 -38.57005
31967999 -20.5190696 -37.6943200000001
31991999 -15.0208703 -37.7540399999999
32015999 -18.2105537 -38.5373500000001
32039999 -20.2435467 -40.66405
32063999 -15.9210072 -41.55408
32087999 -16.3746175 -42.0436199999999
32111999 -24.4145239 -41.41764
32135999 -18.2256528 -41.4206799999999
32159999 -22.9476027 -42.88252
32183999 -18.8803934 -45.51986
32207999 -18.0249455 -46.43099
32231999 -19.5037322 -46.6862000000001
32255999 -18.6948185 -47.21042
32279999 -24.6549844 -48.28659
32303999 -26.8480644 -46.02852
32327999 -21.3834119 -47.3433199999999
32351999 -25.9937255 -49.5091799999999
32375999 -24.6207824 -51.57199
32399999 -31.0318266 -52.46217
32423999 -43.1625461 -52.2284000000001
32447999 -26.26168707 -48.68315
32471999 -21.39890152 -49.62031
32495999 -42.40331599 -48.88546
32519999 -16.9789081 -48.3973099999999
32543999 -16.6826772 -49.23873
32567999 -28.5568982 -49.0817500000001
32591999 -22.3829788 -48.4560300000001
32615999 -38.4724089 -50.96516
32639999 -20.3704209 -52.62864
32663999 -18.1966118 -52.8438299999999
32687999 -15.2040379 -52.95132
32711999 -13.6234621 -53.4793900000001
32735999 -15.1738441 -54.0680100000001
32759999 -15.6657306 -54.2823
32783999 -13.6327047 -54.70528
32807999 -14.9404515 -55.22235
32831999 -19.5996459 -55.60353
32855999 -31.4623906 -56.28953
32879999 -25.4860875 -58.519
32903999 -22.8577951 -59.04827
32927999 -26.348907 -57.75636
32951999 -20.0573825 -57.90598
32975999 -29.8969152 -59.82545
32999999 -15.0995897 -61.91464
33023999 -15.2473567 -62.4639500000001
33047999 -16.1452289 -61.4566599999999
33071999 -10.0099495 -61.51329
33095999 -10.2128534 -61.7132
33119999 -11.3058533 -61.5843299999999
33143999 -14.0595978 -61.75809
33167999 -25.7298286 -60.55182
33191999 -19.2405392 -59.9274700000001
33215999 -17.1754454 -59.3150400000001
33239999 -17.7981 -59.5849800000001
33263999 -18.7853422 -57.9530100000001
33287999 -12.6095881 -58.6324
33311999 -19.1323992 -59.60032
33335999 -21.4699029 -57.3715900000001
33359999 -17.0121236 -58.78918
33383999 -18.0973381 -59.9320300000001
33407999 -20.7907974 -60.6574300000001
33431999 -23.6377836 -61.5179900000001
33455999 -24.0560077 -63.6896399999999
33479999 -21.5262312 -65.78377
33503999 -16.5309647 -68.4067700000001
33527999 -12.6364055 -69.82974
33551999 -19.7850132 -71.01306
33575999 -17.6277861 -68.7646000000001
33599999 -18.2395556 -69.34828
33623999 -17.0316338 -68.79688
33647999 -15.9634937 -70.00897
33671999 -17.4183873 -72.4119900000001
33695999 -20.6498595 -73.31552
33719999 -12.8369702 -71.8060400000001
33743999 -7.3426222 -72.6183
33767999 -8.285733 -73.4398
33791999 -10.986855 -74.06598
33815999 -7.771118 -74.8050900000001
33839999 -6.776626 -75.66227
33863999 -11.15224 -75.75233
33887999 -8.562694 -75.29972
33911999 -9.363205 -74.75381
33935999 -2.927188 -74.9034300000001
33959999 -16.82182 -75.63589
33983999 -6.203907 -72.54731
34007999 -4.777019 -72.82104
34031999 -7.533314 -72.3372899999999
34055999 -6.607343 -72.20285
34079999 -5.788833 -71.43931
34103999 -1.988672 -71.93737
34127999 -5.722436 -73.1803799999999
34151999 -12.511195 -69.69109
34175999 -14.050575 -71.01785
34199999 -39.11708 -68.92202
34223999 -10.956128 -70.61796
34247999 -8.796802 -72.0743799999999
34271999 -12.257009 -73.32003
34295999 -19.202227 -73.5857599999999
34319999 -15.091894 -74.64931
34343999 -11.587288 -76.90754
34367999 -9.687331 -78.11017
34391999 -14.206449 -79.2478100000001
34415999 -19.326712 -81.7191
34439999 -6.582568 -82.04281
34463999 -6.173659 -82.7003100000001
34487999 -8.184169 -80.3533299999999
34511999 4.725886 -82.82461
34535999 -2.724111 -83.23663
34559999 -10.756776 -80.80216
34583999 -4.081871 -82.28858
34607999 -7.9414081 -82.09095
34631999 -4.7873734 -81.9919100000001
34655999 -8.2058617 -82.26708
34679999 -12.1547359 -81.49735
34703999 -8.9927321 -81.09048
34727999 -6.8888759 -80.82106
34751999 -5.3818609 -80.71398
34775999 -4.6596475 -80.47849
34799999 -2.6211379 -80.3954299999999
34823999 -3.5952001 -80.4116600000001
34847999 -4.1773773 -80.14422
34871999 -3.1487839 -80.1296699999999
34895999 -6.3510556 -80.2794399999999
34919999 -15.4743771 -79.7072300000001
34943999 -5.5769138 -78.4239600000001
34967999 -1.3885858 -78.72821
34991999 -1.1722922 -78.85479
35015999 -1.2765625 -78.78658
35039999 -0.8702414 -78.73293
35063999 -0.9748098 -78.7766799999999
35087999 -2.3217217 -78.78844
35111999 -4.1735928 -78.79903
35135999 -7.5842496 -78.69875
35159999 -10.196118 -78.27519
35183999 -8.6586016 -77.81441
35207999 -6.1461114 -77.83442
35231999 -4.951677 -78.10637
35255999 -9.044834 -78.67751
35279999 -23.177372 -76.9661199999999
35303999 -5.473762 -77.03635
35327999 -6.094844 -77.66211
35351999 -8.978082 -77.60649
35375999 -9.5048686 -77.67471
35399999 -12.8016246 -78.26935
35423999 -13.567098 -80.54387
35447999 -9.9985061 -81.97757
35471999 -14.7815168 -82.6421399999999
35495999 -19.8428057 -81.39855
35519999 -15.9945882 -82.36355
35543999 -20.7369066 -84.42638
35567999 -17.3633415 -85.9135500000001
35591999 -20.3652437 -84.32125
35615999 -12.3575117 -84.9503
35639999 -15.3523536 -84.97193
35663999 -10.2462664 -84.5675399999999
35687999 -10.8711279 -85.18953
35711999 -25.2133956 -85.43034
35735999 -15.5866074 -84.7501599999999
35759999 -14.2938612 -86.00756
35783999 -17.4149705 -87.2098
35807999 -23.1468069 -86.7215
35831999 -18.557391 -86.93697
35855999 -26.2297944 -89.00076
35879999 -19.9787966 -91.1222299999999
35903999 -22.9839769 -90.5452799999999
35927999 -15.9228757 -90.1771
35951999 -14.0289971 -90.0268
35975999 -11.1821805 -90.14166
35999999 -12.8899218 -90.66947
36023999 -21.045543 -91.16584
36047999 -25.6639104 -92.15185
36071999 -18.283077 -93.50818
36095999 -19.3571148 -94.5779
36119999 -37.5710322 -96.7931699999999
36143999 -27.4043651 -97.94601
36167999 -17.8807418 -97.84965
36191999 -17.8801258 -98.5136
36215999 -24.4837754 -95.8216500000001
36239999 -13.2209652 -97.0007800000001
36263999 -14.7513158 -97.59617
36287999 -16.1692527 -97.6705800000001
36311999 -15.5318807 -98.33641
36335999 -20.6843285 -99.31687
36359999 -27.2979293 -98.2598499999999
36383999 -23.3653679 -99.26802
36407999 -21.4066912 -95.76687
36431999 -15.816477 -97.0267700000001
36455999 -22.0167265 -97.57831
36479999 -19.8691977 -96.3980899999999
36503999 -21.7747531 -96.94232
36527999 -25.1687123 -95.26171
36551999 -20.6210972 -95.57012
36575999 -21.2531957 -95.8534599999999
36599999 -20.2360276 -97.36253
36623999 -14.9533008 -98.9104
36647999 -17.292556 -99.4680500000001
36671999 -15.4954661 -98.7765999999999
36695999 -10.9597733 -99.21912
36719999 -21.4360465 -99.4811100000001
36743999 -13.1964408 -98.2075699999999
36767999 -12.0662951 -98.7352099999999
36791999 -17.21293463 -98.1569500000001
36815999 -11.56383504 -97.9227
36839999 -11.99413025 -98.1343599999999
36863999 -13.7018613 -97.6889100000001
36887999 -10.6823168 -97.38288
36911999 -9.4163267 -97.3255300000001
36935999 -8.8742967 -97.04976
36959999 -6.1735406 -96.82718
36983999 -4.12301671 -96.8760600000001
37007999 -3.8270283 -96.9611799999999
37031999 -4.288282 -97.08479
37055999 -7.3876652 -97.30398
37079999 -16.0575401 -96.9263000000001
37103999 -12.0481757 -95.78957
37127999 -8.8082227 -95.83835
37151999 -9.6533973 -95.73395
37175999 -8.4276925 -95.42278
37199999 -6.7886057 -95.3632200000001
37223999 -7.10613849 -95.3261299999999
37247999 -7.7880162 -95.1734600000001
37271999 -9.1061213148 -94.99126
37295999 -9.6305833 -94.67145
37319999 -9.9875662 -94.63378
37343999 -12.84338974 -94.47138
37367999 -14.1295718 -94.26042
37391999 -21.1496846 -94.07984
37415999 -17.4024088 -92.86068
37439999 -16.6947223 -92.8122
37463999 -15.6158554 -92.04075
37487999 -11.5132086 -91.8458099999999
37511999 -9.10719 -91.73164
37535999 -11.15336 -91.9005599999999
37559999 -25.878846 -91.58323
37583999 -14.991315 -88.33416
37607999 -5.422542 -88.5441999999999
37631999 -6.707235 -88.80269
37655999 -19.778053 -88.35779
37679999 -2.406582 -86.85178
37703999 -2.144353 -87.1677100000001
37727999 1.726308 -86.54444
37751999 6.069311 -85.89729
37775999 3.519438 -84.53943
37799999 1.666114 -84.07046
37823999 -4.449763 -83.9234299999999
37847999 -6.210098 -83.43314
37871999 -5.657206 -83.3703800000001
37895999 -11.158031 -83.38731
37919999 -4.435703 -82.6918099999999
37943999 1.752745 -83.1734899999999
37967999 -11.888976 -84.35139
37991999 4.652886 -81.66695
38015999 12.132953 -82.15115
38039999 6.583783 -82.51285
38063999 5.253733 -81.97948
38087999 1.880401 -81.90693
38111999 0.758373000000002 -80.93184
38135999 10.325666 -80.34691
38159999 -17.283278 -85.09087
38183999 0.508203000000002 -85.8856400000001
38207999 -2.341937 -85.10605
38231999 12.000353 -84.3722299999999
38255999 3.933928 -85.3198900000001
38279999 -0.499897000000001 -85.4282000000001
38303999 6.269627 -86.3839399999999
38327999 5.685397 -87.59353
38351999 -0.325738000000001 -88.51944
38375999 -10.381421 -88.8601299999999
38399999 -2.018553 -89.28662
38423999 0.808718000000002 -92.2705599999999
38447999 -1.367894 -91.46542
38471999 -0.330114000000002 -90.8802099999999
38495999 -0.411549999999998 -90.85657
38519999 0.0267569999999999 -90.9582600000001
38543999 -2.366219 -91.9334
38567999 -11.900289 -93.2881599999999
38591999 -17.321037 -95.40517
38615999 -16.880721 -97.75949
38639999 -10.291295 -98.96889
38663999 -7.649452 -99.68015
38687999 -8.7009429 -100.14157
38711999 -11.939681 -100.95106
38735999 -13.619388 -103.29168
38759999 -20.637787 -104.26097
38783999 -16.023561 -103.48605
38807999 -15.954989 -105.07987
38831999 -37.1222851 -102.82355
38855999 -15.6902123 -104.42542
38879999 -13.589862 -106.51969
38903999 -11.0395265 -108.67034
38927999 -6.373753 -109.94369
38951999 -14.615413 -110.85297
38975999 -15.8897659 -109.393
38999999 -15.505881 -108.87543
39023999 -7.630916 -108.71449
39047999 -11.6794408 -109.3869
39071999 -14.8161871 -107.89573
39095999 -7.974988 -108.64547
39119999 -18.4896812 -109.76936
39143999 -14.3045945 -108.09037
39167999 -8.8779931 -109.25932
39191999 -15.5298079 -110.8128
39215999 -14.2925954 -108.1785
39239999 -6.8497021 -109.03197
39263999 -8.487887 -109.69219
39287999 -10.5733705 -109.98224
39311999 -12.7312768 -111.24322
39335999 -20.3261689 -112.9749
39359999 -17.9835589 -112.17617
39383999 -9.7189152 -112.79565
39407999 -14.2511394 -113.62202
39431999 -14.8172917 -112.2583
39455999 -9.7105141 -113.05012
39479999 -18.1786613 -113.74495
39503999 -17.9042329 -112.70937
39527999 -16.1567615 -113.87874
39551999 -22.2327887 -115.58259
39575999 -21.3895114 -118.10333
39599999 -22.1951244 -118.67357
39623999 -15.7877117 -118.49465
39647999 -13.4622203 -119.12967
39671999 -20.2752015 -119.067
39695999 -17.5562619 -118.53725
39719999 -19.8045821 -118.47544
39743999 -20.2820306 -117.82629
39767999 -20.5452265 -117.11664
39791999 -14.216425 -117.08436
39815999 -16.0907906 -117.78406
39839999 -38.4596075 -119.31102
39863999 -25.0322398 -115.87643
39887999 -24.5108905 -115.99351
39911999 -22.0915232 -116.66997
39935999 -24.9576916 -117.86512
39959999 -27.7593648 -115.00523
39983999 -20.8517912 -116.20265
40007999 -17.5702959 -115.85133
40031999 -11.1751446 -116.17598
40055999 -14.0278962 -116.84481
40079999 -20.4889941 -114.90166
40103999 -11.7270105 -115.2026
40127999 -15.3403986 -115.26263
40151999 -16.2619868 -114.68047
40175999 -16.4780525 -114.02799
40199999 -10.7627117 -113.88371
40223999 -11.8560606 -114.1428
40247999 -16.2895843 -113.92003
40271999 -13.1607507 -113.12256
40295999 -9.3357213 -113.44298
40319999 -9.8559469 -113.95643
40343999 -15.5250472 -114.50079
40367999 -23.0606322 -113.89942
40391999 -24.2559821 -114.12061
40415999 -21.7927818 -112.17231
40439999 -16.6640061 -113.1084
40463999 -25.5303009 -114.364
40487999 -18.3617552 -111.44142
40511999 -16.3519193 -112.51808
40535999 -28.6048761 -114.67719
40559999 -18.4327504 -116.87364
40583999 -20.3282718 -117.64633
40607999 -23.8927276 -115.11206
40631999 -13.0334049 -115.81244
40655999 -10.856605 -116.4377
40679999 -13.955953 -116.78344
40703999 -13.4448536 -116.68717
40727999 -14.4534186 -117.05545
40751999 -17.1534655 -116.38232
40775999 -11.3967359 -116.67603
40799999 -17.5557415 -116.9006
40823999 -12.6899476 -115.93071
40847999 -11.7541547 -116.42509
40871999 -16.7898057 -115.29027
40895999 -7.9727215 -115.5593
40919999 -12.8962092 -116.42246
40943999 -14.6041386 -114.22871
40967999 -9.0251218 -114.87104
40991999 -11.8512893 -115.08071
41015999 -10.8078617 -115.12558
41039999 -12.8175148 -116.08679
41063999 -17.2579354 -118.09806
41087999 -15.3547942 -119.59874
41111999 -25.0027989 -120.04469
41135999 -18.6476867 -119.41907
41159999 -15.9984482 -119.94855
41183999 -14.5713028 -120.70742
41207999 -16.6361301 -121.63623
41231999 -21.7581784 -121.92346
41255999 -23.5745686 -121.42897
41279999 -19.7958874 -121.04092
41303999 -17.9955462 -120.98381
41327999 -19.649475 -120.1692
41351999 -10.803848 -119.82842
41375999 -9.332073 -120.01038
41399999 -12.145386 -119.87245
41423999 -11.751598 -118.99895
41447999 -7.067795 -118.69015
41471999 -2.357777 -118.8822
41495999 -7.736537 -119.57523
41519999 -9.372219 -118.43288
41543999 -6.68882 -119.41586
41567999 -4.208842 -121.75558
41591999 -0.609441999999998 -122.80601
41615999 -7.410261 -125.00985
41639999 -3.700564 -127.3585
41663999 -4.928818 -128.05762
41687999 -15.513626 -127.78526
41711999 -9.363997 -127.61375
41735999 6.471238 -130.61807
41759999 -1.903318 -132.61014
41783999 -3.867063 -133.05
41807999 -5.319132 -133.4131
41831999 -7.07107 -133.26939
41855999 -7.28486 -133.50599
41879999 -17.626913 -133.05584
41903999 -7.115683 -132.16149
41927999 -5.12603 -132.51688
41951999 -5.271819 -132.34362
41975999 -3.623624 -132.42122
41999999 -9.022601 -132.88085
42023999 -0.155161999999997 -131.52829
42047999 -3.526289 -132.27683
42071999 -30.396257 -130.15584
42095999 -5.852803 -130.33284
42119999 -8.111971 -131.03772
42143999 -10.202553 -129.94089
42167999 -6.362915 -130.23651
42191999 -10.172225 -130.2566
42215999 -6.241772 -129.75748
42239999 -6.700734 -130.01424
42263999 -7.956903 -128.93307
42287999 -1.80247 -129.37507
42311999 -8.355682 -129.711
42335999 -14.478789 -128.9778
42359999 -26.213477 -128.7662
42383999 -12.109197 -126.8401
42407999 -14.949517 -127.4946
42431999 -16.582435 -125.6481
42455999 -7.322669 -126.0833
42479999 -9.636552 -126.4434
42503999 -8.924421 -126.2517
42527999 -9.075249 -126.4076
42551999 -11.214637 -126.3985
42575999 -12.232206 -126.4482
42599999 -17.8931305 -126.2394
42623999 -13.9343141 -125.7141
42647999 -14.2370442 -125.9183
42671999 -16.1136629 -125.3681
42695999 -9.0286668 -125.57
42719999 -10.8492464 -125.9455
42743999 -13.3395138 -125.9445
42767999 -16.3174014 -125.6417
42791999 -15.7208025 -124.9796
42815999 -11.0752885 -124.6669
42839999 -8.8586051 -124.879
42863999 -10.3897387 -124.834
42887999 -9.5675906 -124.5567
42911999 -10.0525764 -124.6382
42935999 -13.722647 -123.6424
42959999 -4.5435013 -123.5768
42983999 -4.5244116 -123.8773
43007999 -6.749746 -123.6571
43031999 -4.8246534 -123.5444
43055999 -8.4259621 -123.7352
43079999 -9.5252672 -123.185
43103999 -7.5640257 -123.4929
43127999 -10.9448638 -124.2631
43151999 -22.85732 -124.3239
43175999 -22.3249215 -124.0222
43199999 -29.827937 -122.6453
43223999 -17.3640506 -123.2018
43247999 -16.2250286 -123.9093
43271999 -20.2317918 -124.5269
43295999 -23.3057878 -125.7288
43319999 -18.236066 -127.6871
43343999 -17.1802598 -130.0274
43367999 -12.1382889 -131.5798
43391999 -13.3614944 -132.4947
43415999 -19.1220284 -132.0219
43439999 -17.7786595 -131.7491
43463999 -18.6429959 -130.9545
43487999 -12.8693876 -131.0302
43511999 -16.2428134 -131.0851
43535999 -14.2211075 -130.4719
43559999 -14.8843457 -130.6888
43583999 -19.6199823 -129.9008
43607999 -13.4705678 -129.5149
43631999 -11.1098698 -129.9371
43655999 -10.686188 -130.5108
43679999 -10.2412241 -131.3772
43703999 -18.268348 -132.2519
43727999 -30.5757506 -131.3104
43751999 -22.4488146 -129.7664
43775999 -18.7171499 -129.7847
43799999 -14.7504224 -129.1256
43823999 -9.0687143 -129.4438
43847999 -18.4519888 -130.1469
43871999 -11.5900516 -128.1862
43895999 -9.6473676 -128.903
43919999 -20.2736644 -131.0481
43943999 -12.2615304 -133.2248
43967999 -18.2286028 -133.3995
43991999 -16.9002932 -132.7
44015999 -22.0377825 -132.9901
44039999 -25.0181717 -130.0024
44063999 -12.4893384 -129.9953
44087999 -8.8328657 -130.4924
44111999 -16.5823835 -130.6476
44135999 -13.5725373 -129.36
44159999 -16.2067811 -129.5787
44183999 -14.1611524 -128.1912
44207999 -11.3605973 -128.4639
44231999 -17.3739388 -128.2237
44255999 -12.2029374 -127.6196
44279999 -11.5305293 -127.9116
44303999 -13.1058401 -128.2143
44327999 -18.0539545 -129.0061
44351999 -25.7175878 -130.9397
44375999 -28.7331666 -131.2919
44399999 -16.9007215 -131.4445
44423999 -16.3227599 -132.3838
44447999 -39.2610234 -133.3614
44471999 -14.4644185 -131.48
44495999 -14.7495228 -132.7081
44519999 -23.357902 -134.624
44543999 -17.408842 -136.7795
44567999 -18.7381583 -137.0686
44591999 -15.3770875 -137.0317
44615999 -18.6955429 -137.135
44639999 -13.19889 -136.3966
44663999 -8.25241 -137.1871
44687999 -12.794737 -138.4259
44711999 -17.791038 -139.403
44735999 -11.887494 -140.2918
44759999 -9.064283 -141.6645
44783999 -14.171351 -142.7407
44807999 -31.916048 -140.2341
44831999 -15.5242807 -141.1418
44855999 -15.1042668 -141.2596
44879999 -11.2630033 -140.8395
44903999 -6.9872262 -140.9762
44927999 -5.9207942 -141.0899
44951999 -5.5189463 -141.0888
44975999 -6.6355197 -141.0377
44999999 -6.4959292 -140.6346
45023999 -2.2529341 -140.7487
45047999 -4.568921 -141.4641
45071999 -16.9239223 -141.5262
45095999 -13.5932027 -140.3124
45119999 -17.6394935 -140.1775
45143999 -11.8599655 -139.3757
45167999 -8.6766437 -139.5313
45191999 -7.3731128 -139.4164
45215999 -4.989615 -139.5405
45239999 -7.997747 -139.4046
45263999 -4.107114 -138.9225
45287999 -2.709698 -139.3506
45311999 -16.29863 -138.9995
45335999 -4.37548 -138.1528
45359999 -5.128002 -138.5711
45383999 -7.033979 -138.1177
45407999 -3.528814 -138.3794
45431999 -15.864482 -135.8875
45455999 -9.155998 -136.9585
45479999 -8.775127 -136.4754
45503999 -9.123213 -135.2185
45527999 -2.872128 -135.1913
45551999 2.368795 -135.7108
45575999 0.461151999999998 -135.9776
45599999 -2.799576 -136.2955
45623999 -7.781463 -135.359
45647999 -4.615523 -134.9769
45671999 1.994312 -135.1056
45695999 -3.562861 -136.0479
45719999 -9.529001 -136.341
45743999 -12.701899 -133.0237
45767999 -4.519346 -134.8226
45791999 -6.291753 -135.1036
45815999 -5.195249 -135.5013
45839999 -22.797587 -135.4047
45863999 -1.543719 -134.4848
45887999 -4.544823 -135.9919
45911999 -7.624825 -132.2952
45935999 -4.984298 -133.4941
45959999 -11.942426 -131.1194
45983999 -0.0314070000000015 -132.8027
46007999 -7.770735 -134.1888
46031999 -5.391014 -136.3504
46055999 -2.62365 -137.5381
46079999 -6.701866 -137.4378
46103999 -11.083557 -137.6162
46127999 -13.861549 -134.8093
46151999 -7.450583 -135.8018
46175999 -11.597436 -134.3813
46199999 -7.231535 -134.8621
46223999 -13.467092 -134.6866
46247999 -5.012215 -134.4798
46271999 -6.923608 -135.3308
46295999 -16.37789 -135.8215
46319999 -11.611263 -134.4638
46343999 -9.284995 -135.3126
46367999 -16.98178 -135.8874
46391999 -24.348726 -133.3449
46415999 -12.9312726 -133.2288
46439999 -9.2897726 -133.6527
46463999 -16.0979347 -134.0297
46487999 -13.4374421 -133.0871
46511999 -15.3686274 -133.4363
46535999 -14.7945704 -132.0094
46559999 -9.2728985 -132.6455
46583999 -16.4720022 -133.0922
46607999 -17.7776536 -131.6944
46631999 -17.8249097 -131.5653
46655999 -12.0476598 -130.8011
46679999 -10.2881265 -131.1529
46703999 -11.8837397 -131.1698
46727999 -13.6177123 -131.1472
46751999 -16.2880357 -130.8047
46775999 -15.045764 -130.6223
46799999 -20.6642259 -130.4379
46823999 -15.4149671 -129.749
46847999 -15.7830658 -130.229
46871999 -28.2485328 -129.4452
46895999 -19.2617233 -128.9332
46919999 -24.262324 -129.9581
46943999 -17.9680146 -132.1417
46967999 -9.7322001 -132.7692
46991999 -8.3707795 -133.6593
47015999 -16.4169931 -133.9047
47039999 -17.7062388 -133.2654
47063999 -20.1869886 -133.4247
47087999 -21.5110633 -133.3227
47111999 -18.8653116 -134.9214
47135999 -14.1867175 -136.3403
47159999 -18.2441632 -137.6552
47183999 -25.1500617 -134.7827
47207999 -21.7233803 -136.2179
47231999 -28.8388136 -133.9154
47255999 -21.1973857 -135.6092
47279999 -30.6500964 -137.7252
47303999 -14.2551084 -134.0989
47327999 -9.30135 -135.2102
47351999 -10.2380204 -135.7809
47375999 -11.1856865 -136.0424
47399999 -15.4666005 -136.6202
47423999 -33.7716645 -137.6916
47447999 -27.157464 -138.7899
47471999 -16.0660024 -139.1022
47495999 -18.4097 -139.5982
47519999 -14.837568 -138.5164
47543999 -13.9087955 -139.4329
47567999 -22.7610553 -141.3713
47591999 -14.961408 -143.1161
47615999 -14.1495932 -143.2027
47639999 -12.3445475 -143.359
47663999 -24.1645317 -143.5139
47687999 -11.9819538 -142.0754
47711999 -15.1121487 -142.9328
47735999 -15.1109831 -140.5617
47759999 -10.2815265 -141.9118
47783999 -23.170175 -143.5535
47807999 -18.2049934 -140.4265
47831999 -17.92407 -141.6029
47855999 -22.1271418 -141.9393
47879999 -16.1107616 -142.2289
47903999 -15.5493661 -143.0449
47927999 -21.6110579 -142.8397
47951999 -20.1252473 -142.3485
