   2.4598084e+01
   2.4359133e+01
   2.3626559e+01
   2.2347870e+01
   2.0413310e+01
   1.7598427e+01
   1.3375976e+01
   5.9526954e+00
  -1.2141154e+01
   5.4014590e+00
   8.9638579e+00
   9.8086808e+00
   9.0373908e+00
   6.9676530e+00
   4.5217390e+00
   4.7947820e+00
   7.2569506e+00
   9.1533320e+00
   9.9828661e+00
   9.7687721e+00
   8.4640396e+00
   5.8346694e+00
   1.5617010e+00
  -9.8168891e-01
   2.9002590e+00
   6.1478086e+00
   7.9985762e+00
   8.9731377e+00
   9.5025873e+00
   9.9631224e+00
   1.0595648e+01
   1.1395038e+01
   1.2199574e+01
   1.2879832e+01
   1.3425503e+01
   1.3932725e+01
   1.4531587e+01
   1.5277254e+01
   1.6093618e+01
   1.6829882e+01
   1.7349941e+01
   1.7577625e+01
   1.7515162e+01
   1.7277365e+01
   1.7136476e+01
   1.7441572e+01
   1.8298252e+01
   1.9431565e+01
   2.0482422e+01
   2.1221336e+01
   2.1532013e+01
   2.1347798e+01
   2.0618730e+01
   1.9332979e+01
   1.7694106e+01
   1.6626821e+01
   1.7382988e+01
   1.9282910e+01
   2.1049827e+01
   2.2247208e+01
   2.2808379e+01
   2.2730725e+01
   2.2020005e+01
   2.0782557e+01
   1.9626742e+01
   1.9987127e+01
   2.2067710e+01
   2.4451741e+01
   2.6423311e+01
   2.7875156e+01
   2.8848420e+01
   2.9404047e+01
   2.9606819e+01
   2.9539478e+01
   2.9328367e+01
   2.9161100e+01
   2.9246757e+01
   2.9692207e+01
   3.0418589e+01
   3.1243250e+01
   3.2008452e+01
   3.2628476e+01
   3.3078567e+01
   3.3375307e+01
   3.3563744e+01
   3.3707848e+01
   3.3877115e+01
   3.4126599e+01
   3.4478119e+01
   3.4916181e+01
   3.5401965e+01
   3.5893614e+01
   3.6360137e+01
   3.6785844e+01
   3.7168775e+01
   3.7516994e+01
   3.7844821e+01
   3.8169533e+01
   3.8508316e+01
   3.8875137e+01
   3.9277630e+01
   3.9714753e+01
   4.0176312e+01
   4.0644887e+01
   4.1099617e+01
   4.1520535e+01
   4.1892276e+01
   4.2206603e+01
   4.2463693e+01
   4.2672269e+01
   4.2848453e+01
   4.3013051e+01
   4.3187256e+01
   4.3387578e+01
   4.3621811e+01
   4.3887910e+01
   4.4176277e+01
   4.4474136e+01
   4.4769802e+01
   4.5055324e+01
   4.5327081e+01
   4.5584817e+01
   4.5829926e+01
   4.6063793e+01
   4.6286799e+01
   4.6498200e+01
   4.6696716e+01
   4.6881396e+01
   4.7052261e+01
   4.7210429e+01
   4.7357647e+01
   4.7495475e+01
   4.7624475e+01
   4.7743784e+01
   4.7851253e+01
   4.7944077e+01
   4.8019629e+01
   4.8076119e+01
   4.8112834e+01
   4.8129877e+01
   4.8127563e+01
   4.8105799e+01
   4.8063791e+01
   4.8000358e+01
   4.7914828e+01
   4.7808303e+01
   4.7684789e+01
   4.7551651e+01
   4.7418885e+01
   4.7297032e+01
   4.7194164e+01
   4.7113036e+01
   4.7049816e+01
   4.6995193e+01
   4.6937514e+01
   4.6866695e+01
   4.6777489e+01
   4.6671164e+01
   4.6555126e+01
   4.6440501e+01
   4.6338241e+01
   4.6255086e+01
   4.6191123e+01
   4.6140197e+01
   4.6092956e+01
   4.6041018e+01
   4.5980343e+01
   4.5912492e+01
   4.5843319e+01
   4.5779580e+01
   4.5724864e+01
   4.5676797e+01
   4.5627109e+01
   4.5564808e+01
   4.5481146e+01
   4.5374479e+01
   4.5253155e+01
   4.5134948e+01
   4.5042003e+01
   4.4991903e+01
   4.4988375e+01
   4.5017000e+01
   4.5048889e+01
   4.5050132e+01
   4.4992119e+01
   4.4859476e+01
   4.4655058e+01
   4.4402147e+01
   4.4142337e+01
   4.3925743e+01
   4.3792379e+01
   4.3752247e+01
   4.3778372e+01
   4.3818832e+01
   4.3817969e+01
   4.3733653e+01
   4.3546427e+01
   4.3263345e+01
   4.2919018e+01
   4.2571781e+01
   4.2289061e+01
   4.2120131e+01
   4.2069931e+01
   4.2096116e+01
   4.2132420e+01
   4.2118020e+01
   4.2015874e+01
   4.1819135e+01
   4.1550963e+01
   4.1259326e+01
   4.1003468e+01
   4.0830445e+01
   4.0751359e+01
   4.0735061e+01
   4.0724833e+01
   4.0663715e+01
   4.0512802e+01
   4.0259180e+01
   3.9917370e+01
   3.9526552e+01
   3.9141371e+01
   3.8813447e+01
   3.8568224e+01
   3.8392084e+01
   3.8240911e+01
   3.8063152e+01
   3.7821462e+01
   3.7504798e+01
   3.7131529e+01
   3.6744508e+01
   3.6396137e+01
   3.6124268e+01
   3.5930681e+01
   3.5778740e+01
   3.5612258e+01
   3.5380427e+01
   3.5055383e+01
   3.4640438e+01
   3.4171367e+01
   3.3709152e+01
   3.3319086e+01
   3.3039006e+01
   3.2857111e+01
   3.2720027e+01
   3.2563966e+01
   3.2344414e+01
   3.2051557e+01
   3.1712705e+01
   3.1383032e+01
   3.1122261e+01
   3.0962125e+01
   3.0885501e+01
   3.0835647e+01
   3.0746417e+01
   3.0569913e+01
   3.0290924e+01
   2.9930956e+01
   2.9544153e+01
   2.9200901e+01
   2.8956422e+01
   2.8818858e+01
   2.8743694e+01
   2.8660102e+01
   2.8505273e+01
   2.8246170e+01
   2.7887504e+01
   2.7471011e+01
   2.7064746e+01
   2.6736795e+01
   2.6519018e+01
   2.6386684e+01
   2.6273783e+01
   2.6109278e+01
   2.5846869e+01
   2.5479291e+01
   2.5041714e+01
   2.4604830e+01
   2.4250123e+01
   2.4027514e+01
   2.3922819e+01
   2.3867214e+01
   2.3778851e+01
   2.3600215e+01
   2.3315322e+01
   2.2952249e+01
   2.2574874e+01
   2.2258873e+01
   2.2052346e+01
   2.1944660e+01
   2.1872637e+01
   2.1757660e+01
   2.1541613e+01
   2.1205641e+01
   2.0775690e+01
   2.0318026e+01
   1.9917721e+01
   1.9635844e+01
   1.9468911e+01
   1.9349825e+01
   1.9190160e+01
   1.8925196e+01
   1.8539639e+01
   1.8077845e+01
   1.7638815e+01
   1.7338761e+01
   1.7238117e+01
   1.7291369e+01
   1.7379361e+01
   1.7383778e+01
   1.7234917e+01
   1.6925674e+01
   1.6512803e+01
   1.6107495e+01
   1.5833606e+01
   1.5749884e+01
   1.5800802e+01
   1.5855578e+01
   1.5785879e+01
   1.5512043e+01
   1.5017536e+01
   1.4360010e+01
   1.3684942e+01
   1.3199963e+01
   1.3051225e+01
   1.3188974e+01
   1.3413325e+01
   1.3529280e+01
   1.3426047e+01
   1.3080396e+01
   1.2549882e+01
   1.1972603e+01
   1.1536003e+01
   1.1368925e+01
   1.1430245e+01
   1.1543558e+01
   1.1525858e+01
   1.1261247e+01
   1.0711396e+01
   9.9199375e+00
   9.0353805e+00
   8.3113526e+00
   7.9738128e+00
   8.0003593e+00
   8.1329947e+00
   8.0997597e+00
   7.7301662e+00
   6.9507311e+00
   5.7848340e+00
   4.4313021e+00
   3.3895341e+00
   3.2102936e+00
   3.7651530e+00
   4.4302613e+00
   4.7737243e+00
   4.6211581e+00
   3.9088147e+00
   2.6114232e+00
   7.5958327e-01
  -1.4002017e+00
  -3.0863318e+00
  -3.4493824e+00
  -3.0080611e+00
  -2.7739554e+00
  -3.2243531e+00
  -4.5470894e+00
  -6.8839185e+00
  -1.0260560e+01
  -1.3489032e+01
  -1.3724522e+01
  -1.3021234e+01
  -1.4164240e+01
  -1.9517506e+01
  -2.3494297e+01
  -1.1988147e+01
  -6.8109717e+00
  -3.8104971e+00
  -2.0436084e+00
  -1.1194495e+00
  -7.4202583e-01
  -5.0398506e-01
   1.3587431e-01
   1.4374938e+00
   3.0853940e+00
   4.6327698e+00
   5.8361365e+00
   6.6177058e+00
   6.9824451e+00
   6.9938943e+00
   6.7988713e+00
   6.6621097e+00
   6.8939582e+00
   7.5994412e+00
   8.5688557e+00
   9.5054151e+00
   1.0217517e+01
   1.0631229e+01
   1.0755276e+01
   1.0669094e+01
   1.0528704e+01
   1.0542122e+01
   1.0858998e+01
   1.1448433e+01
   1.2134198e+01
   1.2734996e+01
   1.3142398e+01
   1.3325071e+01
   1.3316991e+01
   1.3211784e+01
   1.3147942e+01
   1.3254932e+01
   1.3571670e+01
   1.4020029e+01
   1.4468532e+01
   1.4809508e+01
   1.4992619e+01
   1.5027958e+01
   1.4980806e+01
   1.4956428e+01
   1.5058965e+01
   1.5331057e+01
   1.5725801e+01
   1.6143309e+01
   1.6490194e+01
   1.6714266e+01
   1.6812460e+01
   1.6826935e+01
   1.6832948e+01
   1.6911600e+01
   1.7109541e+01
   1.7412232e+01
   1.7756675e+01
   1.8070502e+01
   1.8304766e+01
   1.8447695e+01
   1.8524605e+01
   1.8588217e+01
   1.8698127e+01
   1.8892313e+01
   1.9166568e+01
   1.9478606e+01
   1.9772605e+01
   2.0004506e+01
   2.0155927e+01
   2.0237112e+01
   2.0282194e+01
   2.0337257e+01
   2.0441954e+01
   2.0611649e+01
   2.0831667e+01
   2.1068029e+01
   2.1286157e+01
   2.1465831e+01
   2.1607203e+01
   2.1728318e+01
   2.1855961e+01
   2.2012737e+01
   2.2205927e+01
   2.2424447e+01
   2.2645609e+01
   2.2846851e+01
   2.3015801e+01
   2.3154914e+01
   2.3279935e+01
   2.3412948e+01
   2.3572201e+01
   2.3763202e+01
   2.3976035e+01
   2.4190459e+01
   2.4385379e+01
   2.4547582e+01
   2.4676498e+01
   2.4784115e+01
   2.4890324e+01
   2.5014918e+01
   2.5169105e+01
   2.5350728e+01
   2.5545865e+01
   2.5735656e+01
   2.5904358e+01
   2.6045011e+01
   2.6161156e+01
   2.6264614e+01
   2.6370231e+01
   2.6489393e+01
   2.6625023e+01
   2.6770508e+01
   2.6912996e+01
   2.7039109e+01
   2.7140286e+01
   2.7215785e+01
   2.7272606e+01
   2.7322553e+01
   2.7377384e+01
   2.7443856e+01
   2.7520895e+01
   2.7600249e+01
   2.7670224e+01
   2.7720515e+01
   2.7746044e+01
   2.7748500e+01
   2.7735228e+01
   2.7715876e+01
   2.7697992e+01
   2.7683361e+01
   2.7666856e+01
   2.7638416e+01
   2.7587204e+01
   2.7506140e+01
   2.7395146e+01
   2.7262056e+01
   2.7120769e+01
   2.6986859e+01
   2.6871967e+01
   2.6779414e+01
   2.6703418e+01
   2.6632506e+01
   2.6555301e+01
   2.6465873e+01
   2.6366443e+01
   2.6266422e+01
   2.6178049e+01
   2.6110194e+01
   2.6063215e+01
   2.6027694e+01
   2.5987838e+01
   2.5927690e+01
   2.5837194e+01
   2.5715871e+01
   2.5573020e+01
   2.5424247e+01
   2.5285030e+01
   2.5163582e+01
   2.5056495e+01
   2.4949789e+01
   2.4824922e+01
   2.4666759e+01
   2.4470216e+01
   2.4243517e+01
   2.4006921e+01
   2.3786277e+01
   2.3602502e+01
   2.3461350e+01
   2.3349642e+01
   2.3240725e+01
   2.3105790e+01
   2.2925058e+01
   2.2695022e+01
   2.2430555e+01
   2.2161266e+01
   2.1921464e+01
   2.1735670e+01
   2.1606593e+01
   2.1513749e+01
   2.1423912e+01
   2.1306278e+01
   2.1144369e+01
   2.0941336e+01
   2.0718428e+01
   2.0506800e+01
   2.0334008e+01
   2.0210449e+01
   2.0123878e+01
   2.0045908e+01
   1.9945870e+01
   1.9803859e+01
   1.9617968e+01
   1.9404580e+01
   1.9191743e+01
   1.9006677e+01
   1.8861885e+01
   1.8747759e+01
   1.8636904e+01
   1.8497201e+01
   1.8305885e+01
   1.8058960e+01
   1.7774061e+01
   1.7485722e+01
   1.7232135e+01
   1.7036523e+01
   1.6893338e+01
   1.6769711e+01
   1.6621261e+01
   1.6411366e+01
   1.6125044e+01
   1.5775264e+01
   1.5401339e+01
   1.5056703e+01
   1.4785078e+01
   1.4595236e+01
   1.4453586e+01
   1.4301619e+01
   1.4083767e+01
   1.3769125e+01
   1.3362965e+01
   1.2909673e+01
   1.2483425e+01
   1.2158574e+01
   1.1966326e+01
   1.1871256e+01
   1.1792195e+01
   1.1646258e+01
   1.1382253e+01
   1.0996039e+01
   1.0535444e+01
   1.0093294e+01
   9.7735639e+00
   9.6299214e+00
   9.6243014e+00
   9.6527481e+00
   9.6084237e+00
   9.4259220e+00
   9.0975719e+00
   8.6774903e+00
   8.2743940e+00
   8.0122721e+00
   7.9540096e+00
   8.0502807e+00
   8.1758228e+00
   8.2076117e+00
   8.0732274e+00
   7.7653795e+00
   7.3468779e+00
   6.9475756e+00
   6.7220423e+00
   6.7519810e+00
   6.9765875e+00
   7.2424662e+00
   7.4047769e+00
   7.3800967e+00
   7.1540230e+00
   6.7802472e+00
   6.3790697e+00
   6.1078382e+00
   6.0751428e+00
   6.2555132e+00
   6.5111635e+00
   6.6907591e+00
   6.6958021e+00
   6.4952688e+00
   6.1245379e+00
   5.6853609e+00
   5.3283247e+00
   5.1839347e+00
   5.2683054e+00
   5.4701668e+00
   5.6373131e+00
   5.6576444e+00
   5.4860269e+00
   5.1449830e+00
   4.7221672e+00
   4.3535024e+00
   4.1631102e+00
   4.1768905e+00
   4.3001668e+00
   4.3888668e+00
   4.3285619e+00
   4.0683301e+00
   3.6300507e+00
   3.1164041e+00
   2.7012324e+00
   2.5510736e+00
   2.6939353e+00
   2.9895628e+00
   3.2439777e+00
   3.3132608e+00
   3.1286839e+00
   2.6920268e+00
   2.0824365e+00
   1.4731950e+00
   1.1003693e+00
   1.1131599e+00
   1.4298852e+00
   1.8174816e+00
   2.0661028e+00
   2.0560107e+00
   1.7464557e+00
   1.1653070e+00
   4.2722373e-01
  -2.3907658e-01
  -5.5034125e-01
  -3.8949844e-01
   6.7471738e-02
   5.3466465e-01
   8.0888336e-01
   7.9803914e-01
   4.9111170e-01
  -5.3342362e-02
  -6.9389043e-01
  -1.2092939e+00
  -1.3987849e+00
  -1.2522213e+00
  -9.6310354e-01
  -7.6341901e-01
  -8.0955679e-01
  -1.1699109e+00
  -1.8307022e+00
  -2.6679754e+00
  -3.3987998e+00
  -3.6584690e+00
  -3.3333596e+00
  -2.7060969e+00
  -2.1418367e+00
  -1.8636538e+00
  -1.9662228e+00
  -2.4679544e+00
  -3.3142592e+00
  -4.3145318e+00
  -5.0586576e+00
  -5.0936056e+00
  -4.4445134e+00
  -3.5802728e+00
  -2.8961060e+00
  -2.5735396e+00
  -2.6710940e+00
  -3.1849846e+00
  -4.0385851e+00
  -4.9957357e+00
  -5.5717179e+00
  -5.3140349e+00
  -4.3807706e+00
  -3.3103638e+00
  -2.4691449e+00
  -1.9974427e+00
  -1.9214463e+00
  -2.2058988e+00
  -2.7431790e+00
  -3.3064150e+00
  -3.5584789e+00
  -3.2743424e+00
  -2.5870795e+00
  -1.8326803e+00
  -1.2734574e+00
  -1.0387457e+00
  -1.1688250e+00
  -1.6405782e+00
  -2.3495037e+00
  -3.0629028e+00
  -3.4436666e+00
  -3.2967967e+00
  -2.7955719e+00
  -2.2896091e+00
  -2.0396592e+00
  -2.1759887e+00
  -2.7394850e+00
  -3.6814386e+00
  -4.7773511e+00
  -5.5143143e+00
  -5.3825305e+00
  -4.5571012e+00
  -3.6400890e+00
  -3.0256261e+00
  -2.8573215e+00
  -3.1541212e+00
  -3.8474476e+00
  -4.7209300e+00
  -5.3273188e+00
  -5.2080762e+00
  -4.4416635e+00
  -3.5258325e+00
  -2.8384711e+00
  -2.5318907e+00
  -2.6269929e+00
  -3.0577249e+00
  -3.6486746e+00
  -4.0891084e+00
  -4.0663093e+00
  -3.5662031e+00
  -2.8857346e+00
  -2.3331020e+00
  -2.0797967e+00
  -2.1824890e+00
  -2.6131859e+00
  -3.2441916e+00
  -3.8122285e+00
  -3.9887724e+00
  -3.6579936e+00
  -3.0520456e+00
  -2.4989552e+00
  -2.2087744e+00
  -2.2609923e+00
  -2.6338267e+00
  -3.1918223e+00
  -3.6548797e+00
  -3.6925544e+00
  -3.2238485e+00
  -2.5142104e+00
  -1.8920231e+00
  -1.5540119e+00
  -1.5679135e+00
  -1.9012352e+00
  -2.4033624e+00
  -2.7744810e+00
  -2.6809488e+00
  -2.0724922e+00
  -1.2412385e+00
  -5.1353786e-01
  -7.5792190e-02
   5.2901494e-03
  -2.5754063e-01
  -7.7034979e-01
  -1.3246173e+00
  -1.6137090e+00
  -1.4301748e+00
  -8.8278939e-01
  -2.7256352e-01
   1.5628322e-01
   2.8717450e-01
   1.0541484e-01
  -3.1290804e-01
  -7.8332794e-01
  -1.0328126e+00
  -8.6408757e-01
  -3.4772994e-01
   2.5867535e-01
   7.2909995e-01
   9.5352242e-01
   9.2595521e-01
   7.3164889e-01
   5.4320070e-01
   5.6953521e-01
   9.1873381e-01
   1.5028964e+00
   2.1246539e+00
   2.6163311e+00
   2.8921859e+00
   2.9430220e+00
   2.8277927e+00
   2.6708822e+00
   2.6356500e+00
   2.8418940e+00
   3.2768530e+00
   3.8094921e+00
   4.2882728e+00
   4.6104073e+00
   4.7362942e+00
   4.6845384e+00
   4.5288115e+00
   4.3893290e+00
   4.3940550e+00
   4.6061142e+00
   4.9785575e+00
   5.3917333e+00
   5.7266828e+00
   5.9073879e+00
   5.9083400e+00
   5.7512718e+00
   5.5020109e+00
   5.2602224e+00
   5.1260074e+00
   5.1460632e+00
   5.2827395e+00
   5.4409893e+00
   5.5233843e+00
   5.4673930e+00
   5.2582957e+00
   4.9318109e+00
   4.5709755e+00
   4.2846937e+00
   4.1556652e+00
   4.1850098e+00
   4.2910958e+00
   4.3645813e+00
   4.3230955e+00
   4.1363486e+00
   3.8325676e+00
   3.4958635e+00
   3.2429528e+00
   3.1640079e+00
   3.2581191e+00
   3.4318299e+00
   3.5619521e+00
   3.5545261e+00
   3.3684559e+00
   3.0204207e+00
   2.5866769e+00
   2.1931190e+00
   1.9668018e+00
   1.9536455e+00
   2.0808003e+00
   2.2122211e+00
   2.2289626e+00
   2.0694379e+00
   1.7388282e+00
   1.3123008e+00
   9.2774851e-01
   7.3413532e-01
   7.9136455e-01
   1.0175031e+00
   1.2537525e+00
   1.3602068e+00
   1.2582094e+00
   9.3445281e-01
   4.4286248e-01
  -8.9222557e-02
  -4.8277500e-01
  -6.0129027e-01
  -4.6299493e-01
  -2.2554418e-01
  -6.4747658e-02
  -9.2030109e-02
  -3.3677869e-01
  -7.4461504e-01
  -1.1734967e+00
  -1.4257162e+00
  -1.3664013e+00
  -1.0442919e+00
  -6.4769907e-01
  -3.6323336e-01
  -3.0193051e-01
  -4.9449511e-01
  -8.9516708e-01
  -1.3737669e+00
  -1.7282867e+00
  -1.7834252e+00
  -1.5371352e+00
  -1.1636040e+00
  -8.6780397e-01
  -7.8324589e-01
  -9.5604437e-01
  -1.3497095e+00
  -1.8382206e+00
  -2.2157476e+00
  -2.2947177e+00
  -2.0649852e+00
  -1.7083062e+00
  -1.4465577e+00
  -1.4317800e+00
  -1.7302190e+00
  -2.3251393e+00
  -3.0893661e+00
  -3.7444448e+00
  -3.9488616e+00
  -3.6123607e+00
  -3.0101930e+00
  -2.4867115e+00
  -2.2504068e+00
  -2.3822349e+00
  -2.8745458e+00
  -3.6200812e+00
  -4.3563746e+00
  -4.6898127e+00
  -4.4046375e+00
  -3.7247588e+00
  -3.0403558e+00
  -2.6061083e+00
  -2.5225549e+00
  -2.7917543e+00
  -3.3290697e+00
  -3.9301985e+00
  -4.2721331e+00
  -4.1051015e+00
  -3.5134241e+00
  -2.8145190e+00
  -2.2794980e+00
  -2.0494005e+00
  -2.1739879e+00
  -2.6439916e+00
  -3.3847887e+00
  -4.2163156e+00
  -4.8369217e+00
  -4.9785965e+00
  -4.6789609e+00
  -4.2428041e+00
  -3.9627397e+00
  -4.0027426e+00
  -4.4211652e+00
  -5.1866635e+00
  -6.1321483e+00
  -6.8796913e+00
  -6.9854214e+00
  -6.4287898e+00
  -5.6439466e+00
  -5.0299335e+00
  -4.7759872e+00
  -4.9343084e+00
  -5.4732306e+00
  -6.2604822e+00
  -7.0064710e+00
  -7.3184645e+00
  -7.0393546e+00
  -6.4422212e+00
  -5.9103319e+00
  -5.6765115e+00
  -5.8255919e+00
  -6.3384287e+00
  -7.0765028e+00
  -7.7266876e+00
  -7.8820775e+00
  -7.4218188e+00
  -6.6636755e+00
  -5.9944660e+00
  -5.6355371e+00
  -5.6739159e+00
  -6.1252126e+00
  -6.9477147e+00
  -8.0009721e+00
  -8.9707211e+00
  -9.4301408e+00
  -9.2359427e+00
  -8.7196501e+00
  -8.2987264e+00
  -8.2181752e+00
  -8.5845369e+00
  -9.4302762e+00
  -1.0703364e+01
  -1.2127462e+01
  -1.2991434e+01
  -1.2640384e+01
  -1.1503386e+01
  -1.0383184e+01
  -9.6635606e+00
  -9.4480671e+00
  -9.7445680e+00
  -1.0506238e+01
  -1.1560973e+01
  -1.2444737e+01
  -1.2481177e+01
  -1.1584521e+01
  -1.0398110e+01
  -9.4551221e+00
  -8.9743612e+00
  -9.0308587e+00
  -9.6599893e+00
  -1.0870266e+01
  -1.2532846e+01
  -1.3993523e+01
  -1.3981694e+01
  -1.2534077e+01
  -1.0925955e+01
  -9.7905529e+00
  -9.2558652e+00
  -9.3261507e+00
  -9.9942326e+00
  -1.1241752e+01
  -1.2941628e+01
  -1.4558896e+01
  -1.5023360e+01
  -1.4137333e+01
  -1.2954137e+01
  -1.2176588e+01
  -1.2013137e+01
  -1.2526069e+01
  -1.3774870e+01
  -1.5829128e+01
  -1.8517392e+01
  -2.0209673e+01
  -1.8808591e+01
  -1.6479674e+01
  -1.4795559e+01
  -1.3916680e+01
  -1.3790390e+01
  -1.4408039e+01
  -1.5843326e+01
  -1.8237773e+01
  -2.1362512e+01
  -2.2227287e+01
  -1.9270552e+01
  -1.6383588e+01
  -1.4486013e+01
  -1.3464208e+01
  -1.3209822e+01
  -1.3698408e+01
  -1.4973470e+01
  -1.7056875e+01
  -1.9352687e+01
  -1.9395290e+01
  -1.6952822e+01
  -1.4583444e+01
  -1.3015701e+01
  -1.2240486e+01
  -1.2194535e+01
  -1.2846444e+01
  -1.4148097e+01
  -1.5801500e+01
  -1.6721872e+01
  -1.5798634e+01
  -1.3982269e+01
  -1.2439941e+01
  -1.1513841e+01
  -1.1249124e+01
  -1.1657696e+01
  -1.2784354e+01
  -1.4708848e+01
  -1.7388186e+01
  -1.9670058e+01
  -1.8941415e+01
  -1.6632677e+01
  -1.4851164e+01
  -1.3918409e+01
  -1.3788134e+01
  -1.4439572e+01
  -1.5932744e+01
  -1.8404065e+01
  -2.1742371e+01
  -2.3402246e+01
  -2.0970580e+01
  -1.8294292e+01
  -1.6624884e+01
  -1.5881865e+01
  -1.5963025e+01
  -1.6873474e+01
  -1.8752068e+01
  -2.1908033e+01
  -2.6154179e+01
  -2.5795266e+01
  -2.1688428e+01
  -1.8842121e+01
  -1.7244569e+01
  -1.6612288e+01
  -1.6839113e+01
  -1.7971356e+01
  -2.0244276e+01
  -2.4203513e+01
  -2.9076618e+01
  -2.5593980e+01
  -2.1126252e+01
  -1.8501255e+01
  -1.7104410e+01
  -1.6617604e+01
  -1.6925421e+01
  -1.8044357e+01
  -2.0141959e+01
  -2.3701931e+01
  -3.0264473e+01
  -3.6048355e+01
  -2.7559662e+01
  -2.3561292e+01
  -2.1540094e+01
  -2.0619907e+01
  -2.0497298e+01
  -2.1094349e+01
  -2.2495867e+01
  -2.4978463e+01
  -2.8788428e+01
  -2.9925629e+01
  -2.5235205e+01
  -2.1311070e+01
  -1.8705323e+01
  -1.7069425e+01
  -1.6217290e+01
  -1.6077525e+01
  -1.6639778e+01
  -1.7877575e+01
  -1.9455467e+01
  -2.0042404e+01
  -1.8526193e+01
  -1.6277153e+01
  -1.4456691e+01
  -1.3311144e+01
  -1.2838854e+01
  -1.3012813e+01
  -1.3795628e+01
  -1.5035640e+01
  -1.6159374e+01
  -1.6096065e+01
  -1.4721794e+01
  -1.3078072e+01
  -1.1810439e+01
  -1.1077958e+01
  -1.0875231e+01
  -1.1140866e+01
  -1.1744061e+01
  -1.2415739e+01
  -1.2746375e+01
  -1.2479507e+01
  -1.1819859e+01
  -1.1182504e+01
  -1.0860194e+01
  -1.0994875e+01
  -1.1638273e+01
  -1.2742074e+01
  -1.3989784e+01
  -1.4550926e+01
  -1.3769612e+01
  -1.2271387e+01
  -1.0904182e+01
  -1.0006981e+01
  -9.6538793e+00
  -9.8412886e+00
  -1.0518613e+01
  -1.1505395e+01
  -1.2298190e+01
  -1.2155675e+01
  -1.1015260e+01
  -9.5852985e+00
  -8.3958919e+00
  -7.6278727e+00
  -7.3031249e+00
  -7.3773612e+00
  -7.7422466e+00
  -8.1845446e+00
  -8.3851388e+00
  -8.1032381e+00
  -7.4214497e+00
  -6.6476040e+00
  -6.0478286e+00
  -5.7629905e+00
  -5.8418637e+00
  -6.2655613e+00
  -6.9271536e+00
  -7.5767751e+00
  -7.8437433e+00
  -7.5184150e+00
  -6.8019479e+00
  -6.0688788e+00
  -5.5788247e+00
  -5.4499181e+00
  -5.7159913e+00
  -6.3502700e+00
  -7.2361274e+00
  -8.0979213e+00
  -8.5242036e+00
  -8.3038421e+00
  -7.6923318e+00
  -7.1002821e+00
  -6.7861006e+00
  -6.8505224e+00
  -7.2953707e+00
  -8.0276899e+00
  -8.8092992e+00
  -9.2563026e+00
  -9.1065424e+00
  -8.5309078e+00
  -7.9266343e+00
  -7.5855986e+00
  -7.6480196e+00
  -8.1611532e+00
  -9.0918205e+00
  -1.0242237e+01
  -1.1089605e+01
  -1.0996196e+01
  -1.0051790e+01
  -8.9339537e+00
  -8.1052095e+00
  -7.7347371e+00
  -7.8667724e+00
  -8.4985030e+00
  -9.5673977e+00
  -1.0838233e+01
  -1.1729871e+01
  -1.1616021e+01
  -1.0706477e+01
  -9.7173164e+00
  -9.0821985e+00
  -8.9512953e+00
  -9.3604530e+00
  -1.0283112e+01
  -1.1555265e+01
  -1.2659209e+01
  -1.2779717e+01
  -1.1844918e+01
  -1.0647368e+01
  -9.7567001e+00
  -9.3595651e+00
  -9.4794764e+00
  -1.0063796e+01
  -1.0947192e+01
  -1.1743787e+01
  -1.1915148e+01
  -1.1322528e+01
  -1.0419736e+01
  -9.6775026e+00
  -9.3223701e+00
  -9.4251311e+00
  -9.9799907e+00
  -1.0903151e+01
  -1.1956699e+01
  -1.2685374e+01
  -1.2694104e+01
  -1.2143808e+01
  -1.1534581e+01
  -1.1224566e+01
  -1.1376520e+01
  -1.2057947e+01
  -1.3288148e+01
  -1.4987458e+01
  -1.6743740e+01
  -1.7586493e+01
  -1.7043038e+01
  -1.6002799e+01
  -1.5272237e+01
  -1.5127946e+01
  -1.5644636e+01
  -1.6857655e+01
  -1.8748336e+01
  -2.0929283e+01
  -2.1930034e+01
  -2.0795303e+01
  -1.9095418e+01
  -1.7920272e+01
  -1.7492157e+01
  -1.7851249e+01
  -1.9073476e+01
  -2.1309068e+01
  -2.4457952e+01
  -2.5798224e+01
  -2.2937698e+01
  -1.9978079e+01
  -1.8090239e+01
  -1.7171115e+01
  -1.7126737e+01
  -1.7987746e+01
  -1.9949045e+01
  -2.3424521e+01
  -2.7587293e+01
  -2.4908441e+01
  -2.0579728e+01
  -1.7878391e+01
  -1.6399054e+01
  -1.5863649e+01
  -1.6183555e+01
  -1.7416712e+01
  -1.9806633e+01
  -2.3892263e+01
  -2.8636708e+01
  -2.5119791e+01
  -2.0897644e+01
  -1.8475199e+01
  -1.7268107e+01
  -1.6971925e+01
  -1.7476746e+01
  -1.8803898e+01
  -2.1135425e+01
  -2.5026789e+01
  -3.2635297e+01
  -3.8187579e+01
  -2.7922865e+01
  -2.3631386e+01
  -2.1122186e+01
  -1.9493077e+01
  -1.8451288e+01
  -1.7915931e+01
  -1.7909957e+01
  -1.8532289e+01
  -1.9986236e+01
  -2.2716300e+01
  -2.7969382e+01
  -3.6293081e+01
  -2.7263743e+01
  -2.2298552e+01
  -1.9761965e+01
  -1.8592241e+01
  -1.8473672e+01
  -1.9371677e+01
  -2.1457292e+01
  -2.5035533e+01
  -2.8207649e+01
  -2.5021954e+01
  -2.1331259e+01
  -1.9127953e+01
  -1.8103332e+01
  -1.8071801e+01
  -1.9040739e+01
  -2.1258135e+01
  -2.5566972e+01
  -3.5643306e+01
  -3.0772855e+01
  -2.4042843e+01
  -2.0965527e+01
  -1.9519928e+01
  -1.9168044e+01
  -1.9762352e+01
  -2.1374417e+01
  -2.4384824e+01
  -3.0180376e+01
  -4.5709171e+01
  -3.0448374e+01
  -2.5196668e+01
  -2.2581445e+01
  -2.1221407e+01
  -2.0693452e+01
  -2.0854195e+01
  -2.1711291e+01
  -2.3429863e+01
  -2.6480700e+01
  -3.2304180e+01
  -3.8540732e+01
  -2.9507956e+01
  -2.4910339e+01
  -2.2453716e+01
  -2.1256030e+01
  -2.1053651e+01
  -2.1839877e+01
  -2.3846826e+01
  -2.7801055e+01
  -3.5260152e+01
  -3.1566623e+01
  -2.5714552e+01
  -2.2752617e+01
  -2.1368663e+01
  -2.1138100e+01
  -2.1984361e+01
  -2.4064131e+01
  -2.7721960e+01
  -3.1354988e+01
  -2.8379286e+01
  -2.4744072e+01
  -2.2744189e+01
  -2.2077620e+01
  -2.2628813e+01
  -2.4614331e+01
  -2.8990510e+01
  -3.9796167e+01
  -3.1406751e+01
  -2.5266914e+01
  -2.2294791e+01
  -2.0868269e+01
  -2.0532264e+01
  -2.1174450e+01
  -2.2893710e+01
  -2.6084246e+01
  -3.1710454e+01
  -3.4931949e+01
  -2.8946946e+01
  -2.5390390e+01
  -2.3577178e+01
  -2.2829643e+01
  -2.2834933e+01
  -2.3421083e+01
  -2.4488052e+01
  -2.6005268e+01
  -2.8004892e+01
  -3.0269221e+01
  -3.0939134e+01
  -2.8356602e+01
  -2.5117152e+01
  -2.2589791e+01
  -2.0887873e+01
  -1.9966197e+01
  -1.9827402e+01
  -2.0572365e+01
  -2.2497063e+01
  -2.6477071e+01
  -3.6559860e+01
  -3.1276036e+01
  -2.3940406e+01
  -2.0410302e+01
  -1.8515890e+01
  -1.7693026e+01
  -1.7767732e+01
  -1.8752750e+01
  -2.0845876e+01
  -2.4561402e+01
  -3.0149624e+01
  -2.8381910e+01
  -2.3524333e+01
  -2.0767850e+01
  -1.9434004e+01
  -1.9163710e+01
  -1.9875467e+01
  -2.1713807e+01
  -2.5218178e+01
  -3.2045185e+01
  -3.3339715e+01
  -2.6170335e+01
  -2.2600682e+01
  -2.0810001e+01
  -2.0174540e+01
  -2.0519819e+01
  -2.1916333e+01
  -2.4735955e+01
  -2.9834179e+01
  -3.2147505e+01
  -2.6009766e+01
  -2.2049475e+01
  -1.9775268e+01
  -1.8603975e+01
  -1.8313734e+01
  -1.8857786e+01
  -2.0293326e+01
  -2.2632815e+01
  -2.4815607e+01
  -2.3693777e+01
  -2.0712502e+01
  -1.8356234e+01
  -1.6928819e+01
  -1.6345732e+01
  -1.6557598e+01
  -1.7574093e+01
  -1.9372924e+01
  -2.1380841e+01
  -2.1506823e+01
  -1.9348100e+01
  -1.7109205e+01
  -1.5605428e+01
  -1.4887019e+01
  -1.4908408e+01
  -1.5630111e+01
  -1.6936770e+01
  -1.8299259e+01
  -1.8448227e+01
  -1.6993472e+01
  -1.5176066e+01
  -1.3791177e+01
  -1.3022997e+01
  -1.2889234e+01
  -1.3399773e+01
  -1.4593318e+01
  -1.6520767e+01
  -1.9052314e+01
  -2.1012471e+01
  -2.0380456e+01
  -1.8426150e+01
  -1.6892483e+01
  -1.6129690e+01
  -1.6138057e+01
  -1.6930312e+01
  -1.8612820e+01
  -2.1432470e+01
  -2.5480755e+01
  -2.6886675e+01
  -2.3086053e+01
  -1.9875156e+01
  -1.7880854e+01
  -1.6798896e+01
  -1.6453702e+01
  -1.6783165e+01
  -1.7798826e+01
  -1.9528145e+01
  -2.1728926e+01
  -2.2898770e+01
  -2.1407664e+01
  -1.9041095e+01
  -1.7210859e+01
  -1.6135857e+01
  -1.5800719e+01
  -1.6217027e+01
  -1.7489944e+01
  -1.9916552e+01
  -2.4364329e+01
  -3.5137122e+01
  -3.1160393e+01
  -2.3970024e+01
  -2.1029464e+01
  -1.9914843e+01
  -2.0126678e+01
  -2.1708978e+01
  -2.5328888e+01
  -3.4543665e+01
  -3.3241689e+01
  -2.4671889e+01
  -2.1044471e+01
  -1.9290050e+01
  -1.8742363e+01
  -1.9226480e+01
  -2.0800321e+01
  -2.3708607e+01
  -2.7660572e+01
  -2.7301721e+01
  -2.3375094e+01
  -2.0628932e+01
  -1.9126440e+01
  -1.8592388e+01
  -1.8902749e+01
  -2.0058405e+01
  -2.2172935e+01
  -2.5377415e+01
  -2.8453576e+01
  -2.6942343e+01
  -2.3577266e+01
  -2.1079287e+01
  -1.9437434e+01
  -1.8437695e+01
  -1.7957715e+01
  -1.7957130e+01
  -1.8462680e+01
  -1.9567268e+01
  -2.1438444e+01
  -2.4248386e+01
  -2.7143556e+01
  -2.6136864e+01
  -2.2810644e+01
  -2.0261645e+01
  -1.8715298e+01
  -1.8026912e+01
  -1.8124966e+01
  -1.9031946e+01
  -2.0865042e+01
  -2.3755842e+01
  -2.6750174e+01
  -2.5767095e+01
  -2.2625960e+01
  -2.0327699e+01
  -1.9045215e+01
  -1.8622558e+01
  -1.8986065e+01
  -2.0171044e+01
  -2.2371512e+01
  -2.6164418e+01
  -3.3838013e+01
  -4.0278347e+01
  -2.9293094e+01
  -2.5245682e+01
  -2.3230196e+01
  -2.2334872e+01
  -2.2280141e+01
  -2.3029715e+01
  -2.4754858e+01
  -2.8035674e+01
  -3.5238503e+01
  -4.2125005e+01
  -2.9744909e+01
  -2.5198188e+01
  -2.2825560e+01
  -2.1723600e+01
  -2.1653958e+01
  -2.2636318e+01
  -2.4861195e+01
  -2.8099353e+01
  -2.7945125e+01
  -2.3867213e+01
  -2.0637719e+01
  -1.8625397e+01
  -1.7591216e+01
  -1.7410870e+01
  -1.8068726e+01
  -1.9609841e+01
  -2.1892441e+01
  -2.3360163e+01
  -2.1671748e+01
  -1.8952622e+01
  -1.6915337e+01
  -1.5728381e+01
  -1.5317056e+01
  -1.5628629e+01
  -1.6630749e+01
  -1.8189495e+01
  -1.9657496e+01
  -1.9660607e+01
  -1.8136837e+01
  -1.6454917e+01
  -1.5296564e+01
  -1.4794495e+01
  -1.4954791e+01
  -1.5768715e+01
  -1.7172726e+01
  -1.8794296e+01
  -1.9510152e+01
  -1.8510259e+01
  -1.6830240e+01
  -1.5464402e+01
  -1.4699705e+01
  -1.4583467e+01
  -1.5137793e+01
  -1.6404725e+01
  -1.8378201e+01
  -2.0531081e+01
  -2.0883652e+01
  -1.8900352e+01
  -1.6702789e+01
  -1.5157192e+01
  -1.4330724e+01
  -1.4179484e+01
  -1.4678367e+01
  -1.5809462e+01
  -1.7435497e+01
  -1.8880098e+01
  -1.8790345e+01
  -1.7208332e+01
  -1.5481676e+01
  -1.4245570e+01
  -1.3608902e+01
  -1.3549490e+01
  -1.4009106e+01
  -1.4858004e+01
  -1.5774352e+01
  -1.6188349e+01
  -1.5745862e+01
  -1.4805757e+01
  -1.3930648e+01
  -1.3428874e+01
  -1.3408788e+01
  -1.3887433e+01
  -1.4806305e+01
  -1.5943269e+01
  -1.6773562e+01
  -1.6725727e+01
  -1.5941044e+01
  -1.5062414e+01
  -1.4524108e+01
  -1.4497340e+01
  -1.5038421e+01
  -1.6140659e+01
  -1.7643444e+01
  -1.8931679e+01
  -1.8984988e+01
  -1.7843804e+01
  -1.6538715e+01
  -1.5662768e+01
  -1.5379900e+01
  -1.5727020e+01
  -1.6714889e+01
  -1.8283893e+01
  -2.0007143e+01
  -2.0618953e+01
  -1.9424526e+01
  -1.7671749e+01
  -1.6306928e+01
  -1.5559748e+01
  -1.5456081e+01
  -1.6006602e+01
  -1.7231589e+01
  -1.9055534e+01
  -2.0799455e+01
  -2.0709485e+01
  -1.8762694e+01
  -1.6713950e+01
  -1.5253126e+01
  -1.4453147e+01
  -1.4285177e+01
  -1.4728989e+01
  -1.5767538e+01
  -1.7292374e+01
  -1.8794959e+01
  -1.9135035e+01
  -1.7985611e+01
  -1.6457332e+01
  -1.5307526e+01
  -1.4730507e+01
  -1.4736066e+01
  -1.5277630e+01
  -1.6222222e+01
  -1.7209463e+01
  -1.7591467e+01
  -1.7024425e+01
  -1.5984657e+01
  -1.5080402e+01
  -1.4611255e+01
  -1.4688081e+01
  -1.5366501e+01
  -1.6690871e+01
  -1.8632074e+01
  -2.0704497e+01
  -2.1329252e+01
  -1.9912323e+01
  -1.8111390e+01
  -1.6836213e+01
  -1.6233770e+01
  -1.6296169e+01
  -1.7023150e+01
  -1.8434729e+01
  -2.0461052e+01
  -2.2399101e+01
  -2.2373371e+01
  -2.0411919e+01
  -1.8373562e+01
  -1.6927752e+01
  -1.6123552e+01
  -1.5916380e+01
  -1.6268096e+01
  -1.7132629e+01
  -1.8363565e+01
  -1.9495268e+01
  -1.9706786e+01
  -1.8791183e+01
  -1.7516033e+01
  -1.6521648e+01
  -1.6050637e+01
  -1.6182681e+01
  -1.6963354e+01
  -1.8413081e+01
  -2.0346294e+01
  -2.1730336e+01
  -2.1034773e+01
  -1.9143408e+01
  -1.7523961e+01
  -1.6595214e+01
  -1.6410687e+01
  -1.7005258e+01
  -1.8494081e+01
  -2.1147359e+01
  -2.5359451e+01
  -2.8511331e+01
  -2.4821801e+01
  -2.1379573e+01
  -1.9469596e+01
  -1.8708846e+01
  -1.8913586e+01
  -2.0087169e+01
  -2.2424443e+01
  -2.6344977e+01
  -3.0589774e+01
  -2.7659541e+01
  -2.3785449e+01
  -2.1546162e+01
  -2.0510699e+01
  -2.0423873e+01
  -2.1223500e+01
  -2.3015661e+01
  -2.6162195e+01
  -3.1441412e+01
  -3.4605356e+01
  -2.9158987e+01
  -2.5562118e+01
  -2.3666941e+01
  -2.2909001e+01
  -2.3100798e+01
  -2.4293167e+01
  -2.6829906e+01
  -3.1645040e+01
  -3.5563752e+01
  -2.8797248e+01
  -2.4191986e+01
  -2.1414773e+01
  -1.9738796e+01
  -1.8871950e+01
  -1.8704412e+01
  -1.9228416e+01
  -2.0523204e+01
  -2.2762002e+01
  -2.6045637e+01
  -2.8432030e+01
  -2.6004062e+01
  -2.2744235e+01
  -2.0529526e+01
  -1.9250316e+01
  -1.8732176e+01
  -1.8893533e+01
  -1.9736333e+01
  -2.1352851e+01
  -2.3962099e+01
  -2.7842572e+01
  -3.1035575e+01
  -2.8133639e+01
  -2.4558252e+01
  -2.2250139e+01
  -2.0933076e+01
  -2.0397857e+01
  -2.0571860e+01
  -2.1489591e+01
  -2.3298262e+01
  -2.6254325e+01
  -2.9946816e+01
  -2.9537066e+01
  -2.5863215e+01
  -2.3208339e+01
  -2.1775561e+01
  -2.1389158e+01
  -2.2046677e+01
  -2.4003070e+01
  -2.8116894e+01
  -3.6287644e+01
  -3.0120856e+01
  -2.4197381e+01
  -2.1079657e+01
  -1.9430888e+01
  -1.8822196e+01
  -1.9124828e+01
  -2.0353545e+01
  -2.2533233e+01
  -2.4910278e+01
  -2.4438017e+01
  -2.1574439e+01
  -1.9132414e+01
  -1.7613246e+01
  -1.6943524e+01
  -1.7062446e+01
  -1.7979887e+01
  -1.9749193e+01
  -2.2214631e+01
  -2.3780445e+01
  -2.2211434e+01
  -1.9664195e+01
  -1.7784990e+01
  -1.6733761e+01
  -1.6437148e+01
  -1.6839481e+01
  -1.7889156e+01
  -1.9377942e+01
  -2.0496022e+01
  -1.9991676e+01
  -1.8230068e+01
  -1.6456045e+01
  -1.5175476e+01
  -1.4470017e+01
  -1.4329346e+01
  -1.4739066e+01
  -1.5679772e+01
  -1.7054338e+01
  -1.8463953e+01
  -1.9001967e+01
  -1.8186729e+01
  -1.6808823e+01
  -1.5651173e+01
  -1.4993516e+01
  -1.4897478e+01
  -1.5367898e+01
  -1.6371235e+01
  -1.7735205e+01
  -1.8891795e+01
  -1.8952190e+01
  -1.7922247e+01
  -1.6702440e+01
  -1.5874162e+01
  -1.5627148e+01
  -1.6017822e+01
  -1.7064508e+01
  -1.8682497e+01
  -2.0317775e+01
  -2.0593730e+01
  -1.9204909e+01
  -1.7539035e+01
  -1.6378440e+01
  -1.5881305e+01
  -1.6045861e+01
  -1.6826496e+01
  -1.8055223e+01
  -1.9166525e+01
  -1.9177118e+01
  -1.7988471e+01
  -1.6558624e+01
  -1.5519282e+01
  -1.5066840e+01
  -1.5264246e+01
  -1.6178432e+01
  -1.7930498e+01
  -2.0653992e+01
  -2.3696562e+01
  -2.3413284e+01
  -2.0375850e+01
  -1.7895579e+01
  -1.6373719e+01
  -1.5666195e+01
  -1.5667769e+01
  -1.6334349e+01
  -1.7635398e+01
  -1.9388336e+01
  -2.0769996e+01
  -2.0413510e+01
  -1.8716522e+01
  -1.7033810e+01
  -1.5887090e+01
  -1.5354626e+01
  -1.5426810e+01
  -1.6086463e+01
  -1.7277546e+01
  -1.8737627e+01
  -1.9677368e+01
  -1.9233395e+01
  -1.7888732e+01
  -1.6619665e+01
  -1.5860711e+01
  -1.5732555e+01
  -1.6287281e+01
  -1.7580762e+01
  -1.9604269e+01
  -2.1753528e+01
  -2.1931334e+01
  -1.9884693e+01
  -1.7784415e+01
  -1.6392179e+01
  -1.5742781e+01
  -1.5776036e+01
  -1.6431859e+01
  -1.7595194e+01
  -1.8908832e+01
  -1.9580763e+01
  -1.9070748e+01
  -1.7976457e+01
  -1.7076356e+01
  -1.6714959e+01
  -1.7014468e+01
  -1.8056691e+01
  -1.9928171e+01
  -2.2518283e+01
  -2.4345795e+01
  -2.3037288e+01
  -2.0618179e+01
  -1.8859865e+01
  -1.7960493e+01
  -1.7860464e+01
  -1.8522637e+01
  -1.9915972e+01
  -2.1777546e+01
  -2.2891263e+01
  -2.1802234e+01
  -1.9694835e+01
  -1.7933473e+01
  -1.6835390e+01
  -1.6410341e+01
  -1.6649970e+01
  -1.7586008e+01
  -1.9286928e+01
  -2.1708922e+01
  -2.3799368e+01
  -2.3034138e+01
  -2.0558146e+01
  -1.8500964e+01
  -1.7238468e+01
  -1.6721369e+01
  -1.6891539e+01
  -1.7716163e+01
  -1.9117833e+01
  -2.0717219e+01
  -2.1437493e+01
  -2.0541093e+01
  -1.9013405e+01
  -1.7817963e+01
  -1.7260787e+01
