   1.6978691e+01
   1.6517970e+01
   1.5181963e+01
   1.3103687e+01
   1.0487343e+01
   7.5844017e+00
   4.6644325e+00
   1.9844254e+00
   2.4713957e-01
   1.8623999e+00
   2.8066800e+00
   3.0933855e+00
   2.8305416e+00
   2.2303995e+00
   1.6830110e+00
   1.7367572e+00
   2.3059375e+00
   2.8685776e+00
   3.1560459e+00
   3.0792050e+00
   2.6497322e+00
   1.9576429e+00
   1.1969749e+00
   8.9313180e-01
   1.3964100e+00
   2.0295064e+00
   2.5114747e+00
   2.8096802e+00
   2.9862720e+00
   3.1488801e+00
   3.3867443e+00
   3.7132304e+00
   4.0736029e+00
   4.4054634e+00
   4.6911047e+00
   4.9732036e+00
   5.3281855e+00
   5.8058081e+00
   6.3779467e+00
   6.9421518e+00
   7.3705021e+00
   7.5662596e+00
   7.5120440e+00
   7.3091731e+00
   7.1915716e+00
   7.4486679e+00
   8.2207717e+00
   9.3665192e+00
   1.0571122e+01
   1.1509774e+01
   1.1928907e+01
   1.1678576e+01
   1.0738324e+01
   9.2608090e+00
   7.6684095e+00
   6.7817385e+00
   7.3985978e+00
   9.2075800e+00
   1.1284735e+01
   1.2952702e+01
   1.3817166e+01
   1.3694187e+01
   1.2618282e+01
   1.0942785e+01
   9.5793732e+00
   9.9851902e+00
   1.2687776e+01
   1.6695024e+01
   2.0949108e+01
   2.4760407e+01
   2.7696252e+01
   2.9525846e+01
   3.0223235e+01
   2.9989822e+01
   2.9269706e+01
   2.8711442e+01
   2.8995984e+01
   3.0521814e+01
   3.3184056e+01
   3.6489044e+01
   3.9849473e+01
   4.2798034e+01
   4.5074234e+01
   4.6640730e+01
   4.7663637e+01
   4.8461003e+01
   4.9414652e+01
   5.0854564e+01
   5.2954874e+01
   5.5694085e+01
   5.8897692e+01
   6.2327646e+01
   6.5766822e+01
   6.9070439e+01
   7.2183636e+01
   7.5136283e+01
   7.8026310e+01
   8.0998441e+01
   8.4220105e+01
   8.7853049e+01
   9.2019846e+01
   9.6769312e+01
   1.0205061e+02
   1.0770711e+02
   1.1349608e+02
   1.1913153e+02
   1.2434084e+02
   1.2892292e+02
   1.3279589e+02
   1.3602335e+02
   1.3881061e+02
   1.4146616e+02
   1.4433205e+02
   1.4769945e+02
   1.5173667e+02
   1.5645717e+02
   1.6173867e+02
   1.6738125e+02
   1.7317696e+02
   1.7896422e+02
   1.8465201e+02
   1.9021329e+02
   1.9565741e+02
   2.0099704e+02
   2.0622436e+02
   2.1130511e+02
   2.1619010e+02
   2.2083595e+02
   2.2522317e+02
   2.2936198e+02
   2.3328259e+02
   2.3701385e+02
   2.4056018e+02
   2.4388731e+02
   2.4692362e+02
   2.4957660e+02
   2.5175693e+02
   2.5339961e+02
   2.5447300e+02
   2.5497280e+02
   2.5490489e+02
   2.5426696e+02
   2.5304023e+02
   2.5119899e+02
   2.4873758e+02
   2.4570566e+02
   2.4223644e+02
   2.3855173e+02
   2.3493311e+02
   2.3166030e+02
   2.2893289e+02
   2.2680456e+02
   2.2515976e+02
   2.2374824e+02
   2.2226737e+02
   2.2046251e+02
   2.1820989e+02
   2.1555504e+02
   2.1269452e+02
   2.0990609e+02
   2.0744933e+02
   2.0547277e+02
   2.0396525e+02
   2.0277288e+02
   2.0167303e+02
   2.0047069e+02
   1.9907520e+02
   1.9752616e+02
   1.9595933e+02
   1.9452660e+02
   1.9330506e+02
   1.9223826e+02
   1.9114171e+02
   1.8977560e+02
   1.8795649e+02
   1.8566239e+02
   1.8308710e+02
   1.8061233e+02
   1.7868995e+02
   1.7766224e+02
   1.7759010e+02
   1.7817632e+02
   1.7883167e+02
   1.7885727e+02
   1.7766667e+02
   1.7497412e+02
   1.7090426e+02
   1.6599971e+02
   1.6110791e+02
   1.5714014e+02
   1.5474583e+02
   1.5403250e+02
   1.5449649e+02
   1.5521783e+02
   1.5520241e+02
   1.5370311e+02
   1.5042545e+02
   1.4560197e+02
   1.3994290e+02
   1.3445874e+02
   1.3015266e+02
   1.2764580e+02
   1.2691021e+02
   1.2729338e+02
   1.2782653e+02
   1.2761478e+02
   1.2612283e+02
   1.2329820e+02
   1.1954960e+02
   1.1560225e+02
   1.1224665e+02
   1.1003282e+02
   1.0903551e+02
   1.0883111e+02
   1.0870303e+02
   1.0794082e+02
   1.0608161e+02
   1.0302888e+02
   9.9053197e+01
   9.4695121e+01
   9.0587562e+01
   8.7231303e+01
   8.4802994e+01
   8.3100606e+01
   8.1666798e+01
   8.0012455e+01
   7.7816755e+01
   7.5030857e+01
   7.1874763e+01
   6.8742509e+01
   6.6039966e+01
   6.4004926e+01
   6.2594196e+01
   6.1508765e+01
   6.0341054e+01
   5.8751821e+01
   5.6593836e+01
   5.3953784e+01
   5.1117351e+01
   4.8468277e+01
   4.6339814e+01
   4.4869405e+01
   4.3939545e+01
   4.3251515e+01
   4.2481350e+01
   4.1421012e+01
   4.0047727e+01
   3.8515472e+01
   3.7081014e+01
   3.5984299e+01
   3.5326957e+01
   3.5016688e+01
   3.4816279e+01
   3.4460441e+01
   3.3767245e+01
   3.2699882e+01
   3.1372403e+01
   3.0005969e+01
   2.8843306e+01
   2.8042783e+01
   2.7602149e+01
   2.7364322e+01
   2.7102233e+01
   2.6623410e+01
   2.5840952e+01
   2.4795633e+01
   2.3634724e+01
   2.2554712e+01
   2.1718996e+01
   2.1181217e+01
   2.0860956e+01
   2.0591556e+01
   2.0205236e+01
   1.9603944e+01
   1.8791633e+01
   1.7868400e+01
   1.6991882e+01
   1.6311959e+01
   1.5899215e+01
   1.5708726e+01
   1.5608483e+01
   1.5450501e+01
   1.5135987e+01
   1.4647587e+01
   1.4047934e+01
   1.3450663e+01
   1.2970109e+01
   1.2665353e+01
   1.2509299e+01
   1.2406003e+01
   1.2242864e+01
   1.1942098e+01
   1.1488995e+01
   1.0934137e+01
   1.0372926e+01
   9.9057197e+00
   9.5894169e+00
   9.4068787e+00
   9.2787882e+00
   9.1097822e+00
   8.8360836e+00
   8.4524375e+00
   8.0147923e+00
   7.6197503e+00
   7.3610211e+00
   7.2762209e+00
   7.3209668e+00
   7.3955085e+00
   7.3992702e+00
   7.2735406e+00
   7.0191367e+00
   6.6932981e+00
   6.3881450e+00
   6.1898528e+00
   6.1304758e+00
   6.1665191e+00
   6.2055303e+00
   6.1559342e+00
   5.9648861e+00
   5.6347779e+00
   5.2239681e+00
   4.8333372e+00
   4.5708622e+00
   4.4932568e+00
   4.5650832e+00
   4.6845323e+00
   4.7474896e+00
   4.6913989e+00
   4.5083724e+00
   4.2412521e+00
   3.9685343e+00
   3.7739850e+00
   3.7020840e+00
   3.7283120e+00
   3.7772690e+00
   3.7695793e+00
   3.6564729e+00
   3.4321778e+00
   3.1332632e+00
   2.8298866e+00
   2.6035602e+00
   2.5043247e+00
   2.5119904e+00
   2.5506433e+00
   2.5409024e+00
   2.4350524e+00
   2.2260584e+00
   1.9464431e+00
   1.6655785e+00
   1.4773272e+00
   1.4471538e+00
   1.5426154e+00
   1.6653789e+00
   1.7325518e+00
   1.7023855e+00
   1.5683419e+00
   1.3507381e+00
   1.0913880e+00
   8.5111827e-01
   7.0094414e-01
   6.7225011e-01
   7.0728907e-01
   7.2661144e-01
   6.8989396e-01
   5.9244158e-01
   4.5269331e-01
   3.0688242e-01
   2.1161596e-01
   2.0595575e-01
   2.2332549e-01
   1.9578887e-01
   1.0571210e-01
   6.6878292e-02
   2.5153167e-01
   4.5651118e-01
   6.4487441e-01
   7.9035023e-01
   8.7907823e-01
   9.1811844e-01
   9.4362784e-01
   1.0157661e+00
   1.1799801e+00
   1.4264932e+00
   1.7046628e+00
   1.9579736e+00
   2.1423247e+00
   2.2342011e+00
   2.2371480e+00
   2.1874773e+00
   2.1533047e+00
   2.2115558e+00
   2.3986786e+00
   2.6819013e+00
   2.9872444e+00
   3.2424692e+00
   3.4006461e+00
   3.4495608e+00
   3.4155031e+00
   3.3607422e+00
   3.3659377e+00
   3.4910005e+00
   3.7361271e+00
   4.0430571e+00
   4.3326120e+00
   4.5406694e+00
   4.6371760e+00
   4.6328638e+00
   4.5770875e+00
   4.5435686e+00
   4.5998808e+00
   4.7707155e+00
   5.0234429e+00
   5.2896461e+00
   5.5014277e+00
   5.6186366e+00
   5.6415429e+00
   5.6110004e+00
   5.5952744e+00
   5.6617184e+00
   5.8418827e+00
   6.1135022e+00
   6.4145392e+00
   6.6758979e+00
   6.8503587e+00
   6.9282408e+00
   6.9397970e+00
   6.9446029e+00
   7.0077726e+00
   7.1693049e+00
   7.4235491e+00
   7.7238488e+00
   8.0080195e+00
   8.2269392e+00
   8.3634361e+00
   8.4378196e+00
   8.4998421e+00
   8.6080815e+00
   8.8026950e+00
   9.0850727e+00
   9.4173841e+00
   9.7415986e+00
   1.0005189e+01
   1.0181139e+01
   1.0276745e+01
   1.0330223e+01
   1.0395918e+01
   1.0521985e+01
   1.0729574e+01
   1.1004831e+01
   1.1308407e+01
   1.1595991e+01
   1.1838360e+01
   1.2032619e+01
   1.2201575e+01
   1.2382206e+01
   1.2607729e+01
   1.2891289e+01
   1.3219723e+01
   1.3560649e+01
   1.3878501e+01
   1.4151096e+01
   1.4379563e+01
   1.4588034e+01
   1.4813148e+01
   1.5087248e+01
   1.5422688e+01
   1.5805263e+01
   1.6200296e+01
   1.6567957e+01
   1.6880259e+01
   1.7132665e+01
   1.7346256e+01
   1.7559665e+01
   1.7813362e+01
   1.8132399e+01
   1.8515541e+01
   1.8936218e+01
   1.9354538e+01
   1.9734126e+01
   2.0056288e+01
   2.0326275e+01
   2.0569829e+01
   2.0821478e+01
   2.1109098e+01
   2.1441302e+01
   2.1803460e+01
   2.2164085e+01
   2.2488238e+01
   2.2751723e+01
   2.2950345e+01
   2.3100974e+01
   2.3234197e+01
   2.3381328e+01
   2.3560951e+01
   2.3770851e+01
   2.3989017e+01
   2.4183058e+01
   2.4323482e+01
   2.4395078e+01
   2.4401978e+01
   2.4364718e+01
   2.4310496e+01
   2.4260492e+01
   2.4219660e+01
   2.4173683e+01
   2.4094661e+01
   2.3953015e+01
   2.3730507e+01
   2.3429192e+01
   2.3072934e+01
   2.2700658e+01
   2.2353366e+01
   2.2059637e+01
   2.1825826e+01
   2.1635697e+01
   2.1459782e+01
   2.1269879e+01
   2.1052015e+01
   2.0812399e+01
   2.0574112e+01
   2.0365846e+01
   2.0207366e+01
   2.0098366e+01
   2.0016342e+01
   1.9924706e+01
   1.9787207e+01
   1.9582121e+01
   1.9310502e+01
   1.8995512e+01
   1.8672925e+01
   1.8376023e+01
   1.8120872e+01
   1.7898835e+01
   1.7680292e+01
   1.7427941e+01
   1.7113466e+01
   1.6730572e+01
   1.6299558e+01
   1.5861565e+01
   1.5463715e+01
   1.5139973e+01
   1.4895926e+01
   1.4705578e+01
   1.4522329e+01
   1.4298467e+01
   1.4004025e+01
   1.3638013e+01
   1.3229023e+01
   1.2825175e+01
   1.2475938e+01
   1.2211907e+01
   1.2031774e+01
   1.1903850e+01
   1.1781365e+01
   1.1622884e+01
   1.1408234e+01
   1.1144660e+01
   1.0862290e+01
   1.0600833e+01
   1.0392030e+01
   1.0245247e+01
   1.0143642e+01
   1.0052993e+01
   9.9378746e+00
   9.7767145e+00
   9.5697014e+00
   9.3374648e+00
   9.1114425e+00
   8.9193633e+00
   8.7719112e+00
   8.6574098e+00
   8.5476194e+00
   8.4112407e+00
   8.2279996e+00
   7.9973848e+00
   7.7393245e+00
   7.4866254e+00
   7.2712112e+00
   7.1092890e+00
   6.9930540e+00
   6.8942263e+00
   6.7773986e+00
   6.6155858e+00
   6.4010645e+00
   6.1484155e+00
   5.8893444e+00
   5.6602438e+00
   5.4859762e+00
   5.3673731e+00
   5.2805516e+00
   5.1889677e+00
   5.0604409e+00
   4.8804095e+00
   4.6574505e+00
   4.4206246e+00
   4.2089258e+00
   4.0544196e+00
   3.9656673e+00
   3.9224986e+00
   3.8869570e+00
   3.8221955e+00
   3.7077688e+00
   3.5465162e+00
   3.3633510e+00
   3.1964264e+00
   3.0809042e+00
   3.0303729e+00
   3.0284128e+00
   3.0383472e+00
   3.0228819e+00
   2.9600299e+00
   2.8502214e+00
   2.7156545e+00
   2.5925056e+00
   2.5154379e+00
   2.4986215e+00
   2.5264694e+00
   2.5632510e+00
   2.5726493e+00
   2.5331527e+00
   2.4449443e+00
   2.3299355e+00
   2.2252499e+00
   2.1682138e+00
   2.1757002e+00
   2.2326949e+00
   2.3020954e+00
   2.3455184e+00
   2.3388633e+00
   2.2787734e+00
   2.1827920e+00
   2.0842676e+00
   2.0201886e+00
   2.0125985e+00
   2.0548289e+00
   2.1162071e+00
   2.1604188e+00
   2.1616735e+00
   2.1123381e+00
   2.0240764e+00
   1.9242790e+00
   1.8467846e+00
   1.8163383e+00
   1.8340673e+00
   1.8771905e+00
   1.9136639e+00
   1.9181485e+00
   1.8806213e+00
   1.8082112e+00
   1.7222983e+00
   1.6507265e+00
   1.6149367e+00
   1.6175009e+00
   1.6406213e+00
   1.6574611e+00
   1.6459934e+00
   1.5974104e+00
   1.5188068e+00
   1.4315951e+00
   1.3647768e+00
   1.3413857e+00
   1.3636307e+00
   1.4108412e+00
   1.4527768e+00
   1.4644112e+00
   1.4336205e+00
   1.3633311e+00
   1.2709306e+00
   1.1848401e+00
   1.1350591e+00
   1.1367318e+00
   1.1789469e+00
   1.2327474e+00
   1.2685428e+00
   1.2670698e+00
   1.2227081e+00
   1.1435768e+00
   1.0504157e+00
   9.7285064e-01
   9.3860516e-01
   9.5614791e-01
   1.0077982e+00
   1.0634896e+00
   1.0976002e+00
   1.0962307e+00
   1.0581703e+00
   9.9387755e-01
   9.2322058e-01
   8.7003215e-01
   8.5125711e-01
   8.6574290e-01
   8.9504490e-01
   9.1585991e-01
   9.1100794e-01
   8.7398596e-01
   8.0996246e-01
   7.3553142e-01
   6.7617640e-01
   6.5626093e-01
   6.8129001e-01
   7.3231032e-01
   7.8146255e-01
   8.0689553e-01
   7.9742319e-01
   7.5266597e-01
   6.8278982e-01
   6.0851797e-01
   5.5855651e-01
   5.5631365e-01
   5.9947949e-01
   6.6219571e-01
   7.1646454e-01
   7.4357199e-01
   7.3526738e-01
   6.9302798e-01
   6.2816067e-01
   5.6261747e-01
   5.2651907e-01
   5.4237324e-01
   6.0389505e-01
   6.8309610e-01
   7.5256281e-01
   7.9456214e-01
   8.0154458e-01
   7.7572013e-01
   7.2919058e-01
   6.8340673e-01
   6.6385932e-01
   6.8593487e-01
   7.4241378e-01
   8.0977802e-01
   8.6362882e-01
   8.8728413e-01
   8.7409523e-01
   8.2788705e-01
   7.6300048e-01
   7.0283739e-01
   6.7269263e-01
   6.8416392e-01
   7.2480537e-01
   7.6828003e-01
   7.9070965e-01
   7.7839595e-01
   7.2950077e-01
   6.5452776e-01
   5.7694238e-01
   5.3001027e-01
   5.3811299e-01
   5.9175909e-01
   6.5765110e-01
   7.0586020e-01
   7.1967087e-01
   6.9549488e-01
   6.4213689e-01
   5.8070224e-01
   5.4154439e-01
   5.4903015e-01
   5.9967622e-01
   6.6635916e-01
   7.2123442e-01
   7.4714598e-01
   7.3901007e-01
   7.0325650e-01
   6.5700136e-01
   6.2451745e-01
   6.2615887e-01
   6.6326923e-01
   7.1732054e-01
   7.6444263e-01
   7.8706421e-01
   7.7781363e-01
   7.4018572e-01
   6.8832005e-01
   6.4474588e-01
   6.3177346e-01
   6.5629685e-01
   7.0371648e-01
   7.4998442e-01
   7.7546335e-01
   7.7081541e-01
   7.3842887e-01
   6.9248263e-01
   6.5653218e-01
   6.5369066e-01
   6.8993404e-01
   7.4866836e-01
   8.0426440e-01
   8.3617929e-01
   8.3484207e-01
   8.0341186e-01
   7.5828398e-01
   7.2656747e-01
   7.3443364e-01
   7.8772638e-01
   8.6683827e-01
   9.4259061e-01
   9.9131206e-01
   1.0006092e+00
   9.7078480e-01
   9.1512940e-01
   8.5855700e-01
   8.3045203e-01
   8.4818631e-01
   9.0335932e-01
   9.6910721e-01
   1.0181556e+00
   1.0336148e+00
   1.0122103e+00
   9.6461630e-01
   9.1376307e-01
   8.8789042e-01
   9.0530646e-01
   9.6075688e-01
   1.0302290e+00
   1.0875644e+00
   1.1160306e+00
   1.1124942e+00
   1.0878836e+00
   1.0645352e+00
   1.0677677e+00
   1.1115697e+00
   1.1888986e+00
   1.2771229e+00
   1.3515016e+00
   1.3951127e+00
   1.4033019e+00
   1.3848082e+00
   1.3600163e+00
   1.3545109e+00
   1.3870583e+00
   1.4582858e+00
   1.5505101e+00
   1.6383762e+00
   1.7002797e+00
   1.7251017e+00
   1.7148531e+00
   1.6843819e+00
   1.6575493e+00
   1.6584514e+00
   1.6994395e+00
   1.7738949e+00
   1.8603158e+00
   1.9334553e+00
   1.9741011e+00
   1.9743175e+00
   1.9389365e+00
   1.8840852e+00
   1.8323613e+00
   1.8042652e+00
   1.8084361e+00
   1.8371177e+00
   1.8708952e+00
   1.8887271e+00
   1.8765911e+00
   1.8319549e+00
   1.7643736e+00
   1.6925783e+00
   1.6377013e+00
   1.6135531e+00
   1.6190136e+00
   1.6389088e+00
   1.6528333e+00
   1.6449578e+00
   1.6099687e+00
   1.5546348e+00
   1.4955233e+00
   1.4526054e+00
   1.4394626e+00
   1.4551439e+00
   1.4845386e+00
   1.5069457e+00
   1.5056579e+00
   1.4737465e+00
   1.4158624e+00
   1.3468953e+00
   1.2872294e+00
   1.2541229e+00
   1.2522247e+00
   1.2706912e+00
   1.2900634e+00
   1.2925523e+00
   1.2690300e+00
   1.2216348e+00
   1.1630946e+00
   1.1127239e+00
   1.0881951e+00
   1.0953886e+00
   1.1242817e+00
   1.1552810e+00
   1.1695272e+00
   1.1558739e+00
   1.1135831e+00
   1.0523086e+00
   9.8978045e-01
   9.4593490e-01
   9.3311568e-01
   9.4809150e-01
   9.7436750e-01
   9.9257337e-01
   9.8946058e-01
   9.6196898e-01
   9.1784479e-01
   8.7362522e-01
   8.4862181e-01
   8.5443678e-01
   8.8671775e-01
   9.2814333e-01
   9.5904356e-01
   9.6583619e-01
   9.4465939e-01
   9.0207292e-01
   8.5371253e-01
   8.1956927e-01
   8.1438307e-01
   8.3780556e-01
   8.7462079e-01
   9.0491920e-01
   9.1377170e-01
   8.9577262e-01
   8.5608034e-01
   8.0926167e-01
   7.7484105e-01
   7.6782830e-01
   7.8840749e-01
   8.2145672e-01
   8.4658802e-01
   8.4802958e-01
   8.1938696e-01
   7.6514375e-01
   7.0069932e-01
   6.4979709e-01
   6.3468308e-01
   6.5975390e-01
   7.0711549e-01
   7.5104234e-01
   7.7175537e-01
   7.6013066e-01
   7.1824516e-01
   6.5916774e-01
   6.0559359e-01
   5.8278634e-01
   6.0223796e-01
   6.5127148e-01
   7.0466420e-01
   7.4078910e-01
   7.4794946e-01
   7.2512401e-01
   6.8162658e-01
   6.3604827e-01
   6.1149561e-01
   6.2336861e-01
   6.6731179e-01
   7.2322603e-01
   7.6917490e-01
   7.8982336e-01
   7.7857527e-01
   7.3756520e-01
   6.7726801e-01
   6.1543788e-01
   5.7299907e-01
   5.6372874e-01
   5.8351491e-01
   6.1356390e-01
   6.3366981e-01
   6.3075815e-01
   6.0109309e-01
   5.5038530e-01
   4.9361982e-01
   4.5291368e-01
   4.4743394e-01
   4.7704628e-01
   5.2215888e-01
   5.6040671e-01
   5.7703299e-01
   5.6661045e-01
   5.3252312e-01
   4.8638020e-01
   4.4635094e-01
   4.3060273e-01
   4.4466431e-01
   4.7630917e-01
   5.0638800e-01
   5.2020488e-01
   5.1135252e-01
   4.8203499e-01
   4.4276661e-01
   4.1083328e-01
   4.0354886e-01
   4.2550930e-01
   4.6431875e-01
   5.0150666e-01
   5.2266467e-01
   5.2036036e-01
   4.9401413e-01
   4.4938055e-01
   3.9806262e-01
   3.5601143e-01
   3.3767038e-01
   3.4530500e-01
   3.6645234e-01
   3.8464818e-01
   3.8823192e-01
   3.7219725e-01
   3.3766511e-01
   2.9162973e-01
   2.4752947e-01
   2.2409301e-01
   2.3333550e-01
   2.6596882e-01
   3.0258039e-01
   3.2871685e-01
   3.3697419e-01
   3.2566538e-01
   2.9832394e-01
   2.6421128e-01
   2.3865095e-01
   2.3765184e-01
   2.6349595e-01
   3.0206090e-01
   3.3670060e-01
   3.5586226e-01
   3.5355507e-01
   3.2885204e-01
   2.8607946e-01
   2.3624232e-01
   1.9967506e-01
   1.9994719e-01
   2.3620883e-01
   2.8425116e-01
   3.2394580e-01
   3.4451389e-01
   3.4173736e-01
   3.1643781e-01
   2.7410213e-01
   2.2538167e-01
   1.8709200e-01
   1.7735034e-01
   1.9639633e-01
   2.2505731e-01
   2.4613343e-01
   2.5080903e-01
   2.3642671e-01
   2.0476535e-01
   1.6163805e-01
   1.1861248e-01
   9.7614948e-02
   1.1470185e-01
   1.4997412e-01
   1.8206315e-01
   2.0144940e-01
   2.0439982e-01
   1.9036979e-01
   1.6137405e-01
   1.2249302e-01
   8.5481951e-02
   7.7381236e-02
   1.0876080e-01
   1.5164238e-01
   1.8866849e-01
   2.1222162e-01
   2.1852892e-01
   2.0657587e-01
   1.7837192e-01
   1.4033184e-01
   1.0773720e-01
   1.0721005e-01
   1.4202307e-01
   1.8656397e-01
   2.2346781e-01
   2.4432938e-01
   2.4562539e-01
   2.2786509e-01
   1.9615308e-01
   1.6215300e-01
   1.4584999e-01
   1.6220652e-01
   1.9993396e-01
   2.3878275e-01
   2.6564885e-01
   2.7386959e-01
   2.6128544e-01
   2.2949979e-01
   1.8388978e-01
   1.3507989e-01
   1.0387167e-01
   1.1296119e-01
   1.4735543e-01
   1.8090136e-01
   2.0140932e-01
   2.0445292e-01
   1.8967994e-01
   1.5972129e-01
   1.2017019e-01
   8.1824136e-02
   6.7590820e-02
   8.9427477e-02
   1.2169855e-01
   1.4748769e-01
   1.6065962e-01
   1.5916542e-01
   1.4332643e-01
   1.1545071e-01
   8.0278330e-02
   4.9236937e-02
   5.1314100e-02
   8.2333881e-02
   1.1425992e-01
   1.3733195e-01
   1.4770173e-01
   1.4389455e-01
   1.2630840e-01
   9.7226849e-02
   6.1634564e-02
   3.5169734e-02
   5.2517133e-02
   8.7839002e-02
   1.1883305e-01
   1.3956596e-01
   1.4761137e-01
   1.4247181e-01
   1.2525127e-01
   9.8378921e-02
   6.5298535e-02
   3.0674420e-02
   1.5760946e-02
   4.1880988e-02
   6.6364432e-02
   8.3752025e-02
   9.3111785e-02
   9.4435461e-02
   8.8162223e-02
   7.5025109e-02
   5.6373741e-02
   3.6356212e-02
   3.1894704e-02
   5.4731805e-02
   8.5989710e-02
   1.1607370e-01
   1.4012924e-01
   1.5457366e-01
   1.5708103e-01
   1.4723502e-01
   1.2767952e-01
   1.0646986e-01
   9.9513001e-02
   1.1849236e-01
   1.5351200e-01
   1.8930646e-01
   2.1599456e-01
   2.2806429e-01
   2.2354211e-01
   2.0427658e-01
   1.7709977e-01
   1.5560778e-01
   1.5674610e-01
   1.8361591e-01
   2.2186888e-01
   2.5673084e-01
   2.7932003e-01
   2.8591598e-01
   2.7730436e-01
   2.5870031e-01
   2.3944902e-01
   2.3050548e-01
   2.3769753e-01
   2.5645257e-01
   2.7597822e-01
   2.8641140e-01
   2.8200463e-01
   2.6187036e-01
   2.3061963e-01
   1.9976104e-01
   1.8726374e-01
   2.0488935e-01
   2.4346170e-01
   2.8496459e-01
   3.1597371e-01
   3.2908344e-01
   3.2205910e-01
   2.9789920e-01
   2.6590729e-01
   2.4271159e-01
   2.4672676e-01
   2.8134356e-01
   3.3169206e-01
   3.8036926e-01
   4.1553381e-01
   4.3136386e-01
   4.2769280e-01
   4.1009802e-01
   3.8973801e-01
   3.8084044e-01
   3.9340339e-01
   4.2552738e-01
   4.6517868e-01
   4.9843505e-01
   5.1505128e-01
   5.1039548e-01
   4.8609587e-01
   4.5044557e-01
   4.1798553e-01
   4.0533382e-01
   4.2080341e-01
   4.5698569e-01
   4.9722855e-01
   5.2608845e-01
   5.3395431e-01
   5.1784577e-01
   4.8137829e-01
   4.3470399e-01
   3.9364427e-01
   3.7479158e-01
   3.8442170e-01
   4.1246149e-01
   4.4155610e-01
   4.5782022e-01
   4.5443720e-01
   4.3174912e-01
   3.9684006e-01
   3.6268955e-01
   3.4449655e-01
   3.5048778e-01
   3.7450240e-01
   4.0148404e-01
   4.1756114e-01
   4.1457110e-01
   3.9078901e-01
   3.5108233e-01
   3.0753045e-01
   2.7894574e-01
   2.8196176e-01
   3.1434784e-01
   3.5752163e-01
   3.9331411e-01
   4.1045272e-01
   4.0426057e-01
   3.7590219e-01
   3.3237635e-01
   2.8713647e-01
   2.5912329e-01
   2.6254209e-01
   2.9152523e-01
   3.2668875e-01
   3.5147147e-01
   3.5680854e-01
   3.4039044e-01
   3.0608667e-01
   2.6438496e-01
   2.3283032e-01
   2.2962234e-01
   2.5571375e-01
   2.9351589e-01
   3.2521083e-01
   3.4042523e-01
   3.3575785e-01
   3.1391365e-01
   2.8355703e-01
   2.5870848e-01
   2.5365452e-01
   2.7156489e-01
   3.0130975e-01
   3.2818964e-01
   3.4188614e-01
   3.3786519e-01
   3.1695709e-01
   2.8499842e-01
   2.5244400e-01
   2.3213003e-01
   2.3189683e-01
   2.4706407e-01
   2.6501530e-01
   2.7464500e-01
   2.6988204e-01
   2.4951845e-01
   2.1656717e-01
   1.7808491e-01
   1.4548324e-01
   1.3203084e-01
   1.4055559e-01
   1.5843825e-01
   1.7234081e-01
   1.7522767e-01
   1.6510804e-01
   1.4358771e-01
   1.1550032e-01
   8.9853681e-02
   8.0075249e-02
   9.1250413e-02
   1.1097601e-01
   1.2705343e-01
   1.3347260e-01
   1.2806709e-01
   1.1125670e-01
   8.6009534e-02
   5.9855269e-02
   5.1296628e-02
   7.1304195e-02
   1.0025270e-01
   1.2459140e-01
   1.3849824e-01
   1.3920767e-01
   1.2607027e-01
   1.0058836e-01
   6.7417706e-02
   4.1747968e-02
   5.6830040e-02
   9.3543501e-02
   1.2766752e-01
   1.5137262e-01
   1.6099692e-01
   1.5517518e-01
   1.3463700e-01
   1.0225118e-01
   6.3883230e-02
   3.6996838e-02
   5.5463906e-02
   9.0181568e-02
   1.1919006e-01
   1.3696029e-01
   1.4171106e-01
   1.3370963e-01
   1.1476385e-01
   8.7746283e-02
   5.6060963e-02
   2.3347217e-02
   1.2320294e-02
   4.0165831e-02
   6.5831035e-02
   8.7880130e-02
   1.0600983e-01
   1.1951863e-01
   1.2711695e-01
   1.2720441e-01
   1.1840922e-01
   1.0015859e-01
   7.3145057e-02
   3.9951298e-02
   1.5323076e-02
   4.3332412e-02
   7.6748946e-02
   1.0277838e-01
   1.1759476e-01
   1.1921102e-01
   1.0750190e-01
   8.4554243e-02
   5.6004557e-02
   3.8870270e-02
   5.6092181e-02
   8.5790076e-02
   1.1056110e-01
   1.2440372e-01
   1.2485616e-01
   1.1167683e-01
   8.6515369e-02
   5.2680685e-02
   1.6513332e-02
   2.8930587e-02
   6.2785282e-02
   8.9479524e-02
   1.0568263e-01
   1.1005197e-01
   1.0277380e-01
   8.5364868e-02
   6.0361331e-02
   3.0972852e-02
   5.1825257e-03
   3.0031797e-02
   5.4975170e-02
   7.4289554e-02
   8.6881969e-02
   9.2326714e-02
   9.0633815e-02
   8.2117449e-02
   6.7376253e-02
   4.7420376e-02
   2.4254427e-02
   1.1829419e-02
   3.3465876e-02
   5.6817622e-02
   7.5390078e-02
   8.6536337e-02
   8.8576278e-02
   8.0910736e-02
   6.4218284e-02
   4.0733080e-02
   1.7258076e-02
   2.6403948e-02
   5.1793161e-02
   7.2839868e-02
   8.5421433e-02
   8.7719264e-02
   7.9575971e-02
   6.2631589e-02
   4.1105697e-02
   2.7055191e-02
   3.8109714e-02
   5.7915715e-02
   7.2910576e-02
   7.8726152e-02
   7.3885520e-02
   5.8787290e-02
   3.5520126e-02
   1.0237446e-02
   2.6894435e-02
   5.4532363e-02
   7.6782180e-02
   9.0487080e-02
   9.4056060e-02
   8.7352935e-02
   7.1666217e-02
   4.9634962e-02
   2.5970319e-02
   1.7922664e-02
   3.5698724e-02
   5.3762627e-02
   6.6243171e-02
   7.2196783e-02
   7.2152830e-02
   6.7444394e-02
   5.9648209e-02
   5.0088337e-02
   3.9788303e-02
   3.0657656e-02
   2.8382019e-02
   3.8209374e-02
   5.5480762e-02
   7.4218208e-02
   9.0283076e-02
   1.0038992e-01
   1.0200698e-01
   9.3622832e-02
   7.5014786e-02
   4.7440195e-02
   1.4859596e-02
   2.7302236e-02
   6.3530121e-02
   9.5386057e-02
   1.1863299e-01
   1.3042136e-01
   1.2930442e-01
   1.1544165e-01
   9.0720657e-02
   5.9146618e-02
   3.1082704e-02
   3.8098204e-02
   6.6647421e-02
   9.1539286e-02
   1.0673327e-01
   1.1010689e-01
   1.0144407e-01
   8.2093665e-02
   5.4839197e-02
   2.4988532e-02
   2.1528524e-02
   4.9145443e-02
   7.4125201e-02
   9.1096137e-02
   9.8010591e-02
   9.4190921e-02
   8.0201662e-02
   5.7969863e-02
   3.2232281e-02
   2.4695895e-02
   5.0062406e-02
   7.8981656e-02
   1.0262108e-01
   1.1743601e-01
   1.2142645e-01
   1.1405405e-01
   9.6679344e-02
   7.3851488e-02
   5.7440688e-02
   6.5359862e-02
   9.2124448e-02
   1.2083376e-01
   1.4241608e-01
   1.5230473e-01
   1.4863465e-01
   1.3221946e-01
   1.0748647e-01
   8.5301753e-02
   8.4073448e-02
   1.0779410e-01
   1.3948894e-01
   1.6585501e-01
   1.8015613e-01
   1.7971305e-01
   1.6538437e-01
   1.4228578e-01
   1.2162897e-01
   1.1956076e-01
   1.4135996e-01
   1.7425959e-01
   2.0438129e-01
   2.2328016e-01
   2.2674530e-01
   2.1380179e-01
   1.8635201e-01
   1.4926626e-01
   1.1152810e-01
   8.8997223e-02
   9.5714381e-02
   1.1986503e-01
   1.4301311e-01
   1.5614047e-01
   1.5599014e-01
   1.4239161e-01
   1.1731648e-01
   8.4796217e-02
   5.3206202e-02
   4.5254967e-02
   7.0096665e-02
   1.0144770e-01
   1.2763134e-01
   1.4456234e-01
   1.5042322e-01
   1.4482441e-01
   1.2884237e-01
   1.0558270e-01
   8.1950891e-02
   7.1624479e-02
   8.5038738e-02
   1.1167225e-01
   1.3786596e-01
   1.5602965e-01
   1.6216758e-01
   1.5457834e-01
   1.3350662e-01
   1.0096536e-01
   6.0503924e-02
   1.7504266e-02
   2.7668165e-02
   6.3313865e-02
   8.8823284e-02
   1.0098523e-01
   9.8552151e-02
   8.2139315e-02
   5.4144654e-02
   1.8742035e-02
   2.1772863e-02
   5.8399022e-02
   8.8669952e-02
   1.0851693e-01
   1.1557978e-01
   1.0931406e-01
   9.1197718e-02
   6.5248370e-02
   4.1397242e-02
   4.3143358e-02
   6.7802435e-02
   9.3015086e-02
   1.1058037e-01
   1.1759277e-01
   1.1346516e-01
   9.9329849e-02
   7.7866964e-02
   5.3842998e-02
   3.7785153e-02
   4.4965853e-02
   6.6242497e-02
   8.8315240e-02
   1.0669112e-01
   1.1970582e-01
   1.2650691e-01
   1.2651542e-01
   1.1936197e-01
   1.0510820e-01
   8.4737921e-02
   6.1316970e-02
   4.3936172e-02
   4.9335187e-02
   7.2354876e-02
   9.7032617e-02
   1.1594049e-01
   1.2550308e-01
   1.2409427e-01
   1.1178993e-01
   9.0520702e-02
   6.4894499e-02
   4.5971780e-02
   5.1480794e-02
   7.3909798e-02
   9.6297509e-02
   1.1161929e-01
   1.1718502e-01
   1.1238199e-01
   9.8050041e-02
   7.6106964e-02
   4.9178934e-02
   2.0328219e-02
   9.6846216e-03
   3.4304041e-02
   5.4665825e-02
   6.8943003e-02
   7.6428687e-02
   7.6911792e-02
   7.0552803e-02
   5.7843836e-02
   3.9647546e-02
   1.7301145e-02
   7.8297830e-03
   3.2565259e-02
   5.4965553e-02
   7.2230731e-02
   8.2001164e-02
   8.2661274e-02
   7.3821708e-02
   5.7139999e-02
   3.9357938e-02
   4.0063024e-02
   6.4067731e-02
   9.2921041e-02
   1.1714673e-01
   1.3195905e-01
   1.3472757e-01
   1.2490036e-01
   1.0459429e-01
   8.0422570e-02
   6.7919092e-02
   8.2492148e-02
   1.1281553e-01
   1.4263731e-01
   1.6352379e-01
   1.7145384e-01
   1.6541258e-01
   1.4738815e-01
   1.2317577e-01
   1.0402200e-01
   1.0398475e-01
   1.2392478e-01
   1.5040218e-01
   1.7185880e-01
   1.8208545e-01
   1.7875592e-01
   1.6276621e-01
   1.3847256e-01
   1.1489079e-01
   1.0580163e-01
   1.1870992e-01
   1.4404162e-01
   1.6856985e-01
   1.8408344e-01
   1.8656350e-01
   1.7502913e-01
   1.5127381e-01
   1.2052856e-01
   9.4068871e-02
   9.0326962e-02
   1.1349648e-01
   1.4617077e-01
   1.7463866e-01
   1.9207187e-01
   1.9544557e-01
   1.8453624e-01
   1.6200444e-01
   1.3434613e-01
   1.1376145e-01
   1.1494306e-01
   1.3790608e-01
   1.6823495e-01
   1.9396416e-01
   2.0871559e-01
   2.1014811e-01
   1.9931717e-01
   1.8075895e-01
   1.6266061e-01
   1.5508955e-01
   1.6319502e-01
   1.8184951e-01
   2.0112572e-01
   2.1308668e-01
   2.1358001e-01
   2.0212888e-01
   1.8183805e-01
   1.5952786e-01
   1.4498462e-01
   1.4578526e-01
   1.5956873e-01
   1.7655470e-01
   1.8784281e-01
   1.8842260e-01
   1.7704307e-01
   1.5594343e-01
   1.3116798e-01
   1.1308788e-01
   1.1239593e-01
   1.2817691e-01
   1.4895814e-01
   1.6476372e-01
   1.7021782e-01
   1.6354942e-01
   1.4596729e-01
   1.2184433e-01
   9.9917795e-02
   9.3122013e-02
   1.0684980e-01
   1.3074122e-01
   1.5298667e-01
   1.6672955e-01
   1.6873141e-01
   1.5836889e-01
   1.3753732e-01
   1.1148677e-01
   9.1206811e-02
   9.2156457e-02
   1.1530955e-01
   1.4598306e-01
   1.7272043e-01
   1.8938373e-01
   1.9308172e-01
   1.8346386e-01
   1.6278827e-01
   1.3657817e-01
   1.1488202e-01
   1.1047099e-01
   1.2610127e-01
   1.5036037e-01
   1.7164206e-01
   1.8343181e-01
   1.8331445e-01
   1.7223384e-01
   1.5448591e-01
   1.3788812e-01
   1.3195524e-01
   1.4085711e-01
   1.5876952e-01
   1.7618946e-01
   1.8596758e-01
   1.8432997e-01
   1.7048058e-01
   1.4637148e-01
   1.1705671e-01
   9.2209393e-02
   8.5809898e-02
   1.0101454e-01
   1.2428837e-01
   1.4394260e-01
   1.5428067e-01
   1.5317630e-01
   1.4087778e-01
   1.1974670e-01
   9.4830358e-02
   7.5865605e-02
   7.6090675e-02
   9.5368300e-02
   1.2059295e-01
   1.4243358e-01
   1.5625085e-01
   1.6002248e-01
   1.5367216e-01
   1.3911327e-01
   1.2073183e-01
   1.0598310e-01
   1.0343337e-01
   1.1493197e-01
   1.3310621e-01
   1.4925111e-01
   1.5756804e-01
   1.5519080e-01
   1.4185097e-01
   1.2004552e-01
   9.6091572e-02
   8.1937593e-02
   8.8769009e-02
   1.1036455e-01
   1.3298478e-01
   1.4799236e-01
   1.5117001e-01
   1.4116827e-01
   1.1893123e-01
   8.7625813e-02
   5.3954472e-02
   3.7534742e-02
   5.7399745e-02
   8.5314204e-02
   1.0629680e-01
   1.1602663e-01
   1.1332368e-01
   9.9001454e-02
   7.5644585e-02
   4.8167170e-02
   2.9546859e-02
   4.1402156e-02
   6.4673673e-02
   8.3693535e-02
   9.4289875e-02
   9.5237141e-02
   8.6861034e-02
   7.0667051e-02
   4.9191519e-02
   2.6787328e-02
   1.8609392e-02
   3.4837794e-02
   5.2710130e-02
   6.5562114e-02
   7.1540163e-02
   6.9977768e-02
   6.1001658e-02
   4.5551713e-02
   2.6166642e-02
   1.6665271e-02
   3.6319312e-02
   6.1716413e-02
   8.4969169e-02
   1.0305289e-01
   1.1386821e-01
   1.1608588e-01
   1.0928969e-01
   9.4154219e-02
   7.2761210e-02
   4.9856082e-02
   3.7879001e-02
   5.0095292e-02
   7.2910190e-02
   9.4085718e-02
   1.0901449e-01
   1.1571541e-01
   1.1358561e-01
   1.0308213e-01
   8.5577079e-02
   6.3371657e-02
   4.0538847e-02
   2.8068633e-02
   3.9202888e-02
   5.9168071e-02
   7.7177913e-02
   8.9814450e-02
   9.5522823e-02
   9.3628268e-02
   8.4240406e-02
   6.8404855e-02
   4.8672513e-02
   3.1817000e-02
   3.3353907e-02
   5.0914240e-02
   6.9116705e-02
   8.1512079e-02
   8.5220113e-02
   7.9007103e-02
   6.3073438e-02
   3.9278535e-02
   1.5332670e-02
   3.1185824e-02
   6.1678098e-02
   8.8311479e-02
   1.0677156e-01
   1.1452233e-01
   1.1060088e-01
   9.6011385e-02
   7.4703050e-02
   5.6818022e-02
   5.9992806e-02
   8.3421514e-02
   1.1050434e-01
   1.3162479e-01
   1.4217519e-01
   1.4024188e-01
   1.2618439e-01
   1.0292962e-01
   7.7494067e-02
   6.4710943e-02
   7.7522598e-02
   1.0394181e-01
   1.2904777e-01
   1.4565050e-01
   1.5071019e-01
   1.4388845e-01
   1.2750940e-01
   1.0742439e-01
   9.4449329e-02
   1.0009588e-01
   1.2260173e-01
   1.5038265e-01
   1.7427142e-01
   1.8901626e-01
   1.9210236e-01
   1.8325114e-01
   1.6444149e-01
   1.4037285e-01
   1.1934449e-01
   1.1217643e-01
   1.2321500e-01
   1.4439723e-01
   1.6498383e-01
   1.7796074e-01
   1.7993934e-01
   1.7045318e-01
   1.5185820e-01
   1.2978956e-01
   1.1360835e-01
   1.1282114e-01
   1.2702454e-01
   1.4617665e-01
   1.6080217e-01
   1.6544079e-01
   1.5816445e-01
   1.4020859e-01
   1.1637914e-01
   9.6407590e-02
   9.3392824e-02
   1.0958587e-01
   1.3275419e-01
   1.5173229e-01
   1.6066999e-01
   1.5765470e-01
   1.4410372e-01
   1.2509468e-01
   1.1007122e-01
   1.0993706e-01
   1.2605975e-01
   1.4861710e-01
   1.6750813e-01
   1.7646476e-01
   1.7249945e-01
   1.5526673e-01
   1.2690394e-01
   9.2747118e-02
   6.5338909e-02
   6.7504976e-02
   9.5765149e-02
   1.2741514e-01
   1.5181479e-01
   1.6469873e-01
   1.6466888e-01
   1.5250447e-01
   1.3128953e-01
   1.0729592e-01
   9.1516667e-02
   9.5350834e-02
   1.1592415e-01
   1.4070500e-01
   1.6056301e-01
   1.7071382e-01
   1.6930100e-01
   1.5691947e-01
   1.3681153e-01
   1.1564281e-01
   1.0378428e-01
   1.0922706e-01
   1.2751563e-01
   1.4757634e-01
   1.6105137e-01
   1.6344522e-01
   1.5333311e-01
   1.3211797e-01
   1.0466140e-01
   8.1719103e-02
   8.0063265e-02
   1.0133637e-01
   1.2905631e-01
   1.5149248e-01
   1.6325292e-01
   1.6262908e-01
   1.5080199e-01
   1.3189863e-01
   1.1338573e-01
   1.0494502e-01
   1.1129165e-01
   1.2623423e-01
   1.4001747e-01
   1.4596612e-01
   1.4101866e-01
   1.2507354e-01
   1.0083039e-01
   7.4831742e-02
   6.0633165e-02
   7.0491312e-02
   9.3130314e-02
   1.1402675e-01
   1.2646646e-01
   1.2793130e-01
   1.1854088e-01
   1.0097210e-01
   8.1493450e-02
   7.1686416e-02
   8.1262146e-02
   1.0357579e-01
   1.2686048e-01
   1.4395625e-01
   1.5117604e-01
   1.4706235e-01
   1.3203820e-01
   1.0855595e-01
   8.2139849e-02
   6.4570125e-02
   7.0516883e-02
   9.3776214e-02
   1.1883704e-01
   1.3742843e-01
   1.4585844e-01
   1.4302865e-01
   1.3007440e-01
   1.1068999e-01
   9.2074428e-02
   8.4747197e-02
   9.3960510e-02
   1.1202882e-01
   1.2855881e-01
   1.3707575e-01
