   2.4775192e+01
   2.4573329e+01
   2.3957302e+01
   2.2892926e+01
   2.1311745e+01
   1.9084527e+01
   1.5949953e+01
   1.1272696e+01
   2.7204252e+00
  -2.9263515e+00
   6.1140635e+00
   9.1267409e+00
   1.0097934e+01
   9.8561931e+00
   8.6631458e+00
   6.6166231e+00
   3.9092347e+00
   1.4946606e+00
   1.1453365e+00
   2.2779772e+00
   3.2831596e+00
   3.7090330e+00
   3.5496474e+00
   2.8127177e+00
   1.3849696e+00
  -1.0883682e+00
  -5.4599739e+00
  -1.0390940e+01
  -4.4706099e+00
   3.8850142e-01
   3.2114822e+00
   4.7349093e+00
   5.2211176e+00
   4.6834613e+00
   2.8929837e+00
  -9.0845520e-01
  -9.1170086e+00
  -5.3453689e+00
   1.1825524e+00
   4.3542557e+00
   5.8316117e+00
   6.0789947e+00
   5.1677512e+00
   2.9789432e+00
  -4.7717557e-02
   4.4590141e-01
   4.3189087e+00
   7.3794138e+00
   9.3189693e+00
   1.0382546e+01
   1.0746103e+01
   1.0537006e+01
   9.8969850e+00
   9.0560487e+00
   8.3581980e+00
   8.0740574e+00
   8.1102418e+00
   8.1046535e+00
   7.7304534e+00
   6.7860930e+00
   5.1651204e+00
   2.9149372e+00
   6.0167901e-01
  -4.9030688e-01
  -3.7038099e-01
  -5.5885535e-01
  -1.9878239e+00
  -4.5511696e+00
  -4.1897642e+00
  -2.7862937e-01
   2.6536359e+00
   4.0465021e+00
   3.8856310e+00
   1.6824308e+00
  -4.4411029e+00
  -2.5414560e+00
   5.5404088e+00
   1.0056364e+01
   1.2893221e+01
   1.4701583e+01
   1.5775984e+01
   1.6311567e+01
   1.6514482e+01
   1.6659097e+01
   1.7030478e+01
   1.7720711e+01
   1.8542920e+01
   1.9215752e+01
   1.9532535e+01
   1.9394087e+01
   1.8836162e+01
   1.8190951e+01
   1.8269290e+01
   1.9612372e+01
   2.1588601e+01
   2.3434991e+01
   2.4862740e+01
   2.5835480e+01
   2.6407431e+01
   2.6689269e+01
   2.6860547e+01
   2.7157512e+01
   2.7763710e+01
   2.8667294e+01
   2.9687138e+01
   3.0630239e+01
   3.1382344e+01
   3.1912374e+01
   3.2258192e+01
   3.2520249e+01
   3.2846806e+01
   3.3377377e+01
   3.4154991e+01
   3.5096781e+01
   3.6060433e+01
   3.6921311e+01
   3.7598913e+01
   3.8048498e+01
   3.8245383e+01
   3.8172500e+01
   3.7811883e+01
   3.7138575e+01
   3.6116692e+01
   3.4703016e+01
   3.2887808e+01
   3.0898067e+01
   2.9743657e+01
   3.0665937e+01
   3.2828893e+01
   3.4985090e+01
   3.6770455e+01
   3.8173731e+01
   3.9249354e+01
   4.0053414e+01
   4.0634747e+01
   4.1036172e+01
   4.1296142e+01
   4.1448817e+01
   4.1522609e+01
   4.1538244e+01
   4.1508002e+01
   4.1437494e+01
   4.1330085e+01
   4.1192619e+01
   4.1040040e+01
   4.0896219e+01
   4.0788844e+01
   4.0738811e+01
   4.0749080e+01
   4.0800533e+01
   4.0858186e+01
   4.0883504e+01
   4.0845765e+01
   4.0728685e+01
   4.0532246e+01
   4.0270770e+01
   3.9967542e+01
   3.9646275e+01
   3.9321468e+01
   3.8992100e+01
   3.8642730e+01
   3.8252000e+01
   3.7804497e+01
   3.7301291e+01
   3.6765728e+01
   3.6241116e+01
   3.5777136e+01
   3.5407793e+01
   3.5134978e+01
   3.4932903e+01
   3.4770983e+01
   3.4636826e+01
   3.4543552e+01
   3.4516828e+01
   3.4568793e+01
   3.4677314e+01
   3.4787439e+01
   3.4832075e+01
   3.4754824e+01
   3.4524494e+01
   3.4142446e+01
   3.3646179e+01
   3.3105974e+01
   3.2603582e+01
   3.2188618e+01
   3.1838967e+01
   3.1465023e+01
   3.0955465e+01
   3.0229899e+01
   2.9293167e+01
   2.8320410e+01
   2.7725549e+01
   2.7906765e+01
   2.8731722e+01
   2.9704657e+01
   3.0463733e+01
   3.0857367e+01
   3.0846345e+01
   3.0448298e+01
   2.9739668e+01
   2.8900405e+01
   2.8247856e+01
   2.8095918e+01
   2.8443523e+01
   2.8976484e+01
   2.9379599e+01
   2.9476384e+01
   2.9196135e+01
   2.8532652e+01
   2.7548549e+01
   2.6434656e+01
   2.5575613e+01
   2.5380745e+01
   2.5838763e+01
   2.6545868e+01
   2.7152149e+01
   2.7503206e+01
   2.7567046e+01
   2.7368301e+01
   2.6959726e+01
   2.6412055e+01
   2.5808440e+01
   2.5237457e+01
   2.4783949e+01
   2.4518058e+01
   2.4479895e+01
   2.4661277e+01
   2.4999916e+01
   2.5399011e+01
   2.5760024e+01
   2.6006673e+01
   2.6093529e+01
   2.6005853e+01
   2.5757786e+01
   2.5390880e+01
   2.4969712e+01
   2.4568485e+01
   2.4247461e+01
   2.4032298e+01
   2.3915595e+01
   2.3880827e+01
   2.3925954e+01
   2.4065765e+01
   2.4311966e+01
   2.4649750e+01
   2.5033632e+01
   2.5405974e+01
   2.5721696e+01
   2.5964634e+01
   2.6152783e+01
   2.6333306e+01
   2.6565673e+01
   2.6894135e+01
   2.7323167e+01
   2.7814676e+01
   2.8308008e+01
   2.8744241e+01
   2.9079887e+01
   2.9289231e+01
   2.9360916e+01
   2.9293225e+01
   2.9089913e+01
   2.8757022e+01
   2.8300706e+01
   2.7726104e+01
   2.7037383e+01
   2.6238993e+01
   2.5337988e+01
   2.4346865e+01
   2.3285791e+01
   2.2182405e+01
   2.1067294e+01
   1.9965172e+01
   1.8886231e+01
   1.7825319e+01
   1.6773535e+01
   1.5738329e+01
   1.4760312e+01
   1.3909628e+01
   1.3248862e+01
   1.2781243e+01
   1.2437019e+01
   1.2115789e+01
   1.1740058e+01
   1.1282193e+01
   1.0764582e+01
   1.0241798e+01
   9.7698579e+00
   9.3767150e+00
   9.0581731e+00
   8.8049165e+00
   8.6333279e+00
   8.5852817e+00
   8.6873618e+00
   8.9045061e+00
   9.1390897e+00
   9.2737820e+00
   9.2126914e+00
   8.8992655e+00
   8.3226195e+00
   7.5285012e+00
   6.6369794e+00
   5.8364377e+00
   5.2944239e+00
   5.0178935e+00
   4.8455151e+00
   4.5928067e+00
   4.1725616e+00
   3.6381961e+00
   3.1787328e+00
   3.0132683e+00
   3.1796596e+00
   3.4725284e+00
   3.6204079e+00
   3.4273493e+00
   2.7876875e+00
   1.6797850e+00
   2.3730555e-01
  -1.0485677e+00
  -1.3865993e+00
  -6.9747996e-01
   2.4111525e-01
   8.5415026e-01
   9.4128381e-01
   4.5539169e-01
  -6.0446048e-01
  -2.1988636e+00
  -4.1678415e+00
  -6.0627800e+00
  -7.2160926e+00
  -7.5121684e+00
  -7.4984306e+00
  -7.4818812e+00
  -7.2603428e+00
  -6.5113780e+00
  -5.3279303e+00
  -4.1273988e+00
  -3.2355779e+00
  -2.8014737e+00
  -2.8818210e+00
  -3.5072296e+00
  -4.7165056e+00
  -6.5817922e+00
  -9.2502845e+00
  -1.3065433e+01
  -1.9099396e+01
  -3.5990508e+01
  -2.4012356e+01
  -1.7853354e+01
  -1.4853530e+01
  -1.3164413e+01
  -1.2411840e+01
  -1.2590943e+01
  -1.3932868e+01
  -1.7149753e+01
  -2.5520935e+01
  -2.6576485e+01
  -1.6615275e+01
  -1.2584136e+01
  -1.0602895e+01
  -9.9524465e+00
  -1.0498332e+01
  -1.2467331e+01
  -1.6852307e+01
  -3.0922341e+01
  -2.0699842e+01
  -1.3946298e+01
  -1.0939670e+01
  -9.4827567e+00
  -8.7438657e+00
  -7.8721302e+00
  -6.1405795e+00
  -3.7429404e+00
  -1.3336541e+00
   7.2947800e-01
   2.3531781e+00
   3.5381260e+00
   4.3024175e+00
   4.6555392e+00
   4.5873500e+00
   4.0573050e+00
   2.9736783e+00
   1.1417799e+00
  -1.8978342e+00
  -7.6289052e+00
  -2.4607908e+01
  -7.0253897e+00
  -1.3340327e+00
   1.7996593e+00
   3.7583754e+00
   4.9899236e+00
   5.7034574e+00
   6.0281089e+00
   6.0717374e+00
   5.9499342e+00
   5.7940184e+00
   5.7284371e+00
   5.8218599e+00
   6.0563426e+00
   6.3535593e+00
   6.6302496e+00
   6.8337707e+00
   6.9473939e+00
   6.9791576e+00
   6.9459862e+00
   6.8596427e+00
   6.7197570e+00
   6.5170660e+00
   6.2452481e+00
   5.9156456e+00
   5.5672806e+00
   5.2627439e+00
   5.0623902e+00
   4.9866183e+00
   4.9991146e+00
   5.0311629e+00
   5.0256609e+00
   4.9696818e+00
   4.9039455e+00
   4.9051566e+00
   5.0389230e+00
   5.3075326e+00
   5.6408571e+00
   5.9379873e+00
   6.1145561e+00
   6.1252388e+00
   5.9665871e+00
   5.6721524e+00
   5.3015690e+00
   4.9181147e+00
   4.5563006e+00
   4.1994052e+00
   3.7890043e+00
   3.2626319e+00
   2.5997761e+00
   1.8673269e+00
   1.2489143e+00
   9.8403435e-01
   1.1695672e+00
   1.6506452e+00
   2.1797011e+00
   2.5894523e+00
   2.8215764e+00
   2.8897961e+00
   2.8384734e+00
   2.7060357e+00
   2.4990303e+00
   2.1912646e+00
   1.7557078e+00
   1.2245206e+00
   7.6193928e-01
   6.6774863e-01
   1.1515129e+00
   2.0671197e+00
   3.0657042e+00
   3.8854044e+00
   4.4160826e+00
   4.6577790e+00
   4.6945926e+00
   4.6863963e+00
   4.8263407e+00
   5.2276048e+00
   5.8341909e+00
   6.4806545e+00
   7.0163853e+00
   7.3659851e+00
   7.5325487e+00
   7.5872331e+00
   7.6503909e+00
   7.8439165e+00
   8.2202341e+00
   8.7313182e+00
   9.2757312e+00
   9.7684106e+00
   1.0176020e+01
   1.0517429e+01
   1.0845292e+01
   1.1215724e+01
   1.1655592e+01
   1.2147222e+01
   1.2641576e+01
   1.3086138e+01
   1.3446697e+01
   1.3715749e+01
   1.3910768e+01
   1.4065944e+01
   1.4219059e+01
   1.4396763e+01
   1.4605173e+01
   1.4831687e+01
   1.5056375e+01
   1.5265003e+01
   1.5456690e+01
   1.5643761e+01
   1.5845001e+01
   1.6075852e+01
   1.6340776e+01
   1.6632166e+01
   1.6935890e+01
   1.7239304e+01
   1.7536979e+01
   1.7831833e+01
   1.8132118e+01
   1.8446380e+01
   1.8779149e+01
   1.9129479e+01
   1.9492629e+01
   1.9863269e+01
   2.0237979e+01
   2.0615646e+01
   2.0995814e+01
   2.1376160e+01
   2.1750659e+01
   2.2109432e+01
   2.2440264e+01
   2.2730931e+01
   2.2971312e+01
   2.3154620e+01
   2.3277607e+01
   2.3339941e+01
   2.3343114e+01
   2.3289245e+01
   2.3180153e+01
   2.3016899e+01
   2.2799906e+01
   2.2529523e+01
   2.2206809e+01
   2.1834250e+01
   2.1416192e+01
   2.0958882e+01
   2.0470179e+01
   1.9959101e+01
   1.9435399e+01
   1.8909266e+01
   1.8391059e+01
   1.7890765e+01
   1.7417040e+01
   1.6976018e+01
   1.6570575e+01
   1.6200755e+01
   1.5865381e+01
   1.5563906e+01
   1.5296942e+01
   1.5064459e+01
   1.4862156e+01
   1.4678187e+01
   1.4492734e+01
   1.4281419e+01
   1.4021267e+01
   1.3696971e+01
   1.3305533e+01
   1.2857954e+01
   1.2376693e+01
   1.1887994e+01
   1.1410676e+01
   1.0947202e+01
   1.0484195e+01
   1.0004419e+01
   9.5045802e+00
   9.0092571e+00
   8.5697362e+00
   8.2383533e+00
   8.0260539e+00
   7.8776399e+00
   7.6901932e+00
   7.3552178e+00
   6.7939276e+00
   5.9865289e+00
   5.0217813e+00
   4.1726098e+00
   3.8537764e+00
   4.2399080e+00
   5.0239193e+00
   5.7836589e+00
   6.2704417e+00
   6.3856203e+00
   6.1040576e+00
   5.4401028e+00
   4.4538493e+00
   3.2907081e+00
   2.2232859e+00
   1.5694753e+00
   1.4176819e+00
   1.5306298e+00
   1.6075436e+00
   1.4797216e+00
   1.1165933e+00
   5.8548978e-01
   1.2449119e-02
  -4.8211826e-01
  -8.6691852e-01
  -1.2241529e+00
  -1.6795337e+00
  -2.3065756e+00
  -3.0525364e+00
  -3.6936496e+00
  -3.9220796e+00
  -3.6484011e+00
  -3.1313306e+00
  -2.7075471e+00
  -2.5829832e+00
  -2.8288025e+00
  -3.4124366e+00
  -4.1873581e+00
  -4.8759011e+00
  -5.1824866e+00
  -5.0628217e+00
  -4.7656627e+00
  -4.5657104e+00
  -4.5943262e+00
  -4.8335156e+00
  -5.1487159e+00
  -5.3534479e+00
  -5.3389389e+00
  -5.1689430e+00
  -5.0094575e+00
  -4.9885292e+00
  -5.1200000e+00
  -5.2917682e+00
  -5.3195859e+00
  -5.0951013e+00
  -4.7103597e+00
  -4.3895159e+00
  -4.3383363e+00
  -4.6689708e+00
  -5.3533910e+00
  -6.0948683e+00
  -6.2283769e+00
  -5.3162809e+00
  -3.8395981e+00
  -2.4704937e+00
  -1.5295443e+00
  -1.1196945e+00
  -1.2813146e+00
  -2.0555363e+00
  -3.4988884e+00
  -5.6276478e+00
  -8.0535860e+00
  -9.1064033e+00
  -7.8154673e+00
  -6.0441594e+00
  -4.8509651e+00
  -4.3506782e+00
  -4.4318743e+00
  -4.8665354e+00
  -5.2385022e+00
  -5.0467741e+00
  -4.1912559e+00
  -3.0706450e+00
  -2.0817442e+00
  -1.4049220e+00
  -1.0751538e+00
  -1.0540973e+00
  -1.2559883e+00
  -1.5565334e+00
  -1.8189825e+00
  -1.9537756e+00
  -1.9720954e+00
  -1.9709921e+00
  -2.0664255e+00
  -2.3402800e+00
  -2.8208651e+00
  -3.4779201e+00
  -4.2213501e+00
  -4.9192129e+00
  -5.4614135e+00
  -5.8433771e+00
  -6.1788379e+00
  -6.6258374e+00
  -7.3131600e+00
  -8.3082915e+00
  -9.5942476e+00
  -1.1016300e+01
  -1.2232349e+01
  -1.2884321e+01
  -1.3012942e+01
  -1.3038551e+01
  -1.3360111e+01
  -1.4233802e+01
  -1.5875424e+01
  -1.8606737e+01
  -2.2950759e+01
  -2.6492569e+01
  -2.2014465e+01
  -1.7748222e+01
  -1.4894589e+01
  -1.2910961e+01
  -1.1506863e+01
  -1.0543994e+01
  -9.9602672e+00
  -9.7334885e+00
  -9.8628857e+00
  -1.0358553e+01
  -1.1232289e+01
  -1.2480969e+01
  -1.4044246e+01
  -1.5709367e+01
  -1.7017493e+01
  -1.7521701e+01
  -1.7359272e+01
  -1.7058154e+01
  -1.6982149e+01
  -1.7256966e+01
  -1.7875686e+01
  -1.8758459e+01
  -1.9781889e+01
  -2.0830917e+01
  -2.1885539e+01
  -2.3074678e+01
  -2.4646275e+01
  -2.6914891e+01
  -3.0164225e+01
  -3.3426718e+01
  -3.2285012e+01
  -2.9121244e+01
  -2.6911113e+01
  -2.5705583e+01
  -2.5282768e+01
  -2.5473552e+01
  -2.6129898e+01
  -2.7075029e+01
  -2.8077488e+01
  -2.8901015e+01
  -2.9419232e+01
  -2.9619158e+01
  -2.9444924e+01
  -2.8760841e+01
  -2.7571552e+01
  -2.6132513e+01
  -2.4753456e+01
  -2.3641273e+01
  -2.2907101e+01
  -2.2620078e+01
  -2.2849156e+01
  -2.3692973e+01
  -2.5300644e+01
  -2.7797501e+01
  -3.0320005e+01
  -2.9238823e+01
  -2.5821673e+01
  -2.2989758e+01
  -2.0999041e+01
  -1.9648237e+01
  -1.8734001e+01
  -1.8059475e+01
  -1.7432989e+01
  -1.6716264e+01
  -1.5888227e+01
  -1.5041300e+01
  -1.4308638e+01
  -1.3802669e+01
  -1.3599029e+01
  -1.3744720e+01
  -1.4267645e+01
  -1.5175985e+01
  -1.6435298e+01
  -1.7899136e+01
  -1.9188198e+01
  -1.9733904e+01
  -1.9318903e+01
  -1.8311075e+01
  -1.7099642e+01
  -1.5837855e+01
  -1.4566532e+01
  -1.3322948e+01
  -1.2160473e+01
  -1.1128221e+01
  -1.0253002e+01
  -9.5339768e+00
  -8.9449854e+00
  -8.4402872e+00
  -7.9635465e+00
  -7.4607832e+00
  -6.8946330e+00
  -6.2533534e+00
  -5.5497281e+00
  -4.8122211e+00
  -4.0751685e+00
  -3.3724686e+00
  -2.7348228e+00
  -2.1886748e+00
  -1.7554335e+00
  -1.4504678e+00
  -1.2818295e+00
  -1.2487622e+00
  -1.3401855e+00
  -1.5337927e+00
  -1.7972018e+00
  -2.0931597e+00
  -2.3896709e+00
  -2.6720619e+00
  -2.9500042e+00
  -3.2540359e+00
  -3.6232497e+00
  -4.0906509e+00
  -4.6707633e+00
  -5.3500587e+00
  -6.0807265e+00
  -6.7838612e+00
  -7.3735089e+00
  -7.8012225e+00
  -8.0886280e+00
  -8.3124889e+00
  -8.5560529e+00
  -8.8661404e+00
  -9.2296095e+00
  -9.5648664e+00
  -9.7394895e+00
  -9.6384898e+00
  -9.2547862e+00
  -8.7036582e+00
  -8.1457257e+00
  -7.7153253e+00
  -7.5018878e+00
  -7.5600057e+00
  -7.9209507e+00
  -8.5939085e+00
  -9.5494278e+00
  -1.0675636e+01
  -1.1721030e+01
  -1.2346405e+01
  -1.2421217e+01
  -1.2196406e+01
  -1.2024456e+01
  -1.2089605e+01
  -1.2331648e+01
  -1.2400692e+01
  -1.1804329e+01
  -1.0466260e+01
  -8.8352089e+00
  -7.3366839e+00
  -6.1640349e+00
  -5.3708245e+00
  -4.9550792e+00
  -4.8923029e+00
  -5.1397143e+00
  -5.6247749e+00
  -6.2262855e+00
  -6.7699807e+00
  -7.0814609e+00
  -7.0944482e+00
  -6.8943646e+00
  -6.6302503e+00
  -6.4102656e+00
  -6.2671437e+00
  -6.1726680e+00
  -6.0709520e+00
  -5.9189672e+00
  -5.7181040e+00
  -5.5167402e+00
  -5.3860009e+00
  -5.3919655e+00
  -5.5798933e+00
  -5.9687261e+00
  -6.5479227e+00
  -7.2717225e+00
  -8.0531554e+00
  -8.7710864e+00
  -9.3083665e+00
  -9.6095912e+00
  -9.7001348e+00
  -9.6389847e+00
  -9.4605737e+00
  -9.1619599e+00
  -8.7351380e+00
  -8.2068878e+00
  -7.6477473e+00
  -7.1476590e+00
  -6.7865093e+00
  -6.6184321e+00
  -6.6670321e+00
  -6.9216363e+00
  -7.3290578e+00
  -7.7859939e+00
  -8.1548081e+00
  -8.3283886e+00
  -8.3091916e+00
  -8.2078527e+00
  -8.1553880e+00
  -8.2173094e+00
  -8.3460895e+00
  -8.3701540e+00
  -8.0740985e+00
  -7.3931857e+00
  -6.5021563e+00
  -5.6656707e+00
  -5.0910638e+00
  -4.9128325e+00
  -5.2361441e+00
  -6.1891562e+00
  -7.9985425e+00
  -1.1189372e+01
  -1.7576055e+01
  -3.1531348e+01
  -1.5182548e+01
  -1.0183643e+01
  -7.5509515e+00
  -6.0984858e+00
  -5.4194080e+00
  -5.3009381e+00
  -5.5589405e+00
  -5.9423008e+00
  -6.1053323e+00
  -5.7727741e+00
  -4.9878683e+00
  -4.0292229e+00
  -3.1386015e+00
  -2.4288276e+00
  -1.9221479e+00
  -1.5971969e+00
  -1.4184588e+00
  -1.3547000e+00
  -1.3907705e+00
  -1.5321032e+00
  -1.8010337e+00
  -2.2270296e+00
  -2.8341121e+00
  -3.6263319e+00
  -4.5692179e+00
  -5.5683884e+00
  -6.4662307e+00
  -7.1038141e+00
  -7.4431688e+00
  -7.6114130e+00
  -7.8008417e+00
  -8.1601705e+00
  -8.7591729e+00
  -9.5888497e+00
  -1.0560334e+01
  -1.1515726e+01
  -1.2303396e+01
  -1.2912686e+01
  -1.3522234e+01
  -1.4408173e+01
  -1.5873566e+01
  -1.8320456e+01
  -2.2618542e+01
  -3.2456269e+01
  -2.9837054e+01
  -2.2198284e+01
  -1.8776249e+01
  -1.6978600e+01
  -1.6120648e+01
  -1.5902865e+01
  -1.6137815e+01
  -1.6666088e+01
  -1.7334919e+01
  -1.8023270e+01
  -1.8688453e+01
  -1.9372970e+01
  -2.0141296e+01
  -2.0986432e+01
  -2.1761947e+01
  -2.2227475e+01
  -2.2284327e+01
  -2.2142130e+01
  -2.2149112e+01
  -2.2597215e+01
  -2.3721277e+01
  -2.5811870e+01
  -2.9474459e+01
  -3.6848534e+01
  -4.5118938e+01
  -3.3616644e+01
  -2.9902461e+01
  -2.8579295e+01
  -2.8813776e+01
  -3.0593995e+01
  -3.4569580e+01
  -4.0527478e+01
  -3.5001374e+01
  -2.9816574e+01
  -2.6816690e+01
  -2.5023013e+01
  -2.3995795e+01
  -2.3486780e+01
  -2.3298050e+01
  -2.3216430e+01
  -2.3003883e+01
  -2.2475646e+01
  -2.1615858e+01
  -2.0572803e+01
  -1.9535320e+01
  -1.8645586e+01
  -1.7989548e+01
  -1.7616732e+01
  -1.7558500e+01
  -1.7839050e+01
  -1.8481032e+01
  -1.9507524e+01
  -2.0940319e+01
  -2.2791942e+01
  -2.5044997e+01
  -2.7607778e+01
  -3.0229398e+01
  -3.2327674e+01
  -3.2831148e+01
  -3.1245517e+01
  -2.8708592e+01
  -2.6280131e+01
  -2.4321022e+01
  -2.2895409e+01
  -2.1989485e+01
  -2.1575828e+01
  -2.1627280e+01
  -2.2112327e+01
  -2.2975601e+01
  -2.4097758e+01
  -2.5245674e+01
  -2.6106575e+01
  -2.6525532e+01
  -2.6691972e+01
  -2.6949356e+01
  -2.7554759e+01
  -2.8617141e+01
  -3.0029747e+01
  -3.1208375e+01
  -3.1153144e+01
  -2.9885032e+01
  -2.8414460e+01
  -2.7336570e+01
  -2.6820326e+01
  -2.6904457e+01
  -2.7585854e+01
  -2.8718366e+01
  -2.9590352e+01
  -2.8857321e+01
  -2.6655883e+01
  -2.4322989e+01
  -2.2458136e+01
  -2.1162389e+01
  -2.0425621e+01
  -2.0238021e+01
  -2.0616713e+01
  -2.1618202e+01
  -2.3355407e+01
  -2.6015843e+01
  -2.9729355e+01
  -3.2946372e+01
  -3.1739832e+01
  -2.9409788e+01
  -2.8174909e+01
  -2.7912946e+01
  -2.8000800e+01
  -2.7348616e+01
  -2.5475719e+01
  -2.3212911e+01
  -2.1273467e+01
  -1.9864353e+01
  -1.8993334e+01
  -1.8621202e+01
  -1.8696146e+01
  -1.9144307e+01
  -1.9836757e+01
  -2.0551875e+01
  -2.1008561e+01
  -2.1051277e+01
  -2.0798581e+01
  -2.0507143e+01
  -2.0370487e+01
  -2.0463670e+01
  -2.0761918e+01
  -2.1156952e+01
  -2.1475717e+01
  -2.1543889e+01
  -2.1290754e+01
  -2.0790194e+01
  -2.0188018e+01
  -1.9618146e+01
  -1.9178201e+01
  -1.8940889e+01
  -1.8968592e+01
  -1.9320698e+01
  -2.0051497e+01
  -2.1187143e+01
  -2.2635608e+01
  -2.3945618e+01
  -2.4223216e+01
  -2.3232308e+01
  -2.1833171e+01
  -2.0696752e+01
  -2.0035625e+01
  -1.9877031e+01
  -2.0195162e+01
  -2.0939777e+01
  -2.2028385e+01
  -2.3339043e+01
  -2.4756320e+01
  -2.6314883e+01
  -2.8383001e+01
  -3.1939358e+01
  -4.0504155e+01
  -3.7518938e+01
  -2.8974188e+01
  -2.4629454e+01
  -2.1965260e+01
  -2.0325192e+01
  -1.9456605e+01
  -1.9251281e+01
  -1.9672370e+01
  -2.0727471e+01
  -2.2447213e+01
  -2.4813645e+01
  -2.7453203e+01
  -2.9049182e+01
  -2.8730754e+01
  -2.7780717e+01
  -2.7052800e+01
  -2.6408077e+01
  -2.5428949e+01
  -2.4037255e+01
  -2.2576172e+01
  -2.1399765e+01
  -2.0700381e+01
  -2.0573380e+01
  -2.1098208e+01
  -2.2400294e+01
  -2.4737667e+01
  -2.8739439e+01
  -3.6201038e+01
  -3.6985905e+01
  -3.0345925e+01
  -2.7238708e+01
  -2.5790445e+01
  -2.5245678e+01
  -2.5100753e+01
  -2.4870696e+01
  -2.4269335e+01
  -2.3438212e+01
  -2.2735702e+01
  -2.2447765e+01
  -2.2758002e+01
  -2.3831214e+01
  -2.5903357e+01
  -2.9293605e+01
  -3.2797767e+01
  -3.0477363e+01
  -2.6639763e+01
  -2.4117607e+01
  -2.2667197e+01
  -2.2019297e+01
  -2.2018848e+01
  -2.2563301e+01
  -2.3537191e+01
  -2.4711750e+01
  -2.5626120e+01
  -2.5748214e+01
  -2.5065767e+01
  -2.4069727e+01
  -2.3166631e+01
  -2.2534147e+01
  -2.2236782e+01
  -2.2311583e+01
  -2.2806236e+01
  -2.3800365e+01
  -2.5433847e+01
  -2.7976136e+01
  -3.2054947e+01
  -3.9741317e+01
  -4.3643843e+01
  -3.5402265e+01
  -3.2069189e+01
  -3.0722300e+01
  -3.0582056e+01
  -3.1335455e+01
  -3.2694263e+01
  -3.4028050e+01
  -3.4265219e+01
  -3.3050541e+01
  -3.1033253e+01
  -2.8670509e+01
  -2.6185039e+01
  -2.3787192e+01
  -2.1640270e+01
  -1.9825012e+01
  -1.8359377e+01
  -1.7225807e+01
  -1.6386887e+01
  -1.5791533e+01
  -1.5377663e+01
  -1.5077026e+01
  -1.4826022e+01
  -1.4580955e+01
  -1.4328751e+01
  -1.4083861e+01
  -1.3872543e+01
  -1.3715033e+01
  -1.3614722e+01
  -1.3556998e+01
  -1.3516619e+01
  -1.3470424e+01
  -1.3409386e+01
  -1.3343027e+01
  -1.3293856e+01
  -1.3286709e+01
  -1.3340260e+01
  -1.3464890e+01
  -1.3666880e+01
  -1.3956381e+01
  -1.4355508e+01
  -1.4903474e+01
  -1.5658242e+01
  -1.6697529e+01
  -1.8124409e+01
  -2.0084957e+01
  -2.2810508e+01
  -2.6690799e+01
  -3.1868933e+01
  -3.2901995e+01
  -2.9164325e+01
  -2.6680679e+01
  -2.5487703e+01
  -2.5244212e+01
  -2.5800552e+01
  -2.7143916e+01
  -2.9343996e+01
  -3.2160858e+01
  -3.3006569e+01
  -2.9997902e+01
  -2.6656391e+01
  -2.4114212e+01
  -2.2308645e+01
  -2.1119541e+01
  -2.0477563e+01
  -2.0351894e+01
  -2.0732358e+01
  -2.1606136e+01
  -2.2906643e+01
  -2.4399996e+01
  -2.5586840e+01
  -2.6070927e+01
  -2.6212223e+01
  -2.6813817e+01
  -2.8726482e+01
  -3.3709006e+01
  -4.4215419e+01
  -2.9876458e+01
  -2.4025514e+01
  -2.0600657e+01
  -1.8424354e+01
  -1.7099833e+01
  -1.6458069e+01
  -1.6428844e+01
  -1.7002105e+01
  -1.8221608e+01
  -2.0202058e+01
  -2.3184287e+01
  -2.7666464e+01
  -3.4036796e+01
  -3.4510361e+01
  -3.0819633e+01
  -2.9239855e+01
  -2.9255578e+01
  -3.0394287e+01
  -3.2059978e+01
  -3.3114818e+01
  -3.3080850e+01
  -3.3148866e+01
  -3.4452888e+01
  -3.6981974e+01
  -3.5355014e+01
  -3.0215374e+01
  -2.6363531e+01
  -2.3806495e+01
  -2.2198669e+01
  -2.1305629e+01
  -2.0920174e+01
  -2.0764097e+01
  -2.0449795e+01
  -1.9668877e+01
  -1.8486506e+01
  -1.7230365e+01
  -1.6172825e+01
  -1.5441742e+01
  -1.5068462e+01
  -1.5030417e+01
  -1.5265663e+01
  -1.5675344e+01
  -1.6139529e+01
  -1.6569525e+01
  -1.6977050e+01
  -1.7493474e+01
  -1.8325922e+01
  -1.9717939e+01
  -2.1941667e+01
  -2.5058179e+01
  -2.6731537e+01
  -2.3883220e+01
  -2.0584691e+01
  -1.8272083e+01
  -1.6795260e+01
  -1.5941102e+01
  -1.5539676e+01
  -1.5434387e+01
  -1.5465923e+01
  -1.5494199e+01
  -1.5451904e+01
  -1.5374251e+01
  -1.5361208e+01
  -1.5508267e+01
  -1.5855592e+01
  -1.6356583e+01
  -1.6858182e+01
  -1.7138945e+01
  -1.7066152e+01
  -1.6736905e+01
  -1.6391845e+01
  -1.6242881e+01
  -1.6410516e+01
  -1.6933908e+01
  -1.7773975e+01
  -1.8782507e+01
  -1.9676376e+01
  -2.0164394e+01
  -2.0241902e+01
  -2.0220803e+01
  -2.0448130e+01
  -2.1165083e+01
  -2.2547060e+01
  -2.4769076e+01
  -2.7964142e+01
  -3.1363589e+01
  -3.1545329e+01
  -2.9435407e+01
  -2.8036722e+01
  -2.7772367e+01
  -2.8592965e+01
  -3.0486111e+01
  -3.3310627e+01
  -3.5728877e+01
  -3.5397979e+01
  -3.4069814e+01
  -3.3641359e+01
  -3.4285209e+01
  -3.5076715e+01
  -3.3885731e+01
  -3.1089456e+01
  -2.8550262e+01
  -2.6751520e+01
  -2.5626268e+01
  -2.5016831e+01
  -2.4747288e+01
  -2.4649063e+01
  -2.4625064e+01
  -2.4724077e+01
  -2.5152934e+01
  -2.6259856e+01
  -2.8667769e+01
  -3.4252314e+01
  -4.9318378e+01
  -3.0474857e+01
  -2.4712743e+01
  -2.1384296e+01
  -1.9281087e+01
  -1.8006007e+01
  -1.7386268e+01
  -1.7337286e+01
  -1.7811467e+01
  -1.8760358e+01
  -2.0073519e+01
  -2.1469463e+01
  -2.2455183e+01
  -2.2720697e+01
  -2.2586216e+01
  -2.2609901e+01
  -2.3166844e+01
  -2.4477528e+01
  -2.6675165e+01
  -2.9400571e+01
  -3.0212715e+01
  -2.8045681e+01
  -2.5815996e+01
  -2.4496571e+01
  -2.4093728e+01
  -2.4562445e+01
  -2.5944449e+01
  -2.8407290e+01
  -3.2230660e+01
  -3.6518599e+01
  -3.5672446e+01
  -3.2915761e+01
  -3.1653719e+01
  -3.1912185e+01
  -3.3754262e+01
  -3.7778260e+01
  -4.3999834e+01
  -3.9803473e+01
  -3.5254905e+01
  -3.3166880e+01
  -3.2662978e+01
  -3.3330194e+01
  -3.4486821e+01
  -3.4252215e+01
  -3.1945560e+01
  -2.9438050e+01
  -2.7614006e+01
  -2.6556636e+01
  -2.6213299e+01
  -2.6542563e+01
  -2.7522984e+01
  -2.9108001e+01
  -3.1064811e+01
  -3.2640885e+01
  -3.2909957e+01
  -3.2271836e+01
  -3.1735856e+01
  -3.1735753e+01
  -3.2261675e+01
  -3.2962284e+01
  -3.3132013e+01
  -3.2339405e+01
  -3.1048214e+01
  -2.9871613e+01
  -2.9067060e+01
  -2.8660691e+01
  -2.8579215e+01
  -2.8696612e+01
  -2.8860218e+01
  -2.8940403e+01
  -2.8892854e+01
  -2.8771734e+01
  -2.8677724e+01
  -2.8702091e+01
  -2.8909102e+01
  -2.9347752e+01
  -3.0073304e+01
  -3.1170721e+01
  -3.2785792e+01
  -3.5193835e+01
  -3.9034020e+01
  -4.6667903e+01
  -5.2837148e+01
  -4.1452642e+01
  -3.6863662e+01
  -3.4023474e+01
  -3.1923043e+01
  -3.0196860e+01
  -2.8726275e+01
  -2.7515316e+01
  -2.6618011e+01
  -2.6100638e+01
  -2.6033839e+01
  -2.6504131e+01
  -2.7641667e+01
  -2.9677555e+01
  -3.3062124e+01
  -3.8174228e+01
  -3.8192873e+01
  -3.3245680e+01
  -3.0025577e+01
  -2.8120132e+01
  -2.7048115e+01
  -2.6514537e+01
  -2.6281876e+01
  -2.6127005e+01
  -2.5881082e+01
  -2.5505355e+01
  -2.5094907e+01
  -2.4794387e+01
  -2.4724149e+01
  -2.4962447e+01
  -2.5558001e+01
  -2.6546192e+01
  -2.7956493e+01
  -2.9790238e+01
  -3.1883458e+01
  -3.3484555e+01
  -3.3344444e+01
  -3.1768587e+01
  -3.0047687e+01
  -2.8742386e+01
  -2.7944912e+01
  -2.7590325e+01
  -2.7477695e+01
  -2.7199069e+01
  -2.6287310e+01
  -2.4716198e+01
  -2.2918749e+01
  -2.1283628e+01
  -1.9988092e+01
  -1.9083067e+01
  -1.8567752e+01
  -1.8419209e+01
  -1.8596725e+01
  -1.9034089e+01
  -1.9630611e+01
  -2.0261619e+01
  -2.0832992e+01
  -2.1359226e+01
  -2.1986070e+01
  -2.2938081e+01
  -2.4462525e+01
  -2.6755532e+01
  -2.9356356e+01
  -2.9378169e+01
  -2.6531643e+01
  -2.3902032e+01
  -2.2170694e+01
  -2.1255054e+01
  -2.1037952e+01
  -2.1411164e+01
  -2.2188742e+01
  -2.2941134e+01
  -2.3008544e+01
  -2.2193473e+01
  -2.1056310e+01
  -2.0153670e+01
  -1.9740635e+01
  -1.9917922e+01
  -2.0748522e+01
  -2.2282981e+01
  -2.4424787e+01
  -2.6275567e+01
  -2.5945871e+01
  -2.4040193e+01
  -2.2336786e+01
  -2.1345533e+01
  -2.1098488e+01
  -2.1578450e+01
  -2.2784045e+01
  -2.4643399e+01
  -2.6573529e+01
  -2.6907004e+01
  -2.5289180e+01
  -2.3408650e+01
  -2.2044459e+01
  -2.1261070e+01
  -2.0953450e+01
  -2.0956353e+01
  -2.1037467e+01
  -2.0927996e+01
  -2.0466719e+01
  -1.9724227e+01
  -1.8912210e+01
  -1.8218249e+01
  -1.7749300e+01
  -1.7551236e+01
  -1.7636649e+01
  -1.8000808e+01
  -1.8626945e+01
  -1.9484314e+01
  -2.0521694e+01
  -2.1660729e+01
  -2.2799153e+01
  -2.3836183e+01
  -2.4713267e+01
  -2.5430300e+01
  -2.6011017e+01
  -2.6454063e+01
  -2.6728204e+01
  -2.6824657e+01
  -2.6810934e+01
  -2.6821627e+01
  -2.7003992e+01
  -2.7478540e+01
  -2.8331075e+01
  -2.9618318e+01
  -3.1372407e+01
  -3.3604830e+01
  -3.6313323e+01
  -3.9253138e+01
  -4.0005508e+01
  -3.6254871e+01
  -3.1845761e+01
  -2.8219669e+01
  -2.5358246e+01
  -2.3131050e+01
  -2.1439097e+01
  -2.0213852e+01
  -1.9408044e+01
  -1.8989313e+01
  -1.8936478e+01
  -1.9237883e+01
  -1.9892060e+01
  -2.0912047e+01
  -2.2336840e+01
  -2.4258484e+01
  -2.6889515e+01
  -3.0765569e+01
  -3.7561323e+01
  -4.2004200e+01
  -3.3372144e+01
  -2.9001988e+01
  -2.6436319e+01
  -2.4873459e+01
  -2.4018189e+01
  -2.3741139e+01
  -2.3981267e+01
  -2.4708168e+01
  -2.5900452e+01
  -2.7523738e+01
  -2.9497500e+01
  -3.1638850e+01
  -3.3551418e+01
  -3.4454637e+01
  -3.3606157e+01
  -3.1516106e+01
  -2.9257136e+01
  -2.7388421e+01
  -2.6094673e+01
  -2.5446680e+01
  -2.5516375e+01
  -2.6442923e+01
  -2.8528748e+01
  -3.2434866e+01
  -3.7408795e+01
  -3.2936146e+01
  -2.8126454e+01
  -2.5299969e+01
  -2.3730015e+01
  -2.3072433e+01
  -2.3163725e+01
  -2.3876837e+01
  -2.4945236e+01
  -2.5698096e+01
  -2.5336881e+01
  -2.4095363e+01
  -2.2827297e+01
  -2.2001370e+01
  -2.1760241e+01
  -2.2142531e+01
  -2.3158137e+01
  -2.4746102e+01
  -2.6532543e+01
  -2.7465632e+01
  -2.6845351e+01
  -2.5625737e+01
  -2.4727680e+01
  -2.4405108e+01
  -2.4610891e+01
  -2.5111783e+01
  -2.5456569e+01
  -2.5196494e+01
  -2.4398439e+01
  -2.3541721e+01
  -2.3014825e+01
  -2.3012811e+01
  -2.3638726e+01
  -2.4966891e+01
  -2.6983455e+01
  -2.9108074e+01
  -2.9447505e+01
  -2.7680991e+01
  -2.5767370e+01
  -2.4483162e+01
  -2.3863402e+01
  -2.3795311e+01
  -2.4105209e+01
  -2.4522586e+01
  -2.4701647e+01
  -2.4440445e+01
  -2.3877754e+01
  -2.3323362e+01
  -2.3016054e+01
  -2.3080509e+01
  -2.3574071e+01
  -2.4524417e+01
  -2.5940819e+01
  -2.7794121e+01
  -2.9942943e+01
  -3.2005257e+01
  -3.3438423e+01
  -3.4166871e+01
  -3.4758158e+01
  -3.5787429e+01
  -3.7625491e+01
  -4.0593093e+01
  -4.4810903e+01
  -4.7088667e+01
  -4.4241455e+01
  -4.1632463e+01
  -4.0149998e+01
  -3.9343073e+01
  -3.8731035e+01
  -3.7950528e+01
  -3.6951927e+01
  -3.5976244e+01
  -3.5321431e+01
  -3.5238751e+01
  -3.6000998e+01
  -3.8100846e+01
  -4.2839965e+01
  -4.7410847e+01
  -3.8449703e+01
  -3.3057873e+01
  -2.9658373e+01
  -2.7374131e+01
  -2.5865507e+01
  -2.4976867e+01
  -2.4631717e+01
  -2.4792015e+01
  -2.5433507e+01
  -2.6513802e+01
  -2.7908100e+01
  -2.9308961e+01
  -3.0265161e+01
  -3.0643030e+01
  -3.0901562e+01
  -3.1672296e+01
  -3.3584815e+01
  -3.7837631e+01
  -4.9406305e+01
  -3.8969278e+01
  -3.2394414e+01
  -2.8849111e+01
  -2.6674057e+01
  -2.5333182e+01
  -2.4560419e+01
  -2.4170507e+01
  -2.3999139e+01
  -2.3898691e+01
  -2.3773662e+01
  -2.3617892e+01
  -2.3504182e+01
  -2.3531902e+01
  -2.3779956e+01
  -2.4285042e+01
  -2.5033466e+01
  -2.5956389e+01
  -2.6938538e+01
  -2.7862535e+01
  -2.8667326e+01
  -2.9317469e+01
  -2.9637108e+01
  -2.9252236e+01
  -2.8027463e+01
  -2.6383032e+01
  -2.4828908e+01
  -2.3643776e+01
  -2.2941913e+01
  -2.2781168e+01
  -2.3224346e+01
  -2.4383785e+01
  -2.6494465e+01
  -3.0135657e+01
  -3.7364487e+01
  -4.3888565e+01
  -3.3459334e+01
  -2.9436119e+01
  -2.7484212e+01
  -2.6629042e+01
  -2.6428555e+01
  -2.6502312e+01
  -2.6429626e+01
  -2.5936419e+01
  -2.5129287e+01
  -2.4329552e+01
  -2.3790152e+01
  -2.3637977e+01
  -2.3925188e+01
  -2.4672283e+01
  -2.5886896e+01
  -2.7567237e+01
  -2.9698847e+01
  -3.2255467e+01
  -3.5190384e+01
  -3.8096377e+01
  -3.8703049e+01
  -3.5853049e+01
  -3.2546131e+01
  -2.9936445e+01
  -2.8072183e+01
  -2.6873849e+01
  -2.6279919e+01
  -2.6255426e+01
  -2.6781468e+01
  -2.7828128e+01
  -2.9274927e+01
  -3.0717640e+01
  -3.1374558e+01
  -3.0892528e+01
  -2.9910385e+01
  -2.9067823e+01
  -2.8589232e+01
  -2.8483630e+01
  -2.8688078e+01
  -2.9125356e+01
  -2.9738820e+01
  -3.0521679e+01
  -3.1529606e+01
  -3.2868767e+01
  -3.4668180e+01
  -3.7030016e+01
  -3.9838606e+01
  -4.2060402e+01
  -4.1792253e+01
  -3.9603639e+01
  -3.6959809e+01
  -3.4335956e+01
  -3.1939962e+01
  -2.9920468e+01
  -2.8356152e+01
  -2.7272294e+01
  -2.6662810e+01
  -2.6494623e+01
  -2.6686863e+01
  -2.7063258e+01
  -2.7322029e+01
  -2.7170625e+01
  -2.6614803e+01
  -2.5961190e+01
  -2.5528580e+01
  -2.5506213e+01
  -2.5960196e+01
  -2.6797647e+01
  -2.7574752e+01
  -2.7440647e+01
  -2.6132255e+01
  -2.4420726e+01
  -2.2951412e+01
  -2.1939530e+01
  -2.1414440e+01
  -2.1352088e+01
  -2.1707444e+01
  -2.2405674e+01
  -2.3314584e+01
  -2.4229916e+01
  -2.4947443e+01
  -2.5434924e+01
  -2.5901458e+01
  -2.6670707e+01
  -2.8088151e+01
  -3.0623139e+01
  -3.5397308e+01
  -4.8676811e+01
  -3.8828806e+01
  -3.2378027e+01
  -2.9325745e+01
  -2.7772354e+01
  -2.7189151e+01
  -2.7373488e+01
  -2.8249015e+01
  -2.9806649e+01
  -3.2080462e+01
  -3.5117627e+01
  -3.8867358e+01
  -4.2833591e+01
  -4.6033026e+01
  -4.8978412e+01
  -5.4317281e+01
  -5.7035595e+01
  -4.9179576e+01
  -4.4933858e+01
  -4.2303849e+01
  -4.0067836e+01
  -3.7675612e+01
  -3.5242355e+01
  -3.3107791e+01
  -3.1486462e+01
  -3.0470742e+01
  -3.0113844e+01
  -3.0485773e+01
  -3.1707784e+01
  -3.3928802e+01
  -3.6699349e+01
  -3.6592555e+01
  -3.3286224e+01
  -3.0372956e+01
  -2.8415567e+01
  -2.7239575e+01
  -2.6669624e+01
  -2.6555005e+01
  -2.6728896e+01
  -2.6980983e+01
  -2.7094442e+01
  -2.6966538e+01
  -2.6683858e+01
  -2.6436343e+01
  -2.6393209e+01
  -2.6661395e+01
  -2.7300692e+01
  -2.8348199e+01
  -2.9837939e+01
  -3.1817946e+01
  -3.4363010e+01
  -3.7516817e+01
  -4.0679622e+01
  -4.1180395e+01
  -3.8934024e+01
  -3.6762062e+01
  -3.5413494e+01
  -3.4913821e+01
  -3.5201468e+01
  -3.5986521e+01
  -3.6125404e+01
  -3.4272129e+01
  -3.1422524e+01
  -2.8856481e+01
  -2.6894792e+01
  -2.5528164e+01
  -2.4700175e+01
  -2.4364022e+01
  -2.4488248e+01
  -2.5052880e+01
  -2.6043498e+01
  -2.7444334e+01
  -2.9233099e+01
  -3.1390073e+01
  -3.3954753e+01
  -3.7186865e+01
  -4.1926429e+01
  -4.8316557e+01
  -4.2763826e+01
  -3.7369652e+01
  -3.4168649e+01
  -3.2233556e+01
  -3.1185400e+01
  -3.0846870e+01
  -3.1113402e+01
  -3.1892028e+01
  -3.3058245e+01
  -3.4449343e+01
  -3.5976202e+01
  -3.7864986e+01
  -4.0814403e+01
  -4.4679291e+01
  -4.0976239e+01
  -3.5276433e+01
  -3.1404477e+01
  -2.8807809e+01
  -2.7134508e+01
  -2.6217246e+01
  -2.5979957e+01
  -2.6385149e+01
  -2.7358258e+01
  -2.8570123e+01
  -2.9080725e+01
  -2.8078743e+01
  -2.6301068e+01
  -2.4701779e+01
  -2.3612791e+01
  -2.3083593e+01
  -2.3100183e+01
  -2.3642368e+01
  -2.4683277e+01
  -2.6151505e+01
  -2.7836641e+01
  -2.9279301e+01
  -2.9988307e+01
  -3.0036936e+01
  -2.9911255e+01
  -2.9877345e+01
  -2.9837601e+01
  -2.9507758e+01
  -2.8755367e+01
  -2.7773507e+01
  -2.6855116e+01
  -2.6176038e+01
  -2.5776537e+01
  -2.5604525e+01
  -2.5554196e+01
  -2.5514782e+01
  -2.5436196e+01
  -2.5366910e+01
  -2.5423933e+01
  -2.5728066e+01
  -2.6348752e+01
  -2.7240923e+01
  -2.8127041e+01
  -2.8451564e+01
  -2.7874977e+01
  -2.6778920e+01
  -2.5725560e+01
  -2.5000410e+01
  -2.4675931e+01
  -2.4724634e+01
  -2.5060170e+01
  -2.5547068e+01
  -2.6031353e+01
  -2.6422725e+01
  -2.6772452e+01
  -2.7251773e+01
  -2.8062359e+01
  -2.9367655e+01
  -3.1203838e+01
  -3.3115956e+01
  -3.3629226e+01
  -3.2228957e+01
  -3.0440796e+01
  -2.9093724e+01
  -2.8251322e+01
  -2.7752752e+01
  -2.7379940e+01
  -2.6958441e+01
  -2.6462952e+01
  -2.6023475e+01
  -2.5824638e+01
  -2.6020632e+01
  -2.6698963e+01
  -2.7802554e+01
  -2.8849226e+01
  -2.8740103e+01
  -2.7161280e+01
  -2.5168316e+01
  -2.3476739e+01
  -2.2242331e+01
  -2.1421078e+01
  -2.0907406e+01
  -2.0565510e+01
