   3.1415927e+00
   2.7404628e+00
   2.3389275e+00
   1.9365129e+00
   1.5325702e+00
   1.1260340e+00
   7.1457957e-01
   2.8862596e-01
   3.2501102e+00
   2.6412902e+00
   2.1907767e+00
   1.7205245e+00
   1.1991229e+00
   5.5966115e-01
  -3.3890226e-01
  -1.4323295e+00
  -2.2725755e+00
  -2.8825422e+00
  -3.3939092e+00
  -3.8677029e+00
  -4.3402175e+00
  -4.8622706e+00
  -5.5910066e+00
  -6.8840552e+00
  -7.9064040e+00
  -8.4331287e+00
  -8.7798141e+00
  -9.0261301e+00
  -9.1925831e+00
  -9.2967700e+00
  -9.3700468e+00
  -9.4454023e+00
  -9.5364656e+00
  -9.6367083e+00
  -9.7324415e+00
  -9.8150159e+00
  -9.8886029e+00
  -9.9690769e+00
  -1.0072079e+01
  -1.0201889e+01
  -1.0350648e+01
  -1.0502788e+01
  -1.0638321e+01
  -1.0736024e+01
  -1.0783899e+01
  -1.0800249e+01
  -1.0835121e+01
  -1.0927481e+01
  -1.1080167e+01
  -1.1276442e+01
  -1.1496350e+01
  -1.1720177e+01
  -1.1924812e+01
  -1.2075298e+01
  -1.2114048e+01
  -1.1992507e+01
  -1.1827286e+01
  -1.1804959e+01
  -1.1921196e+01
  -1.2110826e+01
  -1.2328647e+01
  -1.2542738e+01
  -1.2719405e+01
  -1.2807782e+01
  -1.2740708e+01
  -1.2552924e+01
  -1.2456950e+01
  -1.2521881e+01
  -1.2685269e+01
  -1.2895171e+01
  -1.3122166e+01
  -1.3347948e+01
  -1.3558498e+01
  -1.3741189e+01
  -1.3885176e+01
  -1.3986165e+01
  -1.4054467e+01
  -1.4115913e+01
  -1.4196606e+01
  -1.4307309e+01
  -1.4444033e+01
  -1.4596446e+01
  -1.4753606e+01
  -1.4906188e+01
  -1.5047348e+01
  -1.5173515e+01
  -1.5285202e+01
  -1.5386992e+01
  -1.5485855e+01
  -1.5588258e+01
  -1.5697903e+01
  -1.5815291e+01
  -1.5938672e+01
  -1.6065327e+01
  -1.6192530e+01
  -1.6318094e+01
  -1.6440636e+01
  -1.6559679e+01
  -1.6675672e+01
  -1.6789932e+01
  -1.6904437e+01
  -1.7021446e+01
  -1.7142987e+01
  -1.7270375e+01
  -1.7403911e+01
  -1.7542839e+01
  -1.7685523e+01
  -1.7829754e+01
  -1.7973126e+01
  -1.8113424e+01
  -1.8249032e+01
  -1.8379282e+01
  -1.8504653e+01
  -1.8626668e+01
  -1.8747473e+01
  -1.8869197e+01
  -1.8993396e+01
  -1.9120777e+01
  -1.9251275e+01
  -1.9384345e+01
  -1.9519299e+01
  -1.9655569e+01
  -1.9792836e+01
  -1.9931008e+01
  -2.0070120e+01
  -2.0210199e+01
  -2.0351181e+01
  -2.0492893e+01
  -2.0635113e+01
  -2.0777666e+01
  -2.0920498e+01
  -2.1063708e+01
  -2.1207505e+01
  -2.1352123e+01
  -2.1497711e+01
  -2.1644276e+01
  -2.1791662e+01
  -2.1939606e+01
  -2.2087812e+01
  -2.2236029e+01
  -2.2384078e+01
  -2.2531824e+01
  -2.2679099e+01
  -2.2825606e+01
  -2.2970864e+01
  -2.3114219e+01
  -2.3254971e+01
  -2.3392572e+01
  -2.3526869e+01
  -2.3658287e+01
  -2.3787835e+01
  -2.3916896e+01
  -2.4046818e+01
  -2.4178490e+01
  -2.4312062e+01
  -2.4446924e+01
  -2.4581938e+01
  -2.4715824e+01
  -2.4847596e+01
  -2.4976914e+01
  -2.5104224e+01
  -2.5230607e+01
  -2.5357351e+01
  -2.5485453e+01
  -2.5615255e+01
  -2.5746403e+01
  -2.5878089e+01
  -2.6009483e+01
  -2.6140150e+01
  -2.6270284e+01
  -2.6400636e+01
  -2.6532132e+01
  -2.6665340e+01
  -2.6800060e+01
  -2.6935209e+01
  -2.7069099e+01
  -2.7200025e+01
  -2.7327032e+01
  -2.7450606e+01
  -2.7572891e+01
  -2.7697146e+01
  -2.7826527e+01
  -2.7962814e+01
  -2.8105706e+01
  -2.8252864e+01
  -2.8400487e+01
  -2.8544145e+01
  -2.8679858e+01
  -2.8805401e+01
  -2.8921610e+01
  -2.9032856e+01
  -2.9145749e+01
  -2.9266370e+01
  -2.9397765e+01
  -2.9539144e+01
  -2.9686615e+01
  -2.9834483e+01
  -2.9976548e+01
  -3.0107506e+01
  -3.0224661e+01
  -3.0329653e+01
  -3.0428835e+01
  -3.0530957e+01
  -3.0643066e+01
  -3.0767640e+01
  -3.0902480e+01
  -3.1042356e+01
  -3.1180926e+01
  -3.1312468e+01
  -3.1433572e+01
  -3.1544680e+01
  -3.1650539e+01
  -3.1758463e+01
  -3.1874917e+01
  -3.2002723e+01
  -3.2140492e+01
  -3.2283771e+01
  -3.2426680e+01
  -3.2563444e+01
  -3.2689901e+01
  -3.2804990e+01
  -3.2911624e+01
  -3.3015856e+01
  -3.3124114e+01
  -3.3240158e+01
  -3.3363731e+01
  -3.3491215e+01
  -3.3617301e+01
  -3.3736914e+01
  -3.3847131e+01
  -3.3948761e+01
  -3.4046548e+01
  -3.4147168e+01
  -3.4255853e+01
  -3.4373972e+01
  -3.4498785e+01
  -3.4624759e+01
  -3.4745381e+01
  -3.4855147e+01
  -3.4951734e+01
  -3.5037706e+01
  -3.5120129e+01
  -3.5207190e+01
  -3.5303887e+01
  -3.5410012e+01
  -3.5521074e+01
  -3.5630660e+01
  -3.5733057e+01
  -3.5825769e+01
  -3.5911259e+01
  -3.5996370e+01
  -3.6088851e+01
  -3.6193190e+01
  -3.6308781e+01
  -3.6430804e+01
  -3.6552323e+01
  -3.6666532e+01
  -3.6769098e+01
  -3.6860385e+01
  -3.6946203e+01
  -3.7035383e+01
  -3.7135063e+01
  -3.7247269e+01
  -3.7368769e+01
  -3.7493030e+01
  -3.7612611e+01
  -3.7721544e+01
  -3.7817774e+01
  -3.7904860e+01
  -3.7990981e+01
  -3.8084683e+01
  -3.8190271e+01
  -3.8306216e+01
  -3.8426554e+01
  -3.8543371e+01
  -3.8649451e+01
  -3.8741147e+01
  -3.8820943e+01
  -3.8897421e+01
  -3.8980955e+01
  -3.9077864e+01
  -3.9187791e+01
  -3.9305075e+01
  -3.9421677e+01
  -3.9530115e+01
  -3.9626314e+01
  -3.9711985e+01
  -3.9794649e+01
  -3.9883782e+01
  -3.9985380e+01
  -4.0099214e+01
  -4.0219772e+01
  -4.0338839e+01
  -4.0448291e+01
  -4.0543065e+01
  -4.0624103e+01
  -4.0699131e+01
  -4.0778852e+01
  -4.0870463e+01
  -4.0973883e+01
  -4.1082556e+01
  -4.1186528e+01
  -4.1276146e+01
  -4.1346595e+01
  -4.1402487e+01
  -4.1457799e+01
  -4.1527724e+01
  -4.1619200e+01
  -4.1728813e+01
  -4.1846543e+01
  -4.1960132e+01
  -4.2058806e+01
  -4.2137655e+01
  -4.2202092e+01
  -4.2267239e+01
  -4.2348855e+01
  -4.2453541e+01
  -4.2576977e+01
  -4.2707731e+01
  -4.2831027e+01
  -4.2931699e+01
  -4.2999204e+01
  -4.3036719e+01
  -4.3066529e+01
  -4.3117145e+01
  -4.3202493e+01
  -4.3317905e+01
  -4.3448848e+01
  -4.3578182e+01
  -4.3689955e+01
  -4.3773862e+01
  -4.3832593e+01
  -4.3885524e+01
  -4.3957568e+01
  -4.4061563e+01
  -4.4193866e+01
  -4.4340901e+01
  -4.4485031e+01
  -4.4607430e+01
  -4.4692290e+01
  -4.4737763e+01
  -4.4767999e+01
  -4.4821523e+01
  -4.4919881e+01
  -4.5058524e+01
  -4.5218807e+01
  -4.5376495e+01
  -4.5502444e+01
  -4.5563863e+01
  -4.5546195e+01
  -4.5500873e+01
  -4.5517433e+01
  -4.5625579e+01
  -4.5802366e+01
  -4.6017177e+01
  -4.6243821e+01
  -4.6456472e+01
  -4.6621602e+01
  -4.6692953e+01
  -4.6646447e+01
  -4.6581299e+01
  -4.6638288e+01
  -4.6830289e+01
  -4.7119544e+01
  -4.7486488e+01
  -4.7943958e+01
  -4.8561496e+01
  -4.9473886e+01
  -5.0480745e+01
  -5.1189472e+01
  -5.1675810e+01
  -5.1935484e+01
  -5.0165986e+01
  -5.0076417e+01
  -5.0350282e+01
  -5.0641909e+01
  -5.0913014e+01
  -5.1142483e+01
  -5.1308134e+01
  -5.1392621e+01
  -5.1412724e+01
  -5.1435032e+01
  -5.1516232e+01
  -5.1659914e+01
  -5.1843377e+01
  -5.2042168e+01
  -5.2234832e+01
  -5.2401354e+01
  -5.2523384e+01
  -5.2592164e+01
  -5.2624517e+01
  -5.2662723e+01
  -5.2740854e+01
  -5.2862980e+01
  -5.3014407e+01
  -5.3175945e+01
  -5.3329160e+01
  -5.3457893e+01
  -5.3551733e+01
  -5.3613573e+01
  -5.3664168e+01
  -5.3730719e+01
  -5.3827812e+01
  -5.3952841e+01
  -5.4093681e+01
  -5.4235675e+01
  -5.4365085e+01
  -5.4471813e+01
  -5.4553577e+01
  -5.4619632e+01
  -5.4687589e+01
  -5.4772405e+01
  -5.4878187e+01
  -5.4999115e+01
  -5.5124449e+01
  -5.5242711e+01
  -5.5344933e+01
  -5.5428207e+01
  -5.5498500e+01
  -5.5568831e+01
  -5.5651703e+01
  -5.5752170e+01
  -5.5867076e+01
  -5.5988378e+01
  -5.6106746e+01
  -5.6214424e+01
  -5.6307874e+01
  -5.6389809e+01
  -5.6468590e+01
  -5.6553829e+01
  -5.6651120e+01
  -5.6759992e+01
  -5.6875378e+01
  -5.6990362e+01
  -5.7098784e+01
  -5.7197492e+01
  -5.7287884e+01
  -5.7375607e+01
  -5.7467756e+01
  -5.7569165e+01
  -5.7680406e+01
  -5.7798252e+01
  -5.7917459e+01
  -5.8032714e+01
  -5.8140377e+01
  -5.8239802e+01
  -5.8333702e+01
  -5.8426931e+01
  -5.8524067e+01
  -5.8627299e+01
  -5.8735857e+01
  -5.8846895e+01
  -5.8957021e+01
  -5.9063779e+01
  -5.9166671e+01
  -5.9267334e+01
  -5.9368676e+01
  -5.9473358e+01
  -5.9582498e+01
  -5.9695290e+01
  -5.9809542e+01
  -5.9922721e+01
  -6.0033063e+01
  -6.0140371e+01
  -6.0246152e+01
  -6.0352940e+01
  -6.0463077e+01
  -6.0577631e+01
  -6.0696002e+01
  -6.0816283e+01
  -6.0936072e+01
  -6.1053417e+01
  -6.1167586e+01
  -6.1279401e+01
  -6.1390912e+01
  -6.1504490e+01
  -6.1621796e+01
  -6.1743148e+01
  -6.1867551e+01
  -6.1993230e+01
  -6.2118388e+01
  -6.2241903e+01
  -6.2363746e+01
  -6.2484959e+01
  -6.2607161e+01
  -6.2731797e+01
  -6.2859513e+01
  -6.2989922e+01
  -6.3121821e+01
  -6.3253694e+01
  -6.3384298e+01
  -6.3513130e+01
  -6.3640619e+01
  -6.3767929e+01
  -6.3896439e+01
  -6.4027147e+01
  -6.4160261e+01
  -6.4295164e+01
  -6.4430694e+01
  -6.4565624e+01
  -6.4699130e+01
  -6.4831105e+01
  -6.4962176e+01
  -6.5093391e+01
  -6.5225699e+01
  -6.5359458e+01
  -6.5494196e+01
  -6.5628700e+01
  -6.5761385e+01
  -6.5890825e+01
  -6.6016269e+01
  -6.6137963e+01
  -6.6257115e+01
  -6.6375419e+01
  -6.6494359e+01
  -6.6614613e+01
  -6.6735860e+01
  -6.6857044e+01
  -6.6976956e+01
  -6.7094878e+01
  -6.7211037e+01
  -6.7326645e+01
  -6.7443431e+01
  -6.7562887e+01
  -6.7685591e+01
  -6.7810950e+01
  -6.7937428e+01
  -6.8063116e+01
  -6.8186452e+01
  -6.8306844e+01
  -6.8424960e+01
  -6.8542487e+01
  -6.8661363e+01
  -6.8782851e+01
  -6.8906903e+01
  -6.9032096e+01
  -6.9156107e+01
  -6.9276546e+01
  -6.9391914e+01
  -6.9502391e+01
  -6.9610038e+01
  -6.9718092e+01
  -6.9829568e+01
  -6.9945915e+01
  -7.0066433e+01
  -7.0188585e+01
  -7.0308917e+01
  -7.0424245e+01
  -7.0532875e+01
  -7.0635497e+01
  -7.0735174e+01
  -7.0836119e+01
  -7.0941754e+01
  -7.1053238e+01
  -7.1169196e+01
  -7.1286520e+01
  -7.1401675e+01
  -7.1512083e+01
  -7.1617239e+01
  -7.1719082e+01
  -7.1821206e+01
  -7.1927130e+01
  -7.2038622e+01
  -7.2155032e+01
  -7.2273769e+01
  -7.2391477e+01
  -7.2505411e+01
  -7.2614634e+01
  -7.2720572e+01
  -7.2826465e+01
  -7.2935775e+01
  -7.3050423e+01
  -7.3169883e+01
  -7.3291423e+01
  -7.3411187e+01
  -7.3525666e+01
  -7.3633223e+01
  -7.3735157e+01
  -7.3835517e+01
  -7.3939301e+01
  -7.4049956e+01
  -7.4167761e+01
  -7.4289832e+01
  -7.4411293e+01
  -7.4526987e+01
  -7.4633433e+01
  -7.4730671e+01
  -7.4822959e+01
  -7.4917140e+01
  -7.5019101e+01
  -7.5130772e+01
  -7.5249473e+01
  -7.5369193e+01
  -7.5482673e+01
  -7.5583910e+01
  -7.5671048e+01
  -7.5748561e+01
  -7.5826153e+01
  -7.5913575e+01
  -7.6015212e+01
  -7.6128553e+01
  -7.6246088e+01
  -7.6358189e+01
  -7.6456190e+01
  -7.6536129e+01
  -7.6602377e+01
  -7.6667279e+01
  -7.6744238e+01
  -7.6839649e+01
  -7.6950702e+01
  -7.7068283e+01
  -7.7180809e+01
  -7.7277803e+01
  -7.7354254e+01
  -7.7415168e+01
  -7.7475306e+01
  -7.7550435e+01
  -7.7647456e+01
  -7.7762440e+01
  -7.7884551e+01
  -7.8000353e+01
  -7.8097459e+01
  -7.8169487e+01
  -7.8222182e+01
  -7.8273909e+01
  -7.8344446e+01
  -7.8442214e+01
  -7.8562640e+01
  -7.8693797e+01
  -7.8821431e+01
  -7.8932260e+01
  -7.9018035e+01
  -7.9081367e+01
  -7.9138178e+01
  -7.9209100e+01
  -7.9305804e+01
  -7.9426579e+01
  -7.9560996e+01
  -7.9695321e+01
  -7.9815975e+01
  -7.9913038e+01
  -7.9985616e+01
  -8.0045973e+01
  -8.0114378e+01
  -8.0205684e+01
  -8.0321672e+01
  -8.0453885e+01
  -8.0589385e+01
  -8.0714873e+01
  -8.0820286e+01
  -8.0903645e+01
  -8.0974977e+01
  -8.1052464e+01
  -8.1150565e+01
  -8.1271897e+01
  -8.1408600e+01
  -8.1547307e+01
  -8.1673145e+01
  -8.1773873e+01
  -8.1846820e+01
  -8.1905816e+01
  -8.1976347e+01
  -8.2077670e+01
  -8.2212271e+01
  -8.2370076e+01
  -8.2535659e+01
  -8.2691981e+01
  -8.2822595e+01
  -8.2916831e+01
  -8.2980256e+01
  -8.3039934e+01
  -8.3127461e+01
  -8.3256061e+01
  -8.3419256e+01
  -8.3601455e+01
  -8.3784587e+01
  -8.3949850e+01
  -8.4079359e+01
  -8.4163488e+01
  -8.4215271e+01
  -8.4272390e+01
  -8.4368586e+01
  -8.4510676e+01
  -8.4686077e+01
  -8.4876367e+01
  -8.5062919e+01
  -8.5228215e+01
  -8.5358572e+01
  -8.5452223e+01
  -8.5528260e+01
  -8.5618833e+01
  -8.5745049e+01
  -8.5906553e+01
  -8.6089408e+01
  -8.6274406e+01
  -8.6439903e+01
  -8.6563776e+01
  -8.6633276e+01
  -8.6666785e+01
  -8.6715822e+01
  -8.6820126e+01
  -8.6981377e+01
  -8.7180694e+01
  -8.7395442e+01
  -8.7602776e+01
  -8.7777797e+01
  -8.7894423e+01
  -8.7941876e+01
  -8.7958055e+01
  -8.8014463e+01
  -8.8144466e+01
  -8.8334924e+01
  -8.8559579e+01
  -8.8793512e+01
  -8.9012703e+01
  -8.9190469e+01
  -8.9299090e+01
  -8.9332264e+01
  -8.9342283e+01
  -8.9405702e+01
  -8.9545543e+01
  -8.9741073e+01
  -8.9964394e+01
  -9.0191410e+01
  -9.0400557e+01
  -9.0571100e+01
  -9.0687586e+01
  -9.0755779e+01
  -9.0814777e+01
  -9.0910105e+01
  -9.1057077e+01
  -9.1244372e+01
  -9.1452289e+01
  -9.1660685e+01
  -9.1849444e+01
  -9.1998321e+01
  -9.2092878e+01
  -9.2141721e+01
  -9.2186600e+01
  -9.2271414e+01
  -9.2407605e+01
  -9.2580891e+01
  -9.2768709e+01
  -9.2946060e+01
  -9.3084047e+01
  -9.3151227e+01
  -9.3137234e+01
  -9.3097262e+01
  -9.3115927e+01
  -9.3216532e+01
  -9.3373865e+01
  -9.3555577e+01
  -9.3732445e+01
  -9.3875567e+01
  -9.3956392e+01
  -9.3964922e+01
  -9.3944418e+01
  -9.3968146e+01
  -9.4064243e+01
  -9.4215009e+01
  -9.4391875e+01
  -9.4568396e+01
  -9.4720367e+01
  -9.4826962e+01
  -9.4881863e+01
  -9.4911014e+01
  -9.4962379e+01
  -9.5063932e+01
  -9.5210979e+01
  -9.5383739e+01
  -9.5559759e+01
  -9.5716580e+01
  -9.5832942e+01
  -9.5897025e+01
  -9.5924304e+01
  -9.5959183e+01
  -9.6037816e+01
  -9.6163096e+01
  -9.6317164e+01
  -9.6476651e+01
  -9.6617588e+01
  -9.6717667e+01
  -9.6765873e+01
  -9.6781177e+01
  -9.6810300e+01
  -9.6886926e+01
  -9.7010494e+01
  -9.7161523e+01
  -9.7316145e+01
  -9.7450137e+01
  -9.7541253e+01
  -9.7580089e+01
  -9.7589556e+01
  -9.7618946e+01
  -9.7700321e+01
  -9.7831186e+01
  -9.7992320e+01
  -9.8161868e+01
  -9.8318556e+01
  -9.8441943e+01
  -9.8517094e+01
  -9.8548637e+01
  -9.8570891e+01
  -9.8624671e+01
  -9.8724450e+01
  -9.8859390e+01
  -9.9009239e+01
  -9.9152450e+01
  -9.9268572e+01
  -9.9342770e+01
  -9.9377531e+01
  -9.9401389e+01
  -9.9450797e+01
  -9.9541054e+01
  -9.9663944e+01
  -9.9801144e+01
  -9.9932927e+01
  -1.0004213e+02
  -1.0011954e+02
  -1.0017224e+02
  -1.0022471e+02
  -1.0030227e+02
  -1.0041383e+02
  -1.0055239e+02
  -1.0070365e+02
  -1.0085200e+02
  -1.0098345e+02
  -1.0108916e+02
  -1.0117103e+02
  -1.0124458e+02
  -1.0133099e+02
  -1.0144326e+02
  -1.0158106e+02
  -1.0173520e+02
  -1.0189316e+02
  -1.0204241e+02
  -1.0217293e+02
  -1.0228076e+02
  -1.0237199e+02
  -1.0246204e+02
  -1.0256701e+02
  -1.0269455e+02
  -1.0284229e+02
  -1.0300178e+02
  -1.0316237e+02
  -1.0331374e+02
  -1.0344795e+02
  -1.0356241e+02
  -1.0366248e+02
  -1.0376034e+02
  -1.0386849e+02
  -1.0399289e+02
  -1.0413139e+02
  -1.0427626e+02
  -1.0441745e+02
  -1.0454532e+02
  -1.0465376e+02
  -1.0474383e+02
  -1.0482536e+02
  -1.0491248e+02
  -1.0501512e+02
  -1.0513426e+02
  -1.0526327e+02
  -1.0539174e+02
  -1.0550904e+02
  -1.0560803e+02
  -1.0568944e+02
  -1.0576394e+02
  -1.0584717e+02
  -1.0595003e+02
  -1.0607349e+02
  -1.0621038e+02
  -1.0634944e+02
  -1.0647858e+02
  -1.0658798e+02
  -1.0667454e+02
  -1.0674619e+02
  -1.0681995e+02
  -1.0691140e+02
  -1.0702555e+02
  -1.0715668e+02
  -1.0729308e+02
  -1.0742121e+02
  -1.0752938e+02
  -1.0761294e+02
  -1.0767998e+02
  -1.0775003e+02
  -1.0784167e+02
  -1.0796121e+02
  -1.0810269e+02
  -1.0825360e+02
  -1.0839920e+02
  -1.0852520e+02
  -1.0862170e+02
  -1.0869015e+02
  -1.0874781e+02
  -1.0881892e+02
  -1.0891757e+02
  -1.0904172e+02
  -1.0917887e+02
  -1.0931263e+02
  -1.0942689e+02
  -1.0951094e+02
  -1.0956779e+02
  -1.0961838e+02
  -1.0968919e+02
  -1.0979318e+02
  -1.0992603e+02
  -1.1007386e+02
  -1.1021980e+02
  -1.1034710e+02
  -1.1044296e+02
  -1.1050631e+02
  -1.1055490e+02
  -1.1061730e+02
  -1.1071171e+02
  -1.1083731e+02
  -1.1098111e+02
  -1.1112583e+02
  -1.1125390e+02
  -1.1135138e+02
  -1.1141598e+02
  -1.1146520e+02
  -1.1152895e+02
  -1.1162716e+02
  -1.1175952e+02
  -1.1191247e+02
  -1.1206703e+02
  -1.1220181e+02
  -1.1229539e+02
  -1.1233655e+02
  -1.1234441e+02
  -1.1236782e+02
  -1.1244282e+02
  -1.1256965e+02
  -1.1272910e+02
  -1.1289779e+02
  -1.1305186e+02
  -1.1316708e+02
  -1.1322546e+02
  -1.1323647e+02
  -1.1324924e+02
  -1.1331217e+02
  -1.1343366e+02
  -1.1359548e+02
  -1.1377366e+02
  -1.1394494e+02
  -1.1408708e+02
  -1.1418263e+02
  -1.1423310e+02
  -1.1427269e+02
  -1.1434691e+02
  -1.1447483e+02
  -1.1464768e+02
  -1.1484671e+02
  -1.1505246e+02
  -1.1524578e+02
  -1.1540725e+02
  -1.1552006e+02
  -1.1558286e+02
  -1.1562523e+02
  -1.1569286e+02
  -1.1580889e+02
  -1.1596645e+02
  -1.1614530e+02
  -1.1632178e+02
  -1.1647012e+02
  -1.1656367e+02
  -1.1658941e+02
  -1.1657921e+02
  -1.1660088e+02
  -1.1669053e+02
  -1.1683758e+02
  -1.1701578e+02
  -1.1719915e+02
  -1.1736295e+02
  -1.1748310e+02
  -1.1754406e+02
  -1.1756108e+02
  -1.1758647e+02
  -1.1766375e+02
  -1.1779569e+02
  -1.1796159e+02
  -1.1813585e+02
  -1.1829255e+02
  -1.1840633e+02
  -1.1846222e+02
  -1.1848011e+02
  -1.1851696e+02
  -1.1861490e+02
  -1.1877391e+02
  -1.1897366e+02
  -1.1919167e+02
  -1.1940669e+02
  -1.1959676e+02
  -1.1973861e+02
  -1.1981714e+02
  -1.1985180e+02
  -1.1990237e+02
  -1.2001464e+02
  -1.2018897e+02
  -1.2040309e+02
  -1.2063117e+02
  -1.2084588e+02
  -1.2101338e+02
  -1.2109241e+02
  -1.2106966e+02
  -1.2103179e+02
  -1.2108811e+02
  -1.2124633e+02
  -1.2146657e+02
  -1.2171251e+02
  -1.2195493e+02
  -1.2216459e+02
  -1.2230744e+02
  -1.2235790e+02
  -1.2235090e+02
  -1.2238657e+02
  -1.2251629e+02
  -1.2272160e+02
  -1.2296946e+02
  -1.2323218e+02
  -1.2348455e+02
  -1.2369498e+02
  -1.2381443e+02
  -1.2378715e+02
  -1.2366821e+02
  -1.2364766e+02
  -1.2377455e+02
  -1.2399269e+02
  -1.2425452e+02
  -1.2452995e+02
  -1.2479503e+02
  -1.2502167e+02
  -1.2516832e+02
  -1.2518776e+02
  -1.2511352e+02
  -1.2510440e+02
  -1.2523048e+02
  -1.2545173e+02
  -1.2572197e+02
  -1.2600839e+02
  -1.2628073e+02
  -1.2649319e+02
  -1.2655217e+02
  -1.2635502e+02
  -1.2616840e+02
  -1.2624788e+02
  -1.2648802e+02
  -1.2679809e+02
  -1.2713525e+02
  -1.2747305e+02
  -1.2778248e+02
  -1.2800691e+02
  -1.2800243e+02
  -1.2765631e+02
  -1.2750372e+02
  -1.2766076e+02
  -1.2794225e+02
  -1.2826779e+02
  -1.2860277e+02
  -1.2892349e+02
  -1.2919974e+02
  -1.2937183e+02
  -1.2932195e+02
  -1.2906370e+02
  -1.2898066e+02
  -1.2912337e+02
  -1.2936994e+02
  -1.2965462e+02
  -1.2994286e+02
  -1.3020618e+02
  -1.3040598e+02
  -1.3048153e+02
  -1.3039711e+02
  -1.3030137e+02
  -1.3036176e+02
  -1.3055445e+02
  -1.3081781e+02
  -1.3111315e+02
  -1.3141562e+02
  -1.3170171e+02
  -1.3193459e+02
  -1.3203568e+02
  -1.3187971e+02
  -1.3163101e+02
  -1.3164061e+02
  -1.3184082e+02
  -1.3212471e+02
  -1.3244213e+02
  -1.3276498e+02
  -1.3306568e+02
  -1.3329366e+02
  -1.3332018e+02
  -1.3299346e+02
  -1.3279252e+02
  -1.3292837e+02
  -1.3321064e+02
  -1.3354965e+02
  -1.3390874e+02
  -1.3426491e+02
  -1.3458911e+02
  -1.3481095e+02
  -1.3469098e+02
  -1.3413997e+02
  -1.3408268e+02
  -1.3432734e+02
  -1.3466487e+02
  -1.3503471e+02
  -1.3541230e+02
  -1.3577913e+02
  -1.3610433e+02
  -1.3628944e+02
  -1.3590816e+02
  -1.3531033e+02
  -1.3541887e+02
  -1.3573191e+02
  -1.3610676e+02
  -1.3650690e+02
  -1.3691854e+02
  -1.3733341e+02
  -1.3774142e+02
  -1.3811655e+02
  -1.3832133e+02
  -1.3713497e+02
  -1.3689556e+02
  -1.3724446e+02
  -1.3767774e+02
  -1.3813729e+02
  -1.3860361e+02
  -1.3906124e+02
  -1.3948723e+02
  -1.3982849e+02
  -1.3990733e+02
  -1.3941854e+02
  -1.3924515e+02
  -1.3946975e+02
  -1.3980483e+02
  -1.4016792e+02
  -1.4052928e+02
  -1.4087017e+02
  -1.4116835e+02
  -1.4138473e+02
  -1.4144998e+02
  -1.4133043e+02
  -1.4122394e+02
  -1.4129425e+02
  -1.4148857e+02
  -1.4173914e+02
  -1.4200600e+02
  -1.4226089e+02
  -1.4247343e+02
  -1.4260051e+02
  -1.4259595e+02
  -1.4249990e+02
  -1.4247003e+02
  -1.4256757e+02
  -1.4275011e+02
  -1.4297159e+02
  -1.4319991e+02
  -1.4340961e+02
  -1.4357664e+02
  -1.4368229e+02
  -1.4373362e+02
  -1.4377967e+02
  -1.4387326e+02
  -1.4402627e+02
  -1.4422056e+02
  -1.4442977e+02
  -1.4462431e+02
  -1.4476647e+02
  -1.4480960e+02
  -1.4474352e+02
  -1.4467690e+02
  -1.4472193e+02
  -1.4487177e+02
  -1.4508079e+02
  -1.4531220e+02
  -1.4553703e+02
  -1.4572551e+02
  -1.4584152e+02
  -1.4585697e+02
  -1.4581104e+02
  -1.4581313e+02
  -1.4591294e+02
  -1.4608622e+02
  -1.4629697e+02
  -1.4651683e+02
  -1.4672281e+02
  -1.4689412e+02
  -1.4701498e+02
  -1.4708813e+02
  -1.4714747e+02
  -1.4723728e+02
  -1.4737625e+02
  -1.4755593e+02
  -1.4775751e+02
  -1.4796065e+02
  -1.4814439e+02
  -1.4828710e+02
  -1.4837288e+02
  -1.4841122e+02
  -1.4844874e+02
  -1.4853289e+02
  -1.4867440e+02
  -1.4885794e+02
  -1.4906197e+02
  -1.4926528e+02
  -1.4944619e+02
  -1.4958169e+02
  -1.4965452e+02
  -1.4967636e+02
  -1.4970041e+02
  -1.4977659e+02
  -1.4991175e+02
  -1.5008601e+02
  -1.5027428e+02
  -1.5045188e+02
  -1.5059428e+02
  -1.5068181e+02
  -1.5071871e+02
  -1.5074967e+02
  -1.5082665e+02
  -1.5096400e+02
  -1.5114584e+02
  -1.5134781e+02
  -1.5154405e+02
  -1.5170485e+02
  -1.5179530e+02
  -1.5179562e+02
  -1.5175644e+02
  -1.5177743e+02
  -1.5189326e+02
  -1.5207857e+02
  -1.5230021e+02
  -1.5253094e+02
  -1.5274560e+02
  -1.5291486e+02
  -1.5300372e+02
  -1.5299672e+02
  -1.5295675e+02
  -1.5298532e+02
  -1.5310703e+02
  -1.5329122e+02
  -1.5350283e+02
  -1.5371164e+02
  -1.5388609e+02
  -1.5398705e+02
  -1.5398130e+02
  -1.5390817e+02
  -1.5388795e+02
  -1.5397300e+02
  -1.5413401e+02
  -1.5433080e+02
  -1.5453098e+02
  -1.5470546e+02
  -1.5482433e+02
  -1.5486714e+02
  -1.5485861e+02
  -1.5487496e+02
  -1.5496596e+02
  -1.5512422e+02
  -1.5532201e+02
  -1.5553240e+02
  -1.5573046e+02
  -1.5588999e+02
  -1.5598571e+02
  -1.5601465e+02
  -1.5602706e+02
  -1.5609257e+02
  -1.5623271e+02
  -1.5642907e+02
  -1.5665495e+02
  -1.5688462e+02
  -1.5708938e+02
  -1.5722971e+02
  -1.5725725e+02
  -1.5717988e+02
  -1.5713592e+02
  -1.5722105e+02
  -1.5740836e+02
  -1.5764937e+02
  -1.5790682e+02
  -1.5814612e+02
  -1.5831846e+02
  -1.5834548e+02
  -1.5820118e+02
  -1.5810756e+02
  -1.5820746e+02
  -1.5843437e+02
  -1.5872052e+02
  -1.5902537e+02
  -1.5931464e+02
  -1.5953310e+02
  -1.5954352e+02
  -1.5918571e+02
  -1.5897687e+02
  -1.5910994e+02
  -1.5938418e+02
  -1.5971097e+02
  -1.6005420e+02
  -1.6039005e+02
  -1.6068470e+02
  -1.6084304e+02
  -1.6051881e+02
  -1.5995287e+02
  -1.5999922e+02
  -1.6026720e+02
  -1.6060261e+02
  -1.6096188e+02
  -1.6132573e+02
  -1.6167743e+02
  -1.6198586e+02
  -1.6214777e+02
  -1.6173317e+02
  -1.6116722e+02
  -1.6128218e+02
  -1.6159663e+02
  -1.6197597e+02
  -1.6238574e+02
  -1.6281381e+02
  -1.6325424e+02
  -1.6370095e+02
  -1.6413734e+02
  -1.6445423e+02
  -1.6275774e+02
  -1.6285176e+02
  -1.6332687e+02
  -1.6385029e+02
  -1.6438464e+02
  -1.6491484e+02
  -1.6543233e+02
  -1.6593208e+02
  -1.6641045e+02
  -1.6686164e+02
  -1.6726768e+02
  -1.6753876e+02
  -1.6668688e+02
  -1.6602214e+02
  -1.6628557e+02
  -1.6664582e+02
  -1.6702334e+02
  -1.6739557e+02
  -1.6774399e+02
  -1.6803195e+02
  -1.6814291e+02
  -1.6774574e+02
  -1.6733862e+02
  -1.6744351e+02
  -1.6772837e+02
  -1.6807442e+02
  -1.6844522e+02
  -1.6882433e+02
  -1.6919686e+02
  -1.6952399e+02
  -1.6943002e+02
  -1.6780668e+02
  -1.6801890e+02
  -1.6839243e+02
  -1.6880139e+02
  -1.6922545e+02
  -1.6965783e+02
  -1.7009381e+02
  -1.7052436e+02
  -1.7090728e+02
  -1.6990898e+02
  -1.6906384e+02
  -1.6947756e+02
  -1.6995434e+02
  -1.7045339e+02
  -1.7096556e+02
  -1.7148734e+02
  -1.7201817e+02
  -1.7256262e+02
  -1.7314199e+02
  -1.7387749e+02
  -1.7592388e+02
  -1.7722784e+02
  -1.7785370e+02
  -1.7838775e+02
  -1.7889365e+02
  -1.7938991e+02
  -1.7988872e+02
  -1.8040938e+02
  -1.8101464e+02
  -1.8214554e+02
  -1.8409840e+02
  -1.8486632e+02
  -1.8541549e+02
  -1.8591832e+02
  -1.8641287e+02
  -1.8692180e+02
  -1.8748174e+02
  -1.8820403e+02
  -1.8943633e+02
  -1.9073199e+02
  -1.9147747e+02
  -1.9202884e+02
  -1.9251091e+02
  -1.9295628e+02
  -1.9336749e+02
  -1.9370337e+02
  -1.9335780e+02
  -1.9200110e+02
  -1.9225560e+02
  -1.9263017e+02
  -1.9302983e+02
  -1.9343572e+02
  -1.9383818e+02
  -1.9422373e+02
  -1.9455476e+02
  -1.9465297e+02
  -1.9381645e+02
  -1.9360013e+02
  -1.9391329e+02
  -1.9435102e+02
  -1.9484813e+02
  -1.9539118e+02
  -1.9597924e+02
  -1.9661577e+02
  -1.9730979e+02
  -1.9809030e+02
  -1.9904238e+02
  -2.0024002e+02
  -2.0135207e+02
  -2.0217473e+02
  -2.0283021e+02
  -2.0340170e+02
  -2.0392512e+02
  -2.0441660e+02
  -2.0488266e+02
  -2.0532113e+02
  -2.0570510e+02
  -2.0570647e+02
  -2.0395858e+02
  -2.0420358e+02
  -2.0458440e+02
  -2.0498689e+02
  -2.0539218e+02
  -2.0579181e+02
  -2.0617609e+02
  -2.0652372e+02
  -2.0676370e+02
  -2.0655110e+02
  -2.0579481e+02
  -2.0582536e+02
  -2.0612759e+02
  -2.0650682e+02
  -2.0692086e+02
  -2.0735959e+02
  -2.0782802e+02
  -2.0836071e+02
  -2.0918533e+02
  -2.1127997e+02
  -2.1221047e+02
  -2.1276458e+02
  -2.1324760e+02
  -2.1370156e+02
  -2.1413305e+02
  -2.1453306e+02
  -2.1486258e+02
  -2.1493441e+02
  -2.1411926e+02
  -2.1388699e+02
  -2.1413577e+02
  -2.1448155e+02
  -2.1484999e+02
  -2.1521438e+02
  -2.1555365e+02
  -2.1583400e+02
  -2.1597738e+02
  -2.1583305e+02
  -2.1554502e+02
  -2.1554012e+02
  -2.1573708e+02
  -2.1601252e+02
  -2.1631174e+02
  -2.1660352e+02
  -2.1685533e+02
  -2.1701051e+02
  -2.1696782e+02
  -2.1673679e+02
  -2.1664058e+02
  -2.1675474e+02
  -2.1697456e+02
  -2.1723365e+02
  -2.1749401e+02
  -2.1772192e+02
  -2.1787094e+02
  -2.1788074e+02
  -2.1777071e+02
  -2.1772757e+02
  -2.1783982e+02
  -2.1805838e+02
  -2.1833225e+02
  -2.1863044e+02
  -2.1893142e+02
  -2.1921253e+02
  -2.1943699e+02
  -2.1953098e+02
  -2.1940235e+02
  -2.1921810e+02
  -2.1925491e+02
  -2.1946451e+02
  -2.1975716e+02
  -2.2008651e+02
  -2.2042535e+02
  -2.2074605e+02
  -2.2099319e+02
  -2.2099335e+02
  -2.2050293e+02
  -2.2031616e+02
  -2.2051518e+02
  -2.2083941e+02
  -2.2120595e+02
  -2.2158305e+02
  -2.2195052e+02
  -2.2228513e+02
  -2.2254569e+02
  -2.2264969e+02
  -2.2252727e+02
  -2.2241478e+02
  -2.2252830e+02
  -2.2279113e+02
  -2.2312598e+02
  -2.2349735e+02
  -2.2388964e+02
  -2.2429664e+02
  -2.2471930e+02
  -2.2517597e+02
  -2.2589396e+02
  -2.2875268e+02
  -2.2931522e+02
  -2.2976036e+02
  -2.3018244e+02
  -2.3059326e+02
  -2.3099258e+02
  -2.3136692e+02
  -2.3158044e+02
  -2.2938766e+02
  -2.2962968e+02
  -2.2999353e+02
  -2.3037029e+02
  -2.3074244e+02
  -2.3109706e+02
  -2.3141029e+02
  -2.3161487e+02
  -2.3148412e+02
  -2.3095142e+02
  -2.3087766e+02
  -2.3110248e+02
  -2.3142385e+02
  -2.3178065e+02
  -2.3214723e+02
  -2.3250301e+02
  -2.3281374e+02
  -2.3298958e+02
  -2.3281397e+02
  -2.3250160e+02
  -2.3259848e+02
  -2.3291847e+02
  -2.3332444e+02
  -2.3376676e+02
  -2.3422251e+02
  -2.3467708e+02
  -2.3511765e+02
  -2.3552795e+02
  -2.3587754e+02
  -2.3608894e+02
  -2.3597447e+02
  -2.3564553e+02
  -2.3565936e+02
  -2.3590077e+02
  -2.3622494e+02
  -2.3657784e+02
  -2.3693435e+02
  -2.3727405e+02
  -2.3756442e+02
  -2.3772476e+02
  -2.3756214e+02
  -2.3721004e+02
  -2.3722139e+02
  -2.3746651e+02
  -2.3780440e+02
  -2.3818499e+02
  -2.3858867e+02
  -2.3900581e+02
  -2.3942896e+02
  -2.3984434e+02
  -2.4017261e+02
  -2.3818697e+02
  -2.3831779e+02
  -2.3875077e+02
  -2.3922070e+02
  -2.3970461e+02
  -2.4019528e+02
  -2.4068893e+02
  -2.4118380e+02
  -2.4168273e+02
  -2.4222120e+02
  -2.3919464e+02
  -2.3983765e+02
  -2.4030685e+02
  -2.4074641e+02
  -2.4116263e+02
  -2.4154928e+02
  -2.4188631e+02
  -2.4211449e+02
  -2.4204345e+02
  -2.4156179e+02
  -2.4143463e+02
  -2.4161774e+02
  -2.4190111e+02
  -2.4221447e+02
  -2.4252695e+02
  -2.4281269e+02
  -2.4303013e+02
  -2.4308893e+02
  -2.4287448e+02
  -2.4264033e+02
  -2.4267318e+02
  -2.4286708e+02
  -2.4312542e+02
  -2.4340227e+02
  -2.4366824e+02
  -2.4389137e+02
  -2.4402210e+02
  -2.4399872e+02
  -2.4386817e+02
  -2.4383458e+02
  -2.4395509e+02
  -2.4416858e+02
  -2.4442321e+02
  -2.4468488e+02
  -2.4492281e+02
  -2.4509550e+02
  -2.4514344e+02
  -2.4505164e+02
  -2.4497898e+02
  -2.4505759e+02
  -2.4525496e+02
  -2.4551439e+02
  -2.4579864e+02
  -2.4608019e+02
  -2.4632743e+02
  -2.4648537e+02
  -2.4645660e+02
  -2.4624175e+02
  -2.4614819e+02
  -2.4626604e+02
  -2.4649579e+02
  -2.4677172e+02
  -2.4705868e+02
  -2.4733041e+02
  -2.4755535e+02
  -2.4768332e+02
  -2.4765455e+02
  -2.4752482e+02
  -2.4749516e+02
  -2.4761319e+02
  -2.4781734e+02
  -2.4805698e+02
  -2.4829927e+02
  -2.4851707e+02
  -2.4868141e+02
  -2.4876524e+02
  -2.4877533e+02
  -2.4878383e+02
  -2.4886207e+02
  -2.4901565e+02
  -2.4921671e+02
  -2.4943556e+02
  -2.4964482e+02
  -2.4981493e+02
  -2.4991299e+02
  -2.4992471e+02
  -2.4990407e+02
  -2.4994323e+02
  -2.5007077e+02
  -2.5026140e+02
  -2.5048185e+02
  -2.5070157e+02
  -2.5088661e+02
  -2.5099119e+02
  -2.5097257e+02
  -2.5088382e+02
  -2.5087751e+02
  -2.5099992e+02
  -2.5120731e+02
  -2.5145538e+02
  -2.5171127e+02
  -2.5194294e+02
  -2.5210516e+02
  -2.5213275e+02
  -2.5201983e+02
  -2.5195143e+02
  -2.5204622e+02
  -2.5225639e+02
  -2.5252367e+02
  -2.5281130e+02
  -2.5309136e+02
  -2.5333052e+02
  -2.5347245e+02
  -2.5343448e+02
  -2.5326346e+02
  -2.5322174e+02
  -2.5336009e+02
  -2.5359650e+02
  -2.5387515e+02
  -2.5416452e+02
  -2.5444079e+02
  -2.5467627e+02
  -2.5482887e+02
  -2.5484580e+02
  -2.5475020e+02
  -2.5470970e+02
  -2.5480614e+02
  -2.5499615e+02
  -2.5522885e+02
  -2.5546866e+02
  -2.5568581e+02
  -2.5584809e+02
  -2.5592518e+02
  -2.5592798e+02
  -2.5594272e+02
  -2.5604373e+02
  -2.5622955e+02
  -2.5646920e+02
  -2.5673390e+02
  -2.5699841e+02
  -2.5723272e+02
  -2.5738748e+02
  -2.5738418e+02
  -2.5722437e+02
  -2.5714847e+02
  -2.5726170e+02
  -2.5749112e+02
  -2.5777502e+02
  -2.5807796e+02
  -2.5837320e+02
  -2.5862782e+02
  -2.5878390e+02
  -2.5875307e+02
  -2.5858506e+02
  -2.5855949e+02
  -2.5872050e+02
  -2.5897965e+02
  -2.5927993e+02
  -2.5958957e+02
  -2.5988491e+02
  -2.6013991e+02
  -2.6031945e+02
  -2.6038914e+02
  -2.6037742e+02
  -2.6040427e+02
  -2.6053698e+02
  -2.6075294e+02
  -2.6101327e+02
  -2.6128696e+02
  -2.6154549e+02
  -2.6175027e+02
  -2.6183582e+02
  -2.6173761e+02
  -2.6159134e+02
  -2.6161794e+02
  -2.6179936e+02
  -2.6206176e+02
  -2.6236153e+02
  -2.6267271e+02
  -2.6297128e+02
  -2.6321355e+02
  -2.6326016e+02
  -2.6273371e+02
  -2.6234379e+02
  -2.6246242e+02
  -2.6273599e+02
  -2.6305938e+02
  -2.6339700e+02
  -2.6372582e+02
  -2.6401059e+02
  -2.6414560e+02
  -2.6375789e+02
  -2.6324001e+02
  -2.6332492e+02
  -2.6361109e+02
  -2.6396166e+02
  -2.6433673e+02
  -2.6471732e+02
  -2.6508443e+02
  -2.6539591e+02
  -2.6547815e+02
  -2.6473401e+02
  -2.6446421e+02
  -2.6471682e+02
  -2.6508648e+02
  -2.6549213e+02
  -2.6590634e+02
  -2.6630890e+02
  -2.6666251e+02
  -2.6681727e+02
  -2.6604351e+02
  -2.6568390e+02
  -2.6593960e+02
  -2.6631044e+02
  -2.6671309e+02
  -2.6712397e+02
  -2.6753162e+02
  -2.6792566e+02
  -2.6828949e+02
  -2.6858476e+02
  -2.6870083e+02
  -2.6841983e+02
  -2.6814480e+02
  -2.6826496e+02
  -2.6856121e+02
  -2.6892434e+02
  -2.6931580e+02
  -2.6971781e+02
  -2.7011739e+02
  -2.7049728e+02
  -2.7081964e+02
  -2.7096664e+02
  -2.7063243e+02
  -2.7030122e+02
  -2.7045302e+02
  -2.7078140e+02
  -2.7116798e+02
  -2.7157354e+02
  -2.7197863e+02
  -2.7236625e+02
  -2.7270883e+02
  -2.7293588e+02
  -2.7283368e+02
  -2.7238072e+02
  -2.7233498e+02
  -2.7256806e+02
  -2.7289317e+02
  -2.7324946e+02
  -2.7361024e+02
  -2.7395030e+02
  -2.7419942e+02
  -2.7377675e+02
  -2.7268741e+02
  -2.7283489e+02
  -2.7314494e+02
  -2.7348596e+02
  -2.7382661e+02
  -2.7414682e+02
  -2.7441687e+02
  -2.7456984e+02
  -2.7446331e+02
  -2.7415123e+02
  -2.7408719e+02
  -2.7425340e+02
  -2.7451572e+02
  -2.7481315e+02
  -2.7511454e+02
  -2.7539275e+02
  -2.7560467e+02
  -2.7565846e+02
  -2.7544453e+02
  -2.7522371e+02
  -2.7526821e+02
  -2.7547110e+02
  -2.7573750e+02
  -2.7602126e+02
  -2.7629146e+02
  -2.7651299e+02
  -2.7663294e+02
  -2.7660137e+02
  -2.7650530e+02
  -2.7653039e+02
  -2.7669682e+02
  -2.7694558e+02
  -2.7723279e+02
  -2.7753112e+02
  -2.7781890e+02
  -2.7807148e+02
  -2.7825336e+02
  -2.7832085e+02
  -2.7828110e+02
  -2.7826150e+02
  -2.7835791e+02
  -2.7855044e+02
  -2.7879409e+02
  -2.7905468e+02
  -2.7930457e+02
  -2.7951327e+02
  -2.7964027e+02
  -2.7965053e+02
  -2.7959244e+02
  -2.7959978e+02
  -2.7972065e+02
  -2.7991944e+02
  -2.8015439e+02
  -2.8039210e+02
  -2.8059798e+02
  -2.8072182e+02
  -2.8069694e+02
  -2.8054787e+02
  -2.8047918e+02
  -2.8056979e+02
  -2.8075885e+02
  -2.8098955e+02
  -2.8122351e+02
  -2.8142566e+02
  -2.8155237e+02
  -2.8156157e+02
  -2.8149409e+02
  -2.8149493e+02
  -2.8162301e+02
  -2.8184234e+02
  -2.8211143e+02
  -2.8240136e+02
  -2.8268787e+02
  -2.8293787e+02
  -2.8307943e+02
  -2.8294187e+02
  -2.8255783e+02
  -2.8247754e+02
  -2.8265033e+02
  -2.8292068e+02
  -2.8322563e+02
  -2.8353473e+02
  -2.8382355e+02
  -2.8405945e+02
  -2.8418832e+02
  -2.8415361e+02
  -2.8404461e+02
  -2.8406348e+02
  -2.8422824e+02
  -2.8447367e+02
  -2.8475293e+02
  -2.8503596e+02
  -2.8529641e+02
  -2.8550088e+02
  -2.8560319e+02
  -2.8557842e+02
  -2.8552265e+02
  -2.8557313e+02
  -2.8573843e+02
  -2.8597140e+02
  -2.8623300e+02
  -2.8649301e+02
  -2.8671714e+02
  -2.8684620e+02
  -2.8677809e+02
  -2.8653343e+02
  -2.8643355e+02
  -2.8654105e+02
  -2.8675233e+02
  -2.8700321e+02
  -2.8725785e+02
  -2.8748721e+02
  -2.8765680e+02
  -2.8772648e+02
  -2.8769570e+02
  -2.8766917e+02
  -2.8774638e+02
  -2.8792192e+02
  -2.8815495e+02
  -2.8841038e+02
  -2.8865625e+02
  -2.8884721e+02
  -2.8889202e+02
  -2.8867277e+02
  -2.8842754e+02
  -2.8845095e+02
  -2.8864153e+02
  -2.8889994e+02
  -2.8917718e+02
  -2.8943899e+02
  -2.8964267e+02
  -2.8971696e+02
  -2.8960360e+02
  -2.8947325e+02
  -2.8953041e+02
  -2.8973454e+02
  -2.9001198e+02
  -2.9032095e+02
  -2.9063593e+02
  -2.9093340e+02
  -2.9117741e+02
  -2.9129321e+02
  -2.9116063e+02
  -2.9091742e+02
  -2.9091159e+02
  -2.9109434e+02
  -2.9135805e+02
  -2.9164960e+02
  -2.9193853e+02
  -2.9219686e+02
  -2.9238539e+02
  -2.9244855e+02
  -2.9237661e+02
  -2.9232210e+02
  -2.9241038e+02
  -2.9261266e+02
  -2.9287498e+02
