   3.1415927e+00
   2.7345663e+00
   2.3266248e+00
   1.9166820e+00
   1.5032002e+00
   1.0835393e+00
   6.5193632e-01
   1.9044265e-01
  -4.1673717e-01
  -3.1018637e+00
  -3.9316407e+00
  -4.4409307e+00
  -4.9260073e+00
  -5.4224906e+00
  -5.9523432e+00
  -6.5479348e+00
  -7.2705540e+00
  -8.1972688e+00
  -9.2218107e+00
  -1.0091692e+01
  -1.0805199e+01
  -1.1438630e+01
  -1.2030992e+01
  -1.2592817e+01
  -1.3116644e+01
  -1.3572461e+01
  -1.3843043e+01
  -1.3310302e+01
  -1.2812003e+01
  -1.3036567e+01
  -1.3398814e+01
  -1.3795687e+01
  -1.4204922e+01
  -1.4623410e+01
  -1.5060799e+01
  -1.5564013e+01
  -1.6531897e+01
  -1.8633991e+01
  -1.9290312e+01
  -1.9722784e+01
  -2.0093377e+01
  -2.0420629e+01
  -2.0689965e+01
  -2.0840304e+01
  -2.0681531e+01
  -2.0169081e+01
  -2.0005527e+01
  -2.0122516e+01
  -2.0331099e+01
  -2.0564597e+01
  -2.0793495e+01
  -2.0997552e+01
  -2.1157830e+01
  -2.1258589e+01
  -2.1301891e+01
  -2.1323878e+01
  -2.1373663e+01
  -2.1471220e+01
  -2.1604388e+01
  -2.1746281e+01
  -2.1860233e+01
  -2.1891693e+01
  -2.1774051e+01
  -2.1545185e+01
  -2.1397335e+01
  -2.1370206e+01
  -2.1347281e+01
  -2.1102169e+01
  -2.0513171e+01
  -2.0272752e+01
  -2.0362115e+01
  -2.0581732e+01
  -2.0872680e+01
  -2.1249930e+01
  -2.1986306e+01
  -2.3998622e+01
  -2.4675140e+01
  -2.5049862e+01
  -2.5355179e+01
  -2.5621364e+01
  -2.5850259e+01
  -2.6034695e+01
  -2.6164836e+01
  -2.6237754e+01
  -2.6271465e+01
  -2.6304040e+01
  -2.6365626e+01
  -2.6459202e+01
  -2.6567463e+01
  -2.6662211e+01
  -2.6704953e+01
  -2.6650663e+01
  -2.6496687e+01
  -2.6350804e+01
  -2.6311059e+01
  -2.6367029e+01
  -2.6475573e+01
  -2.6602551e+01
  -2.6723390e+01
  -2.6819135e+01
  -2.6877365e+01
  -2.6899448e+01
  -2.6906622e+01
  -2.6928925e+01
  -2.6983478e+01
  -2.7068354e+01
  -2.7171091e+01
  -2.7276594e+01
  -2.7370875e+01
  -2.7443855e+01
  -2.7493788e+01
  -2.7531385e+01
  -2.7576632e+01
  -2.7647174e+01
  -2.7749828e+01
  -2.7881909e+01
  -2.8036485e+01
  -2.8205986e+01
  -2.8383517e+01
  -2.8562887e+01
  -2.8738029e+01
  -2.8901940e+01
  -2.9044743e+01
  -2.9149776e+01
  -2.9185512e+01
  -2.9095101e+01
  -2.8835123e+01
  -2.8542416e+01
  -2.8403153e+01
  -2.8403471e+01
  -2.8480751e+01
  -2.8597123e+01
  -2.8732722e+01
  -2.8876474e+01
  -2.9021657e+01
  -2.9163996e+01
  -2.9300875e+01
  -2.9431005e+01
  -2.9554179e+01
  -2.9670921e+01
  -2.9781974e+01
  -2.9887762e+01
  -2.9988048e+01
  -3.0081976e+01
  -3.0168578e+01
  -3.0247629e+01
  -3.0320500e+01
  -3.0390464e+01
  -3.0461974e+01
  -3.0539124e+01
  -3.0624181e+01
  -3.0716985e+01
  -3.0815311e+01
  -3.0915742e+01
  -3.1014650e+01
  -3.1109109e+01
  -3.1197623e+01
  -3.1280466e+01
  -3.1359367e+01
  -3.1436482e+01
  -3.1513066e+01
  -3.1588534e+01
  -3.1660326e+01
  -3.1724615e+01
  -3.1777679e+01
  -3.1817636e+01
  -3.1845893e+01
  -3.1867102e+01
  -3.1886995e+01
  -3.1909385e+01
  -3.1934742e+01
  -3.1961282e+01
  -3.1987624e+01
  -3.2015212e+01
  -3.2048750e+01
  -3.2094027e+01
  -3.2154634e+01
  -3.2230038e+01
  -3.2315754e+01
  -3.2404680e+01
  -3.2488684e+01
  -3.2560436e+01
  -3.2615901e+01
  -3.2657035e+01
  -3.2692201e+01
  -3.2731783e+01
  -3.2781195e+01
  -3.2836531e+01
  -3.2884108e+01
  -3.2901724e+01
  -3.2864065e+01
  -3.2764820e+01
  -3.2649799e+01
  -3.2588585e+01
  -3.2605067e+01
  -3.2681602e+01
  -3.2791972e+01
  -3.2912994e+01
  -3.3023885e+01
  -3.3104003e+01
  -3.3134571e+01
  -3.3111082e+01
  -3.3062125e+01
  -3.3037869e+01
  -3.3066568e+01
  -3.3143369e+01
  -3.3249155e+01
  -3.3362842e+01
  -3.3463123e+01
  -3.3526773e+01
  -3.3530209e+01
  -3.3465083e+01
  -3.3366540e+01
  -3.3298784e+01
  -3.3293609e+01
  -3.3341459e+01
  -3.3420441e+01
  -3.3511293e+01
  -3.3599553e+01
  -3.3674689e+01
  -3.3729456e+01
  -3.3759907e+01
  -3.3765680e+01
  -3.3750181e+01
  -3.3720606e+01
  -3.3687576e+01
  -3.3663390e+01
  -3.3658458e+01
  -3.3677922e+01
  -3.3720869e+01
  -3.3781901e+01
  -3.3853242e+01
  -3.3926318e+01
  -3.3992831e+01
  -3.4045809e+01
  -3.4080990e+01
  -3.4098215e+01
  -3.4101602e+01
  -3.4097399e+01
  -3.4090602e+01
  -3.4083202e+01
  -3.4075447e+01
  -3.4068632e+01
  -3.4066708e+01
  -3.4075060e+01
  -3.4097444e+01
  -3.4133770e+01
  -3.4180168e+01
  -3.4230676e+01
  -3.4279467e+01
  -3.4323145e+01
  -3.4362619e+01
  -3.4403431e+01
  -3.4453555e+01
  -3.4519729e+01
  -3.4604976e+01
  -3.4708557e+01
  -3.4827377e+01
  -3.4957452e+01
  -3.5094868e+01
  -3.5236216e+01
  -3.5378732e+01
  -3.5520235e+01
  -3.5658980e+01
  -3.5793437e+01
  -3.5922054e+01
  -3.6043067e+01
  -3.6154413e+01
  -3.6253855e+01
  -3.6339342e+01
  -3.6409618e+01
  -3.6464802e+01
  -3.6506511e+01
  -3.6537044e+01
  -3.6557815e+01
  -3.6568011e+01
  -3.6564669e+01
  -3.6544889e+01
  -3.6509667e+01
  -3.6466701e+01
  -3.6428100e+01
  -3.6403378e+01
  -3.6394294e+01
  -3.6395472e+01
  -3.6398315e+01
  -3.6395062e+01
  -3.6381824e+01
  -3.6359717e+01
  -3.6332996e+01
  -3.6305170e+01
  -3.6276694e+01
  -3.6246786e+01
  -3.6217901e+01
  -3.6198281e+01
  -3.6198733e+01
  -3.6226018e+01
  -3.6279244e+01
  -3.6350922e+01
  -3.6429542e+01
  -3.6501383e+01
  -3.6551996e+01
  -3.6569588e+01
  -3.6552539e+01
  -3.6516558e+01
  -3.6487535e+01
  -3.6481185e+01
  -3.6493500e+01
  -3.6507352e+01
  -3.6503264e+01
  -3.6471868e+01
  -3.6426976e+01
  -3.6401351e+01
  -3.6419272e+01
  -3.6480888e+01
  -3.6569894e+01
  -3.6662591e+01
  -3.6728800e+01
  -3.6729415e+01
  -3.6630873e+01
  -3.6470219e+01
  -3.6364859e+01
  -3.6367974e+01
  -3.6452113e+01
  -3.6578700e+01
  -3.6717721e+01
  -3.6843487e+01
  -3.6927695e+01
  -3.6935300e+01
  -3.6837492e+01
  -3.6662074e+01
  -3.6497805e+01
  -3.6381893e+01
  -3.6281679e+01
  -3.6168760e+01
  -3.6067619e+01
  -3.6031203e+01
  -3.6079061e+01
  -3.6196053e+01
  -3.6359777e+01
  -3.6552180e+01
  -3.6760216e+01
  -3.6974163e+01
  -3.7186157e+01
  -3.7389400e+01
  -3.7578259e+01
  -3.7750547e+01
  -3.7956614e+01
  -3.4860362e+01
  -3.4997940e+01
  -3.5140417e+01
  -3.5303337e+01
  -3.5491599e+01
  -3.5704283e+01
  -3.5937663e+01
  -3.6186908e+01
  -3.6442892e+01
  -3.3600810e+01
  -3.3871289e+01
  -3.4154115e+01
  -3.4440483e+01
  -3.4727919e+01
  -3.5014658e+01
  -3.5299560e+01
  -3.5584787e+01
  -3.5956074e+01
  -3.2888502e+01
  -3.3134531e+01
  -3.3325388e+01
  -3.3451335e+01
  -3.3484012e+01
  -3.3415451e+01
  -3.3318099e+01
  -3.3294379e+01
  -3.3366596e+01
  -3.3507617e+01
  -3.3690514e+01
  -3.3898136e+01
  -3.4120450e+01
  -3.4351641e+01
  -3.4588383e+01
  -3.4828956e+01
  -3.5072936e+01
  -3.5321657e+01
  -3.5581261e+01
  -3.5885785e+01
  -3.7737791e+01
  -3.9223762e+01
  -3.9513238e+01
  -3.9753835e+01
  -3.9974303e+01
  -4.0177717e+01
  -4.0361973e+01
  -4.0522881e+01
  -4.0655469e+01
  -4.0755807e+01
  -4.0824022e+01
  -4.0867371e+01
  -4.0899714e+01
  -4.0935440e+01
  -4.0982734e+01
  -4.1042122e+01
  -4.1109492e+01
  -4.1179696e+01
  -4.1248839e+01
  -4.1315091e+01
  -4.1378262e+01
  -4.1438509e+01
  -4.1494914e+01
  -4.1544731e+01
  -4.1583854e+01
  -4.1608619e+01
  -4.1618522e+01
  -4.1618246e+01
  -4.1616460e+01
  -4.1621005e+01
  -4.1634284e+01
  -4.1652529e+01
  -4.1668604e+01
  -4.1676381e+01
  -4.1675235e+01
  -4.1672251e+01
  -4.1679044e+01
  -4.1704654e+01
  -4.1750867e+01
  -4.1812829e+01
  -4.1882162e+01
  -4.1949811e+01
  -4.2008243e+01
  -4.2053439e+01
  -4.2086367e+01
  -4.2112357e+01
  -4.2137384e+01
  -4.2163200e+01
  -4.2184564e+01
  -4.2189675e+01
  -4.2163831e+01
  -4.2098426e+01
  -4.2004813e+01
  -4.1915803e+01
  -4.1860693e+01
  -4.1845273e+01
  -4.1858432e+01
  -4.1885340e+01
  -4.1914359e+01
  -4.1939222e+01
  -4.1958580e+01
  -4.1973129e+01
  -4.1981130e+01
  -4.1974659e+01
  -4.1939210e+01
  -4.1860410e+01
  -4.1742467e+01
  -4.1622991e+01
  -4.1546679e+01
  -4.1527032e+01
  -4.1549921e+01
  -4.1592989e+01
  -4.1634840e+01
  -4.1657871e+01
  -4.1652185e+01
  -4.1622235e+01
  -4.1588126e+01
  -4.1572450e+01
  -4.1584536e+01
  -4.1618828e+01
  -4.1662231e+01
  -4.1700436e+01
  -4.1722040e+01
  -4.1722613e+01
  -4.1708034e+01
  -4.1692371e+01
  -4.1688885e+01
  -4.1702263e+01
  -4.1728552e+01
  -4.1759785e+01
  -4.1788619e+01
  -4.1811575e+01
  -4.1830478e+01
  -4.1851220e+01
  -4.1880098e+01
  -4.1920245e+01
  -4.1970527e+01
  -4.2026729e+01
  -4.2083532e+01
  -4.2136309e+01
  -4.2182459e+01
  -4.2222073e+01
  -4.2257557e+01
  -4.2292202e+01
  -4.2328419e+01
  -4.2366702e+01
  -4.2405791e+01
  -4.2443697e+01
  -4.2478927e+01
  -4.2511348e+01
  -4.2542302e+01
  -4.2573917e+01
  -4.2608033e+01
  -4.2645410e+01
  -4.2685625e+01
  -4.2727584e+01
  -4.2770245e+01
  -4.2813190e+01
  -4.2856800e+01
  -4.2902010e+01
  -4.2949843e+01
  -4.3001013e+01
  -4.3055813e+01
  -4.3114291e+01
  -4.3176559e+01
  -4.3243006e+01
  -4.3314310e+01
  -4.3391229e+01
  -4.3474306e+01
  -4.3563633e+01
  -4.3658774e+01
  -4.3758849e+01
  -4.3862717e+01
  -4.3969177e+01
  -4.4077135e+01
  -4.4185690e+01
  -4.4294156e+01
  -4.4401996e+01
  -4.4508735e+01
  -4.4613858e+01
  -4.4716743e+01
  -4.4816644e+01
  -4.4912730e+01
  -4.5004160e+01
  -4.5090166e+01
  -4.5170130e+01
  -4.5243623e+01
  -4.5310428e+01
  -4.5370546e+01
  -4.5424228e+01
  -4.5472011e+01
  -4.5514740e+01
  -4.5553496e+01
  -4.5589444e+01
  -4.5623632e+01
  -4.5656888e+01
  -4.5689904e+01
  -4.5723493e+01
  -4.5758844e+01
  -4.5797533e+01
  -4.5841168e+01
  -4.5890779e+01
  -4.5946260e+01
  -4.6006143e+01
  -4.6067798e+01
  -4.6127997e+01
  -4.6183733e+01
  -4.6233116e+01
  -4.6276040e+01
  -4.6314124e+01
  -4.6349647e+01
  -4.6383886e+01
  -4.6415910e+01
  -4.6442734e+01
  -4.6461126e+01
  -4.6470630e+01
  -4.6476130e+01
  -4.6487110e+01
  -4.6512660e+01
  -4.6555959e+01
  -4.6612187e+01
  -4.6669248e+01
  -4.6708792e+01
  -4.6708103e+01
  -4.6650101e+01
  -4.6549792e+01
  -4.6464819e+01
  -4.6444084e+01
  -4.6491273e+01
  -4.6586298e+01
  -4.6706934e+01
  -4.6833862e+01
  -4.6949194e+01
  -4.7034455e+01
  -4.7071485e+01
  -4.7051695e+01
  -4.6993768e+01
  -4.6942208e+01
  -4.6929915e+01
  -4.6957375e+01
  -4.7006857e+01
  -4.7058123e+01
  -4.7095607e+01
  -4.7112894e+01
  -4.7115663e+01
  -4.7117703e+01
  -4.7129231e+01
  -4.7147898e+01
  -4.7158951e+01
  -4.7141664e+01
  -4.7082586e+01
  -4.6996464e+01
  -4.6927418e+01
  -4.6909434e+01
  -4.6942341e+01
  -4.7006020e+01
  -4.7075728e+01
  -4.7126863e+01
  -4.7137680e+01
  -4.7099280e+01
  -4.7031555e+01
  -4.6976270e+01
  -4.6959626e+01
  -4.6976807e+01
  -4.7006995e+01
  -4.7028171e+01
  -4.7026057e+01
  -4.7002052e+01
  -4.6974276e+01
  -4.6962910e+01
  -4.6973334e+01
  -4.6994903e+01
  -4.7010087e+01
  -4.7005369e+01
  -4.6982623e+01
  -4.6962808e+01
  -4.6970162e+01
  -4.7012039e+01
  -4.7076204e+01
  -4.7137397e+01
  -4.7160632e+01
  -4.7108312e+01
  -4.6981103e+01
  -4.6866058e+01
  -4.6847945e+01
  -4.6926879e+01
  -4.7069289e+01
  -4.7245941e+01
  -4.7434951e+01
  -4.7616153e+01
  -4.7762872e+01
  -4.7827358e+01
  -4.7723049e+01
  -4.7420908e+01
  -4.7180353e+01
  -4.7138252e+01
  -4.7206356e+01
  -4.7308245e+01
  -4.7396577e+01
  -4.7435799e+01
  -4.7406804e+01
  -4.7335772e+01
  -4.7290824e+01
  -4.7313319e+01
  -4.7395913e+01
  -4.7514292e+01
  -4.7646044e+01
  -4.7773755e+01
  -4.7884819e+01
  -4.7972830e+01
  -4.8040574e+01
  -4.8100495e+01
  -4.8168260e+01
  -4.8253353e+01
  -4.8355302e+01
  -4.8466200e+01
  -4.8574640e+01
  -4.8668911e+01
  -4.8740526e+01
  -4.8789215e+01
  -4.8826415e+01
  -4.8870470e+01
  -4.8934647e+01
  -4.9019810e+01
  -4.9115901e+01
  -4.9205788e+01
  -4.9267471e+01
  -4.9278050e+01
  -4.9229644e+01
  -4.9155363e+01
  -4.9115096e+01
  -4.9138664e+01
  -4.9216111e+01
  -4.9322781e+01
  -4.9429520e+01
  -4.9489610e+01
  -4.9363460e+01
  -4.8599819e+01
  -4.7955529e+01
  -4.7878593e+01
  -4.7958610e+01
  -4.8092385e+01
  -4.8252352e+01
  -4.8428661e+01
  -4.8616221e+01
  -4.8810762e+01
  -4.9007293e+01
  -4.9199129e+01
  -4.9376729e+01
  -4.9525957e+01
  -4.9626270e+01
  -4.9653588e+01
  -4.9602503e+01
  -4.9523638e+01
  -4.9493528e+01
  -4.9537346e+01
  -4.9635588e+01
  -4.9761115e+01
  -4.9892308e+01
  -5.0014998e+01
  -5.0124760e+01
  -5.0230338e+01
  -5.0352388e+01
  -5.0514725e+01
  -5.0738369e+01
  -5.1051698e+01
  -5.1532012e+01
  -5.2383383e+01
  -5.3429348e+01
  -5.4085811e+01
  -5.4514799e+01
  -5.4850441e+01
  -5.5132404e+01
  -5.5368964e+01
  -5.5556418e+01
  -5.5687208e+01
  -5.5758357e+01
  -5.5780143e+01
  -5.5773079e+01
  -5.5751441e+01
  -5.5720373e+01
  -5.5696480e+01
  -5.5715018e+01
  -5.5802157e+01
  -5.5957282e+01
  -5.6164377e+01
  -5.6405125e+01
  -5.6663044e+01
  -5.6922363e+01
  -5.7163760e+01
  -5.7353849e+01
  -5.7414522e+01
  -5.7171929e+01
  -5.6725630e+01
  -5.6584883e+01
  -5.6659869e+01
  -5.6807431e+01
  -5.6969081e+01
  -5.7118315e+01
  -5.7242954e+01
  -5.7343089e+01
  -5.7431279e+01
  -5.7526247e+01
  -5.7641731e+01
  -5.7780863e+01
  -5.7938532e+01
  -5.8105654e+01
  -5.8271436e+01
  -5.8423449e+01
  -5.8546191e+01
  -5.8618790e+01
  -5.8614356e+01
  -5.8511489e+01
  -5.8331335e+01
  -5.8149056e+01
  -5.8018686e+01
  -5.7940576e+01
  -5.7899994e+01
  -5.7888924e+01
  -5.7904744e+01
  -5.7944541e+01
  -5.8002802e+01
  -5.8072153e+01
  -5.8144935e+01
  -5.8214548e+01
  -5.8276494e+01
  -5.8329204e+01
  -5.8374382e+01
  -5.8416449e+01
  -5.8461039e+01
  -5.8513271e+01
  -5.8576656e+01
  -5.8652908e+01
  -5.8742258e+01
  -5.8843834e+01
  -5.8955913e+01
  -5.9076077e+01
  -5.9201330e+01
  -5.9328234e+01
  -5.9453102e+01
  -5.9572305e+01
  -5.9682738e+01
  -5.9782491e+01
  -5.9871549e+01
  -5.9952119e+01
  -6.0028071e+01
  -6.0103410e+01
  -6.0180492e+01
  -6.0258895e+01
  -6.0335318e+01
  -6.0404239e+01
  -6.0459093e+01
  -6.0494110e+01
  -6.0507016e+01
  -6.0501719e+01
  -6.0488145e+01
  -6.0477337e+01
  -6.0475133e+01
  -6.0479641e+01
  -6.0483025e+01
  -6.0475125e+01
  -6.0448100e+01
  -6.0402424e+01
  -6.0351109e+01
  -6.0314957e+01
  -6.0310141e+01
  -6.0341042e+01
  -6.0402751e+01
  -6.0486162e+01
  -6.0580786e+01
  -6.0675189e+01
  -6.0756093e+01
  -6.0807218e+01
  -6.0810050e+01
  -6.0752413e+01
  -6.0648559e+01
  -6.0544224e+01
  -6.0476454e+01
  -6.0443083e+01
  -6.0415253e+01
  -6.0356306e+01
  -6.0242222e+01
  -6.0097809e+01
  -5.9994267e+01
  -5.9973287e+01
  -6.0025371e+01
  -6.0125309e+01
  -6.0251267e+01
  -6.0386710e+01
  -6.0518247e+01
  -6.0633717e+01
  -6.0721513e+01
  -6.0772207e+01
  -6.0783701e+01
  -6.0767488e+01
  -6.0746422e+01
  -6.0740348e+01
  -6.0755075e+01
  -6.0784827e+01
  -6.0820151e+01
  -6.0853953e+01
  -6.0884670e+01
  -6.0916560e+01
  -6.0956741e+01
  -6.1010692e+01
  -6.1079371e+01
  -6.1159184e+01
  -6.1243386e+01
  -6.1323445e+01
  -6.1389957e+01
  -6.1433668e+01
  -6.1447475e+01
  -6.1429854e+01
  -6.1387785e+01
  -6.1334664e+01
  -6.1282653e+01
  -6.1237011e+01
  -6.1197823e+01
  -6.1165655e+01
  -6.1145078e+01
  -6.1143210e+01
  -6.1165229e+01
  -6.1211304e+01
  -6.1276692e+01
  -6.1353398e+01
  -6.1431624e+01
  -6.1500714e+01
  -6.1550405e+01
  -6.1573704e+01
  -6.1571783e+01
  -6.1557009e+01
  -6.1547119e+01
  -6.1552891e+01
  -6.1571716e+01
  -6.1590630e+01
  -6.1593694e+01
  -6.1572758e+01
  -6.1540477e+01
  -6.1529548e+01
  -6.1568558e+01
  -6.1664686e+01
  -6.1810089e+01
  -6.1993213e+01
  -6.2204106e+01
  -6.2435597e+01
  -6.2683517e+01
  -6.2948795e+01
  -6.3258605e+01
  -6.5990204e+01
  -6.6722248e+01
  -6.7006083e+01
  -6.7256668e+01
  -6.7485123e+01
  -6.7687280e+01
  -6.7853492e+01
  -6.7970490e+01
  -6.8026497e+01
  -6.8025710e+01
  -6.8002591e+01
  -6.8003509e+01
  -6.8050464e+01
  -6.8138461e+01
  -6.8253298e+01
  -6.8382224e+01
  -6.8516708e+01
  -6.8652363e+01
  -6.8788104e+01
  -6.8924833e+01
  -6.9063774e+01
  -6.9204891e+01
  -6.9345828e+01
  -6.9481463e+01
  -6.9604005e+01
  -6.9703845e+01
  -6.9772370e+01
  -6.9808269e+01
  -6.9824747e+01
  -6.9846759e+01
  -6.9894820e+01
  -6.9973394e+01
  -7.0073719e+01
  -7.0181177e+01
  -7.0280190e+01
  -7.0358207e+01
  -7.0412249e+01
  -7.0456028e+01
  -7.0516307e+01
  -7.0615771e+01
  -7.0762045e+01
  -7.0952323e+01
  -7.1183792e+01
  -7.1471669e+01
  -7.2040776e+01
  -7.4616832e+01
  -7.5072935e+01
  -7.5368546e+01
  -7.5627816e+01
  -7.5862786e+01
  -7.6072182e+01
  -7.6251639e+01
  -7.6397580e+01
  -7.6510972e+01
  -7.6599795e+01
  -7.6676201e+01
  -7.6748208e+01
  -7.6813243e+01
  -7.6859676e+01
  -7.6877810e+01
  -7.6878587e+01
  -7.6899954e+01
  -7.6978876e+01
  -7.7125678e+01
  -7.7331593e+01
  -7.7584330e+01
  -7.7875954e+01
  -7.8209596e+01
  -7.8649746e+01
  -8.1373255e+01
  -8.2139688e+01
  -8.2557418e+01
  -8.2957581e+01
  -8.3370765e+01
  -8.3824823e+01
  -8.4413891e+01
  -8.5720918e+01
  -8.7247691e+01
  -8.7888023e+01
  -8.8351517e+01
  -8.8758947e+01
  -8.9133303e+01
  -8.9476884e+01
  -8.9785272e+01
  -9.0054212e+01
  -9.0288087e+01
  -9.0506414e+01
  -9.0736920e+01
  -9.0998476e+01
  -9.1294304e+01
  -9.1618123e+01
  -9.1961353e+01
  -9.2316426e+01
  -9.2677461e+01
  -9.3039960e+01
  -9.3400303e+01
  -9.3755300e+01
  -9.4101966e+01
  -9.4437831e+01
  -9.4762886e+01
  -9.5085878e+01
  -9.5438697e+01
  -9.5887627e+01
  -9.6469040e+01
  -9.7066287e+01
  -9.7569641e+01
  -9.7994951e+01
  -9.8378280e+01
  -9.8738541e+01
  -9.9082597e+01
  -9.9410932e+01
  -9.9719988e+01
  -1.0000261e+02
  -1.0024784e+02
  -1.0044214e+02
  -1.0057674e+02
  -1.0066438e+02
  -1.0074648e+02
  -1.0086249e+02
  -1.0101929e+02
  -1.0119640e+02
  -1.0135808e+02
  -1.0145493e+02
  -1.0144113e+02
  -1.0136494e+02
  -1.0137417e+02
  -1.0151445e+02
  -1.0174105e+02
  -1.0200718e+02
  -1.0227602e+02
  -1.0250905e+02
  -1.0265152e+02
  -1.0264325e+02
  -1.0254814e+02
  -1.0256638e+02
  -1.0273922e+02
  -1.0300815e+02
  -1.0332978e+02
  -1.0368194e+02
  -1.0405425e+02
  -1.0444309e+02
  -1.0485059e+02
  -1.0528746e+02
  -1.0578527e+02
  -1.0643895e+02
  -1.0744902e+02
  -1.0850079e+02
  -1.0914016e+02
  -1.0953878e+02
  -1.0977993e+02
  -1.0986178e+02
  -1.0981726e+02
  -1.0979412e+02
  -1.0988591e+02
  -1.1006895e+02
  -1.1030121e+02
  -1.1055413e+02
  -1.1080883e+02
  -1.1105031e+02
  -1.1126409e+02
  -1.1143604e+02
  -1.1155807e+02
  -1.1164105e+02
  -1.1171979e+02
  -1.1183002e+02
  -1.1198354e+02
  -1.1217139e+02
  -1.1237734e+02
  -1.1258550e+02
  -1.1278410e+02
  -1.1297034e+02
  -1.1315511e+02
  -1.1335956e+02
  -1.1360133e+02
  -1.1388454e+02
  -1.1420178e+02
  -1.1454068e+02
  -1.1488823e+02
  -1.1523217e+02
  -1.1556013e+02
  -1.1585718e+02
  -1.1610135e+02
  -1.1625817e+02
  -1.1628987e+02
  -1.1622501e+02
  -1.1619790e+02
  -1.1628200e+02
  -1.1645067e+02
  -1.1666365e+02
  -1.1689296e+02
  -1.1711951e+02
  -1.1732863e+02
  -1.1750895e+02
  -1.1765594e+02
  -1.1777930e+02
  -1.1790588e+02
  -1.1806985e+02
  -1.1831234e+02
  -1.1887827e+02
  -1.2134400e+02
  -1.2185104e+02
  -1.2218865e+02
  -1.2250269e+02
  -1.2280895e+02
  -1.2310840e+02
  -1.2339764e+02
  -1.2367004e+02
  -1.2391403e+02
  -1.2410835e+02
  -1.2421184e+02
  -1.2415476e+02
  -1.2391558e+02
  -1.2368268e+02
  -1.2357956e+02
  -1.2353915e+02
  -1.2349720e+02
  -1.2345552e+02
  -1.2346284e+02
  -1.2354936e+02
  -1.2370731e+02
  -1.2391581e+02
  -1.2415612e+02
  -1.2441369e+02
  -1.2467540e+02
  -1.2492346e+02
  -1.2511304e+02
  -1.2498498e+02
  -1.2358845e+02
  -1.2341425e+02
  -1.2355559e+02
  -1.2372630e+02
  -1.2386941e+02
  -1.2396111e+02
  -1.2400725e+02
  -1.2405149e+02
  -1.2414205e+02
  -1.2429304e+02
  -1.2449174e+02
  -1.2471737e+02
  -1.2494570e+02
  -1.2513783e+02
  -1.2519199e+02
  -1.2481384e+02
  -1.2428545e+02
  -1.2426861e+02
  -1.2446625e+02
  -1.2473518e+02
  -1.2502919e+02
  -1.2532602e+02
  -1.2560786e+02
  -1.2585415e+02
  -1.2604087e+02
  -1.2615732e+02
  -1.2624472e+02
  -1.2638353e+02
  -1.2661204e+02
  -1.2691737e+02
  -1.2727467e+02
  -1.2766418e+02
  -1.2807274e+02
  -1.2849213e+02
  -1.2891797e+02
  -1.2934961e+02
  -1.2979231e+02
  -1.3027009e+02
  -1.3094493e+02
  -1.3328003e+02
  -1.3415703e+02
  -1.3462721e+02
  -1.3502583e+02
  -1.3538313e+02
  -1.3569327e+02
  -1.3593181e+02
  -1.3607226e+02
  -1.3616253e+02
  -1.3634862e+02
  -1.3668792e+02
  -1.3712238e+02
  -1.3757999e+02
  -1.3801821e+02
  -1.3842266e+02
  -1.3879238e+02
  -1.3912978e+02
  -1.3943683e+02
  -1.3971437e+02
  -1.3996253e+02
  -1.4018174e+02
  -1.4037385e+02
  -1.4054303e+02
  -1.4069560e+02
  -1.4083838e+02
  -1.4097653e+02
  -1.4111223e+02
  -1.4124498e+02
  -1.4137294e+02
  -1.4149457e+02
  -1.4160995e+02
  -1.4172123e+02
  -1.4183198e+02
  -1.4194575e+02
  -1.4206479e+02
  -1.4218975e+02
  -1.4232014e+02
  -1.4245539e+02
  -1.4259561e+02
  -1.4274189e+02
  -1.4289596e+02
  -1.4305930e+02
  -1.4323226e+02
  -1.4341323e+02
  -1.4359773e+02
  -1.4377629e+02
  -1.4392767e+02
  -1.4399168e+02
  -1.4374610e+02
  -1.4297585e+02
  -1.4269533e+02
  -1.4276494e+02
  -1.4294253e+02
  -1.4316713e+02
  -1.4342571e+02
  -1.4372873e+02
  -1.4412055e+02
  -1.4472574e+02
  -1.4565901e+02
  -1.4645945e+02
  -1.4695665e+02
  -1.4732026e+02
  -1.4763033e+02
  -1.4791524e+02
  -1.4818427e+02
  -1.4843783e+02
  -1.4867020e+02
  -1.4886907e+02
  -1.4901413e+02
  -1.4908110e+02
  -1.4907007e+02
  -1.4904769e+02
  -1.4909959e+02
  -1.4924963e+02
  -1.4948832e+02
  -1.4985578e+02
  -1.5200276e+02
  -1.5316008e+02
  -1.5355530e+02
  -1.5390616e+02
  -1.5424884e+02
  -1.5458994e+02
  -1.5493066e+02
  -1.5527046e+02
  -1.5560764e+02
  -1.5593875e+02
  -1.5625643e+02
  -1.5654199e+02
  -1.5673359e+02
  -1.5654548e+02
  -1.5575284e+02
  -1.5568592e+02
  -1.5595598e+02
  -1.5635204e+02
  -1.5685579e+02
  -1.5749801e+02
  -1.5825762e+02
  -1.5896019e+02
  -1.5947607e+02
  -1.5976940e+02
  -1.5965783e+02
  -1.5908990e+02
  -1.5895431e+02
  -1.5909418e+02
  -1.5930534e+02
  -1.5952425e+02
  -1.5972141e+02
  -1.5987481e+02
  -1.5996754e+02
  -1.6000179e+02
  -1.6001538e+02
  -1.6005955e+02
  -1.6015614e+02
  -1.6029663e+02
  -1.6046287e+02
  -1.6063761e+02
  -1.6080647e+02
  -1.6095803e+02
  -1.6108518e+02
  -1.6118835e+02
  -1.6127772e+02
  -1.6136895e+02
  -1.6147298e+02
  -1.6158804e+02
  -1.6169552e+02
  -1.6174753e+02
  -1.6161598e+02
  -1.6110822e+02
  -1.6069049e+02
  -1.6063540e+02
  -1.6073093e+02
  -1.6087650e+02
  -1.6103240e+02
  -1.6117848e+02
  -1.6130327e+02
  -1.6140306e+02
  -1.6148352e+02
  -1.6155789e+02
  -1.6163908e+02
  -1.6173164e+02
  -1.6182995e+02
  -1.6192125e+02
  -1.6199023e+02
  -1.6202632e+02
  -1.6203519e+02
  -1.6204383e+02
  -1.6208285e+02
  -1.6216401e+02
  -1.6227958e+02
  -1.6241290e+02
  -1.6254446e+02
  -1.6265363e+02
  -1.6272139e+02
  -1.6274194e+02
  -1.6274045e+02
  -1.6276443e+02
  -1.6284317e+02
  -1.6297367e+02
  -1.6313658e+02
  -1.6330629e+02
  -1.6344541e+02
  -1.6347654e+02
  -1.6323394e+02
  -1.6278970e+02
  -1.6264144e+02
  -1.6272618e+02
  -1.6289724e+02
  -1.6308479e+02
  -1.6323382e+02
  -1.6325647e+02
  -1.6303990e+02
  -1.6279320e+02
  -1.6283488e+02
  -1.6311111e+02
  -1.6358396e+02
  -1.6430112e+02
  -1.6515471e+02
  -1.6583338e+02
  -1.6631715e+02
  -1.6668879e+02
  -1.6699016e+02
  -1.6723736e+02
  -1.6743866e+02
  -1.6760569e+02
  -1.6775823e+02
  -1.6791944e+02
  -1.6810576e+02
  -1.6832286e+02
  -1.6856970e+02
  -1.6884904e+02
  -1.6578325e+02
  -1.6623017e+02
  -1.6653907e+02
  -1.6684501e+02
  -1.6714909e+02
  -1.6744854e+02
  -1.6773905e+02
  -1.6801441e+02
  -1.6826528e+02
  -1.6847731e+02
  -1.6862987e+02
  -1.6870237e+02
  -1.6870299e+02
  -1.6869605e+02
  -1.6874802e+02
  -1.6886710e+02
  -1.6902476e+02
  -1.6917990e+02
  -1.6926828e+02
  -1.6916396e+02
  -1.6881143e+02
  -1.6861715e+02
  -1.6869793e+02
  -1.6891731e+02
  -1.6920582e+02
  -1.6953895e+02
  -1.6991424e+02
  -1.7035248e+02
  -1.7093498e+02
  -1.7191958e+02
  -1.7313127e+02
  -1.7385569e+02
  -1.7433676e+02
  -1.7471845e+02
  -1.7502337e+02
  -1.7518027e+02
  -1.7468095e+02
  -1.7382429e+02
  -1.7383867e+02
  -1.7401663e+02
  -1.7419644e+02
  -1.7430004e+02
  -1.7423179e+02
  -1.7398669e+02
  -1.7383917e+02
  -1.7389257e+02
  -1.7405989e+02
  -1.7427724e+02
  -1.7451092e+02
  -1.7473862e+02
  -1.7493812e+02
  -1.7507830e+02
  -1.7511315e+02
  -1.7501114e+02
  -1.7485762e+02
  -1.7479356e+02
  -1.7482786e+02
  -1.7490029e+02
  -1.7495080e+02
  -1.7493078e+02
  -1.7483875e+02
  -1.7475982e+02
  -1.7477234e+02
  -1.7487276e+02
  -1.7502668e+02
  -1.7520492e+02
  -1.7538793e+02
  -1.7556487e+02
  -1.7573491e+02
  -1.7590835e+02
  -1.7610243e+02
  -1.7633188e+02
  -1.7660253e+02
  -1.7691181e+02
  -1.7725231e+02
  -1.7761466e+02
  -1.7798893e+02
  -1.7836544e+02
  -1.7873487e+02
  -1.7908720e+02
  -1.7940581e+02
  -1.7961218e+02
  -1.7741295e+02
  -1.7736864e+02
  -1.7756750e+02
  -1.7776824e+02
  -1.7796017e+02
  -1.7815195e+02
  -1.7835531e+02
  -1.7857842e+02
  -1.7882417e+02
  -1.7909195e+02
  -1.7938015e+02
  -1.7968844e+02
  -1.8002065e+02
  -1.8039190e+02
  -1.8085757e+02
  -1.8166899e+02
  -1.8310389e+02
  -1.8389254e+02
  -1.8432494e+02
  -1.8464548e+02
  -1.8490522e+02
  -1.8511576e+02
  -1.8528056e+02
  -1.8540719e+02
  -1.8551368e+02
  -1.8562447e+02
  -1.8575843e+02
  -1.8592242e+02
  -1.8611470e+02
  -1.8633099e+02
  -1.8656863e+02
  -1.8682944e+02
  -1.8712301e+02
  -1.8747293e+02
  -1.8792556e+02
  -1.8852999e+02
  -1.8920552e+02
  -1.8976070e+02
  -1.9016298e+02
  -1.9046218e+02
  -1.9068824e+02
  -1.9084582e+02
  -1.9092512e+02
  -1.9092314e+02
  -1.9087921e+02
  -1.9086688e+02
  -1.9092554e+02
  -1.9104747e+02
  -1.9121084e+02
  -1.9139647e+02
  -1.9158972e+02
  -1.9177882e+02
  -1.9195341e+02
  -1.9210443e+02
  -1.9222592e+02
  -1.9231902e+02
  -1.9239500e+02
  -1.9247091e+02
  -1.9255804e+02
  -1.9265233e+02
  -1.9272841e+02
  -1.9272225e+02
  -1.9249128e+02
  -1.9202163e+02
  -1.9177600e+02
  -1.9178822e+02
  -1.9190941e+02
  -1.9206782e+02
  -1.9222623e+02
  -1.9235492e+02
  -1.9242154e+02
  -1.9239964e+02
  -1.9231374e+02
  -1.9225644e+02
  -1.9228786e+02
  -1.9239690e+02
  -1.9255165e+02
  -1.9272345e+02
  -1.9288512e+02
  -1.9299991e+02
  -1.9300236e+02
  -1.9280501e+02
  -1.9250871e+02
  -1.9238609e+02
  -1.9243554e+02
  -1.9256832e+02
  -1.9273091e+02
  -1.9288937e+02
  -1.9300935e+02
  -1.9303715e+02
  -1.9289161e+02
  -1.9259263e+02
  -1.9238946e+02
  -1.9236055e+02
  -1.9242621e+02
  -1.9252468e+02
  -1.9262004e+02
  -1.9268923e+02
  -1.9272031e+02
  -1.9271989e+02
  -1.9271598e+02
  -1.9274008e+02
  -1.9280599e+02
  -1.9290980e+02
  -1.9304057e+02
  -1.9318700e+02
  -1.9333926e+02
  -1.9348880e+02
  -1.9362777e+02
  -1.9374852e+02
  -1.9384387e+02
  -1.9390827e+02
  -1.9394028e+02
  -1.9394463e+02
  -1.9393111e+02
  -1.9390917e+02
  -1.9388352e+02
  -1.9385591e+02
  -1.9383124e+02
  -1.9382080e+02
  -1.9383781e+02
  -1.9388972e+02
  -1.9397545e+02
  -1.9408804e+02
  -1.9421833e+02
  -1.9435770e+02
  -1.9450159e+02
  -1.9465817e+02
  -1.9487174e+02
  -1.9527893e+02
  -1.9605267e+02
  -1.9676096e+02
  -1.9718102e+02
  -1.9748854e+02
  -1.9776279e+02
  -1.9802800e+02
  -1.9829106e+02
  -1.9855323e+02
  -1.9881370e+02
  -1.9907094e+02
  -1.9932305e+02
  -1.9956804e+02
  -1.9980393e+02
  -2.0002880e+02
  -2.0024079e+02
  -2.0043737e+02
  -2.0061235e+02
  -2.0074187e+02
  -2.0067432e+02
  -1.9917471e+02
  -1.9877279e+02
  -1.9888469e+02
  -1.9907930e+02
  -1.9930545e+02
  -1.9954848e+02
  -1.9980135e+02
  -2.0005936e+02
  -2.0031873e+02
  -2.0057663e+02
  -2.0083261e+02
  -2.0109307e+02
  -2.0138070e+02
  -2.0174405e+02
  -2.0222833e+02
  -2.0277549e+02
  -2.0326537e+02
  -2.0367487e+02
  -2.0403440e+02
  -2.0436716e+02
  -2.0468326e+02
  -2.0498390e+02
  -2.0526164e+02
  -2.0549079e+02
  -2.0557147e+02
  -2.0501273e+02
  -2.0427452e+02
  -2.0428469e+02
  -2.0447223e+02
  -2.0470015e+02
  -2.0492794e+02
  -2.0513041e+02
  -2.0527867e+02
  -2.0533420e+02
  -2.0527409e+02
  -2.0516921e+02
  -2.0514371e+02
  -2.0522397e+02
  -2.0537263e+02
  -2.0555216e+02
  -2.0573314e+02
  -2.0588595e+02
  -2.0596973e+02
  -2.0592833e+02
  -2.0575231e+02
  -2.0558826e+02
  -2.0555356e+02
  -2.0561506e+02
  -2.0571169e+02
  -2.0579586e+02
  -2.0583088e+02
  -2.0580343e+02
  -2.0575316e+02
  -2.0574936e+02
  -2.0581998e+02
  -2.0594916e+02
  -2.0610938e+02
  -2.0627249e+02
  -2.0640396e+02
  -2.0644606e+02
  -2.0630502e+02
  -2.0599882e+02
  -2.0581495e+02
  -2.0582471e+02
  -2.0593335e+02
  -2.0607547e+02
  -2.0621321e+02
  -2.0632026e+02
  -2.0638085e+02
  -2.0640292e+02
  -2.0642546e+02
  -2.0649033e+02
  -2.0661096e+02
  -2.0677778e+02
  -2.0697475e+02
  -2.0718650e+02
  -2.0739861e+02
  -2.0759530e+02
  -2.0775640e+02
  -2.0785647e+02
  -2.0787824e+02
  -2.0785418e+02
  -2.0787219e+02
  -2.0798889e+02
  -2.0820509e+02
  -2.0851463e+02
  -2.0894604e+02
  -2.0963875e+02
  -2.1082757e+02
  -2.1183853e+02
  -2.1248910e+02
  -2.1304342e+02
  -2.1359792e+02
  -2.1417889e+02
  -2.1476985e+02
  -2.1533305e+02
  -2.1584541e+02
  -2.1630938e+02
  -2.1674051e+02
  -2.1715974e+02
  -2.1760313e+02
  -2.1821098e+02
  -2.1998520e+02
  -2.2113548e+02
  -2.2162000e+02
  -2.2200024e+02
  -2.2234444e+02
  -2.2266838e+02
  -2.2297593e+02
  -2.2326608e+02
  -2.2353422e+02
  -2.2377161e+02
  -2.2396391e+02
  -2.2409134e+02
  -2.2413882e+02
  -2.2412723e+02
  -2.2412542e+02
  -2.2418712e+02
  -2.2431194e+02
  -2.2446998e+02
  -2.2459797e+02
  -2.2400364e+02
  -2.2244007e+02
  -2.2254550e+02
  -2.2274678e+02
  -2.2296035e+02
  -2.2316582e+02
  -2.2335257e+02
  -2.2351365e+02
  -2.2364641e+02
  -2.2375501e+02
  -2.2385087e+02
  -2.2394791e+02
  -2.2405512e+02
  -2.2417293e+02
  -2.2429457e+02
  -2.2440904e+02
  -2.2450374e+02
  -2.2456722e+02
  -2.2459311e+02
  -2.2458293e+02
  -2.2454169e+02
  -2.2446672e+02
  -2.2434899e+02
  -2.2420620e+02
  -2.2410440e+02
  -2.2409717e+02
  -2.2418366e+02
  -2.2433937e+02
  -2.2454162e+02
  -2.2477430e+02
  -2.2502605e+02
  -2.2528774e+02
  -2.2554914e+02
  -2.2578943e+02
  -2.2590113e+02
  -2.2404951e+02
  -2.2382456e+02
  -2.2401669e+02
  -2.2423536e+02
  -2.2443675e+02
  -2.2459874e+02
  -2.2470757e+02
  -2.2477145e+02
  -2.2483261e+02
  -2.2494015e+02
  -2.2511321e+02
  -2.2534532e+02
  -2.2562364e+02
  -2.2593795e+02
  -2.2628191e+02
  -2.2665198e+02
  -2.2704528e+02
  -2.2745497e+02
  -2.2785989e+02
  -2.2820140e+02
  -2.2834504e+02
  -2.2820345e+02
  -2.2815304e+02
  -2.2833336e+02
  -2.2861253e+02
  -2.2892083e+02
  -2.2923087e+02
  -2.2952942e+02
  -2.2980646e+02
  -2.3004987e+02
  -2.3024089e+02
  -2.3034994e+02
  -2.3034395e+02
  -2.3023949e+02
  -2.3014568e+02
  -2.3014124e+02
  -2.3021272e+02
  -2.3032333e+02
  -2.3044602e+02
  -2.3056505e+02
  -2.3067342e+02
  -2.3077084e+02
  -2.3086044e+02
  -2.3094381e+02
  -2.3101565e+02
  -2.3105865e+02
  -2.3103547e+02
  -2.3087347e+02
  -2.3048453e+02
  -2.2998456e+02
  -2.2963179e+02
  -2.2944022e+02
  -2.2936346e+02
  -2.2937553e+02
  -2.2945357e+02
  -2.2957520e+02
  -2.2972047e+02
  -2.2987146e+02
  -2.3001056e+02
  -2.3011906e+02
  -2.3017960e+02
  -2.3018832e+02
  -2.3017215e+02
  -2.3017779e+02
  -2.3023108e+02
  -2.3032495e+02
  -2.3043507e+02
  -2.3052903e+02
  -2.3056543e+02
  -2.3050319e+02
  -2.3036436e+02
  -2.3027042e+02
  -2.3029260e+02
  -2.3040764e+02
  -2.3057627e+02
  -2.3077029e+02
  -2.3097021e+02
  -2.3116043e+02
  -2.3132673e+02
  -2.3145735e+02
  -2.3154991e+02
  -2.3162150e+02
  -2.3170613e+02
  -2.3183245e+02
  -2.3200940e+02
  -2.3223310e+02
  -2.3249988e+02
  -2.3282783e+02
  -2.3365959e+02
  -2.3621084e+02
  -2.3662325e+02
  -2.3696116e+02
  -2.3728338e+02
  -2.3759748e+02
  -2.3790323e+02
  -2.3819719e+02
  -2.3847262e+02
  -2.3871720e+02
  -2.3890790e+02
  -2.3900296e+02
  -2.3895433e+02
  -2.3882231e+02
  -2.3882174e+02
  -2.3918156e+02
  -2.4082172e+02
  -2.4157982e+02
  -2.4181227e+02
  -2.4190603e+02
  -2.4192745e+02
  -2.4194776e+02
  -2.4202513e+02
  -2.4216933e+02
  -2.4236329e+02
  -2.4258677e+02
  -2.4282181e+02
  -2.4304962e+02
  -2.4324145e+02
  -2.4333321e+02
  -2.4316511e+02
  -2.4270243e+02
  -2.4250255e+02
  -2.4257592e+02
  -2.4275373e+02
  -2.4296612e+02
  -2.4318205e+02
  -2.4338293e+02
  -2.4355613e+02
  -2.4369765e+02
  -2.4381914e+02
  -2.4394786e+02
  -2.4411107e+02
  -2.4432109e+02
  -2.4457631e+02
  -2.4486926e+02
  -2.4519169e+02
  -2.4553557e+02
  -2.4589153e+02
  -2.4624500e+02
  -2.4656736e+02
  -2.4679387e+02
  -2.4679020e+02
  -2.4656245e+02
  -2.4652198e+02
  -2.4669644e+02
  -2.4694719e+02
  -2.4719710e+02
  -2.4738948e+02
  -2.4745298e+02
  -2.4733573e+02
  -2.4719134e+02
  -2.4721305e+02
  -2.4737405e+02
  -2.4760773e+02
  -2.4787636e+02
  -2.4816053e+02
  -2.4844914e+02
  -2.4873468e+02
  -2.4901099e+02
  -2.4927229e+02
  -2.4951310e+02
  -2.4972958e+02
  -2.4992322e+02
  -2.5010789e+02
  -2.5032166e+02
  -2.5067480e+02
  -2.5176409e+02
  -2.5313143e+02
  -2.5361471e+02
  -2.5394044e+02
  -2.5422686e+02
  -2.5449447e+02
  -2.5474448e+02
  -2.5497151e+02
  -2.5516738e+02
  -2.5532548e+02
  -2.5545075e+02
  -2.5557350e+02
  -2.5575428e+02
  -2.5610454e+02
  -2.5699636e+02
  -2.5827062e+02
  -2.5887536e+02
  -2.5926264e+02
  -2.5958893e+02
  -2.5988762e+02
  -2.6016431e+02
  -2.6041359e+02
  -2.6062012e+02
  -2.6075372e+02
  -2.6076717e+02
  -2.6064549e+02
  -2.6051496e+02
  -2.6050823e+02
  -2.6061419e+02
  -2.6078310e+02
  -2.6098012e+02
  -2.6118277e+02
  -2.6137327e+02
  -2.6153291e+02
  -2.6163809e+02
  -2.6166108e+02
  -2.6158986e+02
  -2.6146704e+02
  -2.6136576e+02
  -2.6130671e+02
  -2.6126106e+02
  -2.6119830e+02
  -2.6111844e+02
  -2.6105538e+02
  -2.6104032e+02
  -2.6107470e+02
  -2.6114092e+02
  -2.6121857e+02
  -2.6129173e+02
  -2.6135238e+02
  -2.6140269e+02
  -2.6145318e+02
  -2.6151473e+02
  -2.6158997e+02
  -2.6167030e+02
  -2.6173663e+02
  -2.6176076e+02
  -2.6171382e+02
  -2.6160143e+02
  -2.6149638e+02
  -2.6146897e+02
  -2.6152239e+02
  -2.6162799e+02
  -2.6175791e+02
  -2.6189113e+02
  -2.6201278e+02
  -2.6211575e+02
  -2.6220513e+02
  -2.6229986e+02
  -2.6242465e+02
  -2.6259850e+02
  -2.6283341e+02
  -2.6314444e+02
  -2.6356608e+02
  -2.6415975e+02
  -2.6490648e+02
  -2.6557021e+02
  -2.6604109e+02
  -2.6637376e+02
  -2.6661384e+02
  -2.6678279e+02
  -2.6689683e+02
  -2.6697921e+02
  -2.6705739e+02
  -2.6714916e+02
  -2.6725497e+02
  -2.6736027e+02
  -2.6743751e+02
  -2.6744248e+02
  -2.6732138e+02
  -2.6709587e+02
  -2.6692600e+02
  -2.6688991e+02
  -2.6694553e+02
  -2.6704373e+02
  -2.6715320e+02
  -2.6725503e+02
  -2.6733944e+02
