0 0.177108 0
6250 0.214196000000001 -0.00589649999999997
12500 0.330742999999998 -0.0123027000000002
18750 0.545055999999999 -0.0198309000000001
25000 0.898434999999999 -0.0293700000000001
31250 1.4861 -0.0424947
37500 2.573977 -0.06264325
43750 5.3200006 -0.09818331
50000 14.8615792 -3.66684737
56250 -8.3278105 -5.7431539
62500 -2.8497944 -6.1224174
68750 -0.6819399 -6.1614552
75000 1.0605432 -6.1251302
81250 2.8885401 -5.98215175
87500 4.1414068 -5.61344094
93750 1.8218411 -5.1156053
100000 -3.3477159 -4.9979785
106250 -7.6586714 -5.3147266
112500 -8.8375296 -5.8279015
118750 -7.4907949 -6.2239891
125000 -5.18088 -6.4649815
131250 -2.1256364 -6.5763594
137500 1.9879464 -6.4399854
143750 3.79440661 -5.7087618
150000 -1.5152894 -5.21024
156250 -7.2361768 -5.1393323
162500 -13.4585501 -5.0632289
168750 -19.3640777 -4.2841719
175000 -13.9731972 -3.6194199
181250 -9.57462098 -3.739797
187500 -7.3841658 -4.0287672
193750 -6.6601287 -4.3502847
200000 -6.9784564 -4.6684564
206250 -8.1963707 -4.9867017
212500 -10.5325193 -5.3283575
218750 -14.8411802 -5.7489971
225000 -23.6485956 -6.6432941
231250 -20.6226229 -8.6649141
237500 -14.9110656 -9.218233
243750 -12.4756263 -9.520895
250000 -11.5183293 -9.742729
256250 -11.4986303 -9.917841
262500 -12.3474108 -10.051644
268750 -14.2984218 -10.10428
275000 -17.184193557 -9.897632
281250 -16.99567059 -9.368832
287500 -13.9793433 -9.170406
293750 -12.0521512 -9.195035
300000 -11.1634527 -9.250932
306250 -10.83879 -9.288155
312500 -10.78591 -9.297145
318750 -10.810792 -9.277375
325000 -10.721745 -9.233018
331250 -10.2769303 -9.183291
337500 -9.335908 -9.187843
343750 -8.5527636 -9.331371
350000 -9.2727462 -9.546377
356250 -11.1782565 -9.666261
362500 -13.3193736 -9.683192
368750 -15.461115 -9.635455
375000 -17.6432586 -9.531586
381250 -19.8157878 -9.348955
387500 -21.41832599 -9.054646
393750 -21.27286388 -8.737403
400000 -19.99712299 -8.656627
406250 -20.54598235 -8.817282
412500 -24.0555339 -8.890331
418750 -29.0029106 -8.580288
425000 -30.6130752 -7.827902
431250 -28.15378537 -7.377581
437500 -26.1947841 -7.239949
443750 -25.3575449 -7.233784
450000 -25.721188 -7.314182
456250 -27.8570472 -7.508741
462500 -33.7694699 -8.10113
468750 -31.702556 -10.012457
475000 -23.7063482 -10.620673
481250 -19.635843 -10.933949
487500 -17.525368 -11.158573
493750 -16.541667 -11.314055
500000 -16.232468 -11.406226
506250 -16.316909 -11.438249
512500 -16.564085 -11.41123
518750 -16.71621 -11.331566
525000 -16.533266 -11.224117
531250 -15.987137 -11.130525
537500 -15.334195 -11.080424
543750 -14.910847 -11.07221
550000 -14.945584 -11.081608
556250 -15.522094 -11.073953
562500 -16.565803 -11.00705
568750 -17.702663 -10.835372
575000 -18.090847 -10.558015
581250 -17.173472 -10.285477
587500 -15.580174 -10.118529
593750 -14.082003 -10.048935
600000 -12.982081 -10.034937
606250 -12.334053 -10.042872
612500 -12.100885 -10.047718
618750 -12.185868 -10.029203
625000 -12.417083 -9.972928
631250 -12.557241 -9.878002
637500 -12.412602 -9.763635
643750 -11.977593 -9.65855
650000 -11.412479 -9.579567
656250 -10.890296 -9.525515
662500 -10.509932 -9.485568
668750 -10.294229 -9.44684
675000 -10.205501 -9.397749
681250 -10.15202 -9.330431
687500 -10.001647 -9.244756
693750 -9.63567399999999 -9.152103
700000 -9.032265 -9.071979
706250 -8.290797 -9.020506
712500 -7.561378 -9.002355
718750 -6.966599 -9.012712
725000 -6.577364 -9.043089
731250 -6.425638 -9.085209
737500 -6.524419 -9.132242
743750 -6.882824 -9.178542
750000 -7.515198 -9.21873
756250 -8.446242 -9.246371
762500 -9.713234 -9.251907
768750 -11.360777 -9.218768
775000 -13.398991 -9.115392
781250 -15.600133 -8.884902
787500 -16.953059 -8.483942
793750 -16.215459 -8.049523
800000 -14.223368 -7.76804
806250 -12.225339 -7.625805
812500 -10.587192 -7.560253
818750 -9.321744 -7.533415
825000 -8.375121 -7.525217
831250 -7.69037 -7.524351
837500 -7.216506 -7.523946
843750 -6.907905 -7.51972
850000 -6.723487 -7.509213
856250 -6.627302 -7.491399
862500 -6.590225 -7.466367
868750 -6.591633 -7.434892
875000 -6.619561 -7.397896
881250 -6.668305 -7.355938
887500 -6.73370600000001 -7.308949
893750 -6.807739 -7.25637
900000 -6.874788 -7.197714
906250 -6.912084 -7.13341
912500 -6.895945 -7.065529
918750 -6.81284 -6.997892
925000 -6.669805 -6.935105
931250 -6.496499 -6.880837
937500 -6.335978 -6.836346
943750 -6.229532 -6.800089
950000 -6.204051 -6.768493
956250 -6.266508 -6.737252
962500 -6.405268 -6.702588
968750 -6.595925 -6.662185
975000 -6.809947 -6.615685
981250 -7.02488899999999 -6.564642
987500 -7.233658 -6.511771
993750 -7.448401 -6.459568
1000000 -7.695511 -6.408842
1006250 -8.003086 -6.357927
1012500 -8.386626 -6.302975
1018750 -8.838906 -6.239162
1025000 -9.327228 -6.162424
1031250 -9.799902 -6.071233
1037500 -10.203207 -5.967804
1043750 -10.504699 -5.857619
1050000 -10.708341 -5.746845
1056250 -10.846677 -5.639101
1062500 -10.953881 -5.534106
1068750 -11.039971 -5.42915
1075000 -11.083557 -5.322284
1081250 -11.04798 -5.215152
1087500 -10.912353 -5.113541
1093750 -10.697165 -5.024928
1100000 -10.465716 -4.954609
1106250 -10.302873 -4.903006
1112500 -10.287179 -4.865148
1118750 -10.467409 -4.831789
1125000 -10.845929 -4.791538
1131250 -11.370821 -4.733909
1137500 -11.942915 -4.653087
1143750 -12.44655 -4.551329
1150000 -12.803501 -4.439337
1156250 -13.020509 -4.331296
1162500 -13.190035 -4.23705
1168750 -13.446682 -4.156673
1175000 -13.912438 -4.078707
1181250 -14.632576 -3.980114
1187500 -15.471969 -3.831209
1193750 -16.026698 -3.619071
1200000 -15.871607 -3.383429
1206250 -15.08711 -3.19082
1212500 -14.113312 -3.065923
1218750 -13.26992 -2.994987
1225000 -12.68906 -2.957489
1231250 -12.417 -2.936446
1237500 -12.47072 -2.916379
1243750 -12.832113 -2.879342
1250000 -13.388656 -2.804918
1256250 -13.872275 -2.682247
1262500 -13.974013 -2.531168
1268750 -13.652593 -2.394803
1275000 -13.155936 -2.298928
1281250 -12.738421 -2.240889
1287500 -12.53949 -2.206799
1293750 -12.623 -2.181916
1300000 -13.018311 -2.150655
1306250 -13.710777 -2.093201
1312500 -14.568812 -1.985529
1318750 -15.254832 -1.814544
1325000 -15.370614 -1.608077
1331250 -14.896298 -1.423867
1337500 -14.178965 -1.29088599999999
1343750 -13.511566 -1.200967
1350000 -13.009596 -1.13667
1356250 -12.692134 -1.084613
1362500 -12.549069 -1.036109
1368750 -12.566826 -0.984788000000002
1375000 -12.729316 -0.924466000000002
1381250 -13.005007 -0.848282999999995
1387500 -13.330767 -0.749824000000004
1393750 -13.608135 -0.626066999999999
1400000 -13.722853 -0.480447999999996
1406250 -13.583257 -0.323844999999999
1412500 -13.160185 -0.172175000000003
1418750 -12.504882 -0.0411570000000054
1425000 -11.732518 0.0589919999999964
1431250 -10.984484 0.126261999999997
1437500 -10.389464 0.16686
1443750 -10.030739 0.193306
1450000 -9.924828 0.220849999999999
1456250 -10.020954 0.263021999999999
1462500 -10.221378 0.328163000000004
1468750 -10.410715 0.417794999999998
1475000 -10.486898 0.526543999999994
1481250 -10.392977 0.643779000000002
1487500 -10.139069 0.757747999999999
1493750 -9.793557 0.861132000000005
1500000 -9.438259 0.954504
1506250 -9.113052 1.044682
1512500 -8.791346 1.138558
1518750 -8.408061 1.237179
1525000 -7.914216 1.334952
1531250 -7.310782 1.42363
1537500 -6.645583 1.49689
1543750 -5.991009 1.552889
1550000 -5.418398 1.595093
1556250 -4.969478 1.631792
1562500 -4.628819 1.673225
1568750 -4.319828 1.726232
1575000 -3.941512 1.789759
1581250 -3.42325 1.855226
1587500 -2.755237 1.911075
1593750 -1.982916 1.947347
1600000 -1.186715 1.957975
1606250 -0.464266000000002 1.941721
1612500 0.0883299999999991 1.902933
1618750 0.404494 1.851335
1625000 0.474367000000001 1.799167
1631250 0.346218999999998 1.756331
1637500 0.0969200000000008 1.727034
1643750 -0.204566999999997 1.709789
1650000 -0.520066 1.699593
1656250 -0.850121000000001 1.690557
1662500 -1.232018 1.678477
1668750 -1.726758 1.663361
1675000 -2.38993 1.651005
1681250 -3.233227 1.651639
1687500 -4.204279 1.675065
1693750 -5.206489 1.725469
1700000 -6.144106 1.799705
1706250 -6.960638 1.88951
1712500 -7.653972 1.985556
1718750 -8.268179 2.08144
1725000 -8.866501 2.176478
1731250 -9.489811 2.276054
1737500 -10.117886 2.387754
1743750 -10.673957 2.514254
1750000 -11.085971 2.649764
1756250 -11.341832 2.784413
1762500 -11.484426 2.910781
1768750 -11.575264 3.026205
1775000 -11.670056 3.13180000000001
1781250 -11.810292 3.231252
1787500 -12.017075 3.330161
1793750 -12.2824881 3.434932
1800000 -12.567945 3.550786
1806250 -12.8144639 3.68021
1812500 -12.9527435 3.82252
1818750 -12.9082851 3.972986
1825000 -12.6203593 4.120938
1831250 -12.0883282 4.25001
1837500 -11.4135199 4.344332
1843750 -10.7786313 4.39808499999999
1850000 -10.362062 4.419887
1856250 -10.2562196 4.42793
1862500 -10.4505595 4.440921
1868750 -10.8675405 4.4725
1875000 -11.3966948 4.53055999999999
1881250 -11.9026596 4.61694
1887500 -12.2414073 4.72360699999999
1893750 -12.3443911 4.830037
1900000 -12.3208675 4.914952
1906250 -12.3926019 4.976614
1912500 -12.6985623 5.034224
1918750 -13.2067994 5.111848
1925000 -13.7455819 5.225549
1931250 -14.0561842 5.374675
1937500 -13.9124057 5.533156
1943750 -13.3331434 5.657455
1950000 -12.6349666 5.718383
1956250 -12.2131981 5.721204
1962500 -12.3225347 5.697345
1968750 -13.0131145 5.686264
1975000 -14.175793 5.724741
1981250 -15.54857345 5.847562
1987500 -16.5606107 6.076858
1993750 -16.4041353 6.360808
2000000 -15.05748996 6.56684
2006250 -13.44382675 6.63123
2012500 -12.34581274 6.584606
2018750 -12.10994119 6.487829
2025000 -12.73358231 6.399424
2031250 -14.01778548 6.35900599999999
2037500 -15.7281436 6.39021
2043750 -17.5938885 6.513548
2050000 -19.143176 6.74069
2056250 -19.7659746 7.027881
2062500 -19.4847714 7.276057
2068750 -19.0344336 7.4507
2075000 -18.8508062 7.603845
2081250 -18.6905878 7.788808
2087500 -18.054936 7.993944
2093750 -16.8537883 8.162663
2100000 -15.3886458 8.26184
2106250 -13.9469739 8.288978
2112500 -12.7214112 8.247653
2118750 -11.9172015 8.14011
2125000 -11.8185822 7.977547
2131250 -12.6903184 7.79383600000001
2137500 -14.5821515 7.635366
2143750 -17.3832792 7.53048099999999
2150000 -21.1651927 7.480265
2156250 -26.8295622 7.46826
2162500 -42.9412391 7.419881
2168750 -29.79719 10.642082
2175000 -22.2846561 10.565923
2181250 -18.2430641 10.405778
2187500 -16.3747066 10.197536
2193750 -16.176993 10.025834
2200000 -17.0212043 9.92129600000001
2206250 -18.7065923 9.864703
2212500 -21.7709111 9.83026899999999
2218750 -29.4297497 9.800929
2225000 -29.1879082 12.855662
2231250 -17.37485827 12.750313
2237500 -11.1839343 12.538838
2243750 -7.5165632 12.205964
2250000 -6.5030641 11.85338
2256250 -7.4902709 11.62363
2262500 -9.6933756 11.530729
2268750 -13.6279539 11.534757
2275000 -26.3752516 11.530414
2281250 -13.8159235 15.055456
2287500 -3.685738 15.426965
2293750 2.549362 16.148498
2300000 4.2417653 17.02941
2306250 4.2773683 17.70546
2312500 6.2921098 18.260359
2318750 13.3769265 18.617385
2325000 19.7513566 16.871607
2331250 10.6544929 16.709821
2337500 7.5404497 16.842665
2343750 6.1636752 16.951395
2350000 5.5817344 17.014878
2356250 5.421867 17.022033
2362500 5.39756503 16.956493
2368750 5.09133506 16.804238
2375000 3.92143069 16.583768
2381250 1.5361845 16.362096
2387500 -1.9436141 16.194575
2393750 -6.530604 16.078653
2400000 -13.4650417 15.957592
2406250 -31.2256138 14.304377
2412500 -14.0078348 13.01107
2418750 -8.327927 12.888116
2425000 -4.999212 12.769549
2431250 -2.9037343 12.617861
2437500 -1.9040346 12.4468
2443750 -1.8959838 12.30075
2450000 -2.5407468 12.217973
2456250 -3.4336777 12.207511
2462500 -4.2675828 12.2586
2468750 -4.8372106 12.351923
2475000 -5.0268389 12.461789
2481250 -4.8472341 12.558179
2487500 -4.4723614 12.616293
2493750 -4.1885627 12.630839
2500000 -4.2287484 12.622046
2506250 -4.6146623 12.621227
2512500 -5.1868041 12.648116
2518750 -5.7558384 12.704002
2525000 -6.1964118 12.77859
2531250 -6.4654283 12.857413
2537500 -6.597234 12.926576
2543750 -6.694718 12.976899
2550000 -6.9026939 13.008846
2556250 -7.3392864 13.035778
2562500 -8.0043894 13.07897
2568750 -8.7572851 13.153883
2575000 -9.4061418 13.259941
2581250 -9.8228897 13.382655
2587500 -9.9935044 13.503444
2593750 -9.9967951 13.608427
2600000 -9.9551451 13.692404
2606250 -9.9867462 13.759603
2612500 -10.1550195 13.822119
2618750 -10.4259004 13.893596
2625000 -10.686878 13.979452
2631250 -10.8357764 14.073126
2637500 -10.8493369 14.162422
2643750 -10.7762787 14.237511
2650000 -10.6979039 14.293917
2656250 -10.7016962 14.332262
2662500 -10.8663609 14.358063
2668750 -11.2394476 14.381566
2675000 -11.807972 14.415151
2681250 -12.4941173 14.467462
2687500 -13.2003744 14.538763
2693750 -13.8710968 14.622608
2700000 -14.5157617 14.712178
2706250 -15.1850631 14.805798
2712500 -15.9248289 14.909109
2718750 -16.7208901 15.033661
2725000 -17.4492127 15.189458
2731250 -17.90827865 15.370794
2737500 -17.9970008 15.551953
2743750 -17.8279608 15.708472
2750000 -17.5929039 15.835133
2756250 -17.4150537 15.93982
2762500 -17.3343506 16.032119
2768750 -17.3473159 16.118355
2775000 -17.4437206 16.201155
2781250 -17.6312213 16.281222
2787500 -17.9429237 16.360573
2793750 -18.4203844 16.445801
2800000 -19.0759592 16.549408
2806250 -19.8435084 16.688089
2812500 -20.52421772 16.875447
2818750 -20.79808237 17.104428
2825000 -20.4556901 17.33403
2831250 -19.6611983 17.5171
2837500 -18.7902568 17.639639
2843750 -18.1273326 17.717413
2850000 -17.7898444 17.775687
2856250 -17.766668 17.838518
2862500 -17.9510164 17.924627
2868750 -18.1604547 18.043105
2875000 -18.1894603 18.187307
2881250 -17.9273092 18.334595
2887500 -17.4457441 18.460613
2893750 -16.9322935 18.555835
2900000 -16.5558157 18.627324
2906250 -16.3972169 18.690709
2912500 -16.4434863 18.762641
2918750 -16.6032259 18.855591
2925000 -16.7349881 18.973389
2931250 -16.7036655 19.108249
2937500 -16.4562639 19.243701
2943750 -16.0527968 19.364532
2950000 -15.6145928 19.465323
2956250 -15.2465074 19.550849
2962500 -14.993085 19.631127
2968750 -14.833299 19.715871
2975000 -14.700573 19.810221
2981250 -14.519932 19.91267
2987500 -14.248766 20.016331
2993750 -13.897789 20.113132
3000000 -13.51958 20.198143
3006250 -13.178476 20.271376
3012500 -12.923534 20.337017
3018750 -12.773644 20.401427
3025000 -12.714255 20.470852
3031250 -12.704564 20.549338
3037500 -12.693937 20.63744
3043750 -12.642346 20.732365
3050000 -12.535113 20.829619
3056250 -12.384098 20.925275
3062500 -12.216231 21.017596
3068750 -12.05755 21.107339
3075000 -11.920694 21.196922
3081250 -11.800095 21.289002
3087500 -11.675894 21.385091
3093750 -11.524397 21.484845
3100000 -11.329448 21.586344
3106250 -11.088349 21.687131
3112500 -10.810154 21.785284
3118750 -10.509196 21.879999
3125000 -10.198249 21.971546
3131250 -9.884043 22.06086
3137500 -9.565874 22.148986
3143750 -9.236981 22.236591
3150000 -8.887707 22.323689
3156250 -8.508937 22.409615
3162500 -8.094575 22.493183
3168750 -7.642871 22.572887
3175000 -7.157167 22.647094
3181250 -6.64641 22.714266
3187500 -6.124955 22.773263
3193750 -5.610699 22.823653
3200000 -5.121308 22.865886
3206250 -4.669982 22.901113
3212500 -4.263154 22.930726
3218750 -3.901575 22.955839
3225000 -3.583989 22.977011
3231250 -3.311253 22.994327
3237500 -3.088836 23.007779
3243750 -2.926481 23.017743
3250000 -2.834935 23.025347
3256250 -2.820949 23.032489
3262500 -2.883062 23.041435
3268750 -3.010795 23.054152
3275000 -3.187932 23.071733
3281250 -3.398167 23.094207
3287500 -3.630385 23.120784
3293750 -3.881621 23.150386
3300000 -4.156828 23.182292
3306250 -4.465365 23.216678
3312500 -4.814851 23.25483
3318750 -5.204481 23.298864
3325000 -5.621096 23.350935
3331250 -6.040523 23.412305
3337500 -6.433863 23.482675
3343750 -6.775994 23.560085
3350000 -7.053176 23.641367
3356250 -7.267499 23.72305
3362500 -7.436346 23.80247
3368750 -7.585522 23.878759
3375000 -7.737121 23.95315
3381250 -7.897444 24.028188
3387500 -8.0527 24.106075
3393750 -8.176266 24.187071
3400000 -8.243634 24.2689
3406250 -8.246871 24.347417
3412500 -8.202288 24.418138
3418750 -8.149136 24.477985
3425000 -8.139999 24.526732
3431250 -8.224493 24.567699
3437500 -8.430137 24.607177
3443750 -8.748639 24.652386
3450000 -9.137056 24.708638
3456250 -9.535918 24.777198
3462500 -9.895602 24.855072
3468750 -10.197167 24.936873
3475000 -10.457141 25.017789
3481250 -10.714009 25.096173
3487500 -11.0022198 25.174505
3493750 -11.3247509 25.257956
3500000 -11.6407128 25.350576
3506250 -11.8855247 25.451
3512500 -12.0198541 25.551512
3518750 -12.0682301 25.642372
3525000 -12.1136658 25.71781
3531250 -12.2627502 25.77929
3537500 -12.6106524 25.836163
3543750 -13.2052141 25.905842
3550000 -13.9848957 26.012469
3556250 -14.6892752 26.176364
3562500 -14.8939826 26.385983
3568750 -14.396996 26.585604
3575000 -13.4732817 26.725799
3581250 -12.5222261 26.80015
3587500 -11.7885183 26.824889
3593750 -11.3884407 26.818732
3600000 -11.3816644 26.799361
3606250 -11.7920322 26.785963
3612500 -12.5826737 26.801062
3618750 -13.6026299 26.867816
3625000 -14.5464251 26.998261
3631250 -15.0517857 27.173993
3637500 -14.9936841 27.347624
3643750 -14.5944142 27.481378
3650000 -14.1677204 27.569612
3656250 -13.9216174 27.626576
3662500 -13.9401097 27.672548
3668750 -14.19958822 27.727352
3675000 -14.582786881 27.804246
3681250 -14.93570426 27.903438
3687500 -15.16853752 28.013069
3693750 -15.3079199 28.120242
3700000 -15.4486587 28.221295
3706250 -15.6695406 28.323722
3712500 -15.9622094 28.442246
3718750 -16.1770746 28.588462
3725000 -16.0806536 28.752097
3731250 -15.6147271 28.898735
3737500 -15.0025866 29.004141
3743750 -14.4997421 29.072871
3750000 -14.2292412 29.122533
3756250 -14.2110555 29.17036
3762500 -14.4084756 29.231326
3768750 -14.7228021 29.31851
3775000 -14.9691951 29.436849
3781250 -14.9560505 29.570822
3787500 -14.6927431 29.691009
3793750 -14.3899641 29.784612
3800000 -14.2184585 29.862842
3806250 -14.2027499 29.943707
3812500 -14.2594376 30.040112
3818750 -14.2462878 30.154752
3825000 -14.0309382 30.275751
3831250 -13.6133329 30.379978
3837500 -13.1812151 30.452258
3843750 -12.9634671 30.501972
3850000 -13.0388099 30.555532
3856250 -13.2958228 30.637369
3862500 -13.4993799 30.757071
3868750 -13.3928133 30.901928
3875000 -12.8604808 31.037545
3881250 -12.0572376 31.127297
3887500 -11.3370915 31.157448
3893750 -11.0603786 31.145978
3900000 -11.4209518 31.136512
3906250 -12.3299785 31.183814
3912500 -13.3373345 31.333902
3918750 -13.6331538 31.581537
3925000 -12.6963776 31.827739
3931250 -10.9936211 31.973486
3937500 -9.2507409 32.005381
3943750 -7.908614 31.948746
3950000 -7.2275327 31.835426
3956250 -7.3564574 31.703227
3962500 -8.3110495 31.592947
3968750 -10.0100519 31.542932
3975000 -12.3184069 31.599221
3981250 -14.7493881 31.837947
3987500 -15.6016721 32.274413
3993750 -13.9400052 32.635622
4000000 -11.7295203 32.774786
4006250 -10.1792898 32.77926
4012500 -9.5346129 32.737728
4018750 -9.7001797 32.717801
4025000 -10.3367022 32.769885
4031250 -10.8758153 32.914868
4037500 -10.7044185 33.118113
4043750 -9.6772828 33.298561
4050000 -8.215628 33.401554
4056250 -6.8039114 33.424373
4062500 -5.7584244 33.389353
4068750 -5.238264 33.328933
4075000 -5.2309878 33.278709
4081250 -5.5561551 33.265746
4087500 -5.9454002 33.299067
4093750 -6.1475444 33.368026
4100000 -6.0221057 33.446812
4106250 -5.6021461 33.504885
4112500 -5.0873962 33.52052
4118750 -4.7676579 33.491518
4125000 -4.8913536 33.439616
4131250 -5.5148004 33.401707
4137500 -6.4674829 33.408759
4143750 -7.4653278 33.471745
4150000 -8.2324737 33.580861
4156250 -8.5900974 33.709244
4162500 -8.5354039 33.821511
4168750 -8.2612744 33.887948
4175000 -8.0990324 33.897021
4181250 -8.4135293 33.864355
4187500 -9.4214514 33.834146
4193750 -11.0241328 33.85999
4200000 -12.8337816 33.978011
4206250 -14.2984518 34.189612
4212500 -14.9403317 34.446092
4218750 -14.7593977 34.669491
4225000 -14.203858 34.811186
4231250 -13.78733473 34.863248
4237500 -13.99472542 34.840707
4243750 -15.32508275 34.785751
4250000 -18.21723856 34.78278
4256250 -23.018230738 35.005126
4262500 -27.02723365 35.910857
4268750 -22.82334836 36.730548
4275000 -18.54626114 36.997774
4281250 -15.3857007 37.104309
4287500 -12.857618638 37.13583
4293750 -10.81297257 37.10622
4300000 -9.3347001 37.023562
4306250 -8.5614823 36.912039
4312500 -8.4812672 36.808071
4318750 -8.89978216 36.737756
4325000 -9.59513399 36.707424
4331250 -10.42273221 36.712679
4337500 -11.3110581 36.748449
4343750 -12.2135438 36.813633
4350000 -13.0413916 36.910188
4356250 -13.6186932 37.030773
4362500 -13.863232 37.143147
4368750 -14.0259124 37.222294
4375000 -14.3520571 37.28278
4381250 -14.8403123 37.345789
4387500 -15.3933122 37.419579
4393750 -15.9094632 37.503134
4400000 -16.2905046 37.587778
4406250 -16.4676298 37.653037
4412500 -16.5163852 37.664085
4418750 -16.8268814 37.589488
4425000 -17.9810724 37.44333
4431250 -20.2017616 37.276094
4437500 -23.3346182 37.092768
4443750 -27.268119 36.802912
4450000 -30.8531784 36.176196
4456250 -29.613918 35.364164
4462500 -25.9362594 34.926892
4468750 -22.8725279 34.67567
4475000 -20.7098473 34.448649
4481250 -19.7110501 34.19986
4487500 -20.1595171 33.973319
4493750 -21.7491274 33.849284
4500000 -23.7646652 33.858335
4506250 -25.6083431 33.982716
4512500 -26.9035723 34.184251
4518750 -27.4977857 34.418331
4525000 -27.4132592 34.649116
4531250 -26.701745 34.850727
4537500 -25.454426 34.991106
4543750 -24.0130731 35.040761
4550000 -22.8581706 35.01262
4556250 -22.1663765 34.952823
4562500 -21.8085927 34.8927
4568750 -21.6336436 34.839247
4575000 -21.5813323 34.789245
4581250 -21.680331 34.738322
4587500 -22.0523948 34.685684
4593750 -22.9511403 34.644472
4600000 -24.7345982 34.678356
4606250 -26.8763384 34.969792
4612500 -25.9420263 35.46097
4618750 -23.0261011 35.686531
4625000 -20.7001489 35.747736
4631250 -18.9593818 35.77346
4637500 -17.4722483 35.799628
4643750 -15.994516 35.827745
4650000 -14.3780364 35.841093
4656250 -12.6556379 35.808138
4662500 -11.2019497 35.705955
4668750 -10.5056965 35.571015
4675000 -10.4841988 35.474196
4681250 -10.668549 35.435669
4687500 -10.7770429 35.435333
4693750 -10.7417075 35.449923
4700000 -10.5905988 35.461009
4706250 -10.4201974 35.452118
4712500 -10.455055 35.410201
4718750 -11.1079792 35.346132
4725000 -12.6910598 35.330062
4731250 -14.7465345 35.456657
4737500 -16.2080715 35.732908
4743750 -16.4804319 36.065953
4750000 -15.7791843 36.373189
4756250 -14.4726491 36.62782
4762500 -12.7801301 36.820373
4768750 -10.9178574 36.938038
4775000 -9.2338396 36.977119
4781250 -8.0941637 36.966473
4787500 -7.5620179 36.959577
4793750 -7.3672674 36.991779
4800000 -7.2008748 37.066044
4806250 -6.8651887 37.169191
4812500 -6.2577982 37.283265
4818750 -5.3503606 37.387376
4825000 -4.2165916 37.45856
4831250 -3.0824045 37.480576
4837500 -2.264581 37.463265
4843750 -1.8917345 37.445912
4850000 -1.7601755 37.46116
4856250 -1.5762133 37.510188
4862500 -1.1636942 37.574906
4868750 -0.4738305 37.632817
4875000 0.4451519 37.661675
4881250 1.4363888 37.64159
4887500 2.2044119 37.564543
4893750 2.4107249 37.452943
4900000 1.9750863 37.357198
4906250 1.1740249 37.314621
4912500 0.3582304 37.327756
4918750 -0.2431899 37.379032
4925000 -0.5252462 37.444596
4931250 -0.4884357 37.498018
4937500 -0.2686995 37.513182
4943750 -0.1755232 37.476679
4950000 -0.5730871 37.409064
4956250 -1.5507575 37.360051
4962500 -2.8494124 37.365003
4968750 -4.15722544 37.426947
4975000 -5.27426651 37.533227
4981250 -6.0860166494 37.667758
4987500 -6.52632057 37.81154
4993750 -6.60315911 37.940224
5000000 -6.4766052 38.028949
5006250 -6.474919 38.0713
5012500 -6.8823141 38.095758
5018750 -7.67326351 38.14503
5025000 -8.59357688 38.241425
5031250 -9.38589272 38.384265
5037500 -9.8520409 38.561139
5043750 -9.84490434 38.750026
5050000 -9.32558176 38.917463
5056250 -8.47145826 39.027813
5062500 -7.6708456 39.06739
5068750 -7.28163813 39.060347
5075000 -7.36759536 39.048046
5081250 -7.76056315 39.054892
5087500 -8.28910565 39.083158
5093750 -8.87447312 39.125955
5100000 -9.51986371 39.176834
5106250 -10.28107669 39.234912
5112500 -11.2188367 39.30949
5118750 -12.29056521 39.419827
5125000 -13.26513881 39.576151
5131250 -13.9241134 39.758046
5137500 -14.3210599 39.937376
5143750 -14.6407871 40.109307
5150000 -14.9817909 40.288397
5156250 -15.27467 40.495694
5162500 -15.2284847 40.741228
5168750 -14.4752112 40.991351
5175000 -13.10191 41.176763
5181250 -11.6771029 41.271293
5187500 -10.6135369 41.305619
5193750 -9.973527 41.317951
5200000 -9.6590973 41.329793
5206250 -9.5654865 41.34849
5212500 -9.6285971 41.374913
5218750 -9.8242527 41.408693
5225000 -10.1535864 41.451417
5231250 -10.6156145 41.508553
5237500 -11.1640357 41.588289
5243750 -11.6875751 41.694552
5250000 -12.0730057 41.820588
5256250 -12.2860979 41.954202
5262500 -12.3569331 42.087215
5268750 -12.3176535 42.216953
5275000 -12.1754837 42.342219
5281250 -11.9239398 42.459787
5287500 -11.5729629 42.56328
5293750 -11.1791896 42.64585
5300000 -10.8441114 42.705739
5306250 -10.6628034 42.749648
5312500 -10.6687404 42.789119
5318750 -10.8329548 42.833706
5325000 -11.1032776 42.888004
5331250 -11.4361191 42.952815
5337500 -11.8062184 43.027493
5343750 -12.2035334 43.111652
5350000 -12.6241309 43.206285
5356250 -13.0557801 43.313976
5362500 -13.4640317 43.437575
5368750 -13.794601 43.577816
5375000 -13.9912306 43.732467
5381250 -14.003566 43.897249
5387500 -13.7836692 44.065447
5393750 -13.2983085 44.226085
5400000 -12.5677056 44.363962
5406250 -11.7027513 44.46482
5412500 -10.8907001 44.524211
5418750 -10.3116669 44.552636
5425000 -10.0446284 44.570478
5431250 -10.050262 44.596632
5437500 -10.2289842 44.641866
5443750 -10.4761624 44.709666
5450000 -10.6975137 44.799035
5456250 -10.8064146 44.904876
5462500 -10.741485 45.016197
5468750 -10.5215076 45.117531
5475000 -10.2759934 45.199071
5481250 -10.1614982 45.267059
5487500 -10.2361883 45.339684
5493750 -10.4295305 45.43492
5500000 -10.5750521 45.562986
5506250 -10.4395919 45.720322
5512500 -9.8129267 45.880733
5518750 -8.7054865 45.999832
5525000 -7.42990481 46.044382
5531250 -6.39980602 46.015294
5537500 -5.88242835 45.939941
5543750 -5.9303356 45.848457
5550000 -6.4898966 45.757104
5556250 -7.549363 45.667093
5562500 -9.2567519 45.570083
5568750 -12.12382481 45.450405
5575000 -18.01891748 45.266595
5581250 -31.442125443 42.631496
5587500 -14.699773 41.967902
5593750 -9.58235273 41.741727
5600000 -7.08795657 41.562252
5606250 -5.87294162 41.432447
5612500 -5.354660342 41.35444
5618750 -5.208907991 41.325378
5625000 -5.22216181 41.34214
5631250 -5.19768576 41.400393
5637500 -4.9318356 41.48523
5643750 -4.3470579 41.565199
5650000 -3.621467 41.614871
5656250 -2.984931 41.638726
5662500 -2.49090243 41.654719
5668750 -2.06559424 41.672732
5675000 -1.62021739 41.691636
5681250 -1.10270179 41.703092
5687500 -0.52329172 41.694737
5693750 0.0190668999999999 41.654856
5700000 0.3375162 41.581477
5706250 0.251322 41.491126
5712500 -0.2638985 41.412409
5718750 -1.0634256 41.365882
5725000 -1.96630813 41.355847
5731250 -2.84308601 41.377105
5737500 -3.61317353 41.421985
5743750 -4.2186789 41.48153
5750000 -4.6280101 41.543111
5756250 -4.8880665 41.591233
5762500 -5.1484511 41.618441
5768750 -5.5464278 41.63413
5775000 -6.0925355 41.653766
5781250 -6.7136128 41.685801
5787500 -7.3273929 41.731293
5793750 -7.8586307 41.78684
5800000 -8.2351947 41.843603
5806250 -8.4263599 41.883141
5812500 -8.5589512 41.880522
5818750 -8.9638244 41.828103
5825000 -9.9098733 41.752049
5831250 -11.39798 41.680775
5837500 -13.3868545 41.617327
5843750 -16.0700492 41.545308
5850000 -20.2363071 41.426121
5856250 -29.5817232 41.011084
5862500 -26.2169728 38.550248
5868750 -17.8419094 38.152525
5875000 -14.0864363 37.867924
5881250 -12.5739625 37.621424
5887500 -12.3958892 37.449384
5893750 -12.8625092 37.361478
5900000 -13.5317067 37.343841
5906250 -14.1435331 37.37608
5912500 -14.5431647 37.433968
5918750 -14.6942003 37.487285
5925000 -14.7582545 37.506429
5931250 -15.1008369 37.484892
5937500 -16.0361945 37.459447
5943750 -17.4730079 37.487234
5950000 -18.947428 37.59702
5956250 -19.947977 37.769093
5962500 -20.2349265 37.946756
5968750 -19.9681421 38.073584
5975000 -19.5051204 38.120102
5981250 -19.2124263 38.075657
5987500 -19.5049614 37.93573
5993750 -20.9749483 37.706906
6000000 -24.4958625 37.415634
6006250 -32.1695731 37.043114
6012500 -40.8761339 34.435635
6018750 -29.6539043 33.826762
6025000 -25.8997184 33.587882
6031250 -24.1581298 33.364199
6037500 -23.6271125 33.099355
6043750 -24.4618467 32.738847
6050000 -27.6898887 32.175519
6056250 -33.5420566 30.858292
6062500 -28.5725842 29.353189
6068750 -24.1726274 28.802507
6075000 -21.7867565 28.486063
6081250 -20.2470258 28.256833
6087500 -19.0614866 28.065847
6093750 -18.0135494 27.886066
6100000 -17.0375678 27.697828
6106250 -16.209959 27.489848
6112500 -15.6854185 27.272993
6118750 -15.4362914 27.080056
6125000 -15.1736368 26.92683
6131250 -14.6624711 26.797214
6137500 -13.8588085 26.667286
6143750 -12.8199941 26.517727
6150000 -11.6511193 26.331197
6156250 -10.5402292 26.089904
6162500 -9.8318124 25.784759
6168750 -9.9569725 25.44015
6175000 -11.0592132 25.116657
6181250 -12.8438485 24.8596
6187500 -14.945853 24.671944
6193750 -17.1564049 24.535829
6200000 -19.3710811 24.428784
6206250 -21.4825654 24.320812
6212500 -23.2816833 24.158063
6218750 -24.3267019 23.850983
6225000 -23.8604269 23.3481
6231250 -21.8153762 22.785513
6237500 -19.4726493 22.332729
6243750 -17.5604809 22.019689
6250000 -16.0222956 21.81069
6256250 -14.6772338 21.664549
6262500 -13.4049481 21.548573
6268750 -12.1455518 21.434948
6275000 -10.923916 21.293392
6281250 -9.984865 21.0898
6287500 -9.984167 20.82182
6293750 -11.457374 20.58965
6300000 -13.742288 20.51137
6306250 -15.723391 20.58195
6312500 -16.8619714 20.72009
6318750 -17.2439049 20.85002
6325000 -17.204788 20.93564
6331250 -17.048521 20.96819
6337500 -17.056168 20.94936
6343750 -17.58501 20.90297
6350000 -18.727198 20.90977
6356250 -19.568623 21.02163
6362500 -19.486922 21.14212
6368750 -18.9593379 21.20715
6375000 -18.3622088 21.22841
6381250 -17.7894673 21.225
6387500 -17.2444677 21.20853
6393750 -16.715588 21.18593
6400000 -16.18552 21.16291
6406250 -15.596829 21.1439
6412500 -14.875627 21.12007
6418750 -14.121806 21.08128
6425000 -13.397034 21.03533
6431250 -12.6675831 20.98454
6437500 -11.9065238 20.92474
6443750 -11.0994703 20.84801
6450000 -10.2437884 20.74078
6456250 -9.374961 20.57858
6462500 -8.676574 20.31773
6468750 -8.796511 19.9003
6475000 -10.992483 19.32825
6481250 -15.592022 18.66545
6487500 -19.992235 17.78146
6493750 -19.563244 16.95094
6500000 -17.396651 16.58181
6506250 -15.64884 16.46961
6512500 -14.138076 16.5008
6518750 -12.171672 16.63141
6525000 -8.831224 16.73491
6531250 -5.266046 16.5609
6537500 -4.40432 16.28249
6543750 -4.793793 16.17893
6550000 -5.068794 16.18681
6556250 -5.076654 16.24396
6562500 -4.830812 16.32642
6568750 -4.288107 16.42274
6575000 -3.300981 16.51839
6581250 -1.598984 16.57087
6587500 0.810637 16.44436
6593750 1.218726 16.01526
6600000 -1.780725 15.78393
6606250 -4.414993 15.83074
6612500 -6.02113 15.95871
6618750 -6.906279 16.0964
6625000 -7.253848 16.22543
6631250 -7.06351 16.33799
6637500 -6.183482 16.41564
6643750 -4.418842 16.40149
6650000 -2.191202 16.16684
6656250 -1.895464 15.70414
6662500 -3.837372 15.37933
6668750 -5.604574 15.23883
6675000 -6.602445 15.16816
6681250 -6.937715 15.11394
6687500 -6.746354 15.05463
6693750 -6.122148 14.97401
6700000 -5.172601 14.84585
6706250 -4.249997 14.62435
6712500 -4.465271 14.29576
6718750 -6.836974 14.0432
6725000 -9.963349 14.07189
6731250 -11.783275 14.32944
6737500 -11.718467 14.61991
6743750 -10.584047 14.83115
6750000 -9.039056 14.96495
6756250 -7.251271 15.03806
6762500 -5.168183 15.04163
6768750 -2.806976 14.91617
6775000 -1.269719 14.55108
6781250 -3.08697 14.12206
6787500 -6.706366 13.98467
6793750 -9.905156 14.06152
6800000 -12.396474 14.21883
6806250 -14.594867 14.37228
6812500 -17.499786 14.45264
6818750 -24.571411 14.18741
6825000 -19.114873 11.94966
6831250 -7.231817 11.46914
6837500 -1.227208 10.80481
6843750 -0.994679999999999 10.28983
6850000 -2.0309 10.11942
6856250 -2.831721 10.10224
6862500 -3.369416 10.15201
6868750 -3.709345 10.2387
6875000 -3.853997 10.35088
6881250 -3.695145 10.48076
6887500 -2.905612 10.59911
6893750 -1.299024 10.53622
6900000 -3.253916 10.22439
6906250 -7.042326 10.4
6912500 -8.938596 10.74778
6918750 -9.808231 11.12572
6925000 -9.795789 11.53751
6931250 -8.589836 11.95678
6937500 -6.065899 12.31629
6943750 -2.331896 12.55497
6950000 2.803748 12.58213
6956250 8.376237 11.99235
6962500 5.0206 11.15421
6968750 0.0280440000000013 11.00518
6975000 -3.899039 11.05651
6981250 -7.633257 11.1833
6987500 -12.121835 11.39386
6993750 -19.275617 11.93356
7000000 -18.941548 13.74496
7006250 -10.203966 14.32717
7012500 -3.536777 14.56096
7018750 4.474028 14.59503
7025000 10.802677 13.26556
7031250 2.458909 12.93445
7037500 -1.309404 13.23721
7043750 -2.729241 13.62625
7050000 -2.818305 13.99524
7056250 -2.238404 14.31057
7062500 -1.353416 14.5695
7068750 -0.262135000000001 14.76986
7075000 1.147249 14.88279
7081250 2.885071 14.7695
7087500 0.632024000000001 14.22655
7093750 -7.562562 14.43131
7100000 -9.166293 15.1843
7106250 -7.93444 15.53622
7112500 -7.048182 15.70167
7118750 -6.449907 15.7941
7125000 -5.941772 15.84098
7131250 -5.37907 15.84233
7137500 -4.685726 15.77687
7143750 -4.081724 15.59583
7150000 -4.669346 15.28956
7156250 -7.099927 15.06662
7162500 -9.471061 15.04953
7168750 -10.609076 15.10504
7175000 -10.758583 15.1271
7181250 -10.327777 15.08863
7187500 -9.521334 14.98622
7193750 -8.441154 14.80925
7200000 -7.275943 14.52777
7206250 -6.646862 14.10382
7212500 -7.7043 13.58193
7218750 -10.712053 13.12042
7225000 -14.898064 12.77526
7231250 -20.244508 12.48002
7237500 -28.663359 12.02666
7243750 -32.768612 9.91987999999998
7250000 -24.261399 9.25257999999999
7256250 -20.325128 8.94943000000001
7262500 -18.306561 8.65645999999998
7268750 -17.835681 8.35049000000001
7275000 -18.855948 8.0864
7281250 -20.874404 7.94144999999997
7287500 -22.845546 7.95401000000001
7293750 -23.405025 8.05803
7300000 -22.055666 8.08114999999998
7306250 -19.39498 7.93639000000002
7312500 -15.928435 7.64409000000001
7318750 -12.195255 7.22960999999998
7325000 -9.236266 6.72530999999998
7331250 -7.870658 6.25423999999998
7337500 -7.553625 5.92954999999998
7343750 -7.455195 5.74198999999999
7350000 -7.218826 5.64396000000002
7356250 -6.7330077 5.59782999999999
7362500 -5.9502444 5.5745
7368750 -4.85905 5.54377000000002
7375000 -3.571631 5.46767
7381250 -2.527832 5.31394
7387500 -2.42528 5.11543999999998
7393750 -3.313491 4.97475
7400000 -4.4985625 4.93641
7406250 -5.4766511 4.97398999999999
7412500 -6.0871603 5.05198999999999
7418750 -6.3115971 5.14389
7425000 -6.1796368 5.22824
7431250 -5.7743724 5.28416999999999
7437500 -5.2858794 5.29375000000002
7443750 -5.0242472 5.25615000000002
7450000 -5.2397889 5.20171999999999
7456250 -5.8724063 5.17249000000001
7462500 -6.639105 5.1865
7468750 -7.2924314 5.23578999999998
7475000 -7.7018995 5.30212
7481250 -7.8250163 5.36503999999999
7487500 -7.6908197 5.40249999999997
7493750 -7.4283544 5.39114000000001
7500000 -7.3266989 5.31358
7506250 -7.8144987 5.17895999999999
7512500 -9.179114 5.03550999999999
7518750 -11.3224611 4.93516
7525000 -14.0160782 4.89811
7531250 -17.2316833 4.93027000000001
7537500 -21.2408809 5.07029
7543750 -26.1529417 5.51917999999998
7550000 -26.551725 6.47033999999999
7556250 -21.9281976 6.88636
7562500 -18.5827577 6.88958
7568750 -16.9634994 6.73382999999998
7575000 -16.9403699 6.53328000000002
7581250 -18.1082202 6.35087999999999
7587500 -20.0436339 6.18302
7593750 -22.5578954 5.96545999999998
7600000 -25.3103356 5.54854
7606250 -25.7111983 4.79286999999999
7612500 -21.9702121 4.13482999999999
7618750 -17.8470918 3.72516000000002
7625000 -14.8579094 3.39845
7631250 -13.2021026 3.11934000000002
7637500 -12.5886332 2.91140999999999
7643750 -12.5509287 2.77973
7650000 -12.7662954 2.70801
7656250 -13.0843384 2.67761000000002
7662500 -13.4449828 2.67498000000001
7668750 -13.8148225 2.69072
7675000 -14.157759 2.71420000000001
7681250 -14.497235 2.72555000000003
7687500 -15.074731 2.70875000000001
7693750 -16.160433 2.67784
7700000 -17.8798633 2.64363
7706250 -20.6212725 2.59025000000003
7712500 -25.9742689 2.44442999999998
7718750 -36.3486466 0.528179999999992
7725000 -21.377955 -0.414479999999998
7731250 -14.4581163 -0.640439999999984
7737500 -9.762424 -0.902440000000013
7743750 -6.694483 -1.25211999999999
7750000 -5.483812 -1.63319000000001
7756250 -5.751592 -1.94533999999999
7762500 -6.7115276 -2.16343000000001
7768750 -7.9199065 -2.31641999999999
7775000 -9.2703127 -2.43592000000001
7781250 -10.841605 -2.54479000000001
7787500 -12.901175 -2.6559
7793750 -16.111199 -2.74653999999998
7800000 -21.377587 -2.56417999999999
7806250 -21.730644 -1.84466999999998
7812500 -18.974715 -1.79797000000002
7818750 -18.592487 -1.98298
7825000 -19.4988779 -2.21803
7831250 -21.0347219 -2.52499
7837500 -22.5805016 -2.96702999999999
7843750 -23.051022 -3.55216000000001
7850000 -22.133658 -4.13586000000001
7856250 -21.405079 -4.60892999999999
7862500 -22.53774 -4.91078999999999
7868750 -25.659446 -4.78287
7875000 -24.935278 -4.12394
7881250 -20.5378714 -3.83008999999998
7887500 -17.0411609 -3.77216999999999
7893750 -14.3813639 -3.77294000000001
7900000 -12.2186783 -3.79379
7906250 -10.402478 -3.83141999999998
7912500 -8.963475 -3.88909999999998
7918750 -8.078723 -3.95289000000002
7925000 -7.755691 -3.97472999999999
7931250 -7.525069 -3.92281
7937500 -6.951925 -3.82684
7943750 -6.005799 -3.72707
7950000 -4.796305 -3.64167999999998
7956250 -3.383795 -3.57825
7962500 -1.780314 -3.54822999999999
7968750 -0.0429589999999997 -3.57675999999998
7975000 1.478077 -3.70078000000001
7981250 1.911149 -3.90530000000001
7987500 0.903509 -4.05243000000002
7993750 -0.566725999999999 -4.05667
8000000 -1.704813 -3.96059000000002
8006250 -2.365528 -3.82361
8012500 -2.681286 -3.68122
8018750 -2.860284 -3.54939999999999
8025000 -3.193331 -3.42907000000002
8031250 -4.128896 -3.2705
8037500 -4.801503 -2.90703999999999
8043750 -3.087917 -2.58293
8050000 -1.489273 -2.42794000000001
8056250 -0.351810999999998 -2.29656
8062500 0.696897 -2.15598
8068750 1.910147 -2.00702999999999
8075000 3.5338 -1.86384000000001
8081250 5.874681 -1.77017000000001
8087500 8.992029 -1.85954000000001
8093750 10.304025 -2.29781
8100000 7.485794 -2.58102
8106250 4.603828 -2.52914000000001
8112500 2.729031 -2.34746000000001
8118750 1.662848 -2.11897999999999
8125000 1.271145 -1.86704999999998
8131250 1.631163 -1.60017999999999
8137500 3.090863 -1.34162000000001
8143750 6.285576 -1.19215
8150000 10.521141 -1.52502000000001
8156250 8.171536 -2.12998000000002
8162500 4.187883 -2.16478999999998
8168750 1.63551 -2.01238000000001
8175000 -0.0114620000000016 -1.81029000000001
8181250 -1.070259 -1.58257999999998
8187500 -1.59042 -1.3279
8193750 -1.365795 -1.04396000000003
8200000 0.130257 -0.756079999999997
8206250 3.727869 -0.592680000000001
8212500 8.394806 -1.03126
8218750 4.898988 -1.67595
8225000 0.449514000000001 -1.69148999999999
8231250 -2.689884 -1.53995
8237500 -5.278953 -1.33032
8243750 -7.797151 -1.05967000000001
8250000 -10.487396 -0.66273000000001
8256250 -12.559691 0.0203000000000202
8262500 -10.409904 0.911249999999995
8268750 -4.408618 1.49590000000001
8275000 4.598575 1.72805
8281250 10.415212 -0.139499999999998
8287500 -0.670099999999998 -0.233029999999985
8293750 -6.854725 0.0930500000000052
8300000 -12.188441 0.593819999999994
8306250 -16.2358 1.34474
8312500 -16.946691 2.12163999999999
8318750 -16.153883 2.59745000000001
8325000 -15.731402 2.82097000000002
8331250 -15.75292 2.82649000000001
8337500 -15.090479 2.56052
8343750 -11.169431 2.11297000000002
8350000 -3.120074 1.70537999999999
8356250 7.742819 0.369730000000004
8362500 0.512223000000002 -0.666650000000004
8368750 -3.327716 -0.704589999999996
8375000 -5.254866 -0.591540000000009
8381250 -6.155047 -0.415320000000008
8387500 -6.175391 -0.210120000000018
8393750 -5.253387 -0.0142400000000009
8400000 -3.266785 0.112509999999986
8406250 -0.117400999999997 0.0371499999999969
8412500 1.947793 -0.577119999999979
8418750 -3.645815 -1.23108000000002
8425000 -12.921055 -1.40553
8431250 -30.190425 1.94512
8437500 -12.371525 1.84425000000002
8443750 -6.640942 1.90615
8450000 -2.343557 1.97932
8456250 1.977048 2.04776999999999
8462500 7.560965 2.07544999999999
8468750 18.257038 1.69097000000002
8475000 13.435569 -0.207729999999998
8481250 6.231376 -0.246379999999988
8487500 2.205169 -0.0848799999999983
8493750 -0.553591000000001 0.171519999999987
8500000 -2.301419 0.523079999999993
8506250 -2.692831 0.95483999999999
8512500 -1.34628 1.39775999999998
8518750 1.798608 1.77634
8525000 7.570475 2.04017999999999
8531250 22.542327 0.884220000000028
8537500 5.970846 -0.116060000000004
8543750 -1.478497 0.209280000000007
8550000 -6.819126 0.790379999999999
8556250 -8.991308 1.64196000000001
8562500 -7.352229 2.34841
8568750 -4.961801 2.78940999999998
8575000 -2.78528 3.10086000000001
8581250 -0.663864999999998 3.35680000000002
8587500 1.918255 3.60303999999999
8593750 6.359731 3.96324999999999
8600000 10.133442 5.57139999999998
8606250 -2.722704 6.29285999999999
8612500 -11.60826 5.93412000000001
8618750 -13.21873 5.25648000000001
8625000 -11.659731 5.03796
8631250 -10.600068 5.05314999999999
8637500 -10.072308 5.17027000000002
8643750 -9.907436 5.38601
8650000 -9.977205 5.83437000000001
8656250 -8.739682 7.46459000000002
8662500 -8.23685 10.27411
8668750 -9.540353 11.02765
8675000 -10.414263 11.39886
8681250 -11.294315 11.72188
8687500 -12.192094 12.11283
8693750 -12.50246 12.69001
8700000 -10.188084 13.49505
8706250 -4.2236 14.36486
8712500 1.916938 15.54376
8718750 0.765280000000001 16.6721
8725000 -1.812564 17.20023
8731250 -3.46911 17.51792
8737500 -4.464943 17.77229
8743750 -4.894171 18.01816
8750000 -4.49367 18.28919
8756250 -2.074301 18.59022
8762500 7.155282 18.34666
8768750 -1.503206 17.14348
8775000 -7.004922 17.46204
8781250 -9.441065 17.80231
8787500 -10.867484 18.12954
8793750 -11.729411 18.48492
8800000 -11.787834 18.9074
8806250 -10.238303 19.38498
8812500 -6.255159 19.79494
8818750 0.662239999999997 19.88063
8825000 5.060336 18.94369
8831250 -0.120114000000001 18.57345
8837500 -3.270301 18.70837
8843750 -5.002037 18.96309
8850000 -5.866969 19.28326
8856250 -6.025285 19.65627
8862500 -5.51932 20.07089
8868750 -4.404802 20.51334
8875000 -2.766466 20.97791
8881250 -0.672832 21.48777
8887500 1.56713 22.13057
8893750 2.030032 22.98771
8900000 -0.991150000000001 23.73741
8906250 -4.956152 24.1858
8912500 -8.58093 24.46477
8918750 -11.897919 24.66683
8925000 -15.227638 24.83792
8931250 -19.206618 25.01079
8937500 -26.095538 25.27048
8943750 -30.340085 27.90818
8950000 -14.975571 28.33646
8956250 -0.303801999999997 28.13897
8962500 -2.747438 26.19034
8968750 -7.982637 26.24341
8975000 -9.786558 26.43245
8981250 -10.210385 26.63158
8987500 -9.82229 26.81376
8993750 -8.850279 26.96764
9000000 -7.347888 27.08414
9006250 -5.187963 27.14357
9012500 -1.942729 27.07526
9018750 2.507957 26.53045
9025000 -1.295645 25.40291
9031250 -9.537791 24.96779
9037500 -17.406378 24.4586
9043750 -18.758869 23.40293
9050000 -14.08197 23.02832
9056250 -10.15011 23.03465
9062500 -6.406325 23.18254
9068750 -1.829937 23.45549
9075000 5.530648 24.06957
9081250 7.057839 25.99941
9087500 0.043330000000001 26.80328
9093750 -3.2804 27.2509
9100000 -4.695354 27.62313
9106250 -4.920367 27.94313
9112500 -4.274568 28.21063
9118750 -2.807816 28.41836
9125000 -0.226492 28.53159
9131250 4.276178 28.36578
9137500 5.601313 27.28982
9143750 -1.946727 26.76398
9150000 -7.740763 26.66284
9156250 -12.10819 26.55599
9162500 -14.88058 26.32
9168750 -15.03071 26.00886
9175000 -12.910801 25.79295
9181250 -9.754361 25.67102
9187500 -6.109571 25.5152
9193750 -3.129305 25.14481
9200000 -3.896548 24.6992
9206250 -6.765193 24.615
9212500 -8.842835 24.81394
9218750 -9.358491 25.13331
9225000 -8.370466 25.44486
9231250 -6.361151 25.67798
9237500 -3.709535 25.80786
9243750 -0.615168000000001 25.79967
9250000 2.297774 25.57135
9256250 2.939071 25.14707
9262500 0.928891 24.86176
9268750 -1.48752 24.80133
9275000 -3.428661 24.87013
9281250 -4.743592 25.00773
9287500 -5.353211 25.17499
9293750 -5.202881 25.32692
9300000 -4.422456 25.40003
9306250 -3.686811 25.3227
9312500 -4.489854 25.11838
9318750 -7.469053 24.99916
9325000 -11.579466 25.11757
9331250 -15.565179 25.5671
9337500 -16.355172 26.31062
9343750 -13.642409 26.85444
9350000 -10.502259 27.1432
9356250 -7.577376 27.30312
9362500 -4.734287 27.36917
9368750 -1.985638 27.30475
9375000 -0.398692999999998 27.04743
9381250 -1.808286 26.79656
9387500 -4.514984 26.85527
9393750 -6.116061 27.15077
9400000 -6.063783 27.50072
9406250 -4.918253 27.79865
9412500 -3.223358 28.02845
9418750 -1.127815 28.1944
9425000 1.514548 28.26974
9431250 4.732233 28.10823
9437500 4.603694 27.50302
9443750 -1.338734 27.3138
9450000 -6.400411 27.71017
9456250 -8.065017 28.3307
9462500 -7.241297 28.81986
9468750 -5.883084 29.14751
9475000 -4.562368 29.3822
9481250 -3.299662 29.55422
9487500 -2.050305 29.65632
9493750 -1.055119 29.64034
9500000 -1.744629 29.49012
9506250 -5.165865 29.52317
9512500 -7.865909 29.93567
9518750 -8.078321 30.40167
9525000 -7.272793 30.76543
9531250 -6.24374 31.07114
9537500 -5.044043 31.36496
9543750 -3.463506 31.6766
9550000 -1.039801 32.03007
9556250 3.326862 32.45566
9562500 14.209126 33.17407
9568750 10.693674 36.0367
9575000 4.245797 36.57514
9581250 2.117254 36.95437
9587500 1.696594 37.27264
9593750 2.377378 37.55269
9600000 4.157742 37.80558
9606250 7.692239 38.02766
9612500 16.542857 38.09164
9618750 14.614744 35.75989
9625000 5.187575 35.88116
9631250 0.522777000000001 36.14966
9637500 -2.370679 36.46202
9643750 -4.05679 36.80216
9650000 -4.609703 37.15243
9656250 -3.912946 37.47918
9662500 -1.721693 37.7057
9668750 1.649555 37.6006
9675000 0.847657999999999 37.09551
9681250 -3.35311 37.04642
9687500 -6.195725 37.28168
9693750 -7.684494 37.58604
9700000 -8.229239 37.89093
9706250 -8.101243 38.17178
9712500 -7.420135 38.41497
9718750 -6.15814 38.59541
9725000 -4.240903 38.63188
9731250 -2.918831 38.31238
9737500 -6.662487 37.84343
9743750 -12.736057 37.72674
9750000 -18.173851 37.63954
9756250 -20.568074 37.27177
9762500 -17.817176 37.0058
9768750 -13.888046 37.04149
9775000 -10.262539 37.18854
9781250 -6.895566 37.35486
9787500 -3.563782 37.49995
9793750 -0.000652999999999793 37.58648
9800000 4.034534 37.53571
9806250 7.735512 37.16077
9812500 7.147551 36.57459
9818750 3.874166 36.33631
9825000 1.023762 36.33273
9831250 -1.176762 36.42101
9837500 -2.885135 36.54904
9843750 -4.211874 36.69356
9850000 -5.226538 36.83668
9856250 -6.024473 36.95207
9862500 -7.009727 36.98289
9868750 -10.811149 36.88782
9875000 -16.237105 38.03533
9881250 -10.746184 38.4486
9887500 -8.674289 38.58182
9893750 -7.391104 38.7251
9900000 -6.250901 38.87954
9906250 -5.032124 39.04019
9912500 -3.570095 39.20446
9918750 -1.609755 39.3696
9925000 1.45625 39.52561
9931250 7.937561 39.59598
9937500 12.754609 37.35436
9943750 -0.204405999999999 37.22472
9950000 -6.393168 37.37007
9956250 -10.321222 37.47665
9962500 -12.119765 37.47628
9968750 -11.326016 37.41979
9975000 -8.486391 37.42356
9981250 -4.502278 37.50893
9987500 0.647252999999999 37.64833
9993750 9.14383 37.85404
10000000 16.678325 34.51138
10006250 4.228534 34.85375
10012500 -1.244735 35.04521
10018750 -5.703188 35.25562
10025000 -10.711266 35.59116
10031250 -15.754837 36.53655
10037500 -10.299828 37.61179
10043750 -3.265259 37.8298
10050000 2.799384 37.57122
10056250 4.21511 36.86164
10062500 0.794779999999999 36.50669
10068750 -2.526006 36.48733
10075000 -5.25144 36.62244
10081250 -7.35402 36.88027
10087500 -8.287226 37.25286
10093750 -7.268155 37.64348
10100000 -4.485522 37.88642
10106250 -0.934856 37.86496
10112500 1.358793 37.50185
10118750 -0.0884929999999997 37.08817
10125000 -3.189909 36.94004
10131250 -6.2428 36.98113
10137500 -9.017721 37.15569
10143750 -11.215487 37.47394
10150000 -11.837003 37.91593
10156250 -10.214602 38.30311
10162500 -7.436242 38.46854
10168750 -5.070184 38.38366
10175000 -4.744501 38.15648
10181250 -6.474054 38.03872
10187500 -8.656866 38.12421
10193750 -10.160005 38.36515
10200000 -10.401999 38.67005
10206250 -9.443648 38.93552
10212500 -7.773006 39.10283
10218750 -5.842099 39.14634
10225000 -4.218515 39.03406
10231250 -4.128574 38.77915
10237500 -6.456632 38.57502
10243750 -10.153215 38.61153
10250000 -13.643672 38.94994
10256250 -14.7478 39.51557
10262500 -13.097524 39.98369
10268750 -10.629577 40.25548
10275000 -8.078437 40.39408
10281250 -5.485201 40.4099
10287500 -3.26423 40.24339
10293750 -3.221557 39.92149
10300000 -5.622234 39.76734
10306250 -7.998858 39.86312
10312500 -9.283253 40.07033
10318750 -9.54703 40.28139
10325000 -9.143878 40.44772
10331250 -8.337687 40.55263
10337500 -7.271047 40.5806
10343750 -6.138574 40.49682
10350000 -5.644319 40.25594
10356250 -7.150474 39.92952
10362500 -10.585789 39.73876
10368750 -14.461267 39.75672
10375000 -17.759687 39.9391
10381250 -19.829521 40.2028
10387500 -20.617381 40.42708
10393750 -20.749052 40.52818
10400000 -20.929425 40.47632
10406250 -21.851139 40.25061
10412500 -24.404744 39.82929
10418750 -29.065041 39.14508
10425000 -32.28291 38.0345
10431250 -30.310807 37.17712
10437500 -28.203589 36.72761
10443750 -26.74121 36.39214
10450000 -25.45564 36.0469
10456250 -23.92473 35.63604
10462500 -22.007259 35.14314
10468750 -20.178365 34.59166
10475000 -19.250517 34.05866
10481250 -19.380387 33.63385
10487500 -20.176337 33.33026
10493750 -21.47689 33.10166
10500000 -23.603506 32.87872
10506250 -27.801544 32.49059
10512500 -31.270188 30.90141
10518750 -20.806259 29.85571
10525000 -14.126194 29.35257
10531250 -10.673385 28.88358
10537500 -9.530327 28.53307
10543750 -9.326792 28.33154
10550000 -9.314099 28.23138
10556250 -9.251817 28.1893
10562500 -9.064995 28.17705
10568750 -8.718618 28.17133
10575000 -8.229909 28.14125
10581250 -7.900957 28.04141
10587500 -8.690008 27.88101
10593750 -10.840635 27.8242
10600000 -12.971281 27.9208
10606250 -14.594634 28.06927
10612500 -16.112548 28.21173
10618750 -18.128734 28.34132
10625000 -21.831029 28.49339
10631250 -32.174716 29.32688
10637500 -19.913744 31.03238
10643750 -11.594959 30.88898
10650000 -8.139626 30.51668
10656250 -7.911363 30.26139
10662500 -8.619232 30.19427
10668750 -9.307293 30.24393
10675000 -9.71736 30.3615
10681250 -9.713962 30.51811
10687500 -9.169702 30.68578
10693750 -8.006124 30.8254
10700000 -6.325518 30.88096
10706250 -4.709223 30.79068
10712500 -4.396867 30.57727
10718750 -5.794345 30.41513
10725000 -7.82771 30.3971
10731250 -9.72594 30.49241
10737500 -11.225882 30.66163
10743750 -12.202472 30.87555
10750000 -12.584905 31.10288
10756250 -12.445104 31.3064
10762500 -12.108006 31.45846
10768750 -12.045641 31.57899
10775000 -12.227811 31.73652
10781250 -12.042806 31.93933
10787500 -11.30263 32.13238
10793750 -10.217653 32.28554
10800000 -8.955695 32.39453
10806250 -7.575412 32.45679
10812500 -6.090297 32.45842
10818750 -4.592272 32.36143
10825000 -3.679288 32.09644
10831250 -5.165213 31.67523
10837500 -10.223334 31.35904
10843750 -19.253097 31.36057
10850000 -27.052352 33.44161
10856250 -17.225564 33.95046
10862500 -13.13995 34.06127
10868750 -10.461062 34.13784
10875000 -8.194313 34.19107
10881250 -5.967503 34.18516
10887500 -4.103211 34.0455
10893750 -4.056255 33.81361
10900000 -5.5245 33.72688
10906250 -6.755725 33.78035
10912500 -7.4018 33.86644
10918750 -7.6666 33.93461
10925000 -7.721597 33.96593
10931250 -7.657092 33.94696
10937500 -7.539654 33.858
10943750 -7.523331 33.66747
10950000 -8.071969 33.34386
10956250 -9.992061 32.92245
10962500 -13.464284 32.54438
10968750 -17.674351 32.33558
10975000 -21.574729 32.4079
10981250 -22.652412 32.80982
10987500 -19.670368 33.13392
10993750 -15.582777 33.21213
11000000 -11.523364 33.13774
11006250 -7.725889 32.91499
11012500 -5.143513 32.50674
11018750 -5.245146 32.06192
11025000 -7.112018 31.81148
11031250 -9.257507 31.74949
11037500 -11.232914 31.82087
11043750 -12.86424 32.01159
11050000 -13.712382 32.32876
11056250 -12.880477 32.73179
11062500 -9.745169 33.06787
11068750 -4.550934 33.11892
11075000 -0.556492000000002 32.52099
11081250 -3.767431 32.02046
11087500 -7.104057 32.0164
11093750 -9.218482 32.17094
11100000 -10.41651 32.38596
11106250 -10.825234 32.62616
11112500 -10.43451 32.86538
11118750 -9.105163 33.06678
11125000 -6.52379 33.12995
11131250 -4.078406 32.69924
11137500 -9.370475 32.20454
11143750 -16.053157 32.45145
11150000 -20.51424 33.12656
11156250 -21.281554 33.9771
11162500 -19.179766 34.70494
11168750 -15.736309 35.2771
11175000 -11.320295 35.72097
11181250 -5.777767 36.02038
11187500 1.520944 36.02458
11193750 6.249204 35.15881
11200000 1.886693 34.74374
11206250 -1.100692 34.84536
11212500 -2.827682 35.07592
11218750 -3.777862 35.37307
11225000 -3.96246 35.72674
11231250 -3.028862 36.12058
11237500 -0.340719 36.49036
11243750 5.030237 36.63948
11250000 9.602562 35.81243
11256250 3.268668 35.35895
11262500 -1.314227 35.50453
11268750 -4.545423 35.78141
11275000 -7.058851 36.14766
11281250 -8.702802 36.62078
11287500 -8.736235 37.16726
11293750 -6.903839 37.65524
11300000 -3.897522 37.99689
11306250 -0.189410000000002 38.17712
11312500 4.106107 38.12456
11318750 7.01759 37.64954
11325000 4.651974 37.17459
11331250 1.036791 37.10453
11337500 -1.876148 37.23448
11343750 -4.064268 37.46699
11350000 -5.49774 37.76589
11356250 -6.05391 38.09631
11362500 -5.698591 38.41126
11368750 -4.548607 38.66483
11375000 -2.708608 38.81024
11381250 -0.245578999999999 38.73354
11387500 0.412436000000003 38.13255
11393750 -7.263669 37.47339
11400000 -24.118559 36.79343
11406250 -16.578667 34.57056
11412500 -11.444951 34.54473
11418750 -8.927888 34.61238
11425000 -7.200494 34.69525
11431250 -5.69956 34.76877
11437500 -4.075226 34.8056
11443750 -1.99469 34.73869
11450000 0.140166999999998 34.36106
11456250 -2.543396 33.66352
11462500 -9.254412 33.42708
11468750 -15.659019 33.5651
11475000 -21.05803 33.93884
11481250 -24.643868 34.42715
11487500 -26.931735 34.7885
11493750 -30.314211 34.76874
11500000 -28.918701 33.3777
11506250 -12.891932 32.19693
11512500 -14.813002 30.87514
11518750 -18.106468 30.92886
11525000 -18.988179 31.21749
11531250 -18.244724 31.5382
11537500 -16.420159 31.80148
11543750 -13.982963 31.97749
11550000 -11.132917 32.05358
11556250 -7.937509 31.98307
11562500 -5.203566 31.6415
11568750 -6.047756 31.10161
11575000 -10.133345 30.84574
11581250 -14.796388 30.92019
11587500 -19.086103 31.35061
11593750 -19.649031 32.11072
11600000 -16.223778 32.61199
11606250 -12.393069 32.81683
11612500 -8.666374 32.85094
11618750 -5.024944 32.69234
11625000 -2.889179 32.26248
11631250 -4.343571 31.84078
11637500 -7.064701 31.71208
11643750 -9.195993 31.77345
11650000 -10.360681 31.91836
11656250 -10.52939 32.0734
11662500 -9.844377 32.18039
11668750 -8.547187 32.1919
11675000 -7.015267 32.05663
11681250 -6.165373 31.73211
11687500 -7.309016 31.31361
11693750 -10.118131 30.99482
11700000 -13.381894 30.80529
11706250 -16.64247 30.70058
11712500 -19.892993 30.66543
11718750 -23.187471 30.73725
11725000 -25.940556 31.0287
11731250 -25.500623 31.50903
11737500 -21.879686 31.73138
11743750 -18.298109 31.62441
11750000 -16.411527 31.33391
11756250 -16.727092 31.0644
11762500 -18.392645 30.96843
11768750 -20.335348 31.09746
11775000 -21.131888 31.45836
11781250 -19.374651 31.86334
11787500 -16.054626 32.09152
11793750 -12.485246 32.13922
11800000 -9.159587 32.03254
11806250 -6.636369 31.77417
11812500 -5.747985 31.43191
11818750 -6.441775 31.15064
11825000 -7.785808 30.98597
11831250 -9.178718 30.90845
11837500 -10.41635 30.8821
11843750 -11.426512 30.879
11850000 -12.168591 30.8684
11856250 -12.707576 30.7986
11862500 -13.636978 30.58905
11868750 -16.593135 30.22621
11875000 -22.72152 29.80438
11881250 -30.777522 28.8057
11887500 -26.385386 27.62742
11893750 -21.488347 27.37484
11900000 -18.122788 27.28307
11906250 -15.40706 27.1988
11912500 -13.130177 27.0579
11918750 -11.680345 26.81709
11925000 -11.936284 26.52258
11931250 -13.903557 26.32755
11937500 -16.499621 26.29753
11943750 -18.930061 26.39159
11950000 -20.909362 26.53793
11956250 -22.60074 26.64708
11962500 -24.635971 26.58333
11968750 -26.748793 25.94151
11975000 -20.322247 24.80881
11981250 -11.579871 24.06651
11987500 -7.991193 23.29519
11993750 -8.431959 22.88861
12000000 -9.238929 22.76271
12006250 -9.843527 22.75637
12012500 -10.313762 22.81204
12018750 -10.71738 22.91461
12025000 -11.023909 23.06983
12031250 -10.934725 23.29228
12037500 -9.692389 23.54283
12043750 -7.308747 23.63865
12050000 -5.887558 23.53638
12056250 -5.985257 23.44929
12062500 -6.578981 23.44514
12068750 -7.196503 23.49355
12075000 -7.745557 23.57016
12081250 -8.215558 23.66269
12087500 -8.596814 23.7635
12093750 -8.873959 23.86279
12100000 -9.099014 23.94211
12106250 -9.601933 23.98856
12112500 -10.754912 24.05561
12118750 -12.148204 24.20737
12125000 -13.29159 24.43172
12131250 -14.016634 24.71034
12137500 -14.105046 25.0347
12143750 -13.220477 25.37457
12150000 -11.174605 25.66176
12156250 -8.169238 25.80588
12162500 -5.101588 25.70339
12168750 -4.244704 25.39251
12175000 -5.891844 25.21498
12181250 -7.82011 25.24932
12187500 -9.162017 25.39995
12193750 -9.772001 25.60052
12200000 -9.66016 25.80467
12206250 -8.935051 25.97248
12212500 -7.828739 26.06683
12218750 -6.819234 26.05618
12225000 -6.767989 25.95907
12231250 -8.170175 25.90841
12237500 -10.150584 26.03256
12243750 -11.375208 26.32049
12250000 -11.160018 26.65857
12256250 -9.764452 26.94141
12262500 -7.668869 27.13386
12268750 -5.072239 27.21922
12275000 -2.157648 27.13411
12281250 -0.378838999999999 26.78164
12287500 -2.022882 26.41476
12293750 -4.928889 26.3352
12300000 -7.171488 26.4364
12306250 -8.462232 26.60008
12312500 -8.911988 26.75253
12318750 -8.729136 26.84049
12325000 -8.146387 26.80926
12331250 -7.590109 26.57252
12337500 -8.312575 26.03752
12343750 -11.313722 25.3135
12350000 -13.934391 24.62393
12356250 -14.295484 24.16433
12362500 -13.605406 23.97089
12368750 -12.683383 23.94719
12375000 -11.601352 24.02209
12381250 -10.166744 24.15061
12387500 -8.093012 24.28058
12393750 -5.249519 24.314
12400000 -2.663584 24.10324
12406250 -2.989337 23.76826
12412500 -5.266492 23.65662
12418750 -7.519668 23.73407
12425000 -9.460495 23.92054
12431250 -11.081185 24.20712
12437500 -11.957687 24.61715
12443750 -11.02394 25.10099
12450000 -8.043447 25.45939
12456250 -4.451097 25.55864
12462500 -2.039246 25.43108
12468750 -1.701238 25.27837
12475000 -2.407673 25.2571799999999
12481250 -3.089443 25.35763
12487500 -3.304723 25.53554
