   5.1292166e+01
   5.3358024e+01
   5.2486867e+01
   4.8546512e+01
   4.5949658e+01
   4.4434341e+01
   4.7017164e+01
   5.3720448e+01
   6.3037500e+01
   7.4024093e+01
   8.2873017e+01
   8.8857620e+01
   9.0767106e+01
   8.7198030e+01
   7.9106361e+01
   6.6889549e+01
   5.4330744e+01
   4.7348337e+01
   5.1754500e+01
   6.5817601e+01
   8.2428404e+01
   9.7136182e+01
   1.1032009e+02
   1.2420250e+02
   1.4586772e+02
   1.8348687e+02
   2.3948057e+02
   3.1371996e+02
   4.0347403e+02
   5.0355412e+02
   6.1022889e+02
   7.1791290e+02
   8.2189536e+02
   9.1876994e+02
   1.0035927e+03
   1.0733119e+03
   1.1276533e+03
   1.1679883e+03
   1.1949770e+03
   1.2114050e+03
   1.2225912e+03
   1.2320008e+03
   1.2432096e+03
   1.2587446e+03
   1.2777373e+03
   1.2975198e+03
   1.3140129e+03
   1.3228602e+03
   1.3197864e+03
   1.3007056e+03
   1.2633191e+03
   1.2076779e+03
   1.1349305e+03
   1.0472457e+03
   9.4883494e+02
   8.4417810e+02
   7.3823621e+02
   6.3672526e+02
   5.4427330e+02
   4.6483988e+02
   4.0060057e+02
   3.5078291e+02
   3.1240974e+02
   2.8099193e+02
   2.5216262e+02
   2.2299239e+02
   1.9275734e+02
   1.6264357e+02
   1.3465656e+02
   1.1213607e+02
   9.8620652e+01
   9.4642156e+01
   9.6659988e+01
   9.9757867e+01
   1.0082870e+02
   9.8728132e+01
   9.3452298e+01
   8.6660857e+01
   8.0517672e+01
   7.7040259e+01
   7.7609730e+01
   8.1266811e+01
   8.5943326e+01
   8.9922018e+01
   9.1590904e+01
   9.0479142e+01
   8.6577985e+01
   8.0184965e+01
   7.2339465e+01
   6.4081883e+01
   5.6881634e+01
   5.1777298e+01
   4.9192864e+01
   4.8889885e+01
   4.9868664e+01
   5.1552382e+01
   5.2799890e+01
   5.3182073e+01
   5.3345173e+01
   5.2507501e+01
   5.1046613e+01
   4.9192758e+01
   4.6869559e+01
   4.5037953e+01
   4.3868892e+01
   4.4051184e+01
   4.6001418e+01
   4.9153959e+01
   5.3212225e+01
   5.7334542e+01
   6.0590394e+01
   6.2716345e+01
   6.3331091e+01
   6.2184495e+01
   5.9587470e+01
   5.5935143e+01
   5.1575188e+01
   4.7343292e+01
   4.3723163e+01
   4.0692308e+01
   3.8266330e+01
   3.5848575e+01
   3.2786829e+01
   2.8811474e+01
   2.3634321e+01
   1.7429921e+01
   1.0897444e+01
   6.6776137e+00
   9.8312057e+00
   1.5921001e+01
   2.1569975e+01
   2.5730032e+01
   2.7800402e+01
   2.7780517e+01
   2.5512778e+01
   2.1402778e+01
   1.5603795e+01
   8.5542025e+00
   2.6092476e+00
   7.1884083e+00
   1.3957097e+01
   1.9502866e+01
   2.3607879e+01
   2.5683972e+01
   2.6065779e+01
   2.4713151e+01
   2.2133525e+01
   1.9535217e+01
   1.7938325e+01
   1.8760208e+01
   2.1839098e+01
   2.5637540e+01
   2.9483080e+01
   3.2431686e+01
   3.3752857e+01
   3.3871307e+01
   3.2695174e+01
   3.0580853e+01
   2.8286140e+01
   2.6520619e+01
   2.6109730e+01
   2.7126497e+01
   2.9123576e+01
   3.1451677e+01
   3.3379642e+01
   3.4553727e+01
   3.4623608e+01
   3.3570752e+01
   3.1548191e+01
   2.8765235e+01
   2.5837572e+01
   2.3151927e+01
   2.1284519e+01
   2.0635186e+01
   2.0963736e+01
   2.2142232e+01
   2.3684565e+01
   2.4904489e+01
   2.5698497e+01
   2.5763922e+01
   2.5071502e+01
   2.3730356e+01
   2.1842935e+01
   1.9720734e+01
   1.7379646e+01
   1.5472909e+01
   1.4511497e+01
   1.4431901e+01
   1.5393223e+01
   1.6926245e+01
   1.8353401e+01
   1.9583664e+01
   2.0050083e+01
   1.9846007e+01
   1.9111137e+01
   1.7470297e+01
   1.5432075e+01
   1.3137766e+01
   1.0819382e+01
   9.0080362e+00
   8.0568431e+00
   8.2954233e+00
   9.3020409e+00
   1.0400089e+01
   1.1312833e+01
   1.1883823e+01
   1.2366017e+01
   1.2475302e+01
   1.2168807e+01
   1.1700527e+01
   1.1055528e+01
   1.0357112e+01
   9.3293479e+00
   8.4631290e+00
   8.0383261e+00
   8.1656469e+00
   9.3306293e+00
   1.1215809e+01
   1.3343738e+01
   1.5542975e+01
   1.7301833e+01
   1.8600315e+01
   1.9349562e+01
   1.9369682e+01
   1.8679833e+01
   1.7280529e+01
   1.5648482e+01
   1.4126158e+01
   1.3037109e+01
   1.2760523e+01
   1.3216064e+01
   1.4151165e+01
   1.5242075e+01
   1.6024142e+01
   1.6231589e+01
   1.5885131e+01
   1.4976777e+01
   1.3432189e+01
   1.1600701e+01
   9.7319260e+00
   8.0518928e+00
   7.1860574e+00
   7.2548645e+00
   7.8331230e+00
   8.6269342e+00
   9.2421508e+00
   9.4456041e+00
   9.2160971e+00
   8.4863942e+00
   7.4801903e+00
   6.1652197e+00
   4.7665115e+00
   3.5072603e+00
   2.1638228e+00
   9.4886500e-01
   9.9357174e-02
   7.5640170e-01
   1.4564497e+00
   2.0649438e+00
   2.8788032e+00
   3.6950623e+00
   4.3743772e+00
   5.0140119e+00
   5.5439182e+00
   5.8323742e+00
   5.8187510e+00
   5.5396460e+00
   4.9114250e+00
   4.0401361e+00
   2.9619827e+00
   1.7922434e+00
   1.1065761e+00
   1.7622153e+00
   2.9912414e+00
   4.1903057e+00
   5.1234440e+00
   5.8663792e+00
   6.3340269e+00
   6.5526859e+00
   6.4269736e+00
   5.9164515e+00
   5.2748775e+00
   4.3221046e+00
   3.2074233e+00
   2.1925170e+00
   1.7662205e+00
   2.4282156e+00
   3.5934466e+00
   4.7563633e+00
   5.7630148e+00
   6.4109096e+00
   6.8410091e+00
   6.9211440e+00
   6.5982473e+00
   6.0154064e+00
   5.0451790e+00
   3.9746488e+00
   2.8630500e+00
   1.9886572e+00
   2.0460497e+00
   2.8860424e+00
   3.8551325e+00
   4.7171909e+00
   5.2734547e+00
   5.5457016e+00
   5.6593490e+00
   5.4885152e+00
   4.8269978e+00
   4.1420586e+00
   3.4407333e+00
   2.4561386e+00
   1.5547706e+00
   6.6492799e-01
   4.0870935e-01
   1.2420618e+00
   2.1231890e+00
   2.8722850e+00
   3.5994823e+00
   4.1553307e+00
   4.6819129e+00
   4.8953260e+00
   4.9031924e+00
   4.8151995e+00
   4.3789378e+00
   3.7377142e+00
   2.9223110e+00
   1.9171328e+00
   8.9362129e-01
   7.4346182e-01
   1.8491619e+00
   2.8829449e+00
   3.8593490e+00
   4.5339326e+00
   4.9883809e+00
   5.2975329e+00
   5.0719484e+00
   4.6466181e+00
   4.0962384e+00
   3.2235602e+00
   2.2273401e+00
   1.2338501e+00
   6.1921147e-01
   1.3051374e+00
   2.2079851e+00
   3.0366151e+00
   3.6920204e+00
   4.1899530e+00
   4.5767684e+00
   4.6418371e+00
   4.5575560e+00
   4.2676626e+00
   3.7334067e+00
   3.1619846e+00
   2.3260715e+00
   1.3809433e+00
   6.5930118e-01
   9.2906944e-01
   1.8069058e+00
   2.6785099e+00
   3.4320177e+00
   4.0977866e+00
   4.4719471e+00
   4.6454857e+00
   4.6285110e+00
   4.2863042e+00
   3.8378190e+00
   3.2027496e+00
   2.3311458e+00
   1.4251356e+00
   6.3039799e-01
   7.3523828e-01
   1.5075300e+00
   2.3088352e+00
   2.9992700e+00
   3.4003896e+00
   3.7900365e+00
   3.9155558e+00
   3.9304593e+00
   3.8332868e+00
   3.4133916e+00
   2.9651052e+00
   2.3083479e+00
   1.5687588e+00
   8.4164041e-01
   6.1536362e-02
   7.8824685e-01
   1.6081801e+00
   2.3833347e+00
   2.9724621e+00
   3.4931007e+00
   3.9814794e+00
   4.1161866e+00
   3.9963733e+00
   3.7180695e+00
   3.3425582e+00
   2.7503004e+00
   1.7857372e+00
   9.6059321e-01
   7.2796026e-01
   1.4768001e+00
   2.3238919e+00
   3.1061271e+00
   3.7806475e+00
   4.3383062e+00
   4.6232575e+00
   4.6926306e+00
   4.6395181e+00
   4.2278834e+00
   3.6406923e+00
   2.9413984e+00
   2.1233980e+00
   1.4729689e+00
   1.2471981e+00
   1.6551146e+00
   2.3062849e+00
   2.8835621e+00
   3.4887838e+00
   3.9384250e+00
   4.1059398e+00
   4.2562289e+00
   4.1445090e+00
   3.7790447e+00
   3.3238546e+00
   2.6823059e+00
   1.9193710e+00
   1.3365594e+00
   1.3800475e+00
   1.9772989e+00
   2.7194731e+00
   3.4935987e+00
   4.0871543e+00
   4.4904652e+00
   4.6839615e+00
   4.6522580e+00
   4.4300386e+00
   3.9138961e+00
   3.2971455e+00
   2.5336138e+00
   1.7668555e+00
   1.4353872e+00
   1.7380835e+00
   2.3634688e+00
   3.0494832e+00
   3.6048478e+00
   4.0294632e+00
   4.2293365e+00
   4.2558718e+00
   4.0920798e+00
   3.6845980e+00
   3.1333084e+00
   2.3134302e+00
   1.5946429e+00
   1.0483379e+00
   9.7017124e-01
   1.4895120e+00
   2.1907546e+00
   2.7203523e+00
   3.1390341e+00
   3.4680995e+00
   3.5646044e+00
   3.4564510e+00
   3.2427567e+00
   2.8880609e+00
   2.2920626e+00
   1.6822398e+00
   9.9515535e-01
   3.4439425e-01
   6.6330563e-01
   1.3528634e+00
   1.8962634e+00
   2.3878556e+00
   2.7708499e+00
   3.0435515e+00
   3.1350806e+00
   3.0126961e+00
   2.7083533e+00
   2.2826743e+00
   1.8935654e+00
   1.2758745e+00
   5.9009907e-01
   2.4746316e-01
   6.4024476e-01
   1.1908187e+00
   1.6394738e+00
   2.0492979e+00
   2.3567783e+00
   2.5012453e+00
   2.5471288e+00
   2.4614546e+00
   2.2935710e+00
   2.0426301e+00
   1.6963035e+00
   1.3438791e+00
   9.5522999e-01
   7.5109722e-01
   8.3274491e-01
   9.1959345e-01
   1.2259191e+00
   1.5885187e+00
   1.8070047e+00
   1.9240652e+00
   1.9507399e+00
   2.0431784e+00
   1.9726077e+00
   1.8135736e+00
   1.6280277e+00
   1.3905398e+00
   1.2204054e+00
   1.0661641e+00
   1.0495217e+00
   1.0176915e+00
   1.1723255e+00
   1.3580801e+00
   1.3804932e+00
   1.4188725e+00
   1.4859448e+00
   1.5018028e+00
   1.5521243e+00
   1.5697518e+00
   1.5640395e+00
   1.6106789e+00
   1.6044076e+00
   1.5401075e+00
   1.5405001e+00
   1.4317166e+00
   1.2360067e+00
   1.0495397e+00
   8.4393820e-01
   7.5368012e-01
   8.8456208e-01
   1.1342835e+00
   1.4025804e+00
   1.8044538e+00
   2.1130206e+00
   2.2435311e+00
   2.3192664e+00
   2.4269682e+00
   2.2550477e+00
   1.8771603e+00
   1.5172686e+00
   9.6412274e-01
   4.0540144e-01
   2.5980131e-01
   9.3745872e-01
   1.4868223e+00
   2.0042805e+00
   2.4404269e+00
   2.7954108e+00
   2.9731565e+00
   2.9778185e+00
   2.9027878e+00
   2.5876659e+00
   2.1327860e+00
   1.6555532e+00
   1.1860970e+00
   9.7541590e-01
   1.2502751e+00
   1.7921797e+00
   2.3862373e+00
   2.9178923e+00
   3.2463395e+00
   3.3900444e+00
   3.5082081e+00
   3.3498185e+00
   3.0054428e+00
   2.6492947e+00
   2.0882998e+00
   1.5893475e+00
   1.3532642e+00
   1.4569759e+00
   1.8675451e+00
   2.4864493e+00
   3.0504042e+00
   3.4782464e+00
   3.7604504e+00
   3.8283621e+00
   3.7713687e+00
   3.5084523e+00
   3.1156098e+00
   2.7373940e+00
   2.1882946e+00
   1.5861168e+00
   1.2936447e+00
   1.5105713e+00
   2.0826374e+00
   2.6373184e+00
   3.0764933e+00
   3.4995569e+00
   3.6576676e+00
   3.6826270e+00
   3.5918198e+00
   3.2488531e+00
   2.8931570e+00
   2.3883986e+00
   1.8128937e+00
   1.4620734e+00
   1.4806903e+00
   1.8612794e+00
   2.3776980e+00
   2.8674939e+00
   3.3582293e+00
   3.6601845e+00
   3.7508477e+00
   3.7609050e+00
   3.5612113e+00
   3.2020706e+00
   2.7106790e+00
   2.1335126e+00
   1.6485296e+00
   1.2743818e+00
   1.2408080e+00
   1.6178720e+00
   2.1177699e+00
   2.5673194e+00
   3.0167475e+00
   3.1866287e+00
   3.2104399e+00
   3.2562079e+00
   3.0202217e+00
   2.6391082e+00
   2.2324105e+00
   1.7078374e+00
   1.1253728e+00
   7.8217856e-01
   9.7907312e-01
   1.3931608e+00
   1.8250114e+00
   2.3271703e+00
   2.6414902e+00
   2.8877343e+00
   2.9884104e+00
   2.8806666e+00
   2.6812288e+00
   2.2722904e+00
   1.8405626e+00
   1.3682244e+00
   8.8278879e-01
   6.6008349e-01
   9.1259702e-01
   1.3056719e+00
   1.8306897e+00
   2.2556819e+00
   2.5168586e+00
   2.7414213e+00
   2.6892796e+00
   2.5746477e+00
   2.3723792e+00
   1.9707700e+00
   1.5828984e+00
   1.0494975e+00
   5.1441945e-01
   3.7526250e-01
   7.8538505e-01
   1.2568243e+00
   1.6726731e+00
   1.9486130e+00
   2.1791119e+00
   2.2390620e+00
   2.1995798e+00
   1.9992788e+00
   1.6259896e+00
   1.2877009e+00
   8.7789959e-01
   4.3572252e-01
   1.5258499e-01
   5.8489969e-01
   9.1145272e-01
   1.2579273e+00
   1.5357531e+00
   1.6979783e+00
   1.7541041e+00
   1.7346690e+00
   1.6062071e+00
   1.3583852e+00
   1.1517343e+00
   1.0260143e+00
   7.4274945e-01
   6.7967904e-01
   7.3875044e-01
   9.7273854e-01
   1.1137714e+00
   1.1182779e+00
   1.0982357e+00
   1.0770818e+00
   9.9216141e-01
   1.0023631e+00
   9.4358296e-01
   8.9960919e-01
   1.0925890e+00
   1.2210117e+00
   1.4413370e+00
   1.4733667e+00
   1.4922401e+00
   1.3709595e+00
   1.2270674e+00
   9.9269414e-01
   6.5774243e-01
   2.2531653e-01
   3.4470254e-01
   7.1436109e-01
   1.1513877e+00
   1.4966011e+00
   1.8277308e+00
   2.0692098e+00
   2.2149718e+00
   2.2673112e+00
   2.0659977e+00
   1.8537892e+00
   1.4393134e+00
   1.0397868e+00
   6.3908261e-01
   3.9253390e-01
   7.4356644e-01
   1.2844709e+00
   1.7319977e+00
   2.1006226e+00
   2.4004251e+00
   2.5881631e+00
   2.5531066e+00
   2.3803398e+00
   2.2053937e+00
   1.8213414e+00
   1.3824372e+00
   9.9027140e-01
   7.1698371e-01
   8.4787612e-01
   1.2602123e+00
   1.6988606e+00
   2.0590308e+00
   2.3605889e+00
   2.5450246e+00
   2.6360428e+00
   2.5872994e+00
   2.3642709e+00
   2.0874798e+00
   1.6621236e+00
   1.2482767e+00
   8.8665711e-01
   6.7542415e-01
   8.9876431e-01
   1.3697120e+00
   1.7887957e+00
   2.1283909e+00
   2.3926682e+00
   2.6474397e+00
   2.6464577e+00
   2.4541116e+00
   2.2843222e+00
   1.8885928e+00
   1.4688833e+00
   1.0562326e+00
   7.4094337e-01
   8.4534305e-01
   1.2112044e+00
   1.6580692e+00
   2.1519639e+00
   2.4229226e+00
   2.6597022e+00
   2.7696703e+00
   2.6936152e+00
   2.6093512e+00
   2.3591567e+00
   2.0157730e+00
   1.5534075e+00
   1.0915290e+00
   8.7295212e-01
   9.8660318e-01
   1.3407761e+00
   1.7697472e+00
   2.1232069e+00
   2.4085309e+00
   2.6311852e+00
   2.7190056e+00
   2.6578799e+00
   2.5003775e+00
   2.2528752e+00
   1.8696885e+00
   1.4634290e+00
   1.1155293e+00
   9.6569503e-01
   1.1618776e+00
   1.5112770e+00
   1.8597967e+00
   2.2760537e+00
   2.5147892e+00
   2.5866733e+00
   2.6484652e+00
   2.4762192e+00
   2.2142169e+00
   1.9239333e+00
   1.4942952e+00
   1.0719115e+00
   6.9247306e-01
   5.9999223e-01
   8.8997917e-01
   1.3375746e+00
   1.6764376e+00
   1.8706166e+00
   2.0797875e+00
   2.1136482e+00
   1.9619044e+00
   1.7648808e+00
   1.4817900e+00
   1.0856280e+00
   6.4424825e-01
   2.7841007e-01
   2.8446492e-01
   7.0666091e-01
   1.0845218e+00
   1.3360331e+00
   1.4912549e+00
   1.6545168e+00
   1.6788111e+00
   1.6061867e+00
   1.5187509e+00
   1.2779180e+00
   9.4671403e-01
   6.4860000e-01
   2.7881516e-01
   2.5372563e-01
   5.0138608e-01
   7.4754909e-01
   9.9611827e-01
   1.1797938e+00
   1.2573463e+00
   1.3307295e+00
   1.2545442e+00
   1.0795870e+00
   9.3196428e-01
   6.9448172e-01
   4.7335058e-01
   3.0712344e-01
   4.5063030e-01
   6.7185751e-01
   9.3323202e-01
   1.0495249e+00
   1.1578354e+00
   1.2406700e+00
   1.1938117e+00
   1.0668017e+00
   9.9970816e-01
   7.5086132e-01
   5.2236301e-01
   5.4634125e-01
   6.3729284e-01
   8.1997123e-01
   9.5099689e-01
   1.0420233e+00
   1.1009104e+00
   1.1379533e+00
   1.0331704e+00
   8.5276630e-01
   6.4368696e-01
   4.4004619e-01
   2.7849683e-01
   4.7809503e-01
   8.0661913e-01
   1.1145156e+00
   1.2405899e+00
   1.4945288e+00
   1.6007670e+00
   1.5415539e+00
   1.5790587e+00
   1.3974782e+00
   1.0904290e+00
   8.3504230e-01
   4.7702319e-01
   1.3897490e-01
   3.2832592e-01
   7.8176424e-01
   1.0866896e+00
   1.3709948e+00
   1.6569521e+00
   1.7867384e+00
   1.7871490e+00
   1.7379811e+00
   1.6258540e+00
   1.3858901e+00
   1.1441215e+00
   8.0184773e-01
   4.4262484e-01
   4.1502680e-01
   7.1848783e-01
   1.0743072e+00
   1.4935544e+00
   1.7418822e+00
   1.9554388e+00
   2.0639126e+00
   2.0105513e+00
   1.9291082e+00
   1.6995272e+00
   1.4066472e+00
   1.0243413e+00
   6.6755842e-01
   5.7007728e-01
   7.8504128e-01
   1.0767180e+00
   1.4442892e+00
   1.7766895e+00
   1.9675549e+00
   2.1349253e+00
   2.0952511e+00
   1.9246669e+00
   1.7989554e+00
   1.5173161e+00
   1.2059073e+00
   8.3012667e-01
   5.0072337e-01
   5.8094563e-01
   9.4332346e-01
   1.3046898e+00
   1.6483320e+00
   1.8094888e+00
   1.9958718e+00
   2.1092381e+00
   2.0159073e+00
   1.9504972e+00
   1.6941539e+00
   1.4100151e+00
   1.1332339e+00
   8.1591882e-01
   6.8447865e-01
   8.3119527e-01
   1.1569677e+00
   1.5378535e+00
   1.7570159e+00
   2.0293737e+00
   2.2140333e+00
   2.2047431e+00
   2.1538593e+00
   1.9765161e+00
   1.7736554e+00
   1.4544981e+00
   1.0489520e+00
   7.7838227e-01
   7.2616538e-01
   8.9940494e-01
   1.1909072e+00
   1.5569409e+00
   1.8305620e+00
   2.0076875e+00
   2.1480399e+00
   2.1350100e+00
   2.0032024e+00
   1.7828638e+00
   1.4969229e+00
   1.1845200e+00
   8.4553286e-01
   5.9104919e-01
   6.0537162e-01
   8.8391253e-01
   1.1698390e+00
   1.4166877e+00
   1.6912920e+00
   1.8079561e+00
   1.8274663e+00
   1.8073750e+00
   1.6657940e+00
   1.4636040e+00
   1.2019427e+00
   9.4617699e-01
   5.9279070e-01
   2.6761438e-01
   3.5381153e-01
   6.6258074e-01
   9.4195735e-01
   1.2132744e+00
   1.4123418e+00
   1.4684337e+00
   1.4778905e+00
   1.4206202e+00
   1.2598508e+00
   1.0678666e+00
   8.3899753e-01
   5.3299851e-01
   2.4259710e-01
   2.3492613e-01
   4.3198074e-01
   6.7102286e-01
   8.5916148e-01
   9.7717961e-01
   1.1099046e+00
   1.1309618e+00
   1.0295737e+00
   8.9617256e-01
   7.4424998e-01
   6.1671350e-01
   4.8508749e-01
   5.0221123e-01
   5.7674250e-01
   6.5121770e-01
   7.3720721e-01
   8.1864392e-01
   8.2875695e-01
   7.9428358e-01
   7.6524665e-01
   6.5656636e-01
   6.3699217e-01
   5.0403325e-01
   6.5828957e-01
   7.3640339e-01
   8.1200236e-01
   9.1074783e-01
   9.5825783e-01
   1.0347678e+00
   9.2497124e-01
   8.6236102e-01
   6.9088958e-01
   5.0650491e-01
   3.0040035e-01
   2.5266939e-01
   4.2214328e-01
   6.5531972e-01
   8.6973625e-01
   1.0670229e+00
   1.1685016e+00
   1.2838155e+00
   1.3825869e+00
   1.2471042e+00
   1.0290203e+00
   8.6165547e-01
   6.4787808e-01
   2.5932635e-01
   7.8373621e-02
   3.0603266e-01
   6.4290221e-01
   9.2900064e-01
   1.2192104e+00
   1.3944023e+00
   1.5037986e+00
   1.4857141e+00
   1.4588152e+00
   1.3725200e+00
   1.1066795e+00
   8.6252198e-01
   5.5581727e-01
   2.9571061e-01
   3.4422894e-01
   6.3843260e-01
   9.8495735e-01
   1.2412792e+00
   1.4079883e+00
   1.6561656e+00
   1.6883573e+00
   1.7058355e+00
   1.6260635e+00
   1.3489509e+00
   1.1340060e+00
   8.5692067e-01
   6.2308089e-01
   5.4609102e-01
   6.8548047e-01
   1.0120800e+00
   1.3279165e+00
   1.5656191e+00
   1.7881780e+00
   1.8493543e+00
   1.9084268e+00
   1.8423152e+00
   1.6851027e+00
   1.4970759e+00
   1.1807995e+00
   9.0728671e-01
   7.2015922e-01
   7.6659659e-01
   1.0674206e+00
   1.3347126e+00
   1.5619062e+00
   1.8458307e+00
   2.0090718e+00
   2.0800026e+00
   2.0290424e+00
   1.8925505e+00
   1.7293220e+00
   1.4767057e+00
   1.1507776e+00
   8.5343163e-01
   7.1188567e-01
   7.9884427e-01
   1.0680820e+00
   1.4111497e+00
   1.6734529e+00
   1.8467986e+00
   1.9557434e+00
   1.9528412e+00
   1.8797504e+00
   1.7486137e+00
   1.4813362e+00
   1.1492762e+00
   8.4632394e-01
   6.0093869e-01
   5.7051761e-01
   7.7653763e-01
   1.0512904e+00
   1.3059446e+00
   1.4695795e+00
   1.6142626e+00
   1.6469857e+00
   1.5729964e+00
   1.4914712e+00
   1.2175551e+00
   9.9879748e-01
   7.3097121e-01
   3.7862355e-01
   3.3134083e-01
   5.8895145e-01
   8.0436720e-01
   1.0821566e+00
   1.2885556e+00
   1.3982330e+00
   1.4146474e+00
   1.3475340e+00
   1.2993571e+00
   1.0337892e+00
   8.1754224e-01
   5.5897718e-01
   2.4241077e-01
   7.9936479e-02
   4.2149295e-01
   6.5002661e-01
   9.2389001e-01
   1.0784065e+00
   1.2188331e+00
   1.2834214e+00
   1.1588186e+00
   1.1061966e+00
   1.0009500e+00
   8.5063384e-01
   5.9205570e-01
   3.7134764e-01
   1.9872655e-01
   3.0443157e-01
   4.4659338e-01
   6.5051055e-01
   7.7750766e-01
   8.1284814e-01
   8.3454081e-01
   8.7574498e-01
   9.0797119e-01
   7.5630361e-01
   7.4692127e-01
   7.0240661e-01
   5.3618009e-01
   5.7972425e-01
   5.7646751e-01
   5.8982380e-01
   5.5149714e-01
   5.9567990e-01
   6.2478238e-01
   6.1729061e-01
   6.6067275e-01
   5.8612612e-01
   5.8363787e-01
   5.4535670e-01
   5.6957869e-01
   6.5122351e-01
   6.7292000e-01
   7.2591265e-01
   6.7341410e-01
   6.7792934e-01
   6.8836529e-01
   6.2870517e-01
   5.6545036e-01
   5.2425135e-01
   4.9676880e-01
   3.9831153e-01
   5.1402260e-01
   5.5972561e-01
   6.8163180e-01
   6.9969002e-01
   8.0752315e-01
   8.8240187e-01
   8.4566905e-01
   8.8942543e-01
   8.1279880e-01
   6.6751312e-01
   5.6364229e-01
   5.2500663e-01
   2.9111252e-01
   1.4246270e-01
   2.6938922e-01
   5.1149722e-01
   6.7032175e-01
   8.0907512e-01
   9.7639327e-01
   1.0841947e+00
   1.1229909e+00
   1.0523358e+00
   9.4545213e-01
   8.6866952e-01
   6.8345437e-01
   4.4096528e-01
   2.0714839e-01
   1.1565256e-01
   3.6701842e-01
   5.9230553e-01
   7.9443262e-01
   9.8685464e-01
   1.1187270e+00
   1.1194987e+00
   1.1098812e+00
   1.0246006e+00
   8.7449382e-01
   6.8935288e-01
   4.2275711e-01
   1.6820946e-01
   2.5463377e-01
   5.0508705e-01
   7.4495311e-01
   9.9768568e-01
   1.2087606e+00
   1.2950212e+00
   1.3240971e+00
   1.2740979e+00
   1.1720948e+00
   1.0271218e+00
   7.8567877e-01
   5.6113960e-01
   3.4759896e-01
   2.8298196e-01
   4.9032968e-01
   7.3192036e-01
   1.0036898e+00
   1.1880857e+00
   1.3637348e+00
   1.5056294e+00
   1.4795751e+00
   1.4224340e+00
   1.2630832e+00
   1.0382537e+00
   8.2906328e-01
   5.5794100e-01
   3.2544648e-01
   2.8996546e-01
   4.8749641e-01
   7.6599747e-01
   1.0292602e+00
   1.1668811e+00
   1.2555921e+00
   1.3357821e+00
   1.3250649e+00
   1.2343650e+00
   1.0958017e+00
   9.2744877e-01
   6.8419297e-01
   4.0431449e-01
   2.8807954e-01
   4.6212773e-01
   7.2120100e-01
   9.7079855e-01
   1.1679464e+00
   1.3085607e+00
   1.3885560e+00
   1.4384774e+00
   1.4429671e+00
   1.3104730e+00
   1.1718317e+00
   9.5203989e-01
   6.6563841e-01
   4.4437412e-01
   3.1832133e-01
   4.5493994e-01
   6.8640779e-01
   9.3457830e-01
   1.1605971e+00
   1.2867789e+00
   1.4105743e+00
   1.4230333e+00
   1.3361255e+00
   1.2430603e+00
   1.0182904e+00
   7.3822441e-01
   4.3135763e-01
   2.1632642e-01
   2.5508743e-01
   5.1027109e-01
   7.5308488e-01
   9.6922743e-01
   1.0585395e+00
   1.1457436e+00
   1.1424996e+00
   1.0484152e+00
   8.9449663e-01
   8.0552101e-01
   6.4673711e-01
   3.7116302e-01
   1.9495018e-01
   2.2699462e-01
   3.8843614e-01
   5.0305159e-01
   6.9402150e-01
   6.6509660e-01
   7.3930968e-01
   7.3031414e-01
   6.8388893e-01
   6.1092546e-01
   5.5030879e-01
   5.1121748e-01
   4.5014509e-01
   4.4587921e-01
   4.6844918e-01
   5.1595995e-01
   5.5579978e-01
   5.5838251e-01
   6.0596545e-01
   6.1306515e-01
   5.8144197e-01
   5.7494125e-01
   5.2678835e-01
   5.3647580e-01
   5.3802616e-01
   6.4105844e-01
   6.4046465e-01
   6.5140270e-01
   6.4540470e-01
   6.0693481e-01
   5.2531319e-01
   4.9155451e-01
   3.7948659e-01
   3.5368201e-01
   4.4758785e-01
   4.2491398e-01
   4.9462615e-01
   5.9091769e-01
   6.8707031e-01
   7.1630473e-01
   7.6285427e-01
   8.2018056e-01
   6.6673538e-01
   6.2177632e-01
   6.2998001e-01
   3.6922235e-01
   2.5395395e-01
   2.5306056e-01
   2.5763901e-01
   4.2013406e-01
   6.2883035e-01
   7.1190654e-01
   8.3035938e-01
   8.8184688e-01
   9.3939370e-01
   9.0659304e-01
   7.9537581e-01
   6.9996919e-01
   5.3675734e-01
   4.1975778e-01
   2.3463071e-01
   8.2941348e-02
   2.4217497e-01
   4.0848258e-01
   5.5934184e-01
   7.5121218e-01
   8.9889368e-01
   9.4717020e-01
   9.5728505e-01
   9.9131967e-01
   9.3657182e-01
   8.0736611e-01
   6.8192389e-01
   4.8120762e-01
   2.3649716e-01
   6.5063762e-02
   2.2393619e-01
   4.8753014e-01
   6.9023702e-01
   8.7621834e-01
   9.9038929e-01
   1.0841061e+00
   1.1020425e+00
   1.0805706e+00
   1.0020501e+00
   8.5504108e-01
   6.5362099e-01
   4.1774842e-01
   2.3283640e-01
   2.2037576e-01
   4.2519603e-01
   6.7352303e-01
   8.8930004e-01
   9.7282167e-01
   1.1746356e+00
   1.2082079e+00
   1.1654001e+00
   1.1328862e+00
   9.7648738e-01
   8.0208338e-01
   5.6469283e-01
   3.6525474e-01
   1.9340151e-01
   2.7816813e-01
   5.0295718e-01
   7.6496326e-01
   9.1656778e-01
   1.0524691e+00
   1.1430815e+00
   1.1963129e+00
   1.1980689e+00
   1.0430088e+00
   9.2586560e-01
   7.5455727e-01
   5.0504769e-01
   2.9475206e-01
   1.1410482e-01
   2.6277727e-01
   4.9126779e-01
   6.8582287e-01
   8.7332322e-01
   1.0392026e+00
   1.1413253e+00
   1.1665160e+00
   1.0926850e+00
   9.5391698e-01
   7.8138803e-01
   6.1218800e-01
   3.5734212e-01
   1.2525393e-01
   1.4976053e-01
   3.8118146e-01
   5.2792340e-01
   7.7342264e-01
   8.8641283e-01
   9.4216958e-01
   9.8620549e-01
   9.2280606e-01
   8.5284252e-01
   7.4871190e-01
   6.3176498e-01
   4.8098525e-01
   3.7385389e-01
   1.4145733e-01
   1.2274313e-01
   2.3981912e-01
   4.5872376e-01
   5.6741581e-01
   7.1096641e-01
   8.5372100e-01
   9.4700911e-01
   1.0533660e+00
   1.0496803e+00
   9.5039975e-01
   8.8707524e-01
   7.6241309e-01
   5.1466381e-01
   3.6239116e-01
   3.6712446e-01
   5.0554173e-01
   6.9820362e-01
   1.0050548e+00
   1.2460532e+00
   1.3759439e+00
   1.5054009e+00
   1.5781657e+00
   1.5183985e+00
   1.4070954e+00
   1.2514647e+00
   1.0231992e+00
   8.0486337e-01
   5.7749584e-01
   3.7809307e-01
   4.0776407e-01
   6.5040068e-01
   8.3633473e-01
   9.6015417e-01
   1.1184926e+00
   1.1219645e+00
   1.0763054e+00
   1.0057518e+00
   9.2355049e-01
   7.9258333e-01
   6.5138149e-01
   5.7241812e-01
   4.2898539e-01
   3.6046842e-01
   2.9148472e-01
   3.7253284e-01
   3.1067760e-01
   3.7688728e-01
   3.8095379e-01
   4.0269938e-01
   4.7951689e-01
   5.6145013e-01
   6.1358761e-01
   6.2437917e-01
   6.8012526e-01
   6.3822009e-01
   6.0118875e-01
   5.7983899e-01
   5.0883802e-01
   3.9635846e-01
   2.5880352e-01
   2.3955955e-01
   3.2260258e-01
   4.4076436e-01
   5.1343425e-01
   6.4358839e-01
   6.8220686e-01
   8.1791264e-01
   8.7931317e-01
   7.3249300e-01
   6.7168301e-01
   4.9568817e-01
   4.3487621e-01
   3.3285616e-01
   7.9717650e-02
   1.4037880e-01
   3.3743890e-01
   5.1196282e-01
   6.3548519e-01
   7.7329177e-01
   8.6613760e-01
   8.6333795e-01
   8.4095996e-01
   8.0106870e-01
   6.7216905e-01
   5.6519432e-01
   4.4179869e-01
   2.0983076e-01
   4.3437938e-02
   2.0982877e-01
   4.4768100e-01
   6.0117184e-01
   7.7950346e-01
   9.4584524e-01
   9.6950538e-01
   1.0444572e+00
   1.0317707e+00
   1.0035279e+00
   9.6685679e-01
   8.3152333e-01
   6.4121119e-01
   4.6505003e-01
   4.1494826e-01
   4.7183676e-01
   6.0785204e-01
   8.3734237e-01
   1.0680697e+00
   1.2762241e+00
   1.4150521e+00
   1.4947884e+00
   1.5437242e+00
   1.4618360e+00
   1.3844484e+00
   1.2612561e+00
   1.0825805e+00
   9.2484528e-01
   7.9624331e-01
   8.1365871e-01
   9.4469099e-01
   1.0866990e+00
   1.2710943e+00
   1.4097418e+00
   1.4905855e+00
   1.5215868e+00
   1.4415596e+00
   1.3437866e+00
   1.1675444e+00
   8.9958169e-01
   6.1165694e-01
   3.2078895e-01
   2.2791815e-01
   4.1964689e-01
   6.4602562e-01
   8.1044690e-01
   9.5202754e-01
   1.0315016e+00
   1.0136014e+00
   9.1696496e-01
   8.2357177e-01
   6.5062630e-01
   3.9436683e-01
   1.9992852e-01
   8.0305338e-02
   2.7025773e-01
   4.4974122e-01
   6.7774481e-01
   7.9068792e-01
   9.0238746e-01
   8.9302977e-01
   8.9371819e-01
   8.4273991e-01
   6.6981298e-01
   6.3887285e-01
   5.1822266e-01
   3.3727252e-01
   1.5583851e-01
   1.4376690e-01
   2.4223442e-01
   3.9953349e-01
   5.2864337e-01
   5.9010597e-01
   6.6911936e-01
   7.2028552e-01
   6.9656843e-01
   7.0295720e-01
   6.9003797e-01
   6.4166605e-01
   5.1185382e-01
   4.1574083e-01
   3.1188763e-01
   1.2348503e-01
   2.1974665e-01
   2.8516158e-01
   3.6706919e-01
   4.1546553e-01
   5.3324579e-01
   5.9184103e-01
   6.3033924e-01
   6.4922138e-01
   6.2854902e-01
   5.5918044e-01
   5.3057519e-01
   5.7061404e-01
   4.7898063e-01
   4.1348088e-01
   3.8346759e-01
   3.7813607e-01
   3.3358120e-01
   3.1232120e-01
   4.0078094e-01
   4.0582695e-01
   4.9749059e-01
   5.8404437e-01
   5.8306741e-01
   5.6636941e-01
   5.3790395e-01
   5.1556698e-01
   5.0334072e-01
   4.4202585e-01
   3.5158951e-01
   3.3914902e-01
   3.0549583e-01
   2.6836183e-01
   3.5558283e-01
   3.9629177e-01
   4.9801441e-01
   5.2444155e-01
   5.8257690e-01
   6.0694824e-01
   5.7385594e-01
   5.7258668e-01
   5.3980486e-01
   4.8265416e-01
   3.8294536e-01
   3.4180607e-01
   2.4925780e-01
   2.4600191e-01
   3.0857466e-01
   2.8413395e-01
   3.4646961e-01
   4.9008087e-01
   5.1872606e-01
   6.0914617e-01
   6.5897038e-01
   6.8505138e-01
   6.6383453e-01
   5.9176270e-01
   4.4803394e-01
   3.3433861e-01
   2.5515646e-01
   8.6059975e-02
   1.9143502e-01
   3.0319702e-01
   4.8765275e-01
   6.5119402e-01
   8.2946079e-01
   8.5250747e-01
   8.5845566e-01
   8.3680538e-01
   7.7931317e-01
   6.8822500e-01
   5.1456812e-01
   3.1067878e-01
   1.0750497e-01
   7.1143663e-02
   2.6080530e-01
   4.6693586e-01
   6.9295203e-01
   7.9215680e-01
   8.6193577e-01
   9.6770652e-01
   9.5176963e-01
   8.6050633e-01
   7.1208981e-01
   5.7825399e-01
   3.9915514e-01
   1.9192257e-01
   4.4211875e-02
   1.9050682e-01
   3.7826954e-01
   6.0484055e-01
   7.6439550e-01
   7.9837202e-01
   8.7105305e-01
   9.5580103e-01
   8.8884723e-01
   8.0801028e-01
   6.7364134e-01
   5.0276572e-01
   3.7654296e-01
   1.5219092e-01
   9.4149939e-02
   3.0197228e-01
   5.2284474e-01
   6.4377540e-01
   7.7159576e-01
   8.5216335e-01
   9.2569750e-01
   9.3959614e-01
   8.3611073e-01
   7.1627451e-01
   6.2446825e-01
   4.6317061e-01
   2.6274646e-01
   8.2034724e-02
   1.1464606e-01
   2.7103308e-01
   4.7105178e-01
   6.1443469e-01
   7.1874314e-01
   8.4771854e-01
   8.3146536e-01
   8.0001799e-01
   7.5440882e-01
   6.6679447e-01
   5.6421226e-01
   3.4392111e-01
   1.9488298e-01
   7.2692448e-02
   1.9061213e-01
   3.3899609e-01
   4.5498868e-01
   5.9030947e-01
   7.0369336e-01
   7.7816865e-01
   7.8596510e-01
   7.4793912e-01
   7.0277483e-01
   5.7652444e-01
   4.2447264e-01
   3.0420472e-01
   1.0696749e-01
   1.5404237e-01
   2.6381313e-01
   3.7012967e-01
   4.0798946e-01
   5.2958231e-01
   5.9850076e-01
   5.7292914e-01
   6.0073061e-01
   5.8982759e-01
   5.2078047e-01
   4.7229477e-01
   3.5991419e-01
   3.1915196e-01
   2.8262858e-01
   2.4469944e-01
   2.9359127e-01
   3.0674777e-01
   4.0445489e-01
   3.8440991e-01
   4.6845230e-01
   4.9434973e-01
   4.9643205e-01
   5.8062042e-01
   5.9741982e-01
   5.9969728e-01
   5.1161374e-01
   4.3454540e-01
   3.7854003e-01
   2.1286348e-01
   1.3051688e-01
   2.1010010e-01
   3.0163081e-01
   4.0809962e-01
   6.0544768e-01
   7.5287404e-01
   7.9959624e-01
   8.1500773e-01
   8.2045871e-01
   7.4525667e-01
   6.8010469e-01
   5.7194310e-01
   3.5808010e-01
   2.1841567e-01
   1.9971224e-01
   3.2684704e-01
   4.8998990e-01
   6.1930753e-01
   7.3358918e-01
   8.1246972e-01
   8.3012439e-01
   8.4813306e-01
   7.7367494e-01
   7.4068830e-01
   6.2252183e-01
   5.0054906e-01
   4.3753769e-01
   2.7078663e-01
   1.4855218e-01
   1.2925065e-01
   1.7532696e-01
   2.7391580e-01
   3.6211787e-01
   4.5082242e-01
   5.8249151e-01
   6.2279973e-01
   6.9729198e-01
   7.0244413e-01
   6.8966486e-01
   6.7295864e-01
   6.4589920e-01
   5.2519291e-01
   4.2585766e-01
   3.0646793e-01
   1.3217036e-01
   6.6851956e-02
   1.6593448e-01
   3.6302176e-01
   5.3263782e-01
   5.9761284e-01
   6.5745404e-01
   7.3710838e-01
   7.0340116e-01
   7.1651377e-01
   6.5914972e-01
   5.6343958e-01
   4.1424237e-01
   2.6814328e-01
   1.1938205e-01
   1.2234375e-01
   1.9071581e-01
   3.2421922e-01
   4.7712651e-01
   5.5100934e-01
   6.4777409e-01
   6.7021606e-01
   6.7029163e-01
   6.8138113e-01
   6.0431068e-01
   4.8481891e-01
   3.5228857e-01
   1.8894866e-01
   9.1867468e-02
   1.2013239e-01
   3.2354656e-01
   4.8213490e-01
   6.0964183e-01
   7.3127031e-01
   7.9840044e-01
   7.8808330e-01
   7.9377827e-01
   7.4038071e-01
   6.2122357e-01
   4.6780995e-01
   3.1720248e-01
   1.6968974e-01
   7.4928245e-02
   2.6261605e-01
   4.3355863e-01
   5.7127961e-01
   7.2477380e-01
   8.2042899e-01
   8.1204541e-01
   8.8081022e-01
   8.3760230e-01
   7.2775143e-01
   6.7496460e-01
   5.2816895e-01
   4.3669565e-01
   2.9297222e-01
   1.3395772e-01
   2.0770554e-01
   4.4639909e-01
   5.9174984e-01
   6.9436800e-01
   7.7623038e-01
   8.9277166e-01
   1.0088861e+00
   9.4240161e-01
   9.4679661e-01
   8.9426014e-01
   7.4578025e-01
   6.0057675e-01
   4.2427423e-01
   3.0853896e-01
   2.7850742e-01
   3.4194557e-01
   4.7804308e-01
   6.2925117e-01
   7.4413221e-01
   7.9384872e-01
   7.8260679e-01
   8.0097963e-01
   6.5261825e-01
   5.4091240e-01
   4.3724252e-01
   2.0928060e-01
   1.0951713e-01
   1.8611029e-01
   2.1899036e-01
   3.8723395e-01
   5.0687216e-01
   5.1808171e-01
   5.7545985e-01
   5.4894498e-01
   5.5066680e-01
   4.7320791e-01
   4.3151170e-01
   4.2061605e-01
   3.5172655e-01
   3.5577040e-01
   2.5272051e-01
   2.3965201e-01
   2.4882365e-01
   2.6275755e-01
   3.5088912e-01
   3.9389312e-01
   4.4121877e-01
   4.4156572e-01
   5.1115612e-01
   4.8954627e-01
   4.7001392e-01
   5.0702919e-01
   4.2991889e-01
   3.4827431e-01
   2.6161618e-01
   2.3162815e-01
   1.7576992e-01
   2.4442817e-01
   3.1605360e-01
   3.9300169e-01
   4.9227503e-01
   5.2137351e-01
   5.1719348e-01
   5.7007391e-01
   5.4797811e-01
   4.8748936e-01
   4.7141488e-01
   4.4677947e-01
   4.0695186e-01
   2.7529689e-01
   1.8625074e-01
   1.6738678e-01
   2.0277854e-01
   2.9068211e-01
   3.5743343e-01
   4.5241799e-01
   5.6224930e-01
   6.1573272e-01
   6.8475205e-01
   6.9213727e-01
   6.4962507e-01
   5.9443755e-01
   5.2712524e-01
   3.8571423e-01
   2.1456117e-01
   1.6746937e-01
   6.1037736e-02
   2.7442585e-01
   3.6999400e-01
   4.8522489e-01
   5.5449177e-01
   6.7577246e-01
   6.6864291e-01
   6.1749171e-01
   6.2614637e-01
   4.8177310e-01
   4.1834851e-01
   2.7656494e-01
   1.9123396e-01
   1.7403364e-01
   1.7672113e-01
   3.1128517e-01
   3.4861940e-01
   4.7653115e-01
   5.2391857e-01
   5.3317483e-01
   5.5525084e-01
   5.7920820e-01
   5.6395323e-01
   4.6898073e-01
   4.0381004e-01
   3.1112600e-01
   1.7921929e-01
   1.1016165e-01
   1.9296847e-01
   2.8863958e-01
   4.4478816e-01
   5.1090189e-01
   5.7050272e-01
   6.7497514e-01
   6.8874349e-01
   6.7228629e-01
   6.0929371e-01
   5.3447749e-01
   4.3195234e-01
   3.0172403e-01
   1.5132750e-01
   8.5747193e-02
