   1.7065183e+01
   1.4825557e+01
   1.1968836e+01
   1.3062933e+01
   1.2401760e+01
   1.5637575e+01
   1.7691145e+01
   1.9189220e+01
   1.9111875e+01
   1.6938732e+01
   1.0468242e+01
   1.1899972e+01
   1.9930814e+01
   2.4213073e+01
   2.6221006e+01
   2.6496475e+01
   2.5269152e+01
   2.0586950e+01
  -1.0128279e+01
   2.2102675e+01
   2.7939173e+01
   3.0460012e+01
   3.1092441e+01
   2.9736003e+01
   2.5825791e+01
   2.6935354e+01
   3.3680331e+01
   3.8102256e+01
   4.0939542e+01
   4.2604772e+01
   4.3394011e+01
   4.3638413e+01
   4.3882569e+01
   4.5149598e+01
   4.7617810e+01
   5.0332830e+01
   5.2710166e+01
   5.4609664e+01
   5.5995985e+01
   5.6912328e+01
   5.7391052e+01
   5.7423005e+01
   5.7025689e+01
   5.6218448e+01
   5.5061964e+01
   5.3794793e+01
   5.2920248e+01
   5.2922744e+01
   5.3622732e+01
   5.4426363e+01
   5.4952851e+01
   5.5045921e+01
   5.4631269e+01
   5.3673544e+01
   5.2109242e+01
   4.9831140e+01
   4.6746385e+01
   4.3036916e+01
   4.0559582e+01
   4.1201037e+01
   4.2374636e+01
   4.2608651e+01
   4.1693546e+01
   3.9475231e+01
   3.5360269e+01
   2.7232944e+01
   2.6029968e+01
   3.2714390e+01
   3.5134494e+01
   3.5459977e+01
   3.4187542e+01
   3.0987865e+01
   2.4532564e+01
   2.1231846e+01
   2.8038283e+01
   3.0951887e+01
   3.1786121e+01
   3.0947037e+01
   2.8364237e+01
   2.3995495e+01
   2.2458976e+01
   2.6697097e+01
   2.9310182e+01
   3.0316817e+01
   2.9857673e+01
   2.7863445e+01
   2.3955096e+01
   1.8083558e+01
   2.1522799e+01
   2.5752869e+01
   2.7791388e+01
   2.8284070e+01
   2.7561347e+01
   2.5963350e+01
   2.3933937e+01
   2.3257959e+01
   2.4234835e+01
   2.5415208e+01
   2.5742785e+01
   2.5176448e+01
   2.4116118e+01
   2.3159360e+01
   2.3375045e+01
   2.4233211e+01
   2.4743008e+01
   2.4572156e+01
   2.3643428e+01
   2.2226929e+01
   2.1706966e+01
   2.2772444e+01
   2.4221404e+01
   2.4854447e+01
   2.4635324e+01
   2.3375440e+01
   2.0940376e+01
   1.8537346e+01
   1.9520808e+01
   2.1920230e+01
   2.3341100e+01
   2.3604554e+01
   2.2615677e+01
   2.1316651e+01
   2.1129269e+01
   2.3130804e+01
   2.5067792e+01
   2.5953600e+01
   2.5730135e+01
   2.3919238e+01
   2.0633023e+01
   2.1575995e+01
   2.6689663e+01
   3.0479038e+01
   3.2954423e+01
   3.4477144e+01
   3.5269009e+01
   3.5384333e+01
   3.4861585e+01
   3.3730665e+01
   3.1882313e+01
   2.9195306e+01
   2.5649488e+01
   2.1758351e+01
   1.9844822e+01
   2.0104840e+01
   1.9766771e+01
   1.7557027e+01
   1.2282348e+01
   9.2598070e+00
   1.6169644e+01
   1.9860962e+01
   2.1446029e+01
   2.1587870e+01
   2.0476070e+01
   1.8092445e+01
   1.4673872e+01
   1.4087166e+01
   1.6955642e+01
   1.9006839e+01
   1.9907897e+01
   1.9671639e+01
   1.8415798e+01
   1.6880525e+01
   1.6172759e+01
   1.7281892e+01
   1.8524657e+01
   1.9202922e+01
   1.9182571e+01
   1.8375823e+01
   1.7365007e+01
   1.6191914e+01
   1.6542686e+01
   1.7692588e+01
   1.8619551e+01
   1.8902666e+01
   1.8554663e+01
   1.7573069e+01
   1.5880672e+01
   1.4560499e+01
   1.4447390e+01
   1.5841485e+01
   1.7129326e+01
   1.8096383e+01
   1.8544676e+01
   1.8578035e+01
   1.8270383e+01
   1.7690559e+01
   1.6873983e+01
   1.6151431e+01
   1.5669629e+01
   1.5831809e+01
   1.6497793e+01
   1.6940638e+01
   1.7262132e+01
   1.7233165e+01
   1.6990086e+01
   1.6628705e+01
   1.6344477e+01
   1.6492048e+01
   1.6747887e+01
   1.6562341e+01
   1.6390416e+01
   1.5930047e+01
   1.5509075e+01
   1.5425651e+01
   1.5746001e+01
   1.6416452e+01
   1.6619503e+01
   1.6459519e+01
   1.5841818e+01
   1.5243429e+01
   1.5062408e+01
   1.5783040e+01
   1.6761844e+01
   1.7393692e+01
   1.7351880e+01
   1.6341042e+01
   1.4110483e+01
   1.1355063e+01
   1.2298285e+01
   1.5676926e+01
   1.8536579e+01
   2.0214251e+01
   2.0828100e+01
   2.0476591e+01
   1.9288479e+01
   1.6803551e+01
   1.1848036e+01
   1.5735576e+00
   7.8803884e+00
   1.3405980e+01
   1.5819389e+01
   1.6588658e+01
   1.6013159e+01
   1.4422553e+01
   1.2082539e+01
   1.0884327e+01
   1.1984402e+01
   1.4013091e+01
   1.5386536e+01
   1.5635010e+01
   1.5086364e+01
   1.4292541e+01
   1.3350851e+01
   1.3127489e+01
   1.3668396e+01
   1.4431668e+01
   1.4868156e+01
   1.4834304e+01
   1.4295574e+01
   1.3531024e+01
   1.3348893e+01
   1.3249192e+01
   1.3843097e+01
   1.4179477e+01
   1.4383946e+01
   1.4365405e+01
   1.4080460e+01
   1.4006238e+01
   1.3821289e+01
   1.3582922e+01
   1.3636898e+01
   1.3593856e+01
   1.3141662e+01
   1.2939465e+01
   1.2967975e+01
   1.2997357e+01
   1.3059685e+01
   1.3302506e+01
   1.3277338e+01
   1.3228180e+01
   1.3384899e+01
   1.3536962e+01
   1.3685311e+01
   1.3559490e+01
   1.3550850e+01
   1.3431966e+01
   1.3277276e+01
   1.3322458e+01
   1.3347851e+01
   1.3490837e+01
   1.3491774e+01
   1.3521010e+01
   1.3223740e+01
   1.3066767e+01
   1.2443995e+01
   1.2591016e+01
   1.2934116e+01
   1.3096821e+01
   1.3421758e+01
   1.3451181e+01
   1.3203497e+01
   1.2503916e+01
   1.2447268e+01
   1.2282993e+01
   1.2650554e+01
   1.2741000e+01
   1.2980521e+01
   1.2718569e+01
   1.2606497e+01
   1.2606276e+01
   1.2465472e+01
   1.2611763e+01
   1.2812350e+01
   1.2903959e+01
   1.2708383e+01
   1.2758207e+01
   1.2475092e+01
   1.2681394e+01
   1.2746644e+01
   1.2947726e+01
   1.2981066e+01
   1.2511065e+01
   1.1492940e+01
   1.0597530e+01
   9.8072064e+00
   1.0183093e+01
   1.1301348e+01
   1.2255807e+01
   1.3065568e+01
   1.3123088e+01
   1.2846636e+01
   1.2155731e+01
   1.1484029e+01
   1.0980747e+01
   1.0934413e+01
   1.1170971e+01
   1.1262046e+01
   1.1448082e+01
   1.1542440e+01
   1.1471480e+01
   1.1483721e+01
   1.1734027e+01
   1.1877776e+01
   1.1927075e+01
   1.1671546e+01
   1.1638842e+01
   1.1282399e+01
   1.0669096e+01
   1.0853531e+01
   1.0743996e+01
   1.1145905e+01
   1.1260952e+01
   1.1427417e+01
   1.1537165e+01
   1.1587938e+01
   1.1365632e+01
   1.1341686e+01
   1.1311537e+01
   1.0991236e+01
   1.0998110e+01
   1.1096421e+01
   1.1155206e+01
   1.1372194e+01
   1.1478234e+01
   1.1237935e+01
   1.1458523e+01
   1.1029152e+01
   1.0831295e+01
   1.0594970e+01
   1.0846398e+01
   1.1002230e+01
   1.1119642e+01
   1.0955462e+01
   1.0864217e+01
   1.0655101e+01
   1.0406835e+01
   1.0386761e+01
   1.0274334e+01
   1.0333838e+01
   1.0411831e+01
   1.0665559e+01
   1.0316041e+01
   1.0318952e+01
   1.0283998e+01
   1.0693281e+01
   1.0597984e+01
   1.0537824e+01
   1.0425155e+01
   1.0746504e+01
   1.0660576e+01
   1.0685528e+01
   1.0942790e+01
   1.1093455e+01
   1.0959083e+01
   1.0492147e+01
   1.0122789e+01
   9.5763405e+00
   9.5541600e+00
   9.5053416e+00
   1.0329019e+01
   1.0537322e+01
   1.0591344e+01
   1.0265838e+01
   9.9624471e+00
   9.5510384e+00
   9.1718732e+00
   9.3656433e+00
   9.3910615e+00
   9.3575731e+00
   9.7333045e+00
   9.7773430e+00
   9.8896258e+00
   9.8860788e+00
   1.0003931e+01
   1.0710285e+01
   1.0807396e+01
   1.0887721e+01
   1.0544425e+01
   1.0050550e+01
   9.5260328e+00
   8.9077728e+00
   8.7714766e+00
   9.1754699e+00
   9.5185035e+00
   9.6162673e+00
   9.7476156e+00
   9.8432664e+00
   9.7398474e+00
   9.7349420e+00
   9.5985468e+00
   9.5660900e+00
   9.4737789e+00
   9.4581392e+00
   9.3917110e+00
   9.3102390e+00
   9.1931580e+00
   9.3317076e+00
   9.6424679e+00
   9.4063242e+00
   9.6874666e+00
   9.4768300e+00
   8.9397925e+00
   8.9527266e+00
   8.9601166e+00
   9.0699443e+00
   9.3472481e+00
   9.4685704e+00
   9.2845601e+00
   8.8801395e+00
   8.9343445e+00
   8.9829140e+00
   9.0484250e+00
   9.4563546e+00
   9.5945238e+00
   9.6409993e+00
   9.3793720e+00
   8.8784670e+00
   8.6529465e+00
   8.0754605e+00
   8.0456846e+00
   8.6555898e+00
   8.9500428e+00
   9.2423761e+00
   9.6336062e+00
   9.4322333e+00
   9.0058309e+00
   9.0479665e+00
   8.5070949e+00
   8.4965477e+00
   8.5213196e+00
   8.3763524e+00
   8.5738165e+00
   8.5787031e+00
   8.3349323e+00
   8.2273222e+00
   8.3096112e+00
   8.1705812e+00
   8.3193400e+00
   8.4324720e+00
   8.3886378e+00
   8.4067472e+00
   7.9292659e+00
   7.6147932e+00
   7.8376645e+00
   8.0323442e+00
   8.2944974e+00
   8.6753784e+00
   9.1546283e+00
   8.9291055e+00
   8.6128626e+00
   8.1934201e+00
   8.0848897e+00
   7.5953344e+00
   7.4655543e+00
   7.8908718e+00
   7.8517351e+00
   8.2330652e+00
   8.3148056e+00
   8.3358456e+00
   8.0753032e+00
   8.3038177e+00
   8.1993788e+00
   8.3218099e+00
   8.3120852e+00
   8.4750453e+00
   8.4559765e+00
   8.1394003e+00
   8.2996588e+00
   7.9423680e+00
   8.1807348e+00
   8.0134657e+00
   7.8669856e+00
   7.8825679e+00
   7.8412425e+00
   7.8731491e+00
   8.3834489e+00
   8.3681699e+00
   8.5379555e+00
   8.4803488e+00
   8.1036568e+00
   7.9804566e+00
   7.6595506e+00
   7.9301585e+00
   7.8680151e+00
   8.0710342e+00
   7.7158604e+00
   7.6006383e+00
   7.6301050e+00
   7.6973590e+00
   7.5915565e+00
   7.4803178e+00
   7.8324487e+00
   8.0357015e+00
   7.6587108e+00
   7.5452068e+00
   7.6290904e+00
   7.3118279e+00
   7.4462222e+00
   7.2821122e+00
   7.3452059e+00
   7.1900853e+00
   7.2319333e+00
   7.0781178e+00
   7.0902108e+00
   7.4716599e+00
   7.5500667e+00
   7.7568843e+00
   7.6274974e+00
   7.2801769e+00
   7.4005687e+00
   7.3548305e+00
   7.2393741e+00
   7.2291096e+00
   7.1700755e+00
   7.5677480e+00
   7.4672047e+00
   7.2738237e+00
   7.6892102e+00
   7.4258258e+00
   7.4802284e+00
   7.5586431e+00
   7.2015044e+00
   7.0540875e+00
   6.7684754e+00
   6.8224250e+00
   6.5649840e+00
   6.9251270e+00
   7.0820347e+00
   7.0704861e+00
   7.0831437e+00
   7.0953072e+00
   7.1406518e+00
   7.0338573e+00
   6.9347597e+00
   6.7657773e+00
   7.1230532e+00
   7.2669675e+00
   6.9048415e+00
   6.7580943e+00
   6.3357104e+00
   5.9011611e+00
   6.1083755e+00
   6.7073993e+00
   7.1137544e+00
   6.6846789e+00
   6.9908435e+00
   6.6240332e+00
   6.4579691e+00
   6.4978024e+00
   6.2190986e+00
   6.5197408e+00
   6.6355278e+00
   6.8741083e+00
   7.1682037e+00
   7.1089938e+00
   6.6901619e+00
   6.8692224e+00
   6.6352566e+00
   6.5503481e+00
   6.5893128e+00
   6.7702437e+00
   7.0812203e+00
   6.5198312e+00
   6.6368124e+00
   7.1470163e+00
   7.1180957e+00
   7.1884744e+00
   6.6547527e+00
   6.2054350e+00
   5.7365251e+00
   5.2704193e+00
   5.7040296e+00
   6.2854734e+00
   6.7881411e+00
   7.0762114e+00
   7.1861931e+00
   7.0817241e+00
   6.6950981e+00
   6.3234539e+00
   6.4327476e+00
   6.3078721e+00
   6.6225984e+00
   6.6493176e+00
   6.6159940e+00
   6.2104234e+00
   5.9548292e+00
   6.2765923e+00
   6.2298692e+00
   6.7088124e+00
   7.2246369e+00
   7.4655630e+00
   6.8739872e+00
   6.5850123e+00
   6.1899610e+00
   5.4209580e+00
   5.0926830e+00
   5.1326183e+00
   5.5761865e+00
   5.2242842e+00
   5.3545968e+00
   6.0670218e+00
   6.2133169e+00
   6.3158047e+00
   6.3812811e+00
   6.1401952e+00
   6.0743586e+00
   5.8862928e+00
   5.7489255e+00
   5.4862413e+00
   5.6187710e+00
   6.0710574e+00
   6.2762534e+00
   6.5213173e+00
   6.7100046e+00
   6.3740324e+00
   5.8739565e+00
   5.5920731e+00
   5.2068414e+00
   5.3670481e+00
   5.6778745e+00
   5.8959366e+00
   5.9641072e+00
   6.1072059e+00
   5.9295118e+00
   5.3663579e+00
   5.1444849e+00
   5.4791576e+00
   5.7798357e+00
   6.3072579e+00
   6.0910624e+00
   6.4423835e+00
   6.4217750e+00
   5.8921593e+00
   6.0442595e+00
   5.6969670e+00
   5.8256952e+00
   5.3131166e+00
   5.6087037e+00
   5.8455354e+00
   5.9161253e+00
   5.8442689e+00
   5.8232695e+00
   6.0923640e+00
   5.5337750e+00
   4.7961752e+00
   4.6701134e+00
   4.1655109e+00
   4.4056019e+00
   4.6997551e+00
   4.7881694e+00
   5.2130001e+00
   5.2708355e+00
   5.2735747e+00
   5.0053477e+00
   4.9705016e+00
   4.2818199e+00
   4.6552647e+00
   4.5399488e+00
   4.8424926e+00
   5.1147297e+00
   4.9853635e+00
   4.9113734e+00
   4.7884137e+00
   4.9485586e+00
   5.1361364e+00
   5.1974636e+00
   5.2401540e+00
   5.3985195e+00
   5.2360138e+00
   4.8979173e+00
   4.5440745e+00
   4.4283005e+00
   4.3494559e+00
   4.9141561e+00
   4.8633553e+00
   5.3503086e+00
   5.6290545e+00
   5.4045029e+00
   4.8252953e+00
   4.3604672e+00
   3.7892437e+00
   3.7624755e+00
   3.9138053e+00
   4.3857676e+00
   5.0204544e+00
   5.4560435e+00
   5.4007404e+00
   4.9960548e+00
   4.8939720e+00
   4.7511670e+00
   4.2409981e+00
   4.0708394e+00
   4.5482330e+00
   4.2233618e+00
   4.7975035e+00
   4.5142161e+00
   4.7166732e+00
   4.4969836e+00
   4.4840953e+00
   4.9910169e+00
   4.7961484e+00
   4.5201596e+00
   4.7711255e+00
   4.3265702e+00
   4.4977628e+00
   4.3421611e+00
   4.2920901e+00
   5.1376569e+00
   4.5761939e+00
   4.5087098e+00
   4.5494402e+00
   4.8248166e+00
   4.4426134e+00
   4.7084976e+00
   4.7505206e+00
   4.8660404e+00
   4.8871223e+00
   5.0119496e+00
   4.5255596e+00
   4.0657346e+00
   3.9217085e+00
   3.7739987e+00
   3.8549105e+00
   3.8448918e+00
   4.0705670e+00
   4.3854608e+00
   4.2873510e+00
   3.8954644e+00
   3.8260689e+00
   3.8192263e+00
   4.4993217e+00
   3.8496771e+00
   4.6111824e+00
   4.2515551e+00
   4.0330799e+00
   4.2849339e+00
   4.1232880e+00
   4.0242593e+00
   3.7678176e+00
   4.3960430e+00
   4.4523506e+00
   4.5263642e+00
   4.6784301e+00
   4.5894361e+00
   4.4130085e+00
   4.3822215e+00
   3.9524162e+00
   3.7479455e+00
   3.7004192e+00
   3.3031903e+00
   3.2217972e+00
   4.1307464e+00
   4.2585590e+00
   4.4008446e+00
   4.5640551e+00
   4.4670763e+00
   4.0557993e+00
   4.3096932e+00
   4.0498306e+00
   3.7166940e+00
   3.7817622e+00
   3.7165423e+00
   3.9227356e+00
   3.6478088e+00
   4.0082737e+00
   3.5325594e+00
   3.5854987e+00
   4.2300097e+00
   4.0943193e+00
   3.9202364e+00
   3.9114874e+00
   3.5693762e+00
   3.6362862e+00
   3.9514809e+00
   3.9911684e+00
   3.7994449e+00
   3.6181629e+00
   3.5028536e+00
   3.3585111e+00
   3.0747510e+00
   3.1906152e+00
   3.7027446e+00
   3.9348454e+00
   4.2254937e+00
   3.9545681e+00
   3.9102093e+00
   3.8644570e+00
   2.8403600e+00
   3.4324787e+00
   3.6049976e+00
   3.3070023e+00
   3.7047579e+00
   3.6052490e+00
   3.6958997e+00
   3.1756275e+00
   3.3208824e+00
   3.4064012e+00
   3.7534116e+00
   4.1543871e+00
   4.1272319e+00
   4.2251850e+00
   3.3160060e+00
   2.6861501e+00
   2.5873561e+00
   2.8302378e+00
   3.0867623e+00
   3.5653413e+00
   4.0653964e+00
   4.0596533e+00
   3.9705790e+00
   3.5378081e+00
   3.5822181e+00
   3.2933289e+00
   3.5317363e+00
   3.2178306e+00
   3.4368333e+00
   3.8975973e+00
   3.7239580e+00
   3.7123910e+00
   3.3838149e+00
   3.3217862e+00
   2.8351347e+00
   2.9840893e+00
   2.3532725e+00
   2.8701574e+00
   2.8633779e+00
   2.9277617e+00
   3.3281009e+00
   3.8950908e+00
   3.9347905e+00
   4.0592096e+00
   4.2928153e+00
   3.5333072e+00
   3.5833962e+00
   2.6223292e+00
   2.1061037e+00
   2.2773760e+00
   2.6953633e+00
   3.2289867e+00
   4.0898044e+00
   3.8213185e+00
   3.8381007e+00
   3.5711094e+00
   3.4387425e+00
   3.1510481e+00
   2.0697633e+00
   2.4382345e+00
   2.1593433e+00
   2.8605970e+00
   2.8495318e+00
   3.1501719e+00
   3.4054620e+00
   3.1211683e+00
   3.3228749e+00
   3.3647813e+00
   3.2869808e+00
   3.2519154e+00
   3.2204612e+00
   3.1632366e+00
   3.3132672e+00
   3.1609760e+00
   2.9179510e+00
   2.9846100e+00
   2.4972862e+00
   2.6666059e+00
   2.7982748e+00
   2.8209655e+00
   3.0937062e+00
   3.2795411e+00
   3.3885438e+00
   3.4165868e+00
   3.0335374e+00
   2.8079983e+00
   2.4578504e+00
   1.3066596e+00
   2.2469655e+00
   2.8487121e+00
   3.4092265e+00
   3.5379006e+00
   3.2709557e+00
   3.2540206e+00
   3.2133057e+00
   2.8505160e+00
   2.7209075e+00
   2.8639882e+00
   3.1573800e+00
   3.2761539e+00
   2.6819067e+00
   2.5992209e+00
   2.0507712e+00
   1.4992904e+00
   1.4129087e+00
   1.8425526e+00
   2.7250088e+00
   3.1461570e+00
   3.1796888e+00
   3.1221237e+00
   2.9716120e+00
   2.3575609e+00
   1.3839570e+00
   1.6902600e+00
   1.8174469e+00
   2.3825756e+00
   2.9398549e+00
   3.1547101e+00
   3.3003305e+00
   2.9027605e+00
   2.5994618e+00
   2.1311463e+00
   2.0444966e+00
   2.3367944e+00
   2.7394179e+00
   3.0391773e+00
   3.4486038e+00
   2.8995992e+00
   2.3951090e+00
   2.2446757e+00
   2.1731182e+00
   2.4267713e+00
   2.7179162e+00
   2.6817671e+00
   2.5923266e+00
   3.1459444e+00
   2.2449966e+00
   2.3234206e+00
   1.9483031e+00
   1.5979289e+00
   2.2057832e+00
   1.8983738e+00
   2.1944921e+00
   1.8176682e+00
   1.6840813e+00
   1.6285584e+00
   2.1928778e+00
   2.2378073e+00
   2.0382603e+00
   2.7470693e+00
   2.4159419e+00
   2.1161888e+00
   2.5757264e+00
   2.0519356e+00
   1.9225400e+00
   2.1336387e+00
   2.3784992e+00
   1.8917894e+00
   1.7918210e+00
   2.1039475e+00
   1.6983977e+00
   2.0466808e+00
   1.9992863e+00
   2.5265066e+00
   2.5523725e+00
   2.3983731e+00
   2.0979251e+00
   2.4501100e+00
   2.0870511e+00
   1.6764458e+00
   1.7465698e+00
   1.7023693e+00
   1.7104990e+00
   2.2311133e+00
   2.9211099e+00
   2.6617937e+00
   2.7563017e+00
   1.6865038e+00
   2.0755416e+00
   1.9331860e+00
   1.8302146e+00
   1.6555314e+00
   1.7139845e+00
   2.1165743e+00
   2.0877701e+00
   2.4886507e+00
   2.3183112e+00
   2.7472738e+00
   1.8699697e+00
   1.7480815e+00
   1.6169004e+00
   1.3354430e+00
   1.6874237e+00
   1.8422396e+00
   1.9691712e+00
   2.1416967e+00
   2.2110339e+00
   2.4388536e+00
   2.1633499e+00
   1.6631983e+00
   1.7967303e+00
   8.6928499e-01
   1.0765086e+00
   1.3983042e+00
   1.8563626e+00
   1.7139078e+00
   1.8234503e+00
   2.1984207e+00
   2.0621870e+00
   1.9517778e+00
   1.7864564e+00
   1.5526734e+00
   1.2551005e+00
   1.9946393e+00
   1.9683139e+00
   1.8179745e+00
   2.2876014e+00
   1.8272398e+00
   1.2471188e+00
   1.3622052e+00
   1.5655137e+00
   1.9976332e+00
   2.1670458e+00
   2.1401187e+00
   2.0569696e+00
   2.1413060e+00
   1.3630312e+00
   1.2607261e+00
   1.1189594e+00
   1.4488019e+00
   1.6417237e+00
   2.1676210e+00
   2.0913511e+00
   1.8481675e+00
   1.8430684e+00
   6.7801196e-01
   1.0716503e+00
   6.6247498e-01
   1.5393749e+00
   1.5988872e+00
   1.9001201e+00
   1.5169014e+00
   1.5284757e+00
   1.1683955e+00
   7.8722996e-01
   1.1010412e+00
   1.1927730e+00
   1.7879253e+00
   1.6486770e+00
   1.7513591e+00
   1.4458910e+00
   1.4846694e+00
   1.1688071e+00
   1.5457110e+00
   1.4270459e+00
   1.4379352e+00
   8.6930409e-01
   1.6535857e+00
   1.5482023e+00
   1.6841847e+00
   1.8927485e+00
   1.3585032e+00
   1.2099938e+00
   2.4678297e-01
   4.7115566e-01
   3.6512086e-01
   1.2284855e+00
   1.3169234e+00
   1.5288869e+00
   1.7501464e+00
   1.6463912e+00
   1.1152599e+00
   1.8277091e-01
   6.2546144e-01
   8.6321402e-01
   9.9682749e-01
   1.0891165e+00
   1.1309373e+00
   1.2536863e+00
   1.1007158e+00
   8.2512536e-01
   1.1107683e+00
   1.5259479e+00
   1.3120879e+00
   1.7832437e+00
   1.5620500e+00
   1.0948486e+00
   8.2863434e-01
   6.3837471e-01
   8.6815121e-01
   1.1238033e+00
   1.1295902e+00
   1.6983297e+00
   1.5741351e+00
   1.0540628e+00
   1.1268673e+00
   9.1472690e-01
   1.3980406e+00
   1.6191517e+00
   2.0076236e+00
   1.6189441e+00
   1.3656887e+00
   5.2454816e-01
   1.4162587e-01
  -1.9910338e-01
  -1.3594472e-01
   4.8461437e-01
   6.8179306e-01
   1.5434832e+00
   1.8296103e+00
   1.4748831e+00
   1.3869360e+00
   7.0555458e-01
  -1.6984759e-02
   4.5264804e-01
   4.5364304e-01
   1.1452576e+00
   1.5764623e+00
   1.4749459e+00
   1.1636345e+00
   1.1027612e+00
   7.8441015e-01
   4.2319447e-01
   2.5811678e-01
   1.1917939e-01
   4.0046497e-01
   1.4006760e+00
   1.4416601e+00
   1.7283406e+00
   1.7723722e+00
   1.0256071e+00
   6.0905672e-01
   1.8726737e-01
  -7.3750315e-03
   4.2833697e-01
   6.4988294e-01
   1.2250325e+00
   1.4801547e+00
   1.4046877e+00
   1.1816053e+00
   5.8203606e-01
   5.1492170e-01
   3.7447034e-01
   6.5852580e-01
   5.5026331e-01
   1.2279488e+00
   7.0679348e-01
   7.8241708e-01
   4.7865424e-01
   5.3203184e-01
   9.8198601e-02
   1.0911994e-01
   7.2548027e-01
   4.6697101e-01
   8.2230649e-01
   4.6354747e-01
   1.0541913e+00
   6.9347112e-01
   1.7860950e-01
  -1.5647701e-01
   3.2026071e-01
   1.9376276e-01
   4.1531332e-01
   2.1765130e-01
   2.3266994e-01
   7.4915066e-01
   7.1069059e-01
   4.9011450e-01
   3.4222088e-01
   3.9763353e-01
  -7.3222497e-02
   2.4984594e-01
  -9.6283256e-05
  -3.4474841e-01
   2.3058868e-01
   4.9264692e-01
   2.3056789e-01
   5.3713374e-01
   1.8550746e-01
  -4.2633981e-02
  -1.1365638e-01
  -4.0722739e-01
  -5.3752759e-01
  -3.1454198e-01
   1.5410000e-01
   4.1096838e-01
   7.7391313e-01
   2.9814219e-01
  -2.6712651e-01
  -5.8625297e-01
  -1.2420842e+00
  -1.2963360e+00
  -4.1607206e-01
   2.0917401e-01
   1.2189886e+00
   1.5852014e+00
   9.5953846e-01
   2.6642180e-01
  -3.0465792e-03
  -5.9539567e-01
  -8.8871983e-01
   6.8771642e-02
   3.6800348e-01
   8.6269430e-01
   9.3674434e-01
   9.2663744e-01
   3.9655396e-01
  -2.0702316e-01
  -3.1382143e-01
  -6.7516604e-01
  -1.0770070e-01
   5.3281832e-01
   1.8353833e-01
   3.9644935e-01
   3.7648441e-01
  -3.2747121e-02
  -1.0691993e-01
   2.7202899e-01
   2.6769967e-01
  -2.7631068e-01
  -8.4905830e-02
  -5.2781418e-01
   2.7589065e-01
   2.8318944e-01
   9.1236800e-01
   5.9144883e-01
   4.9007682e-01
   2.5670550e-01
  -6.0269695e-01
  -9.2206629e-01
  -1.6069692e+00
  -6.0520278e-01
  -3.1439153e-01
   5.1430678e-01
   7.9884838e-01
   7.9929942e-01
   4.8306790e-01
  -1.9992305e-01
  -1.2518252e+00
  -1.4356602e+00
  -1.1528380e+00
  -1.5543668e-01
   7.8365084e-02
   9.8060983e-01
   1.3620860e+00
   9.4336419e-01
   8.9125999e-01
  -4.2501642e-01
  -9.7438778e-01
  -5.3599631e-01
  -5.0802184e-01
   1.7220969e-01
   1.1993619e+00
   9.4970137e-01
   8.2347375e-01
   7.6431067e-01
  -4.7181059e-01
  -9.6051388e-01
  -1.0192145e+00
  -7.0754384e-01
  -1.7011305e-01
   3.4762431e-01
   7.6236786e-01
   2.7280443e-01
   4.9147150e-01
   2.7890714e-02
  -1.4962852e-02
   3.4534658e-01
   2.1366832e-03
   3.7637789e-01
   4.6554695e-01
  -1.1839669e-01
  -3.1588709e-01
  -6.4530713e-01
  -6.3075665e-01
   3.2252132e-01
   3.5495564e-01
  -1.6629092e-01
   3.0786031e-01
   5.3140178e-01
   6.3884977e-01
   6.2116887e-01
   2.9219402e-01
   4.5302693e-01
   2.8205688e-01
   1.6283560e-01
  -5.5604156e-01
  -1.1772906e+00
  -1.4299753e+00
  -1.4721270e+00
  -6.7775460e-01
   3.2648992e-01
   5.6267898e-01
   7.3431333e-01
   2.7161169e-01
   4.1217795e-01
  -4.3385589e-01
  -1.3884697e+00
  -1.3945430e+00
  -1.5639475e+00
  -8.4212987e-01
  -9.4201076e-01
  -6.2552897e-02
  -5.3346481e-02
  -1.6363558e-02
   1.6298036e-02
  -1.9871942e-01
  -3.5683849e-01
  -1.3932614e-01
  -6.7864840e-01
  -1.1101284e+00
  -6.6730038e-01
  -3.0166463e-01
  -6.4983440e-01
  -3.2609963e-01
  -2.2911299e-02
   2.2967888e-02
  -1.7308500e-02
  -4.0252067e-01
  -6.5986186e-01
  -1.0981144e+00
  -7.8559336e-01
  -8.0739602e-01
  -1.5687719e-01
   3.2094033e-01
   6.4693315e-01
   2.2402777e-01
   1.6863104e-01
  -6.9884649e-01
  -1.6548625e+00
  -1.1594262e+00
  -1.1849866e+00
  -4.6125326e-01
  -5.1230997e-01
  -2.5675454e-01
  -1.4765193e-01
  -4.6374287e-01
  -5.2185595e-01
  -5.7983456e-01
  -8.3004415e-01
  -1.3358296e+00
  -7.4537110e-01
  -1.0177228e+00
  -1.8634562e+00
  -1.3720539e+00
  -1.0089074e+00
  -1.2273398e+00
  -5.8990906e-01
  -9.2961052e-02
  -5.9107491e-02
   2.7028024e-01
   6.3577916e-02
  -3.4083802e-01
  -1.7220048e-01
  -2.4672032e-01
  -1.0742319e+00
  -1.0816303e+00
  -1.1280759e+00
  -1.3789252e+00
  -1.4491352e+00
  -1.0191349e+00
  -1.2660806e+00
  -5.9013440e-01
  -1.9549804e-01
  -1.2799276e-01
   4.0379794e-01
  -5.5540862e-01
  -1.5518536e+00
  -1.8646133e+00
  -1.5685495e+00
  -1.1223563e+00
  -9.8256511e-01
  -6.4660978e-01
  -4.6485993e-01
  -6.9329415e-01
  -6.6076212e-01
  -1.3471825e+00
  -1.5377420e+00
  -7.7009242e-01
  -1.1972393e+00
  -6.7302488e-01
  -4.4827098e-01
  -1.2223200e+00
  -8.4720814e-01
  -6.8994009e-01
  -6.3115761e-01
  -3.4866909e-01
  -4.5606122e-01
  -6.4998469e-01
  -1.1247083e+00
  -1.8687567e+00
  -3.1891758e-01
  -6.8537232e-01
  -6.6311685e-01
  -1.1294919e-01
  -8.2712812e-01
  -1.0966075e+00
  -1.7124419e+00
  -1.3829493e+00
  -1.6677683e+00
  -1.1272481e+00
  -7.6747888e-01
  -1.1862066e-01
  -3.9410144e-01
  -5.9054049e-01
  -8.2756050e-01
  -1.5168461e+00
  -1.5820384e+00
  -1.5784188e+00
  -1.5147922e+00
  -1.1599680e+00
  -1.0887100e+00
  -1.1954728e+00
  -1.1046863e+00
  -1.4560653e+00
  -7.9357125e-01
  -1.1142837e+00
  -1.7174381e+00
  -1.7141843e+00
  -1.7597359e+00
  -1.7282511e+00
  -4.1540648e-01
  -6.2601129e-02
   9.1819550e-02
   1.5286889e-02
  -8.9023306e-01
  -2.4495020e+00
  -3.7400890e+00
  -2.2662443e+00
  -5.2938032e-01
   1.2572465e+00
   1.8576406e+00
   2.5772801e+00
   2.4817297e+00
   8.7772906e-01
  -1.1135099e+00
  -4.5570363e+00
  -5.0983154e+00
  -2.4815868e+00
  -4.9212403e-01
   1.3949370e+00
   2.4824117e+00
   2.1421184e+00
   1.3043762e+00
   1.5089081e-01
  -1.7245068e+00
  -3.7353647e+00
  -4.8470869e+00
  -2.6006448e+00
  -1.4630735e+00
  -3.5167341e-01
   1.4209416e-01
  -6.1130760e-01
  -1.4424441e+00
  -1.6533272e+00
  -2.0154444e+00
  -1.5228395e+00
  -1.3045650e+00
  -1.3564947e+00
  -9.7840116e-01
  -1.0785342e+00
  -1.3439123e+00
  -1.8905676e+00
  -1.9829721e+00
  -2.1202170e+00
  -2.3636802e+00
  -1.7873477e+00
  -1.3065135e+00
  -1.2212738e+00
  -7.6829409e-01
  -1.0466319e+00
  -1.3666014e+00
  -1.2622413e+00
  -1.4588333e+00
  -1.9541176e+00
  -2.5091923e+00
  -2.3013845e+00
  -1.9018056e+00
  -1.4532009e+00
  -9.1667851e-01
  -9.9849829e-01
  -9.4538764e-01
  -1.1247915e+00
  -1.6058912e+00
  -2.3174092e+00
  -2.4830579e+00
  -2.2019174e+00
  -1.6062256e+00
  -1.0575200e+00
  -7.6026411e-01
  -6.7801288e-01
  -1.1349788e+00
  -9.4690962e-01
  -1.6259159e+00
  -1.6701025e+00
  -1.4174798e+00
  -1.7739830e+00
  -1.2239648e+00
  -1.1891576e+00
  -1.5629855e+00
  -9.4036784e-01
  -1.2627854e+00
  -1.4955010e+00
  -1.5365608e+00
  -1.6213938e+00
  -1.8503273e+00
  -1.4470016e+00
  -1.6978257e+00
  -2.3403228e+00
  -1.6096653e+00
  -2.4773645e+00
  -2.1465189e+00
  -2.6370466e+00
  -2.4934832e+00
  -2.0431179e+00
  -1.5491416e+00
  -9.0601115e-01
  -7.3960089e-01
  -5.4989752e-01
  -1.1170116e+00
  -2.0340180e+00
  -4.1632942e+00
  -7.4121606e+00
  -8.0911229e+00
  -6.3276801e+00
  -2.4346807e+00
  -4.3422157e-01
   6.2215164e-01
   1.1628789e+00
   1.6687058e-01
  -1.3512691e+00
  -3.5129437e+00
  -6.6839945e+00
  -8.4841905e+00
  -3.6038474e+00
  -8.0384278e-01
   4.9810243e-01
   1.0963724e+00
   4.6728856e-01
  -2.3903754e-01
  -1.0467749e+00
  -2.9738572e+00
  -3.1584604e+00
  -2.9536869e+00
  -1.7697147e+00
  -9.6686702e-01
  -1.3082698e+00
  -1.0301285e+00
  -1.8190519e+00
  -2.3528112e+00
  -1.7940737e+00
  -1.6805401e+00
  -1.9964689e+00
  -1.9665806e+00
  -2.4538163e+00
  -2.0077789e+00
  -1.7100601e+00
  -1.8597149e+00
  -1.9008355e+00
  -1.4854982e+00
  -1.5313678e+00
  -1.6172381e+00
  -1.5332911e+00
  -2.8658128e+00
  -2.8478232e+00
  -2.6296191e+00
  -2.0502726e+00
  -2.2736983e+00
  -2.0459327e+00
  -1.4015477e+00
  -1.4983274e+00
  -1.6015186e+00
  -1.7075386e+00
  -2.0869346e+00
  -2.4088456e+00
  -2.3584733e+00
  -2.5066567e+00
  -2.3933405e+00
  -3.1968636e+00
  -2.1844380e+00
  -1.6009722e+00
  -1.9528915e+00
  -2.0076597e+00
  -2.2609750e+00
  -2.4916276e+00
  -2.8450911e+00
  -2.8868513e+00
  -2.8239990e+00
  -2.3110929e+00
  -2.1097761e+00
  -1.9663829e+00
  -1.7303458e+00
  -1.5609607e+00
  -1.7885601e+00
  -2.0318261e+00
  -2.3264185e+00
  -2.0174570e+00
  -1.8286834e+00
  -1.8753069e+00
  -1.9049061e+00
  -1.9188543e+00
  -1.6336854e+00
  -1.7179377e+00
  -1.1042826e+00
  -1.7473674e+00
  -2.7919554e+00
  -2.2897878e+00
  -2.0759001e+00
  -2.0761255e+00
  -2.0889144e+00
  -1.9751674e+00
  -1.4542325e+00
  -1.6774337e+00
  -2.5649682e+00
  -2.0698470e+00
  -2.0070607e+00
  -2.3028295e+00
  -2.5370652e+00
  -1.8341891e+00
  -1.7842850e+00
  -1.9807009e+00
  -1.4979473e+00
  -2.5616090e+00
  -2.9355959e+00
  -3.8459150e+00
  -2.8617566e+00
  -2.4435199e+00
  -2.7305117e+00
  -2.0837922e+00
  -2.4616269e+00
  -2.2279201e+00
  -3.5232598e+00
  -3.0150261e+00
  -2.7575341e+00
  -2.8687130e+00
  -2.5878641e+00
  -2.4222427e+00
  -1.3463112e+00
  -1.6565350e+00
  -1.8587641e+00
  -2.7799555e+00
  -3.2469196e+00
  -2.5078942e+00
  -2.8956525e+00
  -1.9034717e+00
  -2.0538916e+00
  -2.0168644e+00
  -1.4878679e+00
  -1.8205318e+00
  -1.7899739e+00
  -2.8669750e+00
  -2.8161651e+00
  -2.3649965e+00
  -2.0690458e+00
  -1.8667380e+00
  -1.3571002e+00
  -1.2014708e+00
  -2.0118146e+00
  -2.5054573e+00
  -2.6394003e+00
  -3.2537817e+00
  -3.2648537e+00
  -2.5421785e+00
  -1.7831034e+00
  -1.3701223e+00
  -1.7439182e+00
  -1.6181682e+00
  -1.9455870e+00
  -2.3797180e+00
  -2.9501619e+00
  -3.0821698e+00
  -3.1286937e+00
  -2.1962584e+00
  -1.8193613e+00
  -1.6981847e+00
  -1.6373812e+00
  -1.7395844e+00
  -1.1360876e+00
  -1.7263850e+00
  -1.9372910e+00
  -3.0213787e+00
  -3.3155070e+00
  -3.2115773e+00
  -3.2524476e+00
  -2.4527756e+00
  -2.1855576e+00
  -1.7472389e+00
  -1.7643320e+00
  -2.2690471e+00
  -3.3605669e+00
  -3.0779814e+00
  -3.5598639e+00
  -3.6680045e+00
  -3.1487989e+00
  -2.9331811e+00
  -2.4346376e+00
  -2.4682789e+00
  -2.1704085e+00
  -2.3645185e+00
  -3.0670896e+00
  -2.8694645e+00
  -2.6494998e+00
  -3.2826564e+00
  -3.1843030e+00
  -2.8680156e+00
  -2.5536429e+00
  -3.2397539e+00
  -3.0183693e+00
  -2.7244717e+00
  -2.5914929e+00
  -1.8482058e+00
  -1.7482722e+00
  -1.6709879e+00
  -2.1909080e+00
  -2.2807312e+00
  -2.1411311e+00
  -2.7010120e+00
  -3.0577202e+00
  -2.6504343e+00
  -2.1242187e+00
  -2.2742213e+00
  -2.3956838e+00
  -2.1171303e+00
  -2.4279816e+00
  -2.5549304e+00
  -3.1775208e+00
  -2.6334344e+00
  -2.9358592e+00
  -3.0744194e+00
  -2.4606749e+00
  -3.0465563e+00
  -2.9446489e+00
  -2.7345328e+00
  -2.8686286e+00
  -2.9708264e+00
  -2.9487690e+00
  -3.3908749e+00
  -3.0889759e+00
  -3.7822515e+00
  -4.2402656e+00
  -4.7008637e+00
  -4.1159815e+00
  -2.6762383e+00
  -2.5540510e+00
  -2.6412403e+00
  -2.3226945e+00
  -3.2321333e+00
  -3.8917209e+00
  -3.6644585e+00
  -4.6782875e+00
  -4.1416481e+00
  -2.5054923e+00
  -2.0609427e+00
  -2.8207178e+00
  -2.6230377e+00
  -3.0893912e+00
  -3.4648655e+00
  -3.5402429e+00
  -3.9746739e+00
  -3.0350757e+00
  -2.6202570e+00
  -2.3343964e+00
  -2.6458069e+00
  -3.7932845e+00
  -4.2545101e+00
  -5.4310021e+00
  -3.9472436e+00
  -3.0207268e+00
  -2.5113428e+00
  -1.7570049e+00
  -2.9553095e+00
  -3.0423143e+00
  -3.3552959e+00
  -4.6514214e+00
  -5.0622697e+00
  -4.2393829e+00
  -2.2486846e+00
  -2.2722031e+00
  -2.0535613e+00
  -1.8424467e+00
  -2.6975665e+00
  -2.6056588e+00
  -3.0480881e+00
  -3.2376092e+00
  -2.5362729e+00
  -2.3282840e+00
  -2.6028963e+00
  -2.0556899e+00
  -2.6493732e+00
  -3.1458954e+00
  -3.0405195e+00
  -2.9647775e+00
  -3.6665750e+00
  -4.0517054e+00
  -2.5641320e+00
  -2.7603520e+00
  -2.0404255e+00
  -2.3926821e+00
  -2.8924305e+00
  -3.5417351e+00
  -4.8894375e+00
  -4.2767459e+00
  -3.4662487e+00
  -3.0036326e+00
  -2.6339953e+00
  -2.2208057e+00
  -2.4862835e+00
  -2.4117646e+00
  -3.6745717e+00
  -4.4525930e+00
  -4.7439598e+00
  -4.8806690e+00
  -4.1125914e+00
  -3.3046440e+00
  -2.3282869e+00
  -2.0633605e+00
  -2.9805800e+00
  -3.4906575e+00
  -4.3506754e+00
  -5.1512188e+00
  -3.4623511e+00
  -2.7115769e+00
  -2.3860787e+00
  -2.8164335e+00
  -2.1197433e+00
  -3.0584076e+00
  -3.2047080e+00
  -3.1380060e+00
  -3.6671764e+00
  -3.1465832e+00
  -2.7213562e+00
  -2.5921583e+00
  -2.1080224e+00
  -2.0003295e+00
  -3.9157657e+00
  -4.2959937e+00
  -4.5597455e+00
  -3.4741085e+00
  -3.7555997e+00
  -2.0310850e+00
  -1.4835231e+00
  -2.1361486e+00
  -2.3214686e+00
  -2.8593137e+00
  -3.4557037e+00
  -4.7263690e+00
  -4.7561107e+00
  -4.2138728e+00
  -3.3180805e+00
  -3.0318466e+00
  -2.8595479e+00
  -3.2592811e+00
  -2.6111478e+00
  -2.5079872e+00
  -2.8912597e+00
  -2.0730414e+00
  -1.7752089e+00
  -3.1360625e+00
  -3.4155314e+00
  -4.1131269e+00
  -5.5574417e+00
  -4.6967552e+00
  -3.4633626e+00
  -2.2390673e+00
  -1.4519699e+00
  -1.8801498e+00
  -2.2906879e+00
  -2.6695543e+00
  -4.1731487e+00
  -4.6058853e+00
  -4.3439394e+00
  -4.3290316e+00
  -3.5805413e+00
  -3.2384948e+00
  -3.5386479e+00
  -3.3041873e+00
  -4.0175097e+00
  -3.4461965e+00
  -3.8985348e+00
  -3.9007211e+00
  -3.7048614e+00
  -3.7291294e+00
  -3.2051323e+00
  -4.1504500e+00
  -3.8134401e+00
  -3.3477820e+00
  -2.9862951e+00
  -3.4620792e+00
  -4.0198493e+00
  -3.7454191e+00
  -3.7284501e+00
  -3.1186931e+00
  -4.1696172e+00
  -4.5118079e+00
  -3.4496419e+00
  -2.8090604e+00
  -2.8949470e+00
  -3.0037395e+00
  -3.0657766e+00
  -3.2694798e+00
  -2.7530578e+00
  -3.3411990e+00
  -3.5180653e+00
  -3.2923870e+00
  -3.6802335e+00
  -3.8060325e+00
  -3.3213624e+00
  -3.7651137e+00
  -2.3756271e+00
  -2.3545468e+00
  -3.0463256e+00
  -2.9639839e+00
  -4.3248479e+00
  -3.9003840e+00
  -3.4822548e+00
  -3.5972350e+00
  -2.4675322e+00
  -3.0274440e+00
  -3.5447103e+00
  -3.3687152e+00
  -4.7366698e+00
  -4.7521087e+00
  -4.8333704e+00
  -3.8809767e+00
  -3.4421378e+00
  -3.2625244e+00
  -3.4235387e+00
  -3.3049306e+00
  -3.8823104e+00
  -4.2507835e+00
  -3.9799724e+00
  -3.5036566e+00
  -3.9254679e+00
  -4.4269710e+00
  -3.8019172e+00
  -3.5330458e+00
  -3.6177272e+00
  -3.4531958e+00
  -2.6385140e+00
  -3.1278407e+00
  -3.4012127e+00
  -3.5022928e+00
  -3.0185340e+00
  -3.7454596e+00
  -3.9707527e+00
  -2.8650756e+00
  -3.4820128e+00
  -3.5289220e+00
  -3.2268475e+00
  -3.8050199e+00
  -3.8102836e+00
  -4.4095742e+00
  -4.4362905e+00
  -4.4693387e+00
  -3.9234262e+00
  -3.6756106e+00
  -3.8635464e+00
  -3.9398836e+00
  -3.9609124e+00
  -3.6517548e+00
  -4.3945101e+00
  -4.2932590e+00
  -4.0886735e+00
  -3.9853734e+00
  -4.1785667e+00
  -3.9405678e+00
  -3.6518942e+00
  -3.4937668e+00
  -3.5486460e+00
  -3.3088920e+00
  -3.3678122e+00
  -3.4982879e+00
  -3.7625555e+00
  -3.9971215e+00
  -4.2677539e+00
  -4.1278546e+00
  -3.6479296e+00
  -3.7326904e+00
  -2.8564182e+00
  -3.0304520e+00
  -3.2016077e+00
  -3.8701258e+00
