   3.4201021e+01
   3.4543995e+01
   3.4401013e+01
   3.3723161e+01
   3.3245646e+01
   3.2954375e+01
   3.3445129e+01
   3.4602792e+01
   3.5991980e+01
   3.7387462e+01
   3.8368263e+01
   3.8973893e+01
   3.9158570e+01
   3.8810133e+01
   3.7964228e+01
   3.6507165e+01
   3.4700913e+01
   3.3506095e+01
   3.4278962e+01
   3.6366841e+01
   3.8321538e+01
   3.9747621e+01
   4.0853092e+01
   4.1882607e+01
   4.3279184e+01
   4.5272100e+01
   4.7585406e+01
   4.9930843e+01
   5.2116312e+01
   5.4040923e+01
   5.5709855e+01
   5.7121435e+01
   5.8296331e+01
   5.9264136e+01
   6.0031150e+01
   6.0614519e+01
   6.1043512e+01
   6.1348770e+01
   6.1547191e+01
   6.1665787e+01
   6.1745625e+01
   6.1812219e+01
   6.1890887e+01
   6.1998753e+01
   6.2128831e+01
   6.2262280e+01
   6.2371993e+01
   6.2430279e+01
   6.2410073e+01
   6.2283580e+01
   6.2030261e+01
   6.1639022e+01
   6.1099385e+01
   6.0400972e+01
   5.9543813e+01
   5.8528682e+01
   5.7363907e+01
   5.6079042e+01
   5.4716341e+01
   5.3346068e+01
   5.2054231e+01
   5.0900768e+01
   4.9894491e+01
   4.8973877e+01
   4.8033614e+01
   4.6965801e+01
   4.5700219e+01
   4.4224738e+01
   4.2584550e+01
   4.0994907e+01
   3.9879357e+01
   3.9521692e+01
   3.9704935e+01
   3.9978943e+01
   4.0071683e+01
   3.9888818e+01
   3.9411800e+01
   3.8756460e+01
   3.8117824e+01
   3.7734355e+01
   3.7798323e+01
   3.8198264e+01
   3.8684243e+01
   3.9077321e+01
   3.9237047e+01
   3.9130969e+01
   3.8748149e+01
   3.8081859e+01
   3.7187506e+01
   3.6134705e+01
   3.5099441e+01
   3.4282788e+01
   3.3838042e+01
   3.3784380e+01
   3.3956555e+01
   3.4244975e+01
   3.4452660e+01
   3.4515305e+01
   3.4541903e+01
   3.4404427e+01
   3.4159339e+01
   3.3838023e+01
   3.3417817e+01
   3.3071573e+01
   3.2843133e+01
   3.2879152e+01
   3.3255424e+01
   3.3831170e+01
   3.4520228e+01
   3.5168327e+01
   3.5648076e+01
   3.5947615e+01
   3.6032339e+01
   3.5873642e+01
   3.5503099e+01
   3.4953695e+01
   3.4248816e+01
   3.3505169e+01
   3.2814231e+01
   3.2190246e+01
   3.1656336e+01
   3.1089438e+01
   3.0313988e+01
   2.9191309e+01
   2.7470863e+01
   2.4825908e+01
   2.0746493e+01
   1.6492426e+01
   1.9852136e+01
   2.4039407e+01
   2.6676993e+01
   2.8208806e+01
   2.8881022e+01
   2.8874806e+01
   2.8135155e+01
   2.6609403e+01
   2.3864604e+01
   1.8643590e+01
   8.3303058e+00
   1.7132655e+01
   2.2895902e+01
   2.5801969e+01
   2.7461139e+01
   2.8193244e+01
   2.8321414e+01
   2.7858562e+01
   2.6901012e+01
   2.5816365e+01
   2.5075638e+01
   2.5464753e+01
   2.6784694e+01
   2.8177527e+01
   2.9391457e+01
   3.0219391e+01
   3.0566211e+01
   3.0596639e+01
   3.0289673e+01
   2.9708992e+01
   2.9031474e+01
   2.8471673e+01
   2.8336047e+01
   2.8667874e+01
   2.9284894e+01
   2.9952876e+01
   3.0469634e+01
   3.0769898e+01
   3.0787447e+01
   3.0519221e+01
   2.9979489e+01
   2.9177359e+01
   2.8245034e+01
   2.7291743e+01
   2.6561277e+01
   2.6292168e+01
   2.6429374e+01
   2.6904428e+01
   2.7489308e+01
   2.7925553e+01
   2.8198154e+01
   2.8220240e+01
   2.7983607e+01
   2.7506085e+01
   2.6786220e+01
   2.5898462e+01
   2.4800818e+01
   2.3791440e+01
   2.3234244e+01
   2.3186471e+01
   2.3746591e+01
   2.4571212e+01
   2.5274331e+01
   2.5837879e+01
   2.6042324e+01
   2.5953463e+01
   2.5625731e+01
   2.4846006e+01
   2.3768487e+01
   2.2370430e+01
   2.0684049e+01
   1.9092602e+01
   1.8123298e+01
   1.8376771e+01
   1.9371565e+01
   2.0340741e+01
   2.1071428e+01
   2.1499123e+01
   2.1844597e+01
   2.1921022e+01
   2.1704960e+01
   2.1364108e+01
   2.0871589e+01
   2.0304774e+01
   1.9397026e+01
   1.8550619e+01
   1.8103312e+01
   1.8239812e+01
   1.9398219e+01
   2.0996612e+01
   2.2505550e+01
   2.3830683e+01
   2.4761842e+01
   2.5390406e+01
   2.5733423e+01
   2.5742450e+01
   2.5427460e+01
   2.4751140e+01
   2.3889444e+01
   2.3000481e+01
   2.2303626e+01
   2.2117370e+01
   2.2422043e+01
   2.3015844e+01
   2.3660882e+01
   2.4095496e+01
   2.4207221e+01
   2.4019816e+01
   2.3508367e+01
   2.2562936e+01
   2.1289685e+01
   1.9763976e+01
   1.8117960e+01
   1.7129814e+01
   1.7212586e+01
   1.7878699e+01
   1.8717130e+01
   1.9315461e+01
   1.9504595e+01
   1.9290941e+01
   1.8574464e+01
   1.7478253e+01
   1.5798971e+01
   1.3564013e+01
   1.0899360e+01
   6.7044338e+00
  -4.5591146e-01
  -2.0056015e+01
  -2.4249500e+00
   3.2659099e+00
   6.2981648e+00
   9.1842395e+00
   1.1352435e+01
   1.2818325e+01
   1.4003707e+01
   1.4876336e+01
   1.5316908e+01
   1.5296595e+01
   1.4869640e+01
   1.3824150e+01
   1.2127920e+01
   9.4316503e+00
   5.0679396e+00
   8.7962549e-01
   4.9211793e+00
   9.5170293e+00
   1.2444914e+01
   1.4191240e+01
   1.5367403e+01
   1.6033598e+01
   1.6328387e+01
   1.6160130e+01
   1.5441226e+01
   1.4444248e+01
   1.2713905e+01
   1.0123126e+01
   6.8188592e+00
   4.9408986e+00
   7.7057448e+00
   1.1110224e+01
   1.3545500e+01
   1.5212995e+01
   1.6138393e+01
   1.6702403e+01
   1.6803558e+01
   1.6388572e+01
   1.5585299e+01
   1.4057532e+01
   1.1985975e+01
   9.1365786e+00
   5.9711985e+00
   6.2183238e+00
   9.2060543e+00
   1.1720786e+01
   1.3473669e+01
   1.4441904e+01
   1.4879130e+01
   1.5055330e+01
   1.4789097e+01
   1.3673542e+01
   1.2344325e+01
   1.0733020e+01
   7.8050574e+00
   3.8333265e+00
  -3.5445077e+00
  -7.7717086e+00
   1.8828642e+00
   6.5397733e+00
   9.1645506e+00
   1.1124801e+01
   1.2372112e+01
   1.3408467e+01
   1.3795632e+01
   1.3809579e+01
   1.3652286e+01
   1.2827375e+01
   1.1452122e+01
   9.3145286e+00
   5.6530440e+00
  -9.7692983e-01
  -2.5748266e+00
   5.3394986e+00
   9.1967268e+00
   1.1730281e+01
   1.3129501e+01
   1.3959192e+01
   1.4481473e+01
   1.4103497e+01
   1.3342740e+01
   1.2247704e+01
   1.0166716e+01
   6.9557308e+00
   1.8252480e+00
  -4.1632201e+00
   2.3131249e+00
   6.8799228e+00
   9.6477950e+00
   1.1345282e+01
   1.2444183e+01
   1.3211179e+01
   1.3333798e+01
   1.3174640e+01
   1.2603801e+01
   1.1442106e+01
   9.9991951e+00
   7.3324614e+00
   2.8035167e+00
  -3.6183230e+00
  -6.3903648e-01
   5.1387103e+00
   8.5578651e+00
   1.0710990e+01
   1.2250987e+01
   1.3009933e+01
   1.3340623e+01
   1.3308826e+01
   1.2641660e+01
   1.1681690e+01
   1.0110460e+01
   7.3513887e+00
   3.0771236e+00
  -4.0077036e+00
  -2.6714378e+00
   3.5653191e+00
   7.2678587e+00
   9.5403112e+00
   1.0630574e+01
   1.1572868e+01
   1.1855868e+01
   1.1888866e+01
   1.1671426e+01
   1.0663722e+01
   9.4408021e+00
   7.2660254e+00
   3.9111235e+00
  -1.4974684e+00
  -2.4217364e+01
  -2.0667552e+00
   4.1266935e+00
   7.5437007e+00
   9.4623265e+00
   1.0864222e+01
   1.2000890e+01
   1.2289901e+01
   1.2033321e+01
   1.1406350e+01
   1.0481579e+01
   8.7876028e+00
   5.0363510e+00
  -3.4920971e-01
  -2.7578466e+00
   3.3864341e+00
   7.3243184e+00
   9.8443843e+00
   1.1551324e+01
   1.2746404e+01
   1.3298962e+01
   1.3428327e+01
   1.3329458e+01
   1.2522460e+01
   1.1223680e+01
   9.3710771e+00
   6.5406282e+00
   3.3638713e+00
   1.9187089e+00
   4.3765612e+00
   7.2582592e+00
   9.1985861e+00
   1.0853481e+01
   1.1906452e+01
   1.2268251e+01
   1.2580500e+01
   1.2349462e+01
   1.1547641e+01
   1.0432840e+01
   8.5701660e+00
   5.6631784e+00
   2.5197656e+00
   2.7978808e+00
   5.9214465e+00
   8.6896954e+00
   1.0865460e+01
   1.2228421e+01
   1.3045827e+01
   1.3412266e+01
   1.3353276e+01
   1.2928150e+01
   1.1852186e+01
   1.0362762e+01
   8.0748084e+00
   4.9440205e+00
   3.1393815e+00
   4.8014127e+00
   7.4709976e+00
   9.6845249e+00
   1.1137739e+01
   1.2104944e+01
   1.2525445e+01
   1.2579771e+01
   1.2238882e+01
   1.1327802e+01
   9.9200628e+00
   7.2851281e+00
   4.0532689e+00
   4.1002567e-01
  -2.6303211e-01
   3.4608800e+00
   6.8118745e+00
   8.6925030e+00
   9.9359208e+00
   1.0801831e+01
   1.1040227e+01
   1.0772608e+01
   1.0218287e+01
   9.2121270e+00
   7.2045297e+00
   4.5177578e+00
  -4.2182324e-02
  -9.2588822e+00
  -3.5657263e+00
   2.6250787e+00
   5.5579732e+00
   7.5601611e+00
   8.8522599e+00
   9.6676130e+00
   9.9249743e+00
   9.5791064e+00
   8.6541063e+00
   7.1688790e+00
   5.5456062e+00
   2.1161592e+00
  -4.5815014e+00
  -1.2129789e+01
  -3.8730794e+00
   1.5169131e+00
   4.2940898e+00
   6.2321019e+00
   7.4463746e+00
   7.9631258e+00
   8.1210181e+00
   7.8238365e+00
   7.2102438e+00
   6.2037947e+00
   4.5900710e+00
   2.5672040e+00
  -3.9784103e-01
  -2.4860769e+00
  -1.5897603e+00
  -7.2808262e-01
   1.7692362e+00
   4.0198466e+00
   5.1391857e+00
   5.6843958e+00
   5.8039873e+00
   6.2061256e+00
   5.9008143e+00
   5.1707036e+00
   4.2332359e+00
   2.8636687e+00
   1.7300825e+00
   5.5648102e-01
   4.1982813e-01
   1.5232284e-01
   1.3809645e+00
   2.6585075e+00
   2.8006855e+00
   3.0388677e+00
   3.4400535e+00
   3.5322582e+00
   3.8185300e+00
   3.9166197e+00
   3.8849544e+00
   4.1401793e+00
   4.1062942e+00
   3.7510207e+00
   3.7532344e+00
   3.1171412e+00
   1.8404162e+00
   4.1997726e-01
  -1.4737871e+00
  -2.4562588e+00
  -1.0654336e+00
   1.0944323e+00
   2.9385551e+00
   5.1269152e+00
   6.4980746e+00
   7.0186418e+00
   7.3070129e+00
   7.7012816e+00
   7.0631145e+00
   5.4700270e+00
   3.6212495e+00
  -3.1735344e-01
  -7.8422942e+00
  -1.1707173e+01
  -5.6095698e-01
   3.4451814e+00
   6.0391702e+00
   7.7493161e+00
   8.9289129e+00
   9.4643555e+00
   9.4779644e+00
   9.2563058e+00
   8.2581640e+00
   6.5789458e+00
   4.3788628e+00
   1.4824042e+00
  -2.1620336e-01
   1.9401117e+00
   5.0676312e+00
   7.5542726e+00
   9.3013852e+00
   1.0227879e+01
   1.0604108e+01
   1.0901707e+01
   1.0500426e+01
   9.5581693e+00
   8.4626054e+00
   6.3958568e+00
   4.0243774e+00
   2.6276522e+00
   3.2690475e+00
   5.4254221e+00
   7.9115921e+00
   9.6871479e+00
   1.0827207e+01
   1.1504797e+01
   1.1660260e+01
   1.1529980e+01
   1.0902311e+01
   9.8708613e+00
   8.7467463e+00
   6.8021156e+00
   4.0067031e+00
   2.2363003e+00
   3.5828244e+00
   6.3722731e+00
   8.4232512e+00
   9.7611196e+00
   1.0880261e+01
   1.1264085e+01
   1.1323155e+01
   1.1106291e+01
   1.0234601e+01
   9.2274401e+00
   7.5621361e+00
   5.1674467e+00
   3.2993837e+00
   3.4092844e+00
   5.3962316e+00
   7.5231338e+00
   9.1500500e+00
   1.0522207e+01
   1.1270060e+01
   1.1482589e+01
   1.1505847e+01
   1.1031955e+01
   1.0108618e+01
   8.6615619e+00
   6.5819044e+00
   4.3419349e+00
   2.1059913e+00
   1.8740919e+00
   4.1788830e+00
   6.5175755e+00
   8.1895981e+00
   9.5907794e+00
   1.0066629e+01
   1.0131291e+01
   1.0254243e+01
   9.6007765e+00
   8.4291440e+00
   6.9754810e+00
   4.6489305e+00
   1.0259280e+00
  -2.1338819e+00
  -1.8369742e-01
   2.8800247e+00
   5.2253115e+00
   7.3365633e+00
   8.4369802e+00
   9.2111446e+00
   9.5088049e+00
   9.1898600e+00
   8.5666774e+00
   7.1292768e+00
   5.2990121e+00
   2.7231463e+00
  -1.0828638e+00
  -3.6080227e+00
  -7.9441908e-01
   2.3166810e+00
   5.2522946e+00
   7.0655571e+00
   8.0171764e+00
   8.7595156e+00
   8.5927192e+00
   8.2143562e+00
   7.5036820e+00
   5.8927187e+00
   3.9890610e+00
   4.1962802e-01
  -5.7736523e+00
  -8.5132967e+00
  -2.0983474e+00
   1.9854912e+00
   4.4682215e+00
   5.7945118e+00
   6.7655906e+00
   7.0013224e+00
   6.8467944e+00
   6.0174672e+00
   4.2223551e+00
   2.1963001e+00
  -1.1311031e+00
  -7.2157999e+00
  -1.6329764e+01
  -4.6583722e+00
  -8.0531707e-01
   1.9931106e+00
   3.7264281e+00
   4.5986429e+00
   4.8811075e+00
   4.7843321e+00
   4.1160308e+00
   2.6604585e+00
   1.2270459e+00
   2.2306797e-01
  -2.5831532e+00
  -3.3539224e+00
  -2.6300449e+00
  -2.4007752e-01
   9.3592091e-01
   9.7099504e-01
   8.1391128e-01
   6.4497379e-01
  -6.8353361e-02
   2.0501162e-02
  -5.0439817e-01
  -9.1892238e-01
   7.6913678e-01
   1.7343964e+00
   3.1753110e+00
   3.3662170e+00
   3.4767743e+00
   2.7404926e+00
   1.7773681e+00
  -6.3690847e-02
  -3.6388828e+00
  -1.2944139e+01
  -9.2511103e+00
  -2.9216441e+00
   1.2244316e+00
   3.5021214e+00
   5.2382446e+00
   6.3160907e+00
   6.9073641e+00
   7.1102228e+00
   6.3025967e+00
   5.3612069e+00
   3.1631077e+00
   3.3888574e-01
  -3.8888600e+00
  -8.1224566e+00
  -2.5736044e+00
   2.1744853e+00
   4.7709460e+00
   6.4469605e+00
   7.6057631e+00
   8.2598328e+00
   8.1413789e+00
   7.5327791e+00
   6.8697226e+00
   5.2078270e+00
   2.8129085e+00
  -8.4915276e-02
  -2.8898142e+00
  -1.4333519e+00
   2.0088741e+00
   4.6031550e+00
   6.2732569e+00
   7.4604072e+00
   8.1138397e+00
   8.4190493e+00
   8.2569336e+00
   7.4739448e+00
   6.3924458e+00
   4.4132665e+00
   1.9262171e+00
  -1.0448860e+00
  -3.4084683e+00
  -9.2708361e-01
   2.7325853e+00
   5.0512150e+00
   6.5610278e+00
   7.5776496e+00
   8.4565216e+00
   8.4532990e+00
   7.7978860e+00
   7.1751472e+00
   5.5227668e+00
   3.3397460e+00
   4.7519156e-01
  -2.6042997e+00
  -1.4593403e+00
   1.6643488e+00
   4.3920530e+00
   6.6566995e+00
   7.6867907e+00
   8.4966603e+00
   8.8485616e+00
   8.6067112e+00
   8.3306507e+00
   7.4551358e+00
   6.0888327e+00
   3.8257077e+00
   7.6070585e-01
  -1.1801915e+00
  -1.1714980e-01
   2.5471254e+00
   4.9582248e+00
   6.5398462e+00
   7.6350444e+00
   8.4030283e+00
   8.6882019e+00
   8.4907069e+00
   7.9601116e+00
   7.0547428e+00
   5.4353852e+00
   3.3074333e+00
   9.4961974e-01
  -3.0320009e-01
   1.3032077e+00
   3.5868815e+00
   5.3893095e+00
   7.1436502e+00
   8.0100318e+00
   8.2548315e+00
   8.4598855e+00
   7.8757818e+00
   6.9044032e+00
   5.6838001e+00
   3.4887281e+00
   6.0317878e-01
  -3.1919424e+00
  -4.4370874e+00
  -1.0124032e+00
   2.5263601e+00
   4.4877476e+00
   5.4396957e+00
   6.3603792e+00
   6.5006539e+00
   5.8535568e+00
   4.9343077e+00
   3.4157332e+00
   7.1362102e-01
  -3.8189350e+00
  -1.1106301e+01
  -1.0919426e+01
  -3.0157786e+00
   7.0476610e-01
   2.5163442e+00
   3.4710377e+00
   4.3734236e+00
   4.5000364e+00
   4.1159203e+00
   3.6297309e+00
   2.1300598e+00
  -4.7562376e-01
  -3.7604611e+00
  -1.1093672e+01
  -1.1912713e+01
  -5.9965546e+00
  -2.5272057e+00
  -3.3781896e-02
   1.4361225e+00
   1.9890984e+00
   2.4817957e+00
   1.9697191e+00
   6.6515291e-01
  -6.1201464e-01
  -3.1667836e+00
  -6.4963416e+00
  -1.0253741e+01
  -6.9235921e+00
  -3.4544565e+00
  -6.0020739e-01
   4.1985479e-01
   1.2729367e+00
   1.8731257e+00
   1.5387164e+00
   5.6167400e-01
  -2.5352664e-03
  -2.4888053e+00
  -5.6405517e+00
  -5.2507202e+00
  -3.9132192e+00
  -1.7240277e+00
  -4.3641803e-01
   3.5754901e-01
   8.3503915e-01
   1.1224888e+00
   2.8343910e-01
  -1.3833994e+00
  -3.8265058e+00
  -7.1300348e+00
  -1.1103595e+01
  -6.4097155e+00
  -1.8666296e+00
   9.4172268e-01
   1.8725651e+00
   3.4900855e+00
   4.0865625e+00
   3.7591744e+00
   3.9679653e+00
   2.9069010e+00
   7.5194818e-01
  -1.5658305e+00
  -6.4292101e+00
  -1.7141273e+01
  -9.6738966e+00
  -2.1384840e+00
   7.2211040e-01
   2.7407159e+00
   4.3861988e+00
   5.0412194e+00
   5.0432151e+00
   4.8009012e+00
   4.2216308e+00
   2.8345757e+00
   1.1694426e+00
  -1.9181619e+00
  -7.0792843e+00
  -7.6384771e+00
  -2.8716116e+00
   6.2256983e-01
   3.4844206e+00
   4.8203755e+00
   5.8248848e+00
   6.2938260e+00
   6.0663033e+00
   5.7071317e+00
   4.6065625e+00
   2.9637038e+00
   2.0889375e-01
  -3.5102145e+00
  -4.8813254e+00
  -2.1021502e+00
   6.4203937e-01
   3.1930833e+00
   4.9922309e+00
   5.8785370e+00
   6.5876537e+00
   6.4247217e+00
   5.6871118e+00
   5.1004079e+00
   3.6215213e+00
   1.6262788e+00
  -1.6171127e+00
  -6.0080427e+00
  -4.7172903e+00
  -5.0678733e-01
   2.3101452e+00
   4.3408939e+00
   5.1511178e+00
   6.0026528e+00
   6.4825123e+00
   6.0894112e+00
   5.8029065e+00
   4.5790572e+00
   2.9844753e+00
   1.0863912e+00
  -1.7670610e+00
  -3.2928018e+00
  -1.6059387e+00
   1.2664248e+00
   3.7382993e+00
   4.8955138e+00
   6.1472404e+00
   6.9036830e+00
   6.8671599e+00
   6.6643467e+00
   5.9180071e+00
   4.9773847e+00
   3.2542633e+00
   4.1511262e-01
  -2.1761413e+00
  -2.7792892e+00
  -9.2089462e-01
   1.5175583e+00
   3.8454426e+00
   5.2516888e+00
   6.0539224e+00
   6.6408468e+00
   6.5879981e+00
   6.0344965e+00
   5.0223633e+00
   3.5039887e+00
   1.4708481e+00
  -1.4573902e+00
  -4.5675274e+00
  -4.3595588e+00
  -1.0718142e+00
   1.3625216e+00
   3.0254826e+00
   4.5643718e+00
   5.1437575e+00
   5.2369874e+00
   5.1409654e+00
   4.4324259e+00
   3.3084716e+00
   1.5976749e+00
  -4.8055233e-01
  -4.5419724e+00
  -1.1449811e+01
  -9.0245604e+00
  -3.5752238e+00
  -5.1937517e-01
   1.6791805e+00
   2.9987965e+00
   3.3370868e+00
   3.3928454e+00
   3.0495599e+00
   2.0063824e+00
   5.7033971e-01
  -1.5247864e+00
  -5.4654801e+00
  -1.2302288e+01
  -1.2581373e+01
  -7.2907123e+00
  -3.4652536e+00
  -1.3185041e+00
  -2.0051209e-01
   9.0571273e-01
   1.0689590e+00
   2.5314868e-01
  -9.5216713e-01
  -2.5656233e+00
  -4.1983309e+00
  -6.2835984e+00
  -5.9822715e+00
  -4.7803609e+00
  -3.7254761e+00
  -2.6482085e+00
  -1.7380992e+00
  -1.6314563e+00
  -2.0004883e+00
  -2.3239713e+00
  -3.6544275e+00
  -3.9173182e+00
  -5.9508163e+00
  -3.6316605e+00
  -2.6576844e+00
  -1.8088541e+00
  -8.1203706e-01
  -3.7035243e-01
   2.9685825e-01
  -6.7743545e-01
  -1.2862177e+00
  -3.2118271e+00
  -5.9083268e+00
  -1.0445991e+01
  -1.1948947e+01
  -7.4908025e+00
  -3.6709353e+00
  -1.2122485e+00
   5.6347460e-01
   1.3525859e+00
   2.1700522e+00
   2.8138491e+00
   1.9180547e+00
   2.4847856e-01
  -1.2933270e+00
  -3.7701342e+00
  -1.1723067e+01
  -2.2116602e+01
  -1.0284644e+01
  -3.8371017e+00
  -6.3967976e-01
   1.7215730e+00
   2.8877620e+00
   3.5437936e+00
   3.4387051e+00
   3.2800057e+00
   2.7503737e+00
   8.8043765e-01
  -1.2845966e+00
  -5.1013592e+00
  -1.0582662e+01
  -9.2630524e+00
  -3.8976988e+00
  -1.3165147e-01
   1.8773899e+00
   2.9719807e+00
   4.3820752e+00
   4.5492872e+00
   4.6387427e+00
   4.2227501e+00
   2.5999229e+00
   1.0923074e+00
  -1.3411876e+00
  -4.1091114e+00
  -5.2546993e+00
  -3.2800983e+00
   1.0429722e-01
   2.4634150e+00
   3.8937225e+00
   5.0482151e+00
   5.3404023e+00
   5.6135102e+00
   5.3072785e+00
   4.5325274e+00
   3.5048765e+00
   1.4435235e+00
  -8.4510905e-01
  -2.8514295e+00
  -2.3086624e+00
   5.6671152e-01
   2.5077552e+00
   3.8730990e+00
   5.3238373e+00
   6.0599092e+00
   6.3612774e+00
   6.1458225e+00
   5.5409495e+00
   4.7575173e+00
   3.3858792e+00
   1.2198277e+00
  -1.3766253e+00
  -2.9517950e+00
  -1.9507575e+00
   5.7209194e-01
   2.9914620e+00
   4.4722697e+00
   5.3283909e+00
   5.8262374e+00
   5.8133384e+00
   5.4820038e+00
   4.8538777e+00
   3.4130725e+00
   1.2084886e+00
  -1.4492675e+00
  -4.4233967e+00
  -4.8746190e+00
  -2.1967498e+00
   4.3445381e-01
   2.3184949e+00
   3.3438619e+00
   4.1594837e+00
   4.3337965e+00
   3.9345543e+00
   3.4722972e+00
   1.7097725e+00
  -1.0451208e-02
  -2.7219946e+00
  -8.4358476e+00
  -9.5945009e+00
  -4.5984101e+00
  -1.8909130e+00
   6.8580246e-01
   2.2020634e+00
   2.9115908e+00
   3.0129643e+00
   2.5907943e+00
   2.2745702e+00
   2.8864007e-01
  -1.7497960e+00
  -5.0521184e+00
  -1.2308962e+01
  -2.1945100e+01
  -7.5041937e+00
  -3.7413772e+00
  -6.8759453e-01
   6.5565020e-01
   1.7188847e+00
   2.1673855e+00
   1.2803088e+00
   8.7664620e-01
   8.2473556e-03
  -1.4051469e+00
  -4.5527487e+00
  -8.6043866e+00
  -1.4034882e+01
  -1.0330206e+01
  -7.0017544e+00
  -3.7349131e+00
  -2.1859065e+00
  -1.7998116e+00
  -1.5710484e+00
  -1.1524469e+00
  -8.3855860e-01
  -2.4260766e+00
  -2.5345035e+00
  -3.0682282e+00
  -5.4137863e+00
  -4.7355706e+00
  -4.7845034e+00
  -4.5855541e+00
  -5.1691348e+00
  -4.4997411e+00
  -4.0854245e+00
  -4.1902066e+00
  -3.6002721e+00
  -4.6401785e+00
  -4.6771307e+00
  -5.2663870e+00
  -4.8889254e+00
  -3.7253986e+00
  -3.4407312e+00
  -2.7823127e+00
  -3.4343558e+00
  -3.3763114e+00
  -3.2436207e+00
  -4.0310594e+00
  -4.9521103e+00
  -5.6092088e+00
  -6.0769138e+00
  -7.9955425e+00
  -5.7803558e+00
  -5.0404964e+00
  -3.3290031e+00
  -3.1018864e+00
  -1.8569004e+00
  -1.0866716e+00
  -1.4559913e+00
  -1.0178092e+00
  -1.8003389e+00
  -3.5108039e+00
  -4.9799285e+00
  -5.5967043e+00
  -1.0718782e+01
  -1.6925977e+01
  -1.1392396e+01
  -5.8231345e+00
  -3.4743337e+00
  -1.8402230e+00
  -2.0750441e-01
   7.0214535e-01
   1.0075245e+00
   4.4308712e-01
  -4.8720907e-01
  -1.2229083e+00
  -3.3058096e+00
  -7.1119121e+00
  -1.3674369e+01
  -1.8736895e+01
  -8.7062427e+00
  -4.5490843e+00
  -1.9988587e+00
  -1.1493627e-01
   9.7448272e-01
   9.8047167e-01
   9.0553006e-01
   2.1109207e-01
  -1.1648651e+00
  -3.2311681e+00
  -7.4781816e+00
  -1.5482992e+01
  -1.1881680e+01
  -5.9326753e+00
  -2.5574212e+00
  -2.0125203e-02
   1.6468058e+00
   2.2455375e+00
   2.4383969e+00
   2.1040562e+00
   1.3792545e+00
   2.3243885e-01
  -2.0950996e+00
  -5.0185817e+00
  -9.1784305e+00
  -1.0964825e+01
  -6.1902364e+00
  -2.7107235e+00
   3.1989801e-02
   1.4969556e+00
   2.6945985e+00
   3.5543616e+00
   3.4027401e+00
   3.0606424e+00
   2.0286393e+00
   3.2606989e-01
  -1.6282464e+00
  -5.0682345e+00
  -9.7504085e+00
  -1.0753075e+01
  -6.2405715e+00
  -2.3154533e+00
   2.5050358e-01
   1.3405320e+00
   1.9769718e+00
   2.5147124e+00
   2.4447428e+00
   1.8288723e+00
   7.9463904e-01
  -6.5420142e-01
  -3.2964278e+00
  -7.8656138e+00
  -1.0809752e+01
  -6.7047594e+00
  -2.8388736e+00
  -2.5741763e-01
   1.3484584e+00
   2.3358777e+00
   2.8512677e+00
   3.1580611e+00
   3.1851287e+00
   2.3485614e+00
   1.3773049e+00
  -4.2689710e-01
  -3.5352324e+00
  -7.0450248e+00
  -9.9426852e+00
  -6.8409187e+00
  -3.2683559e+00
  -5.8768617e-01
   1.2936294e+00
   2.1900784e+00
   2.9879192e+00
   3.0643013e+00
   2.5169450e+00
   1.8898441e+00
   1.5743260e-01
  -2.6362320e+00
  -7.3032503e+00
  -1.3297809e+01
  -1.1866219e+01
  -5.8439807e+00
  -2.4631214e+00
  -2.7148603e-01
   4.9414157e-01
   1.1817489e+00
   1.1571211e+00
   4.1066581e-01
  -9.6842582e-01
  -1.8784625e+00
  -3.7854444e+00
  -8.6087059e+00
  -1.4201527e+01
  -1.2879689e+01
  -8.2136074e+00
  -5.9677495e+00
  -3.1725416e+00
  -3.5423054e+00
  -2.6234722e+00
  -2.7298059e+00
  -3.3002885e+00
  -4.2802355e+00
  -5.1878711e+00
  -5.8278862e+00
  -6.9329497e+00
  -7.0156556e+00
  -6.5867504e+00
  -5.7476801e+00
  -5.1016326e+00
  -5.0613639e+00
  -4.3510428e+00
  -4.2498674e+00
  -4.7098724e+00
  -4.8075307e+00
  -5.5672767e+00
  -5.4089973e+00
  -5.3839321e+00
  -3.8620476e+00
  -3.8700967e+00
  -3.7230089e+00
  -3.8033575e+00
  -4.3371591e+00
  -5.5916339e+00
  -6.1685663e+00
  -8.4160713e+00
  -9.0277405e+00
  -6.9824343e+00
  -7.4339796e+00
  -6.1144585e+00
  -4.5694602e+00
  -3.2599763e+00
  -2.8980437e+00
  -2.3511684e+00
  -1.7218106e+00
  -3.5209300e+00
  -4.1273165e+00
  -4.0134646e+00
  -8.6542404e+00
  -1.1904900e+01
  -1.1935511e+01
  -1.1779767e+01
  -7.5322421e+00
  -4.0293301e+00
  -2.9515404e+00
  -1.6146780e+00
  -1.0921364e+00
  -5.4304711e-01
  -8.5175236e-01
  -1.9885524e+00
  -3.0984215e+00
  -5.4044401e+00
  -7.5400250e+00
  -1.2592303e+01
  -2.1624578e+01
  -1.2317415e+01
  -7.7765293e+00
  -5.0464538e+00
  -2.4847476e+00
  -9.2583344e-01
  -4.7143947e-01
  -3.7917444e-01
  -7.5725554e-02
  -5.6917826e-01
  -1.8585897e+00
  -3.3252819e+00
  -6.3533501e+00
  -1.2523481e+01
  -2.3733217e+01
  -1.2997514e+01
  -6.2399706e+00
  -3.2200350e+00
  -1.1477532e+00
  -8.3881284e-02
   7.0143576e-01
   8.4396670e-01
   6.7306330e-01
   1.7788459e-02
  -1.3602603e+00
  -3.6934802e+00
  -7.5817036e+00
  -1.2658983e+01
  -1.3136723e+01
  -7.4282161e+00
  -3.4329510e+00
  -1.0190337e+00
  -2.3933530e-01
   1.3980630e+00
   1.6428335e+00
   1.3295012e+00
   1.0837256e+00
  -2.0666726e-01
  -1.9156096e+00
  -4.9637545e+00
  -8.7480827e+00
  -1.4270803e+01
  -1.1113852e+01
  -5.9693798e+00
  -2.3271884e+00
  -7.5670825e-01
   4.4418741e-01
   1.1615440e+00
   1.5568958e+00
   1.5696357e+00
   3.6575925e-01
  -6.6904101e-01
  -2.4461558e+00
  -5.9333521e+00
  -1.0610863e+01
  -1.8853921e+01
  -1.1608244e+01
  -6.1736342e+00
  -3.2757607e+00
  -1.1764998e+00
   3.3400479e-01
   1.1481889e+00
   1.3378138e+00
   7.6989932e-01
  -4.0978845e-01
  -2.1426650e+00
  -4.2623037e+00
  -8.9383158e+00
  -1.8044173e+01
  -1.6492052e+01
  -8.3773647e+00
  -5.5485818e+00
  -2.2316624e+00
  -1.0472794e+00
  -5.1741843e-01
  -1.2065169e-01
  -6.9779124e-01
  -1.3826231e+00
  -2.5137053e+00
  -3.9888891e+00
  -6.3573648e+00
  -8.5459620e+00
  -1.6987491e+01
  -1.8220056e+01
  -1.2402324e+01
  -6.7689753e+00
  -4.9219714e+00
  -2.9630183e+00
  -1.3736807e+00
  -4.7291683e-01
   4.5158617e-01
   4.2114084e-01
  -4.4187369e-01
  -1.0407908e+00
  -2.3561931e+00
  -5.7695274e+00
  -8.8164482e+00
  -8.7037336e+00
  -5.9248598e+00
  -3.1203580e+00
   4.3794992e-02
   1.9107317e+00
   2.7720144e+00
   3.5530434e+00
   3.9630522e+00
   3.6277156e+00
   2.9664707e+00
   1.9483719e+00
   1.9920358e-01
  -1.8855567e+00
  -4.7690228e+00
  -8.4480257e+00
  -7.7918209e+00
  -3.7363802e+00
  -1.5523973e+00
  -3.5318054e-01
   9.7266225e-01
   9.9958255e-01
   6.3871029e-01
   4.9816068e-02
  -6.9078716e-01
  -2.0191013e+00
  -3.7232918e+00
  -4.8457326e+00
  -7.3511499e+00
  -8.8626555e+00
  -1.0707684e+01
  -8.5767088e+00
  -1.0153801e+01
  -8.4757705e+00
  -8.3825540e+00
  -7.9003807e+00
  -6.3839218e+00
  -5.0137763e+00
  -4.2424684e+00
  -4.0910318e+00
  -3.3482219e+00
  -3.9005906e+00
  -4.4197830e+00
  -4.7338518e+00
  -5.8684090e+00
  -8.0382373e+00
  -1.1740597e+01
  -1.2411730e+01
  -9.8266432e+00
  -7.1158707e+00
  -5.7903033e+00
  -3.8278360e+00
  -3.3216784e+00
  -1.7458616e+00
  -1.1171284e+00
  -2.7039304e+00
  -3.4567128e+00
  -6.0958288e+00
  -7.2326869e+00
  -9.5548679e+00
  -2.1968910e+01
  -1.7053970e+01
  -9.4360971e+00
  -5.8152315e+00
  -3.9378913e+00
  -2.2331322e+00
  -1.2482621e+00
  -1.2763834e+00
  -1.5044936e+00
  -1.9266047e+00
  -3.4504298e+00
  -4.9560442e+00
  -7.0955116e+00
  -1.3562617e+01
  -2.7242616e+01
  -1.3562699e+01
  -6.9806268e+00
  -4.4200274e+00
  -2.1636391e+00
  -4.8359834e-01
  -2.6899555e-01
   3.7781325e-01
   2.7166404e-01
   3.0588602e-02
  -2.9275700e-01
  -1.6025112e+00
  -3.8599782e+00
  -6.6500064e+00
  -7.6401210e+00
  -6.5241646e+00
  -4.3240425e+00
  -1.5419386e+00
   5.7199201e-01
   2.1185389e+00
   3.0154485e+00
   3.4915944e+00
   3.7713945e+00
   3.2979728e+00
   2.8255353e+00
   2.0160653e+00
   6.8920407e-01
  -6.7861832e-01
  -1.9790841e+00
  -1.7911545e+00
  -4.9420449e-01
   7.2218543e-01
   2.0835553e+00
   2.9827917e+00
   3.4671379e+00
   3.6459347e+00
   3.1766521e+00
   2.5666061e+00
   1.3454679e+00
  -9.1918789e-01
  -4.2698418e+00
  -9.8756119e+00
  -1.2844422e+01
  -7.5423198e+00
  -3.7950052e+00
  -1.8255086e+00
  -4.2700975e-01
   2.6939777e-01
   1.1734411e-01
  -7.5294524e-01
  -1.6859710e+00
  -3.7333677e+00
  -8.0819924e+00
  -1.3982505e+01
  -2.1905112e+01
  -1.1364438e+01
  -6.9407460e+00
  -3.3786760e+00
  -2.0398979e+00
  -8.9213893e-01
  -9.8268128e-01
  -9.7598802e-01
  -1.4861288e+00
  -3.4809289e+00
  -3.8917113e+00
  -5.7096720e+00
  -9.4403808e+00
  -1.6146504e+01
  -1.6846822e+01
  -1.2315283e+01
  -7.9689362e+00
  -5.5367442e+00
  -4.5813999e+00
  -3.4899281e+00
  -2.8499063e+00
  -3.1407242e+00
  -3.0614223e+00
  -3.2225402e+00
  -3.8538188e+00
  -5.8170810e+00
  -7.6235465e+00
  -1.0120037e+01
  -1.8167714e+01
  -1.3161555e+01
  -1.0898180e+01
  -8.7050413e+00
  -7.6293001e+00
  -5.4614514e+00
  -4.5558986e+00
  -4.0085131e+00
  -3.7521438e+00
  -4.0332169e+00
  -5.0489605e+00
  -5.5050613e+00
  -4.8731509e+00
  -6.3936409e+00
  -7.6708913e+00
  -8.3254267e+00
  -8.4470378e+00
  -9.5359688e+00
  -1.0107971e+01
  -7.9418587e+00
  -7.8331823e+00
  -6.0643026e+00
  -4.6710831e+00
  -4.6856247e+00
  -4.9380042e+00
  -5.3859054e+00
  -5.7542981e+00
  -5.9627587e+00
  -7.0910467e+00
  -9.0792818e+00
  -9.3921886e+00
  -1.0299894e+01
  -1.1425585e+01
  -8.9811844e+00
  -8.0396990e+00
  -6.0551619e+00
  -5.6060582e+00
  -4.6929348e+00
  -4.3369669e+00
  -4.8239423e+00
  -4.8431751e+00
  -5.3552642e+00
  -6.3272789e+00
  -8.3372637e+00
  -9.3244047e+00
  -1.2067025e+01
  -1.2181231e+01
  -1.0212795e+01
  -1.0929538e+01
  -9.2066971e+00
  -6.1946450e+00
  -5.7012386e+00
  -4.3055697e+00
  -3.6226821e+00
  -3.2855371e+00
  -3.5588032e+00
  -4.5570483e+00
  -6.9737817e+00
  -9.5162693e+00
  -1.1863869e+01
  -2.1303976e+01
  -1.4359572e+01
  -1.0365501e+01
  -6.2377864e+00
  -3.7257920e+00
  -1.6240828e+00
  -1.3860361e+00
  -1.3256426e+00
  -1.5475107e+00
  -2.1657597e+00
  -3.2453912e+00
  -5.7711424e+00
  -1.0153768e+01
  -1.9371429e+01
  -2.2957276e+01
  -1.1673672e+01
  -6.6148555e+00
  -3.1859365e+00
  -2.0237770e+00
  -1.2905019e+00
  -2.8512665e-01
  -4.2936315e-01
  -1.3049186e+00
  -2.9493046e+00
  -4.7576273e+00
  -7.9771654e+00
  -1.4337479e+01
  -2.7089221e+01
  -1.4401790e+01
  -8.4439727e+00
  -4.3671820e+00
  -2.3336376e+00
  -1.9558938e+00
  -1.1991079e+00
  -3.9265013e-01
  -1.0234575e+00
  -1.8516623e+00
  -3.4314254e+00
  -5.9726869e+00
  -8.4837093e+00
  -1.6352225e+01
  -2.0523599e+01
  -1.0400658e+01
  -5.6325451e+00
  -3.8253125e+00
  -2.2522033e+00
  -1.3895430e+00
  -6.7061815e-01
  -5.4117548e-01
  -1.5547241e+00
  -2.8984101e+00
  -4.0897927e+00
  -6.6851802e+00
  -1.1609262e+01
  -2.1720046e+01
  -1.8812817e+01
  -1.1339554e+01
  -6.5386269e+00
  -4.2304854e+00
  -2.8685257e+00
  -1.4349664e+00
  -1.6031168e+00
  -1.9380049e+00
  -2.4478649e+00
  -3.5201602e+00
  -4.9711496e+00
  -9.2708233e+00
  -1.4204522e+01
  -2.2770214e+01
  -1.4396989e+01
  -9.3961062e+00
  -6.8399882e+00
  -4.5784050e+00
  -3.0523309e+00
  -2.1785254e+00
  -2.0919347e+00
  -2.5226750e+00
  -3.0636760e+00
  -4.7836456e+00
  -7.4430060e+00
  -1.0336681e+01
  -1.9414964e+01
  -1.6247196e+01
  -1.1574072e+01
  -8.6329220e+00
  -7.7870211e+00
  -5.5213307e+00
  -4.4587059e+00
  -4.8379818e+00
  -4.4264048e+00
  -4.5854983e+00
  -5.6669062e+00
  -6.5157373e+00
  -8.8760206e+00
  -9.9200497e+00
  -1.0975679e+01
  -1.2227341e+01
  -1.0645137e+01
  -1.0264372e+01
  -7.8625983e+00
  -8.3041085e+00
  -6.5866925e+00
  -6.1193140e+00
  -6.0828038e+00
  -4.7221539e+00
  -4.4744075e+00
  -4.4413584e+00
  -5.8211560e+00
  -7.2392970e+00
  -8.4377636e+00
  -1.3437977e+01
  -1.7686666e+01
  -1.3551475e+01
  -1.0410486e+01
  -7.7846762e+00
  -4.3584675e+00
  -2.4655536e+00
  -1.9425851e+00
  -1.7767654e+00
  -1.7188654e+00
  -2.5538826e+00
  -3.3484846e+00
  -4.8529436e+00
  -8.9203963e+00
  -1.3214324e+01
  -1.3991906e+01
  -9.7131090e+00
  -6.1962574e+00
  -4.1618727e+00
  -2.6909416e+00
  -1.8038563e+00
  -1.6171366e+00
  -1.4307202e+00
  -2.2288294e+00
  -2.6072903e+00
  -4.1169082e+00
  -6.0110670e+00
  -7.1796905e+00
  -1.1347455e+01
  -1.6562419e+01
  -1.7771345e+01
  -1.5123026e+01
  -1.1247658e+01
  -8.8230008e+00
  -6.9198900e+00
  -4.6942081e+00
  -4.1130316e+00
  -3.1317066e+00
  -3.0677642e+00
  -3.2272381e+00
  -3.4402325e+00
  -3.7967050e+00
  -5.5936228e+00
  -7.4147107e+00
  -1.0272299e+01
  -1.7577318e+01
  -2.3497718e+01
  -1.5601267e+01
  -8.8013469e+00
  -5.4713600e+00
  -4.4716017e+00
  -3.6426920e+00
  -2.6493730e+00
  -3.0559384e+00
  -2.8955092e+00
  -3.6203185e+00
  -4.9830529e+00
  -7.6549096e+00
  -1.1432662e+01
  -1.8461219e+01
  -1.8248364e+01
  -1.4392266e+01
  -9.7832249e+00
  -6.4273291e+00
  -5.1768207e+00
  -3.7715285e+00
  -3.4757034e+00
  -3.4747241e+00
  -3.3321979e+00
  -4.3747946e+00
  -6.2884090e+00
  -9.0620290e+00
  -1.4473124e+01
  -2.0736765e+01
  -1.8406797e+01
  -9.8012641e+00
  -6.3366287e+00
  -4.2985049e+00
  -2.7184412e+00
  -1.9555847e+00
  -2.0685575e+00
  -2.0060158e+00
  -2.6108980e+00
  -4.1350415e+00
  -6.5986109e+00
  -9.9732685e+00
  -1.5406888e+01
  -2.2507089e+01
  -1.1613575e+01
  -7.2590433e+00
  -4.8630255e+00
  -2.7959503e+00
  -1.7191800e+00
  -1.8083937e+00
  -1.1023531e+00
  -1.5392428e+00
  -2.7603386e+00
  -3.4143801e+00
  -5.5445426e+00
  -7.1964227e+00
  -1.0663471e+01
  -1.7460645e+01
  -1.3651039e+01
  -7.0055340e+00
  -4.5572371e+00
  -3.1682061e+00
  -2.2001873e+00
  -9.8519210e-01
   7.6842379e-02
  -5.1527963e-01
  -4.7486610e-01
  -9.7072256e-01
  -2.5477824e+00
  -4.4286296e+00
  -7.4470670e+00
  -1.0213800e+01
  -1.1103264e+01
  -9.3208603e+00
  -6.4106593e+00
  -4.0235194e+00
  -2.5669979e+00
  -2.0052451e+00
  -2.1291278e+00
  -1.9275706e+00
  -3.7068158e+00
  -5.3374612e+00
  -7.1855523e+00
  -1.3585421e+01
  -1.9210359e+01
  -1.4604592e+01
  -1.3191500e+01
  -8.2405315e+00
  -5.9020312e+00
  -5.7120347e+00
  -4.7996994e+00
  -5.2094237e+00
  -5.1822222e+00
  -6.4989601e+00
  -7.3001485e+00
  -7.5222832e+00
  -9.0758970e+00
  -8.9766037e+00
  -1.1947190e+01
  -1.2408379e+01
  -1.2082167e+01
  -1.1608896e+01
  -9.0966021e+00
  -8.0924321e+00
  -7.1069204e+00
  -7.1000929e+00
  -5.8289286e+00
  -6.2041250e+00
  -6.5577855e+00
  -5.8993408e+00
  -7.3322694e+00
  -9.1615712e+00
  -1.1646708e+01
  -1.2704173e+01
  -1.5101109e+01
  -1.2236975e+01
  -1.0004785e+01
  -8.1121115e+00
  -6.1558439e+00
  -5.6570207e+00
  -5.7269393e+00
  -4.8813767e+00
  -5.2247357e+00
  -6.2406972e+00
  -6.5319343e+00
  -6.9981358e+00
  -7.8091393e+00
  -1.1203974e+01
  -1.4598040e+01
  -1.5525577e+01
  -1.3859560e+01
  -1.0731634e+01
  -8.9360967e+00
  -6.8892027e+00
  -5.0014216e+00
  -4.2121553e+00
  -3.2893332e+00
  -3.1961552e+00
  -3.7467445e+00
  -4.5178752e+00
  -5.5617237e+00
  -8.2746868e+00
  -1.3368978e+01
  -1.5521292e+01
  -2.4288032e+01
  -1.1231500e+01
  -8.6361063e+00
  -6.2811386e+00
  -5.1220980e+00
  -3.4039902e+00
  -3.4961152e+00
  -4.1873773e+00
  -4.0664827e+00
  -6.3431491e+00
  -7.5692355e+00
  -1.1164057e+01
  -1.4368700e+01
  -1.5187336e+01
  -1.5054230e+01
  -1.0136831e+01
  -9.1529690e+00
  -6.4381740e+00
  -5.6147241e+00
  -5.4626072e+00
  -5.1102155e+00
  -4.7433060e+00
  -4.9751382e+00
  -6.5769000e+00
  -7.8764578e+00
  -1.0141274e+01
  -1.4932305e+01
  -1.9159391e+01
  -1.4290273e+01
  -1.0792882e+01
  -7.0369356e+00
  -5.8332499e+00
  -4.8748457e+00
  -3.4142444e+00
  -3.2388498e+00
  -3.4489150e+00
  -4.3034660e+00
  -5.4414117e+00
  -7.2912834e+00
  -1.0407802e+01
  -1.6401643e+01
  -2.1335602e+01
