   0.0000000e+00
  -2.6748225e+00
  -5.2440031e+00
  -7.8039638e+00
  -1.0297816e+01
  -1.2709029e+01
  -1.5092046e+01
  -1.7489797e+01
  -1.9962588e+01
  -2.2484117e+01
  -2.5034492e+01
  -2.7611564e+01
  -3.0183643e+01
  -3.2746204e+01
  -3.5275452e+01
  -3.7736139e+01
  -4.0072156e+01
  -4.2209242e+01
  -4.4290195e+01
  -4.6523484e+01
  -4.8873400e+01
  -5.1270800e+01
  -5.3657372e+01
  -5.6002528e+01
  -5.8324963e+01
  -6.0662157e+01
  -6.3054727e+01
  -6.5514016e+01
  -6.8022265e+01
  -7.0565588e+01
  -7.3132103e+01
  -7.5711997e+01
  -7.8300873e+01
  -8.0892919e+01
  -8.3484129e+01
  -8.6072867e+01
  -8.8657221e+01
  -9.1234162e+01
  -9.3801277e+01
  -9.6358896e+01
  -9.8906972e+01
  -1.0144657e+02
  -1.0398137e+02
  -1.0651484e+02
  -1.0905072e+02
  -1.1159253e+02
  -1.1414243e+02
  -1.1670118e+02
  -1.1926785e+02
  -1.2184093e+02
  -1.2441890e+02
  -1.2699962e+02
  -1.2958005e+02
  -1.3215741e+02
  -1.3472850e+02
  -1.3728898e+02
  -1.3983490e+02
  -1.4236153e+02
  -1.4486437e+02
  -1.4734196e+02
  -1.4979637e+02
  -1.5223602e+02
  -1.5467334e+02
  -1.5711812e+02
  -1.5957353e+02
  -1.6203550e+02
  -1.6449436e+02
  -1.6693244e+02
  -1.6932689e+02
  -1.7166073e+02
  -1.7393969e+02
  -1.7621178e+02
  -1.7853223e+02
  -1.8091551e+02
  -1.8334533e+02
  -1.8579396e+02
  -1.8823868e+02
  -1.9066199e+02
  -1.9304907e+02
  -1.9540884e+02
  -1.9777079e+02
  -2.0016522e+02
  -2.0261054e+02
  -2.0510063e+02
  -2.0762249e+02
  -2.1016562e+02
  -2.1271540e+02
  -2.1526280e+02
  -2.1779698e+02
  -2.2030759e+02
  -2.2278868e+02
  -2.2524026e+02
  -2.2768650e+02
  -2.3015761e+02
  -2.3267704e+02
  -2.3524519e+02
  -2.3784571e+02
  -2.4048190e+02
  -2.4313295e+02
  -2.4578163e+02
  -2.4842840e+02
  -2.5105135e+02
  -2.5364856e+02
  -2.5621035e+02
  -2.5872951e+02
  -2.6122431e+02
  -2.6370686e+02
  -2.6620136e+02
  -2.6872230e+02
  -2.7126348e+02
  -2.7382376e+02
  -2.7639632e+02
  -2.7896993e+02
  -2.8153946e+02
  -2.8410004e+02
  -2.8664244e+02
  -2.8916365e+02
  -2.9166468e+02
  -2.9414381e+02
  -2.9661449e+02
  -2.9909234e+02
  -3.0158318e+02
  -3.0409495e+02
  -3.0662136e+02
  -3.0914551e+02
  -3.1163688e+02
  -3.1398467e+02
  -3.1579368e+02
  -3.1749538e+02
  -3.1982135e+02
  -3.2234967e+02
  -3.2494039e+02
  -3.2756551e+02
  -3.3021076e+02
  -3.3286976e+02
  -3.3554747e+02
  -3.3823739e+02
  -3.4102894e+02
  -3.3838993e+02
  -3.3630264e+02
  -3.3910957e+02
  -3.4180757e+02
  -3.4446453e+02
  -3.4709680e+02
  -3.4970535e+02
  -3.5226620e+02
  -3.5477420e+02
  -3.5718646e+02
  -3.5948791e+02
  -3.6175925e+02
  -3.6409309e+02
  -3.6652896e+02
  -3.6903962e+02
  -3.7157534e+02
  -3.7413096e+02
  -3.7668982e+02
  -3.7922825e+02
  -3.8174017e+02
  -3.8420951e+02
  -3.8663472e+02
  -3.8903357e+02
  -3.9144057e+02
  -3.9389217e+02
  -3.9639274e+02
  -3.9893406e+02
  -4.0150267e+02
  -4.0408436e+02
  -4.0667223e+02
  -4.0925300e+02
  -4.1181960e+02
  -4.1435900e+02
  -4.1685526e+02
  -4.1931274e+02
  -4.2174491e+02
  -4.2419614e+02
  -4.2670210e+02
  -4.2925123e+02
  -4.3183952e+02
  -4.3445622e+02
  -4.3708512e+02
  -4.3972345e+02
  -4.4235778e+02
  -4.4498116e+02
  -4.4757350e+02
  -4.5011989e+02
  -4.5262082e+02
  -4.5505667e+02
  -4.5747236e+02
  -4.5993240e+02
  -4.6243976e+02
  -4.6500365e+02
  -4.6760431e+02
  -4.7022254e+02
  -4.7286623e+02
  -4.7550317e+02
  -4.7813199e+02
  -4.8075245e+02
  -4.8332938e+02
  -4.8585032e+02
  -4.8828318e+02
  -4.9064809e+02
  -4.9303847e+02
  -4.9550530e+02
  -4.9806630e+02
  -5.0069983e+02
  -5.0339134e+02
  -5.0611513e+02
  -5.0883683e+02
  -5.1157617e+02
  -5.1431426e+02
  -5.1704110e+02
  -5.1972355e+02
  -5.2234801e+02
  -5.2491680e+02
  -5.2736990e+02
  -5.2976665e+02
  -5.3219490e+02
  -5.3467533e+02
  -5.3722681e+02
  -5.3981773e+02
  -5.4243043e+02
  -5.4506248e+02
  -5.4769088e+02
  -5.5031033e+02
  -5.5290982e+02
  -5.5548639e+02
  -5.5803302e+02
  -5.6052382e+02
  -5.6295749e+02
  -5.6535396e+02
  -5.6776147e+02
  -5.7022543e+02
  -5.7274258e+02
  -5.7529646e+02
  -5.7787922e+02
  -5.8047916e+02
  -5.8307442e+02
  -5.8565660e+02
  -5.8821665e+02
  -5.9071264e+02
  -5.9312735e+02
  -5.9546898e+02
  -5.9779133e+02
  -6.0020494e+02
  -6.0272818e+02
  -6.0531479e+02
  -6.0795200e+02
  -6.1061801e+02
  -6.1331320e+02
  -6.1603363e+02
  -6.1876773e+02
  -6.2155021e+02
  -6.2433602e+02
  -6.2711153e+02
  -6.3000241e+02
  -6.2775230e+02
  -6.2621943e+02
  -6.2916435e+02
  -6.3214180e+02
  -6.3509096e+02
  -6.3794748e+02
  -6.4079692e+02
  -6.4363484e+02
  -6.4644555e+02
  -6.4922963e+02
  -6.5200361e+02
  -6.5475920e+02
  -6.5749399e+02
  -6.6020860e+02
  -6.6285375e+02
  -6.6534218e+02
  -6.6725769e+02
  -6.6912246e+02
  -6.7158803e+02
  -6.7421101e+02
  -6.7690618e+02
  -6.7963704e+02
  -6.8237440e+02
  -6.8511689e+02
  -6.8784054e+02
  -6.9057250e+02
  -6.9328631e+02
  -6.9594236e+02
  -6.9853531e+02
  -7.0091950e+02
  -7.0295351e+02
  -7.0509531e+02
  -7.0755046e+02
  -7.1015515e+02
  -7.1281284e+02
  -7.1550418e+02
  -7.1821914e+02
  -7.2091976e+02
  -7.2362828e+02
  -7.2631789e+02
  -7.2898558e+02
  -7.3162269e+02
  -7.3412353e+02
  -7.3637864e+02
  -7.3840559e+02
  -7.4066829e+02
  -7.4319101e+02
  -7.4582221e+02
  -7.4850413e+02
  -7.5123298e+02
  -7.5397951e+02
  -7.5670467e+02
  -7.5944869e+02
  -7.6225265e+02
  -7.6500541e+02
  -7.6775610e+02
  -7.7050601e+02
  -7.7302348e+02
  -7.7417279e+02
  -7.7646461e+02
  -7.7911265e+02
  -7.8188803e+02
  -7.8467454e+02
  -7.8747652e+02
  -7.9027136e+02
  -7.9304297e+02
  -7.9584585e+02
  -7.9862328e+02
  -8.0138271e+02
  -8.0414820e+02
  -8.0688217e+02
  -8.0956816e+02
  -8.1201225e+02
  -8.1302056e+02
  -8.1520900e+02
  -8.1785141e+02
  -8.2056488e+02
  -8.2328305e+02
  -8.2604447e+02
  -8.2877457e+02
  -8.3149881e+02
  -8.3426474e+02
  -8.3699720e+02
  -8.3970515e+02
  -8.4239532e+02
  -8.4494056e+02
  -8.4659575e+02
  -8.4831974e+02
  -8.5086787e+02
  -8.5357492e+02
  -8.5631781e+02
  -8.5909813e+02
  -8.6186595e+02
  -8.6463257e+02
  -8.6741772e+02
  -8.7017780e+02
  -8.7295240e+02
  -8.7570086e+02
  -8.7837361e+02
  -8.8099679e+02
  -8.8313705e+02
  -8.8459476e+02
  -8.8700973e+02
  -8.8966097e+02
  -8.9239020e+02
  -8.9512929e+02
  -8.9786823e+02
  -9.0063451e+02
  -9.0338326e+02
  -9.0614053e+02
  -9.0890728e+02
  -9.1163409e+02
  -9.1434271e+02
  -9.1702188e+02
  -9.1930567e+02
  -9.2042882e+02
  -9.2280399e+02
  -9.2551023e+02
  -9.2822153e+02
  -9.3099581e+02
  -9.3379157e+02
  -9.3657072e+02
  -9.3938899e+02
  -9.4216444e+02
  -9.4495566e+02
  -9.4775824e+02
  -9.5053059e+02
  -9.5335412e+02
  -9.5613466e+02
  -9.5781815e+02
  -9.5873147e+02
  -9.6150378e+02
  -9.6426427e+02
  -9.6703826e+02
  -9.6984829e+02
  -9.7261365e+02
  -9.7535296e+02
  -9.7811699e+02
  -9.8088292e+02
  -9.8363468e+02
  -9.8629448e+02
  -9.8890490e+02
  -9.9143162e+02
  -9.9305360e+02
  -9.9498350e+02
  -9.9750944e+02
  -1.0001924e+03
  -1.0029180e+03
  -1.0056498e+03
  -1.0083752e+03
  -1.0111240e+03
  -1.0138484e+03
  -1.0165504e+03
  -1.0192604e+03
  -1.0219193e+03
  -1.0245191e+03
  -1.0269532e+03
  -1.0290159e+03
  -1.0311352e+03
  -1.0335741e+03
  -1.0362063e+03
  -1.0389191e+03
  -1.0416168e+03
  -1.0443570e+03
  -1.0471041e+03
  -1.0498131e+03
  -1.0525329e+03
  -1.0552241e+03
  -1.0578397e+03
  -1.0603450e+03
  -1.0626148e+03
  -1.0646358e+03
  -1.0669024e+03
  -1.0694449e+03
  -1.0720827e+03
  -1.0747511e+03
  -1.0774530e+03
  -1.0801583e+03
  -1.0828730e+03
  -1.0855680e+03
  -1.0882496e+03
  -1.0909082e+03
  -1.0934683e+03
  -1.0958980e+03
  -1.0980316e+03
  -1.1001065e+03
  -1.1025092e+03
  -1.1050916e+03
  -1.1077505e+03
  -1.1104490e+03
  -1.1131595e+03
  -1.1158901e+03
  -1.1186030e+03
  -1.1213171e+03
  -1.1239979e+03
  -1.1266528e+03
  -1.1292925e+03
  -1.1315227e+03
  -1.1332355e+03
  -1.1354872e+03
  -1.1380533e+03
  -1.1407109e+03
  -1.1434513e+03
  -1.1461892e+03
  -1.1489296e+03
  -1.1516884e+03
  -1.1544606e+03
  -1.1571986e+03
  -1.1599394e+03
  -1.1626864e+03
  -1.1653038e+03
  -1.1673620e+03
  -1.1685207e+03
  -1.1709963e+03
  -1.1736987e+03
  -1.1764708e+03
  -1.1792437e+03
  -1.1820209e+03
  -1.1847806e+03
  -1.1875510e+03
  -1.1903296e+03
  -1.1931569e+03
  -1.1959722e+03
  -1.1987339e+03
  -1.2017620e+03
  -1.1995429e+03
  -1.1972607e+03
  -1.2002083e+03
  -1.2030764e+03
  -1.2059282e+03
  -1.2087435e+03
  -1.2115660e+03
  -1.2143985e+03
  -1.2172352e+03
  -1.2200943e+03
  -1.2229536e+03
  -1.2258544e+03
  -1.2288070e+03
  -1.2318759e+03
  -1.2289820e+03
  -1.2260219e+03
  -1.2229728e+03
  -1.2198748e+03
  -1.2228084e+03
  -1.2256978e+03
  -1.2285785e+03
  -1.2315016e+03
  -1.2344082e+03
  -1.2372676e+03
  -1.2401869e+03
  -1.2431099e+03
  -1.2461088e+03
  -1.2491526e+03
  -1.2522813e+03
  -1.2491425e+03
  -1.2460108e+03
  -1.2429007e+03
  -1.2458700e+03
  -1.2488322e+03
  -1.2518554e+03
  -1.2548401e+03
  -1.2578295e+03
  -1.2608239e+03
  -1.2637892e+03
  -1.2667833e+03
  -1.2697643e+03
  -1.2727019e+03
  -1.2756769e+03
  -1.2786385e+03
  -1.2815434e+03
  -1.2845195e+03
  -1.2875387e+03
  -1.2906760e+03
  -1.2877080e+03
  -1.2847607e+03
  -1.2878674e+03
  -1.2909218e+03
  -1.2938653e+03
  -1.2966993e+03
  -1.2995304e+03
  -1.3023937e+03
  -1.3052026e+03
  -1.3079381e+03
  -1.3107384e+03
  -1.3135161e+03
  -1.3162409e+03
  -1.3189761e+03
  -1.3192706e+03
  -1.3216155e+03
  -1.3243157e+03
  -1.3270853e+03
  -1.3298473e+03
  -1.3326045e+03
  -1.3353371e+03
  -1.3380867e+03
  -1.3408079e+03
  -1.3434889e+03
  -1.3461641e+03
  -1.3487590e+03
  -1.3511492e+03
  -1.3532180e+03
  -1.3553498e+03
  -1.3578020e+03
  -1.3603987e+03
  -1.3630439e+03
  -1.3657106e+03
  -1.3684282e+03
  -1.3711401e+03
  -1.3738152e+03
  -1.3765207e+03
  -1.3791752e+03
  -1.3817506e+03
  -1.3842475e+03
  -1.3864543e+03
  -1.3885512e+03
  -1.3909436e+03
  -1.3935095e+03
  -1.3961261e+03
  -1.3987946e+03
  -1.4014775e+03
  -1.4041784e+03
  -1.4068859e+03
  -1.4095781e+03
  -1.4122837e+03
  -1.4149328e+03
  -1.4174546e+03
  -1.4198506e+03
  -1.4220784e+03
  -1.4243130e+03
  -1.4267179e+03
  -1.4292436e+03
  -1.4318892e+03
  -1.4345602e+03
  -1.4372349e+03
  -1.4399503e+03
  -1.4426358e+03
  -1.4453237e+03
  -1.4479930e+03
  -1.4505651e+03
  -1.4530592e+03
  -1.4553721e+03
  -1.4575404e+03
  -1.4598673e+03
  -1.4623738e+03
  -1.4650008e+03
  -1.4676709e+03
  -1.4703400e+03
  -1.4730469e+03
  -1.4757564e+03
  -1.4784486e+03
  -1.4811388e+03
  -1.4837974e+03
  -1.4864287e+03
  -1.4889418e+03
  -1.4911728e+03
  -1.4932823e+03
  -1.4956265e+03
  -1.4981472e+03
  -1.5007943e+03
  -1.5034665e+03
  -1.5061412e+03
  -1.5088913e+03
  -1.5116172e+03
  -1.5143120e+03
  -1.5170355e+03
  -1.5197246e+03
  -1.5223224e+03
  -1.5247805e+03
  -1.5268990e+03
  -1.5288359e+03
  -1.5311863e+03
  -1.5338414e+03
  -1.5365322e+03
  -1.5392348e+03
  -1.5419762e+03
  -1.5446876e+03
  -1.5474198e+03
  -1.5501384e+03
  -1.5528495e+03
  -1.5555727e+03
  -1.5581984e+03
  -1.5606628e+03
  -1.5626118e+03
  -1.5645193e+03
  -1.5670068e+03
  -1.5696824e+03
  -1.5723430e+03
  -1.5750748e+03
  -1.5777961e+03
  -1.5805168e+03
  -1.5832887e+03
  -1.5860105e+03
  -1.5887489e+03
  -1.5914638e+03
  -1.5940588e+03
  -1.5964897e+03
  -1.5979631e+03
  -1.6000382e+03
  -1.6026428e+03
  -1.6053210e+03
  -1.6080608e+03
  -1.6108154e+03
  -1.6135611e+03
  -1.6163287e+03
  -1.6190650e+03
  -1.6218634e+03
  -1.6246962e+03
  -1.6275240e+03
  -1.6304366e+03
  -1.6289518e+03
  -1.6259611e+03
  -1.6288842e+03
  -1.6317633e+03
  -1.6345770e+03
  -1.6373844e+03
  -1.6402067e+03
  -1.6430353e+03
  -1.6458640e+03
  -1.6487439e+03
  -1.6517508e+03
  -1.6547069e+03
  -1.6577645e+03
  -1.6548377e+03
  -1.6518035e+03
  -1.6549194e+03
  -1.6577948e+03
  -1.6607237e+03
  -1.6636843e+03
  -1.6666617e+03
  -1.6696606e+03
  -1.6727415e+03
  -1.6757042e+03
  -1.6726551e+03
  -1.6757064e+03
  -1.6787198e+03
  -1.6816161e+03
  -1.6844643e+03
  -1.6873256e+03
  -1.6901540e+03
  -1.6930280e+03
  -1.6958331e+03
  -1.6986945e+03
  -1.7016720e+03
  -1.7004114e+03
  -1.7034054e+03
  -1.7062991e+03
  -1.7090985e+03
  -1.7119228e+03
  -1.7146891e+03
  -1.7174769e+03
  -1.7202022e+03
  -1.7229472e+03
  -1.7256891e+03
  -1.7283838e+03
  -1.7311148e+03
  -1.7334765e+03
  -1.7349308e+03
  -1.7369843e+03
  -1.7395544e+03
  -1.7422040e+03
  -1.7449274e+03
  -1.7476538e+03
  -1.7503674e+03
  -1.7530676e+03
  -1.7558135e+03
  -1.7585215e+03
  -1.7611725e+03
  -1.7638154e+03
  -1.7662784e+03
  -1.7683779e+03
  -1.7704069e+03
  -1.7727945e+03
  -1.7753641e+03
  -1.7780306e+03
  -1.7807373e+03
  -1.7834543e+03
  -1.7861826e+03
  -1.7888870e+03
  -1.7916036e+03
  -1.7943023e+03
  -1.7969615e+03
  -1.7995957e+03
  -1.8019733e+03
  -1.8040135e+03
  -1.8061900e+03
  -1.8086240e+03
  -1.8112023e+03
  -1.8138727e+03
  -1.8165919e+03
  -1.8193003e+03
  -1.8219672e+03
  -1.8246985e+03
  -1.8273994e+03
  -1.8300537e+03
  -1.8327089e+03
  -1.8351922e+03
  -1.8373984e+03
  -1.8393979e+03
  -1.8416990e+03
  -1.8442948e+03
  -1.8469219e+03
  -1.8495900e+03
  -1.8523193e+03
  -1.8550159e+03
  -1.8577500e+03
  -1.8604719e+03
  -1.8631556e+03
  -1.8658111e+03
  -1.8683845e+03
  -1.8708862e+03
  -1.8731364e+03
  -1.8752202e+03
  -1.8775709e+03
  -1.8801136e+03
  -1.8827467e+03
  -1.8854435e+03
  -1.8881491e+03
  -1.8908512e+03
  -1.8935577e+03
  -1.8962658e+03
  -1.8989376e+03
  -1.9015690e+03
  -1.9041464e+03
  -1.9065632e+03
  -1.9087838e+03
  -1.9109991e+03
  -1.9133933e+03
  -1.9159867e+03
  -1.9186372e+03
  -1.9212787e+03
  -1.9239927e+03
  -1.9267005e+03
  -1.9293908e+03
  -1.9321251e+03
  -1.9348149e+03
  -1.9374642e+03
  -1.9400355e+03
  -1.9422652e+03
  -1.9440791e+03
  -1.9463243e+03
  -1.9488611e+03
  -1.9514607e+03
  -1.9541744e+03
  -1.9569047e+03
  -1.9595951e+03
  -1.9623272e+03
  -1.9650762e+03
  -1.9677973e+03
  -1.9704935e+03
  -1.9732033e+03
  -1.9756854e+03
  -1.9765956e+03
  -1.9788729e+03
  -1.9814946e+03
  -1.9841946e+03
  -1.9869852e+03
  -1.9897747e+03
  -1.9925340e+03
  -1.9953421e+03
  -1.9981303e+03
  -2.0008857e+03
  -2.0037243e+03
  -2.0066080e+03
  -2.0096615e+03
  -2.0078470e+03
  -2.0047790e+03
  -2.0077749e+03
  -2.0106588e+03
  -2.0134732e+03
  -2.0163072e+03
  -2.0191337e+03
  -2.0219057e+03
  -2.0247803e+03
  -2.0276547e+03
  -2.0305754e+03
  -2.0336446e+03
  -2.0309347e+03
  -2.0282048e+03
  -2.0250668e+03
  -2.0279562e+03
  -2.0308049e+03
  -2.0337044e+03
  -2.0365396e+03
  -2.0393565e+03
  -2.0422597e+03
  -2.0451550e+03
  -2.0480013e+03
  -2.0450200e+03
  -2.0420436e+03
  -2.0390181e+03
  -2.0420467e+03
  -2.0449854e+03
  -2.0478853e+03
  -2.0507903e+03
  -2.0536268e+03
  -2.0564427e+03
  -2.0593159e+03
  -2.0622794e+03
  -2.0653524e+03
  -2.0627440e+03
  -2.0600768e+03
  -2.0631352e+03
  -2.0659316e+03
  -2.0687873e+03
  -2.0716561e+03
  -2.0743883e+03
  -2.0772198e+03
  -2.0800136e+03
  -2.0827148e+03
  -2.0855086e+03
  -2.0882782e+03
  -2.0909220e+03
  -2.0932139e+03
  -2.0941191e+03
  -2.0965499e+03
  -2.0991942e+03
  -2.1019829e+03
  -2.1047206e+03
  -2.1074448e+03
  -2.1101990e+03
  -2.1129768e+03
  -2.1157175e+03
  -2.1184593e+03
  -2.1211723e+03
  -2.1237280e+03
  -2.1260133e+03
  -2.1275901e+03
  -2.1297415e+03
  -2.1323862e+03
  -2.1350515e+03
  -2.1377347e+03
  -2.1404765e+03
  -2.1431752e+03
  -2.1459086e+03
  -2.1486267e+03
  -2.1513124e+03
  -2.1539734e+03
  -2.1565356e+03
  -2.1589837e+03
  -2.1610215e+03
  -2.1630319e+03
  -2.1654852e+03
  -2.1681414e+03
  -2.1707925e+03
  -2.1734956e+03
  -2.1762050e+03
  -2.1788854e+03
  -2.1816400e+03
  -2.1843678e+03
  -2.1870426e+03
  -2.1896884e+03
  -2.1921368e+03
  -2.1943419e+03
  -2.1963413e+03
  -2.1986074e+03
  -2.2011538e+03
  -2.2037830e+03
  -2.2064714e+03
  -2.2092383e+03
  -2.2119301e+03
  -2.2146659e+03
  -2.2173896e+03
  -2.2200650e+03
  -2.2227703e+03
  -2.2253369e+03
  -2.2276959e+03
  -2.2297361e+03
  -2.2318542e+03
  -2.2343485e+03
  -2.2369238e+03
  -2.2395939e+03
  -2.2423363e+03
  -2.2450161e+03
  -2.2477310e+03
  -2.2504488e+03
  -2.2531565e+03
  -2.2558457e+03
  -2.2584396e+03
  -2.2609888e+03
  -2.2633722e+03
  -2.2654400e+03
  -2.2676398e+03
  -2.2701627e+03
  -2.2727857e+03
  -2.2754314e+03
  -2.2781386e+03
  -2.2808445e+03
  -2.2835376e+03
  -2.2862469e+03
  -2.2889510e+03
  -2.2916501e+03
  -2.2942994e+03
  -2.2968417e+03
  -2.2991592e+03
  -2.3011949e+03
  -2.3034088e+03
  -2.3058859e+03
  -2.3085551e+03
  -2.3112468e+03
  -2.3139312e+03
  -2.3166781e+03
  -2.3194139e+03
  -2.3221508e+03
  -2.3248918e+03
  -2.3276310e+03
  -2.3303067e+03
  -2.3327491e+03
  -2.3347384e+03
  -2.3364735e+03
  -2.3389138e+03
  -2.3415650e+03
  -2.3442969e+03
  -2.3470029e+03
  -2.3497480e+03
  -2.3525323e+03
  -2.3553028e+03
  -2.3580915e+03
  -2.3609168e+03
  -2.3637276e+03
  -2.3665860e+03
  -2.3635586e+03
  -2.3614282e+03
  -2.3584731e+03
  -2.3614590e+03
  -2.3643006e+03
  -2.3671749e+03
  -2.3700168e+03
  -2.3727932e+03
  -2.3756213e+03
  -2.3785070e+03
  -2.3814644e+03
  -2.3844890e+03
  -2.3813714e+03
  -2.3784125e+03
  -2.3815175e+03
  -2.3845864e+03
  -2.3875791e+03
  -2.3905204e+03
  -2.3933989e+03
  -2.3963621e+03
  -2.3992768e+03
  -2.4023015e+03
  -2.4053313e+03
  -2.4022085e+03
  -2.3992133e+03
  -2.4021179e+03
  -2.4051748e+03
  -2.4080662e+03
  -2.4110168e+03
  -2.4138373e+03
  -2.4166779e+03
  -2.4195720e+03
  -2.4224035e+03
  -2.4254030e+03
  -2.4284911e+03
  -2.4261648e+03
  -2.4232325e+03
  -2.4262774e+03
  -2.4291642e+03
  -2.4320081e+03
  -2.4348268e+03
  -2.4376916e+03
  -2.4404321e+03
  -2.4431506e+03
  -2.4459692e+03
  -2.4488226e+03
  -2.4515292e+03
  -2.4542299e+03
  -2.4528858e+03
  -2.4503754e+03
  -2.4532200e+03
  -2.4560211e+03
  -2.4587836e+03
  -2.4615257e+03
  -2.4642807e+03
  -2.4670358e+03
  -2.4698335e+03
  -2.4725352e+03
  -2.4752539e+03
  -2.4779732e+03
  -2.4805549e+03
  -2.4828330e+03
  -2.4843564e+03
  -2.4866191e+03
  -2.4892212e+03
  -2.4918546e+03
  -2.4946277e+03
  -2.4973576e+03
  -2.5000545e+03
  -2.5028091e+03
  -2.5054655e+03
  -2.5081669e+03
  -2.5108606e+03
  -2.5134265e+03
  -2.5158162e+03
  -2.5178174e+03
  -2.5199950e+03
  -2.5225009e+03
  -2.5250658e+03
  -2.5277444e+03
  -2.5304228e+03
  -2.5331254e+03
  -2.5358518e+03
  -2.5385298e+03
  -2.5412322e+03
  -2.5438632e+03
  -2.5464380e+03
  -2.5489243e+03
  -2.5511905e+03
  -2.5534290e+03
  -2.5557654e+03
  -2.5582338e+03
  -2.5608928e+03
  -2.5635708e+03
  -2.5662426e+03
  -2.5689340e+03
  -2.5716224e+03
  -2.5743322e+03
  -2.5770152e+03
  -2.5796364e+03
  -2.5821914e+03
  -2.5846353e+03
  -2.5868761e+03
  -2.5890863e+03
  -2.5915110e+03
  -2.5940473e+03
  -2.5966446e+03
  -2.5993104e+03
  -2.6019962e+03
  -2.6046920e+03
  -2.6074035e+03
  -2.6100836e+03
  -2.6127253e+03
  -2.6153629e+03
  -2.6179103e+03
  -2.6202273e+03
  -2.6223029e+03
  -2.6245310e+03
  -2.6270179e+03
  -2.6296198e+03
  -2.6322951e+03
  -2.6350115e+03
  -2.6376994e+03
  -2.6404425e+03
  -2.6431428e+03
  -2.6458339e+03
  -2.6485759e+03
  -2.6510756e+03
  -2.6533692e+03
  -2.6551673e+03
  -2.6572144e+03
  -2.6597679e+03
  -2.6624957e+03
  -2.6651740e+03
  -2.6679101e+03
  -2.6706357e+03
  -2.6734360e+03
  -2.6761772e+03
  -2.6789171e+03
  -2.6817814e+03
  -2.6845244e+03
  -2.6874657e+03
  -2.6864418e+03
  -2.6894702e+03
  -2.6922983e+03
  -2.6951258e+03
  -2.6978839e+03
  -2.7007124e+03
  -2.7034366e+03
  -2.7062506e+03
  -2.7091195e+03
  -2.7119421e+03
  -2.7147547e+03
  -2.7175903e+03
  -2.7206837e+03
  -2.7178680e+03
  -2.7154408e+03
  -2.7185562e+03
  -2.7215507e+03
  -2.7243553e+03
  -2.7272432e+03
  -2.7301552e+03
  -2.7331061e+03
  -2.7359282e+03
  -2.7388263e+03
  -2.7418975e+03
  -2.7447403e+03
  -2.7478475e+03
  -2.7447294e+03
  -2.7477391e+03
  -2.7507739e+03
  -2.7538009e+03
  -2.7569262e+03
  -2.7598593e+03
  -2.7629116e+03
  -2.7658456e+03
  -2.7688156e+03
  -2.7718943e+03
  -2.7749138e+03
  -2.7718104e+03
  -2.7747884e+03
  -2.7777771e+03
  -2.7807074e+03
  -2.7836321e+03
  -2.7866816e+03
  -2.7895909e+03
  -2.7925493e+03
  -2.7955416e+03
  -2.7986429e+03
  -2.8016158e+03
  -2.7985974e+03
  -2.7955182e+03
  -2.7985569e+03
  -2.8015627e+03
  -2.8044876e+03
  -2.8075150e+03
  -2.8103237e+03
  -2.8132457e+03
  -2.8161232e+03
  -2.8189281e+03
  -2.8218217e+03
  -2.8248565e+03
  -2.8277273e+03
  -2.8305041e+03
  -2.8282700e+03
  -2.8257083e+03
  -2.8287376e+03
  -2.8315603e+03
  -2.8344746e+03
  -2.8373137e+03
  -2.8401079e+03
  -2.8428770e+03
  -2.8456512e+03
  -2.8484950e+03
  -2.8512999e+03
  -2.8540179e+03
  -2.8568065e+03
  -2.8594381e+03
  -2.8596272e+03
  -2.8620292e+03
  -2.8648021e+03
  -2.8675843e+03
  -2.8703712e+03
  -2.8730921e+03
  -2.8758481e+03
  -2.8786294e+03
  -2.8813664e+03
  -2.8841177e+03
  -2.8868021e+03
  -2.8893608e+03
  -2.8914195e+03
  -2.8926635e+03
  -2.8951304e+03
  -2.8978403e+03
  -2.9005913e+03
  -2.9032948e+03
  -2.9060147e+03
  -2.9087641e+03
  -2.9115073e+03
  -2.9142720e+03
  -2.9169924e+03
  -2.9197037e+03
  -2.9224037e+03
  -2.9247427e+03
  -2.9262297e+03
  -2.9282827e+03
  -2.9309048e+03
  -2.9335996e+03
  -2.9363142e+03
  -2.9390866e+03
  -2.9417925e+03
  -2.9445092e+03
  -2.9472496e+03
  -2.9499524e+03
  -2.9526989e+03
  -2.9553928e+03
  -2.9579790e+03
  -2.9603350e+03
  -2.9620789e+03
  -2.9642589e+03
  -2.9668311e+03
  -2.9694459e+03
  -2.9721209e+03
  -2.9748808e+03
  -2.9776300e+03
  -2.9803578e+03
  -2.9830952e+03
  -2.9858315e+03
  -2.9885226e+03
  -2.9910941e+03
  -2.9935093e+03
  -2.9954494e+03
  -2.9974225e+03
  -2.9998779e+03
  -3.0025125e+03
  -3.0052038e+03
  -3.0079376e+03
  -3.0106887e+03
  -3.0134609e+03
  -3.0161861e+03
  -3.0189151e+03
  -3.0216561e+03
  -3.0243120e+03
  -3.0269742e+03
  -3.0294645e+03
  -3.0313456e+03
  -3.0332561e+03
  -3.0357217e+03
  -3.0383864e+03
  -3.0410657e+03
  -3.0437893e+03
  -3.0465342e+03
  -3.0492331e+03
  -3.0519848e+03
  -3.0547013e+03
  -3.0573770e+03
  -3.0600542e+03
  -3.0627033e+03
  -3.0651475e+03
  -3.0665024e+03
  -3.0686628e+03
  -3.0712802e+03
  -3.0739355e+03
  -3.0766614e+03
  -3.0794336e+03
  -3.0821701e+03
  -3.0849462e+03
  -3.0877798e+03
  -3.0906707e+03
  -3.0933983e+03
  -3.0963441e+03
  -3.0932942e+03
  -3.0913365e+03
  -3.0942434e+03
  -3.0973758e+03
  -3.1001498e+03
  -3.1029945e+03
  -3.1059513e+03
  -3.1087697e+03
  -3.1116973e+03
  -3.1146122e+03
  -3.1176644e+03
  -3.1206506e+03
  -3.1237613e+03
  -3.1268903e+03
  -3.1300188e+03
  -3.1330632e+03
  -3.1360531e+03
  -3.1390430e+03
  -3.1420642e+03
  -3.1449564e+03
  -3.1479695e+03
  -3.1509283e+03
  -3.1539874e+03
  -3.1570339e+03
  -3.1601502e+03
  -3.1631390e+03
  -3.1660364e+03
  -3.1690121e+03
  -3.1719227e+03
  -3.1748430e+03
  -3.1778119e+03
  -3.1808400e+03
  -3.1838144e+03
  -3.1810032e+03
  -3.1840143e+03
  -3.1870892e+03
  -3.1839593e+03
  -3.1869678e+03
  -3.1898845e+03
  -3.1927706e+03
  -3.1957203e+03
  -3.1985104e+03
  -3.2013160e+03
  -3.2044177e+03
  -3.2071553e+03
  -3.2099566e+03
  -3.2071964e+03
  -3.2042275e+03
  -3.2013804e+03
  -3.1984564e+03
  -3.2012885e+03
  -3.2041468e+03
  -3.2070221e+03
  -3.2098515e+03
  -3.2126928e+03
  -3.2154506e+03
  -3.2183022e+03
  -3.2211346e+03
  -3.2240185e+03
  -3.2269447e+03
  -3.2298103e+03
  -3.2276652e+03
  -3.2252057e+03
  -3.2281550e+03
  -3.2311037e+03
  -3.2339697e+03
  -3.2367432e+03
  -3.2395224e+03
  -3.2423679e+03
  -3.2451836e+03
  -3.2479375e+03
  -3.2507353e+03
  -3.2535202e+03
  -3.2562167e+03
  -3.2590142e+03
  -3.2614638e+03
  -3.2619984e+03
  -3.2644865e+03
  -3.2672014e+03
  -3.2699418e+03
  -3.2727050e+03
  -3.2754809e+03
  -3.2782414e+03
  -3.2810221e+03
  -3.2837656e+03
  -3.2865123e+03
  -3.2892199e+03
  -3.2919630e+03
  -3.2943523e+03
  -3.2953431e+03
  -3.2975341e+03
  -3.3002613e+03
  -3.3029027e+03
  -3.3057010e+03
  -3.3084861e+03
  -3.3111726e+03
  -3.3139690e+03
  -3.3167074e+03
  -3.3194426e+03
  -3.3221773e+03
  -3.3248890e+03
  -3.3275500e+03
  -3.3294464e+03
  -3.3309081e+03
  -3.3334364e+03
  -3.3360632e+03
  -3.3387536e+03
  -3.3415290e+03
  -3.3442825e+03
  -3.3470618e+03
  -3.3497757e+03
  -3.3525225e+03
  -3.3553267e+03
  -3.3580209e+03
  -3.3607546e+03
  -3.3633861e+03
  -3.3650311e+03
  -3.3665638e+03
  -3.3691459e+03
  -3.3718618e+03
  -3.3746400e+03
  -3.3773864e+03
  -3.3801250e+03
  -3.3828470e+03
  -3.3855792e+03
  -3.3883307e+03
  -3.3911196e+03
  -3.3938617e+03
  -3.3965294e+03
  -3.3991831e+03
  -3.3995855e+03
  -3.4019359e+03
  -3.4047614e+03
  -3.4075547e+03
  -3.4102464e+03
  -3.4130637e+03
  -3.4158265e+03
  -3.4186240e+03
  -3.4214549e+03
  -3.4242998e+03
  -3.4271432e+03
  -3.4300539e+03
  -3.4329198e+03
  -3.4357182e+03
  -3.4342557e+03
  -3.4313729e+03
  -3.4342976e+03
  -3.4371127e+03
  -3.4400475e+03
  -3.4428539e+03
  -3.4456857e+03
  -3.4484626e+03
  -3.4511788e+03
  -3.4539447e+03
  -3.4567154e+03
  -3.4593223e+03
  -3.4618874e+03
  -3.4643440e+03
  -3.4662244e+03
  -3.4683083e+03
  -3.4709089e+03
  -3.4735797e+03
  -3.4762102e+03
  -3.4789139e+03
  -3.4816517e+03
  -3.4843501e+03
  -3.4870511e+03
  -3.4897757e+03
  -3.4924697e+03
  -3.4951482e+03
  -3.4977863e+03
  -3.5002196e+03
  -3.5024028e+03
  -3.5045926e+03
  -3.5069237e+03
  -3.5093893e+03
  -3.5120861e+03
  -3.5147806e+03
  -3.5174769e+03
  -3.5202706e+03
  -3.5230801e+03
  -3.5259268e+03
  -3.5287562e+03
  -3.5317281e+03
  -3.5346508e+03
  -3.5376731e+03
  -3.5407826e+03
  -3.5378414e+03
  -3.5409582e+03
  -3.5440028e+03
  -3.5409766e+03
  -3.5439176e+03
  -3.5408445e+03
  -3.5438682e+03
  -3.5468590e+03
  -3.5497316e+03
  -3.5526932e+03
  -3.5555827e+03
  -3.5584381e+03
  -3.5614039e+03
  -3.5643060e+03
  -3.5671953e+03
  -3.5701097e+03
  -3.5670093e+03
  -3.5642559e+03
  -3.5613296e+03
  -3.5643341e+03
  -3.5673381e+03
  -3.5702573e+03
  -3.5731366e+03
  -3.5760639e+03
  -3.5787319e+03
  -3.5815301e+03
  -3.5843890e+03
  -3.5872300e+03
  -3.5903148e+03
  -3.5929648e+03
  -3.5898405e+03
  -3.5883743e+03
  -3.5915021e+03
  -3.5942852e+03
  -3.5971350e+03
  -3.5999622e+03
  -3.6027261e+03
  -3.6054996e+03
  -3.6083315e+03
  -3.6111079e+03
  -3.6139032e+03
  -3.6167550e+03
  -3.6194487e+03
  -3.6219410e+03
  -3.6224826e+03
  -3.6248744e+03
  -3.6276035e+03
  -3.6303193e+03
  -3.6331683e+03
  -3.6358725e+03
  -3.6386485e+03
  -3.6414514e+03
  -3.6441983e+03
  -3.6469954e+03
  -3.6497010e+03
  -3.6523519e+03
  -3.6549592e+03
  -3.6575406e+03
  -3.6598610e+03
  -3.6619313e+03
  -3.6643011e+03
  -3.6668843e+03
  -3.6695084e+03
  -3.6721759e+03
  -3.6748459e+03
  -3.6775572e+03
  -3.6802392e+03
  -3.6829252e+03
  -3.6856276e+03
  -3.6882524e+03
  -3.6908385e+03
  -3.6933130e+03
  -3.6956633e+03
  -3.6979718e+03
  -3.7003125e+03
  -3.7028116e+03
  -3.7054183e+03
  -3.7080476e+03
  -3.7107277e+03
  -3.7134021e+03
  -3.7160964e+03
  -3.7188026e+03
  -3.7214518e+03
  -3.7240859e+03
  -3.7266426e+03
  -3.7289385e+03
  -3.7306073e+03
  -3.7327208e+03
  -3.7352278e+03
  -3.7378906e+03
  -3.7406072e+03
  -3.7433084e+03
  -3.7460162e+03
  -3.7487693e+03
  -3.7515354e+03
  -3.7542044e+03
  -3.7569666e+03
  -3.7596929e+03
  -3.7599196e+03
  -3.7621489e+03
  -3.7650745e+03
  -3.7678006e+03
  -3.7705508e+03
  -3.7733191e+03
  -3.7760745e+03
  -3.7789243e+03
  -3.7816576e+03
  -3.7845481e+03
  -3.7874757e+03
  -3.7902349e+03
  -3.7931176e+03
  -3.7899885e+03
  -3.7878862e+03
  -3.7849754e+03
  -3.7880332e+03
  -3.7908602e+03
  -3.7937331e+03
  -3.7966365e+03
  -3.7994564e+03
  -3.8023274e+03
  -3.8052358e+03
  -3.8080892e+03
  -3.8109148e+03
  -3.8137541e+03
  -3.8167654e+03
  -3.8195798e+03
  -3.8168303e+03
  -3.8142575e+03
  -3.8173978e+03
  -3.8204056e+03
  -3.8234524e+03
  -3.8264202e+03
  -3.8292729e+03
  -3.8321771e+03
  -3.8350418e+03
  -3.8379197e+03
  -3.8408342e+03
  -3.8439143e+03
  -3.8468158e+03
  -3.8496868e+03
  -3.8527802e+03
  -3.8558462e+03
  -3.8589336e+03
  -3.8619307e+03
  -3.8589974e+03
  -3.8620557e+03
  -3.8650884e+03
  -3.8681791e+03
  -3.8710318e+03
  -3.8738938e+03
  -3.8768143e+03
  -3.8797524e+03
  -3.8827306e+03
  -3.8856636e+03
  -3.8885680e+03
  -3.8916270e+03
  -3.8885160e+03
  -3.8915184e+03
  -3.8886138e+03
  -3.8854733e+03
  -3.8885392e+03
  -3.8915191e+03
  -3.8944142e+03
  -3.8973834e+03
  -3.9002136e+03
  -3.9031447e+03
  -3.9060619e+03
  -3.9089643e+03
  -3.9118426e+03
  -3.9148422e+03
  -3.9178909e+03
  -3.9209763e+03
  -3.9181726e+03
  -3.9212460e+03
  -3.9242979e+03
  -3.9213874e+03
  -3.9242792e+03
  -3.9271867e+03
  -3.9301343e+03
  -3.9329671e+03
  -3.9358155e+03
  -3.9386084e+03
  -3.9414151e+03
  -3.9442302e+03
  -3.9473232e+03
  -3.9501642e+03
  -3.9477000e+03
  -3.9450980e+03
  -3.9421161e+03
  -3.9450155e+03
  -3.9478833e+03
  -3.9506151e+03
  -3.9533390e+03
  -3.9561563e+03
  -3.9589345e+03
  -3.9617304e+03
  -3.9644604e+03
  -3.9671715e+03
  -3.9698848e+03
  -3.9726006e+03
  -3.9728274e+03
  -3.9754553e+03
  -3.9782349e+03
  -3.9809265e+03
  -3.9836079e+03
  -3.9864335e+03
  -3.9891799e+03
  -3.9918838e+03
  -3.9946139e+03
  -3.9973801e+03
  -4.0001673e+03
  -4.0028536e+03
  -4.0055817e+03
  -4.0073018e+03
  -4.0085329e+03
  -4.0112474e+03
  -4.0139722e+03
  -4.0166224e+03
  -4.0193737e+03
  -4.0222289e+03
  -4.0249599e+03
  -4.0276776e+03
  -4.0304601e+03
  -4.0331774e+03
  -4.0359957e+03
  -4.0386546e+03
  -4.0409124e+03
  -4.0420391e+03
  -4.0444700e+03
  -4.0469930e+03
  -4.0497010e+03
  -4.0524795e+03
  -4.0552517e+03
  -4.0580376e+03
  -4.0607566e+03
  -4.0635023e+03
  -4.0663362e+03
  -4.0691445e+03
  -4.0718709e+03
  -4.0746954e+03
  -4.0775833e+03
  -4.0769349e+03
  -4.0798641e+03
  -4.0827194e+03
  -4.0854451e+03
  -4.0882868e+03
  -4.0910366e+03
  -4.0937707e+03
  -4.0966092e+03
  -4.0994005e+03
  -4.1022261e+03
  -4.1049712e+03
  -4.1077509e+03
  -4.1046643e+03
  -4.1018107e+03
  -4.1000131e+03
  -4.1028616e+03
  -4.1057894e+03
  -4.1086584e+03
  -4.1114728e+03
  -4.1142554e+03
  -4.1170297e+03
  -4.1198432e+03
  -4.1226406e+03
  -4.1254019e+03
  -4.1283048e+03
  -4.1311656e+03
  -4.1280523e+03
  -4.1261268e+03
  -4.1229980e+03
  -4.1259002e+03
  -4.1288701e+03
  -4.1318481e+03
  -4.1346122e+03
  -4.1374939e+03
  -4.1404181e+03
  -4.1432404e+03
  -4.1461376e+03
  -4.1490476e+03
  -4.1519936e+03
  -4.1489223e+03
  -4.1519085e+03
  -4.1490174e+03
  -4.1521040e+03
  -4.1490427e+03
  -4.1520042e+03
  -4.1549764e+03
  -4.1580581e+03
  -4.1608977e+03
  -4.1639512e+03
  -4.1668686e+03
  -4.1697210e+03
  -4.1725488e+03
  -4.1753621e+03
  -4.1783462e+03
  -4.1811842e+03
  -4.1840956e+03
  -4.1816393e+03
  -4.1789189e+03
  -4.1820130e+03
  -4.1851168e+03
  -4.1880197e+03
  -4.1907502e+03
  -4.1934993e+03
  -4.1963018e+03
  -4.1990662e+03
  -4.2018191e+03
  -4.2045975e+03
  -4.2072061e+03
  -4.2097870e+03
  -4.2122870e+03
  -4.2140286e+03
  -4.2160853e+03
  -4.2186103e+03
  -4.2212686e+03
  -4.2240207e+03
  -4.2267495e+03
  -4.2295428e+03
  -4.2323178e+03
  -4.2351217e+03
  -4.2379679e+03
  -4.2407349e+03
  -4.2437082e+03
  -4.2465379e+03
  -4.2494143e+03
  -4.2463960e+03
  -4.2440135e+03
  -4.2410749e+03
  -4.2380787e+03
  -4.2409774e+03
  -4.2440271e+03
  -4.2468553e+03
  -4.2497127e+03
  -4.2525723e+03
  -4.2553846e+03
  -4.2582549e+03
  -4.2611147e+03
  -4.2639224e+03
  -4.2667112e+03
  -4.2696386e+03
  -4.2723869e+03
  -4.2692695e+03
  -4.2666651e+03
  -4.2649157e+03
  -4.2677230e+03
  -4.2704511e+03
  -4.2731834e+03
  -4.2760802e+03
  -4.2788488e+03
  -4.2816654e+03
  -4.2845083e+03
  -4.2872702e+03
  -4.2900696e+03
  -4.2928508e+03
  -4.2958127e+03
  -4.2987907e+03
  -4.2971421e+03
  -4.3002361e+03
  -4.2972074e+03
  -4.2999796e+03
  -4.3028270e+03
  -4.3056536e+03
  -4.3084380e+03
  -4.3112987e+03
  -4.3140980e+03
  -4.3168478e+03
  -4.3196711e+03
  -4.3224848e+03
  -4.3254867e+03
  -4.3226489e+03
  -4.3210537e+03
  -4.3240024e+03
  -4.3267765e+03
  -4.3295850e+03
  -4.3323802e+03
  -4.3351236e+03
  -4.3379188e+03
  -4.3407265e+03
  -4.3434675e+03
  -4.3462286e+03
  -4.3490064e+03
  -4.3518519e+03
  -4.3544744e+03
  -4.3549469e+03
  -4.3571195e+03
  -4.3598270e+03
  -4.3626025e+03
  -4.3653995e+03
  -4.3681036e+03
  -4.3709107e+03
  -4.3737218e+03
  -4.3764182e+03
  -4.3792476e+03
  -4.3820157e+03
  -4.3847550e+03
  -4.3874974e+03
  -4.3898139e+03
  -4.3917714e+03
  -4.3940313e+03
  -4.3963567e+03
  -4.3988502e+03
  -4.4015740e+03
  -4.4043405e+03
  -4.4071741e+03
  -4.4098620e+03
  -4.4125932e+03
  -4.4154020e+03
  -4.4180735e+03
  -4.4207849e+03
  -4.4234487e+03
  -4.4260509e+03
  -4.4283500e+03
  -4.4300693e+03
  -4.4322265e+03
  -4.4348838e+03
  -4.4375429e+03
  -4.4402467e+03
  -4.4429354e+03
  -4.4457258e+03
  -4.4484530e+03
  -4.4511590e+03
  -4.4540736e+03
  -4.4567856e+03
  -4.4596510e+03
  -4.4572923e+03
  -4.4545714e+03
  -4.4515130e+03
  -4.4483978e+03
  -4.4510857e+03
  -4.4539618e+03
  -4.4568126e+03
  -4.4596642e+03
  -4.4625574e+03
  -4.4654088e+03
  -4.4684891e+03
  -4.4713840e+03
  -4.4744295e+03
  -4.4774025e+03
  -4.4803586e+03
  -4.4775045e+03
  -4.4805550e+03
  -4.4776065e+03
  -4.4806253e+03
  -4.4835955e+03
  -4.4865084e+03
  -4.4894825e+03
  -4.4924262e+03
  -4.4952393e+03
  -4.4982758e+03
  -4.5011200e+03
  -4.5039438e+03
  -4.5068939e+03
  -4.5099781e+03
  -4.5068750e+03
  -4.5039009e+03
  -4.5010897e+03
  -4.5041020e+03
  -4.5071462e+03
  -4.5100294e+03
  -4.5128533e+03
  -4.5157985e+03
  -4.5187072e+03
  -4.5215133e+03
  -4.5244657e+03
  -4.5274194e+03
  -4.5303493e+03
  -4.5331826e+03
  -4.5360625e+03
  -4.5331121e+03
  -4.5302404e+03
  -4.5274271e+03
  -4.5305540e+03
  -4.5335568e+03
  -4.5365744e+03
  -4.5394317e+03
  -4.5422879e+03
  -4.5451318e+03
  -4.5479093e+03
  -4.5507357e+03
  -4.5535696e+03
  -4.5563844e+03
  -4.5591187e+03
  -4.5622472e+03
  -4.5653163e+03
  -4.5638976e+03
  -4.5667671e+03
  -4.5696005e+03
  -4.5724673e+03
  -4.5753321e+03
  -4.5781544e+03
  -4.5808531e+03
  -4.5837639e+03
  -4.5865384e+03
  -4.5893470e+03
  -4.5923105e+03
  -4.5951123e+03
  -4.5923796e+03
  -4.5954179e+03
  -4.5930662e+03
  -4.5959814e+03
  -4.5990060e+03
  -4.6019514e+03
  -4.6047397e+03
  -4.6076447e+03
  -4.6105453e+03
  -4.6134227e+03
  -4.6162075e+03
  -4.6190564e+03
  -4.6219858e+03
  -4.6248388e+03
  -4.6278725e+03
  -4.6254436e+03
  -4.6226960e+03
  -4.6195813e+03
  -4.6224835e+03
  -4.6252666e+03
  -4.6282106e+03
  -4.6310237e+03
  -4.6337959e+03
  -4.6365968e+03
  -4.6393932e+03
  -4.6422220e+03
  -4.6450002e+03
  -4.6478022e+03
  -4.6503730e+03
  -4.6504356e+03
