   3.1415927e+00
   9.3473586e-01
  -1.9507311e+00
  -4.7742973e+00
  -7.8034941e+00
  -1.0835227e+01
  -1.3625287e+01
  -1.6380957e+01
  -1.9051012e+01
  -2.1787099e+01
  -2.4753011e+01
  -2.3010978e+01
  -2.5971467e+01
  -2.8667109e+01
  -3.1267772e+01
  -3.3880188e+01
  -3.6468358e+01
  -3.9014177e+01
  -3.9101509e+01
  -4.1081295e+01
  -4.3620343e+01
  -4.6148197e+01
  -4.8649931e+01
  -5.1057064e+01
  -5.3125866e+01
  -5.4413212e+01
  -5.6429867e+01
  -5.8802589e+01
  -6.1240096e+01
  -6.3673793e+01
  -6.6075688e+01
  -6.8396114e+01
  -7.0593029e+01
  -7.2714512e+01
  -7.4898665e+01
  -7.7204769e+01
  -7.9604077e+01
  -8.2054753e+01
  -8.4532722e+01
  -8.7025778e+01
  -8.9520693e+01
  -9.2008469e+01
  -9.4479988e+01
  -9.6919166e+01
  -9.9305464e+01
  -1.0161435e+02
  -1.0384064e+02
  -1.0604272e+02
  -1.0830450e+02
  -1.1065226e+02
  -1.1306703e+02
  -1.1552232e+02
  -1.1799962e+02
  -1.2048499e+02
  -1.2296217e+02
  -1.2541035e+02
  -1.2778555e+02
  -1.2998425e+02
  -1.3191251e+02
  -1.3389779e+02
  -1.3615741e+02
  -1.3856506e+02
  -1.4103605e+02
  -1.4352664e+02
  -1.4598608e+02
  -1.4817167e+02
  -1.4890088e+02
  -1.5107427e+02
  -1.5357270e+02
  -1.5614649e+02
  -1.5876309e+02
  -1.6144492e+02
  -1.6438215e+02
  -1.6227927e+02
  -1.5920643e+02
  -1.6197215e+02
  -1.6467741e+02
  -1.6738303e+02
  -1.7017467e+02
  -1.7323754e+02
  -1.7063399e+02
  -1.6758737e+02
  -1.7043372e+02
  -1.7317962e+02
  -1.7589538e+02
  -1.7864679e+02
  -1.8151975e+02
  -1.7868363e+02
  -1.7620304e+02
  -1.7919276e+02
  -1.8199867e+02
  -1.8476698e+02
  -1.8757375e+02
  -1.9046581e+02
  -1.9352435e+02
  -1.9046253e+02
  -1.9360347e+02
  -1.9658563e+02
  -1.9947647e+02
  -2.0238744e+02
  -2.0536690e+02
  -2.0846163e+02
  -2.1159494e+02
  -2.1462476e+02
  -2.1756221e+02
  -2.2047050e+02
  -2.2340377e+02
  -2.2645418e+02
  -2.2335750e+02
  -2.2022034e+02
  -2.2319424e+02
  -2.2606396e+02
  -2.2890907e+02
  -2.3176329e+02
  -2.3473873e+02
  -2.3171631e+02
  -2.2882238e+02
  -2.3189198e+02
  -2.3479441e+02
  -2.3763851e+02
  -2.4053945e+02
  -2.4359653e+02
  -2.4051917e+02
  -2.4363070e+02
  -2.4648946e+02
  -2.4922179e+02
  -2.5184586e+02
  -2.5432371e+02
  -2.5645819e+02
  -2.5809462e+02
  -2.6020904e+02
  -2.6264227e+02
  -2.6516868e+02
  -2.6773038e+02
  -2.7030409e+02
  -2.7287851e+02
  -2.7545253e+02
  -2.7801547e+02
  -2.8055190e+02
  -2.8304487e+02
  -2.8543999e+02
  -2.8762026e+02
  -2.8960113e+02
  -2.9176770e+02
  -2.9418833e+02
  -2.9678298e+02
  -2.9967615e+02
  -2.9740203e+02
  -2.9440938e+02
  -2.9719992e+02
  -2.9991655e+02
  -3.0263494e+02
  -3.0539459e+02
  -3.0825392e+02
  -3.1137832e+02
  -3.0859150e+02
  -3.0550446e+02
  -3.0843132e+02
  -3.1127510e+02
  -3.1410626e+02
  -3.1701252e+02
  -3.2006049e+02
  -3.1697011e+02
  -3.1384331e+02
  -3.1682918e+02
  -3.1974995e+02
  -3.2263208e+02
  -3.2556108e+02
  -3.2855413e+02
  -3.3165890e+02
  -3.2856192e+02
  -3.3161032e+02
  -3.3456317e+02
  -3.3745596e+02
  -3.4035530e+02
  -3.4326617e+02
  -3.4628070e+02
  -3.4315261e+02
  -3.4011445e+02
  -3.3697871e+02
  -3.3999316e+02
  -3.4294598e+02
  -3.4586258e+02
  -3.4878247e+02
  -3.5171215e+02
  -3.5466667e+02
  -3.5766006e+02
  -3.6071086e+02
  -3.6379625e+02
  -3.6691268e+02
  -3.6995522e+02
  -3.7295400e+02
  -3.7592703e+02
  -3.7888814e+02
  -3.8186766e+02
  -3.8486973e+02
  -3.8790759e+02
  -3.9095258e+02
  -3.9393910e+02
  -3.9691945e+02
  -3.9991625e+02
  -4.0291252e+02
  -4.0596974e+02
  -4.0903445e+02
  -4.1210975e+02
  -4.1510991e+02
  -4.1806480e+02
  -4.2101776e+02
  -4.2400141e+02
  -4.2705415e+02
  -4.3015790e+02
  -4.3324960e+02
  -4.3623775e+02
  -4.3915287e+02
  -4.4201805e+02
  -4.4488753e+02
  -4.4784075e+02
  -4.4482286e+02
  -4.4202202e+02
  -4.3890516e+02
  -4.4180202e+02
  -4.4457940e+02
  -4.4731196e+02
  -4.5003760e+02
  -4.5276487e+02
  -4.5548337e+02
  -4.5827941e+02
  -4.5544634e+02
  -4.5357898e+02
  -4.5649384e+02
  -4.5927916e+02
  -4.6203675e+02
  -4.6482922e+02
  -4.6770496e+02
  -4.7075307e+02
  -4.6775070e+02
  -4.6472787e+02
  -4.6779277e+02
  -4.7069508e+02
  -4.7355714e+02
  -4.7646794e+02
  -4.7944015e+02
  -4.8248624e+02
  -4.8561189e+02
  -4.8869365e+02
  -4.9170812e+02
  -4.9465546e+02
  -4.9759603e+02
  -5.0054515e+02
  -5.0358460e+02
  -5.0664590e+02
  -5.0972127e+02
  -5.1277471e+02
  -5.1575814e+02
  -5.1874764e+02
  -5.2171016e+02
  -5.2470929e+02
  -5.2771682e+02
  -5.3071539e+02
  -5.3373780e+02
  -5.3676427e+02
  -5.3974736e+02
  -5.4275861e+02
  -5.4581057e+02
  -5.4885063e+02
  -5.5187887e+02
  -5.5491492e+02
  -5.5793080e+02
  -5.6092808e+02
  -5.6395746e+02
  -5.6697812e+02
  -5.6998893e+02
  -5.7297948e+02
  -5.7597268e+02
  -5.7898412e+02
  -5.8197836e+02
  -5.8500586e+02
  -5.8802304e+02
  -5.9104401e+02
  -5.9404626e+02
  -5.9704665e+02
  -6.0003074e+02
  -6.0302585e+02
  -6.0602847e+02
  -6.0905423e+02
  -6.1215349e+02
  -6.1515766e+02
  -6.1818416e+02
  -6.2116620e+02
  -6.2414135e+02
  -6.2709391e+02
  -6.3012167e+02
  -6.3317058e+02
  -6.3621869e+02
  -6.3925869e+02
  -6.4225966e+02
  -6.4525962e+02
  -6.4823419e+02
  -6.5127602e+02
  -6.5427389e+02
  -6.5731002e+02
  -6.6033230e+02
  -6.6334835e+02
  -6.6632234e+02
  -6.6933318e+02
  -6.7232951e+02
  -6.7534674e+02
  -6.7837561e+02
  -6.8136942e+02
  -6.8436505e+02
  -6.8731070e+02
  -6.9025085e+02
  -6.9323740e+02
  -6.9630543e+02
  -6.9942495e+02
  -6.9633766e+02
  -6.9940114e+02
  -7.0241314e+02
  -7.0534413e+02
  -7.0825680e+02
  -7.1118997e+02
  -7.1415370e+02
  -7.1717866e+02
  -7.2023483e+02
  -7.2331691e+02
  -7.2635374e+02
  -7.2937986e+02
  -7.3240025e+02
  -7.3540190e+02
  -7.3841081e+02
  -7.4144242e+02
  -7.4445730e+02
  -7.4744941e+02
  -7.5042982e+02
  -7.5341858e+02
  -7.5642934e+02
  -7.5939738e+02
  -7.6246358e+02
  -7.6551416e+02
  -7.6855657e+02
  -7.7159840e+02
  -7.7459481e+02
  -7.7761195e+02
  -7.8060382e+02
  -7.8359646e+02
  -7.8658755e+02
  -7.8961727e+02
  -7.9260201e+02
  -7.9562731e+02
  -7.9866360e+02
  -8.0168926e+02
  -8.0470199e+02
  -8.0772440e+02
  -8.1069150e+02
  -8.1370949e+02
  -8.1669902e+02
  -8.1968150e+02
  -8.2271459e+02
  -8.2574965e+02
  -8.2879921e+02
  -8.3179499e+02
  -8.3479485e+02
  -8.3777697e+02
  -8.4079523e+02
  -8.4378411e+02
  -8.4682631e+02
  -8.4984166e+02
  -8.5288106e+02
  -8.5590030e+02
  -8.5894092e+02
  -8.6192356e+02
  -8.6493072e+02
  -8.6796361e+02
  -8.7100329e+02
  -8.7401692e+02
  -8.7699814e+02
  -8.8001546e+02
  -8.8304023e+02
  -8.8606418e+02
  -8.8904301e+02
  -8.9208284e+02
  -8.9507525e+02
  -8.9806088e+02
  -9.0100900e+02
  -9.0400916e+02
  -9.0700688e+02
  -9.1006395e+02
  -9.1311644e+02
  -9.1620018e+02
  -9.1923227e+02
  -9.2218984e+02
  -9.2516531e+02
  -9.2813313e+02
  -9.3114727e+02
  -9.3415072e+02
  -9.3722097e+02
  -9.4027203e+02
  -9.4329054e+02
  -9.4633759e+02
  -9.4936818e+02
  -9.5236322e+02
  -9.5539064e+02
  -9.5838946e+02
  -9.6145224e+02
  -9.6444043e+02
  -9.6739554e+02
  -9.7035740e+02
  -9.7330528e+02
  -9.7629968e+02
  -9.7930385e+02
  -9.8235726e+02
  -9.8545213e+02
  -9.8851445e+02
  -9.9152241e+02
  -9.9452619e+02
  -9.9753662e+02
  -1.0005272e+03
  -1.0035281e+03
  -1.0065339e+03
  -1.0095386e+03
  -1.0125559e+03
  -1.0155644e+03
  -1.0185850e+03
  -1.0215904e+03
  -1.0246122e+03
  -1.0276318e+03
  -1.0306822e+03
  -1.0336643e+03
  -1.0366699e+03
  -1.0396822e+03
  -1.0426353e+03
  -1.0456698e+03
  -1.0487181e+03
  -1.0517446e+03
  -1.0547808e+03
  -1.0577915e+03
  -1.0607748e+03
  -1.0637539e+03
  -1.0667790e+03
  -1.0698287e+03
  -1.0728422e+03
  -1.0758840e+03
  -1.0788924e+03
  -1.0818698e+03
  -1.0848467e+03
  -1.0878089e+03
  -1.0908211e+03
  -1.0938407e+03
  -1.0968752e+03
  -1.0999896e+03
  -1.1030309e+03
  -1.1060339e+03
  -1.1090424e+03
  -1.1120135e+03
  -1.1149525e+03
  -1.1179715e+03
  -1.1209675e+03
  -1.1239710e+03
  -1.1270330e+03
  -1.1300326e+03
  -1.1330691e+03
  -1.1360884e+03
  -1.1390802e+03
  -1.1420855e+03
  -1.1451251e+03
  -1.1481390e+03
  -1.1511608e+03
  -1.1541941e+03
  -1.1571908e+03
  -1.1601980e+03
  -1.1631884e+03
  -1.1661827e+03
  -1.1692578e+03
  -1.1723093e+03
  -1.1753440e+03
  -1.1783664e+03
  -1.1813880e+03
  -1.1843460e+03
  -1.1872914e+03
  -1.1902809e+03
  -1.1932900e+03
  -1.1963164e+03
  -1.1993231e+03
  -1.2024276e+03
  -1.2054440e+03
  -1.2084759e+03
  -1.2114932e+03
  -1.2144858e+03
  -1.2174752e+03
  -1.2204951e+03
  -1.2235209e+03
  -1.2265175e+03
  -1.2295464e+03
  -1.2325410e+03
  -1.2355646e+03
  -1.2385255e+03
  -1.2415590e+03
  -1.2445568e+03
  -1.2475757e+03
  -1.2506048e+03
  -1.2535903e+03
  -1.2566259e+03
  -1.2596473e+03
  -1.2626694e+03
  -1.2657171e+03
  -1.2687294e+03
  -1.2717033e+03
  -1.2747152e+03
  -1.2776666e+03
  -1.2806828e+03
  -1.2836835e+03
  -1.2867305e+03
  -1.2897555e+03
  -1.2927653e+03
  -1.2957649e+03
  -1.2987499e+03
  -1.3017975e+03
  -1.3048128e+03
  -1.3078331e+03
  -1.3108310e+03
  -1.3138780e+03
  -1.3169021e+03
  -1.3198737e+03
  -1.3228534e+03
  -1.3259016e+03
  -1.3288898e+03
  -1.3319161e+03
  -1.3349376e+03
  -1.3379490e+03
  -1.3409712e+03
  -1.3439813e+03
  -1.3470115e+03
  -1.3500200e+03
  -1.3530821e+03
  -1.3560940e+03
  -1.3590959e+03
  -1.3620922e+03
  -1.3650623e+03
  -1.3680865e+03
  -1.3711176e+03
  -1.3741132e+03
  -1.3771387e+03
  -1.3801530e+03
  -1.3831924e+03
  -1.3862078e+03
  -1.3891755e+03
  -1.3922219e+03
  -1.3952225e+03
  -1.3981995e+03
  -1.4012370e+03
  -1.4042045e+03
  -1.4072105e+03
  -1.4102206e+03
  -1.4132556e+03
  -1.4162805e+03
  -1.4193172e+03
  -1.4223702e+03
  -1.4253552e+03
  -1.4283690e+03
  -1.4313714e+03
  -1.4343889e+03
  -1.4373851e+03
  -1.4403928e+03
  -1.4433983e+03
  -1.4464359e+03
  -1.4494653e+03
  -1.4524268e+03
  -1.4554154e+03
  -1.4584297e+03
  -1.4614273e+03
  -1.4645046e+03
  -1.4675820e+03
  -1.4706275e+03
  -1.4735735e+03
  -1.4765742e+03
  -1.4795917e+03
  -1.4825572e+03
  -1.4856186e+03
  -1.4886137e+03
  -1.4916650e+03
  -1.4947030e+03
  -1.4977193e+03
  -1.5007373e+03
  -1.5037288e+03
  -1.5066860e+03
  -1.5097070e+03
  -1.5127293e+03
  -1.5157205e+03
  -1.5187648e+03
  -1.5217822e+03
  -1.5248212e+03
  -1.5277881e+03
  -1.5307800e+03
  -1.5338641e+03
  -1.5368468e+03
  -1.5398263e+03
  -1.5427951e+03
  -1.5457594e+03
  -1.5487915e+03
  -1.5518106e+03
  -1.5549129e+03
  -1.5580082e+03
  -1.5610442e+03
  -1.5640400e+03
  -1.5670180e+03
  -1.5699857e+03
  -1.5729555e+03
  -1.5759364e+03
  -1.5789810e+03
  -1.5820078e+03
  -1.5850347e+03
  -1.5880611e+03
  -1.5910411e+03
  -1.5940392e+03
  -1.5970256e+03
  -1.6001043e+03
  -1.6031272e+03
  -1.6061609e+03
  -1.6091970e+03
  -1.6121779e+03
  -1.6151022e+03
  -1.6180486e+03
  -1.6210652e+03
  -1.6240333e+03
  -1.6270727e+03
  -1.6301431e+03
  -1.6332329e+03
  -1.6362481e+03
  -1.6392571e+03
  -1.6423556e+03
  -1.6453681e+03
  -1.6483428e+03
  -1.6513453e+03
  -1.6543208e+03
  -1.6573181e+03
  -1.6603287e+03
  -1.6633356e+03
  -1.6663564e+03
  -1.6693890e+03
  -1.6724609e+03
  -1.6754771e+03
  -1.6784747e+03
  -1.6814702e+03
  -1.6844317e+03
  -1.6873834e+03
  -1.6903979e+03
  -1.6934178e+03
  -1.6964708e+03
  -1.6995397e+03
  -1.7025653e+03
  -1.7055670e+03
  -1.7085686e+03
  -1.7115604e+03
  -1.7145293e+03
  -1.7175423e+03
  -1.7206243e+03
  -1.7236737e+03
  -1.7267076e+03
  -1.7296906e+03
  -1.7326675e+03
  -1.7356952e+03
  -1.7386191e+03
  -1.7416498e+03
  -1.7446500e+03
  -1.7476655e+03
  -1.7506733e+03
  -1.7536892e+03
  -1.7567628e+03
  -1.7597458e+03
  -1.7627496e+03
  -1.7657313e+03
  -1.7687571e+03
  -1.7717198e+03
  -1.7746635e+03
  -1.7777056e+03
  -1.7807493e+03
  -1.7837938e+03
  -1.7868971e+03
  -1.7898995e+03
  -1.7929479e+03
  -1.7959445e+03
  -1.7989373e+03
  -1.8019129e+03
  -1.8049265e+03
  -1.8079130e+03
  -1.8109542e+03
  -1.8140248e+03
  -1.8170268e+03
  -1.8200905e+03
  -1.8230607e+03
  -1.8260678e+03
  -1.8290702e+03
  -1.8321065e+03
  -1.8351322e+03
  -1.8381456e+03
  -1.8411374e+03
  -1.8441537e+03
  -1.8471362e+03
  -1.8501177e+03
  -1.8531094e+03
  -1.8561505e+03
  -1.8591812e+03
  -1.8622571e+03
  -1.8652767e+03
  -1.8682815e+03
  -1.8713084e+03
  -1.8742527e+03
  -1.8772027e+03
  -1.8801850e+03
  -1.8832103e+03
  -1.8862576e+03
  -1.8893543e+03
  -1.8924088e+03
  -1.8954785e+03
  -1.8984768e+03
  -1.9014464e+03
  -1.9043811e+03
  -1.9073809e+03
  -1.9103883e+03
  -1.9133886e+03
  -1.9163881e+03
  -1.9194924e+03
  -1.9224881e+03
  -1.9255251e+03
  -1.9285438e+03
  -1.9315236e+03
  -1.9345605e+03
  -1.9375377e+03
  -1.9406120e+03
  -1.9435986e+03
  -1.9465656e+03
  -1.9495981e+03
  -1.9526062e+03
  -1.9555980e+03
  -1.9586634e+03
  -1.9616322e+03
  -1.9647423e+03
  -1.9676992e+03
  -1.9706661e+03
  -1.9737092e+03
  -1.9767395e+03
  -1.9797298e+03
  -1.9827354e+03
  -1.9857792e+03
  -1.9887668e+03
  -1.9917797e+03
  -1.9947679e+03
  -1.9977510e+03
  -2.0007055e+03
  -2.0037574e+03
  -2.0067783e+03
  -2.0098348e+03
  -2.0128575e+03
  -2.0159013e+03
  -2.0189260e+03
  -2.0219337e+03
  -2.0248888e+03
  -2.0279265e+03
  -2.0309434e+03
  -2.0340302e+03
  -2.0369976e+03
  -2.0400102e+03
  -2.0430546e+03
  -2.0459773e+03
  -2.0490598e+03
  -2.0520430e+03
  -2.0550644e+03
  -2.0580585e+03
  -2.0611328e+03
  -2.0641587e+03
  -2.0671379e+03
  -2.0701485e+03
  -2.0731391e+03
  -2.0761156e+03
  -2.0791244e+03
  -2.0821127e+03
  -2.0851135e+03
  -2.0881551e+03
  -2.0911749e+03
  -2.0941965e+03
  -2.0973132e+03
  -2.1003425e+03
  -2.1033101e+03
  -2.1063205e+03
  -2.1093006e+03
  -2.1122710e+03
  -2.1152862e+03
  -2.1183138e+03
  -2.1212732e+03
  -2.1243285e+03
  -2.1273410e+03
  -2.1303846e+03
  -2.1333778e+03
  -2.1364071e+03
  -2.1394175e+03
  -2.1424023e+03
  -2.1455002e+03
  -2.1484887e+03
  -2.1514520e+03
  -2.1544688e+03
  -2.1574679e+03
  -2.1604836e+03
  -2.1635415e+03
  -2.1665469e+03
  -2.1695302e+03
  -2.1725235e+03
  -2.1755406e+03
  -2.1785573e+03
  -2.1815752e+03
  -2.1846110e+03
  -2.1876905e+03
  -2.1907095e+03
  -2.1937086e+03
  -2.1966851e+03
  -2.1996524e+03
  -2.2026816e+03
  -2.2056294e+03
  -2.2086755e+03
  -2.2117848e+03
  -2.2147318e+03
  -2.2177849e+03
  -2.2207922e+03
  -2.2237929e+03
  -2.2267836e+03
  -2.2297952e+03
  -2.2328648e+03
  -2.2358767e+03
  -2.2389244e+03
  -2.2418867e+03
  -2.2448725e+03
  -2.2478161e+03
  -2.2507756e+03
  -2.2538583e+03
  -2.2569321e+03
  -2.2600024e+03
  -2.2630345e+03
  -2.2660766e+03
  -2.2690418e+03
  -2.2720132e+03
  -2.2749805e+03
  -2.2779929e+03
  -2.2810128e+03
  -2.2840308e+03
  -2.2870628e+03
  -2.2900547e+03
  -2.2931395e+03
  -2.2960996e+03
  -2.2990938e+03
  -2.3020725e+03
  -2.3050860e+03
  -2.3080796e+03
  -2.3111165e+03
  -2.3141364e+03
  -2.3171752e+03
  -2.3202631e+03
  -2.3232439e+03
  -2.3263155e+03
  -2.3293377e+03
  -2.3323432e+03
  -2.3352887e+03
  -2.3383145e+03
  -2.3412296e+03
  -2.3442218e+03
  -2.3472172e+03
  -2.3501955e+03
  -2.3533128e+03
  -2.3564008e+03
  -2.3594580e+03
  -2.3625055e+03
  -2.3654635e+03
  -2.3683948e+03
  -2.3714047e+03
  -2.3743597e+03
  -2.3773908e+03
  -2.3803226e+03
  -2.3834075e+03
  -2.3864752e+03
  -2.3895314e+03
  -2.3925871e+03
  -2.3955674e+03
  -2.3986164e+03
  -2.4015741e+03
  -2.4045869e+03
  -2.4076080e+03
  -2.4105976e+03
  -2.4136010e+03
  -2.4166112e+03
  -2.4196176e+03
  -2.4226345e+03
  -2.4256415e+03
  -2.4286198e+03
  -2.4316513e+03
  -2.4346509e+03
  -2.4376722e+03
  -2.4407418e+03
  -2.4437431e+03
  -2.4467798e+03
  -2.4497933e+03
  -2.4527927e+03
  -2.4557786e+03
  -2.4587552e+03
  -2.4617282e+03
  -2.4647603e+03
  -2.4677227e+03
  -2.4708387e+03
  -2.4739799e+03
  -2.4769741e+03
  -2.4799703e+03
  -2.4829081e+03
  -2.4859014e+03
  -2.4889064e+03
  -2.4918950e+03
  -2.4948928e+03
  -2.4979436e+03
  -2.5009657e+03
  -2.5039813e+03
  -2.5069233e+03
  -2.5099161e+03
  -2.5129341e+03
  -2.5159236e+03
  -2.5189998e+03
  -2.5220901e+03
  -2.5251892e+03
  -2.5282080e+03
  -2.5311631e+03
  -2.5341292e+03
  -2.5371036e+03
  -2.5400744e+03
  -2.5430366e+03
  -2.5461188e+03
  -2.5492276e+03
  -2.5522675e+03
  -2.5553354e+03
  -2.5583095e+03
  -2.5612951e+03
  -2.5642443e+03
  -2.5672185e+03
  -2.5702222e+03
  -2.5732525e+03
  -2.5763236e+03
  -2.5793773e+03
  -2.5823889e+03
  -2.5853931e+03
  -2.5883430e+03
  -2.5912781e+03
  -2.5943229e+03
  -2.5973500e+03
  -2.6004074e+03
  -2.6034356e+03
  -2.6064459e+03
  -2.6094134e+03
  -2.6124645e+03
  -2.6154138e+03
  -2.6183754e+03
  -2.6214486e+03
  -2.6244046e+03
  -2.6275243e+03
  -2.6305195e+03
  -2.6335346e+03
  -2.6365464e+03
  -2.6395364e+03
  -2.6425879e+03
  -2.6456391e+03
  -2.6486817e+03
  -2.6516373e+03
  -2.6546973e+03
  -2.6576934e+03
  -2.6606298e+03
  -2.6636959e+03
  -2.6666826e+03
  -2.6696581e+03
  -2.6727244e+03
  -2.6757472e+03
  -2.6787369e+03
  -2.6817105e+03
  -2.6848001e+03
  -2.6877793e+03
  -2.6908187e+03
  -2.6938512e+03
  -2.6968758e+03
  -2.6998924e+03
  -2.7028516e+03
  -2.7058431e+03
  -2.7088654e+03
  -2.7118846e+03
  -2.7148338e+03
  -2.7179010e+03
  -2.7209247e+03
  -2.7239699e+03
  -2.7270021e+03
  -2.7300798e+03
  -2.7330131e+03
  -2.7359887e+03
  -2.7389377e+03
  -2.7419439e+03
  -2.7450357e+03
  -2.7479957e+03
  -2.7510510e+03
  -2.7540465e+03
  -2.7571365e+03
  -2.7601180e+03
  -2.7631551e+03
  -2.7661305e+03
  -2.7691413e+03
  -2.7721013e+03
  -2.7750569e+03
  -2.7781410e+03
  -2.7811274e+03
  -2.7842037e+03
  -2.7872393e+03
  -2.7902540e+03
  -2.7932636e+03
  -2.7962723e+03
  -2.7992672e+03
  -2.8022603e+03
  -2.8052009e+03
  -2.8082495e+03
  -2.8112341e+03
  -2.8142624e+03
  -2.8173776e+03
  -2.8204069e+03
  -2.8234181e+03
  -2.8263942e+03
  -2.8294505e+03
  -2.8324254e+03
  -2.8354117e+03
  -2.8384072e+03
  -2.8414202e+03
  -2.8444221e+03
  -2.8475018e+03
  -2.8505371e+03
  -2.8534875e+03
  -2.8565316e+03
  -2.8595147e+03
  -2.8624587e+03
  -2.8655206e+03
  -2.8685779e+03
  -2.8716234e+03
  -2.8746312e+03
  -2.8776135e+03
  -2.8805920e+03
  -2.8836020e+03
  -2.8865650e+03
  -2.8895599e+03
  -2.8926323e+03
  -2.8956660e+03
  -2.8987285e+03
  -2.9017318e+03
  -2.9047466e+03
  -2.9076678e+03
  -2.9107046e+03
  -2.9136312e+03
  -2.9166913e+03
  -2.9197559e+03
  -2.9228106e+03
  -2.9258710e+03
  -2.9288331e+03
  -2.9318353e+03
  -2.9347917e+03
  -2.9378371e+03
  -2.9407934e+03
  -2.9438969e+03
  -2.9469124e+03
  -2.9499784e+03
  -2.9529559e+03
  -2.9559469e+03
  -2.9589316e+03
  -2.9619413e+03
  -2.9649466e+03
  -2.9679816e+03
  -2.9710052e+03
  -2.9739963e+03
  -2.9769929e+03
  -2.9800367e+03
  -2.9830998e+03
  -2.9860368e+03
  -2.9890953e+03
  -2.9920185e+03
  -2.9950292e+03
  -2.9979992e+03
  -3.0010583e+03
  -3.0041390e+03
  -3.0072078e+03
  -3.0102534e+03
  -3.0132140e+03
  -3.0162400e+03
  -3.0191994e+03
  -3.0221701e+03
  -3.0251217e+03
  -3.0282040e+03
  -3.0313004e+03
  -3.0343043e+03
  -3.0373265e+03
  -3.0403277e+03
  -3.0433460e+03
  -3.0463429e+03
  -3.0493389e+03
  -3.0523720e+03
  -3.0554381e+03
  -3.0584108e+03
  -3.0614209e+03
  -3.0644247e+03
  -3.0673613e+03
  -3.0703806e+03
  -3.0734032e+03
  -3.0764624e+03
  -3.0795108e+03
  -3.0825208e+03
  -3.0855428e+03
  -3.0885538e+03
  -3.0914768e+03
  -3.0945170e+03
  -3.0975304e+03
  -3.1005823e+03
  -3.1036097e+03
  -3.1066091e+03
  -3.1095662e+03
  -3.1125137e+03
  -3.1154992e+03
  -3.1184857e+03
  -3.1215727e+03
  -3.1246112e+03
  -3.1277417e+03
  -3.1307642e+03
  -3.1338112e+03
  -3.1368172e+03
  -3.1397385e+03
  -3.1427025e+03
  -3.1456915e+03
  -3.1486500e+03
  -3.1517629e+03
  -3.1548231e+03
  -3.1578678e+03
  -3.1609104e+03
  -3.1638637e+03
  -3.1668193e+03
  -3.1698163e+03
  -3.1728208e+03
  -3.1758131e+03
  -3.1788467e+03
  -3.1818934e+03
  -3.1849458e+03
  -3.1880466e+03
  -3.1910445e+03
  -3.1939938e+03
  -3.1969964e+03
  -3.1999116e+03
  -3.2028894e+03
  -3.2059200e+03
  -3.2089571e+03
  -3.2120430e+03
  -3.2151017e+03
  -3.2181235e+03
  -3.2211463e+03
  -3.2240905e+03
  -3.2270728e+03
  -3.2300259e+03
  -3.2330569e+03
  -3.2360871e+03
  -3.2391427e+03
  -3.2421529e+03
  -3.2451969e+03
  -3.2481823e+03
  -3.2511395e+03
  -3.2541824e+03
  -3.2571617e+03
  -3.2602096e+03
  -3.2631846e+03
  -3.2663152e+03
  -3.2692773e+03
  -3.2723063e+03
  -3.2752902e+03
  -3.2783154e+03
  -3.2813188e+03
  -3.2842566e+03
  -3.2872801e+03
  -3.2903488e+03
  -3.2933920e+03
  -3.2963842e+03
  -3.2994194e+03
  -3.3023983e+03
  -3.3054763e+03
  -3.3084621e+03
  -3.3114392e+03
  -3.3144248e+03
  -3.3174607e+03
  -3.3204441e+03
  -3.3234776e+03
  -3.3265135e+03
  -3.3294890e+03
  -3.3325628e+03
  -3.3356164e+03
  -3.3385746e+03
  -3.3415877e+03
  -3.3445894e+03
  -3.3475552e+03
  -3.3505980e+03
  -3.3536006e+03
  -3.3566341e+03
  -3.3596827e+03
  -3.3627527e+03
  -3.3657610e+03
  -3.3687648e+03
  -3.3717191e+03
  -3.3746591e+03
  -3.3776851e+03
  -3.3807068e+03
  -3.3837615e+03
  -3.3806252e+03
  -3.3836978e+03
  -3.3867226e+03
  -3.3897068e+03
  -3.3925859e+03
  -3.3955094e+03
  -3.3985179e+03
  -3.4015492e+03
  -3.4045630e+03
  -3.4014258e+03
  -3.4044758e+03
  -3.4074700e+03
  -3.4104607e+03
  -3.4134135e+03
  -3.4163803e+03
  -3.4193326e+03
  -3.4223834e+03
  -3.4254173e+03
  -3.4284837e+03
  -3.4315750e+03
  -3.4345340e+03
  -3.4375127e+03
  -3.4405480e+03
  -3.4435040e+03
  -3.4465271e+03
  -3.4495681e+03
  -3.4526036e+03
  -3.4555438e+03
  -3.4585931e+03
  -3.4616036e+03
  -3.4646694e+03
  -3.4677129e+03
  -3.4706993e+03
  -3.4736982e+03
  -3.4766168e+03
  -3.4796513e+03
  -3.4825749e+03
  -3.4856241e+03
  -3.4886415e+03
  -3.4855041e+03
  -3.4885861e+03
  -3.4916088e+03
  -3.4946182e+03
  -3.4975546e+03
  -3.5005085e+03
  -3.5034571e+03
  -3.5064275e+03
  -3.5094860e+03
  -3.5126140e+03
  -3.5157286e+03
  -3.5187702e+03
  -3.5217641e+03
  -3.5247885e+03
  -3.5276695e+03
  -3.5306389e+03
  -3.5335744e+03
  -3.5365451e+03
  -3.5334117e+03
  -3.5364751e+03
  -3.5395207e+03
  -3.5426049e+03
  -3.5455450e+03
  -3.5484562e+03
  -3.5514622e+03
  -3.5543844e+03
  -3.5573675e+03
  -3.5604820e+03
  -3.5635518e+03
  -3.5666454e+03
  -3.5696671e+03
  -3.5726872e+03
  -3.5756202e+03
  -3.5786062e+03
  -3.5816193e+03
  -3.5845907e+03
  -3.5876742e+03
  -3.5906512e+03
  -3.5936665e+03
  -3.5966991e+03
  -3.5996450e+03
  -3.6026389e+03
  -3.6056817e+03
  -3.6087083e+03
  -3.6118191e+03
  -3.6148365e+03
  -3.6177642e+03
  -3.6207998e+03
  -3.6238520e+03
  -3.6268227e+03
  -3.6298218e+03
  -3.6327798e+03
  -3.6357955e+03
  -3.6387955e+03
  -3.6417786e+03
  -3.6447561e+03
  -3.6477372e+03
  -3.6508056e+03
  -3.6538816e+03
  -3.6569858e+03
  -3.6600883e+03
  -3.6630607e+03
  -3.6660116e+03
  -3.6689556e+03
  -3.6719230e+03
  -3.6749140e+03
  -3.6778274e+03
  -3.6809426e+03
  -3.6839873e+03
  -3.6871086e+03
  -3.6901284e+03
  -3.6931749e+03
  -3.6961944e+03
  -3.6991418e+03
  -3.7021534e+03
  -3.7051303e+03
  -3.7081248e+03
  -3.7111523e+03
  -3.7141478e+03
  -3.7171190e+03
  -3.7202080e+03
  -3.7232708e+03
  -3.7262532e+03
  -3.7292570e+03
  -3.7323203e+03
  -3.7352911e+03
  -3.7382898e+03
  -3.7412504e+03
  -3.7442595e+03
  -3.7472611e+03
  -3.7503312e+03
  -3.7533783e+03
  -3.7564253e+03
  -3.7594671e+03
  -3.7624445e+03
  -3.7653846e+03
  -3.7683340e+03
  -3.7713235e+03
  -3.7742549e+03
  -3.7773943e+03
  -3.7804570e+03
  -3.7835176e+03
  -3.7865390e+03
  -3.7895142e+03
  -3.7925413e+03
  -3.7954959e+03
  -3.7984979e+03
  -3.8015092e+03
  -3.8045154e+03
  -3.8074994e+03
  -3.8105643e+03
  -3.8136057e+03
  -3.8165396e+03
  -3.8196211e+03
  -3.8227222e+03
  -3.8257129e+03
  -3.8287519e+03
  -3.8318179e+03
  -3.8347765e+03
  -3.8377712e+03
  -3.8407450e+03
  -3.8436939e+03
  -3.8467067e+03
  -3.8497300e+03
  -3.8526725e+03
  -3.8556894e+03
  -3.8587573e+03
  -3.8617658e+03
  -3.8647964e+03
  -3.8678666e+03
  -3.8708899e+03
  -3.8739130e+03
  -3.8769864e+03
  -3.8799263e+03
  -3.8829437e+03
  -3.8858617e+03
  -3.8887680e+03
  -3.8918328e+03
  -3.8949271e+03
  -3.8980174e+03
  -3.9010361e+03
  -3.9040493e+03
  -3.9070639e+03
  -3.9100291e+03
  -3.9130228e+03
  -3.9160143e+03
  -3.9189993e+03
  -3.9221286e+03
  -3.9251263e+03
  -3.9281224e+03
  -3.9311922e+03
  -3.9341103e+03
  -3.9371400e+03
  -3.9402067e+03
  -3.9431947e+03
  -3.9462150e+03
  -3.9492069e+03
  -3.9521731e+03
  -3.9551757e+03
  -3.9581467e+03
  -3.9550120e+03
  -3.9580559e+03
  -3.9609499e+03
  -3.9640499e+03
  -3.9669654e+03
  -3.9699461e+03
  -3.9729501e+03
  -3.9760173e+03
  -3.9790648e+03
  -3.9821075e+03
  -3.9851733e+03
  -3.9881818e+03
  -3.9911558e+03
  -3.9940807e+03
  -3.9970992e+03
  -4.0000552e+03
  -4.0030959e+03
  -4.0061515e+03
  -4.0091951e+03
  -4.0122324e+03
  -4.0152656e+03
  -4.0182374e+03
  -4.0212702e+03
  -4.0242531e+03
  -4.0273049e+03
  -4.0303184e+03
  -4.0332536e+03
  -4.0363012e+03
  -4.0393641e+03
  -4.0423959e+03
  -4.0455081e+03
  -4.0485388e+03
  -4.0514541e+03
  -4.0544235e+03
  -4.0573277e+03
  -4.0602691e+03
  -4.0632746e+03
  -4.0602643e+03
  -4.0572004e+03
  -4.0602781e+03
  -4.0631989e+03
  -4.0660763e+03
  -4.0689614e+03
  -4.0717314e+03
  -4.0745709e+03
  -4.0775029e+03
  -4.0806079e+03
  -4.0778696e+03
  -4.0747834e+03
  -4.0778126e+03
  -4.0807397e+03
  -4.0835414e+03
  -4.0863390e+03
  -4.0892241e+03
  -4.0921169e+03
  -4.0950999e+03
  -4.0981945e+03
  -4.0952776e+03
  -4.0921849e+03
  -4.0951729e+03
  -4.0981493e+03
  -4.1010148e+03
  -4.1039195e+03
  -4.1069507e+03
  -4.1099932e+03
  -4.1130526e+03
  -4.1161262e+03
  -4.1190978e+03
  -4.1221314e+03
  -4.1251215e+03
  -4.1280910e+03
  -4.1310719e+03
  -4.1340934e+03
  -4.1371483e+03
  -4.1401686e+03
  -4.1432432e+03
  -4.1463187e+03
  -4.1492991e+03
  -4.1523083e+03
  -4.1552859e+03
  -4.1582307e+03
  -4.1612604e+03
  -4.1642638e+03
  -4.1672454e+03
  -4.1702470e+03
  -4.1733173e+03
  -4.1764139e+03
  -4.1794502e+03
  -4.1824836e+03
  -4.1854528e+03
  -4.1884181e+03
  -4.1914090e+03
  -4.1943702e+03
  -4.1973592e+03
  -4.2003941e+03
  -4.2035007e+03
  -4.2065680e+03
  -4.2096236e+03
  -4.2126028e+03
  -4.2155866e+03
  -4.2185235e+03
  -4.2215280e+03
  -4.2245208e+03
  -4.2275003e+03
  -4.2305929e+03
  -4.2335765e+03
  -4.2366152e+03
  -4.2396574e+03
  -4.2426010e+03
  -4.2456503e+03
  -4.2486541e+03
  -4.2515989e+03
  -4.2546360e+03
  -4.2576379e+03
  -4.2606535e+03
  -4.2636724e+03
  -4.2667095e+03
  -4.2696282e+03
  -4.2727321e+03
  -4.2757133e+03
  -4.2787085e+03
  -4.2817759e+03
  -4.2847634e+03
  -4.2878831e+03
  -4.2908921e+03
  -4.2939343e+03
  -4.2968827e+03
  -4.2998354e+03
  -4.3027437e+03
  -4.3056366e+03
  -4.3085438e+03
  -4.3114580e+03
  -4.3083725e+03
  -4.3055285e+03
  -4.3026623e+03
  -4.3057422e+03
  -4.3085730e+03
  -4.3114288e+03
  -4.3142035e+03
  -4.3169937e+03
  -4.3198904e+03
  -4.3228351e+03
  -4.3259640e+03
  -4.3233169e+03
  -4.3203670e+03
  -4.3232268e+03
  -4.3260777e+03
  -4.3288855e+03
  -4.3317259e+03
  -4.3346728e+03
  -4.3375855e+03
  -4.3406311e+03
  -4.3375437e+03
  -4.3406393e+03
  -4.3437390e+03
  -4.3466359e+03
  -4.3496119e+03
  -4.3525779e+03
  -4.3555231e+03
  -4.3586247e+03
  -4.3616714e+03
  -4.3646339e+03
  -4.3676490e+03
  -4.3706561e+03
  -4.3736898e+03
  -4.3767683e+03
  -4.3797361e+03
  -4.3827408e+03
  -4.3857678e+03
  -4.3887860e+03
  -4.3917351e+03
  -4.3947639e+03
  -4.3976873e+03
  -4.4007010e+03
  -4.4038306e+03
  -4.4068824e+03
  -4.4099034e+03
  -4.4128814e+03
  -4.4159651e+03
  -4.4189310e+03
  -4.4218954e+03
  -4.4248847e+03
  -4.4278751e+03
  -4.4308605e+03
  -4.4339130e+03
  -4.4369284e+03
  -4.4399679e+03
  -4.4429578e+03
  -4.4460213e+03
  -4.4491417e+03
  -4.4520529e+03
  -4.4550358e+03
  -4.4580318e+03
  -4.4610359e+03
  -4.4640444e+03
  -4.4670864e+03
  -4.4701388e+03
  -4.4732038e+03
  -4.4762376e+03
  -4.4792314e+03
  -4.4822437e+03
  -4.4852462e+03
  -4.4882204e+03
  -4.4911988e+03
  -4.4942081e+03
  -4.4972467e+03
  -4.5003007e+03
  -4.5032827e+03
  -4.5062949e+03
  -4.5092941e+03
  -4.5123341e+03
  -4.5153263e+03
  -4.5183459e+03
  -4.5213210e+03
  -4.5242163e+03
  -4.5273131e+03
  -4.5303954e+03
  -4.5333917e+03
  -4.5364007e+03
  -4.5394177e+03
  -4.5424512e+03
  -4.5454436e+03
  -4.5483598e+03
  -4.5514134e+03
  -4.5544813e+03
  -4.5574467e+03
  -4.5604571e+03
  -4.5635151e+03
  -4.5665606e+03
  -4.5694874e+03
  -4.5725346e+03
  -4.5754669e+03
  -4.5784226e+03
  -4.5814801e+03
  -4.5845514e+03
  -4.5814289e+03
  -4.5843386e+03
  -4.5874102e+03
  -4.5903781e+03
  -4.5933755e+03
  -4.5963422e+03
  -4.5993489e+03
  -4.5962263e+03
  -4.5991800e+03
  -4.6022508e+03
  -4.6052517e+03
  -4.6083317e+03
  -4.6112884e+03
  -4.6142010e+03
  -4.6171854e+03
  -4.6201482e+03
  -4.6170263e+03
  -4.6200347e+03
  -4.6230832e+03
  -4.6261263e+03
  -4.6290527e+03
  -4.6321278e+03
  -4.6350731e+03
  -4.6380582e+03
  -4.6410205e+03
  -4.6440248e+03
  -4.6471590e+03
  -4.6501816e+03
  -4.6531994e+03
  -4.6562026e+03
  -4.6592026e+03
  -4.6621089e+03
  -4.6650681e+03
  -4.6681163e+03
  -4.6711378e+03
  -4.6741732e+03
  -4.6773052e+03
  -4.6803614e+03
  -4.6833709e+03
  -4.6862935e+03
  -4.6892696e+03
  -4.6922631e+03
  -4.6952248e+03
  -4.6982299e+03
  -4.7012663e+03
  -4.7043409e+03
  -4.7074246e+03
  -4.7104905e+03
  -4.7134347e+03
  -4.7164416e+03
  -4.7193968e+03
  -4.7224376e+03
  -4.7253839e+03
  -4.7283235e+03
  -4.7313134e+03
  -4.7342932e+03
  -4.7374348e+03
  -4.7404514e+03
  -4.7435587e+03
  -4.7465781e+03
  -4.7495743e+03
  -4.7525439e+03
  -4.7554836e+03
  -4.7584180e+03
  -4.7614683e+03
  -4.7645456e+03
  -4.7675341e+03
  -4.7706629e+03
  -4.7736862e+03
  -4.7767277e+03
  -4.7797148e+03
  -4.7827072e+03
  -4.7857005e+03
  -4.7886439e+03
  -4.7916701e+03
  -4.7947475e+03
  -4.7977103e+03
  -4.8007309e+03
  -4.8038060e+03
  -4.8068377e+03
  -4.8098089e+03
  -4.8128072e+03
  -4.8159128e+03
  -4.8189022e+03
  -4.8219655e+03
  -4.8249499e+03
  -4.8279112e+03
  -4.8308689e+03
  -4.8338443e+03
  -4.8368922e+03
  -4.8398681e+03
  -4.8428567e+03
  -4.8459345e+03
  -4.8490001e+03
  -4.8519866e+03
  -4.8549464e+03
  -4.8579840e+03
  -4.8609628e+03
  -4.8639495e+03
  -4.8669432e+03
  -4.8699827e+03
  -4.8730415e+03
  -4.8759875e+03
  -4.8790917e+03
  -4.8820538e+03
  -4.8850451e+03
  -4.8881016e+03
  -4.8910972e+03
  -4.8940827e+03
  -4.8971095e+03
  -4.9000884e+03
  -4.9031190e+03
  -4.9061244e+03
  -4.9090923e+03
  -4.9121725e+03
  -4.9152456e+03
  -4.9121417e+03
  -4.9151190e+03
  -4.9180354e+03
  -4.9210357e+03
  -4.9239835e+03
  -4.9269084e+03
  -4.9300196e+03
  -4.9330198e+03
  -4.9360798e+03
  -4.9329940e+03
  -4.9360015e+03
  -4.9388635e+03
  -4.9418359e+03
  -4.9448546e+03
  -4.9478056e+03
  -4.9508718e+03
  -4.9538735e+03
  -4.9569703e+03
  -4.9600342e+03
  -4.9629902e+03
  -4.9659540e+03
  -4.9688515e+03
  -4.9718645e+03
  -4.9749084e+03
  -4.9780474e+03
  -4.9749682e+03
  -4.9779016e+03
  -4.9809247e+03
  -4.9837948e+03
  -4.9867154e+03
  -4.9897910e+03
  -4.9927149e+03
  -4.9957824e+03
  -4.9926482e+03
  -4.9895794e+03
  -4.9925436e+03
  -4.9954310e+03
  -4.9984515e+03
  -5.0013502e+03
  -5.0043441e+03
  -5.0073755e+03
  -5.0103644e+03
  -5.0134566e+03
  -5.0164922e+03
  -5.0194371e+03
  -5.0224579e+03
  -5.0254408e+03
  -5.0283645e+03
  -5.0314356e+03
  -5.0344550e+03
  -5.0374616e+03
  -5.0404258e+03
  -5.0373422e+03
  -5.0403380e+03
  -5.0433044e+03
  -5.0462995e+03
  -5.0491880e+03
  -5.0522030e+03
  -5.0551480e+03
  -5.0582793e+03
  -5.0551531e+03
  -5.0581925e+03
  -5.0611757e+03
  -5.0641841e+03
  -5.0671197e+03
  -5.0700855e+03
  -5.0730242e+03
  -5.0759607e+03
  -5.0790813e+03
  -5.0821370e+03
  -5.0789984e+03
  -5.0820798e+03
  -5.0851207e+03
  -5.0880813e+03
  -5.0909603e+03
  -5.0938867e+03
  -5.0969296e+03
  -5.0999110e+03
  -5.0968654e+03
  -5.0999546e+03
  -5.1029189e+03
  -5.1058417e+03
  -5.1088517e+03
  -5.1118260e+03
  -5.1147426e+03
  -5.1178591e+03
  -5.1208122e+03
  -5.1238959e+03
  -5.1269452e+03
  -5.1299537e+03
  -5.1329273e+03
  -5.1359388e+03
  -5.1387771e+03
  -5.1417631e+03
  -5.1448942e+03
  -5.1480263e+03
  -5.1510800e+03
  -5.1541199e+03
  -5.1571971e+03
  -5.1600118e+03
  -5.1629697e+03
  -5.1659282e+03
  -5.1689158e+03
  -5.1718815e+03
  -5.1749626e+03
  -5.1718266e+03
  -5.1749384e+03
  -5.1779472e+03
  -5.1809313e+03
  -5.1838965e+03
  -5.1869219e+03
  -5.1899647e+03
  -5.1928961e+03
  -5.1959328e+03
  -5.1989602e+03
  -5.2018183e+03
  -5.2047619e+03
  -5.2078372e+03
  -5.2107857e+03
  -5.2076709e+03
  -5.2045916e+03
  -5.2076507e+03
  -5.2106326e+03
  -5.2135143e+03
  -5.2163957e+03
  -5.2193816e+03
  -5.2223010e+03
  -5.2253110e+03
  -5.2221757e+03
  -5.2252413e+03
  -5.2283041e+03
  -5.2313642e+03
  -5.2342976e+03
  -5.2373171e+03
  -5.2402912e+03
  -5.2433163e+03
  -5.2463659e+03
  -5.2493199e+03
  -5.2524191e+03
  -5.2553942e+03
  -5.2584625e+03
  -5.2614089e+03
  -5.2644125e+03
  -5.2675217e+03
  -5.2705175e+03
  -5.2734896e+03
  -5.2764242e+03
  -5.2795036e+03
  -5.2825318e+03
  -5.2855795e+03
  -5.2885433e+03
  -5.2914903e+03
  -5.2883876e+03
  -5.2914393e+03
  -5.2944024e+03
  -5.2973460e+03
  -5.3003625e+03
  -5.3033373e+03
  -5.3063890e+03
  -5.3093658e+03
  -5.3123280e+03
  -5.3153950e+03
  -5.3183962e+03
  -5.3213881e+03
  -5.3244785e+03
  -5.3274714e+03
  -5.3305308e+03
  -5.3335747e+03
  -5.3364185e+03
  -5.3394449e+03
  -5.3423948e+03
  -5.3454210e+03
  -5.3422942e+03
  -5.3452610e+03
  -5.3483297e+03
  -5.3513047e+03
  -5.3541778e+03
  -5.3572549e+03
  -5.3601880e+03
  -5.3632156e+03
  -5.3663322e+03
  -5.3694235e+03
  -5.3724929e+03
  -5.3754574e+03
  -5.3784331e+03
  -5.3814178e+03
  -5.3844089e+03
  -5.3873759e+03
  -5.3904611e+03
  -5.3935105e+03
  -5.3965108e+03
  -5.3994542e+03
  -5.4025605e+03
  -5.4056054e+03
  -5.4086027e+03
  -5.4115915e+03
  -5.4146660e+03
  -5.4176153e+03
  -5.4205538e+03
  -5.4235815e+03
  -5.4266191e+03
  -5.4296116e+03
  -5.4325538e+03
  -5.4294227e+03
  -5.4323895e+03
  -5.4353230e+03
  -5.4384006e+03
  -5.4413525e+03
  -5.4443526e+03
  -5.4473680e+03
  -5.4503798e+03
  -5.4534592e+03
  -5.4565000e+03
  -5.4595604e+03
  -5.4625120e+03
  -5.4655251e+03
  -5.4685224e+03
  -5.4715737e+03
  -5.4745364e+03
  -5.4775428e+03
  -5.4806237e+03
  -5.4836402e+03
  -5.4866457e+03
  -5.4896682e+03
  -5.4927177e+03
  -5.4957219e+03
  -5.4987143e+03
  -5.5017181e+03
  -5.5047250e+03
  -5.5076959e+03
  -5.5106986e+03
  -5.5136909e+03
  -5.5167247e+03
  -5.5197514e+03
  -5.5228435e+03
  -5.5258317e+03
  -5.5288755e+03
  -5.5318678e+03
  -5.5347888e+03
  -5.5377835e+03
  -5.5407515e+03
