0 -17.135838 3.1415927
24000 -19.718438 3.60955836
47999.999 -22.432177 3.293272
71999.999 -20.660228 3.0296665
95999.998 -20.843886 2.4943219
120000 -17.3168 1.873802
144000 -15.753984 1.466759
168000 -15.413572 1.10884
192000 -16.880105 0.911576
216000 -20.44873 0.697018
240000 -27.900021 0.281480999999999
264000 -27.073921 4.600586
288000 -19.227756 4.212176
311999.99 -14.59706 4.079095
335999.99 -11.743222 4.00768
359999.99 -10.01069 3.855951
383999.99 -9.431761 3.603798
407999.99 -12.919145 3.19506500000001
431999.99 -44.407241 5.188686
455999.99 -14.264166 5.44218900000001
479999.99 -10.382365 5.253057
503999.99 -9.287609 5.122603
527999.99 -9.760651 5.007441
551999.99 -12.146604 4.945464
575999.99 -17.453393 5.19909699999999
599999.99 -18.336746 6.248945
623999.99 -13.905075 6.62486
647999.99 -11.828587 6.711427
671999.99 -11.17677 6.782169
695999.99 -11.436151 6.891795
719999.99 -12.315844 7.056415
743999.99 -13.483022 7.315883
767999.99 -14.413762 7.70784399999999
791999.99 -14.114538 8.17840700000001
815999.99 -12.41334 8.585464
839999.99 -10.281689 8.868098
863999.99 -8.333346 9.053144
887999.99 -6.739106 9.17940899999999
911999.98 -5.551206 9.26855499999999
935999.98 -4.753459 9.333118
959999.98 -4.35457299999999 9.386279
983999.98 -4.389214 9.43810099999999
1008000 -4.865198 9.50138199999999
1032000 -5.780305 9.595674
1056000 -7.06686699999999 9.745256
1080000 -8.467487 9.97817999999999
1104000 -9.451745 10.30179
1128000 -9.507535 10.65846
1152000 -8.787341 10.96335
1176000 -7.857217 11.18867
1200000 -7.07741 11.35187
1224000 -6.593101 11.4773
1248000 -6.46811599999999 11.58043
1272000 -6.727428 11.67242
1296000 -7.434571 11.76633
1320000 -8.69754200000001 11.87863
1344000 -10.617522 12.04935
1368000 -13.042126 12.37728
1392000 -14.156759 12.95186
1416000 -12.145031 13.44417
1440000 -9.679595 13.63896
1464000 -8.292117 13.67096
1488000 -8.200945 13.63729
1512000 -9.498646 13.59148
1536000 -12.673345 13.58745
1560000 -19.732857 13.86383
1584000 -19.670251 15.59348
1608000 -11.510348 15.85817
1632000 -7.450056 15.75419
1656000 -5.53493 15.51424
1680000 -5.691815 15.1766
1704000 -8.533827 14.76686
1728000 -15.172371 14.15008
1752000 -18.747097 18.63624
1776000 -12.0334 24.1389
1800000 -8.936931 23.82181
1824000 -7.625679 23.56127
1848000 -7.809423 23.27896
1872000 -9.753587 22.8744
1896000 -13.73886 22.1713
1920000 -15.339347 27.1368
1944000 -11.501167 32.57785
1968000 -9.374061 32.17682
1992000 -8.760504 31.92101
2016000 -9.379374 31.72711
2040000 -11.267524 31.51883
2064000 -14.793053 31.19565
2088000 -19.998301 36.57917
2112000 -15.664707 41.59394
2136000 -10.381836 41.11483
2160000 -7.308053 40.79001
2184000 -5.998718 40.47328
2208000 -6.276695 40.11275
2232000 -7.82103 39.6918
2256000 -10.022618 39.15269
2280000 -10.987016 44.78266
2304000 -10.217825 44.24224
2328000 -9.100097 43.89627
2352000 -8.799118 43.65648
2376000 -9.227979 43.39419
2400000 -10.043221 43.0615
2424000 -10.678663 42.58972
2448000 -10.042772 42.05362
2472000 -8.838362 41.58559
2496000 -8.100125 41.1673
2520000 -8.306996 40.75381
2544000 -9.611996 40.30309
2568000 -11.604241 39.74718
2592000 -12.813262 45.3648
2616000 -12.395883 51.04314
2640000 -11.426672 50.62952
2664000 -11.093168 50.33236
2688000 -11.397015 50.06086
2712000 -12.498202 49.77617
2736000 -14.562723 49.36131
2760000 -16.416349 54.92613
2784000 -14.728008 60.34127
2808000 -11.584939 59.7727
2832000 -9.473131 59.3494
2856000 -8.585692 58.97598
2880000 -9.040659 58.55289
2904000 -9.772787 57.98665
2928000 -9.184719 63.57578
2952000 -6.060505 62.99066
2976000 -2.403071 62.65605
2999999.9 1.127692 62.41509
3023999.9 4.983642 62.13881
3047999.9 7.426812 61.46997
3071999.9 0.780887 61.03719
3095999.9 -2.463412 61.72673
3119999.9 0.01267 62.14063
3143999.9 2.270232 62.29812
3167999.9 4.073401 62.39683
3191999.9 5.602338 62.48038
3215999.9 7.133854 62.56567
3239999.9 8.77493 62.66896
3263999.9 10.996981 62.78486
3287999.9 15.087075 63.01347
3311999.9 23.5520072 57.83803
3335999.9 12.062651 53.25777
3359999.9 2.753586 53.66958
3383999.9 -4.043618 54.18731
3407999.9 -7.616317 54.8634
3431999.9 -8.088404 55.3291
3455999.9 -8.554643 55.51702
3479999.9 -10.301535 55.48322
3503999.9 -14.618664 55.09805
3527999.9 -16.556558 59.78443
3551999.9 -8.905994 65.07853
3575999.9 -5.603791 64.55933
3599999.9 -5.338665 64.17654
3623999.9 -6.589657 63.89402
3647999.9 -8.915387 63.64503
3671999.9 -12.126946 63.32142
3695999.9 -15.892339 62.75264
3719999.9 -16.509473 68.09832
3743999.9 -13.334031 73.72379
3767999.9 -10.702153 73.3088499999999
3791999.9 -9.123577 72.93441
3815999.9 -8.800034 72.52846
3839999.9 -9.920249 72.02105
3863999.9 -11.787349 71.38008
3887999.9 -13.112135 76.92206
3911999.9 -12.670984 82.54943
3935999.9 -11.944977 82.10488
3959999.9 -11.566976 81.75272
3983999.9 -11.604876 81.45228
4007999.9 -12.143398 81.11115
4031999.9 -12.614482 80.69887
4055999.9 -12.985445 80.1607
4079999.9 -11.702348 85.79708
4103999.9 -9.599155 85.24494
4127999.9 -7.941726 84.74957
4151999.9 -7.389502 84.28895
4175999.9 -7.874711 83.84084
4199999.9 -9.331359 83.43593
4223999.9 -11.608636 82.97053
4247999.9 -13.365054 88.68691
4271999.9 -13.750764 94.34177
4295999.9 -12.378755 100.10641
4319999.9 -10.854281 99.73029
4343999.9 -9.409702 99.4118
4367999.9 -8.241544 99.11858
4391999.9 -7.320427 98.79103
4415999.9 -6.530435 98.40774
4439999.9 -6.100881 97.95415
4463999.9 -6.360261 97.39661
4487999.9 -7.03504 96.7615
4511999.9 -8.076962 96.13615
4535999.9 -8.739403 95.52708
4559999.9 -8.776538 95.04843
4583999.9 -8.897241 94.65031
4607999.9 -8.780192 94.29551
4631999.9 -8.720298 93.97809
4655999.9 -8.635645 93.63551
4679999.9 -8.217301 93.26226
4703999.9 -7.42401 92.84486
4727999.9 -5.878382 92.3768
4751999.9 -3.936162 91.91122
4775999.9 -2.530261 91.36373
4799999.9 -1.732882 90.73184
4823999.9 -2.446724 90.12595
4847999.9 -3.86249 89.53556
4871999.9 -4.91509 89.03185
4895999.9 -5.325427 88.59008
4919999.9 -5.082671 88.28143
4943999.9 -5.225094 88.05033
4967999.9 -5.461503 87.81907
4991999.9 -5.863142 87.57476
5015999.9 -6.120679 87.26011
5039999.9 -5.809181 86.8832
5063999.9 -4.521734 86.4739500000001
5087999.9 -2.635182 86.11026
5111999.9 -1.156927 85.76393
5135999.9 -0.751431999999998 85.35185
5159999.9 -1.89877 84.87912
5183999.9 -5.287736 84.3541499999999
5207999.9 -9.641549 89.85247
5231999.9 -10.207265 95.20479
5255999.9 -8.153757 100.91257
5279999.9 -6.225263 100.62841
5303999.9 -5.176155 100.48308
5327999.9 -4.905323 100.37892
5351999.9 -5.265859 100.27273
5375999.9 -6.138981 100.14495
5399999.9 -7.947589 100.00302
5423999.9 -12.041408 99.75361
5447999.9 -21.4269234 105.07748
5471999.9 -14.4232376 109.37851
5495999.9 -8.71139 108.86012
5519999.9 -6.602654 108.48231
5543999.9 -6.427186 108.18868
5567999.9 -7.647723 107.91336
5591999.9 -9.672943 107.5915
5615999.9 -12.124682 107.12615
5639999.9 -13.135489 112.72846
5663999.9 -11.523965 118.34655
5687999.9 -8.549845 117.86383
5711999.9 -5.903149 117.52157
5735999.9 -4.128966 117.1555
5759999.9 -3.031596 116.65941
5783999.9 -2.837273 116.02883
5807999.9 -3.861735 115.30509
5831999.9 -4.75121 114.59305
5855999.9 -5.048734 114.03453
5879999.9 -4.883793 113.60667
5903999.9 -4.636439 113.29654
5927999.9 -4.456637 113.02198
5951999.9 -4.27889 112.76805
5975999.9 -3.947229 112.44903
5999999.9 -2.450078 112.12183
6023999.9 -0.314820999999998 111.82894
6047999.9 2.943737 111.56131
6071999.9 7.4750432 111.35339
6095999.9 14.83985746 111.25477
6119999.9 34.42142 106.04214
6143999.9 16.50541 101.51014
6167999.9 10.7403281 101.44753
6191999.9 7.5231242 101.42641
6215999.9 4.3986825 101.35316
6239999.9 2.284463 101.18321
6263999.9 0.775531000000001 101.04956
6287999.9 -0.862045 100.87623
6311999.9 -1.936871 100.63498
6335999.9 -2.348933 100.379
6359999.9 -2.299238 100.12474
6383999.9 -1.809955 99.8442799999999
6407999.9 -0.521644 99.5631900000001
6431999.9 1.149418 99.28052
6455999.9 3.7965297 98.89629
6479999.9 8.3169594 98.36406
6503999.9 12.65733651 97.26876
6527999.9 8.7641317 96.1429800000001
6551999.9 4.0424607 95.61535
6575999.9 1.105936 95.22689
6599999.9 -0.759274000000001 94.92782
6623999.9 -2.090127 94.63118
6647999.9 -2.71114 94.35136
6671999.9 -2.980536 94.0728800000001
6695999.9 -2.669293 93.7942800000001
6719999.9 -1.949452 93.52585
6743999.9 -0.923238 93.2555699999999
6767999.9 0.509834999999999 92.91651
6791999.9 2.943641 92.50684
6815999.9 5.6251358 91.86527
6839999.9 7.6501174 90.80002
6863999.9 5.2283712 89.9376500000001
6887999.9 1.986597 89.3663
6911999.9 -0.123742 88.98895
6935999.9 -1.761814 88.6714900000001
6959999.9 -2.934896 88.41027
6983999.9 -4.198487 88.09747
7007999.9 -4.35629 87.74918
7031999.9 -4.105579 87.40959
7055999.9 -2.934745 87.0592
7079999.9 -1.316532 86.72592
7103999.9 0.994546 86.36307
7127999.9 3.5819904 85.8893399999999
7151999.9 6.6352985 85.10262
7175999.9 6.3879522 84.1316999999999
7199999.9 3.2594177 83.3582699999999
7223999.9 0.890976999999999 82.85871
7247999.9 -0.661318999999999 82.4738600000001
7271999.9 -1.537945 82.18179
7295999.9 -2.170747 81.8998
7319999.9 -2.297123 81.65
7343999.9 -2.314005 81.35793
7367999.9 -0.992148 81.07308
7391999.9 0.402319 80.88323
7415999.9 2.214706 80.64036
7439999.9 5.1760086 80.4453999999999
7463999.9 8.6777385 80.2551599999999
7487999.9 15.0374477 79.78608
7511999.9 18.3692386 77.86736
7535999.9 7.9243422 77.03966
7559999.9 3.6433197 82.77499
7583999.9 2.1367974 82.4868899999999
7607999.9 1.131006 82.2614
7631999.9 0.693456000000001 82.1323900000001
7655999.9 -0.285379000000001 82.01456
7679999.9 -0.948995999999999 81.853
7703999.9 -1.653848 81.6921500000001
7727999.9 -2.168257 81.44462
7751999.9 -1.846628 81.14788
7775999.9 -0.517709 80.83129
7799999.9 1.8564424 80.52843
7823999.9 5.609002 80.1883
7847999.9 12.42501183 79.612
7871999.9 14.1172666 77.6186600000001
7895999.9 6.1319814 76.79819
7919999.9 2.2869942 76.40899
7943999.9 0.00374599999999958 76.10758
7967999.9 -1.251725 75.8336400000001
7991999.9 -2.032117 75.6146500000001
8015999.9 -2.809927 75.35599
8039999.9 -2.464655 75.06947
8063999.9 -2.060341 74.86736
8087999.9 -1.578608 74.53362
8111999.9 0.686815000000001 74.1909900000001
8135999.9 3.7882652 73.83875
8159999.9 9.320657 73.34216
8183999.9 15.4241721 72.0009399999999
8207999.9 9.1142921 70.70779
8231999.9 4.6572422 70.26405
8255999.9 1.940143 69.97846
8279999.9 0.0203500000000005 69.73026
8303999.9 -1.102497 69.48086
8327999.9 -1.899642 69.26394
8351999.9 -2.342562 69.00526
8375999.9 -2.17653 68.7541200000001
8399999.9 -1.50738 68.4885400000001
8423999.9 -0.286900000000001 68.25041
8447999.9 1.3729989 67.9764600000001
8471999.9 4.1457726 67.68211
8495999.9 8.4344183 67.2873000000001
8519999.9 15.076846 66.43803
8543999.9 11.66818848 64.9132599999999
8567999.9 5.6925847 64.2951399999999
8591999.9 2.0371049 63.91132
8615999.9 0.135408 63.59099
8639999.9 -1.248757 63.3343
8663999.9 -1.890291 63.07338
8687999.9 -2.385161 62.85754
8711999.9 -2.444609 62.58803
8735999.9 -1.986559 62.35642
8759999.9 -1.274855 62.08097
8783999.9 0.276301 61.79243
8807999.9 2.9229453 61.46165
8831999.9 7.2567144 61.12158
8855999.9 14.4195346 60.36475
8879999.9 13.3369968 58.50526
8903999.9 6.7507219 57.87327
8927999.9 3.0510933 57.54662
8951999.9 0.743686800000001 57.21824
8975999.9 0.0627070000000014 56.97889
8999999.8 -0.974883999999999 56.7934299999999
9023999.8 -1.318044 56.5552600000001
9047999.8 -1.463711 56.3487600000001
9071999.8 -0.924922 56.10026
9095999.8 -0.0031459999999992 55.91265
9119999.8 1.2447259 55.6754
9143999.8 3.6767646 55.45534
9167999.8 7.1823315 55.29324
9191999.8 12.4565514 55.12566
9215999.8 34.709511 53.80899
9239999.8 12.1895442 51.7245899999999
9263999.8 5.449647 51.43983
9287999.8 2.0104593 51.14783
9311999.8 0.0430150999999999 50.83808
9335999.8 -0.535202999999999 50.61602
9359999.8 -1.463568 50.42381
9383999.8 -1.698557 50.1876500000001
9407999.8 -1.767483 49.9838599999999
9431999.8 -1.4439029 49.73565
9455999.8 -0.9305406 49.48396
9479999.8 0.3842704 49.0735100000001
9503999.8 4.3292923 48.63287
9527999.8 9.74027121 48.14108
9551999.8 12.1154197 46.71601
9575999.8 6.3468704 45.61532
9599999.8 2.4530246 45.1462200000001
9623999.8 0.0452414999999995 44.8017600000001
9647999.8 -1.6652452 44.52854
9671999.8 -2.742473 44.1975600000001
9695999.8 -2.588677 43.93477
9719999.8 -2.620931 43.72846
9743999.8 -2.441737 43.491
9767999.8 -1.978035 43.2451199999999
9791999.8 -1.17313 42.96072
9815999.8 0.154955699999999 42.61545
9839999.8 2.3671446 42.16184
9863999.8 5.4076053 41.5010699999999
9887999.8 7.256761 40.5014500000001
9911999.8 5.1419423 39.6127899999999
9935999.8 2.3580081 39.04791
9959999.8 0.5490295 38.6696800000001
9983999.8 -1.0102146 38.3919000000001
10008000 -2.1666046 38.0887
10032000 -2.533309 37.8231
10056000 -2.9819532 37.5655
10080000 -2.783372 37.2572000000001
10104000 -2.0738621 36.9684999999999
10128000 -0.974700800000001 36.6390999999999
10152000 0.821545 36.2492999999999
10176000 3.6470606 35.7328
10200000 6.6733924 34.9829999999999
10224000 6.5338268 33.9536000000001
10248000 3.7210214 33.2381
10272000 0.716628800000001 32.7749999999999
10296000 -1.1779934 32.4005
10320000 -2.751591 32.1158
10344000 -4.1060345 31.7832000000001
10368000 -4.4595394 31.4402
10392000 -4.3931594 31.1284000000001
10416000 -3.8582057 30.7872
10440000 -2.5049379 30.4581000000001
10464000 -0.894191599999999 30.1334000000002
10488000 1.2097517 29.7144000000001
10512000 3.936119 29.1189999999999
10536000 5.794963 28.2029
10560000 4.1815013 27.2643
10584000 1.5774274 26.6251999999999
10608000 -0.2281703 26.1992
10632000 -1.5432152 25.8807000000002
10656000 -2.4639447 25.6023
10680000 -3.146073 25.3506
10704000 -3.701304 25.0690000000002
10728000 -3.5859355 24.7623000000001
10752000 -3.2523415 24.4419
10776000 -1.8743782 24.0083
10800000 1.3704617 23.6219000000001
10824000 4.8967739 23.2586000000001
10848000 8.83235043 22.4802999999999
10872000 9.89663831 21.222
10896000 5.9713533 20.5346999999999
10920000 2.1939564 20.0817999999999
10944000 0.355463499999999 19.7434000000001
10968000 -1.4288259 19.4802999999999
10992000 -2.3052833 19.1562000000001
11016000 -2.5189074 18.8969999999999
11040000 -2.3962556 18.6193000000001
11064000 -1.6444705 18.3722
11088000 -0.6334239 18.1183999999998
11112000 1.1304026 17.8539000000001
11136000 3.7095644 17.5613000000001
11160000 8.351793524 17.1648
11184000 17.4294634 16.2012
11208000 11.8850663 14.3266000000001
11232000 5.8073933 13.8054999999999
11256000 2.8306646 13.5006999999998
11280000 0.8465861 13.2824000000001
11304000 -0.922994 13.0609999999999
11328000 -2.0528198 12.7630999999999
11352000 -2.0873098 12.4713000000002
11376000 -1.5467622 12.2069999999999
11400000 -0.359608900000001 11.9631999999999
11424000 1.5064994 11.7689
11448000 3.6090221 11.6261999999999
11472000 6.8129463 11.4424999999999
11496000 13.194364 11.4811
11520000 20.3232091 6.25289999999995
11544000 11.9579691 0.944300000000112
11568000 6.0784213 0.885199999999941
11592000 3.1714645 0.648799999999937
11616000 1.6587699 0.484200000000101
11640000 0.4053605 0.26760000000013
11664000 0.2699394 0.072800000000143
11688000 0.193787499999999 -0.0872999999999138
11712000 0.512009100000001 -0.240000000000009
11736000 0.865059400000001 -0.400800000000118
11760000 2.100023 -0.567299999999932
11784000 3.6093078 -0.663099999999986
11808000 5.7546059 -0.739399999999932
11832000 8.70992623 -0.665099999999939
11856000 10.9611222 -6.58259999999996
11880000 10.0457368 -12.5036
11904000 8.86748292 -18.5862
11928000 6.5304226 -24.682
11952000 3.9225214 -24.7673000000002
11976000 3.0415491 -24.9070000000002
12000000 2.3290699 -25.0118
12024000 2.0629983 -25.1242999999999
12048000 1.6764423 -25.2391
12072000 1.9404282 -25.4018000000001
12096000 2.7024455 -25.5302000000001
12120000 4.150213 -25.6195
12144000 5.5045012 -25.5944999999999
12168000 6.807873 -25.5626000000002
12192000 7.92386778 -25.3852999999999
12216000 7.68382867 -31.5403000000001
12240000 7.82813376 -37.6727000000001
12264000 6.2785861 -43.8298
12288000 5.271651 -43.8855000000001
12312000 5.0673296 -43.9331
12336000 5.0321665 -43.9095
12360000 4.2758069 -43.9098000000001
12384000 4.0683801 -43.9679999999998
12408000 3.811575 -43.9888999999998
12432000 3.7807393 -44.0439000000001
12456000 3.7066021 -44.0476999999998
12480000 3.3401385 -44.1136999999999
12504000 3.7261545 -44.2002
12528000 4.2846808 -44.1968000000002
12552000 3.9054764 -44.2148999999999
12576000 4.4280656 -44.3581999999999
12600000 5.7886742 -44.3702999999998
12624000 6.89185064 -44.3773999999999
12648000 8.9200093 -44.2616
12672000 9.738371 -50.241
12696000 8.4106395 -56.2104999999999
12720000 6.095653 -56.1138999999998
12744000 4.2933782 -56.0897
12768000 1.9512026 -56.1547
12792000 0.592136200000001 -56.3828000000001
12816000 0.4530181 -56.5636
12840000 0.2430538 -56.7021999999999
12864000 0.0556027000000006 -56.8896
12888000 0.5643829 -57.1242
12912000 1.8101499 -57.3480999999999
12936000 3.7793192 -57.6015
12960000 7.67218394 -57.8723
12984000 15.0816683 -58.1625999999999
13008000 18.9362826 -60.8824
13032000 7.73103248 -61.5768999999998
13056000 4.1225666 -61.8920999999998
13080000 1.4280345 -62.0902000000001
13104000 -0.475492399999999 -62.3746000000001
13128000 -1.2397027 -62.6180000000002
13152000 -2.0385297 -62.8624
13176000 -1.997736 -63.1503
13200000 -1.6976627 -63.3966
13224000 -1.0566596 -63.7215999999999
13248000 0.4751417 -64.0565000000001
13272000 2.3896126 -64.4965999999999
13296000 5.3400208 -65.1313
13320000 6.78118736 -66.0991999999999
13344000 4.9850153 -67.0204000000001
13368000 2.0144035 -67.5532000000001
13392000 -0.4837865 -67.9703
13416000 -2.2182415 -68.3275000000001
13440000 -3.1325718 -68.6782999999998
13464000 -3.4634562 -68.9568999999999
13488000 -3.8678497 -69.2527
13512000 -3.5656663 -69.5831000000001
13536000 -2.792392 -69.9151999999999
13560000 -1.3395522 -70.2901000000002
13584000 0.8711107 -70.6761999999999
13608000 2.8804641 -71.1679000000001
13632000 4.1304421 -71.9753999999998
13656000 3.0666629 -72.8761
13680000 0.475739000000001 -73.5609999999999
13704000 -1.8032166 -74.0725000000002
13728000 -2.9797486 -74.5014000000001
13752000 -3.7134526 -74.7789
13776000 -4.8201181 -75.0967000000001
13800000 -4.6694165 -75.4132999999999
13824000 -4.9059468 -75.6713
13848000 -4.4443419 -76.0405000000001
13872000 -3.3730589 -76.3300000000002
13896000 -2.5276477 -76.7321999999999
13920000 -0.282374799999999 -77.2483999999999
13944000 2.6288247 -77.8687
13968000 4.637808 -78.6588999999999
13992000 3.5853793 -79.4158
14016000 0.7367207 -79.9680999999998
14040000 -1.7330893 -80.4634000000001
14064000 -2.8918972 -80.8400999999999
14088000 -4.2450044 -81.1603
14112000 -4.7137369 -81.5299
14136000 -4.7338422 -81.8319000000001
14160000 -4.3360473 -82.1854000000001
14184000 -3.1533807 -82.4644000000001
14208000 -2.7076089 -82.787
14232000 -0.9253237 -83.299
14256000 1.9795696 -83.7876000000001
14280000 3.818712 -84.4541999999999
14304000 3.77919 -85.2547
14328000 1.2585211 -85.8921
14352000 -1.3176988 -86.4177
14376000 -3.4135249 -86.8098
14400000 -5.2517877 -87.242
14424000 -5.5660304 -87.6682000000001
14448000 -5.1971156 -87.9973
14472000 -4.7177059 -88.2836
14496000 -3.9557436 -88.5694000000001
14520000 -2.9224249 -88.8469
14544000 -1.5798378 -89.1581000000001
14568000 0.1131937 -89.5077000000001
14592000 1.981519 -90.0391999999999
14616000 4.3267563 -90.835
14640000 4.4337802 -91.7523999999999
14664000 2.4437154 -92.4345999999998
14688000 0.131742099999999 -92.8938999999998
14712000 -1.5736041 -93.2448999999999
14736000 -3.380356 -93.5590999999999
14760000 -4.1117998 -93.9630999999999
14784000 -3.8546987 -94.2358999999999
14808000 -4.0243738 -94.5437000000002
14832000 -2.8919641 -94.885
14856000 -1.2045071 -95.1424
14880000 0.490082 -95.3776
14904000 2.2250567 -95.7262000000001
14928000 5.5590843 -96.2846999999999
14952000 8.3238429 -97.1343000000002
14976000 5.60465542 -98.2367999999999
15000000 2.2126583 -98.9567999999999
15024000 -0.0926932000000003 -99.3915
15048000 -1.7603768 -99.7158999999999
15072000 -3.212696 -100.0223
15096000 -3.8565478 -100.3794
15120000 -3.4417831 -100.6805
15144000 -2.9765431 -100.923
15168000 -2.2508727 -101.2069
15192000 -0.747995700000001 -101.4713
15216000 0.8411831 -101.7454
15240000 3.3512123 -102.1303
15264000 6.9691566 -102.6728
15288000 9.3569482 -103.7446
15312000 6.28066038 -104.8697
15336000 3.30209 -105.4541
15360000 0.8187628 -105.7947
15384000 -0.7893037 -106.1317
15408000 -1.4958591 -106.3954
15432000 -2.049511 -106.6356
15456000 -2.2186868 -106.8666
15480000 -2.3403997 -107.1092
15504000 -1.9116089 -107.4073
15528000 -0.6858773 -107.7219
15552000 1.3779871 -108.0759
15576000 5.25824648 -108.5065
15600000 11.6695889 -109.0773
15624000 14.4774039 -110.6055
15648000 8.2055533 -111.5222
15672000 3.9440206 -111.8865
15696000 0.898136399999999 -112.2213
15720000 -0.6500269 -112.5635
15744000 -1.286433 -112.8583
15768000 -1.2214867 -113.1465
15792000 -0.539536500000001 -113.3619
15816000 0.0735952000000006 -113.6025
15840000 2.2200284 -113.8318
15864000 4.2254749 -113.9229
15888000 7.0232624 -114.1258
15912000 13.2600594 -114.2134
15936000 22.026731 -118.7137
15960000 10.4840674 -124.7122
15984000 6.11843367 -124.805
16008000 3.6155931 -124.9995
16032000 2.1191073 -125.1688
16056000 1.3174824 -125.3652
16080000 0.963161400000001 -125.5246
16104000 1.0389374 -125.7218
16128000 1.9763332 -125.8558
16152000 2.8733165 -125.9196
16176000 3.5691293 -125.9548
16200000 4.44704543 -126.0424
16224000 6.7486641 -126.0293
16248000 7.7595243 -132.0594
16272000 7.3298 -138.096
16296000 5.02824692 -138.0285
16320000 4.27707919 -138.1497
16344000 4.29984046 -138.2136
16368000 4.45966342 -138.2286
16392000 4.36037391 -138.2648
16416000 5.038854961 -138.2524
16440000 4.261318738 -138.2127
16464000 5.15966287 -138.3206
16488000 5.45887118 -144.3717
16512000 4.07335582 -144.3841
16536000 3.3803333 -144.3409
16560000 1.8100525 -144.4517
16584000 1.5451564 -144.6059
16608000 1.3116394 -144.7809
16632000 2.208066 -144.9782
16656000 3.3587683 -145.1176
16680000 5.261154447 -145.3043
16704000 8.8790368 -145.4592
16728000 18.3426585 -145.4642
16752000 14.4871241 -149.7063
16776000 7.8195614 -149.704
16800000 3.3196429 -149.8514
16824000 0.9261791 -150.0827
16848000 -0.8887887 -150.3343
16872000 -1.4019346 -150.5876
16896000 -2.0440088 -150.8046
16920000 -1.7599142 -151.1062
16944000 -0.6735422 -151.3055
16968000 0.0432959999999998 -151.5136
16992000 1.6621876 -151.8012
17016000 4.02158146 -152.0955
17040000 7.6781037 -152.7811
17064000 11.8849321 -154.4235
17088000 6.4874097 -155.4245
17112000 2.2112823 -155.9241
17136000 0.2495084 -156.2728
17160000 -0.990917 -156.519
17184000 -2.2050227 -156.7273
17208000 -3.263778 -157.0135
17232000 -3.2474069 -157.3207
17256000 -2.7816121 -157.5751
17280000 -2.6287245 -157.8666
17304000 -1.1369876 -158.3199
17328000 1.7353245 -158.6727
17352000 4.308277076 -159.2467
17376000 7.6873177 -160.1659
17400000 5.947568 -161.1167
17424000 2.7077991 -161.766
17448000 -0.1061714 -162.1736
17472000 -1.7891616 -162.5814
17496000 -2.4693903 -162.8613
17520000 -3.3176913 -163.1113
17544000 -3.8988897 -163.4155
17568000 -3.4858081 -163.7192
17592000 -3.1473746 -163.9944
17616000 -1.894683 -164.3611
17640000 -0.0711053999999995 -164.6707
17664000 2.365873 -165.1466
17688000 6.1825429 -165.7259
17712000 7.9846622 -166.6526
17736000 5.43579341 -167.5192
17760000 1.8168549 -168.1155
17784000 -0.2263984 -168.5275
17808000 -2.1184144 -168.8627
17832000 -2.869152 -169.1873
17856000 -3.706001 -169.4665
17880000 -3.5872586 -169.8125
17904000 -2.9107637 -170.0694
17928000 -2.1631976 -170.3516
17952000 -0.9972072 -170.6518
17976000 0.7259886 -171.0485
18000000 3.44651694 -171.5861
18024000 6.3782984 -172.4364
18048000 5.3142508 -173.4596
18072000 2.180543 -174.2023
18096000 -0.321486 -174.6312
18120000 -2.2712387 -175.0118
18144000 -3.3994397 -175.2988
18168000 -4.6011959 -175.6072
18192000 -5.0224927 -175.9275
18216000 -4.7874849 -176.2802
18240000 -3.831329 -176.5257
18264000 -3.6054587 -176.8546
18288000 -1.4776503 -177.2435
18312000 0.4258474 -177.5928
18336000 3.27237405 -178.1736
18360000 5.4651254 -178.9066
18384000 4.2404378 -179.8442
18408000 1.4771339 -180.4876
18432000 -1.1904072 -181.0192
18456000 -2.1438032 -181.412
18480000 -3.1826938 -181.6944
18504000 -3.8766641 -181.9994
18528000 -4.0097718 -182.2879
18552000 -3.9012708 -182.5579
18576000 -3.5471031 -182.8586
18600000 -2.6725213 -183.1751
18624000 -1.482969 -183.5445
18648000 0.4405122 -184.0087
18672000 2.75079946 -184.6117
18696000 3.60639039 -185.4127
18720000 1.9185895 -186.3141
18744000 0.5438649 -186.9492
18768000 -1.1307505 -187.3234
18792000 -2.7428056 -187.6833
18816000 -3.4459767 -188.0219
18840000 -3.7877552 -188.2783
18864000 -4.4040862 -188.5857
18888000 -3.5660886 -188.923
18912000 -2.8545726 -189.1481
18936000 -1.9671061 -189.5136
18960000 0.2930341 -189.8768
18984000 3.11336352 -190.3491
19008000 7.114678 -191.1126
19032000 8.0848962 -192.328
19056000 5.0206769 -193.0932
19080000 1.0061993 -193.5412
19104000 -0.9022489 -194.0395
19128000 -1.209686 -194.3143
19152000 -2.2660599 -194.5473
19176000 -2.5804175 -194.8737
19200000 -1.9420694 -195.1407
19224000 -1.3649315 -195.4074
19248000 0.220553 -195.7442
19272000 3.23785988 -196.0534
19296000 7.8101034 -196.3269
19320000 14.9057459 -196.8381
19344000 14.5375889 -198.945
19368000 6.5186322 -199.6844
19392000 2.653745 -200.0806
19416000 0.5584068 -200.4164
19440000 -0.2804225 -200.7053
19464000 -0.670679 -200.9348
19488000 -0.565191 -201.1746
19512000 0.1095734 -201.343
19536000 0.3248372 -201.5221
19560000 1.7801495 -201.7959
19584000 4.34008076 -201.9051
19608000 6.6008211 -202.0675
19632000 14.5261507 -202.1233
19656000 15.5177106 -206.8848
19680000 9.3035569 -213.0059
19704000 6.2319636 -213.0173
19728000 3.639030896 -213.1341
19752000 2.2597772 -213.3104
19776000 1.1865291 -213.488
19800000 0.8390867 -213.7311
19824000 1.4366821 -213.971
19848000 3.08825869 -214.1441
19872000 4.76640174 -214.232
19896000 7.2940155 -214.2971
19920000 10.7215266 -214.1715
19944000 13.569747 -219.8409
19968000 9.6097422 -225.6535
19992000 6.0418126 -231.8653
20016000 3.43044519 -232.0462
20040000 2.66690751 -232.2296
20064000 2.2924046 -232.3722
20088000 2.1922707 -232.5022
20112000 2.5209369 -232.6567
20136000 3.408905 -232.7208
20160000 3.5403433664 -232.8379
20184000 6.0710234 -233.0115
20208000 8.9338806 -239.0108
20232000 8.7824565 -245.0192
20256000 7.1310498 -251.0366
20280000 5.160861 -251.0928
20304000 4.33401533 -251.1142
20328000 3.36640899 -251.2085
20352000 2.87735185 -251.2822
20376000 2.2613261 -251.4592
20400000 3.0383471 -251.6369
20424000 4.2185341 -251.8006
20448000 6.8105951 -251.857
20472000 9.4833073 -251.8228
20496000 13.9737524 -257.5191
20520000 9.2730934 -263.1671
20544000 4.7943913 -263.1803
20568000 2.38637822 -263.4061
20592000 2.0225257 -263.5559
20616000 0.444705 -263.6326
20640000 -0.0273529000000003 -263.9262
20664000 0.5336409 -264.0098
20688000 -0.4346581 -264.2082
20712000 0.6764952 -264.5024
20736000 1.87038102 -264.6869
20760000 3.6719342 -265.0346
20784000 8.7065861 -265.4788
20808000 19.8366363 -266.2441
20832000 12.9028833 -268.3864
20856000 6.2282884 -268.9136
20880000 3.0992081 -269.2006
20904000 1.0973848 -269.4218
20928000 -0.8150894 -269.6391
20952000 -1.6024769 -269.946
20976000 -1.892167 -270.1236
21000000 -2.7311379 -270.4307
21024000 -1.7833963 -270.7577
21048000 -0.6752324 -271.0721
21072000 1.6911544 -271.4148
21096000 4.7676937 -271.8394
21120000 10.2294562 -272.6031
21144000 11.0439391 -273.984
21168000 5.9927799 -274.8454
21192000 2.70030507 -275.2218
21216000 -0.1196393 -275.5461
21240000 -1.5333947 -275.8663
21264000 -2.5729694 -276.1347
21288000 -3.0733648 -276.4424
21312000 -2.9030667 -276.7259
21336000 -2.3938645 -277.0148
21360000 -1.4455865 -277.3074
21384000 -0.0457528000000003 -277.6779
21408000 2.77571625 -278.1153
21432000 6.0075007 -278.6885
21456000 7.5479313 -279.7203
21480000 4.900425 -280.7112
21504000 2.17892613 -281.2946
21528000 -0.0993770999999999 -281.6519
21552000 -1.7126898 -282.0002
21576000 -2.4899932 -282.283
21600000 -3.1710669 -282.5502
21624000 -3.3911843 -282.8428
21648000 -2.8791135 -283.1203
21672000 -2.6425575 -283.3549
21696000 -2.3148617 -283.7961
21720000 0.6206867 -284.2915
21744000 4.4658248 -284.8373
21768000 9.4172692 -285.6284
21792000 8.2551909 -286.5668
21816000 3.77774303 -287.294
21840000 0.9438754 -287.7526
21864000 -1.1275882 -288.112
21888000 -2.3006018 -288.4214
21912000 -3.2817453 -288.7053
21936000 -3.6185241 -289.0356
21960000 -2.9320312 -289.3154
21984000 -2.5267526 -289.5337
22008000 -1.8971505 -289.8511
22032000 -0.3852544 -290.1638
22056000 0.96438 -290.5867
22080000 3.2663514 -291.3039
22104000 4.7057105 -292.354
22128000 3.4484913 -293.335
22152000 1.458584 -293.8595
22176000 -0.5921423 -294.2393
22200000 -1.715825 -294.5353
22224000 -3.0251167 -294.7673
22248000 -3.932071 -295.0583
22272000 -4.509599 -295.3056
22296000 -5.2803897 -295.67
22320000 -4.2277471 -296.0711
22344000 -3.1599378 -296.4218
22368000 -0.8716877 -296.8958
22392000 2.52474228 -297.3207
22416000 5.3308514 -297.9229
22440000 6.0796197 -298.8043
22464000 3.82365512 -299.5787
22488000 1.0819035 -300.0595
22512000 -1.7142963 -300.4668
22536000 -3.2071922 -300.8922
22560000 -3.717128 -301.2387
22584000 -3.9014289 -301.5444
22608000 -3.5488208 -301.8555
22632000 -2.5858927 -302.0961
22656000 -2.1227641 -302.3271
22680000 -1.1088797 -302.6728
22704000 0.7738276 -303.0506
22728000 3.6305084 -303.5657
22752000 6.9942987 -304.2764
22776000 7.077475 -305.251
22800000 3.7535813 -306.0046
22824000 1.229805 -306.5786
22848000 0.1204618 -306.8587
22872000 -2.3193752 -307.1286
22896000 -2.8203369 -307.5174
22920000 -3.2886843 -307.7265
22944000 -3.5430365 -308.1104
22968000 -2.2266427 -308.3687
22992000 -1.4100978 -308.6428
23016000 0.5968172 -308.9154
23040000 2.29822053 -309.2297
23064000 6.2260537 -309.8388
23088000 13.0783694 -310.9007
23112000 11.2174382 -312.2082
23136000 5.8130311 -312.7235
23160000 2.55763547 -313.1323
23184000 1.0678888 -313.3965
23208000 -0.5828546 -313.6269
23232000 -1.220898 -313.9479
23256000 -0.817119 -314.1503
23280000 -0.9976243 -314.3553
23304000 -0.0838424000000002 -314.6329
23328000 1.56329899 -314.8304
23352000 3.9032856 -315.0093
23376000 7.3572695 -315.1245
23400000 14.094109 -321.2415
23424000 14.6853205 -326.3511
23448000 8.98911 -332.3456
23472000 5.5119344 -332.3922
23496000 3.3177904 -332.5752
23520000 2.72701869 -332.7175
23544000 1.64665977 -332.8348
23568000 1.3294141 -333.0499
23592000 1.84477642 -333.2441
23616000 3.40227713 -333.3776
23640000 4.6526744 -333.3694
23664000 5.8747767 -333.412
23688000 8.0301682 -339.5533
23712000 7.6846408 -345.5574
23736000 6.4908599 -345.4846
23760000 5.9565894 -345.4934
23784000 5.5693184 -345.434
23808000 4.3998929 -345.4683
23832000 4.387758 -345.5388
23856000 3.6869921 -345.5818
23880000 4.3995129 -345.7589
23904000 5.5876135 -345.6942
23928000 5.7475328 -345.7197
23952000 7.6063477 -351.838
23976000 5.345645 -357.9232
24000000 4.7742587 -358.0001
24024000 3.8966242 -357.9803
24048000 3.30068776 -358.0643
24072000 2.68866363 -358.1245
24096000 2.45041555 -358.264
24120000 2.54740515 -358.379
24144000 3.0342992 -358.569
24168000 4.8287275 -358.7239
24192000 7.2437698 -358.8007
24216000 12.1334147 -358.7482
24240000 13.7911866 -364.0892
24264000 9.4599737 -370.0311
24288000 5.812632 -369.9949
24312000 3.4232824 -370.103
24336000 1.875379 -370.2522
24360000 0.810764 -370.3741
24384000 -0.5068539 -370.5579
24408000 -1.0171188 -370.802
24432000 -1.04876971 -371.1118
24456000 0.82803004 -371.4084
24480000 2.6916312 -371.5843
24504000 5.6264968 -371.8889
24528000 13.4369748 -372.1643
24552000 23.9400523 -376.5647
24576000 12.4830647 -382.05
24600000 5.8992887 -382.1917
24624000 2.59145756 -382.3861
24648000 0.0648834 -382.6366
24672000 -1.3350886 -382.8964
24696000 -2.2886931 -383.2211
24720000 -1.4440658 -383.5013
24744000 -1.3116918 -383.654
24768000 -0.9323992 -383.9964
24792000 1.40716375 -384.2608
24816000 3.1118364 -384.4855
24840000 6.348478 -384.9657
24864000 11.9448672 -385.7449
24888000 10.8285661 -387.267
24912000 5.895332 -388.0121
24936000 2.29869727 -388.3923
24960000 0.2627288 -388.7374
24984000 -0.9150111 -388.9743
25008000 -2.2407692 -389.2074
25032000 -3.186256 -389.5054
25056000 -3.3780166 -389.8232
25080000 -3.1037907 -390.2005
25104000 -1.151121 -390.5616
25128000 0.5494163 -390.8712
25152000 3.5088086 -391.3201
25176000 6.2004625 -391.8516
25200000 7.1028668 -392.8872
25224000 5.1231667 -393.6362
25248000 0.57371474 -394.1904
25272000 -1.3917647 -394.6901
25296000 -3.23124752 -395.0662
25320000 -3.5088402 -395.4482
25344000 -3.7415151 -395.7077
25368000 -3.7133901 -395.9835
25392000 -3.7903771 -396.2619
25416000 -3.0040517 -396.6049
25440000 -2.336481 -396.9302
25464000 -0.65629354 -397.4589
25488000 1.94615025 -397.9881
25512000 4.0442025 -398.7879
25536000 4.0965877 -399.5269
25560000 1.08196548 -400.1815
25584000 -0.7563961 -400.6978
25608000 -2.427208 -401.0485
25632000 -3.8391679 -401.3758
25656000 -4.8911021 -401.739
25680000 -4.8155664 -402.0712
25704000 -4.7187766 -402.3739
25728000 -4.1030143 -402.6607
25752000 -3.88821321 -403.0215
25776000 -1.7322935 -403.4634
25800000 0.3283746 -403.8454
25824000 3.06081 -404.46
25848000 4.8445435 -405.1424
25872000 3.3092607 -405.9429
25896000 0.63790186 -406.4882
25920000 -2.74467903 -407.011
25944000 -4.00111404 -407.4944
25968000 -4.96327004 -407.8974
25992000 -4.5977519 -408.2572
26016000 -4.496415 -408.522
26040000 -3.9531169 -408.8365
26064000 -3.1037313 -409.1158
26088000 -1.7666813 -409.4448
26112000 -0.0932286999999998 -409.7588
26136000 1.63203841 -410.2937
26160000 5.04885814 -411.0731
26184000 5.73783302 -412.0014
26208000 3.19357729 -412.7955
26232000 0.65466269 -413.3098
26256000 -1.1875576 -413.7262
26280000 -2.0901756 -414.0478
26304000 -3.0587679 -414.3274
26328000 -3.50867114 -414.6726
26352000 -2.823786 -414.9956
26376000 -1.9463493 -415.268
26400000 -0.3976846 -415.587
26424000 1.793694908 -415.8488
26448000 4.2840446 -416.2857
26472000 9.5306962 -417.0114
26496000 10.42313524 -418.2359
26520000 5.23678481 -419.248
26544000 2.75906421 -419.7429
26568000 0.43800084 -420.0251
26592000 -1.0724732 -420.3688
26616000 -1.2132611 -420.6437
26640000 -1.4388292 -420.8411
26664000 -1.5367315 -421.081
26688000 -1.1477029 -421.3532
26712000 0.62608683 -421.6652
26736000 3.1478366 -421.8283
26760000 6.6712701 -422.0847
26784000 14.3165856 -422.1005
26808000 23.5640441 -426.0719
26832000 8.8698824 -426.029
26856000 4.26592536 -426.1874
26880000 0.8292204 -426.4469
26904000 -0.85475358 -426.7273
26928000 -1.85482942 -427.0293
26952000 -1.68277113 -427.3276
26976000 -0.59851574 -427.5606
27000000 0.666837 -427.6977
27024000 1.8213629444 -427.7964
27048000 2.88003 -427.9478
27072000 5.9396847 -428.1012
27096000 9.30994118 -427.9663
27120000 14.017897241 -433.8949
27144000 10.78285404 -439.3823
27168000 7.45539744 -439.3116
27192000 4.8801707 -439.3597
27216000 3.7623688 -439.5084
27240000 3.2747575 -439.5761
27264000 2.7346829 -439.6611
27288000 2.2552081 -439.7147
27312000 1.62296875 -439.8849
27336000 2.84927107 -440.0204
27360000 2.79262028 -439.9959
27384000 3.18740759 -440.2055
27408000 5.81425127 -440.1991
27432000 6.1362466 -446.3151
27456000 6.2261635 -446.2547
27480000 6.3138947 -446.2225
27504000 6.941507 -446.1107
27528000 5.5253482 -445.9632
27552000 4.69448122 -446.0607
27576000 4.37747397 -446.0455
27600000 3.5928970685 -446.1974
27624000 5.06851547 -446.2861
27648000 5.32701364 -446.2292
27672000 6.4914195 -446.2325
27696000 6.3690801 -452.2801
27720000 5.1300863 -452.2844
27744000 4.6223365 -452.2488
27768000 3.36434876 -452.3495
27792000 3.9492775 -452.455
27816000 3.75078174 -452.4611
27840000 3.9021465 -452.562
27864000 4.58132271 -452.6476
27888000 6.1800591 -452.6407
27912000 6.31600228 -452.4966
27936000 6.85933088 -452.5666
27960000 8.47419674 -458.5643
27984000 6.31238764 -464.6914
28008000 5.138695001 -464.6277
28032000 3.43812304 -464.7525
28056000 3.82736667 -464.7897
28080000 2.32387141 -464.7913
28104000 1.90897809 -464.9665
28128000 1.91953877 -465.0697
28152000 2.0720005 -465.1956
28176000 2.49381002 -465.3285
28200000 3.6894134 -465.4584
28224000 4.82345149 -465.4923
28248000 5.91696501 -465.6647
28272000 10.91254476 -465.8801
28296000 17.34129032 -471.1494
28320000 11.6100473 -476.69
28344000 6.05580444 -476.7387
28368000 4.22348436 -476.9018
28392000 2.55091359 -476.9646
28416000 0.69761891 -477.1111
28440000 -0.35992447 -477.3528
28464000 -0.60989097 -477.5671
28488000 -0.516309617 -477.8264
28512000 0.73705501 -478.0185
28536000 1.222812016744 -478.1891
28560000 2.96106119 -478.5449
28584000 7.34250078 -478.8099
28608000 14.16701592 -479.1365
28632000 18.96746289 -481.9605
28656000 9.24337644 -482.5602
28680000 4.73459176 -482.7531
28704000 1.956224719 -483.0137
28728000 0.00127988999999999 -483.2294
28752000 -1.38171011 -483.542
28776000 -1.51799926 -483.8346
28800000 -1.22007204 -484.1233
28824000 -0.05699207 -484.3946
28848000 1.57583348 -484.6471
28872000 4.00508123 -484.917
28896000 7.77632379 -485.2983
28920000 15.21586549 -486.2656
28944000 11.29542703 -488.0433
28968000 4.6905911 -488.6311
28992000 1.2610852 -482.7849
29016000 -0.395946857 -483.1065
29040000 -1.43763179 -483.4278
29064000 -1.0265489 -483.6921
29088000 -0.8531955 -483.8218
29112000 -1.14451774 -484.0021
29136000 -1.1128327 -484.2459
29160000 -0.2354854292 -484.5568
29184000 1.49970393 -484.8593
29208000 4.12986187 -479.0221
29232000 9.247202142 -479.7331
29256000 11.33282848 -481.2403
29280000 7.0529307 -482.178
29304000 3.64746784 -482.5087
29328000 0.894647639 -482.7807
29352000 -1.10040164 -483.0184
29376000 -2.90162166 -483.2968
29400000 -3.86818303 -483.6248
29424000 -4.07790614 -483.9745
29448000 -3.1683431 -484.3254
29472000 -1.49582098 -484.5816
29496000 -0.14253156 -484.8138
29520000 2.02469575 -485.1552
29544000 5.44471891 -485.525
29568000 9.717661379 -486.1921
29592000 10.64615507 -487.4892
29616000 6.51260049 -488.3447
29640000 2.58315297 -488.7127
29664000 -0.52681426 -489.1472
29688000 -1.42543783 -489.4827
29712000 -2.50478598 -489.7886
29736000 -2.23882175 -490.0829
29760000 -2.16155336 -490.3415
29784000 -0.9165043 -490.603
29808000 -0.20319021 -490.7853
29832000 1.14427824 -491.1287
29856000 3.5531333 -491.4808
29880000 7.26291685 -492.1148
29904000 9.88768571 -493.1921
29928000 5.0977902 -488.0816
29952000 2.23367082 -488.7082
29975999 -0.0569739 -489.0963
29999999 -0.83415162 -489.4144
30023999 -1.53702932 -489.617
30047999 -2.05196828 -489.8198
30071999 -2.6749932 -489.9962
30095999 -3.38505175 -490.2414
30119999 -3.6003866 -490.5709
30143999 -2.8129651 -490.9579
30167999 -0.7259409 -491.4166
30191999 3.37979572 -491.796
30215999 7.123389884 -492.2996
30239999 10.92329503 -493.4429
30263999 8.2030047 -494.4134
30287999 4.21172009 -494.9172
30311999 1.47894616 -495.188
30335999 -1.71864582 -495.4794
30359999 -3.16446618 -489.6224
30383999 -3.52391551 -489.9409
30407999 -3.57232314 -490.2876
30431999 -2.34473531 -490.6201
30455999 -0.6904822 -490.8437
30479999 0.79226877 -491.0792
30503999 3.45970575 -491.408
30527999 8.06756097 -491.6811
30551999 12.82599841 -492.22
30575999 10.90570512 -493.9796
30599999 4.8247662 -494.889
30623999 1.75557756 -495.3652
30647999 0.10137298 -495.7316
30671999 -0.14651726 -496.0258
30695999 -0.41938104 -496.1866
30719999 -0.88431667 -496.4361
30743999 0.08080569 -496.6731
30767999 0.996316534 -496.8109
30791999 1.863499648 -497.0035
30815999 4.13079098 -497.2529
30839999 8.6108425832 -497.3224
30863999 14.57790489 -503.4049
30887999 13.34523595 -508.3085
30911999 8.09521071 -508.3955
30935999 5.65186241 -508.3059
30959999 2.52723447 -508.5585
30983999 2.91154875 -508.8246
31007999 2.94599352 -508.8852
31031999 3.08476154 -508.9945
31055999 3.13399758 -509.1025
31079999 4.58809581 -509.2398
31103999 5.71927288 -509.1583
31127999 6.46673597 -509.1712
31151999 7.55411857 -509.0185
31175999 7.30784962 -508.9052
31199999 7.03977733 -508.7767
31223999 6.02973698 -508.7154
31247999 5.2644682 -508.703
31271999 4.50532234 -508.6942
31295999 3.1737522 -508.7414
31319999 2.8198921 -508.9252
31343999 3.2377454 -509.0163
31367999 4.1297761 -509.16
31391999 5.89376662 -509.0733
31415999 5.97167628 -508.9777
31439999 6.11824543 -508.8054
31463999 4.13365929 -508.784
31487999 4.28227465 -508.8776
31511999 3.28915301 -508.8153
31535999 2.4148878 -509.0199
31559999 2.9426161 -509.1443
31583999 4.0276864 -509.2967
31607999 5.32643643 -509.2884
31631999 7.47406054 -509.3605
31655999 8.965187603 -515.1912
31679999 6.929087819 -515.1275
31703999 7.417616042 -515.0642
31727999 6.130756536 -521.171
31751999 4.37074078 -521.157
31775999 2.90313781 -521.2678
31799999 2.75871756 -521.3772
31823999 1.67252 -521.3987
31847999 0.6116822 -521.6976
31871999 2.85362962 -521.9548
31895999 3.82565187 -521.8355
31919999 3.3636302 -522.1017
31943999 8.32814077 -522.3637
31967999 11.881988701 -528.0947
31991999 11.958478888 -534.0623
32015999 11.7624585 -539.87
32039999 7.12972143 -545.8031
32063999 3.36946824 -545.9726
32087999 1.853426 -546.1844
32111999 0.82908464 -546.3562
32135999 0.28474038 -546.5738
32159999 0.38616992 -546.7743
32183999 1.17269269 -546.9939
32207999 2.63548555 -547.0824
32231999 3.32244927 -547.1994
32255999 5.57307114 -547.305
32279999 6.84117851 -547.3102
32303999 10.9374405 -547.584
32327999 20.4651518 -552.7918
32351999 11.1324284 -558.3119
32375999 7.31527604 -558.384
32399999 4.53414383 -558.4105
32423999 2.22799306 -558.5716
32447999 0.77818151 -558.7527
32471999 0.00769660000000005 -558.9755
32495999 -0.14268151 -559.1413
32519999 -0.504109006 -559.3318
32543999 -0.26086589 -559.5619
32567999 0.5227601 -559.829
32591999 2.5799108 -560.0855
32615999 5.3356273 -560.3229
32639999 10.6600248 -560.6069
32663999 22.3611631 -561.2584
32687999 11.9886066 -563.7145
32711999 5.0126308 -564.2654
32735999 2.63012594 -564.6165
32759999 1.054792148 -564.8347
32783999 0.024773793 -565.0662
32807999 -0.43115552 -565.2641
32831999 -0.780388784 -565.4525
32855999 -1.01390132 -565.6846
32879999 -0.189988939 -565.9644
32903999 1.11353998 -566.1602
32927999 2.6192483 -566.4695
32951999 6.5000733 -566.7943
32975999 11.5309071 -567.4135
32999999 11.7577978 -569.4533
33023999 5.9790809 -570.3325
33047999 2.4138161 -570.6286
33071999 -0.2470469 -571.0103
33095999 -0.3507991 -571.2854
33119999 -1.59356104 -571.4402
33143999 -1.77082626 -571.7711
33167999 -0.92570326 -571.8927
33191999 -1.63913422 -572.0606
33215999 -1.34518634 -572.3902
33239999 0.0509963 -572.7498
33263999 3.395205 -573.1284
33287999 7.6257264 -573.4861
33311999 13.28823789 -574.6029
33335999 10.46724222 -576.1558
33359999 5.50451987 -576.5927
33383999 1.63389425 -576.9596
33407999 0.09594613 -577.2607
33431999 -1.79136991 -577.4703
33455999 -2.699286 -577.8461
33479999 -2.32698822 -578.0645
33503999 -2.766875 -578.3467
33527999 -1.03878413 -578.6697
33551999 0.22077003 -578.7836
33575999 1.2238358 -579.1191
33599999 5.08614396 -579.4521
33623999 9.92092291 -579.8086
33647999 18.22276339 -581.1839
33671999 11.25957491 -582.6431
33695999 5.71757298 -583.0272
33719999 2.62577601 -583.3139
33743999 0.0517915 -583.5067
33767999 -2.20276149 -577.6256
33791999 -1.46710648 -577.9309
33815999 -2.02318612 -578.1029
33839999 -1.43301617 -578.4707
33863999 0.29683926 -578.6347
33887999 1.31553688 -578.8265
33911999 3.1656962 -579.0884
33935999 7.2258739 -579.4879
33959999 16.6612237 -579.8817
33983999 14.8242837 -582.522
34007999 7.2501166 -583.2374
34031999 4.78110292 -583.4204
34055999 2.11304174 -583.6011
34079999 0.65317796 -583.8343
34103999 -0.07312206 -584.0355
34127999 -0.70690881 -584.2287
34151999 -0.81905486 -584.4719
34175999 -0.1994153 -584.6966
34199999 0.9352865 -584.8953
34223999 2.4740969 -585.0892
34247999 5.1973968 -585.2117
34271999 7.457252 -585.3176
34295999 15.7920182 -585.552
34319999 17.1153697 -589.9974
34343999 10.9462587 -595.932
34367999 5.97540405 -596.0208
34391999 3.8076877 -596.1409
34415999 1.2455802 -596.2537
34439999 -0.3405036 -596.5102
34463999 -1.28681907 -596.7102
34487999 -2.17983727 -597.0455
34511999 -0.83654732 -597.36
34535999 0.379272561 -597.5094
34559999 1.13261035 -597.7081
34583999 2.371479989 -598.0054
34607999 4.87929434 -598.3817
34631999 6.3669462 -598.9306
34655999 4.9636446 -594.0399
34679999 3.6586155 -588.8921
34703999 2.59097768 -589.3692
34727999 1.213451508 -589.6192
34751999 -0.0530910999999998 -589.8661
34775999 -0.1947343 -590.0475
34799999 -1.0713137 -590.0797
34823999 -3.08532314 -590.2208
34847999 -4.7412255 -590.4518
34871999 -7.523507 -590.8322
34895999 -7.0466873 -585.3999
34919999 -2.68079038 -579.6352
34943999 1.39343267 -580.0263
34967999 6.1639598 -580.5201
34991999 10.9304374 -581.1386
35015999 9.9339393 -581.7464
35039999 5.0407564 -582.3004
35063999 1.70328811 -582.7276
35087999 -1.37132626 -583.0138
35111999 -4.70802695 -583.4139
35135999 -5.84666945 -577.8007
35159999 -3.23935509 -571.9143
35183999 -1.512889568 -572.0928
35207999 0.33911375 -572.2225
35231999 2.16119546 -572.2586
35255999 3.1119842 -572.1914
35279999 3.4032885 -572.2999
35303999 5.6978227 -572.3201
35327999 6.8472111 -572.27
35351999 9.1848445 -578.2848
35375999 7.2721438 -578.1396
35399999 8.7973063 -578.1286
35423999 7.49736934 -584.1449
35447999 7.3040198 -584.1734
35471999 6.5564684 -590.2274
35495999 4.4933542 -590.2252
35519999 3.0308042 -590.2893
35543999 2.1222514 -590.437
35567999 1.7273516 -590.55
35591999 1.5608742 -590.736
35615999 2.5940771 -590.861
35639999 3.1985092 -590.9044
35663999 3.96555771 -590.9799
35687999 4.8217771 -591.0354
35711999 6.6716359 -591.1507
35735999 10.4783557 -597.2545
35759999 10.9528967 -602.9895
35783999 7.8725256 -608.9174
35807999 4.6066784 -608.9832
35831999 3.4889188 -609.0758
35855999 1.9260304 -609.1929
35879999 1.8684775 -609.347
35903999 0.82918309 -609.3889
35927999 0.11863011 -609.6862
35951999 1.75854276 -609.8789
35975999 2.3319213 -609.9812
35999999 4.4899376 -610.1292
36023999 4.9152777 -610.0793
36047999 7.07181 -610.535899999999
36071999 19.7669926 -616.7275
36095999 15.4477444 -621.2493
36119999 8.3785771 -621.1007
36143999 5.05496739 -621.3014
36167999 3.25987842 -621.3885
36191999 1.0981534 -621.5658
36215999 0.30135248 -621.7947
36239999 -0.3495325 -622.0007
36263999 -0.1656089 -622.2614
36287999 0.5091249 -622.4686
36311999 1.6764468 -622.712
36335999 3.7320794 -622.9024
36359999 5.906354 -623.1523
36383999 11.9996315 -623.7093
36407999 26.30224816 -626.1715
36431999 12.2999136 -626.7245
36455999 5.4851258 -627.0325
36479999 2.8834666 -627.3186
36503999 0.5422453 -627.485200000001
36527999 -1.36672896 -627.7999
36551999 -1.17800605 -628.061
36575999 -2.07563895 -628.1768
36599999 -2.61198684 -628.5338
36623999 -1.640253902 -628.717900000001
36647999 -2.1846075 -629.0075
36671999 -0.5440077 -629.424
36695999 1.2229316 -629.8042
36719999 4.1565232 -630.3425
36743999 5.5970031 -631.0311
36767999 4.975023 -632.003
36791999 3.41803135 -632.5816
36815999 0.80233771 -632.9511
36839999 -1.12188953 -633.2353
36863999 -3.2355505 -633.4607
36887999 -5.0494665 -633.697900000001
36911999 -7.6548886 -633.900799999999
36935999 -11.1835551 -628.1333
36959999 -11.3890957 -622.6033
36983999 -9.1532154 -617.0347
37007999 -4.450746 -617.4898
37031999 -1.12342564 -617.7345
37055999 1.30076996 -618.1158
37079999 3.141963 -618.540199999999
37103999 1.95802508 -619.0219
37127999 -0.85706461 -619.5779
37151999 -4.23512913 -620.0235
37175999 -8.7675498 -620.5457
37199999 -11.4669822 -615.2693
37223999 -7.0709853 -609.6393
37247999 -4.44977748 -609.824700000001
37271999 -2.67854967 -609.9813
37295999 -1.4702337 -610.0829
37319999 -0.87817934 -610.274100000001
37343999 0.68015035 -610.5869
37367999 3.2230669 -610.9429
37391999 6.9017547 -611.692599999999
37415999 9.6859616 -606.9364
37439999 4.5886329 -607.9185
37463999 2.0252905 -608.511199999999
37487999 0.85864158 -608.7453
37511999 -0.88126005 -609.0047
37535999 -1.29952627 -609.2695
37559999 -1.93639601 -609.5069
37583999 -1.59986596 -609.8554
37607999 -0.1081027 -610.136
37631999 2.0528276 -610.4295
37655999 6.0855235 -610.6824
37679999 12.0159244 -610.9632
37703999 19.4512957 -613.7702
37727999 9.3566591 -614.6194
37751999 5.2306859 -614.6616
37775999 1.5189611 -614.9402
37799999 0.1390624 -615.217
37823999 -0.59335927 -615.4669
37847999 -0.54868652 -615.6606
37871999 -0.64125008 -615.8396
37895999 -0.0471623000000001 -616.0297
37919999 0.6151161 -616.1529
37943999 1.0438881 -616.3549
37967999 3.0800529 -616.6475
37991999 7.3901082 -616.7858
38015999 13.8728057 -622.8929
38039999 14.8008893 -628.0789
38063999 10.9137353 -633.9556
38087999 6.4706088 -633.8622
38111999 3.9352256 -634.0245
38135999 2.8738613 -634.142
38159999 1.4029935 -634.224
38183999 0.4410607 -634.4566
38207999 0.7822509 -634.601
38231999 0.5547656 -634.7321
38255999 0.8291997 -634.8686
38279999 0.6569552 -635.1065
38303999 3.632643 -635.3876
38327999 6.0225743 -635.287499999999
38351999 8.1671455 -635.456
38375999 16.1600543 -641.2015
38399999 10.90058 -646.7784
38423999 8.4065524 -646.6466
38447999 5.8599502 -646.6808
38471999 4.7424488 -646.6864
38495999 2.6374524 -646.7836
38519999 2.2448057 -646.9647
38543999 1.898737 -647.0543
38567999 1.7857609 -647.2019
38591999 2.3028711 -647.3265
38615999 3.4879998 -647.3862
38639999 3.7165012 -647.2845
38663999 2.8413248 -647.3923
38687999 4.0672224 -647.5599
38711999 5.6534343 -647.5205
38735999 6.4967433 -647.4365
38759999 6.5717309 -647.3613
38783999 7.6310627 -647.3634
38807999 8.1891167 -653.3367
38831999 6.3081733 -653.2706
38855999 6.1152446 -653.2575
38879999 4.96002 -653.1419
38903999 2.9237157 -653.1845
38927999 1.8936693 -653.4193
38951999 2.6482164 -653.5811
38975999 3.3100053 -653.6393
38999999 3.6781726 -653.6701
39023999 3.8738443 -653.7541
39047999 5.1158793 -653.8832
39071999 7.6250493 -653.8166
39095999 7.7147549 -659.8438
39119999 7.7349258 -659.895
39143999 9.355738 -665.8675
39167999 6.9741237 -671.9734
39191999 5.7368695 -671.917899999999
39215999 3.5180967 -671.996
39239999 3.7718691 -672.1464
39263999 2.9086498 -672.104
39287999 2.356266 -672.321
39311999 3.325995 -672.322200000001
39335999 2.2815661 -672.3607
39359999 2.4196683 -672.5158
39383999 2.4813639 -672.7088
39407999 5.4755071 -666.5867
39431999 6.8808848 -666.4477
39455999 9.3365133 -666.4339
39479999 10.0974388 -672.2055
39503999 7.7511681 -672.1295
39527999 8.7016179 -672.0443
39551999 5.6834373 -677.9615
39575999 3.1796189 -671.9471
39599999 2.9437045 -671.9933
39623999 1.4368567 -672.1165
39647999 1.034818 -672.2846
39671999 0.8632944 -672.5162
39695999 2.212492 -672.68
39719999 2.9005133 -672.7859
39743999 5.1150176 -672.9552
39767999 6.7363138 -672.825
39791999 8.6169494 -666.8621
39815999 18.7960818 -672.3347
39839999 11.4639195 -677.9852
39863999 8.4620293 -684.0102
39887999 4.1838948 -684.0372
39911999 1.7089276 -684.2445
39935999 0.1362149 -684.458
39959999 -0.4344957 -684.7192
39983999 -0.4643313 -684.8642
40007999 -1.3194643 -685.0903
40031999 -0.6504054 -685.4286
40055999 0.8803947 -685.7212
40079999 3.7020966 -686.0279
40103999 8.28703 -686.3178
40127999 18.0143288 -686.601999999999
40151999 21.7558052 -689.2815
40175999 9.6618574 -689.6128
40199999 4.1093982 -689.8814
40223999 0.5465362 -690.2113
40247999 -1.2300047 -690.5653
40271999 -1.9743518 -690.8717
40295999 -2.25705185 -691.1815
40319999 -1.35374025 -691.4871
40343999 -0.0652037000000001 -691.6796
40367999 1.2053864 -691.8895
40391999 3.1394591 -692.0958
40415999 6.0315784 -692.3712
40439999 11.957761 -692.6482
40463999 24.1390591 -693.9645
40487999 11.3196202 -695.808
40511999 5.315279 -696.1772
40535999 2.1709236 -696.5183
40559999 0.5142763 -696.8123
40583999 0.2577091 -697.0679
40607999 -0.4382733 -697.1679
40631999 -1.34693427 -697.4777
40655999 -0.1126301 -697.7063
40679999 0.1252773 -697.863400000001
40703999 1.4941344 -698.136
40727999 2.9513082 -698.2975
40751999 5.1682023 -698.7802
40775999 13.1406477 -699.539
40799999 17.2711514 -701.5196
40823999 7.9478824 -702.1081
40847999 3.4469875 -702.5813
40871999 2.0780736 -702.8429
40895999 0.4878713 -703.0041
40919999 -0.8795041 -703.1663
40943999 -2.68994875 -703.4307
40967999 -2.53680592 -703.789
40991999 -2.0051398 -704.0318
41015999 -0.7695944 -704.3267
41039999 0.9409938 -704.5417
41063999 3.7519991 -704.8568
41087999 9.1746244 -705.0194
41111999 19.2517671 -705.1239
41135999 16.6424085 -708.7656
41159999 8.9750355 -708.7798
41183999 3.4715373 -708.9507
41207999 1.3610209 -709.3024
41231999 0.2190259 -709.4235
41255999 -1.84769 -709.6943
41279999 -1.5811862 -710.0353
41303999 -0.9300107 -710.2285
41327999 -0.105778 -710.4084
41351999 0.2804063 -710.5811
41375999 1.9527803 -710.9416
41399999 6.5463516 -711.1513
41423999 11.6130291 -717.3012
41447999 20.9220082 -723.1392
41471999 12.6487168 -727.898099999999
41495999 7.7251183 -728.0073
41519999 4.6490802 -728.0549
41543999 2.2976738 -728.2338
41567999 0.9111998 -728.3953
41591999 -0.5224866 -728.6013
41615999 -0.9657855 -728.9048
41639999 -0.1277593 -729.1569
41663999 0.9394573 -729.346
41687999 2.5094243 -729.5445
41711999 5.0473222 -729.6792
41735999 8.2195507 -729.7972
41759999 16.9869824 -735.897199999999
41783999 13.6922656 -740.8164
41807999 8.3965512 -746.9847
41831999 5.9994876 -747.1413
41855999 4.8511619 -747.1174
41879999 2.4469113 -747.2436
41903999 1.998031 -747.4416
41927999 1.7914255 -747.5512
41951999 1.4817559 -747.6835
41975999 1.8509655 -747.8568
41999999 2.7982776 -747.9451
42023999 3.5449109 -748.0619
42047999 5.9272516 -748.0948
42071999 6.5291748 -754.1967
42095999 7.8867031 -754.2159
42119999 8.4450895 -760.074900000001
42143999 6.4048714 -760.068499999999
42167999 5.5635083 -766.2029
42191999 3.7466168 -760.1375
42215999 5.6278702 -760.1426
42239999 4.0326415 -759.9773
42263999 3.4780737 -760.138
42287999 3.7601093 -760.0323
42311999 1.4900206 -760.0398
42335999 0.5826866 -760.2986
42359999 0.776899900000001 -760.471
42383999 1.1428685 -760.7177
42407999 3.0976489 -754.6478
42431999 5.9322713 -754.817300000001
42455999 11.3770343 -754.767900000001
42479999 14.8659482 -760.1966
42503999 10.9284373 -765.9357
42527999 7.3210948 -765.7926
42551999 4.3198107 -765.755
42575999 0.8182246 -765.8538
42599999 -1.5091203 -766.2201
42623999 -1.0924906 -766.5349
42647999 -0.8434916 -766.6884
42671999 -0.615531 -766.8878
42695999 -0.0919243000000001 -767.0324
42719999 -0.4447999 -767.267
42743999 0.5984335 -767.7023
42767999 3.4893942 -768.2604
42791999 9.2670804 -762.6812
42815999 10.9711792 -763.873000000001
42839999 7.2017662 -764.8394
42863999 4.4392525 -765.184499999999
42887999 1.2065632 -765.4468
42911999 -0.3513727 -765.7703
42935999 -1.5514396 -765.9654
42959999 -3.0342848 -766.2396
42983999 -3.6315495 -760.3304
43007999 -2.0105535 -754.4577
43031999 0.3586057 -754.5757
43055999 1.8447051 -754.696099999999
43079999 3.9575057 -754.7433
43103999 5.3372438 -754.8123
43127999 8.6498885 -754.9298
43151999 13.9567602 -760.9795
43175999 14.7232569 -766.3509
43199999 11.8854168 -772.381700000001
43223999 8.7113851 -778.4135
43247999 6.4947168 -778.4597
43271999 4.3169937 -778.4308
43295999 2.6385182 -778.5855
43319999 1.4636584 -778.6518
43343999 -0.0141888000000003 -778.8633
43367999 0.0272447000000002 -779.0704
43391999 0.2624606 -779.2067
43415999 -0.2263425 -779.3111
43439999 -0.2550004 -773.4198
43463999 3.0294908 -773.6268
43487999 4.6543587 -773.6658
43511999 8.2318735 -773.9126
43535999 15.1846359 -779.9185
43559999 20.6052875 -785.5379
43583999 12.0595319 -790.232300000001
43607999 3.9119094 -790.5563
43631999 1.1946141 -784.702
43655999 1.005353 -785.0091
43679999 0.6390594 -785.095499999999
43703999 0.0153777000000002 -785.335300000001
43727999 0.8351327 -785.4543
43751999 0.4092257 -785.5772
43775999 1.2085539 -785.754
43799999 1.3084812 -785.8911
43823999 3.2023166 -786.2305
43847999 6.6887022 -786.324299999999
43871999 13.58055 -780.207700000001
43895999 14.1357726 -784.9377
43919999 11.087622 -784.8846
43943999 7.454938 -790.8739
43967999 4.3639686 -790.9807
43991999 2.1962407 -791.0597
44015999 0.280871 -791.276000000001
44039999 -0.874972 -791.473
44063999 -1.6764947 -785.566699999999
44087999 -0.1301532 -785.8566
44111999 1.6632177 -786.0711
44135999 3.9023303 -786.1706
44159999 6.2455955 -786.3669
44183999 12.3533807 -786.3393
44207999 17.6783574 -792.093699999999
44231999 15.202089 -796.805399999999
44255999 6.6632581 -796.8098
44279999 2.6694523 -797.1194
44303999 1.1519217 -797.3602
44327999 -0.00291499999999978 -797.5735
44351999 -0.6365736 -797.8037
44375999 -0.0394649 -798.02
44399999 0.00568630000000026 -798.0506
44423999 -1.3048677 -798.2956
44447999 -0.160952200000001 -798.665599999999
44471999 2.0388654 -799.0199
44495999 6.49916 -799.2281
44519999 11.6512883 -799.6455
44543999 20.476004 -802.2502
44567999 10.1300519 -802.8923
44591999 5.1228947 -803.142699999999
44615999 2.5415569 -803.3257
44639999 -0.0633634000000001 -803.516299999999
44663999 -1.7365237 -803.7779
44687999 -2.9179753 -804.051899999999
44711999 -3.6537576 -798.1048
44735999 -2.67463 -798.5202
44759999 -0.5577419 -798.6996
44783999 0.3825335 -798.9156
44807999 2.6849947 -799.1415
44831999 3.9371416 -799.4245
44855999 8.0523232 -800.1508
44879999 14.9526578 -801.1247
44903999 10.7597793 -801.9015
44927999 4.9324926 -802.6035
44951999 2.7820282 -802.9681
44975999 0.0321435999999999 -803.187900000001
44999999 -1.2153441 -803.4967
45023999 -3.1279348 -803.6116
45047999 -5.634284079 -797.8089
45071999 -4.18147557 -791.998399999999
45095999 -2.9884965 -792.2487
45119999 -1.26834474 -792.559099999999
45143999 1.0958125 -792.7294
45167999 2.5484798 -792.947
45191999 5.1563791 -793.3307
45215999 7.5442457 -793.951
45239999 6.9301153 -795.2417
45263999 4.714975 -789.9492
45287999 2.0667199 -790.3575
45311999 -0.305512200000001 -790.7612
45335999 -1.0135434 -791.1175
45359999 -1.2332497 -791.3622
45383999 -1.4095201 -791.5913
45407999 -1.3766167 -791.838199999999
45431999 -0.3106939 -792.157300000001
45455999 1.8912647 -792.2923
45479999 3.2870175 -792.5343
45503999 9.6846999 -792.7681
45527999 15.5054976 -798.1019
45551999 10.8754626 -803.8911
45575999 9.9863677 -809.8959
45599999 4.0900815 -816.014700000001
45623999 2.0885911 -816.436000000001
45647999 2.3642527 -816.5557
45671999 1.8134043 -816.677
45695999 1.7473445 -816.76
45719999 1.1623729 -816.9462
45743999 2.753541 -817.123
45767999 3.5716984 -817.0904
45791999 4.4035901 -817.1593
45815999 4.9062798 -817.0608
45839999 4.4647958 -810.9851
45863999 8.4975481 -811.0807
45887999 9.5993186 -816.8979
45911999 9.18722 -816.790999999999
45935999 8.6051565 -822.756
45959999 6.0308255 -822.712
45983999 4.8229523 -822.7935
46007999 4.3538626 -822.8574
46031999 3.7588939 -822.8455
46055999 2.3108633 -822.968800000001
46079999 2.911738 -823.1569
46103999 2.877552 -823.1123
46127999 2.0933083 -823.3585
46151999 4.010907 -823.5276
46175999 5.3964575 -823.6369
46199999 9.2710809 -823.5966
46223999 10.3496262 -829.5435
46247999 12.0547834 -835.544000000001
46271999 9.2729911 -841.3051
46295999 5.6799371 -841.319
46319999 4.2117275 -835.148
46343999 2.6735891 -835.2316
46367999 2.0597857 -835.4764
46391999 3.2594071 -835.5062
46415999 1.8539327 -835.470600000001
46439999 1.6800254 -835.7416
46463999 2.871982 -835.7223
46487999 1.7952645 -835.796200000001
46511999 2.2460271 -835.9829
46535999 2.9757689 -836.2409
46559999 7.3229973 -836.4304
46583999 11.1559022 -842.3453
46607999 12.2630526 -848.192700000001
46631999 10.4360213 -853.9907
46655999 7.4267034 -853.8549
46679999 5.0537863 -853.8191
46703999 2.6384192 -853.8867
46727999 1.0214492 -854.0788
46751999 0.7084987 -854.2229
46775999 -0.6361347 -854.3224
46799999 -1.2308158 -854.651199999999
46823999 -0.0551727 -854.8697
46847999 0.9848294 -855.033100000001
46871999 1.9439965 -855.207100000001
46895999 4.821491 -855.5473
46919999 10.730464 -855.368100000001
46943999 12.3934513 -855.237499999999
46967999 20.8868193 -859.6839
46991999 7.7292072 -859.852
47015999 5.6175723 -860.011100000001
47039999 2.535679 -860.086499999999
47063999 1.1513453 -854.0906
47087999 0.5389146 -854.2351
47111999 0.0141024000000001 -854.4699
47135999 0.6584553 -854.6367
47159999 0.8396352 -854.8141
47183999 2.5381292 -855.0056
47207999 3.7589519 -855.057500000001
47231999 6.7544828 -855.2675
47255999 9.9324095 -861.0796
47279999 10.7179973 -861.0821
47303999 11.1308038 -866.4942
47327999 6.4612204 -866.5306
47351999 5.2894226 -866.5191
47375999 2.4982904 -866.571
47399999 1.6538117 -866.834
47423999 1.8108524 -866.8917
47447999 0.7157054 -866.9975
47471999 0.450047 -867.201
47495999 0.8864647 -867.432699999999
47519999 2.5915266 -867.5893
47543999 3.6978911 -867.6824
47567999 6.2007062 -867.8789
47591999 11.2804108 -867.849399999999
47615999 15.6656242 -873.2707
47639999 10.741627 -879.0221
47663999 7.48399 -885.143700000001
47687999 3.6691234 -885.212399999999
47711999 2.334962 -885.432
47735999 1.1122902 -885.480299999999
47759999 -0.5828771 -885.701
47783999 -1.0289041 -885.9555
47807999 -0.6789396 -886.2467
47831999 0.6555364 -886.438499999999
47855999 1.7087213 -886.6535
47879999 4.4348652 -886.8676
47903999 7.37735 -886.9866
47927999 13.2000353 -887.4105
47951999 17.4654762 -890.315900000001
