   7.3347098e+01
   4.7987932e+01
   2.6247227e+00
   1.3607099e+01
   2.4782148e+00
   1.4624586e+01
   7.5817542e+00
   1.4486155e+01
   1.5906325e+01
   1.4743453e+01
   2.0392966e+01
   2.0947768e+01
   3.5682313e+01
   5.2846955e+01
   3.8447617e+01
   3.3131527e+01
   6.8706801e+01
   7.5010824e+01
   5.7833172e+01
   6.3617574e+01
   9.7170786e+01
   1.3364777e+02
   1.4900091e+02
   1.5644702e+02
   2.0102176e+02
   2.5151979e+02
   2.8607353e+02
   3.2797564e+02
   3.6599832e+02
   4.1118962e+02
   5.0886212e+02
   6.1994284e+02
   7.1307863e+02
   8.1442858e+02
   9.0045777e+02
   9.4054253e+02
   9.7664724e+02
   1.0145091e+03
   1.0064614e+03
   9.8505350e+02
   9.9940950e+02
   1.0111642e+03
   1.0092110e+03
   1.0199829e+03
   1.0177734e+03
   9.9544774e+02
   9.9042465e+02
   9.9685452e+02
   9.8947155e+02
   9.6606702e+02
   9.1798101e+02
   8.4508688e+02
   7.6391716e+02
   6.7529167e+02
   5.8527695e+02
   5.1589533e+02
   4.6238681e+02
   4.1432312e+02
   3.7524835e+02
   3.3141182e+02
   2.8060309e+02
   2.4314828e+02
   2.1504905e+02
   1.8751470e+02
   1.6676931e+02
   1.4629680e+02
   1.2688465e+02
   1.1546658e+02
   1.0172702e+02
   8.7239569e+01
   7.8459186e+01
   6.7299064e+01
   5.7497855e+01
   5.2202256e+01
   4.4019829e+01
   3.8898589e+01
   3.5882162e+01
   2.8878066e+01
   2.5402913e+01
   2.3967973e+01
   2.1357676e+01
   2.1609525e+01
   1.9418643e+01
   1.6779580e+01
   1.7205098e+01
   1.5320939e+01
   1.4141430e+01
   1.4327230e+01
   1.1926707e+01
   1.0930932e+01
   9.9324180e+00
   6.5447046e+00
   6.9702552e+00
   7.3740522e+00
   6.0804656e+00
   7.0300415e+00
   7.0260080e+00
   4.7932258e+00
   4.9577072e+00
   5.8265181e+00
   4.9415268e+00
   5.2647498e+00
   7.1660972e+00
   7.0398573e+00
   7.7566424e+00
   9.2042511e+00
   8.3744664e+00
   8.7582758e+00
   1.0421576e+01
   9.7892511e+00
   9.7812536e+00
   9.9167810e+00
   7.8262650e+00
   7.3388155e+00
   7.2146364e+00
   6.3310109e+00
   7.9460754e+00
   7.9295262e+00
   6.9805398e+00
   7.7476546e+00
   7.0940955e+00
   8.7211955e+00
   1.1660342e+01
   1.4412385e+01
   1.9850635e+01
   2.4953246e+01
   2.8872824e+01
   3.3828860e+01
   3.7298560e+01
   3.8253317e+01
   3.9493369e+01
   4.0444166e+01
   3.9578407e+01
   3.7736014e+01
   3.5083323e+01
   3.2558725e+01
   3.0721664e+01
   2.7280118e+01
   2.3173800e+01
   2.1853005e+01
   2.2280365e+01
   2.2992113e+01
   2.3272099e+01
   2.2401776e+01
   2.1657153e+01
   2.1132274e+01
   2.0337118e+01
   1.9826710e+01
   1.8557213e+01
   1.6819037e+01
   1.6136416e+01
   1.4906362e+01
   1.3412347e+01
   1.3173590e+01
   1.2428396e+01
   1.1422137e+01
   1.1016846e+01
   9.5922747e+00
   8.3371196e+00
   8.0525129e+00
   7.0122740e+00
   6.6348954e+00
   6.7623882e+00
   5.8876059e+00
   5.7583485e+00
   5.8747762e+00
   5.1402160e+00
   5.1654580e+00
   4.9648352e+00
   4.1425794e+00
   4.2642220e+00
   4.1227825e+00
   3.3436410e+00
   3.4499224e+00
   3.1089043e+00
   2.3451564e+00
   2.5835423e+00
   2.5317379e+00
   1.9491394e+00
   2.3627199e+00
   2.4880914e+00
   2.2038997e+00
   2.5917642e+00
   2.5970398e+00
   2.1646156e+00
   2.4438607e+00
   2.4235977e+00
   2.0619542e+00
   2.3667574e+00
   2.1818340e+00
   1.7173937e+00
   2.0189305e+00
   1.9196917e+00
   1.6866399e+00
   1.9975972e+00
   1.5612330e+00
   1.0361107e+00
   9.6171973e-01
   5.3355820e-01
   1.0034273e-01
   1.8125703e-01
   5.6738115e-01
   1.0868504e+00
   8.9588060e-01
   1.4628510e+00
   1.7831654e+00
   1.8261582e+00
   2.4307046e+00
   2.5887303e+00
   2.7200525e+00
   3.4413847e+00
   3.5260035e+00
   3.8591276e+00
   4.6976245e+00
   4.7119724e+00
   5.0576037e+00
   5.8738565e+00
   5.9956218e+00
   6.4676926e+00
   7.1733827e+00
   7.0097705e+00
   7.3199157e+00
   8.0038401e+00
   7.9859119e+00
   8.1559902e+00
   8.4266678e+00
   8.1928655e+00
   8.1800913e+00
   7.6278096e+00
   5.8585784e+00
   4.4072719e+00
   3.6445769e+00
   2.7992830e+00
   2.9765579e+00
   3.0769726e+00
   2.9714098e+00
   3.4907427e+00
   3.4132167e+00
   3.2289301e+00
   3.5535660e+00
   3.2602692e+00
   2.8957507e+00
   2.9457701e+00
   2.4242326e+00
   2.2024744e+00
   2.2821628e+00
   1.7840966e+00
   1.7367363e+00
   1.9977775e+00
   1.4609743e+00
   1.1942545e+00
   1.1399480e+00
   6.0201319e-01
   6.2226749e-01
   7.6456268e-01
   3.9846087e-01
   5.8146218e-01
   6.3419761e-01
   2.6261428e-01
   3.5429105e-01
   4.8022821e-01
   4.7478530e-01
   3.2046784e-01
   5.8024291e-01
   4.7318573e-01
   2.7285472e-01
   5.7549016e-01
   6.9505094e-01
   5.9488188e-01
   9.5179311e-01
   8.5614789e-01
   5.2554872e-01
   8.7965602e-01
   1.0324444e+00
   7.0765514e-01
   9.2216471e-01
   9.3092774e-01
   5.4245023e-01
   6.7170411e-01
   7.7723132e-01
   4.8078774e-01
   6.1257670e-01
   7.0091959e-01
   3.7382364e-01
   4.8526143e-01
   5.4502398e-01
   2.3798645e-01
   4.6959275e-01
   6.2613364e-01
   6.1712228e-01
   9.2909256e-01
   8.0301616e-01
   7.6181231e-01
   9.8084038e-01
   8.6994992e-01
   8.0409249e-01
   1.1228562e+00
   8.8730093e-01
   8.4116166e-01
   1.0683643e+00
   8.3332265e-01
   8.2021926e-01
   1.0759410e+00
   8.9155976e-01
   9.2161203e-01
   9.5885223e-01
   5.5030495e-01
   5.2214344e-01
   6.3976964e-01
   3.6311762e-01
   2.6027944e-01
   2.7837615e-01
   4.1554042e-01
   7.1941768e-01
   5.4458524e-01
   8.0386470e-01
   9.3451366e-01
   8.9039408e-01
   1.2629766e+00
   1.5052975e+00
   1.2464638e+00
   1.1316122e+00
   9.5971959e-01
   4.4798696e-01
   2.4762630e-01
   3.2630370e-01
   1.6109418e-01
   3.6012858e-01
   2.9796019e-01
   6.5140693e-01
   8.0373327e-01
   5.3869072e-01
   8.3454193e-01
   9.2457846e-01
   7.5732784e-01
   1.0578836e+00
   1.2218362e+00
   1.0706503e+00
   1.1797360e+00
   1.0530043e+00
   8.1337956e-01
   1.1110148e+00
   1.1462529e+00
   8.8829207e-01
   1.0123960e+00
   8.4778846e-01
   5.0956020e-01
   7.3281606e-01
   7.7616100e-01
   5.5580555e-01
   6.6215427e-01
   5.3396666e-01
   4.0928889e-01
   5.7267561e-01
   4.1782731e-01
   4.3852493e-01
   7.7595002e-01
   7.3183742e-01
   5.3613675e-01
   6.4826965e-01
   4.7625631e-01
   3.3808792e-01
   5.4491679e-01
   5.5391617e-01
   4.1508910e-01
   6.2455183e-01
   4.0916647e-01
   2.2664160e-01
   4.3868403e-01
   3.7061316e-01
   3.3869459e-01
   7.0424327e-01
   5.9560955e-01
   3.4539767e-01
   4.9808565e-01
   4.0301156e-01
   2.6331453e-01
   4.7586055e-01
   5.0024132e-01
   3.6518962e-01
   5.5064028e-01
   5.5328547e-01
   4.5185903e-01
   6.4579488e-01
   7.6136121e-01
   6.2335586e-01
   7.0390715e-01
   7.4446978e-01
   5.7682335e-01
   7.0295535e-01
   8.7216561e-01
   6.5150787e-01
   6.9974829e-01
   7.1760990e-01
   4.0673979e-01
   6.0451441e-01
   8.5444528e-01
   7.0710174e-01
   8.8786591e-01
   1.0280395e+00
   8.4711912e-01
   1.0078044e+00
   1.1111550e+00
   9.4899283e-01
   1.1698734e+00
   1.3351505e+00
   1.0822239e+00
   1.0745199e+00
   1.1746715e+00
   9.4514219e-01
   7.8398500e-01
   7.9346198e-01
   5.3618189e-01
   4.8070550e-01
   5.4801380e-01
   4.5667145e-01
   5.5507061e-01
   5.9565241e-01
   3.9653605e-01
   4.7137828e-01
   4.5803724e-01
   2.6744340e-01
   3.9156412e-01
   5.3049766e-01
   3.4145129e-01
   3.7373671e-01
   4.7974593e-01
   3.1418540e-01
   1.3590162e-01
   3.7749534e-01
   3.4396202e-01
   2.5817183e-01
   4.1155642e-01
   2.2941233e-01
   1.4900793e-01
   3.2872472e-01
   2.6214721e-01
   3.9164194e-01
   5.9894332e-01
   3.9685453e-01
   3.9008458e-01
   5.5269868e-01
   4.5007225e-01
   3.4662903e-01
   5.5776356e-01
   3.8762981e-01
   2.6299632e-01
   3.9551353e-01
   2.3531904e-01
   2.7284381e-01
   5.1917781e-01
   4.2388368e-01
   3.7210788e-01
   4.7246390e-01
   2.6971095e-01
   2.5262855e-01
   4.1212728e-01
   2.9894041e-01
   3.7781321e-01
   5.4161720e-01
   3.3520840e-01
   3.8252767e-01
   4.1973862e-01
   2.9928995e-01
   4.8093875e-01
   6.2752021e-01
   4.0271412e-01
   4.2989999e-01
   4.4351627e-01
   2.0457059e-01
   2.1313453e-01
   3.8013218e-01
   2.5866839e-01
   2.8161827e-01
   3.6494812e-01
   1.8822533e-01
   2.4606481e-01
   4.1610879e-01
   3.7032355e-01
   4.7265976e-01
   6.6108661e-01
   5.5300294e-01
   5.1978270e-01
   6.1623737e-01
   6.0372711e-01
   7.3389772e-01
   8.6967189e-01
   7.2618147e-01
   8.2371567e-01
   9.4347817e-01
   7.8588315e-01
   8.2085002e-01
   1.0642081e+00
   9.3825833e-01
   8.4640162e-01
   9.6242825e-01
   8.2558197e-01
   8.0275912e-01
   1.0010856e+00
   8.8428680e-01
   8.0727238e-01
   8.6540987e-01
   6.2468415e-01
   6.3079766e-01
   8.1052345e-01
   7.5311535e-01
   8.3586760e-01
   9.0825314e-01
   6.7436054e-01
   6.6658506e-01
   7.2120648e-01
   5.7988126e-01
   6.2863890e-01
   7.6076958e-01
   6.2654817e-01
   6.6628043e-01
   6.5563755e-01
   5.0796653e-01
   6.7296249e-01
   8.3706099e-01
   7.7228843e-01
   8.1762444e-01
   8.3141430e-01
   6.7190609e-01
   7.0863702e-01
   7.4011697e-01
   6.5149370e-01
   7.6200858e-01
   8.2223293e-01
   6.4872092e-01
   6.1676358e-01
   5.9245634e-01
   5.0772322e-01
   6.6076165e-01
   7.5176735e-01
   5.7930338e-01
   6.3057127e-01
   6.8141764e-01
   5.9762134e-01
   7.1936566e-01
   8.5200820e-01
   7.8223152e-01
   8.3592253e-01
   7.8406352e-01
   5.6307396e-01
   6.4757114e-01
   7.4019470e-01
   6.0962949e-01
   6.5049913e-01
   6.5688642e-01
   4.8328372e-01
   5.8207451e-01
   6.3099865e-01
   5.6612484e-01
   7.3326961e-01
   7.7454491e-01
   6.0322646e-01
   7.1678075e-01
   6.7403662e-01
   4.8155986e-01
   6.0865095e-01
   7.2970590e-01
   5.8272902e-01
   6.0148611e-01
   5.5237576e-01
   3.7294160e-01
   4.7292558e-01
   5.0269069e-01
   3.5141270e-01
   4.9064890e-01
   4.9219166e-01
   3.3366361e-01
   4.2675129e-01
   3.6276343e-01
   2.0071057e-01
   4.0589016e-01
   4.8336825e-01
   3.6174638e-01
   4.6669813e-01
   3.6952698e-01
   2.4380192e-01
   4.3853804e-01
   4.6644182e-01
   3.3361790e-01
   4.8004407e-01
   4.7103568e-01
   3.3462765e-01
   3.9703944e-01
   3.9078840e-01
   2.2067954e-01
   3.7134891e-01
   3.6521197e-01
   1.7823310e-01
   3.6031718e-01
   4.3916847e-01
   3.0428939e-01
   4.1678500e-01
   5.1530953e-01
   3.8004795e-01
   4.1412293e-01
   4.7755276e-01
   4.1867813e-01
   5.2484182e-01
   6.0380376e-01
   4.1867419e-01
   3.8858253e-01
   4.2769502e-01
   3.5582169e-01
   4.4411761e-01
   5.0063892e-01
   3.9433837e-01
   5.2008600e-01
   4.9468391e-01
   3.0434331e-01
   4.1426546e-01
   5.2038742e-01
   4.4596786e-01
   5.6486235e-01
   5.6224525e-01
   4.1611074e-01
   5.2242326e-01
   5.1979272e-01
   3.6349687e-01
   4.6333000e-01
   5.1005709e-01
   3.3431419e-01
   3.1151042e-01
   2.4568526e-01
   1.4281254e-01
   3.7056614e-01
   4.5579452e-01
   2.9816003e-01
   3.9759431e-01
   3.2539005e-01
   1.0148140e-01
   1.0119879e-01
   1.9658690e-01
   9.5888566e-02
   1.4721576e-01
   1.5007041e-01
   3.1527401e-02
   4.2530282e-02
   1.2127316e-01
   1.1178527e-01
   9.8484496e-02
   1.0656988e-01
   9.0220456e-02
   1.7069841e-01
   3.6227540e-02
   9.0706356e-02
   4.7597343e-02
   1.4627070e-01
   5.9308659e-02
   1.8570764e-01
   9.5134261e-02
   1.2725219e-01
   1.5464099e-01
   9.6379222e-02
   1.6236452e-01
   3.3321972e-01
   2.9527317e-01
   1.9423615e-01
   2.2169319e-01
   1.5603922e-01
   9.2499838e-02
   1.7613280e-01
   1.0484182e-01
   1.0983794e-01
   1.6616963e-01
   7.6576953e-02
   1.7329272e-01
   1.7643730e-01
   1.5466415e-01
   2.9334493e-01
   3.0490288e-01
   7.1925184e-02
   1.4948904e-01
   1.2265509e-01
   3.8067300e-02
   5.0561464e-02
   1.0889576e-01
   1.0282613e-01
   1.9858080e-01
   1.4502512e-01
   1.2006159e-01
   1.8573490e-01
   1.6144422e-01
   8.6754359e-02
   2.5907288e-01
   1.9764997e-01
   1.0059520e-01
   1.8111610e-01
   1.0987851e-01
   1.6716129e-01
   2.1798417e-01
   1.4730464e-01
   2.1498159e-01
   3.1759067e-01
   1.8833088e-01
   1.9396503e-01
   3.0714402e-01
   2.3847573e-01
   2.0239291e-01
   3.2036177e-01
   2.0435993e-01
   1.6185178e-01
   2.5468354e-01
   2.3662699e-01
   1.8627475e-01
   3.0844996e-01
   2.4721277e-01
   2.5459980e-01
   3.2834709e-01
   2.0999462e-01
   1.2405155e-01
   2.1844736e-01
   1.4225412e-01
   2.2560546e-01
   2.6019637e-01
   7.1681522e-02
   1.1566570e-01
   1.1055603e-01
   4.2507001e-02
   1.9526850e-01
   2.3946931e-01
   8.8759968e-02
   2.3330719e-01
   2.0223694e-01
   9.5641505e-02
   1.4250018e-01
   1.5012766e-01
   8.3317253e-02
   1.9456728e-01
   1.2046856e-01
   6.6243269e-02
   1.0024396e-01
   4.2663502e-02
   1.6141698e-01
   2.4460031e-01
   1.6726470e-01
   2.2589138e-01
   3.0312780e-01
   2.1591447e-01
   2.2223986e-01
   3.1610763e-01
   2.5056284e-01
   1.6301138e-01
   2.9842896e-01
   2.4167339e-01
   9.6168484e-02
   1.1705223e-01
   1.8528967e-01
   1.9468114e-01
   3.8246482e-01
   3.7199539e-01
   2.9250966e-01
   3.7226900e-01
   3.8728003e-01
   3.8741736e-01
   4.6718226e-01
   3.7674093e-01
   2.1716783e-01
   2.4913167e-01
   1.9006086e-01
   1.5797344e-01
   2.7003110e-01
   2.4139527e-01
   2.9378271e-01
   3.6877426e-01
   2.7415768e-01
   2.9875219e-01
   3.9948339e-01
   3.1123155e-01
   2.9240966e-01
   4.0681889e-01
   2.6148762e-01
   1.5306432e-01
   2.6541256e-01
   2.4610588e-01
   2.1082563e-01
   3.5424995e-01
   3.0853240e-01
   3.0759263e-01
   3.6263168e-01
   2.9629831e-01
   2.6340487e-01
   3.8222638e-01
   3.7142141e-01
   3.6249272e-01
   3.9785233e-01
   2.9147578e-01
   2.2537869e-01
   3.3549489e-01
   3.1005613e-01
   3.0755742e-01
   4.9595640e-01
   4.3714361e-01
   3.6190911e-01
   4.7574203e-01
   4.7012907e-01
   4.2012513e-01
   5.6529233e-01
   5.2706208e-01
   4.1057071e-01
   4.3786647e-01
   3.7443196e-01
   3.3654450e-01
   4.7104743e-01
   4.3148479e-01
   3.9183396e-01
   4.8065830e-01
   4.1252482e-01
   4.0838393e-01
   4.9065868e-01
   4.3722700e-01
   4.5190549e-01
   5.5040800e-01
   4.6486525e-01
   4.7110220e-01
   5.7750993e-01
   4.7451074e-01
   3.8978899e-01
   4.4707762e-01
   3.7672750e-01
   4.1834315e-01
   5.0291908e-01
   3.9938456e-01
   3.5132080e-01
   4.9612066e-01
   4.4659350e-01
   3.6474138e-01
   3.9448356e-01
   3.7682093e-01
   4.2086753e-01
   5.0391961e-01
   4.2674760e-01
   4.1412557e-01
   4.2979676e-01
   2.8541437e-01
   2.6023808e-01
   3.7052194e-01
   3.1889331e-01
   3.0980192e-01
   4.2250849e-01
   3.2894152e-01
   3.1444003e-01
   4.1711169e-01
   3.7533113e-01
   3.8249199e-01
   4.9359136e-01
   4.1010345e-01
   3.2422724e-01
   4.2220015e-01
   4.3577037e-01
   4.4525855e-01
   5.1967292e-01
   4.0226803e-01
   3.1585500e-01
   3.8829582e-01
   3.4580648e-01
   3.2059884e-01
   4.5229248e-01
   4.2833342e-01
   4.2753872e-01
   5.3286180e-01
   4.1097699e-01
   2.8496560e-01
   3.7952554e-01
   4.0783961e-01
   3.9580273e-01
   4.4262201e-01
   3.3512672e-01
   2.9166428e-01
   3.7567859e-01
   3.1215049e-01
   3.3496072e-01
   4.4693871e-01
   3.4315163e-01
   3.4908405e-01
   4.5500701e-01
   3.6683250e-01
   3.5880967e-01
   4.8257337e-01
   3.6136854e-01
   3.2409776e-01
   4.0754438e-01
   2.5365439e-01
   2.5114353e-01
   3.8782918e-01
   3.4414791e-01
   2.9671622e-01
   3.8876723e-01
   3.2166393e-01
   3.1822435e-01
   3.6898643e-01
   2.6418851e-01
   2.8725900e-01
   4.1887413e-01
   3.4985094e-01
   3.7059800e-01
   4.2114875e-01
   3.3396492e-01
   3.6099561e-01
   4.0085072e-01
   2.6640311e-01
   2.8659656e-01
   3.3854606e-01
   2.4522753e-01
   2.9838252e-01
   3.4872981e-01
   2.1894696e-01
   2.6154386e-01
   3.3561915e-01
   2.2241997e-01
   2.4442587e-01
   3.1179956e-01
   2.4110768e-01
   2.3513566e-01
   3.1469025e-01
   2.2711440e-01
   2.4280925e-01
   2.4574087e-01
   1.4992454e-01
   1.8941577e-01
   2.3628217e-01
   1.6115116e-01
   2.4604203e-01
   2.5146826e-01
   1.5594634e-01
   1.9731459e-01
   1.8302785e-01
   1.1713547e-01
   1.9236203e-01
   2.2273851e-01
   2.5635290e-01
   3.3277804e-01
   2.9222822e-01
   2.2378191e-01
   3.1331130e-01
   3.2099312e-01
   2.3734066e-01
   2.6943590e-01
   2.3960559e-01
   1.7184973e-01
   2.8637492e-01
   3.0259510e-01
   1.3341532e-01
   1.8984311e-01
   1.9388473e-01
   8.1807501e-02
   1.0612831e-01
   1.9520775e-01
   1.3571385e-01
   1.6977510e-01
   1.9648925e-01
   1.1107584e-01
   1.3386770e-01
   2.0015731e-01
   1.5956135e-01
   1.8153265e-01
   2.2172965e-01
   1.0013498e-01
   1.0199447e-01
   1.6289240e-01
   1.4398348e-01
   2.5342689e-01
   3.3903128e-01
   2.6061586e-01
   2.5181629e-01
   2.7378527e-01
   2.1532646e-01
   2.3078833e-01
   2.6707022e-01
   2.3180861e-01
   2.9434989e-01
   2.9803862e-01
   2.2307104e-01
   2.7713637e-01
   2.8642547e-01
   1.5767387e-01
   2.1527322e-01
   1.8793411e-01
   4.8143328e-02
   4.5399409e-02
   1.3960051e-01
   1.3985935e-01
   4.9654805e-02
   8.7518057e-02
   2.6554266e-02
   8.7609066e-02
   4.1429426e-02
   6.2984578e-02
   2.6331474e-02
   7.6344477e-02
   3.0477838e-02
   4.5584358e-02
   1.0786614e-01
   2.0159482e-01
   1.2515302e-01
   6.7526876e-02
   1.1148614e-01
   6.5872484e-02
   7.6800826e-02
   1.3802528e-01
   8.3503524e-02
   1.2912563e-01
   1.3907082e-01
   1.9427239e-02
   7.9688783e-02
   1.3846522e-01
   1.0856855e-01
   1.6163600e-01
   2.6796760e-01
   1.9335575e-01
   1.4395009e-01
   1.9999932e-01
   1.6602296e-01
   8.3387974e-02
   1.8555093e-01
   1.7337457e-01
   1.2353377e-01
   1.5542690e-01
   1.5424870e-01
   9.9776421e-02
   1.7136553e-01
   1.4987949e-01
   1.1721688e-01
   1.7424636e-01
   1.5686965e-01
   1.1505903e-01
   2.1401213e-01
   1.6490321e-01
   1.2622861e-01
   2.1391692e-01
   1.4918617e-01
   5.1146380e-02
   1.1597455e-01
   1.1436472e-01
   8.9622573e-02
   1.8218564e-01
   1.0304960e-01
   6.2982334e-02
   1.3414275e-01
   1.3064039e-01
   7.0736318e-02
   1.7758326e-01
   1.8274320e-01
   1.9780042e-01
   2.2119199e-01
   1.4894852e-01
   1.5914115e-01
   2.5453719e-01
   1.8934598e-01
   8.4207560e-02
   1.4255474e-01
   1.0795449e-01
   8.6344524e-02
   1.9406999e-01
   1.7883666e-01
   1.9646848e-01
   2.6095629e-01
   1.6573210e-01
   1.1997518e-01
   1.6052224e-01
   1.1756103e-01
   2.0473357e-01
   2.7001787e-01
   1.3047495e-01
   1.5226277e-01
   2.3030663e-01
   2.0338228e-01
   1.6591416e-01
   3.0489107e-01
   2.9849823e-01
   2.4640474e-01
   2.6753676e-01
   2.0325717e-01
   2.1319068e-01
   2.9052194e-01
   2.6218563e-01
   2.7833143e-01
   3.4364167e-01
   2.8222170e-01
   2.8448309e-01
   3.1932018e-01
   2.8552133e-01
   3.0229000e-01
   3.3227491e-01
   2.2128862e-01
   2.1891836e-01
   2.4646626e-01
   1.4997104e-01
   1.7297071e-01
   2.4855611e-01
   1.9691080e-01
   2.1137503e-01
   2.0920085e-01
   8.8659513e-02
   9.7374087e-02
   1.4054207e-01
   5.8411220e-02
   8.8884798e-02
   1.3411873e-01
   8.7440737e-02
   9.3209967e-02
   1.2225966e-01
   1.3234504e-01
   1.8647895e-01
   2.3686638e-01
   1.9783326e-01
   2.1238780e-01
   2.4907105e-01
   2.3574489e-01
   2.4634203e-01
   2.8791331e-01
   2.7298023e-01
   3.0801314e-01
   3.5108628e-01
   2.9773056e-01
   2.7052284e-01
   3.5660876e-01
   3.4226966e-01
   3.4668088e-01
   3.5764285e-01
   2.4646185e-01
   2.2158136e-01
   2.9409539e-01
   2.2734412e-01
   1.5320888e-01
   2.6213804e-01
   2.3225057e-01
   2.0574762e-01
   3.0438527e-01
   2.4252164e-01
   1.6422585e-01
   2.0128647e-01
   1.2018956e-01
   4.2900506e-02
   1.1189121e-01
   1.2229986e-01
   8.4538339e-02
   1.5411869e-01
   1.1001405e-01
   1.4014026e-01
   1.4956151e-01
   9.2209232e-02
   1.6916500e-01
   2.3518524e-01
   1.8323522e-01
   1.8007141e-01
   2.1210251e-01
   1.3872892e-01
   1.4798041e-01
   1.8489426e-01
   1.0358707e-01
   1.3916019e-01
   1.6979862e-01
   1.0388698e-01
   1.3555386e-01
   1.7274918e-01
   1.2217817e-01
   1.6017530e-01
   2.1871427e-01
   1.8108577e-01
   2.1013339e-01
   1.8927650e-01
   1.3790739e-01
   2.1482577e-01
   2.2498048e-01
   1.2831771e-01
   2.4079600e-01
   2.1800592e-01
   9.1516766e-02
   1.3892355e-01
   2.2019222e-01
   2.0011564e-01
   2.8940979e-01
   3.1261515e-01
   2.0902777e-01
   2.6656305e-01
   2.3281929e-01
   1.5546998e-01
   2.4975510e-01
   2.7058585e-01
   2.1909737e-01
   3.2629628e-01
   3.1772448e-01
   1.7196168e-01
   2.2718824e-01
   2.8989099e-01
   2.2604780e-01
   2.4595329e-01
   2.4408295e-01
   1.8626836e-01
   2.2851316e-01
   2.3151834e-01
   2.3856986e-01
   3.6620758e-01
   3.3695605e-01
   2.1828851e-01
   2.7134932e-01
   2.8564807e-01
   2.9509516e-01
   3.7499424e-01
   3.4158452e-01
   2.9902539e-01
   3.6864082e-01
   2.8730113e-01
   2.2078598e-01
   2.9431229e-01
   2.6793174e-01
   2.3609021e-01
   2.9626995e-01
   2.3123799e-01
   1.8386248e-01
   2.8182306e-01
   2.6562305e-01
   1.9170053e-01
   2.7405137e-01
   2.7436068e-01
   2.2896966e-01
   2.5650502e-01
   2.1492259e-01
   1.4606913e-01
   1.9118336e-01
   1.5198887e-01
   7.1606911e-02
   1.2989695e-01
   1.4663468e-01
   8.2981022e-02
   1.6811606e-01
   2.0846620e-01
   9.6956588e-02
   1.2788708e-01
   1.1755737e-01
   7.0528452e-02
   1.0370172e-01
   1.8258723e-01
   1.1470182e-01
   9.6825174e-02
   1.6299938e-01
   1.1055952e-01
   1.1975133e-01
   1.8692766e-01
   1.1576017e-01
   9.4685584e-02
   1.3103575e-01
   7.0161402e-02
   4.0787057e-02
   5.8189030e-02
   4.7929642e-02
   6.0258507e-02
   7.9940528e-02
   2.8591834e-02
   2.7029580e-02
   3.3014505e-02
   2.3489952e-02
   8.2523944e-02
   6.9731770e-02
   9.9785534e-02
   1.3692106e-01
   3.6383291e-02
   4.6017518e-02
   4.1887028e-02
   1.0092227e-01
   1.7239058e-02
   1.0594967e-01
   7.6491943e-02
   7.2412727e-02
   8.1832982e-02
   4.9444608e-02
   2.5302933e-02
   7.7434413e-02
   9.0287272e-02
   3.5759774e-02
   9.4542792e-02
   3.8737893e-02
   1.2626779e-02
   4.2289005e-02
   7.9416484e-02
   2.8069246e-02
   2.5431902e-02
   4.2674642e-02
   1.0520189e-01
   7.5958886e-02
   1.7502575e-02
   5.4602212e-02
   5.8299907e-02
   5.8581406e-02
   1.6513561e-01
   1.0897099e-01
   8.4235430e-02
   1.3780610e-01
   8.0909182e-02
   4.9539553e-02
   1.3411882e-01
   1.1440050e-01
   1.0214883e-01
   1.4815993e-01
   7.3217511e-02
   1.8693782e-02
   4.6873332e-02
   1.5582866e-02
   8.3800376e-02
   1.3218229e-01
   7.0376481e-02
   5.3867510e-02
   4.6980715e-02
   1.7410023e-02
   8.2075064e-02
   8.1216898e-02
   3.4603996e-02
   1.3838095e-01
   1.0426032e-01
   9.2699768e-03
   4.0352645e-02
   7.6639820e-02
   4.1968102e-02
   6.0688476e-02
   7.2349158e-02
   1.2632036e-01
   9.4361974e-02
   9.6061958e-02
   1.8199826e-01
   1.1960468e-01
   4.2726960e-02
   9.8140969e-02
   1.0778493e-01
   3.3416431e-02
   5.9228176e-02
   2.2409737e-02
   4.3633249e-02
   5.4304275e-02
   3.3227266e-02
   3.6699399e-02
   5.1923659e-02
   5.7079498e-02
   1.1897332e-01
   5.4141235e-02
   8.4128107e-02
   9.7780908e-02
   3.6820836e-02
   5.9607886e-02
   1.5955996e-01
   1.2998604e-01
   1.4220019e-01
   2.3113924e-01
   1.8135836e-01
   1.4137245e-01
   1.7010489e-01
   1.7429403e-01
   2.0536385e-01
   2.3386203e-01
   1.4442626e-01
   1.5020558e-01
   2.1254457e-01
   1.7628894e-01
   1.7410109e-01
   2.3752601e-01
   2.2725897e-01
   2.7637178e-01
   2.9415093e-01
   1.9996053e-01
   2.4923523e-01
   3.0773969e-01
   2.1167887e-01
   2.2218487e-01
   2.4820500e-01
   1.4439801e-01
   1.8823134e-01
   2.5673051e-01
   2.0009249e-01
   2.2417770e-01
   2.7322027e-01
   1.9008027e-01
   1.7497749e-01
   1.6876548e-01
   1.3261585e-01
   1.7723659e-01
   1.5162964e-01
   1.0721174e-01
   2.0321112e-01
   1.7192031e-01
   6.0878827e-02
   1.3130611e-01
   1.8679583e-01
   1.7255927e-01
   2.0239126e-01
   1.9106641e-01
   1.8798923e-01
   2.1396630e-01
   1.5627750e-01
   1.1974961e-01
   1.4421538e-01
   1.3126990e-01
   1.7167854e-01
   1.9781862e-01
   1.1943188e-01
   1.5257108e-01
   2.2678909e-01
   1.9511336e-01
   2.0321517e-01
   2.6512498e-01
   1.9673945e-01
   1.7444432e-01
   2.2792967e-01
   1.8593551e-01
   1.9829705e-01
   2.8305754e-01
   2.3805109e-01
   1.6953747e-01
   2.3723774e-01
   2.1776843e-01
   1.3100713e-01
   1.8670470e-01
   1.8875485e-01
   1.3310749e-01
   1.7138980e-01
   1.8499787e-01
   1.7486593e-01
   2.3488848e-01
   2.0961061e-01
   1.1171243e-01
   1.9301439e-01
   2.1754659e-01
   1.4024843e-01
   1.8197430e-01
   2.5132289e-01
   2.0496903e-01
   1.9370315e-01
   2.1665648e-01
   2.0075968e-01
   2.2789432e-01
   2.6373888e-01
   3.0578317e-01
   3.6486524e-01
   3.1935298e-01
   2.7427052e-01
   3.4202752e-01
   3.7538812e-01
   3.9862837e-01
   4.9630825e-01
   5.1764163e-01
   5.1942953e-01
   5.7249873e-01
   5.5776371e-01
   5.8478686e-01
   7.0076142e-01
   7.6722927e-01
   8.6386784e-01
   9.7403628e-01
   9.1294792e-01
   8.1990692e-01
   8.4580206e-01
   8.2672433e-01
   7.9183960e-01
   8.3171568e-01
   7.8854244e-01
   7.2045044e-01
   7.2383031e-01
   6.6887398e-01
   6.2902865e-01
   6.8711722e-01
   6.9118264e-01
   6.4745620e-01
   6.1407998e-01
   5.2845852e-01
   4.5640384e-01
   4.2853644e-01
   3.3676871e-01
   2.8789342e-01
   3.0665440e-01
   2.1672537e-01
   1.5209976e-01
   2.1143413e-01
   1.9765768e-01
   1.8144117e-01
   2.0367707e-01
   1.6006189e-01
   1.6361859e-01
   1.7302801e-01
   9.6123209e-02
   1.0890407e-01
   1.8666893e-01
   1.5729716e-01
   1.4020124e-01
   1.4419954e-01
   1.0356978e-01
   1.1133881e-01
   1.7691856e-01
   1.7621763e-01
   1.7771222e-01
   1.7958861e-01
   1.0478411e-01
   7.1425576e-02
   1.2480356e-01
   1.1598581e-01
   1.2553644e-01
   1.6127118e-01
   1.0101947e-01
   1.0929279e-01
   1.8225054e-01
   1.7160689e-01
   1.4214024e-01
   2.1680669e-01
   1.8652883e-01
   1.2506544e-01
   1.6514248e-01
   1.1525291e-01
   7.5514943e-02
   1.5105002e-01
   9.5378076e-02
   5.6633053e-02
   8.3690327e-02
   4.2962810e-02
   7.0659717e-02
   1.5311152e-01
   1.2771120e-01
   1.5356033e-01
   2.0167039e-01
   1.1095972e-01
   1.1864494e-01
   1.0647881e-01
   7.0744251e-02
   1.1209348e-01
   1.0968849e-01
   5.3679429e-02
   9.1957354e-02
   6.1687642e-02
   9.7405836e-02
   1.5880338e-01
   1.6166505e-01
   2.6172845e-01
   3.5137456e-01
   3.7583189e-01
   4.3797727e-01
   4.7268529e-01
   4.7721386e-01
   5.4379696e-01
   5.6003517e-01
   5.1689921e-01
   5.6808798e-01
   6.0005356e-01
   5.8028194e-01
   6.4367060e-01
   6.5733107e-01
   6.2787923e-01
   7.2302059e-01
   7.6749108e-01
   6.9185041e-01
   7.0361681e-01
   7.0623860e-01
   5.8385207e-01
   5.0778346e-01
   4.9873579e-01
   4.4393457e-01
   4.1845427e-01
   3.7968325e-01
   3.1071084e-01
   3.0278052e-01
   2.6522570e-01
   1.9854619e-01
   2.1945713e-01
   2.2332560e-01
   1.7741758e-01
   1.6975040e-01
   1.4702804e-01
   1.4460585e-01
   1.6519445e-01
   1.1148874e-01
   9.2868055e-02
   1.0145223e-01
   2.5338684e-02
   1.0211683e-01
   1.2228799e-01
   4.9315144e-02
   7.0803508e-02
   9.5325993e-02
   3.0130123e-02
   2.3556358e-02
   6.5463311e-03
   1.6753322e-02
   2.5274877e-02
   4.9019876e-02
   1.2688101e-02
   6.2685291e-02
   3.5171163e-02
   6.5910244e-02
   5.5133404e-02
   2.0364807e-02
   4.5868215e-02
   8.5902844e-02
   7.5859735e-02
   2.2416215e-02
   4.6950122e-02
   6.8538865e-02
   7.4060949e-02
   3.2753333e-02
   9.5206939e-02
   8.6620640e-02
   3.5283195e-02
   7.5367118e-02
   1.0431182e-01
   7.3794502e-02
   1.1098449e-01
   8.2962451e-02
   5.7497201e-02
   1.1716132e-01
   1.2518247e-01
   1.0718813e-01
   2.1101424e-01
   2.1115776e-01
   1.3348317e-01
   1.2733398e-01
   9.5926862e-02
   9.7020180e-02
   1.6037457e-01
   1.3426872e-01
   8.7559786e-02
   1.5422235e-01
   1.0309142e-01
   6.1713843e-02
   1.6162639e-01
   1.7290737e-01
   1.1329849e-01
   1.8807879e-01
   1.7624843e-01
   1.3735484e-01
   1.6444636e-01
   1.4047844e-01
   1.1753746e-01
   1.6993994e-01
   1.5170354e-01
   1.6603448e-01
   1.9726138e-01
   1.1980742e-01
   6.9722388e-02
   7.1147150e-02
   7.1961828e-02
   1.3364441e-01
   1.5582134e-01
   1.0894319e-01
   1.3780873e-01
   1.3738272e-01
   6.9618847e-02
   8.2795894e-02
   1.2033083e-01
   9.1281342e-02
   1.2001985e-01
   1.0337715e-01
   9.4435019e-02
   1.6999801e-01
   1.6400289e-01
   1.0031808e-01
   1.1283716e-01
   1.1302110e-01
   6.8134861e-02
   9.3724474e-02
   1.4189998e-01
   1.2910118e-01
   1.1291744e-01
   1.2654675e-01
   9.9072084e-02
   1.2576320e-01
   1.6899353e-01
   1.4405519e-01
   1.5655392e-01
   2.1223047e-01
   1.8104448e-01
   1.5705706e-01
   1.8986736e-01
   1.7715669e-01
   1.7396509e-01
   2.1589464e-01
   1.7992299e-01
   1.5708773e-01
   2.0010036e-01
   1.6106395e-01
   8.6463024e-02
   1.1574895e-01
   1.2854199e-01
   1.3057740e-01
   1.5593126e-01
   1.3641961e-01
   9.4566027e-02
   1.0941133e-01
   7.6403154e-02
   6.6140063e-02
   9.6292696e-02
   6.1518221e-02
   4.3040455e-02
   9.4037530e-02
   9.1109451e-02
   4.7961276e-02
   5.2318849e-02
   3.7458335e-02
   4.4323667e-02
   9.6101977e-02
   1.1952471e-01
   1.4140916e-01
   1.3846419e-01
   6.0544354e-02
   7.5351333e-02
   1.1510577e-01
   1.0534191e-01
   6.7904717e-02
   1.0849059e-01
   8.8562728e-02
   7.0728894e-02
   9.5687212e-02
   6.7397414e-02
   2.5705657e-02
   1.3287154e-01
   1.3864645e-01
   8.1906918e-02
   1.2251635e-01
   8.8817089e-02
   3.2287572e-02
   6.3814730e-02
   6.9551991e-02
   2.4396901e-02
   8.7419096e-02
   8.2028698e-02
   2.7270317e-02
   8.3628825e-02
   7.3481413e-02
   5.0133678e-02
   1.1133007e-01
   7.9341392e-02
   6.3450507e-02
   1.0184387e-01
   7.2817267e-02
   2.3507098e-02
   5.0778270e-02
   5.3173966e-02
   1.6286197e-02
   4.4558777e-02
   4.0489441e-02
   6.4100116e-03
   5.0529687e-02
   6.3053149e-02
   8.3203974e-02
   8.1382907e-02
   5.3092815e-02
   8.1676121e-02
   1.0452006e-01
   9.4212426e-02
   9.6876165e-02
   7.9612581e-02
   1.1892645e-01
   1.4964149e-01
   8.1898167e-02
   6.1383607e-02
   1.1530642e-01
   9.9940595e-02
   5.3793199e-02
   1.1156723e-01
   8.0377592e-02
   7.6080862e-02
   9.7339716e-02
   6.3108780e-02
   1.3753445e-02
   6.8334629e-02
   1.8804178e-02
   1.0963136e-01
   1.1110352e-01
   8.1803871e-03
   4.9221822e-02
   3.1568241e-02
   6.1403683e-02
   2.8422975e-02
   4.4589442e-02
   3.8405640e-02
   7.2492410e-02
   6.0497459e-02
   1.2838743e-01
   1.1105357e-01
   4.9185827e-02
   1.2972645e-01
   1.3852892e-01
   1.5858552e-01
   2.4906985e-01
   2.2575333e-01
   2.1422808e-01
   2.7611652e-01
   2.4729594e-01
   2.2332534e-01
   2.8210852e-01
   2.4669150e-01
   1.9686288e-01
   2.6280696e-01
   2.3237869e-01
   1.9377607e-01
   2.4332222e-01
   2.1988406e-01
   2.0727754e-01
   2.5009947e-01
   1.7101830e-01
   1.0153496e-01
   1.4192647e-01
   1.3172826e-01
   9.5841531e-02
   1.6547140e-01
   1.2966729e-01
   2.9823124e-02
   6.2336244e-02
   2.6660780e-02
   5.3363227e-02
   1.5581174e-02
   5.4842809e-02
   9.8884827e-02
   8.5308759e-02
   2.8690276e-02
   7.3170714e-02
   8.0427708e-02
   5.7118945e-02
   8.7399752e-02
   8.6271027e-02
   6.3713179e-02
   1.2826083e-01
   9.8753517e-02
   7.0978289e-02
   1.0537826e-01
   8.9598345e-02
   3.5275073e-02
   1.1492996e-01
   7.2925046e-02
   6.7478026e-02
   9.3939887e-02
   3.2921767e-02
   4.3844276e-02
   6.9604969e-02
   5.9047802e-02
   6.0833099e-02
   1.2168075e-01
   9.1937308e-02
   6.7302701e-02
   1.0741197e-01
   8.3462739e-02
   9.0658071e-02
   1.3082889e-01
   1.2689925e-01
   1.1933996e-01
   7.8517803e-02
   5.2393318e-02
   9.0047826e-02
   1.1051973e-01
   1.1573324e-01
   1.4297898e-01
   7.7243769e-02
   3.2977996e-02
   8.8590677e-02
   1.0906274e-01
   7.6182503e-02
   6.8030863e-02
   7.0123928e-02
   3.5754826e-02
   6.1764453e-02
   6.9403586e-02
   5.7693754e-02
   7.7170547e-02
   8.5248878e-02
   3.6915469e-02
   8.8581976e-02
   9.5918128e-02
   6.6997223e-02
   1.2669198e-01
   2.0485896e-01
   1.9779009e-01
   2.1441464e-01
   2.2796459e-01
   2.1479380e-01
   2.5446956e-01
   2.6460888e-01
   2.4250698e-01
   3.1870268e-01
   3.3360896e-01
   2.7332951e-01
   2.8565771e-01
   3.0988846e-01
   3.0650073e-01
   3.7858711e-01
   4.1113567e-01
   3.1372021e-01
   2.7734513e-01
   3.2019720e-01
   3.1167002e-01
   2.8999804e-01
   2.7502957e-01
   2.5438690e-01
   2.5070234e-01
   2.0695102e-01
   1.4542176e-01
   1.5673632e-01
   1.6122252e-01
   1.4733368e-01
   1.8051939e-01
   1.5710534e-01
   1.2883040e-01
   1.1711152e-01
   5.7055735e-02
   7.6326447e-02
   1.4112076e-01
   1.3359831e-01
   1.0310525e-01
   9.6403607e-02
   6.0333178e-02
   5.7560206e-02
   6.7982464e-02
   7.6152306e-02
   1.4862471e-01
   1.5720786e-01
   8.9692367e-02
   1.2867544e-01
   1.2881708e-01
   8.8635148e-02
   1.0915954e-01
   1.4615010e-01
   1.4070470e-01
   1.4403702e-01
   1.0600829e-01
   5.1304275e-02
   9.2805322e-02
   1.2057042e-01
   9.2757894e-02
   1.3329162e-01
   1.4321691e-01
   1.1095868e-01
   1.1562478e-01
   8.3090004e-02
   5.6165522e-02
   1.0902854e-01
   1.2897482e-01
   1.3479205e-01
   1.5622295e-01
   8.7035000e-02
   5.9244186e-02
   8.4107076e-02
   5.8340891e-02
   9.4262468e-02
   1.4455800e-01
   1.2553785e-01
   1.0925358e-01
   1.0948707e-01
   6.2102945e-02
   4.1695248e-02
   4.2866412e-02
   3.7427253e-02
   6.2225696e-02
   6.3829979e-02
   2.2479382e-02
   8.1135277e-02
   9.4343426e-02
   8.4945927e-02
   1.7989062e-01
   1.3900895e-01
   1.2609850e-02
   7.6385748e-02
   7.1622489e-02
   6.2709102e-02
   8.0797023e-02
   1.3760230e-01
   6.4849507e-02
   4.7080480e-02
   5.3886970e-02
   1.7137423e-02
   3.8910135e-02
   6.6249226e-02
   5.8620025e-02
   2.7847075e-02
   9.9557862e-02
   9.2882616e-02
   3.5477700e-02
   4.4867385e-02
   4.9951863e-02
   5.4151696e-02
   7.8438896e-02
   8.5895973e-02
   8.8761043e-02
   1.1876085e-01
   7.8900098e-02
   6.7250774e-02
   8.2451483e-02
   3.8823374e-02
   3.3358299e-02
   9.0154069e-02
   8.1865442e-02
   4.2915909e-02
   1.1016837e-01
   6.6253977e-02
   1.4096092e-02
   4.9414116e-02
   8.5154182e-02
   3.5093870e-02
   5.8395297e-02
   7.5108252e-02
   2.7104010e-02
   6.8368697e-02
   1.0255009e-01
