   3.9438194e+01
   3.5907615e+01
   1.4758679e+01
   2.5106194e+01
  -8.0406772e-01
   2.4258213e+01
   1.7965333e+01
   2.1284955e+01
   2.0405158e+01
   1.0837862e+01
   1.5948770e+01
   1.0093823e+01
   1.7861849e+01
   2.1948165e+01
   1.4845856e+01
   2.4070867e+01
   2.6383088e+01
   2.3641136e+01
   2.4967001e+01
   2.5693299e+01
   2.7130563e+01
   2.8265861e+01
   2.9943978e+01
   3.2429615e+01
   3.2107630e+01
   3.3157026e+01
   3.7017975e+01
   3.7679562e+01
   3.6374416e+01
   3.8138032e+01
   3.9880933e+01
   4.0104804e+01
   4.1711631e+01
   4.3559728e+01
   4.3434301e+01
   4.3308607e+01
   4.5616361e+01
   4.7093568e+01
   4.7154359e+01
   4.7310149e+01
   4.7988874e+01
   4.8544351e+01
   4.8907693e+01
   4.9077901e+01
   4.9337181e+01
   4.9966684e+01
   5.0649658e+01
   5.1188769e+01
   5.1580754e+01
   5.1914254e+01
   5.2393814e+01
   5.2890041e+01
   5.3126452e+01
   5.3047802e+01
   5.2635874e+01
   5.1979316e+01
   5.1357207e+01
   5.0674530e+01
   4.9460562e+01
   4.7547217e+01
   4.5165741e+01
   4.2632857e+01
   4.0229823e+01
   3.7974415e+01
   3.5510776e+01
   3.3056331e+01
   3.1347467e+01
   2.9447494e+01
   2.4849680e+01
   1.9402663e+01
   2.5805064e+01
   2.7870009e+01
   2.7295532e+01
   2.6320479e+01
   2.5228827e+01
   2.2966238e+01
   2.1459076e+01
   2.1638536e+01
   2.0212584e+01
   1.7919660e+01
   1.6869735e+01
   1.4260781e+01
   1.2031264e+01
   1.1077326e+01
   7.6976749e+00
   4.9041991e+00
   2.1061337e+00
   2.3467851e+00
   3.1974897e+00
  -4.5832952e+00
  -1.8552500e+00
  -1.4808085e+00
   2.7501385e-01
   9.5516886e-01
   4.5687312e-01
   2.0755179e+00
  -4.7780179e+00
  -1.6017229e+01
  -2.6555049e+00
   2.2339451e-01
   4.9208941e+00
   9.5627308e+00
   9.4676772e+00
   7.9639171e+00
   1.0112461e+01
   1.0661499e+01
   9.6106134e+00
   1.1846889e+01
   1.3371335e+01
   1.5020321e+01
   1.5833358e+01
   1.5399056e+01
   1.7040958e+01
   1.9267768e+01
   2.1181146e+01
   2.3002668e+01
   2.4106806e+01
   2.4565943e+01
   2.4377569e+01
   2.3231408e+01
   2.1575121e+01
   1.9627110e+01
   1.6077934e+01
   9.0798364e+00
   5.6255023e+00
   1.2614286e+01
   1.5965574e+01
   1.8273741e+01
   1.9955703e+01
   2.0025025e+01
   1.9579901e+01
   2.0052942e+01
   2.0208267e+01
   1.9791255e+01
   1.9292186e+01
   1.8734071e+01
   1.7811294e+01
   1.5634001e+01
   1.5197345e+01
   1.6237311e+01
   1.4097759e+01
   1.1721329e+01
   1.3746973e+01
   1.4259363e+01
   1.4052091e+01
   1.2998427e+01
   1.1733474e+01
   1.2438953e+01
   1.1229945e+01
   9.7459564e+00
   9.6091907e+00
   8.0962232e+00
   8.6570501e+00
   8.6906105e+00
   6.9279131e+00
   7.0168397e+00
   5.1211490e+00
   4.7050123e+00
   4.5360925e+00
   1.2583330e+00
   3.8168773e+00
   3.0743208e+00
   2.1284243e+00
   4.5918329e+00
   2.8027843e+00
   1.3218222e+00
   2.7630622e+00
   1.4849135e+00
   2.2265420e+00
  -2.4425035e-01
  -1.8723732e+00
  -2.4553974e-01
  -1.0381293e+00
   1.6881427e+00
   2.9455494e+00
  -6.7045369e-01
  -2.4767283e+00
  -6.4436953e+00
  -1.5473829e+01
  -1.5868437e+01
  -1.1668144e+01
  -2.2183392e+01
  -5.3074488e+00
  -5.1801313e+00
  -1.5379999e+01
  -1.3451593e+01
  -9.0407366e+00
  -7.7095230e+00
  -2.2872783e+01
  -1.4454561e+01
  -1.3120868e+01
  -9.8890622e+00
  -8.0274950e+00
  -4.5215483e+00
  -1.3550674e+01
  -6.7035080e+00
  -7.4658714e+00
  -6.8536576e+00
  -5.0842294e+00
  -7.9702889e+00
  -5.3486164e+00
  -2.2139722e+00
  -6.8856023e+00
  -4.5254954e+00
  -3.2876173e+00
  -2.1512374e+00
  -1.8400547e+00
  -6.5655977e+00
  -7.9584952e+00
  -8.5443470e+00
  -2.4325824e+01
  -5.6281742e+00
  -4.2327334e+00
  -2.1360678e-01
   1.6653123e+00
   1.1271211e+00
   3.3123146e+00
   3.4688616e+00
   4.0466997e+00
   4.9944401e+00
   4.3706607e+00
   5.7832581e+00
   7.6863260e+00
   8.6794332e+00
   9.7793967e+00
   9.6484586e+00
   9.6746339e+00
   1.0608198e+01
   1.0629592e+01
   1.0572935e+01
   1.0479658e+01
   9.4147855e+00
   9.2584022e+00
   8.8694555e+00
   6.4903553e+00
   4.5036881e+00
   2.1466988e+00
  -1.7340504e+00
  -3.6156659e-01
  -1.2189811e+00
  -6.4396715e+00
  -3.2255403e+00
  -1.2377108e+00
  -2.0671661e+00
  -9.5562293e+00
  -8.2300568e+00
  -5.7597900e+00
  -7.1888615e+00
  -3.2616198e+00
  -2.3398359e+00
  -6.5647429e+00
  -2.9233868e+00
  -4.6434288e+00
  -1.5040538e+01
  -1.2876401e+01
  -1.2207488e+01
  -1.6387883e+01
  -1.7388202e+01
  -1.8197483e+01
  -1.4973505e+01
  -1.3625065e+01
  -1.5971038e+01
  -1.5020049e+01
  -1.3410394e+01
  -9.1541105e+00
  -1.9190774e+01
  -1.4872892e+01
  -2.0039242e+01
  -1.0310995e+01
  -2.4863054e+01
  -1.1847196e+01
  -1.2567673e+01
  -1.3771863e+01
  -1.8398215e+01
  -9.6469050e+00
  -1.4499663e+01
  -2.0815374e+01
  -2.9394077e+01
  -9.4156735e+00
  -1.1635794e+01
  -2.0111875e+01
  -1.6826029e+01
  -1.0714350e+01
  -1.0976122e+01
  -8.9305702e+00
  -6.5081999e+00
  -1.3171687e+01
  -1.9011857e+01
  -1.3236468e+01
  -7.4977718e+00
  -1.2290080e+01
  -9.9784428e+00
  -2.0740110e+01
  -8.5496791e+00
  -6.8143422e+00
  -9.6099576e+00
  -6.1194800e+00
  -2.7440800e+00
  -3.5959075e+00
  -3.2035010e+00
  -3.0625746e+00
  -6.2387709e+00
  -6.8951385e+00
  -5.7934066e+00
  -9.2251722e+00
  -1.1041529e+01
  -1.0488651e+01
  -1.7513630e+01
  -1.8117174e+01
  -2.6964787e+01
  -2.1190685e+01
  -7.6419412e+00
  -6.5141128e+00
  -1.2227394e+01
  -8.2150393e+00
  -1.0432693e+01
  -1.1670385e+01
  -5.6708171e+00
  -4.8590570e+00
  -6.0971266e+00
  -2.4131842e+00
  -4.7710353e+00
  -7.4686727e+00
  -6.6745744e+00
  -1.3910410e+01
  -1.6429142e+01
  -1.3371532e+01
  -4.2551836e+01
  -9.2768569e+00
  -1.0231303e+01
  -1.2371127e+01
  -7.9116055e+00
  -1.5868783e+01
  -1.8214654e+01
  -1.8000439e+01
  -2.1532844e+01
  -1.6416631e+01
  -1.3140756e+01
  -1.3099498e+01
  -1.1073480e+01
  -1.1681834e+01
  -8.5852129e+00
  -1.2050318e+01
  -1.4527241e+01
  -1.0863727e+01
  -1.2054929e+01
  -1.3705009e+01
  -6.9549116e+00
  -8.7703918e+00
  -1.1853537e+01
  -1.4893878e+01
  -1.6653862e+01
  -2.3041326e+01
  -1.2069533e+01
  -1.2061461e+01
  -2.3245745e+01
  -1.8239843e+01
  -1.9377466e+01
  -1.4572174e+01
  -3.3341656e+01
  -1.7838245e+01
  -1.3393830e+01
  -1.0535001e+01
  -2.2028048e+01
  -1.4617998e+01
  -1.6740676e+01
  -1.1443957e+01
  -1.8111069e+01
  -1.2915045e+01
  -1.3296385e+01
  -2.7579063e+01
  -1.7291260e+01
  -1.0022045e+01
  -1.3900437e+01
  -1.4158752e+01
  -1.2979489e+01
  -1.9094520e+01
  -1.5409705e+01
  -2.9637550e+01
  -2.5690196e+01
  -1.2410296e+01
  -1.0662349e+01
  -1.1898383e+01
  -7.8227789e+00
  -9.2275595e+00
  -1.0704537e+01
  -9.4123956e+00
  -8.6945977e+00
  -6.8549669e+00
  -5.7224669e+00
  -8.2578733e+00
  -8.9654772e+00
  -8.5554488e+00
  -9.9063686e+00
  -9.9757742e+00
  -7.9664835e+00
  -1.3445810e+01
  -1.6382978e+01
  -1.9544829e+01
  -1.8336256e+01
  -1.7503487e+01
  -2.3225500e+01
  -1.8852110e+01
  -1.6018473e+01
  -1.5496462e+01
  -9.1742288e+00
  -7.8694490e+00
  -1.2843652e+01
  -1.0844368e+01
  -1.2363182e+01
  -1.7573127e+01
  -2.0383011e+01
  -1.5835325e+01
  -1.5600517e+01
  -1.5158837e+01
  -1.8897501e+01
  -9.4090103e+00
  -1.0826458e+01
  -8.6457543e+00
  -9.3300374e+00
  -1.3780755e+01
  -7.9503355e+00
  -6.2068683e+00
  -1.1567452e+01
  -8.0908008e+00
  -7.7199073e+00
  -1.3852871e+01
  -1.0682649e+01
  -1.5110766e+01
  -2.0405868e+01
  -1.2020898e+01
  -1.3232311e+01
  -1.4655044e+01
  -1.0408155e+01
  -1.6351548e+01
  -1.2208239e+01
  -1.7468134e+01
  -1.7282679e+01
  -1.5739773e+01
  -1.7704209e+01
  -1.7027069e+01
  -1.0785306e+01
  -1.3631939e+01
  -1.4164772e+01
  -1.3409089e+01
  -1.9617409e+01
  -2.5574872e+01
  -1.7145460e+01
  -1.7521679e+01
  -1.8227192e+01
  -1.9875930e+01
  -2.0357725e+01
  -1.9757928e+01
  -2.1853836e+01
  -1.5510217e+01
  -1.8781721e+01
  -2.1704896e+01
  -1.4940486e+01
  -1.0720001e+01
  -1.3502593e+01
  -1.2567174e+01
  -1.5018151e+01
  -2.1122420e+01
  -1.4103739e+01
  -1.2108778e+01
  -1.5280051e+01
  -1.1077067e+01
  -1.6176247e+01
  -2.0245641e+01
  -1.6911409e+01
  -2.5996660e+01
  -1.8243519e+01
  -1.0615443e+01
  -1.1630260e+01
  -1.0469514e+01
  -9.8399592e+00
  -1.6894151e+01
  -1.5339938e+01
  -1.7010966e+01
  -1.8843801e+01
  -1.2918815e+01
  -1.1565953e+01
  -1.3914379e+01
  -1.3101223e+01
  -2.1217539e+01
  -3.9472402e+01
  -1.7638334e+01
  -1.3391673e+01
  -2.2514391e+01
  -1.2827139e+01
  -1.6461132e+01
  -2.0490096e+01
  -2.1261626e+01
  -1.7211448e+01
  -1.7884562e+01
  -2.3652422e+01
  -2.4986659e+01
  -1.8157593e+01
  -1.8251934e+01
  -2.6931456e+01
  -2.0650714e+01
  -3.1391887e+01
  -3.0224669e+01
  -1.6766534e+01
  -1.3544814e+01
  -1.8086595e+01
  -1.5155915e+01
  -2.1230401e+01
  -2.4644051e+01
  -1.2879004e+01
  -1.0031508e+01
  -1.4341437e+01
  -1.1412096e+01
  -1.3612902e+01
  -1.6722673e+01
  -1.5921832e+01
  -1.9846383e+01
  -2.8592564e+01
  -2.0248327e+01
  -2.0974733e+01
  -1.7346690e+01
  -2.2593394e+01
  -1.5153468e+01
  -1.2946970e+01
  -2.1726942e+01
  -1.5825853e+01
  -1.3155485e+01
  -1.4423943e+01
  -1.1862564e+01
  -9.3365875e+00
  -1.2872543e+01
  -1.3367632e+01
  -1.6961260e+01
  -1.9651856e+01
  -2.0306773e+01
  -2.5606294e+01
  -1.9403399e+01
  -1.5060342e+01
  -2.3701907e+01
  -1.6593470e+01
  -2.1181013e+01
  -1.9400275e+01
  -1.5926178e+01
  -2.2335340e+01
  -2.4303540e+01
  -1.3740786e+01
  -1.3844304e+01
  -1.5063724e+01
  -1.3399122e+01
  -1.8331864e+01
  -2.3630135e+01
  -1.9230646e+01
  -1.7828004e+01
  -1.6544448e+01
  -1.3470656e+01
  -1.7679951e+01
  -2.8570744e+01
  -2.2566251e+01
  -1.8650650e+01
  -2.0549623e+01
  -1.4651117e+01
  -1.9583832e+01
  -3.7446425e+01
  -2.4461356e+01
  -1.6540550e+01
  -1.9983972e+01
  -1.8174757e+01
  -2.1589193e+01
  -2.4298052e+01
  -2.0757102e+01
  -1.5230089e+01
  -1.8102776e+01
  -2.4924842e+01
  -2.0091560e+01
  -1.7314157e+01
  -1.3448781e+01
  -1.7516579e+01
  -2.1643984e+01
  -1.5480889e+01
  -1.2812149e+01
  -1.2210364e+01
  -1.0362634e+01
  -1.3588626e+01
  -2.0534026e+01
  -1.8675521e+01
  -1.7599911e+01
  -1.5238690e+01
  -1.1321087e+01
  -1.3690432e+01
  -1.8017391e+01
  -1.9916437e+01
  -1.2034637e+01
  -1.2784118e+01
  -1.7117119e+01
  -1.6879467e+01
  -2.0435354e+01
  -3.1652515e+01
  -1.9009988e+01
  -2.2229709e+01
  -1.9789038e+01
  -1.6901115e+01
  -2.5674879e+01
  -1.7305486e+01
  -2.1840289e+01
  -2.5389361e+01
  -1.8444874e+01
  -1.5171365e+01
  -2.2116405e+01
  -1.4205804e+01
  -1.6873104e+01
  -3.1646692e+01
  -2.0027861e+01
  -1.4349136e+01
  -1.9398942e+01
  -1.6806618e+01
  -1.9579453e+01
  -2.2810055e+01
  -2.1358046e+01
  -2.9022912e+01
  -2.7762356e+01
  -1.7694222e+01
  -1.9662498e+01
  -2.0333331e+01
  -1.5552866e+01
  -2.7539396e+01
  -2.4857930e+01
  -1.7450640e+01
  -1.2484097e+01
  -1.8898498e+01
  -1.5451244e+01
  -1.5904958e+01
  -2.6379413e+01
  -1.7465924e+01
  -1.5063983e+01
  -1.9623719e+01
  -1.3952799e+01
  -1.3771800e+01
  -2.3088359e+01
  -2.3028789e+01
  -1.6067791e+01
  -2.0052524e+01
  -2.0819695e+01
  -2.0383803e+01
  -2.4079338e+01
  -1.9959141e+01
  -2.3804745e+01
  -2.0272490e+01
  -3.0741106e+01
  -2.8670454e+01
  -2.5766213e+01
  -3.8639367e+01
  -2.0518121e+01
  -1.9583645e+01
  -2.0526498e+01
  -1.5648763e+01
  -2.2806540e+01
  -3.1060616e+01
  -3.1619284e+01
  -2.4162557e+01
  -2.7055305e+01
  -2.0848173e+01
  -2.6765217e+01
  -1.5304172e+01
  -1.9471792e+01
  -2.4938413e+01
  -2.3612533e+01
  -2.5106172e+01
  -3.1767393e+01
  -1.6011669e+01
  -1.3880378e+01
  -1.7125876e+01
  -2.0895632e+01
  -2.8703627e+01
  -2.7489031e+01
  -1.8663270e+01
  -1.3411585e+01
  -1.7141125e+01
  -1.9573592e+01
  -2.3991743e+01
  -2.3564344e+01
  -3.4044178e+01
  -2.6409366e+01
  -2.3043330e+01
  -1.5920263e+01
  -2.1114130e+01
  -1.8446748e+01
  -1.7252538e+01
  -2.2675727e+01
  -2.0274613e+01
  -1.6323836e+01
  -1.8665965e+01
  -1.5977908e+01
  -1.9063147e+01
  -2.3032937e+01
  -1.8361584e+01
  -3.2435600e+01
  -2.3680803e+01
  -1.9726516e+01
  -1.9274999e+01
  -1.5799619e+01
  -1.1733680e+01
  -1.2552566e+01
  -1.1009719e+01
  -1.1562527e+01
  -1.3756943e+01
  -1.1849098e+01
  -1.1198736e+01
  -1.4284087e+01
  -1.4043170e+01
  -1.6567772e+01
  -2.0715643e+01
  -2.6817585e+01
  -2.2734951e+01
  -1.9603719e+01
  -2.3061845e+01
  -1.8592887e+01
  -1.1582745e+01
  -1.1088802e+01
  -1.3134049e+01
  -1.4109079e+01
  -1.8424900e+01
  -1.8944779e+01
  -1.7217792e+01
  -1.6330594e+01
  -1.3349123e+01
  -1.2616462e+01
  -2.0542422e+01
  -2.5096303e+01
  -1.8572190e+01
  -1.7628746e+01
  -3.3523046e+01
  -1.9169680e+01
  -2.6433638e+01
  -2.1750569e+01
  -2.1908135e+01
  -2.5274964e+01
  -2.5076403e+01
  -2.1318282e+01
  -1.9981851e+01
  -1.5191994e+01
  -1.7106505e+01
  -2.2062309e+01
  -1.7272498e+01
  -1.8282943e+01
  -2.8417021e+01
  -1.6805296e+01
  -1.4499079e+01
  -2.3250392e+01
  -2.9959453e+01
  -1.9063696e+01
  -1.7889058e+01
  -3.2377886e+01
  -1.6653485e+01
  -1.9967637e+01
  -2.5264081e+01
  -2.4144686e+01
  -1.9536347e+01
  -2.3326020e+01
  -2.4212967e+01
  -4.7665315e+01
  -1.9536136e+01
  -2.0707576e+01
  -1.9875749e+01
  -2.0920503e+01
  -2.5457834e+01
  -2.7524515e+01
  -2.1096748e+01
  -3.7340449e+01
  -1.5364761e+01
  -1.6267644e+01
  -1.7783414e+01
  -1.2717801e+01
  -2.0359048e+01
  -2.5508397e+01
  -2.8703779e+01
  -1.8417978e+01
  -2.0866341e+01
  -1.8351701e+01
  -1.9785347e+01
  -2.2906486e+01
  -1.7688179e+01
  -1.8199672e+01
  -2.6723409e+01
  -2.1113042e+01
  -3.3419163e+01
  -1.9811745e+01
  -2.8350514e+01
  -1.8474250e+01
  -1.9709443e+01
  -2.2127220e+01
  -1.6285480e+01
  -1.9754452e+01
  -2.0018775e+01
  -2.5947931e+01
  -2.1581273e+01
  -3.7608985e+01
  -2.8026844e+01
  -2.5402662e+01
  -1.6734187e+01
  -1.9333430e+01
  -1.7358897e+01
  -1.3484819e+01
  -1.5222178e+01
  -1.9531002e+01
  -1.3044114e+01
  -1.3304641e+01
  -1.5579948e+01
  -1.5949129e+01
  -1.7605033e+01
  -1.7411008e+01
  -1.7178683e+01
  -1.9444168e+01
  -1.6289089e+01
  -1.9071133e+01
  -2.3973878e+01
  -2.4669864e+01
  -2.6794822e+01
  -2.6967821e+01
  -2.8369434e+01
  -2.7976043e+01
  -1.5646010e+01
  -1.4028659e+01
  -1.6318094e+01
  -1.2882410e+01
  -1.5271628e+01
  -1.7411589e+01
  -1.9033133e+01
  -2.2626730e+01
  -1.6934277e+01
  -1.2334083e+01
  -1.4590937e+01
  -1.5120171e+01
  -1.4746425e+01
  -2.0211883e+01
  -2.1923006e+01
  -2.1265679e+01
  -2.7863698e+01
  -1.8093077e+01
  -2.0307254e+01
  -2.2404333e+01
  -1.9549512e+01
  -2.5739153e+01
  -1.6285570e+01
  -1.4752553e+01
  -1.5726455e+01
  -1.7279099e+01
  -1.6382721e+01
  -2.2424469e+01
  -2.2211388e+01
  -2.1126852e+01
  -2.2480729e+01
  -2.9048467e+01
  -2.0494458e+01
  -3.1814014e+01
  -2.0676840e+01
  -2.3683205e+01
  -2.1423584e+01
  -2.4708538e+01
  -2.6715338e+01
  -2.2897195e+01
  -2.1002617e+01
  -2.6726325e+01
  -1.6806233e+01
  -1.4435481e+01
  -2.1659340e+01
  -2.2557412e+01
  -2.6885852e+01
  -2.5760630e+01
  -2.1777046e+01
  -2.1336479e+01
  -2.0894546e+01
  -1.6049204e+01
  -1.8885190e+01
  -2.4320860e+01
  -2.4852384e+01
  -2.9792871e+01
  -2.5046528e+01
  -2.0641294e+01
  -2.8282499e+01
  -2.2198134e+01
  -2.4072994e+01
  -2.2281707e+01
  -2.3381706e+01
  -2.9321014e+01
  -2.6341082e+01
  -2.0157310e+01
  -1.7769360e+01
  -1.5521932e+01
  -1.7862230e+01
  -2.9250252e+01
  -2.1198151e+01
  -2.3398991e+01
  -1.9819539e+01
  -1.4732585e+01
  -1.7115439e+01
  -2.2143325e+01
  -1.8350517e+01
  -3.0990336e+01
  -2.9116352e+01
  -2.7606165e+01
  -1.9690852e+01
  -2.4122156e+01
  -2.3366907e+01
  -2.8063765e+01
  -1.7892260e+01
  -2.4558505e+01
  -2.3704011e+01
  -2.1658350e+01
  -1.6514568e+01
  -1.8159813e+01
  -3.1699988e+01
  -2.0639344e+01
  -2.5101650e+01
  -2.3246736e+01
  -1.7289797e+01
  -1.8422615e+01
  -2.5909367e+01
  -1.6678331e+01
  -2.1018832e+01
  -2.8866622e+01
  -2.9154234e+01
  -2.4739726e+01
  -3.0416893e+01
  -1.9283913e+01
  -1.7527904e+01
  -1.9101693e+01
  -2.4610957e+01
  -2.1047693e+01
  -2.7229122e+01
  -2.3523073e+01
  -2.0396267e+01
  -2.5522709e+01
  -1.9682248e+01
  -1.3748195e+01
  -1.7151805e+01
  -1.6774665e+01
  -1.6996052e+01
  -2.8864016e+01
  -2.2378596e+01
  -2.1800799e+01
  -2.4603596e+01
  -1.8814469e+01
  -1.6304220e+01
  -2.0991523e+01
  -1.5910058e+01
  -2.1614261e+01
  -2.6390560e+01
  -2.3616628e+01
  -2.5275018e+01
  -3.1915936e+01
  -1.8294150e+01
  -1.9939153e+01
  -2.5709947e+01
  -2.0228253e+01
  -1.9103268e+01
  -5.2713285e+01
  -1.6633232e+01
  -1.7619985e+01
  -2.3139759e+01
  -1.8919485e+01
  -2.2931431e+01
  -2.1041005e+01
  -2.4533926e+01
  -2.6415266e+01
  -2.0295517e+01
  -2.2504699e+01
  -1.9583672e+01
  -1.6670092e+01
  -2.4194594e+01
  -1.8359353e+01
  -2.0150078e+01
  -3.2260931e+01
  -2.4070397e+01
  -2.0183959e+01
  -2.3383118e+01
  -1.7927421e+01
  -2.5548978e+01
  -2.1210858e+01
  -2.0288560e+01
  -2.3990053e+01
  -2.4970896e+01
  -2.3429248e+01
  -2.7309759e+01
  -2.3033102e+01
  -2.3648545e+01
  -2.6010681e+01
  -2.6678359e+01
  -2.0881998e+01
  -1.9638792e+01
  -2.0528989e+01
  -1.7060293e+01
  -2.0386071e+01
  -1.6777942e+01
  -2.1112535e+01
  -3.0794613e+01
  -2.5837074e+01
  -1.7731069e+01
  -2.3439591e+01
  -2.6390873e+01
  -2.7081373e+01
  -2.3256858e+01
  -2.6140280e+01
  -2.4640942e+01
  -2.3900705e+01
  -2.9766615e+01
  -3.8135236e+01
  -1.9990837e+01
  -1.7059530e+01
  -1.9408345e+01
  -2.3635001e+01
  -3.1916867e+01
  -2.5282983e+01
  -3.4338110e+01
  -2.5540190e+01
  -2.3710963e+01
  -2.2445858e+01
  -3.2748169e+01
  -2.1755597e+01
  -4.3535533e+01
  -2.1929487e+01
  -3.2421588e+01
  -2.3010702e+01
  -2.4746570e+01
  -1.9434050e+01
  -2.1116913e+01
  -2.8162510e+01
  -3.3357030e+01
  -2.5545745e+01
  -3.0310121e+01
  -2.3304071e+01
  -2.1332331e+01
  -2.2940467e+01
  -2.2301197e+01
  -2.1334067e+01
  -1.8139975e+01
  -2.7634584e+01
  -2.5663311e+01
  -2.8613050e+01
  -3.8693990e+01
  -2.5235253e+01
  -2.1108618e+01
  -2.2962805e+01
  -2.3144708e+01
  -3.5479988e+01
  -2.5320754e+01
  -3.4828395e+01
  -2.0484318e+01
  -2.1973591e+01
  -3.0700227e+01
  -2.3726836e+01
  -1.8513163e+01
  -2.4943998e+01
  -2.2449952e+01
  -2.0254477e+01
  -2.6729276e+01
  -3.3101997e+01
  -1.9900684e+01
  -2.0080257e+01
  -2.9011657e+01
  -1.9955914e+01
  -2.6027498e+01
  -2.0685600e+01
  -2.4966126e+01
  -4.4123750e+01
  -2.9213838e+01
  -2.1345730e+01
  -2.4899787e+01
  -3.5624326e+01
  -2.8811105e+01
  -2.7128009e+01
  -2.8626303e+01
  -2.7850621e+01
  -2.9355802e+01
  -1.8802638e+01
  -2.0984797e+01
  -2.1113236e+01
  -1.7639116e+01
  -2.3315264e+01
  -3.3730804e+01
  -2.9762313e+01
  -2.5687469e+01
  -1.8158651e+01
  -2.3230134e+01
  -2.5386111e+01
  -2.1688186e+01
  -3.4144449e+01
  -2.6831498e+01
  -2.6969424e+01
  -2.6533821e+01
  -2.3227549e+01
  -2.3212252e+01
  -2.5287223e+01
  -2.0094290e+01
  -3.1163343e+01
  -2.5961566e+01
  -2.7458837e+01
  -2.6160513e+01
  -2.3483417e+01
  -2.2687069e+01
  -3.1453328e+01
  -2.0935003e+01
  -3.4859655e+01
  -1.8272767e+01
  -1.9745991e+01
  -2.1649081e+01
  -1.9662558e+01
  -2.3291975e+01
  -2.5025816e+01
  -2.0294549e+01
  -2.2842845e+01
  -2.1174332e+01
  -1.5891473e+01
  -2.7653129e+01
  -1.9155214e+01
  -1.9077506e+01
  -2.3517276e+01
  -2.1923181e+01
  -1.7088432e+01
  -2.0688481e+01
  -2.3605997e+01
  -2.0324328e+01
  -2.1640311e+01
  -2.3188791e+01
  -2.4088689e+01
  -2.0203133e+01
  -1.5408801e+01
  -1.6957486e+01
  -2.0072901e+01
  -2.1092639e+01
  -3.1331653e+01
  -2.2956603e+01
  -1.5881334e+01
  -1.7064554e+01
  -2.1202304e+01
  -1.7341856e+01
  -2.1688968e+01
  -2.8760879e+01
  -2.2787464e+01
  -1.6568807e+01
  -2.0003192e+01
  -1.8470389e+01
  -2.0371594e+01
  -2.7412927e+01
  -2.7662743e+01
  -2.1057714e+01
  -2.8357669e+01
  -2.3892430e+01
  -2.2873119e+01
  -2.1187943e+01
  -2.2936381e+01
  -2.6648550e+01
  -2.0238206e+01
  -2.5109879e+01
  -3.4774177e+01
  -2.4459661e+01
  -2.0135376e+01
  -1.9855349e+01
  -2.2766740e+01
  -2.3225579e+01
  -1.8316737e+01
  -2.8354163e+01
  -2.4650056e+01
  -3.6478176e+01
  -2.0766520e+01
  -1.9550549e+01
  -2.5774537e+01
  -2.2469419e+01
  -1.7779585e+01
  -1.8848167e+01
  -2.2431418e+01
  -2.6975333e+01
  -2.9099909e+01
  -2.0976189e+01
  -1.7273986e+01
  -1.5905669e+01
  -1.3637198e+01
  -1.6874290e+01
  -3.3043977e+01
  -2.0427828e+01
  -3.3344053e+01
  -2.6485251e+01
  -3.2693541e+01
  -3.9262457e+01
  -3.0276624e+01
  -3.2545740e+01
  -2.2303151e+01
  -1.8806893e+01
  -2.2341158e+01
  -2.2190259e+01
  -2.1138018e+01
  -1.9390319e+01
  -4.2779884e+01
  -1.7392718e+01
  -1.9257539e+01
  -2.3703549e+01
  -2.3802367e+01
  -2.2164932e+01
  -1.9109366e+01
  -2.2348408e+01
  -2.0408259e+01
  -2.2909988e+01
  -2.4373077e+01
  -2.0485524e+01
  -2.2968054e+01
  -3.3422700e+01
  -2.7059902e+01
  -2.2567744e+01
  -1.9261759e+01
  -3.4303600e+01
  -2.2283924e+01
  -2.9355664e+01
  -2.5196622e+01
  -2.3324245e+01
  -1.8514205e+01
  -1.9775845e+01
  -1.7802835e+01
  -1.6656078e+01
  -1.7733788e+01
  -1.6771261e+01
  -1.9507851e+01
  -2.1832226e+01
  -1.9638350e+01
  -2.2960199e+01
  -2.3849267e+01
  -2.0898033e+01
  -2.4460453e+01
  -3.1844273e+01
  -2.1942373e+01
  -1.8962461e+01
  -2.6309461e+01
  -2.9913269e+01
  -2.7712267e+01
  -2.7406393e+01
  -2.3965584e+01
  -2.3821975e+01
  -3.1754802e+01
  -2.0374796e+01
  -2.3251282e+01
  -5.0745573e+01
  -2.8807909e+01
  -2.6422006e+01
  -2.8021042e+01
  -1.8252467e+01
  -1.9544491e+01
  -1.8331887e+01
  -1.6776191e+01
  -2.1382183e+01
  -2.3763244e+01
  -2.1698371e+01
  -2.1925354e+01
  -1.8292683e+01
  -1.7513711e+01
  -2.4503078e+01
  -2.8010314e+01
  -2.4845112e+01
  -2.1300167e+01
  -3.2019081e+01
  -2.4757901e+01
  -2.1632694e+01
  -1.9456733e+01
  -2.3125783e+01
  -2.4202991e+01
  -2.5231102e+01
  -2.2738049e+01
  -2.4304956e+01
  -3.0202891e+01
  -2.3077901e+01
  -2.8864339e+01
  -3.0821282e+01
  -2.5591116e+01
  -2.1914493e+01
  -2.0015790e+01
  -2.1211620e+01
  -3.1196349e+01
  -3.0860458e+01
  -2.9928651e+01
  -3.0208178e+01
  -2.6568366e+01
  -2.1354114e+01
  -1.7255201e+01
  -1.7924499e+01
  -2.2835450e+01
  -2.1520270e+01
  -2.1591284e+01
  -2.5019336e+01
  -2.2169938e+01
  -1.7044389e+01
  -2.1093780e+01
  -3.8045876e+01
  -3.0040615e+01
  -3.2459605e+01
  -2.6872339e+01
  -3.7869649e+01
  -3.9735779e+01
  -2.8817567e+01
  -2.2884621e+01
  -2.2430710e+01
  -2.3829064e+01
  -2.2806492e+01
  -2.2166065e+01
  -1.8070114e+01
  -2.2448115e+01
  -2.4104693e+01
  -1.9270725e+01
  -2.6841048e+01
  -2.1808762e+01
  -1.9788929e+01
  -2.2456665e+01
  -2.9776313e+01
  -2.2397020e+01
  -3.2483765e+01
  -2.0824570e+01
  -2.0603752e+01
  -2.7981265e+01
  -2.2814202e+01
  -1.9558502e+01
  -2.5055788e+01
  -2.2552986e+01
  -2.3054315e+01
  -3.8544246e+01
  -3.0838961e+01
  -2.3985601e+01
  -2.1994341e+01
  -3.7789400e+01
  -2.6615452e+01
  -3.1036251e+01
  -2.5372128e+01
  -2.5266647e+01
  -2.3199999e+01
  -2.5974615e+01
  -3.0239182e+01
  -2.5831642e+01
  -2.2813275e+01
  -2.6619155e+01
  -2.3020018e+01
  -2.1287133e+01
  -2.4805597e+01
  -2.5055618e+01
  -1.9920512e+01
  -1.8439330e+01
  -1.7634786e+01
  -1.9540987e+01
  -2.5565712e+01
  -2.6447195e+01
  -2.1247500e+01
  -2.0323163e+01
  -2.2423984e+01
  -2.6323049e+01
  -4.3308370e+01
  -4.4415761e+01
  -2.9374382e+01
  -2.4085177e+01
  -2.1570157e+01
  -2.3260023e+01
  -3.6766874e+01
  -3.7499714e+01
  -2.4314376e+01
  -2.1373172e+01
  -3.2270140e+01
  -2.3579465e+01
  -2.5203629e+01
  -2.3528114e+01
  -2.9993828e+01
  -2.3486008e+01
  -2.0782135e+01
  -3.0249814e+01
  -2.9371654e+01
  -3.1985710e+01
  -4.2404566e+01
  -3.7130720e+01
  -3.0712725e+01
  -2.9378834e+01
  -2.5075429e+01
  -2.4166407e+01
  -2.3259210e+01
  -1.9775437e+01
  -1.8975973e+01
  -1.9519903e+01
  -2.0174123e+01
  -2.1782632e+01
  -2.3833092e+01
  -2.8902107e+01
  -2.4297684e+01
  -1.8293135e+01
  -2.0973538e+01
  -2.3834997e+01
  -1.8900217e+01
  -2.5968604e+01
  -2.4956901e+01
  -2.5623655e+01
  -2.3015782e+01
  -2.7018651e+01
  -3.1817527e+01
  -3.0201460e+01
  -2.7365134e+01
  -2.8230893e+01
  -2.1243958e+01
  -2.0854486e+01
  -3.9174098e+01
  -2.4543191e+01
  -2.7878538e+01
  -3.5399702e+01
  -3.5282825e+01
  -3.0988410e+01
  -3.5784233e+01
  -3.0258329e+01
  -3.6325580e+01
  -2.4882467e+01
  -2.8836504e+01
  -4.1319340e+01
  -2.9439582e+01
  -2.4609958e+01
  -2.6636318e+01
  -2.2601993e+01
  -2.3909321e+01
  -3.0741654e+01
  -3.5875064e+01
  -2.7657547e+01
  -2.5927117e+01
  -3.1438164e+01
  -3.7714912e+01
  -3.1347334e+01
  -3.5475032e+01
  -2.3559392e+01
  -2.2461610e+01
  -2.5083922e+01
  -2.6231702e+01
  -3.6743969e+01
  -3.6091859e+01
  -3.6810846e+01
  -3.3075072e+01
  -2.5426334e+01
  -2.2219889e+01
  -2.8873097e+01
  -3.2409991e+01
  -3.1651377e+01
  -2.8141795e+01
  -2.6245976e+01
  -1.9516305e+01
  -1.9124587e+01
  -1.5653447e+01
  -1.2661534e+01
  -1.2317076e+01
  -1.1362475e+01
  -9.7752361e+00
  -9.3708837e+00
  -8.4607903e+00
  -8.5297097e+00
  -1.0327697e+01
  -1.0822222e+01
  -1.0918142e+01
  -1.2019050e+01
  -1.1921304e+01
  -1.2114268e+01
  -1.3634678e+01
  -1.3584961e+01
  -1.3831868e+01
  -1.3948557e+01
  -1.4372756e+01
  -1.3529674e+01
  -1.1401058e+01
  -1.2157291e+01
  -1.3918607e+01
  -1.1299656e+01
  -1.3499110e+01
  -2.3389342e+01
  -1.5977654e+01
  -1.4580618e+01
  -1.7941878e+01
  -2.0073975e+01
  -2.0524524e+01
  -2.2209829e+01
  -1.9336739e+01
  -2.5084938e+01
  -3.7360413e+01
  -2.4883769e+01
  -2.4119778e+01
  -3.5928576e+01
  -2.1510304e+01
  -2.2842369e+01
  -3.2070618e+01
  -2.4831385e+01
  -2.1082659e+01
  -2.2346138e+01
  -2.4974557e+01
  -2.7245326e+01
  -2.7274954e+01
  -3.8382475e+01
  -2.6627591e+01
  -2.3483180e+01
  -2.4967322e+01
  -3.6153412e+01
  -2.9722038e+01
  -3.4730392e+01
  -2.7045815e+01
  -2.5588585e+01
  -3.9240536e+01
  -3.3869873e+01
  -3.3425207e+01
  -3.5257811e+01
  -2.7934631e+01
  -2.2965741e+01
  -3.1556262e+01
  -2.8947396e+01
  -2.6579863e+01
  -3.3723841e+01
  -3.1715228e+01
  -2.7772683e+01
  -3.4545645e+01
  -3.5917653e+01
  -2.8861667e+01
  -2.7061195e+01
  -2.2616965e+01
  -2.0603081e+01
  -3.0595121e+01
  -2.3748536e+01
  -2.7758988e+01
  -2.9138795e+01
  -2.7588002e+01
  -2.8374337e+01
  -3.7426631e+01
  -2.5726979e+01
  -2.9436459e+01
  -2.0931357e+01
  -1.9903179e+01
  -3.3254181e+01
  -1.9254657e+01
  -2.0768129e+01
  -2.6815457e+01
  -2.4304174e+01
  -2.1679164e+01
  -2.4796339e+01
  -2.3811039e+01
  -1.9392235e+01
  -1.5778058e+01
  -1.9017407e+01
  -1.9697792e+01
  -1.4906836e+01
  -1.5875422e+01
  -2.0023099e+01
  -1.5853192e+01
  -1.3915746e+01
  -1.2203215e+01
  -1.2133788e+01
  -1.5293361e+01
  -1.5056918e+01
  -1.5264331e+01
  -1.6163037e+01
  -1.2722892e+01
  -1.1731610e+01
  -1.1537885e+01
  -9.2523090e+00
  -9.2075519e+00
  -1.0523340e+01
  -1.1283751e+01
  -1.2482907e+01
  -1.1644062e+01
  -1.0145044e+01
  -1.1575165e+01
  -1.4256928e+01
  -1.5809689e+01
  -2.0028484e+01
  -2.0267843e+01
  -1.7404509e+01
  -1.8016059e+01
  -1.7710442e+01
  -1.5591224e+01
  -1.5207689e+01
  -1.6089442e+01
  -1.7965935e+01
  -1.8627537e+01
  -1.8689045e+01
  -1.9839947e+01
  -1.7302929e+01
  -1.6549948e+01
  -2.0717411e+01
  -1.9708666e+01
  -1.7876034e+01
  -1.8653403e+01
  -1.9372543e+01
  -2.1976134e+01
  -2.4020287e+01
  -2.2231835e+01
  -3.2065618e+01
  -2.5439387e+01
  -2.4526900e+01
  -2.5769150e+01
  -2.0989385e+01
  -1.8398073e+01
  -2.0803344e+01
  -1.9161732e+01
  -2.0830051e+01
  -2.6385037e+01
  -2.3309898e+01
  -3.3007221e+01
  -2.2010656e+01
  -2.3236121e+01
  -3.0799495e+01
  -3.4818641e+01
  -3.1219205e+01
  -3.4266421e+01
  -3.4141162e+01
  -2.4409085e+01
  -2.5454686e+01
  -2.9522411e+01
  -3.2706721e+01
  -2.9221189e+01
  -2.6179852e+01
  -3.0666163e+01
  -2.2916228e+01
  -3.3884647e+01
  -2.6533722e+01
  -3.6025250e+01
  -2.5422355e+01
  -2.7969696e+01
  -2.9933817e+01
  -2.6114558e+01
  -3.1281451e+01
  -2.6895301e+01
  -2.1408289e+01
  -2.6774783e+01
  -2.5567468e+01
  -2.4922903e+01
  -3.5480488e+01
  -3.3311327e+01
  -1.8702235e+01
  -1.5964656e+01
  -2.7306349e+01
  -1.6802021e+01
  -1.7153318e+01
  -2.9866666e+01
  -2.1799937e+01
  -2.0949960e+01
  -2.6442696e+01
  -1.8922729e+01
  -1.9534087e+01
  -2.0847619e+01
  -1.9842236e+01
  -2.7316702e+01
  -2.5691677e+01
  -2.5390058e+01
  -3.6003157e+01
  -2.0458904e+01
  -2.0237478e+01
  -4.1774829e+01
  -2.0928813e+01
  -2.1381846e+01
  -2.2452879e+01
  -3.2820663e+01
  -2.7940548e+01
  -3.0144840e+01
  -2.2340178e+01
  -2.3057639e+01
  -3.2104753e+01
  -3.4585333e+01
  -3.9528378e+01
  -2.6365709e+01
  -2.1734214e+01
  -3.1156095e+01
  -2.3472411e+01
  -2.2844493e+01
  -2.5217917e+01
  -1.9987952e+01
  -2.6153603e+01
  -2.8110445e+01
  -2.9821520e+01
  -2.9152517e+01
  -2.5882669e+01
  -2.8361695e+01
  -2.9193500e+01
  -3.1472591e+01
  -2.7485398e+01
  -3.0897405e+01
  -2.9925474e+01
  -2.4460723e+01
  -3.0128060e+01
  -3.5858950e+01
  -3.2341855e+01
  -2.6608957e+01
  -2.2858958e+01
  -1.9459327e+01
  -2.1174533e+01
  -2.6325805e+01
  -2.7173610e+01
  -2.5006919e+01
  -3.3341313e+01
  -1.9455634e+01
  -1.9094621e+01
  -2.0752089e+01
  -2.1516772e+01
  -3.1498705e+01
  -3.0357034e+01
  -2.5900150e+01
  -2.6442230e+01
  -3.1956470e+01
  -2.4471372e+01
  -2.6839924e+01
  -2.4825425e+01
  -2.2124767e+01
  -2.2207402e+01
  -2.9721331e+01
  -2.9399202e+01
  -2.7676768e+01
  -2.8681786e+01
  -2.8756957e+01
  -2.1732885e+01
  -2.9437204e+01
  -2.7077905e+01
  -2.8919079e+01
  -3.5223733e+01
  -3.9039496e+01
  -2.5590695e+01
  -2.6129619e+01
  -3.2115596e+01
  -3.8037132e+01
  -2.3122388e+01
  -2.1219455e+01
  -2.9363027e+01
  -2.2223640e+01
  -2.1701212e+01
  -2.7870303e+01
  -2.4634917e+01
  -2.0140039e+01
  -2.1691148e+01
  -1.6679164e+01
  -1.6973125e+01
  -2.2325573e+01
  -2.2755229e+01
  -2.2496436e+01
  -3.1415318e+01
  -1.8179616e+01
  -1.9831264e+01
  -2.2720839e+01
  -1.9449967e+01
  -2.4786762e+01
  -3.1212895e+01
  -2.0569505e+01
  -2.3299376e+01
  -2.3382696e+01
  -1.8042502e+01
  -2.5906240e+01
  -2.4200408e+01
  -2.1812596e+01
  -2.3495154e+01
  -2.2971234e+01
  -1.9972636e+01
  -2.1442153e+01
  -2.2473774e+01
  -2.3522832e+01
  -2.8938827e+01
  -2.9275039e+01
  -2.7488427e+01
  -3.7648024e+01
  -2.1059184e+01
  -1.9225496e+01
  -2.4359696e+01
  -2.9959996e+01
  -3.0814044e+01
  -3.8512736e+01
  -2.8029173e+01
  -2.4289284e+01
  -2.6423445e+01
  -3.2937969e+01
  -3.4610017e+01
  -2.9768890e+01
  -3.2767366e+01
  -3.2116679e+01
  -2.9973290e+01
  -3.2090499e+01
  -2.2988766e+01
  -2.2130521e+01
  -2.2377137e+01
  -1.8765528e+01
  -2.0883439e+01
  -2.1339320e+01
  -2.0136050e+01
  -2.1335416e+01
  -2.1589670e+01
  -2.1028503e+01
  -1.9751397e+01
  -1.6164584e+01
  -1.6013151e+01
  -1.8385354e+01
  -1.9556161e+01
  -1.8251553e+01
  -1.6589540e+01
  -1.4691488e+01
  -1.5909502e+01
  -2.0098014e+01
  -1.9513010e+01
  -2.3936308e+01
  -2.5543655e+01
  -1.8697945e+01
  -2.1051019e+01
  -2.1924276e+01
  -1.7839292e+01
  -2.2156817e+01
  -2.0349800e+01
  -1.9735796e+01
  -2.4415743e+01
  -2.1554842e+01
  -1.8252772e+01
  -1.9209219e+01
  -1.9473894e+01
  -1.9355299e+01
  -2.0062423e+01
  -2.2101820e+01
  -2.9065498e+01
  -2.9574347e+01
  -2.0928446e+01
  -2.1970770e+01
  -2.2572928e+01
  -1.8886309e+01
  -2.1690883e+01
  -2.8067994e+01
  -2.9450604e+01
  -2.6170152e+01
  -2.2876705e+01
  -2.2582474e+01
  -2.1201011e+01
  -2.1293616e+01
  -3.1426775e+01
  -2.1285247e+01
  -2.4987795e+01
  -3.0011308e+01
  -2.7422807e+01
  -2.3825852e+01
  -2.3415140e+01
  -3.8914329e+01
  -2.8064465e+01
  -2.4778927e+01
  -2.1850505e+01
  -2.0656747e+01
  -2.6564835e+01
  -2.6980301e+01
  -2.3505962e+01
  -3.0183541e+01
  -3.6988773e+01
  -3.2372017e+01
  -4.0022739e+01
  -2.1780180e+01
  -2.1104710e+01
  -4.0742174e+01
  -2.1483305e+01
  -2.3155887e+01
  -2.6874150e+01
  -2.7581364e+01
  -3.4717259e+01
  -2.9766286e+01
  -2.4978461e+01
  -2.4598402e+01
  -2.3125435e+01
  -2.4724782e+01
  -2.8484522e+01
  -3.9431188e+01
  -3.3051984e+01
  -4.2874480e+01
  -3.2836492e+01
  -3.1316834e+01
  -2.1582177e+01
  -2.1874721e+01
  -2.9841967e+01
  -4.2116520e+01
  -2.4794938e+01
  -2.2335949e+01
  -4.1802082e+01
  -2.5706390e+01
  -2.5664366e+01
  -2.1832139e+01
  -2.2875550e+01
  -2.4622805e+01
  -2.1842263e+01
  -2.3237809e+01
  -2.3425070e+01
  -2.1626491e+01
  -2.4556303e+01
  -2.1028740e+01
  -2.2974324e+01
  -3.3287443e+01
  -3.0286236e+01
  -2.5246005e+01
  -2.3916681e+01
  -2.0957765e+01
  -2.1000768e+01
  -1.7390901e+01
  -1.5701186e+01
  -1.8341129e+01
  -1.7658152e+01
  -1.6055719e+01
  -1.8203485e+01
  -2.0062729e+01
  -1.6848925e+01
  -1.9000068e+01
  -2.0044115e+01
  -1.9596801e+01
  -2.3745653e+01
  -2.2290548e+01
  -1.8093749e+01
  -1.7968375e+01
  -1.9115226e+01
  -2.2842894e+01
  -2.6742720e+01
  -2.9782629e+01
  -3.9884746e+01
  -3.3441312e+01
  -3.3257783e+01
  -3.1662153e+01
  -2.3264475e+01
  -2.2298800e+01
  -3.0915638e+01
  -3.5655207e+01
  -3.5678655e+01
  -2.8656919e+01
  -2.4245109e+01
  -2.7374942e+01
  -3.1345478e+01
  -2.4597763e+01
  -2.2860962e+01
  -2.2750529e+01
  -2.9182289e+01
  -2.5897495e+01
  -2.0096984e+01
  -1.7449505e+01
  -2.0367656e+01
  -2.7211509e+01
  -2.2118731e+01
  -1.9507417e+01
  -2.9550154e+01
  -2.2814337e+01
  -2.2196115e+01
  -3.3106158e+01
  -2.5990677e+01
  -3.1515708e+01
  -3.1343963e+01
  -2.6476505e+01
  -3.2935306e+01
  -2.6398546e+01
  -2.6354116e+01
  -2.2357079e+01
  -1.8055368e+01
  -2.5610107e+01
  -2.3215683e+01
  -2.0052040e+01
  -2.2787271e+01
  -2.7551630e+01
  -2.4415627e+01
  -3.5682161e+01
  -2.4988306e+01
  -2.3240074e+01
  -2.3639324e+01
  -2.8903204e+01
  -2.6879929e+01
  -2.7808224e+01
  -2.7124488e+01
  -2.5287033e+01
  -3.5544635e+01
  -2.4297845e+01
  -3.2273790e+01
  -3.0588822e+01
  -2.8129781e+01
  -3.6226334e+01
  -2.6840007e+01
  -2.3841543e+01
  -2.6223051e+01
  -2.5187226e+01
  -2.5564634e+01
  -3.1506786e+01
  -2.4981139e+01
  -2.1960472e+01
  -2.6362476e+01
  -2.0912693e+01
  -2.7544924e+01
  -2.4826641e+01
  -2.2585517e+01
  -2.8158260e+01
  -3.0174890e+01
  -2.9809703e+01
  -2.5477917e+01
  -2.6039355e+01
  -2.2462909e+01
  -2.2771113e+01
  -3.0728328e+01
  -2.4322773e+01
  -2.2971542e+01
  -3.0076557e+01
  -2.7740273e+01
  -2.9116331e+01
  -2.2865397e+01
  -2.7156405e+01
  -3.4471171e+01
  -2.6033006e+01
  -2.4992439e+01
  -2.9861765e+01
  -2.5780519e+01
  -2.2033020e+01
  -2.5636256e+01
  -2.9880061e+01
  -2.4268242e+01
  -3.8551246e+01
