   3.7307659e+01
   3.3622641e+01
   8.3816686e+00
   2.2675311e+01
   7.8827790e+00
   2.3301671e+01
   1.7595394e+01
   2.3219063e+01
   2.4031397e+01
   2.3371984e+01
   2.6189608e+01
   2.6422755e+01
   3.1049060e+01
   3.4460399e+01
   3.1697389e+01
   3.0404829e+01
   3.6739995e+01
   3.7502479e+01
   3.5243540e+01
   3.6071542e+01
   3.9750714e+01
   4.2519235e+01
   4.3463778e+01
   4.3887346e+01
   4.6064861e+01
   4.8011443e+01
   4.9129553e+01
   5.0316832e+01
   5.1269582e+01
   5.2280843e+01
   5.4132002e+01
   5.5847033e+01
   5.7062748e+01
   5.8217060e+01
   5.9089267e+01
   5.9467569e+01
   5.9794755e+01
   6.0125119e+01
   6.0055942e+01
   5.9869196e+01
   5.9994869e+01
   6.0096433e+01
   6.0079639e+01
   6.0171858e+01
   6.0153022e+01
   5.9960369e+01
   5.9916429e+01
   5.9972636e+01
   5.9908066e+01
   5.9700145e+01
   5.9256674e+01
   5.8538027e+01
   5.7660925e+01
   5.6589828e+01
   5.5347228e+01
   5.4251232e+01
   5.3300109e+01
   5.2346783e+01
   5.1486376e+01
   5.0407360e+01
   4.8961849e+01
   4.7717424e+01
   4.6650751e+01
   4.5460706e+01
   4.4442323e+01
   4.3304696e+01
   4.2068182e+01
   4.1249126e+01
   4.0148727e+01
   3.8814270e+01
   3.7892876e+01
   3.6560180e+01
   3.5193033e+01
   3.4353786e+01
   3.2872967e+01
   3.1798677e+01
   3.1097572e+01
   2.9211362e+01
   2.8097670e+01
   2.7592626e+01
   2.6591080e+01
   2.6692904e+01
   2.5764378e+01
   2.4495622e+01
   2.4713143e+01
   2.3705707e+01
   2.3009866e+01
   2.3123245e+01
   2.1530411e+01
   2.0773144e+01
   1.9941100e+01
   1.6317801e+01
   1.6864974e+01
   1.7354124e+01
   1.5678737e+01
   1.6939158e+01
   1.6934173e+01
   1.3612558e+01
   1.3905617e+01
   1.5308182e+01
   1.3877223e+01
   1.4427555e+01
   1.7105654e+01
   1.6951277e+01
   1.7793475e+01
   1.9279769e+01
   1.8459143e+01
   1.8848372e+01
   2.0358668e+01
   1.9814989e+01
   1.9807890e+01
   1.9927414e+01
   1.7871091e+01
   1.7312519e+01
   1.7164289e+01
   1.6029461e+01
   1.8003054e+01
   1.7984945e+01
   1.6877780e+01
   1.7783405e+01
   1.7017941e+01
   1.8811520e+01
   2.1334226e+01
   2.3174717e+01
   2.5955488e+01
   2.7942541e+01
   2.9209785e+01
   3.0585747e+01
   3.1433841e+01
   3.1653382e+01
   3.1930484e+01
   3.2137118e+01
   3.1949166e+01
   3.1535121e+01
   3.0902014e+01
   3.0253348e+01
   2.9748895e+01
   2.8716925e+01
   2.7299945e+01
   2.6790223e+01
   2.6958446e+01
   2.7231578e+01
   2.7336711e+01
   2.7005649e+01
   2.6712027e+01
   2.6498925e+01
   2.6165788e+01
   2.5945013e+01
   2.5370255e+01
   2.4516023e+01
   2.4156142e+01
   2.3467433e+01
   2.2550096e+01
   2.2394083e+01
   2.1888302e+01
   2.1154947e+01
   2.0841145e+01
   1.9638432e+01
   1.8420321e+01
   1.8118629e+01
   1.6917178e+01
   1.6436682e+01
   1.6602002e+01
   1.5398775e+01
   1.5205959e+01
   1.5379827e+01
   1.4219627e+01
   1.4262177e+01
   1.3918097e+01
   1.2345417e+01
   1.2596796e+01
   1.2303809e+01
   1.0484393e+01
   1.0756187e+01
   9.8521469e+00
   7.4034363e+00
   8.2443117e+00
   8.0683747e+00
   5.7968579e+00
   7.4682446e+00
   7.9173266e+00
   6.8638364e+00
   8.2719096e+00
   8.2895722e+00
   6.7076156e+00
   7.7615290e+00
   7.6892107e+00
   6.2855803e+00
   7.4830747e+00
   6.7764339e+00
   4.6973971e+00
   6.1024273e+00
   5.6646296e+00
   4.5404476e+00
   6.0101583e+00
   3.8693546e+00
   3.0812287e-01
  -3.3902950e-01
  -5.4563640e+00
  -1.9970282e+01
  -1.4834103e+01
  -4.9225020e+00
   7.2339510e-01
  -9.5499733e-01
   3.3040022e+00
   5.0238324e+00
   5.2307677e+00
   7.7146435e+00
   8.2617362e+00
   8.6915456e+00
   1.0734664e+01
   1.0945655e+01
   1.1729783e+01
   1.3437566e+01
   1.3464055e+01
   1.4078896e+01
   1.5378467e+01
   1.5556685e+01
   1.6214987e+01
   1.7114480e+01
   1.6914076e+01
   1.7290122e+01
   1.8065968e+01
   1.8046490e+01
   1.8229534e+01
   1.8513117e+01
   1.8268717e+01
   1.8255163e+01
   1.7647997e+01
   1.5355845e+01
   1.2883397e+01
   1.1232942e+01
   8.9409361e+00
   9.4742867e+00
   9.7624726e+00
   9.4592509e+00
   1.0858357e+01
   1.0663277e+01
   1.0181173e+01
   1.1013288e+01
   1.0265069e+01
   9.2352235e+00
   9.3839770e+00
   7.6914858e+00
   6.8582174e+00
   7.1669324e+00
   5.0283675e+00
   4.7946777e+00
   6.0109425e+00
   3.2928514e+00
   1.5419380e+00
   1.1377005e+00
  -4.4078798e+00
  -4.1204578e+00
  -2.3317381e+00
  -7.9922865e+00
  -4.7095705e+00
  -3.9555079e+00
  -1.1613633e+01
  -9.0127963e+00
  -6.3710467e+00
  -6.4700547e+00
  -9.8843109e+00
  -4.7278031e+00
  -6.4993671e+00
  -1.1281370e+01
  -4.7992419e+00
  -3.1596673e+00
  -4.5113852e+00
  -4.2914889e-01
  -1.3490242e+00
  -5.5877403e+00
  -1.1137424e+00
   2.7733366e-01
  -3.0035667e+00
  -7.0383002e-01
  -6.2168058e-01
  -5.3128020e+00
  -3.4564398e+00
  -2.1889941e+00
  -6.3609324e+00
  -4.2567905e+00
  -3.0866360e+00
  -8.5466647e+00
  -6.2804846e+00
  -5.2716878e+00
  -1.2468955e+01
  -6.5655723e+00
  -4.0666592e+00
  -4.1925755e+00
  -6.3882033e-01
  -1.9055143e+00
  -2.3630403e+00
  -1.6803322e-01
  -1.2101150e+00
  -1.8938798e+00
   1.0064831e+00
  -1.0385812e+00
  -1.5024107e+00
   5.7438763e-01
  -1.5837363e+00
  -1.7214008e+00
   6.3576924e-01
  -9.9699079e-01
  -7.0903732e-01
  -3.6496631e-01
  -5.1879316e+00
  -5.6442034e+00
  -3.8795274e+00
  -8.7990535e+00
  -1.1691203e+01
  -1.1107360e+01
  -7.6277346e+00
  -2.8603779e+00
  -5.2786827e+00
  -1.8963409e+00
  -5.8828694e-01
  -1.0083547e+00
   2.0279063e+00
   3.5524466e+00
   1.9135937e+00
   1.0739523e+00
  -3.5711282e-01
  -6.9746925e+00
  -1.2124065e+01
  -9.7275601e+00
  -1.5858403e+01
  -8.8708483e+00
  -1.0516835e+01
  -3.7229525e+00
  -1.8977611e+00
  -5.3732102e+00
  -1.5710368e+00
  -6.8112456e-01
  -2.4143216e+00
   4.8875805e-01
   1.7402597e+00
   5.9295320e-01
   1.4356963e+00
   4.4860259e-01
  -1.7941349e+00
   9.1439657e-01
   1.1856091e+00
  -1.0288843e+00
   1.0700841e-01
  -1.4342500e+00
  -5.8560900e+00
  -2.7001004e+00
  -2.2009637e+00
  -5.1015424e+00
  -3.5808163e+00
  -5.4497171e+00
  -7.7594008e+00
  -4.8418262e+00
  -7.5800636e+00
  -7.1601143e+00
  -2.2033250e+00
  -2.7117077e+00
  -5.4144884e+00
  -3.7648862e+00
  -6.4431851e+00
  -9.4194068e+00
  -5.2733962e+00
  -5.1311191e+00
  -7.6371733e+00
  -4.0886304e+00
  -7.7619993e+00
  -1.2893207e+01
  -7.1569635e+00
  -8.6215833e+00
  -9.4038349e+00
  -3.0455459e+00
  -4.5007670e+00
  -9.2336118e+00
  -6.0539193e+00
  -7.8936500e+00
  -1.1590504e+01
  -6.4504059e+00
  -6.0164088e+00
  -8.7496316e+00
  -5.1826405e+00
  -5.1410147e+00
  -6.8999406e+00
  -3.7981080e+00
  -2.3681851e+00
  -4.1052791e+00
  -3.0496925e+00
  -2.5630585e+00
  -4.7791433e+00
  -3.0614452e+00
  -1.1880208e+00
  -3.7216067e+00
  -3.1011631e+00
  -2.8822316e+00
  -7.8136668e+00
  -4.3718668e+00
  -1.3663148e+00
  -3.0103619e+00
  -1.0330523e+00
   2.4019604e-01
  -1.4411103e+00
   6.7524681e-02
   9.1549278e-01
  -4.5474135e-01
   1.3627772e+00
   2.5106045e+00
   6.8634233e-01
   6.2428930e-01
   1.3983289e+00
  -4.9005700e-01
  -2.1138449e+00
  -2.0094775e+00
  -5.4137572e+00
  -6.3624182e+00
  -5.2241701e+00
  -6.8079228e+00
  -5.1130353e+00
  -4.5001419e+00
  -8.0343464e+00
  -6.5326086e+00
  -6.7819843e+00
  -1.1455362e+01
  -8.1439421e+00
  -5.5063305e+00
  -9.3334249e+00
  -8.5486848e+00
  -6.3797741e+00
  -1.0056280e+01
  -1.7335508e+01
  -8.4617680e+00
  -9.2697902e+00
  -1.1761823e+01
  -7.7114124e+00
  -1.2787665e+01
  -1.6535812e+01
  -9.6633528e+00
  -1.1629095e+01
  -8.1422161e+00
  -4.4522854e+00
  -8.0273731e+00
  -8.1768243e+00
  -5.1502315e+00
  -6.9343553e+00
  -9.2027015e+00
  -5.0709973e+00
  -8.2316566e+00
  -1.1601007e+01
  -8.0567732e+00
  -1.2566859e+01
  -1.1281718e+01
  -5.6936776e+00
  -7.4550660e+00
  -8.5866226e+00
  -6.5126274e+00
  -1.1382028e+01
  -1.1950351e+01
  -7.6993728e+00
  -1.0488307e+01
  -8.4544571e+00
  -5.3261510e+00
  -9.4937022e+00
  -8.3467428e+00
  -7.5404214e+00
  -1.0478157e+01
  -6.3582046e+00
  -4.0474456e+00
  -7.9000628e+00
  -7.3326513e+00
  -7.0618089e+00
  -1.3783136e+01
  -1.3426924e+01
  -8.4013073e+00
  -1.1745133e+01
  -1.1006783e+01
  -8.7553774e+00
  -1.4506439e+01
  -1.2179010e+01
  -7.6158621e+00
  -8.6283734e+00
  -6.5090274e+00
  -3.5948328e+00
  -5.1454512e+00
  -5.6835636e+00
  -4.2050394e+00
  -4.3831864e+00
  -2.6872892e+00
  -1.2128914e+00
  -2.7790968e+00
  -1.6844534e+00
  -5.0536292e-01
  -2.0928405e+00
  -1.7147238e+00
   5.4053122e-01
  -5.5355140e-01
  -1.4484703e+00
  -3.3263276e-01
  -1.6647960e+00
  -1.9082950e+00
   9.4245678e-03
  -1.0681372e+00
  -1.8595981e+00
  -1.2555632e+00
  -4.0867903e+00
  -4.0021986e+00
  -1.8246883e+00
  -2.4627701e+00
  -1.5572502e+00
  -8.3586182e-01
  -3.4221570e+00
  -3.5228885e+00
  -2.8388076e+00
  -4.7332186e+00
  -4.0319750e+00
  -2.3749372e+00
  -4.0609106e+00
  -3.5268589e+00
  -3.6667236e+00
  -5.8832981e+00
  -3.4401829e+00
  -1.5448579e+00
  -2.2444094e+00
  -1.7489227e+00
  -1.6036502e+00
  -3.4538284e+00
  -2.9915233e+00
  -2.6139928e+00
  -3.7217956e+00
  -2.3608028e+00
  -1.7001026e+00
  -3.7588419e+00
  -4.1976255e+00
  -4.5468730e+00
  -5.8874594e+00
  -3.5991034e+00
  -2.4783308e+00
  -4.7418788e+00
  -4.0053164e+00
  -3.3317326e+00
  -4.4714780e+00
  -2.8610060e+00
  -1.3911245e+00
  -2.1332938e+00
  -1.5566793e+00
  -2.1129751e+00
  -4.9886911e+00
  -3.7742503e+00
  -2.6130805e+00
  -4.2986806e+00
  -3.7350656e+00
  -3.6501943e+00
  -6.3159567e+00
  -4.7004284e+00
  -3.9994314e+00
  -4.9417558e+00
  -2.6947263e+00
  -2.2190679e+00
  -4.3903924e+00
  -2.8922733e+00
  -3.4263301e+00
  -6.3469943e+00
  -4.3126340e+00
  -2.7370429e+00
  -4.6906671e+00
  -4.4154879e+00
  -5.1553077e+00
  -8.5671834e+00
  -6.5041440e+00
  -5.9739831e+00
  -9.0836509e+00
  -6.1845835e+00
  -6.1573149e+00
  -9.5338232e+00
  -7.3965032e+00
  -8.8075301e+00
  -1.3948595e+01
  -7.8318296e+00
  -6.3144377e+00
  -8.8319162e+00
  -6.6192788e+00
  -8.6470770e+00
  -1.2259258e+01
  -7.1598546e+00
  -6.6240503e+00
  -9.5350131e+00
  -6.3743778e+00
  -6.5389238e+00
  -9.5087636e+00
  -8.0233271e+00
  -8.1611667e+00
  -1.3124759e+01
  -8.6043570e+00
  -8.7490999e+00
  -1.4980233e+01
  -8.8663006e+00
  -7.1473769e+00
  -1.0334264e+01
  -7.6017584e+00
  -5.7586366e+00
  -8.4032321e+00
  -7.6574144e+00
  -6.4195728e+00
  -7.5623945e+00
  -5.5994313e+00
  -4.3820838e+00
  -7.5624763e+00
  -8.2103345e+00
  -7.3773162e+00
  -8.9753516e+00
  -7.0500402e+00
  -6.0095078e+00
  -8.0826193e+00
  -5.6784968e+00
  -6.1134443e+00
  -1.0332725e+01
  -7.6544255e+00
  -5.6734642e+00
  -7.0139287e+00
  -4.9611475e+00
  -5.0014842e+00
  -7.6158215e+00
  -5.6395499e+00
  -5.6833961e+00
  -8.7899865e+00
  -6.6821916e+00
  -5.8476242e+00
  -9.5169038e+00
  -1.0130548e+01
  -1.2192418e+01
  -1.6904673e+01
  -8.6226853e+00
  -6.8246179e+00
  -1.0511011e+01
  -8.0111968e+00
  -9.7519147e+00
  -1.9872271e+01
  -1.9896494e+01
  -1.4128909e+01
  -2.0364664e+01
  -1.6640914e+01
  -1.6474099e+01
  -3.0026237e+01
  -2.7426035e+01
  -1.8324706e+01
  -1.9032309e+01
  -2.0132643e+01
  -1.9447311e+01
  -2.0893900e+01
  -1.5355410e+01
  -2.8819223e+01
  -2.0847246e+01
  -2.6448346e+01
  -1.6696853e+01
  -2.4537638e+01
  -1.4623405e+01
  -2.0433261e+01
  -1.7906695e+01
  -1.6213508e+01
  -2.0320332e+01
  -1.5790177e+01
  -9.5453860e+00
  -1.0595520e+01
  -1.4233399e+01
  -1.3084953e+01
  -1.6135325e+01
  -2.0677181e+01
  -1.5083195e+01
  -1.9589309e+01
  -1.9184952e+01
  -1.5588967e+01
  -2.2318038e+01
  -1.5224393e+01
  -1.5068192e+01
  -1.6212207e+01
  -1.0652428e+01
  -1.0316769e+01
  -2.2862380e+01
  -1.6507813e+01
  -1.8226288e+01
  -2.8388959e+01
  -2.5923607e+01
  -1.9259781e+01
  -1.9757930e+01
  -1.4041255e+01
  -1.6771135e+01
  -1.8411918e+01
  -1.4622130e+01
  -1.5839550e+01
  -2.1234174e+01
  -1.1731561e+01
  -1.4082065e+01
  -1.9948455e+01
  -1.4840859e+01
  -1.9181745e+01
  -1.5537286e+01
  -1.3231501e+01
  -1.6635672e+01
  -1.3351974e+01
  -9.9626453e+00
  -1.4501569e+01
  -1.4245531e+01
  -1.0253159e+01
  -1.2451116e+01
  -1.3876094e+01
  -9.8871862e+00
  -1.3792085e+01
  -1.5817651e+01
  -1.1879983e+01
  -1.2518715e+01
  -1.4596920e+01
  -1.0216306e+01
  -1.2138582e+01
  -1.1882839e+01
  -9.6733365e+00
  -1.3555837e+01
  -1.8127956e+01
  -1.3213064e+01
  -1.6938703e+01
  -1.2933008e+01
  -1.1693975e+01
  -2.2891856e+01
  -1.8735908e+01
  -1.9128351e+01
  -2.7430791e+01
  -1.4187356e+01
  -1.2415003e+01
  -2.1035657e+01
  -1.2641437e+01
  -1.3882790e+01
  -2.0387072e+01
  -1.6923691e+01
  -1.6470786e+01
  -2.1585301e+01
  -1.4218604e+01
  -1.8382525e+01
  -2.3577165e+01
  -1.9978836e+01
  -2.7398870e+01
  -1.5841016e+01
  -1.2230860e+01
  -1.5531914e+01
  -1.2922007e+01
  -1.0367485e+01
  -1.3314365e+01
  -1.3063561e+01
  -1.0003300e+01
  -1.2021667e+01
  -1.5755642e+01
  -1.0503181e+01
  -1.2335423e+01
  -2.0339345e+01
  -1.8632406e+01
  -1.4642976e+01
  -1.4213522e+01
  -8.3481701e+00
  -8.5892489e+00
  -1.0677196e+01
  -8.5828624e+00
  -8.2394980e+00
  -8.2364185e+00
  -6.6102731e+00
  -8.4791438e+00
  -1.3264090e+01
  -1.2071421e+01
  -1.4422146e+01
  -1.6028319e+01
  -1.1371724e+01
  -1.2345425e+01
  -1.0639475e+01
  -8.6647881e+00
  -1.1239992e+01
  -1.0493778e+01
  -7.9700255e+00
  -1.0138328e+01
  -1.0680166e+01
  -7.8119777e+00
  -1.1650977e+01
  -1.6302521e+01
  -1.1521571e+01
  -1.2177560e+01
  -1.3521532e+01
  -9.0138041e+00
  -1.0213985e+01
  -1.0240481e+01
  -8.8106850e+00
  -1.0565416e+01
  -1.1587524e+01
  -8.3535869e+00
  -8.6026612e+00
  -8.8140142e+00
  -8.0055618e+00
  -1.0707950e+01
  -1.2941743e+01
  -9.4862818e+00
  -1.0171193e+01
  -1.0241476e+01
  -6.0911300e+00
  -7.1875174e+00
  -8.8280096e+00
  -6.4525696e+00
  -6.5556580e+00
  -7.5324268e+00
  -4.9545381e+00
  -5.5627646e+00
  -7.7322406e+00
  -7.1731663e+00
  -8.5325417e+00
  -9.4591501e+00
  -6.5387072e+00
  -7.3006902e+00
  -8.1379584e+00
  -6.3632712e+00
  -7.6909983e+00
  -7.7786272e+00
  -6.1844103e+00
  -7.1858606e+00
  -6.8990477e+00
  -5.1863053e+00
  -6.6534583e+00
  -6.5376973e+00
  -4.7688108e+00
  -6.4750790e+00
  -8.1834087e+00
  -6.9923414e+00
  -8.4794535e+00
  -7.5693468e+00
  -5.9700378e+00
  -7.9721747e+00
  -9.0859228e+00
  -6.0882537e+00
  -7.0017520e+00
  -8.7602992e+00
  -8.0794217e+00
  -8.4772997e+00
  -7.5170916e+00
  -5.9527749e+00
  -7.3965782e+00
  -7.6573591e+00
  -7.3347372e+00
  -1.0890483e+01
  -1.1692583e+01
  -8.6237215e+00
  -9.9270917e+00
  -1.0178318e+01
  -7.4832911e+00
  -9.6576261e+00
  -1.0049243e+01
  -7.5949529e+00
  -8.5117082e+00
  -8.3475531e+00
  -6.1326490e+00
  -7.7421315e+00
  -9.7830100e+00
  -7.4896324e+00
  -7.2148461e+00
  -7.0277547e+00
  -5.6853983e+00
  -7.9096896e+00
  -1.0010245e+01
  -8.2167457e+00
  -9.2233375e+00
  -9.8807611e+00
  -6.8916127e+00
  -7.3643608e+00
  -7.3804909e+00
  -5.4677083e+00
  -7.7236499e+00
  -1.0904151e+01
  -8.4151798e+00
  -7.7902120e+00
  -8.0504243e+00
  -7.0793399e+00
  -9.4958188e+00
  -1.0702335e+01
  -8.5036711e+00
  -1.0112720e+01
  -9.5001225e+00
  -6.9950406e+00
  -9.2902788e+00
  -9.1413998e+00
  -6.8396382e+00
  -8.7106439e+00
  -8.9027173e+00
  -6.3287329e+00
  -8.8409932e+00
  -9.7864793e+00
  -7.7965018e+00
  -1.1915152e+01
  -1.2001560e+01
  -8.2271903e+00
  -9.2650973e+00
  -1.0553174e+01
  -8.2062070e+00
  -9.8519527e+00
  -9.9453318e+00
  -8.6597922e+00
  -1.1561722e+01
  -1.0834527e+01
  -7.5583292e+00
  -9.1223392e+00
  -8.6219386e+00
  -7.5112898e+00
  -9.5259830e+00
  -8.8499617e+00
  -7.9403467e+00
  -1.1489214e+01
  -1.0854581e+01
  -9.4076447e+00
  -1.2208616e+01
  -1.0504532e+01
  -9.1502185e+00
  -1.3193222e+01
  -1.1649109e+01
  -9.4830653e+00
  -1.3056525e+01
  -1.2237057e+01
  -1.0122490e+01
  -1.2355779e+01
  -1.2573630e+01
  -1.0042334e+01
  -1.2875107e+01
  -1.2294696e+01
  -1.2190452e+01
  -1.6482545e+01
  -1.4451678e+01
  -1.2531381e+01
  -1.5855331e+01
  -1.2179814e+01
  -1.1990336e+01
  -1.6140496e+01
  -1.4096816e+01
  -1.4749656e+01
  -1.8626231e+01
  -1.4317613e+01
  -1.3044094e+01
  -1.1823235e+01
  -9.5569068e+00
  -1.0685557e+01
  -1.3003500e+01
  -1.0080479e+01
  -9.8700855e+00
  -1.2492557e+01
  -1.1390891e+01
  -1.2410061e+01
  -1.5297023e+01
  -1.0861300e+01
  -1.0382762e+01
  -1.7495886e+01
  -1.4432103e+01
  -1.4249128e+01
  -2.1744137e+01
  -1.9483375e+01
  -1.4190059e+01
  -1.7347517e+01
  -1.5402520e+01
  -1.4133224e+01
  -1.9087608e+01
  -1.7466484e+01
  -1.3972571e+01
  -1.5941446e+01
  -1.4820905e+01
  -1.3083525e+01
  -1.9988284e+01
  -1.9828468e+01
  -1.5761984e+01
  -1.6833747e+01
  -1.1922946e+01
  -9.3952046e+00
  -1.1679983e+01
  -1.1978324e+01
  -1.1251798e+01
  -1.3338052e+01
  -1.2735723e+01
  -1.1467491e+01
  -1.2697409e+01
  -1.0622723e+01
  -1.0514549e+01
  -1.3031136e+01
  -1.1146130e+01
  -1.0859767e+01
  -1.6044806e+01
  -1.3340200e+01
  -1.4519888e+01
  -2.6349278e+01
  -2.6858996e+01
  -1.7102260e+01
  -1.7086170e+01
  -2.6080774e+01
  -2.1158047e+01
  -3.1517314e+01
  -2.1149019e+01
  -2.7653822e+01
  -2.4015316e+01
  -3.1590496e+01
  -2.2344448e+01
  -3.0320317e+01
  -2.6823683e+01
  -1.9342297e+01
  -1.3910413e+01
  -1.8051174e+01
  -2.3410467e+01
  -1.9055583e+01
  -2.3625919e+01
  -2.2292682e+01
  -1.7200827e+01
  -2.1565904e+01
  -1.7779751e+01
  -1.7135279e+01
  -3.4231779e+01
  -2.1972056e+01
  -1.7173186e+01
  -1.9285919e+01
  -1.5829238e+01
  -1.1438354e+01
  -1.4272858e+01
  -1.6835761e+01
  -1.3979430e+01
  -1.5596637e+01
  -2.1577932e+01
  -1.4630737e+01
  -1.5220292e+01
  -1.8164286e+01
  -1.6169476e+01
  -1.6235570e+01
  -2.0019442e+01
  -1.5321531e+01
  -1.6485156e+01
  -1.8620197e+01
  -1.5176726e+01
  -1.6089222e+01
  -1.8781586e+01
  -1.3391232e+01
  -1.5655418e+01
  -1.7976844e+01
  -1.3395097e+01
  -1.6525429e+01
  -2.5823702e+01
  -1.8712746e+01
  -1.8834158e+01
  -2.0951652e+01
  -1.4789717e+01
  -1.9739073e+01
  -2.4015625e+01
  -1.7448656e+01
  -1.7678451e+01
  -2.3007151e+01
  -1.5011960e+01
  -1.4763176e+01
  -1.4075456e+01
  -1.3104612e+01
  -1.6539276e+01
  -1.5964350e+01
  -1.1884975e+01
  -1.4454878e+01
  -2.1492978e+01
  -1.6920367e+01
  -1.9335186e+01
  -2.1275304e+01
  -1.4240832e+01
  -1.4950869e+01
  -1.4134142e+01
  -1.1668645e+01
  -1.5611867e+01
  -1.8418172e+01
  -1.5889296e+01
  -1.8594732e+01
  -1.3776219e+01
  -1.1372150e+01
  -1.7689457e+01
  -1.6348126e+01
  -1.2753871e+01
  -1.3833738e+01
  -1.5602331e+01
  -1.0317106e+01
  -1.0501165e+01
  -1.2167019e+01
  -1.1452331e+01
  -1.3839083e+01
  -1.3424636e+01
  -1.0736421e+01
  -1.1627822e+01
  -1.1108755e+01
  -9.2778836e+00
  -1.0988192e+01
  -1.0918871e+01
  -9.9154728e+00
  -1.0887229e+01
  -1.0391524e+01
  -9.5700490e+00
  -1.3100818e+01
  -1.3194356e+01
  -1.2164851e+01
  -1.6479852e+01
  -1.5240548e+01
  -1.2091511e+01
  -1.4114609e+01
  -1.3498926e+01
  -1.3588731e+01
  -2.1045493e+01
  -2.0231132e+01
  -1.7043873e+01
  -2.4670074e+01
  -2.1023450e+01
  -1.7450211e+01
  -2.1165724e+01
  -2.0610753e+01
  -1.8254336e+01
  -1.7565846e+01
  -1.4587403e+01
  -1.2509932e+01
  -1.4074014e+01
  -1.3457408e+01
  -1.2073535e+01
  -1.2551154e+01
  -1.2169230e+01
  -1.0814765e+01
  -1.1277376e+01
  -1.0228615e+01
  -9.0917229e+00
  -1.0523532e+01
  -1.1355921e+01
  -8.9561597e+00
  -9.3126319e+00
  -9.2014023e+00
  -8.9310091e+00
  -1.2165006e+01
  -1.3089336e+01
  -1.0630236e+01
  -1.2866326e+01
  -1.6294321e+01
  -1.1629399e+01
  -1.2680864e+01
  -1.3733304e+01
  -1.0331527e+01
  -1.2304990e+01
  -1.5691170e+01
  -1.3923708e+01
  -1.8402665e+01
  -2.7350752e+01
  -1.9024081e+01
  -1.8251481e+01
  -2.1458926e+01
  -1.6242894e+01
  -1.9171037e+01
  -1.7068742e+01
  -1.6503603e+01
  -2.0704512e+01
  -1.5433790e+01
  -1.2571799e+01
  -1.4739821e+01
  -1.4891105e+01
  -1.3469084e+01
  -1.7156660e+01
  -1.6595915e+01
  -1.4661531e+01
  -1.9693889e+01
  -1.7129700e+01
  -1.5401317e+01
  -1.9668778e+01
  -1.7357762e+01
  -1.5251680e+01
  -1.8260128e+01
  -1.5908089e+01
  -1.3202457e+01
  -1.4842313e+01
  -1.3550099e+01
  -1.4458066e+01
  -1.7208249e+01
  -1.3358272e+01
  -1.2957103e+01
  -1.7834268e+01
  -1.2367015e+01
  -1.3230634e+01
  -2.0769987e+01
  -1.7144483e+01
  -1.3143961e+01
  -1.3974379e+01
  -1.0769736e+01
  -1.0099800e+01
  -1.3595920e+01
  -1.1484001e+01
  -1.2659621e+01
  -1.6167069e+01
  -1.2049713e+01
  -1.1353898e+01
  -1.3187257e+01
  -9.7277575e+00
  -9.9589864e+00
  -1.5291367e+01
  -1.2872283e+01
  -1.0755306e+01
  -1.2915994e+01
  -1.2182947e+01
  -1.2249251e+01
  -1.4597218e+01
  -1.2821776e+01
  -1.2708292e+01
  -1.2447688e+01
  -8.7254535e+00
  -9.4485349e+00
  -1.3219383e+01
  -1.1329425e+01
  -1.0883374e+01
  -1.0600758e+01
  -8.5195081e+00
  -9.3300363e+00
  -1.0485839e+01
  -8.6679315e+00
  -1.0833253e+01
  -1.3120570e+01
  -1.0623832e+01
  -1.1439517e+01
  -1.2538441e+01
  -1.0566248e+01
  -1.2718816e+01
  -1.4710138e+01
  -1.1000469e+01
  -1.1514685e+01
  -1.4347534e+01
  -1.1243361e+01
  -1.1233562e+01
  -1.2804441e+01
  -1.1818083e+01
  -1.3354359e+01
  -1.6708831e+01
  -1.4370998e+01
  -1.6363764e+01
  -2.2900901e+01
  -1.7728021e+01
  -1.6675266e+01
  -2.1620424e+01
  -1.5487816e+01
  -1.3619287e+01
  -2.0268454e+01
  -1.7863467e+01
  -1.8595003e+01
  -2.3032713e+01
  -1.9684281e+01
  -1.4770592e+01
  -1.8808594e+01
  -2.0280234e+01
  -1.5756281e+01
  -1.9128077e+01
  -1.8434393e+01
  -1.4566529e+01
  -1.8728817e+01
  -2.0474323e+01
  -1.7652204e+01
  -2.3078035e+01
  -2.7789553e+01
  -2.4703178e+01
  -2.6387916e+01
  -2.4399633e+01
  -2.1944660e+01
  -3.0875160e+01
  -3.1363214e+01
  -2.9625904e+01
  -3.2582357e+01
  -2.1668400e+01
  -2.3131386e+01
  -2.0018648e+01
  -1.7270595e+01
  -2.8781960e+01
  -2.6741536e+01
  -2.7558409e+01
  -1.9920260e+01
  -3.5269730e+01
  -1.9498008e+01
  -2.2327686e+01
  -2.2803702e+01
  -2.1741432e+01
  -2.6117621e+01
  -3.1936583e+01
  -2.2221320e+01
  -2.0887469e+01
  -2.8932105e+01
  -2.0487432e+01
  -2.8237280e+01
  -3.7974148e+01
  -2.7475451e+01
  -2.2001787e+01
  -3.1035385e+01
  -3.1892423e+01
  -2.7396602e+01
  -1.9559529e+01
  -2.2388428e+01
  -3.5137961e+01
  -2.5255795e+01
  -2.4686643e+01
  -2.4644804e+01
  -1.5643185e+01
  -1.9253782e+01
  -2.1490104e+01
  -1.7214631e+01
  -2.1840044e+01
  -2.6100958e+01
  -1.7450206e+01
  -1.8831441e+01
  -1.9815332e+01
  -1.6585385e+01
  -2.2707701e+01
  -3.4566056e+01
  -2.6581483e+01
  -3.6147053e+01
  -2.1535081e+01
  -1.7576534e+01
  -2.3051449e+01
  -2.5373462e+01
  -2.6561607e+01
  -3.5184013e+01
  -2.1715775e+01
  -2.1807072e+01
  -2.9217475e+01
  -1.7178474e+01
  -1.9637619e+01
  -4.0658427e+01
  -2.7882560e+01
  -2.2310910e+01
  -2.7541613e+01
  -2.4337875e+01
  -2.2811330e+01
  -1.7970533e+01
  -2.0504060e+01
  -2.0348971e+01
  -1.4798655e+01
  -1.8445036e+01
  -2.7385960e+01
  -2.0162993e+01
  -1.9348839e+01
  -2.9520799e+01
  -2.4549433e+01
  -3.2991265e+01
  -2.7203649e+01
  -2.5303320e+01
  -2.9570108e+01
  -2.8706821e+01
  -2.5692694e+01
  -2.4870397e+01
  -1.8491008e+01
  -2.5329437e+01
  -2.1501178e+01
  -2.0194919e+01
  -2.8678127e+01
  -2.4493926e+01
  -1.5941522e+01
  -1.7722066e+01
  -1.6941996e+01
  -1.2722526e+01
  -1.4829249e+01
  -1.6992704e+01
  -1.5385664e+01
  -1.5174350e+01
  -1.3749520e+01
  -1.2620806e+01
  -1.6807077e+01
  -1.6466279e+01
  -1.3451000e+01
  -1.5075499e+01
  -1.5183970e+01
  -1.2485777e+01
  -1.2869579e+01
  -1.1170126e+01
  -1.0628595e+01
  -1.3981115e+01
  -1.2067811e+01
  -1.0236330e+01
  -1.3486450e+01
  -1.3065710e+01
  -1.2103789e+01
  -1.6808776e+01
  -1.4506162e+01
  -1.1810450e+01
  -1.3975384e+01
  -1.2988152e+01
  -1.1269742e+01
  -1.4421259e+01
  -1.5140356e+01
  -1.5454328e+01
  -1.7548091e+01
  -1.5028932e+01
  -1.6384318e+01
  -1.9395153e+01
  -1.3841051e+01
  -1.5293456e+01
  -2.4310674e+01
  -1.7634301e+01
  -1.4572656e+01
  -1.5261234e+01
  -1.3876165e+01
  -1.4376313e+01
  -1.4517341e+01
  -1.3393093e+01
  -1.6122071e+01
  -1.8434518e+01
  -1.6819768e+01
  -1.7636697e+01
  -1.5305680e+01
  -1.4074657e+01
  -1.8457595e+01
  -1.6330555e+01
  -1.2887557e+01
  -1.4194260e+01
  -1.3840878e+01
  -1.1530987e+01
  -1.4122171e+01
  -1.5166864e+01
  -1.2843983e+01
  -1.4612753e+01
  -1.4053675e+01
  -1.0962506e+01
  -1.2466597e+01
  -1.5414686e+01
  -1.2496325e+01
  -1.3240102e+01
  -1.7654102e+01
  -1.4576895e+01
  -1.4482037e+01
  -1.7515950e+01
  -1.5320301e+01
  -1.4656665e+01
  -1.5145896e+01
  -1.2582766e+01
  -1.3571735e+01
  -1.9037970e+01
  -1.4288206e+01
  -1.3248954e+01
  -1.7062040e+01
  -1.4799799e+01
  -1.1995359e+01
  -1.3766235e+01
  -1.4257266e+01
  -1.3284566e+01
  -1.3946470e+01
  -1.2845330e+01
  -1.1576517e+01
  -1.0291728e+01
  -8.7573502e+00
  -9.9145807e+00
  -1.1236417e+01
  -9.3187791e+00
  -8.5103894e+00
  -7.9886360e+00
  -6.0849702e+00
  -5.7194161e+00
  -5.6894673e+00
  -4.8445095e+00
  -5.0709949e+00
  -4.6600480e+00
  -3.0885964e+00
  -2.3014967e+00
  -1.2710538e+00
  -2.2849732e-01
  -7.9107996e-01
  -1.7247090e+00
  -1.4546252e+00
  -1.6527856e+00
  -2.0272557e+00
  -1.6005022e+00
  -2.0634985e+00
  -2.8479177e+00
  -2.8072647e+00
  -3.4931140e+00
  -4.0265914e+00
  -3.2593833e+00
  -3.2081436e+00
  -3.7757921e+00
  -4.2355013e+00
  -5.5397820e+00
  -6.8130142e+00
  -7.3602449e+00
  -9.4533653e+00
  -1.0815365e+01
  -1.0267016e+01
  -1.3281805e+01
  -1.6357430e+01
  -1.3496498e+01
  -1.4081726e+01
  -1.4825283e+01
  -1.3821157e+01
  -1.5914241e+01
  -1.5723347e+01
  -1.5237672e+01
  -2.0343435e+01
  -1.9259118e+01
  -1.4578559e+01
  -1.6065582e+01
  -1.7064963e+01
  -1.6820722e+01
  -1.9695339e+01
  -1.9067068e+01
  -1.5044532e+01
  -1.5079013e+01
  -1.5005654e+01
  -1.4914424e+01
  -1.9594092e+01
  -2.2922925e+01
  -1.8075460e+01
  -1.8711903e+01
  -1.8024604e+01
  -1.5848865e+01
  -1.9911899e+01
  -1.9228170e+01
  -1.4786623e+01
  -1.5309306e+01
  -1.6945659e+01
  -1.3278547e+01
  -1.4585081e+01
  -1.8057253e+01
  -1.5642824e+01
  -1.8766962e+01
  -2.2439342e+01
  -1.6417584e+01
  -2.0411029e+01
  -2.4938601e+01
  -2.1546495e+01
  -2.7338146e+01
  -2.3016562e+01
  -1.6299843e+01
  -1.7875420e+01
  -1.6274419e+01
  -1.3907157e+01
  -1.9096693e+01
  -1.8515016e+01
  -1.9454736e+01
  -2.3006177e+01
  -1.9008393e+01
  -1.9196779e+01
  -2.5403842e+01
  -2.0728271e+01
  -2.4196037e+01
  -2.0228300e+01
  -1.5982805e+01
  -1.5827677e+01
  -1.1642981e+01
  -9.0845938e+00
  -8.5001274e+00
  -7.1709685e+00
  -6.5085583e+00
  -6.4257391e+00
  -5.2912645e+00
  -5.0356939e+00
  -5.7318827e+00
  -4.9116880e+00
  -4.4361997e+00
  -4.7272189e+00
  -3.8267265e+00
  -3.6443168e+00
  -4.0424777e+00
  -2.8169867e+00
  -2.2985332e+00
  -3.1997560e+00
  -3.0532759e+00
  -3.0209710e+00
  -4.6739435e+00
  -5.8864290e+00
  -6.0425892e+00
  -7.0536208e+00
  -7.5670400e+00
  -8.4115713e+00
  -1.0152872e+01
  -1.0377441e+01
  -1.1527688e+01
  -1.4042769e+01
  -1.3173006e+01
  -1.3021230e+01
  -1.5020067e+01
  -1.5403784e+01
  -1.6651997e+01
  -1.6796283e+01
  -1.5640091e+01
  -1.9055380e+01
  -2.0642673e+01
  -1.9874768e+01
  -3.1924319e+01
  -1.9818053e+01
  -1.8252324e+01
  -2.6140394e+01
  -2.2998904e+01
  -2.0415773e+01
  -3.0419982e+01
  -3.2557837e+01
  -4.3680041e+01
  -3.5517981e+01
  -3.1946219e+01
  -2.6192556e+01
  -3.7932068e+01
  -2.4056687e+01
  -2.9076265e+01
  -2.3620942e+01
  -2.5171704e+01
  -3.3822394e+01
  -2.6769763e+01
  -2.1319849e+01
  -2.2399774e+01
  -3.2988755e+01
  -2.6567266e+01
  -2.3281262e+01
  -2.2608214e+01
  -2.9694890e+01
  -2.0426628e+01
  -2.1247572e+01
  -2.9048642e+01
  -2.2456362e+01
  -1.9633329e+01
  -2.2639520e+01
  -1.9094754e+01
  -2.1622369e+01
  -2.4807066e+01
  -1.8624315e+01
  -1.8049129e+01
  -1.9397066e+01
  -1.3513765e+01
  -1.3507859e+01
  -1.7491470e+01
  -1.7901114e+01
  -2.0361195e+01
  -2.0262759e+01
  -1.5897290e+01
  -1.7440503e+01
  -2.1153906e+01
  -1.6237054e+01
  -1.9735549e+01
  -2.4192348e+01
  -1.5829754e+01
  -1.5243730e+01
  -1.8915518e+01
  -1.4513203e+01
  -1.5077495e+01
  -1.7243121e+01
  -1.5679515e+01
  -1.7047806e+01
  -1.8596474e+01
  -1.5394091e+01
  -1.6380086e+01
  -1.5596034e+01
  -1.4099159e+01
  -1.8430326e+01
  -2.3132555e+01
  -2.2956850e+01
  -2.2857956e+01
  -1.7480984e+01
  -1.6147461e+01
  -1.9255998e+01
  -1.7214465e+01
  -1.7241358e+01
  -2.3145463e+01
  -2.1639824e+01
  -1.8392462e+01
  -2.0792360e+01
  -1.8414939e+01
  -1.9711509e+01
  -2.0497339e+01
  -1.5391123e+01
  -1.5702970e+01
  -1.9972416e+01
  -1.8950957e+01
  -1.8936810e+01
  -2.3332613e+01
  -2.0562940e+01
  -1.6960353e+01
  -1.7781396e+01
  -1.8944779e+01
  -1.7954980e+01
  -2.0080974e+01
  -1.8008928e+01
  -1.5442598e+01
  -1.6829422e+01
  -1.6106721e+01
  -1.3463845e+01
  -1.4844294e+01
  -1.6078851e+01
  -1.4430994e+01
  -1.5032849e+01
  -1.5190758e+01
  -1.3315163e+01
  -1.4898267e+01
  -1.6077155e+01
  -1.3975043e+01
  -1.5860033e+01
  -2.1263392e+01
  -1.8729659e+01
  -1.7819100e+01
  -1.7682640e+01
  -1.6141336e+01
  -1.7302464e+01
  -2.0485297e+01
  -1.9218754e+01
  -2.2337774e+01
  -2.3590708e+01
  -2.0328133e+01
  -2.4219925e+01
  -2.7322463e+01
  -2.0533976e+01
  -2.0808731e+01
  -2.6382185e+01
  -2.5626836e+01
  -2.8529031e+01
  -2.7067286e+01
  -2.0345354e+01
  -1.8450846e+01
  -1.6990449e+01
  -1.7173251e+01
  -2.4358527e+01
  -2.2458181e+01
  -1.8778058e+01
  -1.9547976e+01
  -2.3362001e+01
  -1.9292158e+01
  -2.1054980e+01
  -2.3008063e+01
  -2.0382922e+01
  -2.3427135e+01
  -3.1799426e+01
  -1.7531361e+01
  -1.7161825e+01
  -2.1733588e+01
  -1.8236119e+01
  -2.1030069e+01
  -2.9819292e+01
  -2.3901581e+01
  -2.3153809e+01
  -3.2253307e+01
  -2.1167874e+01
  -2.1720684e+01
  -3.1286196e+01
  -2.1552880e+01
  -2.2676450e+01
  -2.5997409e+01
  -1.9067750e+01
  -2.2010004e+01
  -2.3951298e+01
  -1.9841302e+01
  -2.2755312e+01
  -3.2576020e+01
  -2.5886442e+01
  -2.5486019e+01
  -3.5763606e+01
  -2.7021335e+01
  -2.7853164e+01
  -4.3862824e+01
  -2.5929068e+01
  -2.4005864e+01
  -2.1597119e+01
  -2.1789336e+01
  -2.5499285e+01
  -2.1758098e+01
  -1.9616007e+01
  -2.0517836e+01
  -2.0275661e+01
  -2.1980366e+01
  -1.8494431e+01
  -1.6498960e+01
  -2.1734516e+01
  -2.4238952e+01
  -1.8762930e+01
  -2.0005161e+01
  -2.5385453e+01
  -1.9049267e+01
  -2.1897300e+01
  -2.2374492e+01
  -2.0234199e+01
  -2.3998204e+01
  -3.7231770e+01
  -2.3307183e+01
  -3.4514913e+01
  -1.9201304e+01
  -1.9085444e+01
  -4.1744523e+01
  -2.6156846e+01
  -3.0014992e+01
  -2.4236112e+01
  -3.0926609e+01
  -2.7015359e+01
  -2.8312100e+01
  -2.2794149e+01
  -2.4365257e+01
  -1.7829550e+01
  -1.9089349e+01
  -2.6163200e+01
  -1.7739429e+01
  -1.7169191e+01
  -1.5994730e+01
  -1.2073577e+01
  -1.2927317e+01
  -1.3382472e+01
  -1.1178152e+01
  -1.2135660e+01
  -1.3021240e+01
  -1.0991676e+01
  -1.2156916e+01
  -1.4116723e+01
  -1.1607263e+01
  -1.2676074e+01
  -1.4253997e+01
  -1.2276364e+01
  -1.3156125e+01
  -1.3668955e+01
  -1.2037745e+01
  -1.5339148e+01
  -1.9867688e+01
  -1.6958732e+01
  -1.7606421e+01
  -2.0368925e+01
  -1.5625541e+01
  -1.7743391e+01
  -3.0508937e+01
  -2.4105187e+01
  -3.1482543e+01
  -2.5455158e+01
  -3.6147996e+01
  -2.5217606e+01
  -2.0097407e+01
  -2.1380128e+01
  -3.0845305e+01
  -2.2713254e+01
  -2.1891886e+01
  -2.4864396e+01
  -2.1169796e+01
  -2.1282701e+01
  -2.3915415e+01
  -1.7838119e+01
  -2.0108949e+01
  -2.2977489e+01
  -1.9544979e+01
  -2.0954000e+01
  -2.9050642e+01
  -1.8791335e+01
  -2.2742466e+01
  -2.3416753e+01
  -2.0542999e+01
  -2.9650337e+01
  -2.7161742e+01
  -2.3147195e+01
  -2.4575925e+01
  -2.4317201e+01
  -1.8295562e+01
  -2.0730164e+01
  -2.3439350e+01
  -1.9378946e+01
  -2.1570147e+01
  -2.0851871e+01
  -1.7665927e+01
  -1.7930819e+01
  -1.8464282e+01
  -2.2100637e+01
  -2.5614482e+01
  -2.0910535e+01
  -1.9131204e+01
  -1.8730838e+01
  -1.6894556e+01
  -2.2242731e+01
  -2.9635515e+01
  -2.1052240e+01
  -1.9246472e+01
  -2.2362895e+01
  -2.3345880e+01
  -2.3082675e+01
  -2.8933307e+01
  -2.4185228e+01
  -2.3172362e+01
  -2.4777424e+01
  -2.2250968e+01
  -2.1386227e+01
  -2.8655832e+01
  -2.1053093e+01
  -2.0361986e+01
  -2.3478864e+01
  -1.7945017e+01
  -1.3770901e+01
  -1.4075910e+01
  -1.3374911e+01
  -1.2842652e+01
  -1.3359565e+01
  -1.1887283e+01
  -1.1547912e+01
  -1.2305515e+01
  -9.9322858e+00
  -9.5352458e+00
  -1.1266270e+01
  -1.0883081e+01
  -1.0175892e+01
  -1.0271370e+01
  -8.4366836e+00
  -7.7202968e+00
  -1.0069150e+01
  -1.1139589e+01
  -9.8916494e+00
  -1.0126099e+01
  -1.0752099e+01
  -1.1212412e+01
  -1.1890105e+01
  -1.2016832e+01
  -1.3682649e+01
  -1.6747412e+01
  -1.6096607e+01
  -1.5851486e+01
  -1.6633959e+01
  -1.4869523e+01
  -1.6076181e+01
  -1.7799633e+01
  -1.8628008e+01
  -2.4874014e+01
  -2.2346499e+01
  -1.7008182e+01
  -1.7483981e+01
  -1.9734384e+01
  -2.0318134e+01
  -2.4388876e+01
  -2.4797553e+01
  -2.3352062e+01
  -2.2366339e+01
  -1.6558180e+01
  -1.6070515e+01
  -2.0944890e+01
  -1.7810087e+01
  -1.7800531e+01
  -2.1047881e+01
  -1.9238766e+01
  -1.6704018e+01
  -1.7033828e+01
  -1.6830518e+01
  -1.9493203e+01
  -2.5796929e+01
  -2.0648542e+01
  -1.8375184e+01
  -2.0652982e+01
  -1.7503943e+01
  -1.6880114e+01
  -1.9096774e+01
  -1.8738982e+01
  -2.1609024e+01
  -2.5010604e+01
  -1.9249196e+01
  -1.7789901e+01
  -1.7406714e+01
  -1.6125103e+01
  -2.1206121e+01
  -2.4547085e+01
  -2.1503349e+01
  -2.4680539e+01
  -2.0513224e+01
  -1.6799157e+01
  -1.8024506e+01
  -1.9231286e+01
  -1.9212744e+01
  -2.4137756e+01
  -2.7598269e+01
  -2.7357657e+01
  -2.8536241e+01
  -2.4120605e+01
  -2.3899506e+01
  -3.2964313e+01
  -2.1815806e+01
  -2.0505767e+01
  -2.1417149e+01
  -1.4899830e+01
  -1.7139145e+01
  -3.7985801e+01
  -2.2339753e+01
  -2.2899012e+01
  -2.4053388e+01
  -2.1852093e+01
  -1.7227486e+01
  -2.3761866e+01
  -2.6543182e+01
  -2.5370325e+01
  -3.5321090e+01
  -2.8198745e+01
  -2.3576384e+01
  -2.4639080e+01
  -3.1104408e+01
  -2.0038489e+01
  -2.0641311e+01
  -2.9000891e+01
  -2.6961385e+01
  -2.6028966e+01
  -2.5327759e+01
  -2.2109371e+01
  -2.1320544e+01
  -2.1035552e+01
  -1.8506534e+01
  -2.2058449e+01
  -2.3446054e+01
  -2.1676031e+01
  -2.8218134e+01
  -2.9535922e+01
  -2.0900293e+01
  -2.1737988e+01
  -2.7347634e+01
  -1.9158862e+01
  -2.3575761e+01
  -3.7018025e+01
  -2.6122979e+01
  -2.1395880e+01
  -2.9095375e+01
  -2.4672443e+01
  -2.2486247e+01
  -3.1339329e+01
  -2.3302854e+01
  -1.9781279e+01
