   3.1415927e+00
   1.6285267e+00
  -1.7953870e-01
   1.9005829e+00
   1.8093018e+00
   2.0489402e+00
   1.0996439e+00
   1.6076367e+00
   4.1872950e-01
   5.0057943e-01
  -3.5804456e-01
  -1.5411018e+00
  -1.7163860e+00
  -3.0689831e+00
  -3.6302028e+00
  -3.4290185e+00
  -4.4812479e+00
  -5.0531856e+00
  -5.3706030e+00
  -5.9546105e+00
  -6.5061936e+00
  -7.1953369e+00
  -7.7684815e+00
  -8.5544573e+00
  -9.3285044e+00
  -9.6597066e+00
  -1.0379852e+01
  -1.1302230e+01
  -1.1919664e+01
  -1.2395982e+01
  -1.3170290e+01
  -1.3872172e+01
  -1.4475358e+01
  -1.5287938e+01
  -1.6108115e+01
  -1.6658241e+01
  -1.7284768e+01
  -1.8133811e+01
  -1.8946047e+01
  -1.9652054e+01
  -2.0374410e+01
  -2.1128766e+01
  -2.1883198e+01
  -2.2620399e+01
  -2.3320502e+01
  -2.4027512e+01
  -2.4774695e+01
  -2.5544652e+01
  -2.6323506e+01
  -2.7096655e+01
  -2.7876206e+01
  -2.8693224e+01
  -2.9541524e+01
  -3.0403532e+01
  -3.1268460e+01
  -3.2117200e+01
  -3.2958760e+01
  -3.3835597e+01
  -3.4742658e+01
  -3.5627352e+01
  -3.6450303e+01
  -3.7204925e+01
  -3.7908457e+01
  -3.8602664e+01
  -3.9285579e+01
  -3.9900354e+01
  -4.0502621e+01
  -4.1219582e+01
  -4.1926977e+01
  -4.1638304e+01
  -4.1876151e+01
  -4.2734880e+01
  -4.3552292e+01
  -4.4272486e+01
  -4.5043280e+01
  -4.5778693e+01
  -4.6314127e+01
  -4.6997545e+01
  -4.7795003e+01
  -4.8381269e+01
  -4.8961224e+01
  -4.9593140e+01
  -4.9975303e+01
  -5.0600724e+01
  -5.1292437e+01
  -5.1867796e+01
  -5.2530308e+01
  -5.2992787e+01
  -5.3970552e+01
  -5.4764880e+01
  -5.4029766e+01
  -5.4624539e+01
  -5.4622899e+01
  -5.5253759e+01
  -5.5430455e+01
  -5.6324703e+01
  -5.7753785e+01
  -5.7533976e+01
  -5.9136212e+01
  -6.0239122e+01
  -6.0682665e+01
  -6.1773369e+01
  -6.2987556e+01
  -6.3832399e+01
  -6.4656129e+01
  -6.5651540e+01
  -6.6217860e+01
  -6.6679918e+01
  -6.7304292e+01
  -6.7924868e+01
  -6.8689808e+01
  -6.9317756e+01
  -6.9863522e+01
  -7.0605302e+01
  -7.1391555e+01
  -7.2234147e+01
  -7.3121560e+01
  -7.4014631e+01
  -7.4942643e+01
  -7.5883664e+01
  -7.6802412e+01
  -7.7786653e+01
  -7.8896866e+01
  -8.0220948e+01
  -8.2690729e+01
  -8.4144709e+01
  -8.5066444e+01
  -8.5844315e+01
  -8.6687001e+01
  -8.7542034e+01
  -8.8262755e+01
  -8.8993217e+01
  -8.9816787e+01
  -9.0611282e+01
  -9.1358322e+01
  -9.2076464e+01
  -9.2805306e+01
  -9.3434414e+01
  -9.3828461e+01
  -9.4571966e+01
  -9.5425978e+01
  -9.5806608e+01
  -9.6359800e+01
  -9.7149312e+01
  -9.7876781e+01
  -9.8586561e+01
  -9.9070132e+01
  -9.9655740e+01
  -1.0039787e+02
  -1.0092743e+02
  -1.0160941e+02
  -1.0228151e+02
  -1.0286931e+02
  -1.0370565e+02
  -1.0432335e+02
  -1.0487178e+02
  -1.0548655e+02
  -1.0578511e+02
  -1.0649460e+02
  -1.0686850e+02
  -1.0735321e+02
  -1.0829885e+02
  -1.0880248e+02
  -1.0962542e+02
  -1.1053683e+02
  -1.1080133e+02
  -1.1139790e+02
  -1.1190911e+02
  -1.1248861e+02
  -1.1329802e+02
  -1.1367482e+02
  -1.1457569e+02
  -1.1544314e+02
  -1.1613954e+02
  -1.1722634e+02
  -1.1811709e+02
  -1.1860628e+02
  -1.1990617e+02
  -1.1690866e+02
  -1.1970623e+02
  -1.2283489e+02
  -1.2335226e+02
  -1.2328261e+02
  -1.2463426e+02
  -1.2502729e+02
  -1.2589068e+02
  -1.2876024e+02
  -1.3050088e+02
  -1.3073645e+02
  -1.3114868e+02
  -1.2803908e+02
  -1.2949875e+02
  -1.2948910e+02
  -1.3041819e+02
  -1.3094432e+02
  -1.3053285e+02
  -1.3138958e+02
  -1.3175087e+02
  -1.3299722e+02
  -1.3417232e+02
  -1.3452145e+02
  -1.3555905e+02
  -1.3623744e+02
  -1.3607063e+02
  -1.3668146e+02
  -1.3711089e+02
  -1.3805034e+02
  -1.3899449e+02
  -1.3964736e+02
  -1.4099811e+02
  -1.4055196e+02
  -1.4089350e+02
  -1.4157864e+02
  -1.4190365e+02
  -1.4267344e+02
  -1.4311508e+02
  -1.4365546e+02
  -1.4439979e+02
  -1.4505112e+02
  -1.4592322e+02
  -1.4669356e+02
  -1.4725174e+02
  -1.4798544e+02
  -1.4867761e+02
  -1.4940899e+02
  -1.5017741e+02
  -1.5083953e+02
  -1.5164171e+02
  -1.5253160e+02
  -1.5335684e+02
  -1.5420616e+02
  -1.5496280e+02
  -1.5561763e+02
  -1.5645613e+02
  -1.5727976e+02
  -1.5801076e+02
  -1.5892073e+02
  -1.5954804e+02
  -1.6008974e+02
  -1.6104503e+02
  -1.6135969e+02
  -1.6140927e+02
  -1.6207836e+02
  -1.6295724e+02
  -1.6371278e+02
  -1.6328248e+02
  -1.6444042e+02
  -1.6532507e+02
  -1.6611136e+02
  -1.6726874e+02
  -1.6778998e+02
  -1.6818355e+02
  -1.6935009e+02
  -1.6982655e+02
  -1.7054964e+02
  -1.7294127e+02
  -1.7478123e+02
  -1.7367677e+02
  -1.7532072e+02
  -1.7330094e+02
  -1.7518783e+02
  -1.7234260e+02
  -1.7404870e+02
  -1.7330204e+02
  -1.7447811e+02
  -1.7490299e+02
  -1.7502167e+02
  -1.7263058e+02
  -1.7449404e+02
  -1.7613859e+02
  -1.7463830e+02
  -1.7678091e+02
  -1.7921913e+02
  -1.7954118e+02
  -1.8030313e+02
  -1.8188996e+02
  -1.7973207e+02
  -1.7814437e+02
  -1.7980376e+02
  -1.8124983e+02
  -1.8051160e+02
  -1.8235725e+02
  -1.8519824e+02
  -1.8647489e+02
  -1.8653374e+02
  -1.8782721e+02
  -1.8994263e+02
  -1.9258341e+02
  -1.9140622e+02
  -1.9275515e+02
  -1.9335745e+02
  -1.9359927e+02
  -1.9418285e+02
  -1.9354659e+02
  -1.9498789e+02
  -1.9619754e+02
  -1.9708593e+02
  -1.9829974e+02
  -1.9925123e+02
  -1.9986461e+02
  -2.0088528e+02
  -2.0196958e+02
  -2.0295004e+02
  -2.0425109e+02
  -2.0534727e+02
  -2.0545584e+02
  -2.0627691e+02
  -2.0669785e+02
  -2.0727112e+02
  -2.0985368e+02
  -2.0888148e+02
  -2.1050203e+02
  -2.1185829e+02
  -2.1230537e+02
  -2.1274993e+02
  -2.1395858e+02
  -2.1458937e+02
  -2.1580822e+02
  -2.1704798e+02
  -2.1744180e+02
  -2.1812764e+02
  -2.1906981e+02
  -2.1927379e+02
  -2.2020465e+02
  -2.2143765e+02
  -2.2163823e+02
  -2.2319808e+02
  -2.2178778e+02
  -2.2323345e+02
  -2.2448547e+02
  -2.2415975e+02
  -2.2514762e+02
  -2.2634073e+02
  -2.2557765e+02
  -2.2734304e+02
  -2.2905009e+02
  -2.2915694e+02
  -2.2998728e+02
  -2.3019283e+02
  -2.3068712e+02
  -2.3088150e+02
  -2.3151059e+02
  -2.3249599e+02
  -2.3279023e+02
  -2.3416753e+02
  -2.3565519e+02
  -2.3560260e+02
  -2.3643823e+02
  -2.3745212e+02
  -2.3790281e+02
  -2.3923779e+02
  -2.4199813e+02
  -2.4307258e+02
  -2.4267915e+02
  -2.4395669e+02
  -2.4349972e+02
  -2.4431715e+02
  -2.4208377e+02
  -2.4371858e+02
  -2.4126421e+02
  -2.4281285e+02
  -2.4281883e+02
  -2.4385617e+02
  -2.4441568e+02
  -2.4428392e+02
  -2.4686601e+02
  -2.4922678e+02
  -2.5031195e+02
  -2.4999445e+02
  -2.5151903e+02
  -2.5337045e+02
  -2.5314510e+02
  -2.5482647e+02
  -2.5602948e+02
  -2.5557930e+02
  -2.5655027e+02
  -2.5637376e+02
  -2.5718393e+02
  -2.5916721e+02
  -2.5819508e+02
  -2.6047952e+02
  -2.6176123e+02
  -2.6200164e+02
  -2.6269759e+02
  -2.6368585e+02
  -2.6448129e+02
  -2.6569347e+02
  -2.6684957e+02
  -2.6766217e+02
  -2.6863806e+02
  -2.6951689e+02
  -2.7022165e+02
  -2.7157143e+02
  -2.7297371e+02
  -2.7367910e+02
  -2.7460675e+02
  -2.7560331e+02
  -2.7514130e+02
  -2.7620586e+02
  -2.7465319e+02
  -2.7628427e+02
  -2.7391794e+02
  -2.7636721e+02
  -2.7899382e+02
  -2.7995871e+02
  -2.8041139e+02
  -2.8154307e+02
  -2.8217289e+02
  -2.8277495e+02
  -2.8449274e+02
  -2.8640715e+02
  -2.8659121e+02
  -2.8811206e+02
  -2.9078248e+02
  -2.9275481e+02
  -2.9196364e+02
  -2.9298687e+02
  -2.9376645e+02
  -2.9423784e+02
  -2.9538068e+02
  -2.9598473e+02
  -2.9688157e+02
  -2.9834765e+02
  -2.9923535e+02
  -2.9926073e+02
  -3.0033814e+02
  -3.0066471e+02
  -3.0124388e+02
  -3.0266464e+02
  -3.0298817e+02
  -3.0420501e+02
  -3.0547788e+02
  -3.0518717e+02
  -3.0604563e+02
  -3.0644061e+02
  -3.0658013e+02
  -3.0752104e+02
  -3.0702913e+02
  -3.0867985e+02
  -3.1062869e+02
  -3.1095374e+02
  -3.1181546e+02
  -3.1270040e+02
  -3.1257183e+02
  -3.1337376e+02
  -3.1398900e+02
  -3.1544729e+02
  -3.1794359e+02
  -3.1907001e+02
  -3.1917927e+02
  -3.2049823e+02
  -3.1768536e+02
  -3.1949136e+02
  -3.1802301e+02
  -3.1975814e+02
  -3.2212485e+02
  -3.2385970e+02
  -3.2371795e+02
  -3.2484389e+02
  -3.2557910e+02
  -3.2613969e+02
  -3.2744009e+02
  -3.2835497e+02
  -3.2921052e+02
  -3.3050864e+02
  -3.3092398e+02
  -3.3157177e+02
  -3.3302677e+02
  -3.3119167e+02
  -3.3314109e+02
  -3.3591657e+02
  -3.3389348e+02
  -3.3573492e+02
  -3.3681177e+02
  -3.3712775e+02
  -3.3809041e+02
  -3.3868533e+02
  -3.3895624e+02
  -3.4050573e+02
  -3.4168505e+02
  -3.4241756e+02
  -3.4345248e+02
  -3.4391165e+02
  -3.4461779e+02
  -3.4593353e+02
  -3.4524560e+02
  -3.4826643e+02
  -3.4972092e+02
  -3.4994380e+02
  -3.5002825e+02
  -3.5115883e+02
  -3.5057534e+02
  -3.5222654e+02
  -3.5531941e+02
  -3.5676120e+02
  -3.5637156e+02
  -3.5673880e+02
  -3.5612132e+02
  -3.5738136e+02
  -3.5566233e+02
  -3.5714899e+02
  -3.5505198e+02
  -3.5652675e+02
  -3.5516752e+02
  -3.5639791e+02
  -3.5677299e+02
  -3.5731108e+02
  -3.5865148e+02
  -3.5892175e+02
  -3.6058120e+02
  -3.6200198e+02
  -3.6264108e+02
  -3.6286385e+02
  -3.6375959e+02
  -3.6382087e+02
  -3.6503082e+02
  -3.6724425e+02
  -3.6864613e+02
  -3.6804925e+02
  -3.6867765e+02
  -3.6875302e+02
  -3.6945173e+02
  -3.6866822e+02
  -3.6990584e+02
  -3.7052777e+02
  -3.7091506e+02
  -3.7267877e+02
  -3.7390766e+02
  -3.7422271e+02
  -3.7514932e+02
  -3.7582416e+02
  -3.7609691e+02
  -3.7680414e+02
  -3.7684480e+02
  -3.7812929e+02
  -3.7975191e+02
  -3.8002220e+02
  -3.8126032e+02
  -3.8193774e+02
  -3.8163258e+02
  -3.8298430e+02
  -3.8145668e+02
  -3.8313080e+02
  -3.8505582e+02
  -3.8495497e+02
  -3.8622188e+02
  -3.8733366e+02
  -3.8757560e+02
  -3.8833274e+02
  -3.8924855e+02
  -3.9025768e+02
  -3.9229647e+02
  -3.9342825e+02
  -3.9354202e+02
  -3.9432432e+02
  -3.9522282e+02
  -3.9594048e+02
  -3.9298596e+02
  -3.9407968e+02
  -3.9391676e+02
  -3.9465258e+02
  -3.9598751e+02
  -3.9499082e+02
  -3.9792789e+02
  -3.9964012e+02
  -4.0050780e+02
  -4.0057201e+02
  -4.0190848e+02
  -3.9895231e+02
  -3.9970166e+02
  -4.0022616e+02
  -4.0138310e+02
  -3.9976846e+02
  -4.0063966e+02
  -4.0042949e+02
  -4.0157560e+02
  -4.0319329e+02
  -4.0460212e+02
  -4.0535215e+02
  -4.0630604e+02
  -4.0683907e+02
  -4.0769229e+02
  -4.0888306e+02
  -4.0979157e+02
  -4.1085673e+02
  -4.1204946e+02
  -4.1245974e+02
  -4.1361752e+02
  -4.1537495e+02
  -4.1749668e+02
  -4.1797247e+02
  -4.1879999e+02
  -4.1997014e+02
  -4.2047468e+02
  -4.2152419e+02
  -4.2358597e+02
  -4.2480489e+02
  -4.2454558e+02
  -4.2589568e+02
  -4.2450974e+02
  -4.2576911e+02
  -4.2531821e+02
  -4.2584732e+02
  -4.2656753e+02
  -4.2746229e+02
  -4.3034968e+02
  -4.3187029e+02
  -4.3205686e+02
  -4.3251523e+02
  -4.3404398e+02
  -4.3554855e+02
  -4.3591983e+02
  -4.3749045e+02
  -4.3844322e+02
  -4.3838155e+02
  -4.3981706e+02
  -4.3743788e+02
  -4.3926926e+02
  -4.3684383e+02
  -4.3775553e+02
  -4.3778090e+02
  -4.3907475e+02
  -4.3778934e+02
  -4.3929292e+02
  -4.4170893e+02
  -4.3923526e+02
  -4.3650633e+02
  -4.3825734e+02
  -4.3924878e+02
  -4.3915332e+02
  -4.4053002e+02
  -4.4118237e+02
  -4.4194057e+02
  -4.4361613e+02
  -4.4441808e+02
  -4.4492166e+02
  -4.4650608e+02
  -4.4835403e+02
  -4.4768522e+02
  -4.4964966e+02
  -4.5179052e+02
  -4.4911448e+02
  -4.5128897e+02
  -4.4858711e+02
  -4.5043415e+02
  -4.5069651e+02
  -4.5151452e+02
  -4.5284368e+02
  -4.5218701e+02
  -4.5453241e+02
  -4.5654511e+02
  -4.5495829e+02
  -4.5624611e+02
  -4.5605565e+02
  -4.5709456e+02
  -4.5858501e+02
  -4.5696758e+02
  -4.5394048e+02
  -4.5605738e+02
  -4.5587934e+02
  -4.5688710e+02
  -4.5418448e+02
  -4.5632296e+02
  -4.5802784e+02
  -4.5601815e+02
  -4.5809342e+02
  -4.5534252e+02
  -4.5832330e+02
  -4.6139782e+02
  -4.6268560e+02
  -4.6335143e+02
  -4.6394139e+02
  -4.6288670e+02
  -4.6361945e+02
  -4.6209002e+02
  -4.6333723e+02
  -4.6427707e+02
  -4.6477925e+02
  -4.6665704e+02
  -4.6942969e+02
  -4.7237438e+02
  -4.6947787e+02
  -4.6682920e+02
  -4.6866417e+02
  -4.6971906e+02
  -4.6944186e+02
  -4.7070000e+02
  -4.7202089e+02
  -4.7316337e+02
  -4.7447902e+02
  -4.7522802e+02
  -4.7559721e+02
  -4.7691977e+02
  -4.7460371e+02
  -4.7626619e+02
  -4.7682813e+02
  -4.7715985e+02
  -4.7955155e+02
  -4.8084963e+02
  -4.8089776e+02
  -4.8176139e+02
  -4.8242297e+02
  -4.8306092e+02
  -4.8414979e+02
  -4.8511058e+02
  -4.8606400e+02
  -4.8721920e+02
  -4.8794278e+02
  -4.8833003e+02
  -4.8906237e+02
  -4.8922514e+02
  -4.8983833e+02
  -4.8863054e+02
  -4.9015534e+02
  -4.9175112e+02
  -4.9218548e+02
  -4.9329563e+02
  -4.9437395e+02
  -4.9499689e+02
  -4.9567049e+02
  -4.9636180e+02
  -4.9710865e+02
  -4.9867244e+02
  -4.9982246e+02
  -5.0056718e+02
  -5.0176652e+02
  -5.0312699e+02
  -5.0249951e+02
  -5.0454352e+02
  -5.0643322e+02
  -5.0695528e+02
  -5.0668592e+02
  -5.0786672e+02
  -5.0647557e+02
  -5.0739486e+02
  -5.0710250e+02
  -5.0705511e+02
  -5.0698853e+02
  -5.0712159e+02
  -5.0762216e+02
  -5.0864658e+02
  -5.0859292e+02
  -5.0975721e+02
  -5.1175269e+02
  -5.1304840e+02
  -5.1273504e+02
  -5.1434894e+02
  -5.1617065e+02
  -5.1525793e+02
  -5.1780771e+02
  -5.1967221e+02
  -5.1894274e+02
  -5.2016547e+02
  -5.2219048e+02
  -5.1926870e+02
  -5.1627948e+02
  -5.1893611e+02
  -5.2134961e+02
  -5.2437507e+02
  -5.2310493e+02
  -5.2461930e+02
  -5.2563137e+02
  -5.2593231e+02
  -5.2737011e+02
  -5.2981329e+02
  -5.3068178e+02
  -5.3120687e+02
  -5.3109312e+02
  -5.3095825e+02
  -5.3211859e+02
  -5.3161269e+02
  -5.3268292e+02
  -5.3426389e+02
  -5.3210688e+02
  -5.3523496e+02
  -5.3752323e+02
  -5.3828606e+02
  -5.3828158e+02
  -5.3896227e+02
  -5.3850693e+02
  -5.3886165e+02
  -5.3986249e+02
  -5.4213708e+02
  -5.4480255e+02
  -5.4735639e+02
  -5.4430295e+02
  -5.4548596e+02
  -5.4431995e+02
  -5.4557348e+02
  -5.4432537e+02
  -5.4536054e+02
  -5.4592692e+02
  -5.4665870e+02
  -5.4922200e+02
  -5.5164982e+02
  -5.5368221e+02
  -5.5133745e+02
  -5.5030226e+02
  -5.5155273e+02
  -5.5260953e+02
  -5.5293163e+02
  -5.5431971e+02
  -5.5576611e+02
  -5.5595689e+02
  -5.5659400e+02
  -5.5762883e+02
  -5.5828876e+02
  -5.5920773e+02
  -5.6047668e+02
  -5.6161991e+02
  -5.6261634e+02
  -5.6301342e+02
  -5.6344784e+02
  -5.6435585e+02
  -5.6421338e+02
  -5.6530862e+02
  -5.6238824e+02
  -5.6438004e+02
  -5.6175937e+02
  -5.6207595e+02
  -5.6237392e+02
  -5.6339189e+02
  -5.6358860e+02
  -5.6411566e+02
  -5.6492665e+02
  -5.6541626e+02
  -5.6668271e+02
  -5.6803675e+02
  -5.6850886e+02
  -5.6963092e+02
  -5.7054666e+02
  -5.7081080e+02
  -5.7175900e+02
  -5.7277825e+02
  -5.7361789e+02
  -5.7508376e+02
  -5.7538479e+02
  -5.7570876e+02
  -5.7683771e+02
  -5.7623817e+02
  -5.7724515e+02
  -5.7691220e+02
  -5.7799224e+02
  -5.7986731e+02
  -5.8146688e+02
  -5.8220894e+02
  -5.8306694e+02
  -5.8391619e+02
  -5.8409617e+02
  -5.8594816e+02
  -5.8791223e+02
  -5.8768057e+02
  -5.8850492e+02
  -5.8907963e+02
  -5.8850059e+02
  -5.8930167e+02
  -5.8915836e+02
  -5.9033005e+02
  -5.8906481e+02
  -5.9106073e+02
  -5.9353921e+02
  -5.9458338e+02
  -5.9433337e+02
  -5.9559070e+02
  -5.9643295e+02
  -5.9626826e+02
  -5.9696697e+02
  -5.9734403e+02
  -5.9927450e+02
  -6.0075803e+02
  -6.0092827e+02
  -6.0184773e+02
  -6.0299127e+02
  -6.0350014e+02
  -6.0469174e+02
  -6.0623298e+02
  -6.0627260e+02
  -6.0772430e+02
  -6.1005902e+02
  -6.1307599e+02
  -6.1417908e+02
  -6.1447592e+02
  -6.1603953e+02
  -6.1904143e+02
  -6.1590457e+02
  -6.1807221e+02
  -6.1916882e+02
  -6.2006873e+02
  -6.2123347e+02
  -6.2118340e+02
  -6.2167023e+02
  -6.2288871e+02
  -6.2347597e+02
  -6.2480187e+02
  -6.2608776e+02
  -6.2594281e+02
  -6.2681301e+02
  -6.2838006e+02
  -6.2622406e+02
  -6.2492191e+02
  -6.2606672e+02
  -6.2660392e+02
  -6.2676003e+02
  -6.2593398e+02
  -6.2678766e+02
  -6.2828889e+02
  -6.2676686e+02
  -6.2918771e+02
  -6.3178399e+02
  -6.3353942e+02
  -6.3237742e+02
  -6.3380826e+02
  -6.3588804e+02
  -6.3756674e+02
  -6.3856762e+02
  -6.3983871e+02
  -6.3909981e+02
  -6.4023803e+02
  -6.4211683e+02
  -6.3909699e+02
  -6.3632245e+02
  -6.3873713e+02
  -6.3888689e+02
  -6.3991211e+02
  -6.4187694e+02
  -6.4378266e+02
  -6.4459798e+02
  -6.4518203e+02
  -6.4624823e+02
  -6.4592495e+02
  -6.4768186e+02
  -6.4928368e+02
  -6.4886506e+02
  -6.5019192e+02
  -6.5119472e+02
  -6.5125667e+02
  -6.5231903e+02
  -6.5247439e+02
  -6.5314908e+02
  -6.5553523e+02
  -6.5695165e+02
  -6.5671239e+02
  -6.5781539e+02
  -6.5797154e+02
  -6.5855541e+02
  -6.5984417e+02
  -6.5892117e+02
  -6.6086347e+02
  -6.6331776e+02
  -6.6233090e+02
  -6.6382544e+02
  -6.6530022e+02
  -6.6588353e+02
  -6.6727219e+02
  -6.6912593e+02
  -6.6834051e+02
  -6.6919344e+02
  -6.7047794e+02
  -6.7022175e+02
  -6.7085146e+02
  -6.7127038e+02
  -6.7186574e+02
  -6.7333412e+02
  -6.7434276e+02
  -6.7535133e+02
  -6.7630930e+02
  -6.7600961e+02
  -6.7706466e+02
  -6.7751103e+02
  -6.7774969e+02
  -6.7936295e+02
  -6.8113420e+02
  -6.8068774e+02
  -6.8211824e+02
  -6.8237085e+02
  -6.8305327e+02
  -6.8423880e+02
  -6.8326320e+02
  -6.8508542e+02
  -6.8799335e+02
  -6.9077361e+02
  -6.9371844e+02
  -6.9517819e+02
  -6.9500474e+02
  -6.9670481e+02
  -6.9387199e+02
  -6.9637178e+02
  -6.9343185e+02
  -6.9484471e+02
  -6.9477574e+02
  -6.9554824e+02
  -6.9586913e+02
  -6.9652047e+02
  -6.9821031e+02
  -7.0122465e+02
  -6.9954188e+02
  -7.0139720e+02
  -7.0291956e+02
  -7.0180346e+02
  -7.0380194e+02
  -7.0071105e+02
  -7.0215167e+02
  -7.0157686e+02
  -7.0309733e+02
  -7.0615624e+02
  -7.0731543e+02
  -7.0680304e+02
  -7.0795413e+02
  -7.0870661e+02
  -7.0957691e+02
  -7.0725265e+02
  -7.0881981e+02
  -7.0803061e+02
  -7.0948185e+02
  -7.1236391e+02
  -7.1439100e+02
  -7.1244923e+02
  -7.1429584e+02
  -7.1723553e+02
  -7.2030193e+02
  -7.2130563e+02
  -7.2024875e+02
  -7.2078366e+02
  -7.2106935e+02
  -7.2258409e+02
  -7.2548020e+02
  -7.2730541e+02
  -7.2649096e+02
  -7.2789488e+02
  -7.2648610e+02
  -7.2830212e+02
  -7.3106437e+02
  -7.3273912e+02
  -7.3282984e+02
  -7.3386030e+02
  -7.3491999e+02
  -7.3404795e+02
  -7.3545662e+02
  -7.3690692e+02
  -7.3841869e+02
  -7.4020763e+02
  -7.4257442e+02
  -7.4483461e+02
  -7.4529301e+02
  -7.4535307e+02
  -7.4494242e+02
  -7.4547330e+02
  -7.4686899e+02
  -7.4846117e+02
  -7.5025318e+02
  -7.5175343e+02
  -7.5351166e+02
  -7.5131121e+02
  -7.5317619e+02
  -7.5552467e+02
  -7.5653036e+02
  -7.5704993e+02
  -7.5840524e+02
  -7.5748418e+02
  -7.5835917e+02
  -7.5874357e+02
  -7.5896725e+02
  -7.6037697e+02
  -7.5862543e+02
  -7.5585214e+02
  -7.5770664e+02
  -7.5926664e+02
  -7.5630833e+02
  -7.5749994e+02
  -7.5790741e+02
  -7.5802705e+02
  -7.5857503e+02
  -7.5589328e+02
  -7.5738081e+02
  -7.5831934e+02
  -7.5800228e+02
  -7.5880908e+02
  -7.5989303e+02
  -7.5791324e+02
  -7.5895229e+02
  -7.5733332e+02
  -7.5856208e+02
  -7.5988318e+02
  -7.5843848e+02
  -7.5996616e+02
  -7.6277785e+02
  -7.5986054e+02
  -7.6274770e+02
  -7.6551191e+02
  -7.6844544e+02
  -7.7014449e+02
  -7.6992645e+02
  -7.7098198e+02
  -7.7244631e+02
  -7.7089264e+02
  -7.7295795e+02
  -7.7523798e+02
  -7.7598920e+02
  -7.7688187e+02
  -7.7610233e+02
  -7.7677085e+02
  -7.7695176e+02
  -7.7660508e+02
  -7.7767386e+02
  -7.7754638e+02
  -7.7879168e+02
  -7.8104933e+02
  -7.8247499e+02
  -7.8279698e+02
  -7.8396094e+02
  -7.8252318e+02
  -7.8387252e+02
  -7.8490964e+02
  -7.8406473e+02
  -7.8572968e+02
  -7.8760679e+02
  -7.8833659e+02
  -7.8934396e+02
  -7.9034783e+02
  -7.8991874e+02
  -7.9055506e+02
  -7.9133833e+02
  -7.9262851e+02
  -7.9408714e+02
  -7.9464409e+02
  -7.9562097e+02
  -7.9663052e+02
  -7.9703441e+02
  -7.9795011e+02
  -7.9901966e+02
  -7.9941900e+02
  -8.0105826e+02
  -8.0240716e+02
  -8.0253402e+02
  -8.0351247e+02
  -8.0548528e+02
  -8.0780144e+02
  -8.0682654e+02
  -8.0815126e+02
  -8.0890866e+02
  -8.0911188e+02
  -8.1005907e+02
  -8.1064386e+02
  -8.1273548e+02
  -8.1477292e+02
  -8.1626755e+02
  -8.1505989e+02
  -8.1709747e+02
  -8.1991414e+02
  -8.2169305e+02
  -8.2086787e+02
  -8.2228559e+02
  -8.2427410e+02
  -8.2608748e+02
  -8.2568514e+02
  -8.2669855e+02
  -8.2731537e+02
  -8.2798130e+02
  -8.2725528e+02
  -8.2821286e+02
  -8.2924326e+02
  -8.2825479e+02
  -8.3022989e+02
  -8.2783368e+02
  -8.2943909e+02
  -8.3070646e+02
  -8.3126383e+02
  -8.3263712e+02
  -8.3384456e+02
  -8.3459455e+02
  -8.3536839e+02
  -8.3546960e+02
  -8.3679290e+02
  -8.3813137e+02
  -8.3892666e+02
  -8.3979513e+02
  -8.4102091e+02
  -8.3927817e+02
  -8.4064153e+02
  -8.4195642e+02
  -8.4030760e+02
  -8.4146233e+02
  -8.3940478e+02
  -8.3931961e+02
  -8.3967005e+02
  -8.3911895e+02
  -8.4017948e+02
  -8.4085993e+02
  -8.4170578e+02
  -8.4400036e+02
  -8.4594436e+02
  -8.4522293e+02
  -8.4588847e+02
  -8.4707441e+02
  -8.4699153e+02
  -8.4825422e+02
  -8.5129620e+02
  -8.5280032e+02
  -8.5326736e+02
  -8.5378107e+02
  -8.5490898e+02
  -8.5653041e+02
  -8.5818012e+02
  -8.5955854e+02
  -8.5833982e+02
  -8.5898561e+02
  -8.5861602e+02
  -8.5971814e+02
  -8.6034494e+02
  -8.5980280e+02
  -8.6174162e+02
  -8.5939698e+02
  -8.6199533e+02
  -8.6418928e+02
  -8.6522691e+02
  -8.6548330e+02
  -8.6628501e+02
  -8.6681948e+02
  -8.6768342e+02
  -8.6886729e+02
  -8.6965272e+02
  -8.7071264e+02
  -8.7183311e+02
  -8.7183849e+02
  -8.7314102e+02
  -8.7512932e+02
  -8.7647107e+02
  -8.7658623e+02
  -8.7794790e+02
  -8.7909979e+02
  -8.7820213e+02
  -8.7889543e+02
  -8.8014087e+02
  -8.8230921e+02
  -8.8401403e+02
  -8.8335745e+02
  -8.8443432e+02
  -8.8607319e+02
  -8.8808107e+02
  -8.8723239e+02
  -8.8902674e+02
  -8.8845458e+02
  -8.8942780e+02
  -8.9032800e+02
  -8.9052113e+02
  -8.9151995e+02
  -8.9258412e+02
  -8.9339850e+02
  -8.9480477e+02
  -8.9577068e+02
  -8.9638571e+02
  -8.9768181e+02
  -8.9954561e+02
  -9.0203880e+02
  -9.0255563e+02
  -9.0373058e+02
  -9.0568280e+02
  -9.0355972e+02
  -9.0588686e+02
  -9.0794119e+02
  -9.0911954e+02
  -9.0913797e+02
  -9.0958014e+02
  -9.0967551e+02
  -9.1087323e+02
  -9.0823635e+02
  -9.0987374e+02
  -9.1072342e+02
  -9.1022458e+02
  -9.1069041e+02
  -9.1209453e+02
  -9.1392649e+02
  -9.1560995e+02
  -9.1681559e+02
  -9.1600048e+02
  -9.1702875e+02
  -9.1793588e+02
  -9.1895426e+02
  -9.1981688e+02
  -9.2088167e+02
  -9.2203811e+02
  -9.2270774e+02
  -9.2343052e+02
  -9.2513846e+02
  -9.2662328e+02
  -9.2663895e+02
  -9.2783384e+02
  -9.2926421e+02
  -9.2748215e+02
  -9.2891621e+02
  -9.2757515e+02
  -9.2887234e+02
  -9.3022461e+02
  -9.2951559e+02
  -9.3181235e+02
  -9.3310021e+02
  -9.3404140e+02
  -9.3454427e+02
  -9.3552384e+02
  -9.3776159e+02
  -9.3976265e+02
  -9.4119998e+02
  -9.4021121e+02
  -9.4143893e+02
  -9.4220775e+02
  -9.4247932e+02
  -9.4431046e+02
  -9.4610768e+02
  -9.4598799e+02
  -9.4683441e+02
  -9.4729398e+02
  -9.4722434e+02
  -9.4872002e+02
  -9.4981313e+02
  -9.5043291e+02
  -9.5195888e+02
  -9.5301568e+02
  -9.5292928e+02
  -9.5432323e+02
  -9.5158362e+02
  -9.5463062e+02
  -9.5154775e+02
  -9.5340805e+02
  -9.5595748e+02
  -9.5325954e+02
  -9.5586213e+02
  -9.5827462e+02
  -9.5908889e+02
  -9.5980054e+02
  -9.6116851e+02
  -9.6300993e+02
  -9.6405916e+02
  -9.6500378e+02
  -9.6548678e+02
  -9.6538858e+02
  -9.6625727e+02
  -9.6749224e+02
  -9.6967847e+02
  -9.7110006e+02
  -9.7195651e+02
  -9.7275387e+02
  -9.7384479e+02
  -9.7508938e+02
  -9.7613193e+02
  -9.7728436e+02
  -9.7835380e+02
  -9.7913512e+02
  -9.8003337e+02
  -9.8180069e+02
  -9.7986846e+02
  -9.8284705e+02
  -9.8382523e+02
  -9.8461571e+02
  -9.8575126e+02
  -9.8767989e+02
  -9.8992057e+02
  -9.8989334e+02
  -9.9107978e+02
  -9.9147401e+02
  -9.9100241e+02
  -9.9158959e+02
  -9.9175545e+02
  -9.9258130e+02
  -9.9150703e+02
  -9.9293296e+02
  -9.9492992e+02
  -9.9228321e+02
  -9.9436037e+02
  -9.9684767e+02
  -9.9610596e+02
  -9.9740290e+02
  -9.9805524e+02
  -9.9899132e+02
  -1.0001170e+03
  -1.0007844e+03
  -1.0015787e+03
  -1.0024772e+03
  -1.0031890e+03
  -1.0039342e+03
  -1.0047748e+03
  -1.0058655e+03
  -1.0069275e+03
  -1.0069212e+03
  -1.0081286e+03
  -1.0093228e+03
  -1.0089372e+03
  -1.0099909e+03
  -1.0118621e+03
  -1.0087227e+03
  -1.0096814e+03
  -1.0101323e+03
  -1.0115650e+03
  -1.0092379e+03
  -1.0115813e+03
  -1.0144295e+03
  -1.0153364e+03
  -1.0157057e+03
  -1.0170956e+03
  -1.0197569e+03
  -1.0168500e+03
  -1.0188050e+03
  -1.0212581e+03
  -1.0213435e+03
  -1.0227893e+03
  -1.0199490e+03
  -1.0220552e+03
  -1.0208718e+03
  -1.0222388e+03
  -1.0237601e+03
  -1.0242459e+03
  -1.0259212e+03
  -1.0274923e+03
  -1.0281825e+03
  -1.0288073e+03
  -1.0303879e+03
  -1.0329291e+03
  -1.0298108e+03
  -1.0267251e+03
  -1.0283011e+03
  -1.0294683e+03
  -1.0316028e+03
  -1.0338468e+03
  -1.0368464e+03
  -1.0391750e+03
  -1.0403798e+03
  -1.0408717e+03
  -1.0414745e+03
  -1.0416882e+03
  -1.0413137e+03
  -1.0399523e+03
  -1.0403269e+03
  -1.0401705e+03
  -1.0412525e+03
  -1.0422208e+03
  -1.0422009e+03
  -1.0445168e+03
  -1.0462252e+03
  -1.0461641e+03
  -1.0469353e+03
  -1.0476621e+03
  -1.0482044e+03
  -1.0492820e+03
  -1.0503299e+03
  -1.0511251e+03
  -1.0519692e+03
  -1.0527426e+03
  -1.0534770e+03
  -1.0543792e+03
  -1.0552210e+03
  -1.0560151e+03
  -1.0570286e+03
  -1.0579429e+03
  -1.0586551e+03
  -1.0594216e+03
  -1.0599802e+03
  -1.0604651e+03
  -1.0610847e+03
  -1.0617800e+03
  -1.0626116e+03
  -1.0634115e+03
  -1.0644377e+03
  -1.0654998e+03
  -1.0660050e+03
  -1.0667629e+03
  -1.0679811e+03
  -1.0683535e+03
  -1.0687983e+03
  -1.0703575e+03
  -1.0716405e+03
  -1.0720917e+03
  -1.0728301e+03
  -1.0730015e+03
  -1.0739301e+03
  -1.0755102e+03
  -1.0742951e+03
  -1.0765464e+03
  -1.0784052e+03
  -1.0779664e+03
  -1.0788739e+03
  -1.0803996e+03
  -1.0811834e+03
  -1.0819026e+03
  -1.0834350e+03
  -1.0845659e+03
  -1.0851434e+03
  -1.0855063e+03
  -1.0860130e+03
  -1.0876877e+03
  -1.0853816e+03
  -1.0873425e+03
  -1.0894677e+03
  -1.0915823e+03
  -1.0896486e+03
  -1.0908610e+03
  -1.0900049e+03
  -1.0912696e+03
  -1.0914959e+03
  -1.0910687e+03
  -1.0906677e+03
  -1.0916117e+03
  -1.0898354e+03
  -1.0912220e+03
  -1.0927736e+03
  -1.0903967e+03
  -1.0916323e+03
  -1.0929528e+03
  -1.0899760e+03
  -1.0914000e+03
  -1.0923996e+03
  -1.0930229e+03
  -1.0949418e+03
  -1.0959426e+03
  -1.0962585e+03
  -1.0972882e+03
  -1.0978769e+03
  -1.0974150e+03
  -1.0985479e+03
  -1.0976866e+03
  -1.0994216e+03
  -1.1020950e+03
  -1.1032083e+03
  -1.1026783e+03
  -1.1033687e+03
  -1.1031151e+03
  -1.1045031e+03
  -1.1017815e+03
  -1.1040743e+03
  -1.1057001e+03
  -1.1071566e+03
  -1.1080371e+03
  -1.1091283e+03
  -1.1096439e+03
  -1.1095784e+03
  -1.1097370e+03
  -1.1105931e+03
  -1.1115504e+03
  -1.1114964e+03
  -1.1126203e+03
  -1.1139972e+03
  -1.1145982e+03
  -1.1149579e+03
  -1.1156979e+03
  -1.1163688e+03
  -1.1172711e+03
  -1.1179668e+03
  -1.1184823e+03
  -1.1194398e+03
  -1.1200815e+03
  -1.1208276e+03
  -1.1217659e+03
  -1.1223581e+03
  -1.1230985e+03
  -1.1240528e+03
  -1.1249093e+03
  -1.1257929e+03
  -1.1266560e+03
  -1.1273705e+03
  -1.1283452e+03
  -1.1293571e+03
  -1.1300831e+03
  -1.1308785e+03
  -1.1317133e+03
  -1.1321017e+03
  -1.1331144e+03
  -1.1340552e+03
  -1.1345261e+03
  -1.1351963e+03
  -1.1360011e+03
  -1.1368644e+03
  -1.1377542e+03
  -1.1386713e+03
  -1.1397216e+03
  -1.1404544e+03
  -1.1410195e+03
  -1.1420067e+03
  -1.1427373e+03
  -1.1430087e+03
  -1.1440685e+03
  -1.1451943e+03
  -1.1461744e+03
  -1.1470415e+03
  -1.1471802e+03
  -1.1478974e+03
  -1.1485796e+03
  -1.1478788e+03
  -1.1492391e+03
  -1.1508115e+03
  -1.1521048e+03
  -1.1532425e+03
  -1.1539043e+03
  -1.1541874e+03
  -1.1550355e+03
  -1.1547894e+03
  -1.1553589e+03
  -1.1550685e+03
  -1.1554190e+03
  -1.1567356e+03
  -1.1579920e+03
  -1.1597776e+03
  -1.1619839e+03
  -1.1640733e+03
  -1.1623627e+03
  -1.1641949e+03
  -1.1655482e+03
  -1.1658777e+03
  -1.1668478e+03
  -1.1647365e+03
  -1.1661328e+03
  -1.1654794e+03
  -1.1665399e+03
  -1.1684376e+03
  -1.1660923e+03
  -1.1680243e+03
  -1.1658996e+03
  -1.1675934e+03
  -1.1654006e+03
  -1.1669718e+03
  -1.1682399e+03
  -1.1701227e+03
  -1.1717307e+03
  -1.1729753e+03
  -1.1720553e+03
  -1.1733014e+03
  -1.1717479e+03
  -1.1720671e+03
  -1.1718942e+03
  -1.1732064e+03
  -1.1737588e+03
  -1.1735171e+03
  -1.1749504e+03
  -1.1757333e+03
  -1.1758750e+03
  -1.1774964e+03
  -1.1779626e+03
  -1.1784214e+03
  -1.1794415e+03
  -1.1797151e+03
  -1.1806357e+03
  -1.1815034e+03
  -1.1817736e+03
  -1.1834728e+03
  -1.1836376e+03
  -1.1843030e+03
  -1.1859003e+03
  -1.1844071e+03
  -1.1861935e+03
  -1.1883815e+03
  -1.1906720e+03
  -1.1920277e+03
  -1.1911601e+03
  -1.1914243e+03
  -1.1917222e+03
  -1.1929006e+03
  -1.1935005e+03
  -1.1939103e+03
  -1.1947205e+03
  -1.1958224e+03
  -1.1973462e+03
  -1.1988032e+03
  -1.1971772e+03
  -1.1984059e+03
  -1.1981122e+03
  -1.1991567e+03
  -1.2009689e+03
  -1.1981429e+03
  -1.2003439e+03
  -1.1973976e+03
  -1.1993407e+03
  -1.2013903e+03
  -1.2037126e+03
  -1.2062398e+03
  -1.2087853e+03
  -1.2103447e+03
  -1.2092279e+03
  -1.2104701e+03
  -1.2115070e+03
  -1.2119061e+03
  -1.2144416e+03
  -1.2157678e+03
  -1.2163707e+03
  -1.2175140e+03
  -1.2191003e+03
  -1.2207382e+03
  -1.2213414e+03
  -1.2223709e+03
  -1.2216306e+03
  -1.2223131e+03
  -1.2233712e+03
  -1.2239286e+03
  -1.2249928e+03
  -1.2270890e+03
  -1.2246360e+03
  -1.2272518e+03
  -1.2290324e+03
  -1.2286786e+03
  -1.2295164e+03
  -1.2303680e+03
  -1.2312457e+03
  -1.2330407e+03
  -1.2347057e+03
  -1.2355943e+03
  -1.2351947e+03
  -1.2355518e+03
  -1.2365772e+03
  -1.2337726e+03
  -1.2355680e+03
  -1.2373056e+03
  -1.2351496e+03
  -1.2367187e+03
  -1.2351621e+03
  -1.2357348e+03
  -1.2354640e+03
  -1.2371291e+03
  -1.2402116e+03
  -1.2415332e+03
  -1.2411931e+03
  -1.2425863e+03
  -1.2430274e+03
  -1.2436190e+03
  -1.2454821e+03
  -1.2471343e+03
  -1.2465499e+03
  -1.2477425e+03
  -1.2481986e+03
  -1.2489722e+03
  -1.2504070e+03
  -1.2517122e+03
  -1.2523698e+03
  -1.2536490e+03
  -1.2528812e+03
  -1.2538326e+03
  -1.2550542e+03
  -1.2551312e+03
  -1.2562606e+03
  -1.2579605e+03
  -1.2575666e+03
  -1.2590249e+03
  -1.2604316e+03
  -1.2597652e+03
  -1.2609949e+03
  -1.2622029e+03
  -1.2614503e+03
  -1.2630769e+03
  -1.2648641e+03
  -1.2658264e+03
  -1.2667011e+03
  -1.2675589e+03
  -1.2680352e+03
  -1.2691161e+03
  -1.2707603e+03
  -1.2722084e+03
  -1.2734412e+03
  -1.2704142e+03
  -1.2727550e+03
  -1.2742139e+03
  -1.2754418e+03
  -1.2760851e+03
  -1.2774376e+03
  -1.2783802e+03
  -1.2781418e+03
  -1.2792976e+03
  -1.2802954e+03
  -1.2814332e+03
  -1.2783697e+03
  -1.2799017e+03
  -1.2809268e+03
  -1.2821024e+03
  -1.2836221e+03
  -1.2838546e+03
  -1.2842644e+03
  -1.2851680e+03
  -1.2852838e+03
  -1.2859623e+03
  -1.2867586e+03
  -1.2871578e+03
  -1.2882284e+03
  -1.2894856e+03
  -1.2903998e+03
  -1.2911467e+03
  -1.2915896e+03
  -1.2924428e+03
  -1.2937605e+03
  -1.2952176e+03
  -1.2963748e+03
  -1.2971825e+03
  -1.2978415e+03
  -1.2986059e+03
  -1.2995417e+03
  -1.3000673e+03
  -1.3006628e+03
  -1.3017827e+03
  -1.3013781e+03
  -1.3025772e+03
  -1.3037648e+03
  -1.3036495e+03
  -1.3045515e+03
  -1.3053137e+03
  -1.3054450e+03
  -1.3066122e+03
  -1.3076127e+03
  -1.3082100e+03
  -1.3093956e+03
  -1.3103146e+03
  -1.3108106e+03
  -1.3114704e+03
  -1.3122116e+03
  -1.3133852e+03
  -1.3149083e+03
  -1.3146538e+03
  -1.3158810e+03
  -1.3169797e+03
  -1.3170521e+03
  -1.3179927e+03
  -1.3193839e+03
  -1.3208450e+03
  -1.3216535e+03
  -1.3221398e+03
  -1.3226528e+03
  -1.3231804e+03
  -1.3234364e+03
  -1.3242260e+03
  -1.3239587e+03
  -1.3242063e+03
  -1.3256832e+03
  -1.3227265e+03
  -1.3238920e+03
  -1.3241513e+03
  -1.3252523e+03
  -1.3261572e+03
  -1.3250328e+03
  -1.3262785e+03
  -1.3276146e+03
  -1.3290502e+03
  -1.3302664e+03
  -1.3296383e+03
  -1.3308879e+03
  -1.3323280e+03
  -1.3330262e+03
  -1.3346083e+03
  -1.3329873e+03
  -1.3346308e+03
  -1.3361728e+03
  -1.3332589e+03
  -1.3357131e+03
  -1.3368569e+03
  -1.3371250e+03
  -1.3380112e+03
  -1.3390089e+03
  -1.3396998e+03
  -1.3409026e+03
  -1.3416160e+03
  -1.3421682e+03
  -1.3428884e+03
  -1.3433998e+03
  -1.3446461e+03
  -1.3419268e+03
  -1.3428977e+03
  -1.3414977e+03
  -1.3411603e+03
  -1.3418235e+03
  -1.3429448e+03
  -1.3435027e+03
  -1.3443134e+03
  -1.3416653e+03
  -1.3430530e+03
  -1.3446399e+03
  -1.3424069e+03
  -1.3429249e+03
  -1.3434166e+03
  -1.3443806e+03
  -1.3448301e+03
  -1.3458115e+03
  -1.3469230e+03
  -1.3473445e+03
  -1.3481638e+03
  -1.3486195e+03
  -1.3491630e+03
  -1.3506470e+03
  -1.3532822e+03
  -1.3504911e+03
  -1.3525921e+03
  -1.3534994e+03
  -1.3540794e+03
  -1.3545930e+03
  -1.3549511e+03
  -1.3559401e+03
  -1.3568304e+03
  -1.3575721e+03
  -1.3588960e+03
  -1.3601489e+03
  -1.3605026e+03
  -1.3612628e+03
  -1.3621572e+03
  -1.3626004e+03
  -1.3636339e+03
  -1.3646720e+03
  -1.3649537e+03
  -1.3659158e+03
  -1.3668201e+03
  -1.3675236e+03
  -1.3681655e+03
  -1.3682282e+03
  -1.3688204e+03
  -1.3671429e+03
  -1.3676348e+03
  -1.3673535e+03
  -1.3670583e+03
  -1.3674021e+03
  -1.3685059e+03
  -1.3695055e+03
  -1.3688278e+03
  -1.3705844e+03
  -1.3723901e+03
  -1.3735538e+03
  -1.3746869e+03
  -1.3740597e+03
  -1.3754552e+03
  -1.3775651e+03
  -1.3792378e+03
  -1.3798423e+03
  -1.3794663e+03
  -1.3799694e+03
  -1.3810767e+03
  -1.3824771e+03
  -1.3835392e+03
  -1.3843618e+03
  -1.3858530e+03
  -1.3872168e+03
  -1.3858579e+03
  -1.3871875e+03
  -1.3870482e+03
  -1.3874857e+03
  -1.3885052e+03
  -1.3895094e+03
  -1.3913475e+03
  -1.3926529e+03
  -1.3916202e+03
  -1.3925936e+03
  -1.3921926e+03
  -1.3933766e+03
  -1.3945333e+03
  -1.3939268e+03
  -1.3955559e+03
  -1.3973174e+03
  -1.3980742e+03
  -1.3988632e+03
  -1.3999694e+03
  -1.3990988e+03
  -1.4010676e+03
  -1.4033609e+03
  -1.4047835e+03
  -1.4044404e+03
  -1.4053649e+03
  -1.4048465e+03
  -1.4060157e+03
  -1.4036449e+03
  -1.4054204e+03
  -1.4068337e+03
  -1.4048125e+03
  -1.4059460e+03
  -1.4077169e+03
  -1.4105414e+03
  -1.4118025e+03
  -1.4125528e+03
  -1.4134655e+03
  -1.4151786e+03
  -1.4164728e+03
  -1.4161215e+03
  -1.4172605e+03
  -1.4174468e+03
  -1.4179877e+03
  -1.4194822e+03
  -1.4174180e+03
  -1.4191601e+03
  -1.4215831e+03
  -1.4235510e+03
  -1.4231022e+03
  -1.4237824e+03
  -1.4239215e+03
  -1.4243285e+03
  -1.4252183e+03
  -1.4269191e+03
  -1.4300031e+03
  -1.4316765e+03
  -1.4341870e+03
  -1.4364913e+03
  -1.4365634e+03
  -1.4374186e+03
  -1.4387603e+03
  -1.4380995e+03
  -1.4396007e+03
  -1.4412264e+03
  -1.4419813e+03
  -1.4417601e+03
  -1.4425367e+03
  -1.4434690e+03
  -1.4423586e+03
  -1.4433325e+03
  -1.4424492e+03
