   3.1415927e+00
   1.6236457e+00
   1.0669459e-01
   1.7519703e+00
   3.2220522e+00
   1.9604050e+00
   1.3106144e+00
   1.2562716e+00
   9.8503217e-02
  -7.0578415e-01
  -1.6912968e+00
  -2.5211490e+00
  -3.0614382e+00
  -4.2113359e+00
  -5.3255406e+00
  -5.2558441e+00
  -6.1617774e+00
  -7.3526850e+00
  -8.1855894e+00
  -8.5773349e+00
  -9.2503146e+00
  -1.0155515e+01
  -1.1085862e+01
  -1.1824719e+01
  -1.2561359e+01
  -1.3467190e+01
  -1.4360191e+01
  -1.5224307e+01
  -1.6092998e+01
  -1.6894266e+01
  -1.7722678e+01
  -1.8652743e+01
  -1.9598709e+01
  -2.0550636e+01
  -2.1536902e+01
  -2.2510266e+01
  -2.3449819e+01
  -2.4404395e+01
  -2.5358610e+01
  -2.6262463e+01
  -2.7154862e+01
  -2.8069372e+01
  -2.8972728e+01
  -2.9875888e+01
  -3.0797177e+01
  -3.1704027e+01
  -3.2598156e+01
  -3.3514757e+01
  -3.4450651e+01
  -3.5398038e+01
  -3.6355556e+01
  -3.7305390e+01
  -3.8241898e+01
  -3.9167996e+01
  -4.0060320e+01
  -4.0918903e+01
  -4.1778040e+01
  -4.2633544e+01
  -4.3496112e+01
  -4.4382506e+01
  -4.5237932e+01
  -4.6048968e+01
  -4.6873522e+01
  -4.7687358e+01
  -4.8490011e+01
  -4.9309052e+01
  -5.0090633e+01
  -5.0881331e+01
  -5.1717158e+01
  -5.2504135e+01
  -5.3293258e+01
  -5.4105624e+01
  -5.4837274e+01
  -5.5600440e+01
  -5.6378009e+01
  -5.7076562e+01
  -5.7884673e+01
  -5.8671951e+01
  -5.9311921e+01
  -6.0050824e+01
  -6.0728714e+01
  -6.1433694e+01
  -6.2255169e+01
  -6.2917209e+01
  -6.3676261e+01
  -6.4537594e+01
  -6.5256786e+01
  -6.6117332e+01
  -6.6967629e+01
  -6.7650637e+01
  -6.8554230e+01
  -6.9282628e+01
  -6.9785103e+01
  -7.0823611e+01
  -7.1720042e+01
  -7.2575395e+01
  -7.3778465e+01
  -7.4790083e+01
  -7.5517429e+01
  -7.6793848e+01
  -7.8008130e+01
  -7.8720816e+01
  -7.9703091e+01
  -8.0674359e+01
  -8.1413086e+01
  -8.2413483e+01
  -8.3387842e+01
  -8.4097771e+01
  -8.5017787e+01
  -8.5927701e+01
  -8.6661805e+01
  -8.7568999e+01
  -8.8403228e+01
  -8.9011335e+01
  -8.9825689e+01
  -9.0414781e+01
  -9.1055068e+01
  -9.1926729e+01
  -9.2497374e+01
  -9.3119326e+01
  -9.3732479e+01
  -9.4153242e+01
  -9.4894226e+01
  -9.5617176e+01
  -9.6418318e+01
  -9.7344986e+01
  -9.8237147e+01
  -9.9142733e+01
  -1.0010859e+02
  -1.0105138e+02
  -1.0196802e+02
  -1.0291031e+02
  -1.0384679e+02
  -1.0475561e+02
  -1.0564056e+02
  -1.0649049e+02
  -1.0735850e+02
  -1.0824474e+02
  -1.0902887e+02
  -1.0972835e+02
  -1.1047201e+02
  -1.1125766e+02
  -1.1209084e+02
  -1.1292810e+02
  -1.1374545e+02
  -1.1458742e+02
  -1.1542763e+02
  -1.1627074e+02
  -1.1712903e+02
  -1.1792200e+02
  -1.1870861e+02
  -1.1955125e+02
  -1.2033519e+02
  -1.2113839e+02
  -1.2200969e+02
  -1.2281384e+02
  -1.2363844e+02
  -1.2448197e+02
  -1.2519122e+02
  -1.2597258e+02
  -1.2679538e+02
  -1.2751418e+02
  -1.2838125e+02
  -1.2921530e+02
  -1.2989288e+02
  -1.3073701e+02
  -1.3153713e+02
  -1.3230114e+02
  -1.3327193e+02
  -1.3413639e+02
  -1.3492857e+02
  -1.3590582e+02
  -1.3669752e+02
  -1.3745041e+02
  -1.3848014e+02
  -1.3932489e+02
  -1.4018179e+02
  -1.4133249e+02
  -1.4214045e+02
  -1.4279620e+02
  -1.4381171e+02
  -1.4464259e+02
  -1.4556935e+02
  -1.4674545e+02
  -1.4764804e+02
  -1.4840977e+02
  -1.4938929e+02
  -1.5012463e+02
  -1.5096657e+02
  -1.5209059e+02
  -1.5290848e+02
  -1.5367769e+02
  -1.5464251e+02
  -1.5522453e+02
  -1.5604475e+02
  -1.5711650e+02
  -1.5788512e+02
  -1.5899053e+02
  -1.6064541e+02
  -1.5834278e+02
  -1.6010775e+02
  -1.5942398e+02
  -1.6064254e+02
  -1.6128708e+02
  -1.6166942e+02
  -1.6261754e+02
  -1.6331997e+02
  -1.6419310e+02
  -1.6521347e+02
  -1.6595505e+02
  -1.6677810e+02
  -1.6763030e+02
  -1.6827808e+02
  -1.6913487e+02
  -1.7004114e+02
  -1.7082656e+02
  -1.7174704e+02
  -1.7265633e+02
  -1.7344677e+02
  -1.7433366e+02
  -1.7520250e+02
  -1.7599313e+02
  -1.7691064e+02
  -1.7785220e+02
  -1.7873790e+02
  -1.7966654e+02
  -1.8057617e+02
  -1.8148475e+02
  -1.8250921e+02
  -1.8351100e+02
  -1.8431788e+02
  -1.8511282e+02
  -1.8575891e+02
  -1.8628638e+02
  -1.8707345e+02
  -1.8771888e+02
  -1.8850867e+02
  -1.8946245e+02
  -1.9025271e+02
  -1.9113279e+02
  -1.9208169e+02
  -1.9280804e+02
  -1.9363409e+02
  -1.9451779e+02
  -1.9521888e+02
  -1.9620657e+02
  -1.9719217e+02
  -1.9781350e+02
  -1.9878752e+02
  -1.9975518e+02
  -2.0028575e+02
  -2.0129034e+02
  -2.0229933e+02
  -2.0274874e+02
  -2.0408073e+02
  -2.0507038e+02
  -2.0507796e+02
  -2.0629777e+02
  -2.0699542e+02
  -2.0779495e+02
  -2.0998873e+02
  -2.1171170e+02
  -2.1209573e+02
  -2.1304752e+02
  -2.1463557e+02
  -2.1559345e+02
  -2.1639051e+02
  -2.1763787e+02
  -2.1816753e+02
  -2.1900466e+02
  -2.2032857e+02
  -2.2111558e+02
  -2.2192756e+02
  -2.2328060e+02
  -2.2414151e+02
  -2.2466370e+02
  -2.2586292e+02
  -2.2679305e+02
  -2.2754576e+02
  -2.2898327e+02
  -2.3003504e+02
  -2.3031407e+02
  -2.3149647e+02
  -2.3237123e+02
  -2.3299313e+02
  -2.3457180e+02
  -2.3571769e+02
  -2.3537446e+02
  -2.3641757e+02
  -2.3678872e+02
  -2.3761265e+02
  -2.3866527e+02
  -2.3941581e+02
  -2.4060457e+02
  -2.4182381e+02
  -2.4235375e+02
  -2.4320820e+02
  -2.4415873e+02
  -2.4455183e+02
  -2.4558614e+02
  -2.4671546e+02
  -2.4734246e+02
  -2.4834895e+02
  -2.4928255e+02
  -2.4983260e+02
  -2.5089271e+02
  -2.5192092e+02
  -2.5247432e+02
  -2.5385251e+02
  -2.5518531e+02
  -2.5481136e+02
  -2.5554353e+02
  -2.5505190e+02
  -2.5605659e+02
  -2.5670893e+02
  -2.5720010e+02
  -2.5837044e+02
  -2.5934274e+02
  -2.6030776e+02
  -2.6152436e+02
  -2.6255636e+02
  -2.6336830e+02
  -2.6456040e+02
  -2.6589545e+02
  -2.6632284e+02
  -2.6776006e+02
  -2.7047907e+02
  -2.7321045e+02
  -2.7405470e+02
  -2.7436551e+02
  -2.7553966e+02
  -2.7617622e+02
  -2.7677688e+02
  -2.7803081e+02
  -2.7891566e+02
  -2.7966362e+02
  -2.8076096e+02
  -2.8161247e+02
  -2.8244025e+02
  -2.8353040e+02
  -2.8424983e+02
  -2.8506894e+02
  -2.8623110e+02
  -2.8702388e+02
  -2.8778114e+02
  -2.8892650e+02
  -2.8960161e+02
  -2.9038544e+02
  -2.9170096e+02
  -2.9254046e+02
  -2.9314589e+02
  -2.9411279e+02
  -2.9432779e+02
  -2.9531142e+02
  -2.9658616e+02
  -2.9716407e+02
  -2.9833445e+02
  -2.9957331e+02
  -3.0016819e+02
  -3.0100981e+02
  -3.0229957e+02
  -3.0318469e+02
  -3.0431299e+02
  -3.0559197e+02
  -3.0603052e+02
  -3.0680060e+02
  -3.0803100e+02
  -3.0793967e+02
  -3.0921361e+02
  -3.1075962e+02
  -3.1101792e+02
  -3.1203737e+02
  -3.1330473e+02
  -3.1371161e+02
  -3.1463286e+02
  -3.1620391e+02
  -3.1711744e+02
  -3.1790486e+02
  -3.1912816e+02
  -3.1969826e+02
  -3.2057609e+02
  -3.2201559e+02
  -3.2308679e+02
  -3.2394213e+02
  -3.2513541e+02
  -3.2608687e+02
  -3.2695620e+02
  -3.2826729e+02
  -3.2936581e+02
  -3.3001646e+02
  -3.3110695e+02
  -3.3201264e+02
  -3.3258291e+02
  -3.3376075e+02
  -3.3470241e+02
  -3.3507896e+02
  -3.3629573e+02
  -3.3720230e+02
  -3.3775756e+02
  -3.3880278e+02
  -3.3967530e+02
  -3.4047202e+02
  -3.4163885e+02
  -3.4256804e+02
  -3.4331431e+02
  -3.4443042e+02
  -3.4545123e+02
  -3.4626458e+02
  -3.4742365e+02
  -3.4858887e+02
  -3.4936595e+02
  -3.5030118e+02
  -3.5122644e+02
  -3.5167949e+02
  -3.5271866e+02
  -3.5370719e+02
  -3.5452362e+02
  -3.5568342e+02
  -3.5650285e+02
  -3.5707060e+02
  -3.5836400e+02
  -3.5944173e+02
  -3.6015810e+02
  -3.6156154e+02
  -3.6269232e+02
  -3.6300914e+02
  -3.6443419e+02
  -3.6619243e+02
  -3.6669820e+02
  -3.6749087e+02
  -3.6877423e+02
  -3.6890976e+02
  -3.6994484e+02
  -3.7138339e+02
  -3.7121688e+02
  -3.7262725e+02
  -3.7381947e+02
  -3.7401411e+02
  -3.7522517e+02
  -3.7635304e+02
  -3.7677777e+02
  -3.7815840e+02
  -3.7963271e+02
  -3.8012972e+02
  -3.8104010e+02
  -3.8222855e+02
  -3.8224144e+02
  -3.8337245e+02
  -3.8473759e+02
  -3.8493395e+02
  -3.8623140e+02
  -3.8743546e+02
  -3.8779141e+02
  -3.8885123e+02
  -3.9007222e+02
  -3.9041110e+02
  -3.9175162e+02
  -3.9289732e+02
  -3.9297517e+02
  -3.9406578e+02
  -3.9495350e+02
  -3.9534544e+02
  -3.9666462e+02
  -3.9771853e+02
  -3.9839640e+02
  -3.9965425e+02
  -4.0061302e+02
  -4.0096805e+02
  -4.0225439e+02
  -4.0364534e+02
  -4.0394575e+02
  -4.0533495e+02
  -4.0649354e+02
  -4.0653111e+02
  -4.0772971e+02
  -4.0887831e+02
  -4.0935030e+02
  -4.1079838e+02
  -4.1189831e+02
  -4.1230870e+02
  -4.1336536e+02
  -4.1446663e+02
  -4.1533397e+02
  -4.1648585e+02
  -4.1751501e+02
  -4.1823796e+02
  -4.1922638e+02
  -4.2008226e+02
  -4.2079022e+02
  -4.2198166e+02
  -4.2313399e+02
  -4.2386346e+02
  -4.2487876e+02
  -4.2592163e+02
  -4.2661715e+02
  -4.2759494e+02
  -4.2867978e+02
  -4.2942061e+02
  -4.3038489e+02
  -4.3137154e+02
  -4.3199179e+02
  -4.3289339e+02
  -4.3381111e+02
  -4.3434573e+02
  -4.3539257e+02
  -4.3638206e+02
  -4.3710355e+02
  -4.3810570e+02
  -4.3900111e+02
  -4.3966491e+02
  -4.4082440e+02
  -4.4192271e+02
  -4.4259861e+02
  -4.4356005e+02
  -4.4436726e+02
  -4.4495116e+02
  -4.4594832e+02
  -4.4678342e+02
  -4.4764172e+02
  -4.4886311e+02
  -4.4985884e+02
  -4.5059117e+02
  -4.5154334e+02
  -4.5240613e+02
  -4.5326779e+02
  -4.5444194e+02
  -4.5540666e+02
  -4.5615996e+02
  -4.5717904e+02
  -4.5808638e+02
  -4.5890178e+02
  -4.6005443e+02
  -4.6102385e+02
  -4.6182810e+02
  -4.6291466e+02
  -4.6375485e+02
  -4.6437397e+02
  -4.6547517e+02
  -4.6651336e+02
  -4.6739782e+02
  -4.6846591e+02
  -4.6934527e+02
  -4.7010434e+02
  -4.7113859e+02
  -4.7200605e+02
  -4.7278789e+02
  -4.7397820e+02
  -4.7493982e+02
  -4.7557394e+02
  -4.7653563e+02
  -4.7727101e+02
  -4.7801928e+02
  -4.7924093e+02
  -4.8018009e+02
  -4.8095665e+02
  -4.8198891e+02
  -4.8268700e+02
  -4.8340733e+02
  -4.8461914e+02
  -4.8562622e+02
  -4.8642639e+02
  -4.8758442e+02
  -4.8847988e+02
  -4.8910126e+02
  -4.9011772e+02
  -4.9089099e+02
  -4.9174830e+02
  -4.9307336e+02
  -4.9388458e+02
  -4.9438055e+02
  -4.9543968e+02
  -4.9603029e+02
  -4.9688234e+02
  -4.9836105e+02
  -4.9918232e+02
  -4.9971820e+02
  -5.0091264e+02
  -5.0156133e+02
  -5.0226952e+02
  -5.0346296e+02
  -5.0397297e+02
  -5.0497530e+02
  -5.0635506e+02
  -5.0708836e+02
  -5.0775657e+02
  -5.0897539e+02
  -5.0994190e+02
  -5.1096079e+02
  -5.1235473e+02
  -5.1309324e+02
  -5.1353515e+02
  -5.1482624e+02
  -5.1540772e+02
  -5.1611293e+02
  -5.1763489e+02
  -5.1867196e+02
  -5.1911489e+02
  -5.2026515e+02
  -5.2124632e+02
  -5.2202621e+02
  -5.2329788e+02
  -5.2434425e+02
  -5.2507200e+02
  -5.2617836e+02
  -5.2714621e+02
  -5.2770968e+02
  -5.2882973e+02
  -5.2985006e+02
  -5.3059924e+02
  -5.3164755e+02
  -5.3231327e+02
  -5.3296608e+02
  -5.3416968e+02
  -5.3507772e+02
  -5.3576626e+02
  -5.3698644e+02
  -5.3782452e+02
  -5.3846131e+02
  -5.3948796e+02
  -5.4019000e+02
  -5.4104509e+02
  -5.4239328e+02
  -5.4336747e+02
  -5.4394892e+02
  -5.4505680e+02
  -5.4593625e+02
  -5.4665484e+02
  -5.4800225e+02
  -5.4859709e+02
  -5.4933284e+02
  -5.5062555e+02
  -5.5131142e+02
  -5.5183689e+02
  -5.5316795e+02
  -5.5458112e+02
  -5.5524621e+02
  -5.5688253e+02
  -5.5813282e+02
  -5.5750684e+02
  -5.5902588e+02
  -5.5628188e+02
  -5.5934140e+02
  -5.5665355e+02
  -5.5868543e+02
  -5.5607647e+02
  -5.5804732e+02
  -5.5646032e+02
  -5.5815828e+02
  -5.6090341e+02
  -5.6403998e+02
  -5.6267822e+02
  -5.6431212e+02
  -5.6741998e+02
  -5.6998664e+02
  -5.7128510e+02
  -5.7078856e+02
  -5.7243310e+02
  -5.7417259e+02
  -5.7469827e+02
  -5.7596491e+02
  -5.7722320e+02
  -5.7782655e+02
  -5.7882517e+02
  -5.8038890e+02
  -5.8106758e+02
  -5.8193200e+02
  -5.8325863e+02
  -5.8213143e+02
  -5.8341725e+02
  -5.8368713e+02
  -5.8440828e+02
  -5.8601975e+02
  -5.8695736e+02
  -5.8788824e+02
  -5.8930955e+02
  -5.9048010e+02
  -5.8967638e+02
  -5.9148380e+02
  -5.9430961e+02
  -5.9248563e+02
  -5.9426005e+02
  -5.9459559e+02
  -5.9539055e+02
  -5.9652143e+02
  -5.9681244e+02
  -5.9829679e+02
  -6.0003676e+02
  -6.0003012e+02
  -6.0087494e+02
  -6.0216804e+02
  -6.0172787e+02
  -6.0262397e+02
  -6.0339256e+02
  -6.0425621e+02
  -6.0598907e+02
  -6.0724849e+02
  -6.0737230e+02
  -6.0864602e+02
  -6.0984711e+02
  -6.1014938e+02
  -6.1155431e+02
  -6.1292780e+02
  -6.1317320e+02
  -6.1419182e+02
  -6.1538659e+02
  -6.1567244e+02
  -6.1708923e+02
  -6.1865156e+02
  -6.1920718e+02
  -6.1997474e+02
  -6.2094270e+02
  -6.2125202e+02
  -6.2245730e+02
  -6.2391535e+02
  -6.2430427e+02
  -6.2524268e+02
  -6.2612755e+02
  -6.2618661e+02
  -6.2745704e+02
  -6.2848916e+02
  -6.2816993e+02
  -6.3005284e+02
  -6.3087849e+02
  -6.3134041e+02
  -6.3277121e+02
  -6.3310168e+02
  -6.3339893e+02
  -6.3476235e+02
  -6.3560898e+02
  -6.3669274e+02
  -6.3827308e+02
  -6.3853116e+02
  -6.3926066e+02
  -6.4082678e+02
  -6.3889831e+02
  -6.4063806e+02
  -6.4077886e+02
  -6.4212169e+02
  -6.4389024e+02
  -6.4503452e+02
  -6.4523193e+02
  -6.4646634e+02
  -6.4773217e+02
  -6.4875696e+02
  -6.5021360e+02
  -6.5160605e+02
  -6.5177981e+02
  -6.5281819e+02
  -6.5455486e+02
  -6.5623246e+02
  -6.5601532e+02
  -6.5714166e+02
  -6.5737934e+02
  -6.5821721e+02
  -6.5937547e+02
  -6.6011634e+02
  -6.6106228e+02
  -6.6227348e+02
  -6.6316553e+02
  -6.6414966e+02
  -6.6529734e+02
  -6.6592262e+02
  -6.6665513e+02
  -6.6786928e+02
  -6.6826663e+02
  -6.6919387e+02
  -6.7013020e+02
  -6.7058266e+02
  -6.7168115e+02
  -6.7276798e+02
  -6.7351364e+02
  -6.7478588e+02
  -6.7596506e+02
  -6.7631610e+02
  -6.7735849e+02
  -6.7863619e+02
  -6.7897051e+02
  -6.8012818e+02
  -6.8151297e+02
  -6.8189155e+02
  -6.8269343e+02
  -6.8365217e+02
  -6.8422922e+02
  -6.8544384e+02
  -6.8685742e+02
  -6.8767544e+02
  -6.8854975e+02
  -6.8952123e+02
  -6.9017481e+02
  -6.9126914e+02
  -6.9264768e+02
  -6.9357406e+02
  -6.9453269e+02
  -6.9557829e+02
  -6.9581658e+02
  -6.9673090e+02
  -6.9790038e+02
  -6.9869363e+02
  -6.9973550e+02
  -7.0092973e+02
  -7.0160083e+02
  -7.0239639e+02
  -7.0345887e+02
  -7.0424033e+02
  -7.0517465e+02
  -7.0632229e+02
  -7.0697813e+02
  -7.0783797e+02
  -7.0882630e+02
  -7.0935092e+02
  -7.1021643e+02
  -7.1123222e+02
  -7.1201840e+02
  -7.1311379e+02
  -7.1417727e+02
  -7.1485874e+02
  -7.1584730e+02
  -7.1684865e+02
  -7.1751896e+02
  -7.1857387e+02
  -7.1967984e+02
  -7.2030420e+02
  -7.2115569e+02
  -7.2207715e+02
  -7.2282967e+02
  -7.2404870e+02
  -7.2524387e+02
  -7.2576809e+02
  -7.2666185e+02
  -7.2775543e+02
  -7.2855101e+02
  -7.2953279e+02
  -7.3062673e+02
  -7.3148567e+02
  -7.3250018e+02
  -7.3342805e+02
  -7.3405494e+02
  -7.3510934e+02
  -7.3625329e+02
  -7.3692744e+02
  -7.3808888e+02
  -7.3921481e+02
  -7.3964168e+02
  -7.4058388e+02
  -7.4162563e+02
  -7.4221851e+02
  -7.4334572e+02
  -7.4451177e+02
  -7.4521037e+02
  -7.4624318e+02
  -7.4741106e+02
  -7.4814346e+02
  -7.4909856e+02
  -7.5022807e+02
  -7.5103283e+02
  -7.5198904e+02
  -7.5301457e+02
  -7.5357024e+02
  -7.5460081e+02
  -7.5590376e+02
  -7.5669677e+02
  -7.5757317e+02
  -7.5852737e+02
  -7.5904867e+02
  -7.6001782e+02
  -7.6122475e+02
  -7.6201076e+02
  -7.6294155e+02
  -7.6409271e+02
  -7.6490116e+02
  -7.6581404e+02
  -7.6679861e+02
  -7.6729591e+02
  -7.6831665e+02
  -7.6940538e+02
  -7.6996496e+02
  -7.7099992e+02
  -7.7201031e+02
  -7.7249838e+02
  -7.7363073e+02
  -7.7481918e+02
  -7.7544163e+02
  -7.7646866e+02
  -7.7750868e+02
  -7.7782601e+02
  -7.7883935e+02
  -7.7994322e+02
  -7.8034115e+02
  -7.8161671e+02
  -7.8290021e+02
  -7.8349214e+02
  -7.8436345e+02
  -7.8535317e+02
  -7.8602441e+02
  -7.8718531e+02
  -7.8828917e+02
  -7.8864254e+02
  -7.8965534e+02
  -7.9060658e+02
  -7.9119698e+02
  -7.9227029e+02
  -7.9330168e+02
  -7.9408890e+02
  -7.9525166e+02
  -7.9621272e+02
  -7.9658317e+02
  -7.9767693e+02
  -7.9864562e+02
  -7.9939418e+02
  -8.0069618e+02
  -8.0172792e+02
  -8.0195931e+02
  -8.0310292e+02
  -8.0412733e+02
  -8.0477437e+02
  -8.0613649e+02
  -8.0737107e+02
  -8.0778576e+02
  -8.0872052e+02
  -8.0956670e+02
  -8.1005090e+02
  -8.1124333e+02
  -8.1230963e+02
  -8.1293251e+02
  -8.1413632e+02
  -8.1482921e+02
  -8.1523626e+02
  -8.1635174e+02
  -8.1703709e+02
  -8.1779766e+02
  -8.1917430e+02
  -8.1993862e+02
  -8.2049110e+02
  -8.2147888e+02
  -8.2221231e+02
  -8.2336707e+02
  -8.2471336e+02
  -8.2556793e+02
  -8.2641258e+02
  -8.2760080e+02
  -8.2843162e+02
  -8.2927943e+02
  -8.3057471e+02
  -8.3136391e+02
  -8.3219868e+02
  -8.3355318e+02
  -8.3442879e+02
  -8.3458167e+02
  -8.3609520e+02
  -8.3763152e+02
  -8.3769283e+02
  -8.3908341e+02
  -8.4009965e+02
  -8.4033535e+02
  -8.4155138e+02
  -8.4268775e+02
  -8.4345054e+02
  -8.4490468e+02
  -8.4604220e+02
  -8.4641777e+02
  -8.4757791e+02
  -8.4877334e+02
  -8.4855773e+02
  -8.4995159e+02
  -8.5090963e+02
  -8.5153130e+02
  -8.5272736e+02
  -8.5374014e+02
  -8.5438967e+02
  -8.5552879e+02
  -8.5663019e+02
  -8.5736182e+02
  -8.5836497e+02
  -8.5912027e+02
  -8.5986078e+02
  -8.6104247e+02
  -8.6198393e+02
  -8.6280126e+02
  -8.6403743e+02
  -8.6480508e+02
  -8.6519312e+02
  -8.6666814e+02
  -8.6905066e+02
  -8.6717415e+02
  -8.6980817e+02
  -8.7144402e+02
  -8.7154572e+02
  -8.7222889e+02
  -8.6928036e+02
  -8.7148105e+02
  -8.7204248e+02
  -8.7239452e+02
  -8.7545023e+02
  -8.7781153e+02
  -8.7872482e+02
  -8.7915215e+02
  -8.8200625e+02
  -8.8383537e+02
  -8.8527644e+02
  -8.8486329e+02
  -8.8614038e+02
  -8.8773105e+02
  -8.8832570e+02
  -8.8958040e+02
  -8.9051503e+02
  -8.9048411e+02
  -8.9184458e+02
  -8.9312478e+02
  -8.9272419e+02
  -8.9482378e+02
  -8.9617619e+02
  -8.9621166e+02
  -8.9744385e+02
  -8.9871676e+02
  -8.9937806e+02
  -9.0066374e+02
  -9.0218703e+02
  -9.0247518e+02
  -9.0315242e+02
  -9.0446162e+02
  -9.0544869e+02
  -9.0667672e+02
  -9.0812347e+02
  -9.0869155e+02
  -9.0926523e+02
  -9.1038518e+02
  -9.1087091e+02
  -9.1205434e+02
  -9.1355386e+02
  -9.1405737e+02
  -9.1485118e+02
  -9.1601253e+02
  -9.1592602e+02
  -9.1709001e+02
  -9.1879161e+02
  -9.1990050e+02
  -9.2031718e+02
  -9.2163344e+02
  -9.2138680e+02
  -9.2246477e+02
  -9.2386322e+02
  -9.2360293e+02
  -9.2525446e+02
  -9.2698981e+02
  -9.2725681e+02
  -9.2783247e+02
  -9.2883316e+02
  -9.2952646e+02
  -9.3075397e+02
  -9.3201323e+02
  -9.3249166e+02
  -9.3371619e+02
  -9.3509946e+02
  -9.3542224e+02
  -9.3629654e+02
  -9.3781794e+02
  -9.3809534e+02
  -9.3910310e+02
  -9.4016351e+02
  -9.4050574e+02
  -9.4156484e+02
  -9.4275063e+02
  -9.4321914e+02
  -9.4439927e+02
  -9.4535633e+02
  -9.4572638e+02
  -9.4700457e+02
  -9.4810809e+02
  -9.4807664e+02
  -9.4966790e+02
  -9.5128819e+02
  -9.5183252e+02
  -9.5259313e+02
  -9.5363159e+02
  -9.5421088e+02
  -9.5507421e+02
  -9.5612061e+02
  -9.5691208e+02
  -9.5807439e+02
  -9.5909484e+02
  -9.5959452e+02
  -9.6049478e+02
  -9.6141543e+02
  -9.6219471e+02
  -9.6340308e+02
  -9.6455999e+02
  -9.6536485e+02
  -9.6639089e+02
  -9.6728924e+02
  -9.6767363e+02
  -9.6882000e+02
  -9.6991965e+02
  -9.7028226e+02
  -9.7143266e+02
  -9.7241054e+02
  -9.7300572e+02
  -9.7422003e+02
  -9.7540442e+02
  -9.7545350e+02
  -9.7697954e+02
  -9.7845898e+02
  -9.7740957e+02
  -9.7876323e+02
  -9.7975944e+02
  -9.8076216e+02
  -9.8242969e+02
  -9.8360172e+02
  -9.8427830e+02
  -9.8531100e+02
  -9.8624504e+02
  -9.8705361e+02
  -9.8831752e+02
  -9.8954284e+02
  -9.9040193e+02
  -9.9135827e+02
  -9.9229166e+02
  -9.9319679e+02
  -9.9444896e+02
  -9.9565862e+02
  -9.9631807e+02
  -9.9714112e+02
  -9.9805786e+02
  -9.9878948e+02
  -9.9985934e+02
  -1.0009715e+03
  -1.0016228e+03
  -1.0028092e+03
  -1.0041267e+03
  -1.0044982e+03
  -1.0053642e+03
  -1.0065483e+03
  -1.0070402e+03
  -1.0080014e+03
  -1.0091702e+03
  -1.0096203e+03
  -1.0105635e+03
  -1.0120538e+03
  -1.0126972e+03
  -1.0136984e+03
  -1.0151062e+03
  -1.0152912e+03
  -1.0159593e+03
  -1.0167398e+03
  -1.0169857e+03
  -1.0181659e+03
  -1.0189703e+03
  -1.0197766e+03
  -1.0212371e+03
  -1.0224111e+03
  -1.0229529e+03
  -1.0240552e+03
  -1.0251263e+03
  -1.0256239e+03
  -1.0268429e+03
  -1.0278131e+03
  -1.0278808e+03
  -1.0290821e+03
  -1.0300294e+03
  -1.0308090e+03
  -1.0323103e+03
  -1.0334177e+03
  -1.0336285e+03
  -1.0346219e+03
  -1.0353878e+03
  -1.0361712e+03
  -1.0374443e+03
  -1.0383444e+03
  -1.0391794e+03
  -1.0404155e+03
  -1.0408247e+03
  -1.0413578e+03
  -1.0427354e+03
  -1.0438273e+03
  -1.0444609e+03
  -1.0458843e+03
  -1.0467570e+03
  -1.0472828e+03
  -1.0483069e+03
  -1.0489035e+03
  -1.0495193e+03
  -1.0507439e+03
  -1.0514847e+03
  -1.0523369e+03
  -1.0535919e+03
  -1.0542746e+03
  -1.0550992e+03
  -1.0564376e+03
  -1.0574090e+03
  -1.0578064e+03
  -1.0590076e+03
  -1.0599527e+03
  -1.0606149e+03
  -1.0616940e+03
  -1.0625389e+03
  -1.0633664e+03
  -1.0644333e+03
  -1.0649838e+03
  -1.0658830e+03
  -1.0670470e+03
  -1.0677289e+03
  -1.0684059e+03
  -1.0695391e+03
  -1.0704451e+03
  -1.0714419e+03
  -1.0724747e+03
  -1.0730313e+03
  -1.0738829e+03
  -1.0749609e+03
  -1.0755385e+03
  -1.0765211e+03
  -1.0777281e+03
  -1.0784511e+03
  -1.0794105e+03
  -1.0805595e+03
  -1.0810658e+03
  -1.0821077e+03
  -1.0834399e+03
  -1.0841462e+03
  -1.0848480e+03
  -1.0859542e+03
  -1.0867841e+03
  -1.0878197e+03
  -1.0891322e+03
  -1.0899228e+03
  -1.0907347e+03
  -1.0920164e+03
  -1.0924907e+03
  -1.0935056e+03
  -1.0952818e+03
  -1.0963091e+03
  -1.0965044e+03
  -1.0977795e+03
  -1.0985837e+03
  -1.0988539e+03
  -1.1004952e+03
  -1.1022279e+03
  -1.1027548e+03
  -1.1040351e+03
  -1.1052927e+03
  -1.1050444e+03
  -1.1063000e+03
  -1.1075913e+03
  -1.1079312e+03
  -1.1091273e+03
  -1.1102913e+03
  -1.1100802e+03
  -1.1111090e+03
  -1.1122548e+03
  -1.1133537e+03
  -1.1152962e+03
  -1.1165936e+03
  -1.1166131e+03
  -1.1179890e+03
  -1.1201934e+03
  -1.1178826e+03
  -1.1207143e+03
  -1.1180250e+03
  -1.1206088e+03
  -1.1218720e+03
  -1.1218217e+03
  -1.1231252e+03
  -1.1249658e+03
  -1.1229784e+03
  -1.1202510e+03
  -1.1224243e+03
  -1.1245672e+03
  -1.1222778e+03
  -1.1235485e+03
  -1.1231751e+03
  -1.1247092e+03
  -1.1276471e+03
  -1.1298994e+03
  -1.1282243e+03
  -1.1297169e+03
  -1.1291223e+03
  -1.1301556e+03
  -1.1319265e+03
  -1.1291339e+03
  -1.1281680e+03
  -1.1296344e+03
  -1.1306962e+03
  -1.1304992e+03
  -1.1279236e+03
  -1.1298132e+03
  -1.1316114e+03
  -1.1329463e+03
  -1.1334668e+03
  -1.1352662e+03
  -1.1334489e+03
  -1.1351487e+03
  -1.1365129e+03
  -1.1362116e+03
  -1.1375697e+03
  -1.1392807e+03
  -1.1394070e+03
  -1.1406227e+03
  -1.1418943e+03
  -1.1420533e+03
  -1.1432177e+03
  -1.1449259e+03
  -1.1432095e+03
  -1.1456736e+03
  -1.1473259e+03
  -1.1466137e+03
  -1.1481746e+03
  -1.1494135e+03
  -1.1495219e+03
  -1.1509446e+03
  -1.1508359e+03
  -1.1522138e+03
  -1.1539850e+03
  -1.1524380e+03
  -1.1541893e+03
  -1.1559463e+03
  -1.1582272e+03
  -1.1572041e+03
  -1.1594067e+03
  -1.1606963e+03
  -1.1607708e+03
  -1.1630478e+03
  -1.1655121e+03
  -1.1670495e+03
  -1.1666472e+03
  -1.1679765e+03
  -1.1695691e+03
  -1.1703040e+03
  -1.1713037e+03
  -1.1729436e+03
  -1.1738251e+03
  -1.1737701e+03
  -1.1754771e+03
  -1.1737597e+03
  -1.1758495e+03
  -1.1777392e+03
  -1.1775982e+03
  -1.1786431e+03
  -1.1782470e+03
  -1.1793104e+03
  -1.1803713e+03
  -1.1798609e+03
  -1.1814772e+03
  -1.1834664e+03
  -1.1829239e+03
  -1.1845052e+03
  -1.1856914e+03
  -1.1856788e+03
  -1.1867284e+03
  -1.1879221e+03
  -1.1887907e+03
  -1.1899678e+03
  -1.1911112e+03
  -1.1919023e+03
  -1.1929717e+03
  -1.1939359e+03
  -1.1941654e+03
  -1.1953746e+03
  -1.1966106e+03
  -1.1972280e+03
  -1.1981495e+03
  -1.1990092e+03
  -1.1997441e+03
  -1.2008833e+03
  -1.2017962e+03
  -1.2023107e+03
  -1.2034794e+03
  -1.2044626e+03
  -1.2048898e+03
  -1.2060131e+03
  -1.2069641e+03
  -1.2073870e+03
  -1.2086755e+03
  -1.2097418e+03
  -1.2102190e+03
  -1.2112397e+03
  -1.2121510e+03
  -1.2126551e+03
  -1.2136535e+03
  -1.2143999e+03
  -1.2152962e+03
  -1.2165005e+03
  -1.2167092e+03
  -1.2176138e+03
  -1.2190763e+03
  -1.2199190e+03
  -1.2202470e+03
  -1.2216019e+03
  -1.2225116e+03
  -1.2231816e+03
  -1.2239919e+03
  -1.2245193e+03
  -1.2254826e+03
  -1.2266367e+03
  -1.2274077e+03
  -1.2284065e+03
  -1.2293163e+03
  -1.2299559e+03
  -1.2311212e+03
  -1.2321057e+03
  -1.2324642e+03
  -1.2337629e+03
  -1.2349565e+03
  -1.2355564e+03
  -1.2366003e+03
  -1.2376812e+03
  -1.2381705e+03
  -1.2392662e+03
  -1.2404437e+03
  -1.2410968e+03
  -1.2422555e+03
  -1.2435470e+03
  -1.2442322e+03
  -1.2451640e+03
  -1.2465117e+03
  -1.2472871e+03
  -1.2479026e+03
  -1.2491288e+03
  -1.2499767e+03
  -1.2508243e+03
  -1.2520743e+03
  -1.2529517e+03
  -1.2539020e+03
  -1.2551502e+03
  -1.2557445e+03
  -1.2563661e+03
  -1.2578075e+03
  -1.2588998e+03
  -1.2593096e+03
  -1.2604519e+03
  -1.2615008e+03
  -1.2621998e+03
  -1.2632184e+03
  -1.2641794e+03
  -1.2649276e+03
  -1.2657447e+03
  -1.2664566e+03
  -1.2673713e+03
  -1.2683875e+03
  -1.2691365e+03
  -1.2700692e+03
  -1.2711605e+03
  -1.2719797e+03
  -1.2728019e+03
  -1.2736913e+03
  -1.2744376e+03
  -1.2753140e+03
  -1.2762800e+03
  -1.2771406e+03
  -1.2780889e+03
  -1.2790378e+03
  -1.2798965e+03
  -1.2808761e+03
  -1.2819027e+03
  -1.2827958e+03
  -1.2837184e+03
  -1.2847101e+03
  -1.2855739e+03
  -1.2864458e+03
  -1.2873744e+03
  -1.2882040e+03
  -1.2891022e+03
  -1.2900839e+03
  -1.2909465e+03
  -1.2918593e+03
  -1.2928625e+03
  -1.2938037e+03
  -1.2947740e+03
  -1.2957799e+03
  -1.2966846e+03
  -1.2976517e+03
  -1.2986096e+03
  -1.2992644e+03
  -1.3002017e+03
  -1.3012961e+03
  -1.3017776e+03
  -1.3026442e+03
  -1.3037427e+03
  -1.3044415e+03
  -1.3053397e+03
  -1.3062437e+03
  -1.3069279e+03
  -1.3081655e+03
  -1.3093483e+03
  -1.3093034e+03
  -1.3104481e+03
  -1.3115527e+03
  -1.3122693e+03
  -1.3134531e+03
  -1.3147443e+03
  -1.3154251e+03
  -1.3164824e+03
  -1.3175211e+03
  -1.3182751e+03
  -1.3194023e+03
  -1.3206875e+03
  -1.3211234e+03
  -1.3222216e+03
  -1.3233631e+03
  -1.3238569e+03
  -1.3249321e+03
  -1.3260409e+03
  -1.3264175e+03
  -1.3277981e+03
  -1.3291989e+03
  -1.3298015e+03
  -1.3306704e+03
  -1.3318703e+03
  -1.3324604e+03
  -1.3333626e+03
  -1.3346642e+03
  -1.3345528e+03
  -1.3355985e+03
  -1.3369070e+03
  -1.3367319e+03
  -1.3380062e+03
  -1.3395553e+03
  -1.3397166e+03
  -1.3410763e+03
  -1.3421154e+03
  -1.3422768e+03
  -1.3432650e+03
  -1.3440500e+03
  -1.3441487e+03
  -1.3451759e+03
  -1.3456921e+03
  -1.3468225e+03
  -1.3483764e+03
  -1.3490587e+03
  -1.3493785e+03
  -1.3502648e+03
  -1.3499419e+03
  -1.3510218e+03
  -1.3517860e+03
  -1.3525449e+03
  -1.3536423e+03
  -1.3545842e+03
  -1.3554485e+03
  -1.3564251e+03
  -1.3573250e+03
  -1.3582847e+03
  -1.3593632e+03
  -1.3602679e+03
  -1.3610769e+03
  -1.3620158e+03
  -1.3628566e+03
  -1.3637276e+03
  -1.3647428e+03
  -1.3656259e+03
  -1.3665044e+03
  -1.3675430e+03
  -1.3684747e+03
  -1.3693265e+03
  -1.3703694e+03
  -1.3713950e+03
  -1.3722268e+03
  -1.3731159e+03
  -1.3739839e+03
  -1.3747690e+03
  -1.3756633e+03
  -1.3764765e+03
  -1.3773416e+03
  -1.3784335e+03
  -1.3792951e+03
  -1.3800352e+03
  -1.3810729e+03
  -1.3819340e+03
  -1.3826949e+03
  -1.3835789e+03
  -1.3842436e+03
  -1.3852617e+03
  -1.3862995e+03
  -1.3865915e+03
  -1.3876542e+03
  -1.3881534e+03
  -1.3882175e+03
  -1.3898637e+03
  -1.3912343e+03
  -1.3908455e+03
  -1.3923567e+03
  -1.3940371e+03
  -1.3923992e+03
  -1.3947189e+03
  -1.3919513e+03
  -1.3913360e+03
  -1.3927446e+03
  -1.3899459e+03
  -1.3925668e+03
  -1.3949702e+03
  -1.3919358e+03
  -1.3936805e+03
  -1.3935576e+03
  -1.3954920e+03
  -1.3979885e+03
  -1.4000427e+03
  -1.3971777e+03
  -1.3940990e+03
  -1.3969960e+03
  -1.3989856e+03
  -1.3991378e+03
  -1.4002053e+03
  -1.4022315e+03
  -1.4050244e+03
  -1.4022959e+03
  -1.4040570e+03
  -1.4047835e+03
  -1.4054806e+03
  -1.4067270e+03
  -1.4070352e+03
  -1.4083147e+03
  -1.4097800e+03
  -1.4102085e+03
  -1.4109835e+03
  -1.4121687e+03
  -1.4129470e+03
  -1.4136899e+03
  -1.4148690e+03
  -1.4156105e+03
  -1.4167998e+03
  -1.4180797e+03
  -1.4182170e+03
  -1.4191359e+03
  -1.4205555e+03
  -1.4205854e+03
  -1.4218165e+03
  -1.4232587e+03
  -1.4238038e+03
  -1.4243554e+03
  -1.4254181e+03
  -1.4260497e+03
  -1.4270711e+03
  -1.4283935e+03
  -1.4290880e+03
  -1.4298702e+03
  -1.4307205e+03
  -1.4310909e+03
  -1.4320612e+03
  -1.4331309e+03
  -1.4335790e+03
  -1.4345411e+03
  -1.4353506e+03
  -1.4362869e+03
  -1.4375324e+03
  -1.4383371e+03
  -1.4389831e+03
  -1.4403532e+03
  -1.4415687e+03
  -1.4417332e+03
  -1.4428968e+03
  -1.4436623e+03
  -1.4441918e+03
  -1.4451901e+03
  -1.4453864e+03
  -1.4464842e+03
  -1.4479511e+03
  -1.4489952e+03
  -1.4496602e+03
  -1.4509787e+03
  -1.4520982e+03
  -1.4528761e+03
  -1.4543031e+03
  -1.4555726e+03
  -1.4562838e+03
  -1.4572209e+03
  -1.4581457e+03
  -1.4588477e+03
  -1.4601061e+03
  -1.4612234e+03
  -1.4617860e+03
  -1.4628290e+03
  -1.4639735e+03
  -1.4647683e+03
  -1.4658266e+03
  -1.4669816e+03
  -1.4677426e+03
  -1.4687108e+03
  -1.4697635e+03
  -1.4703533e+03
  -1.4713760e+03
  -1.4726987e+03
  -1.4734673e+03
  -1.4740199e+03
  -1.4751411e+03
  -1.4760985e+03
  -1.4772503e+03
  -1.4785223e+03
  -1.4792808e+03
  -1.4800021e+03
  -1.4809976e+03
  -1.4810773e+03
  -1.4822421e+03
  -1.4837055e+03
  -1.4839889e+03
  -1.4851689e+03
  -1.4866153e+03
  -1.4874453e+03
  -1.4880429e+03
  -1.4892271e+03
  -1.4895406e+03
  -1.4907037e+03
  -1.4918005e+03
  -1.4926624e+03
  -1.4937850e+03
  -1.4947565e+03
  -1.4947608e+03
  -1.4964016e+03
  -1.4980820e+03
  -1.4987975e+03
  -1.4994391e+03
  -1.5005455e+03
  -1.5009494e+03
  -1.5023041e+03
  -1.5042734e+03
  -1.5025755e+03
  -1.5045442e+03
  -1.5060131e+03
  -1.5065494e+03
  -1.5072731e+03
  -1.5087038e+03
  -1.5094854e+03
  -1.5104503e+03
  -1.5121413e+03
  -1.5124503e+03
  -1.5130170e+03
  -1.5145590e+03
  -1.5148276e+03
  -1.5155296e+03
  -1.5169822e+03
  -1.5169237e+03
  -1.5179472e+03
  -1.5192052e+03
  -1.5192620e+03
  -1.5205429e+03
  -1.5222776e+03
  -1.5233391e+03
  -1.5237796e+03
  -1.5253710e+03
  -1.5260125e+03
  -1.5264502e+03
  -1.5281428e+03
  -1.5271093e+03
  -1.5282877e+03
  -1.5292942e+03
  -1.5301299e+03
  -1.5312815e+03
  -1.5320266e+03
  -1.5327414e+03
  -1.5340316e+03
  -1.5350103e+03
  -1.5356926e+03
  -1.5362538e+03
  -1.5365536e+03
  -1.5377302e+03
  -1.5389999e+03
  -1.5391246e+03
  -1.5405271e+03
  -1.5420623e+03
  -1.5422529e+03
  -1.5429709e+03
  -1.5440534e+03
  -1.5443644e+03
  -1.5458527e+03
  -1.5478118e+03
  -1.5465836e+03
  -1.5482612e+03
  -1.5487766e+03
  -1.5487258e+03
  -1.5502423e+03
  -1.5508775e+03
  -1.5506699e+03
  -1.5476859e+03
  -1.5501772e+03
  -1.5530639e+03
  -1.5561422e+03
  -1.5531373e+03
  -1.5552374e+03
  -1.5557157e+03
  -1.5565012e+03
  -1.5578758e+03
  -1.5580168e+03
  -1.5587959e+03
  -1.5600084e+03
  -1.5605367e+03
  -1.5615127e+03
  -1.5625665e+03
  -1.5631642e+03
  -1.5641943e+03
  -1.5654201e+03
  -1.5662745e+03
  -1.5672628e+03
  -1.5683639e+03
  -1.5688973e+03
  -1.5697284e+03
  -1.5708645e+03
  -1.5716199e+03
  -1.5725611e+03
  -1.5736173e+03
  -1.5742168e+03
  -1.5751908e+03
  -1.5763808e+03
  -1.5769354e+03
  -1.5780664e+03
  -1.5795705e+03
  -1.5801607e+03
  -1.5809497e+03
  -1.5822822e+03
  -1.5823372e+03
  -1.5829700e+03
  -1.5859243e+03
  -1.5886000e+03
  -1.5899352e+03
  -1.5898693e+03
  -1.5918536e+03
  -1.5936465e+03
  -1.5942070e+03
  -1.5948842e+03
  -1.5966240e+03
  -1.5977911e+03
  -1.5984017e+03
  -1.5995177e+03
  -1.5994485e+03
  -1.6003197e+03
  -1.6015608e+03
  -1.6021921e+03
  -1.6035266e+03
  -1.6051595e+03
  -1.6049652e+03
  -1.6057958e+03
  -1.6070449e+03
  -1.6065789e+03
  -1.6080324e+03
  -1.6104799e+03
  -1.6079573e+03
  -1.6105255e+03
  -1.6122415e+03
  -1.6121798e+03
  -1.6133796e+03
  -1.6146915e+03
  -1.6150353e+03
  -1.6160075e+03
  -1.6170216e+03
  -1.6171815e+03
  -1.6179934e+03
  -1.6188036e+03
  -1.6197146e+03
  -1.6209132e+03
  -1.6218329e+03
  -1.6228977e+03
  -1.6240380e+03
  -1.6246755e+03
  -1.6256389e+03
  -1.6270584e+03
  -1.6256256e+03
  -1.6276337e+03
  -1.6296579e+03
  -1.6310291e+03
  -1.6312473e+03
  -1.6322008e+03
  -1.6324277e+03
  -1.6334250e+03
  -1.6353918e+03
  -1.6367220e+03
  -1.6371325e+03
  -1.6382299e+03
  -1.6384514e+03
  -1.6390739e+03
  -1.6407534e+03
  -1.6419288e+03
  -1.6423217e+03
  -1.6434363e+03
  -1.6443603e+03
  -1.6450692e+03
  -1.6460436e+03
  -1.6469500e+03
  -1.6478685e+03
  -1.6489073e+03
  -1.6495959e+03
  -1.6503266e+03
  -1.6513924e+03
  -1.6523444e+03
  -1.6532599e+03
  -1.6543928e+03
  -1.6553282e+03
  -1.6561638e+03
  -1.6572311e+03
  -1.6581962e+03
  -1.6588361e+03
  -1.6597933e+03
  -1.6608910e+03
  -1.6618417e+03
  -1.6627176e+03
  -1.6635136e+03
  -1.6643899e+03
  -1.6654526e+03
  -1.6663172e+03
  -1.6670558e+03
  -1.6680078e+03
  -1.6686022e+03
  -1.6692848e+03
  -1.6701502e+03
  -1.6707567e+03
  -1.6717380e+03
  -1.6727832e+03
  -1.6728441e+03
  -1.6741265e+03
  -1.6753349e+03
  -1.6760358e+03
  -1.6768475e+03
  -1.6777436e+03
  -1.6784205e+03
  -1.6795824e+03
  -1.6801345e+03
  -1.6809294e+03
  -1.6820858e+03
  -1.6826601e+03
  -1.6830950e+03
  -1.6844027e+03
  -1.6855872e+03
  -1.6863750e+03
  -1.6874467e+03
  -1.6883288e+03
  -1.6891653e+03
  -1.6903005e+03
  -1.6909309e+03
  -1.6917217e+03
  -1.6931157e+03
  -1.6938984e+03
  -1.6943086e+03
  -1.6952536e+03
  -1.6958968e+03
  -1.6967751e+03
  -1.6981263e+03
  -1.6988587e+03
  -1.6996347e+03
  -1.7006625e+03
  -1.7012600e+03
  -1.7021692e+03
  -1.7032104e+03
  -1.7029858e+03
  -1.7040844e+03
  -1.7051470e+03
  -1.7058076e+03
  -1.7071209e+03
  -1.7082924e+03
  -1.7090101e+03
  -1.7100869e+03
  -1.7112977e+03
  -1.7119327e+03
  -1.7136348e+03
  -1.7165522e+03
  -1.7192497e+03
  -1.7213752e+03
  -1.7223366e+03
  -1.7225436e+03
  -1.7238636e+03
  -1.7239606e+03
  -1.7249562e+03
  -1.7264313e+03
  -1.7262167e+03
  -1.7269960e+03
  -1.7293931e+03
  -1.7312130e+03
  -1.7313274e+03
  -1.7325324e+03
  -1.7339364e+03
  -1.7327221e+03
  -1.7341292e+03
  -1.7338376e+03
  -1.7355769e+03
  -1.7382100e+03
  -1.7402576e+03
  -1.7383098e+03
  -1.7403786e+03
  -1.7420742e+03
  -1.7431472e+03
  -1.7432290e+03
  -1.7443960e+03
  -1.7454998e+03
  -1.7469544e+03
  -1.7482793e+03
  -1.7489486e+03
  -1.7498202e+03
  -1.7507805e+03
  -1.7507388e+03
  -1.7518746e+03
  -1.7534943e+03
  -1.7543756e+03
  -1.7557080e+03
  -1.7571268e+03
  -1.7566337e+03
  -1.7577485e+03
  -1.7595180e+03
  -1.7571904e+03
  -1.7542939e+03
  -1.7564381e+03
  -1.7580662e+03
  -1.7569074e+03
  -1.7584681e+03
  -1.7593154e+03
  -1.7598591e+03
  -1.7615435e+03
