0 2.130535 0
24000 2.284974 0.00488100000000014
48000 6.3770104 -0.28623329
72000.001 2.430883 0.1486126
96000.001 -8.68684672 -1.4127504
120000 0.956542000000002 0.0885352000000001
144000 0.369939000000002 -0.2109705
168000 -1.934108 0.3513651
192000 -3.626239 0.320226283
216000 -12.534122 1.20636358
240000 -10.240838 1.33325224
264000 -16.328932 0.9800472
288000 -13.187211 1.3450522
312000 -12.512234 1.1423528
336000 -16.851533 1.6953378
360000 -6.333962 1.8268256
384000 -10.356907 1.6805295
408000 -13.861343 2.2994994
432000 -10.276539 2.8149864
456000 -10.378243 2.6227244
480000 -12.620151 2.744121
504000 -14.253374 2.9601781
528000 -13.5198 3.3173805
552000 -11.457731 3.2702617
576000 -13.957231 3.2328546
600000.01 -14.854417 3.8074834
624000.01 -12.111578 3.980339
648000.01 -12.63727 3.922077
672000.01 -14.895166 4.173334
696000.01 -14.142811 4.498284
720000.01 -14.251069 4.552388
744000.01 -15.742229 4.780571
768000.01 -15.351117 5.123351
792000.01 -14.657332 5.262698
816000.01 -15.654966 5.428787
840000.01 -16.158962 5.852025
864000.01 -14.178394 6.165051
888000.01 -13.031551 6.270584
912000.01 -12.901583 6.412563
936000.01 -12.559047 6.610409
960000.01 -12.005995 6.780452
984000.01 -11.552082 6.940606
1008000 -11.171946 7.08953
1032000 -11.093957 7.255489
1056000 -10.815841 7.476675
1080000 -9.993685 7.676515
1104000 -9.266771 7.823461
1128000 -8.783867 7.970105
1152000 -8.327312 8.127145
1176000 -7.785891 8.301383
1200000 -6.86286 8.47935
1224000 -5.647986 8.612166
1248000 -4.534473 8.700374
1272000 -3.542026 8.764464
1296000 -2.711354 8.79186
1320000 -2.271916 8.801703
1344000 -1.942902 8.81928
1368000 -1.672253 8.797947
1392000 -2.025814 8.753454
1416000 -2.86014299999999 8.755154
1440000 -3.796108 8.787629
1464000 -5.084567 8.844043
1488000 -6.420928 8.965065
1512000 -7.486291 9.08469400000001
1536000 -8.931547 9.204432
1560000 -10.248365 9.408698
1584000 -10.720715 9.588012
1608000 -11.801632 9.661749
1632000 -15.299047 9.790181
1656000 -19.411607 10.865831
1680000 -12.087812 11.417107
1704000 -8.690171 11.370744
1728000 -7.897501 11.284982
1752000 -8.033307 11.327954
1776000 -7.64414 11.334729
1800000 -8.832439 11.297869
1824000 -9.638496 11.570546
1848000 -7.572826 11.674406
1872000 -7.885086 11.516918
1896000 -9.672966 11.669555
1920000 -9.721345 11.76749
1944000 -12.432123 11.840554
1968000 -13.733114 12.279866
1992000 -13.418296 12.316485
2016000 -17.0154681 12.383824
2040000 -18.8015079 12.669798
2064000 -20.9037323 12.726478
2088000 -20.7764599 13.124545
2112000 -18.3329213 12.997077
2136000 -25.3564392 12.885757
2160000 -21.79635 14.524464
2184000 -17.7986095 14.658089
2208000 -16.58996015 15.162204
2232000 -16.39895514 15.569852
2256000 -15.22186388 16.289587
2280000 -14.8636401 16.250692
2304000 -21.7121909 16.02468
2328000 -29.629787 17.256107
2352000 -16.5611219 16.381217
2376000 -15.08478749 16.554726
2400000 -8.9563289 17.325465
2424000 -4.8648242 16.947447
2448000 -7.6379768 16.715535
2472000 -8.9873599 16.84196
2496000 -7.681014 16.756957
2520000 -8.61827 16.761943
2544000 -8.8485296 17.169982
2568000 -7.001483 17.417853
2592000 -6.987333 17.713495
2616000 -4.794668 18.002833
2640000 -3.974532 17.971997
2664000 -4.528358 18.251243
2688000 -0.830133 18.539706
2712000 1.955249 18.406033
2736000 4.016857 18.434134
2760000 6.973207 18.180634
2784000 6.103752 17.933508
2808000 6.580998 17.912098
2832000 7.499789 17.554731
2856000 5.448003 17.235662
2880000 4.55718 16.930067
2904000 0.815589999999997 16.366589
2928000 -5.256292 15.99736
2952000 -14.0948806 15.396228
2976000 -20.3299857 13.727589
3000000 -15.328255 13.200277
3024000 -13.244211 13.170703
3048000 -12.312006 13.298418
3072000 -11.478138 13.421589
3096000 -11.628357 13.509346
3120000 -12.350583 13.705265
3144000 -12.084176 13.917093
3168000 -11.740899 14.030003
3192000 -11.743866 14.144328
3216000 -11.609828 14.282238
3240000 -11.519277 14.414026
3264000 -11.937601 14.553194
3288000 -13.082924 14.810326
3312000 -12.1026 15.200409
3336000 -10.552912 15.156384
3360000 -12.860687 15.046032
3384000 -15.510249 15.451052
3408000 -13.589738 15.73104
3432000 -12.746286 15.778788
3456000 -12.659936 15.868669
3480000 -13.500498 16.000859
3504000 -14.432314 16.357498
3528000 -13.50606 16.615
3552000 -14.14031 16.73116
3576000 -14.7700666 16.99457
3600000 -14.5469513 17.0992
3624000 -15.3712098 17.26974
3648000 -13.8930459 17.46588
3672000 -13.7034725 17.43274
3696000 -14.9603889 17.68634
3720000 -14.1381073 17.94206
3744000 -15.719996 18.15189
3768000 -14.9334197 18.69686
3792000 -13.8842285 18.69662
3816000 -16.860296 19.10408
3840000 -13.1003007 19.44217
3864000 -13.3623612 19.21533
3888000 -14.4735777 19.57877
3912000 -10.8069421 19.58988
3936000 -12.4031747 19.35605
3960000 -14.0580048 19.93568
3984000 -11.4565648 20.13923
4008000 -12.7772635 20.39203
4032000 -11.691555 20.78332
4056000 -12.58966735 20.83837
4080000 -14.4691692 21.25375
4104000 -12.54934874 21.33013
4128000 -11.5225223 21.25438
4152000 -9.0680443 21.31087
4176000 -6.9065975 21.2538
4200000 -8.07388999 21.2078
4224000 -10.72104 21.57551
4248000 -14.51207 21.42632
4272000 -21.2706869 25.23179
4296000 -23.3366816 23.08997
4320000 -19.5854706 20.97682
4344000 -29.0472284 21.29033
4368000 -13.5793584 22.28674
4392000 -13.4697035 22.11119
4416000 -22.0876146 22.62075
4440000 -21.213122 22.51909
4464000 -16.7299473 20.62905
4488000 -13.9951033 19.62375
4512000 -30.3558577 20.23012
4536000 -21.2309949 20.94191
4560000 -17.8182651 24.8694
4584000 -15.9914895 24.17894
4608000 -13.6921246 25.15341
4632000 -9.0619959 24.80634
4656000 -19.5608323 25.10043
4680000 -10.5728626 26.58365
4704000 -7.77399427 26.49554
4728000 -6.5146281 27.23966
4752000 0.3721346 27.64819
4776000 11.9999931 24.17046
4800000 9.4854866 25.5863
4824000 2.7085298 23.86493
4848000 -7.6089974 24.4051
4872000 -3.57049807 25.21645
4896000 -6.5916195 24.98796
4920000 -7.1750698 25.50665
4944000 -7.0708224 25.26963
4968000 -14.2802412 25.19861
4992000 -16.2202314 25.56611
5016000 -17.2358926 24.95694
5040000 -35.060488 26.22614
5064000 -16.5738292 26.7368
5088000 -15.9625164 26.69944
5112000 -13.65117278 27.23122
5136000 -11.7987427 27.3677
5160000 -12.9517749 27.71148
5184000 -12.0661524 28.09158
5208000 -12.0878234 28.25654
5232000 -12.1682873 28.39565
5256000 -12.1200399 28.41044
5280000 -12.5434153 28.50894
5304000 -11.5068639 28.74139
5328000 -10.379642 28.9252
5352000 -9.3670568 29.17459
5376000 -8.4501373 29.32891
5400000 -8.8646584 29.48913
5424000 -8.5940831 29.73664
5448000 -7.646965 29.84304
5472000 -7.018405 29.97761
5496000 -4.78291 30.15416
5520000 -2.403739 30.11172
5544000 -1.8181565 30.15002
5568000 0.317466100000001 30.14128
5592000 -0.6048312 29.83025
5616000 -3.2721173 29.79369
5640000 -4.9555628 29.70812
5664000 -8.7116582 29.58794
5688000 -12.3973274 29.91441
5712000 -10.54273959 30.16297
5736000 -12.2322691 30.08776
5760000 -16.7047405 30.722
5784000 -12.4607638 31.39877
5808000 -10.6216878 31.55573
5832000 -9.7586519 31.56055
5856000 -16.4144467 31.5061
5880000 -15.3969892 32.92409
5904000 -10.7881575 32.75175
5928000 -11.9835392 32.48843
5952000 -9.2725623 32.67616
5976000 -5.6326873 32.48644
6000000.1 -8.1066809 32.49577
6024000.1 -4.0610873 33.10679
6048000.1 -0.235549 32.94924
6072000.1 -10.9200802 32.92219
6096000.1 -10.5446629 33.53109
6120000.1 -4.2152015 32.12911
6144000.1 -11.6783125 30.29673
6168000.1 -13.4326941 32.621
6192000.1 -6.58385 31.6747
6216000.1 -5.9607087 34.49401
6240000.1 -7.2540183 34.8009
6264000.1 -9.5009833 39.3691
6288000.1 -5.1357381 38.04703
6312000.1 -8.6825909 39.74548
6336000.1 -2.6547434 40.15746
6360000.1 -7.909404 40.69046
6384000.1 -10.0736501 41.36884
6408000.1 -16.8795747 45.00729
6432000.1 -5.7996098 43.67349
6456000.1 -24.43390511 42.86607
6480000.1 -10.4981718 45.69027
6504000.1 -6.9799327 44.33467
6528000.1 -12.6581206 42.70843
6552000.1 -18.67554866 43.73942
6576000.1 -6.6433383 43.83838
6600000.1 -13.79583298 42.77374
6624000.1 -20.19369342 46.13085
6648000.1 -24.081275 48.64868
6672000.1 -5.9592337 47.742
6696000.1 -9.4467999 47.73344
6720000.1 -13.7509426 49.52344
6744000.1 -12.5692385 47.95682
6768000.1 -7.627714 46.29823
6792000.1 -2.4294573 45.89634
6816000.1 -2.6500856 46.45939
6840000.1 -1.2365121 46.74459
6864000.1 -0.702732000000001 45.77506
6888000.1 -12.4462847 42.79105
6912000.1 -9.1698088 45.01135
6936000.1 -3.3051963 44.03357
6960000.1 -11.65125967 44.2552
6984000.1 -8.0729285 45.066
7008000.1 -18.3770697 45.23296
7032000.1 -8.38164588 47.05798
7056000.1 -5.6042272 46.83592
7080000.1 -7.7160778 46.15621
7104000.1 -7.1259631 46.12227
7128000.1 -1.7054988 45.85899
7152000.1 -2.0934968 45.3006
7176000.1 -3.77788863 45.72153
7200000.1 -1.4788383 45.83018
7224000.1 -4.5173701 45.37288
7248000.1 -7.53090774 45.39891
7272000.1 -4.79641581 45.03146
7296000.1 -8.51613488 44.48533
7320000.1 -10.67656269 45.43687
7344000.1 -5.3007194 45.64401
7368000.1 -11.8694266 45.77647
7392000.1 -14.2376466 46.58139
7416000.1 -18.1657335 45.33163
7440000.1 -9.499482 45.92988
7464000.1 3.4654188 45.0415
7488000.1 1.1136218 43.19361
7512000.1 -9.3670161 43.75122
7536000.1 -2.9363566 43.959
7560000.1 -8.5363521 43.24152
7584000.1 -11.08209806 43.78107
7608000.1 -4.6624624 43.53452
7632000.1 -6.8869633 43.25978
7656000.1 -9.6495732 44.08256
7680000.1 -4.3267779 44.42872
7704000.1 -5.8449876 44.29849
7728000.1 -7.11155988 45.28661
7752000.1 0.3001181 45.6908
7776000.1 -1.786345 44.88519
7800000.1 -6.7015819 46.12183
7824000.1 2.486871 47.28099
7848000.1 -33.6809877 51.42267
7872000.1 1.2399781 50.82125
7896000.1 -6.5083505 49.88004
7920000.1 -10.4733659 51.37991
7944000.1 -2.5383953 51.0286
7968000.1 -14.2977462 50.43615
7992000.1 -17.53352944 52.45316
8016000.1 -15.5861174 51.57262
8040000.1 -22.02160205 50.61353
8064000.1 -18.1568907 51.60402
8088000.1 -13.7337092 51.62519
8112000.1 -14.5351943 52.24742
8136000.1 -11.52208259 52.84328
8160000.1 -9.8876991 53.36833
8184000.1 -9.49960947 53.55835
8208000.1 -13.2359271 53.73511
8232000.1 -13.4983567 54.23365
8256000.1 -10.97073541 53.61361
8280000.1 -10.620679 53.27131
8304000.1 -7.848919 53.99901
8328000.1 -4.2548112 53.94721
8352000.1 -6.5694281 54.24884
8376000.1 -6.7519946 54.63765
8400000.1 -11.3130617 53.9081
8424000.1 -11.2041449 52.11466
8448000.1 -15.2819252 51.25521
8472000.1 -7.2277068 52.63227
8496000.1 -4.4813974 52.62947
8520000.1 -16.0856307 53.66435
8544000.1 -16.036518 54.0173
8568000.1 -16.6657583 57.48954
8592000.1 -9.1576856 56.44961
8616000.1 -29.5767698 59.7456
8640000.1 -11.3950599 59.48672
8664000.1 -3.9744232 60.36586
8688000.1 -5.2616048 60.45682
8712000.1 -16.8969289 61.17629
8736000.1 -6.9808247 61.7466
8760000.1 -12.6520456 59.93459
8784000.1 -3.6819577 58.80422
8808000.1 -5.217862 57.62772
8832000.1 -5.7580815 59.21916
8856000.1 -4.6748017 59.24059
8880000.1 -18.1752281 57.64747
8904000.1 -14.2457141 58.89227
8928000.1 -5.521278 58.47826
8952000.1 -4.6668252 57.68213
8976000.1 -8.1048327 59.05356
9000000.1 -5.085839 59.65364
9024000.1 -7.504016 60.74368
9048000.1 -8.9592991 60.72093
9072000.1 -23.6211412 59.96095
9096000.1 -16.9405644 61.50318
9120000.1 -7.2276555 60.09657
9144000.1 -5.5213343 60.25436
9168000.1 -4.9984424 61.08515
9192000.1 -4.0246709 61.24454
9216000.1 -6.8593744 61.44956
9240000.1 -6.5992579 61.60558
9264000.1 -6.3627031 61.26273
9288000.1 -6.1315392 61.41772
9312000.1 -2.0758236 61.70364
9336000.1 -2.6610217 61.3784
9360000.1 -7.0698525 61.59006
9384000.1 -5.2438705 61.79099
9408000.1 -5.4542857 61.01148
9432000.1 -7.024137 60.78704
9456000.1 -2.1621074 61.02331
9480000.1 -3.5946167 60.47221
9504000.1 -12.0794952 60.69242
9528000.1 -13.3726161 62.061
9552000.1 -18.5117767 61.5517
9576000.1 -18.57645204 64.14959
9600000.1 -16.0623767 63.39103
9624000.1 -23.293024681 66.55408
9648000.1 -19.76760278 65.27164
9672000.1 -15.56373165 63.57422
9696000.1 -16.8592392 63.3556
9720000.1 -11.6848333 64.01903
9744000.1 -8.55579133 63.90816
9768000.1 -13.4679413 64.09169
9792000.1 -12.2426969 64.6487
9816000.1 -11.873125 64.09613
9840000.1 -15.4592821 62.9588
9864000.1 -18.3735335 63.70997
9888000.1 -10.4215678 63.11438
9912000.1 -9.2380988 60.89701
9936000.1 -9.9346669 59.96385
9960000.1 -12.0895782 61.74355
9984000.1 -4.295975 61.53675
10008000 -6.3263161 61.91697
10032000 -0.6114079 62.26501
10056000 -2.7974288 61.68992
10080000 -6.9987707 62.37927
10104000 3.5050265 62.56016
10128000 1.9370738 61.81045
10152000 -6.0611215 62.32619
10176000 1.2426241 63.43159
10200000 0.8287775 62.671
10224000 -7.4730969 63.76948
10248000 -0.626369 64.94855
10272000 2.224742 64.03356
10296000 -11.9441 64.5026999999999
10320000 -2.7511078 64.56922
10344000 -1.470488 63.43188
10368000 -6.9436316 64.75767
10392000 2.37951 65.33776
10416000 0.184263999999999 64.77627
10440000 -2.5448862 66.04712
10464000 -5.839039 66.29843
10488000 -9.1404629 66.98498
10512000 -11.2874876 66.54532
10536000 -9.6768359 65.72435
10560000 -8.8502447 65.82403
10584000 -5.6350745 66.34294
10608000 -6.6975837 66.93231
10632000 -4.9620705 67.55789
10656000 -8.3380917 67.66634
10680000 -11.3857524 68.23955
10704000 -13.973865 66.79415
10728000 -9.0886868 65.42886
10752000 -4.95482 65.66758
10776000 -6.945474 65.75468
10800000 -14.1822524 65.73317
10824000 -12.902659 69.7501
10848000 -11.1713054 68.30005
10872000 -15.3412086 70.82822
10896000 -4.128189 70.31408
10920000 -6.83137 68.28625
10944000 -14.0055232 67.89192
10968000 -4.452179 69.17937
10992000 -2.2655439 68.13128
11016000 -8.176442 68.48668
11040000 -3.0734718 68.81381
11064000 -6.6714082 67.90535
11088000 -13.5819986 68.30965
11112000 -3.625582 68.50801
11136000 -5.7505734 67.88776
11160000 -11.2326054 68.73027
11184000 -3.1770042 69.04125
11208000 -8.8435957 67.94128
11232000 -13.1838321 71.06272
11256000 -3.128273 70.50425
11280000 -12.569736 68.02918
11304000 -9.8422117 71.44147
11328000 1.12969 70.75862
11352000 -0.623476999999999 69.71934
11376000 -1.7141366 70.60196
11400000 4.6664798 70.7879
11424000 -4.715141 70.66497
11448000 -7.7240759 71.84214
11472000 -8.3825926 71.39258
11496000 -12.3347736 70.62365
11520000 -9.3239822 70.9478
11544000 -6.4205018 71.01415
11568000 -8.2308154 71.42232
11592000 -8.8961836 71.86806
11616000 -16.8343526 71.58148
11640000 -36.7851128 72.99236
11664000 -16.4254426 70.95995
11688000 -10.6125762 70.36134
11712000 -20.8299376 70.84642
11736000 -12.32177608 71.95341
11760000 -14.3682915 71.97516
11784000 -18.7753722 73.28812
11808000 -21.80215722 72.65222
11832000 -16.6578966 70.60222
11856000 -16.4360917 69.85595
11880000 -23.31978924 71.22338
11904000 -23.321863 71.94098
11928000 -16.249298 73.29929
11952000 -18.2613585678 73.00353
11976000 -25.8633188 75.70921
12000000 -18.7911159 74.8428
12024000 -30.1363238 77.84141
12048000 -26.1378787 77.28436
12072000 -12.7643354 79.17821
12096000 -11.7201257 78.99466
12120000 -15.6238249 79.60907
12144000 -13.5986648 79.79247
12168000 -20.39453918 79.45422
12192000 -21.221894 80.07936
12216000 -9.3561155 79.08371
12240000 -7.1927004 78.82242
12264000 -9.6082184 79.28163
12288000 -7.380121 79.73476
12312000 -11.2379648 79.80046
12336000 -12.6617624 80.54639
12360000 -12.3949731 79.92034
12384000 -16.1796594 78.70407
12408000 -22.7092659 78.13729
12432000 -16.8081441 79.59247
12456000 -19.4298751 80.18546
12480000 -15.1022806 81.10582
12504000 -20.8444713 81.13944
12528000 -13.5498178 82.87512
12552000 -9.4931416 82.50029
12576000 -18.7354187 82.74002
12600000 -13.2118602 83.52688
12624000 -9.4336894 82.72789
12648000 -12.0631402 82.2523
12672000 -10.1624614 82.95633
12696000 -5.5777456 82.93706
12720000 -8.6749175 83.07762
12744000 -8.820759 83.95752
12768000 -11.0738006 84.21971
12792000 -16.0527526 84.9833
12816000 -17.8284422 84.78537
12840000 -20.8644152 84.00294
12864000 -15.3980826 84.35177
12888000 -11.7286094 84.21485
12912000 -19.230429 84.57562
12936000 -13.732464 85.76524
12960000 -19.7898885 85.48161
12984000 -17.2669812 87.88859
13008000 -14.3694987 86.97354
13032000 -20.2223649 86.08277
13056000 -19.3148489 87.05108
13080000 -9.9665357 86.56601
13104000 -11.2312235 86.64454
13128000 -10.7650434 87.36422
13152000 -9.6640564 87.2412
13176000 -14.6816697 87.28708
13200000 -17.3141783 87.01333
13224000 -14.5302176 85.72281
13248000 -13.8285726 85.81268
13272000 -11.6026922 86.63807
13296000 -10.7759297 86.63233
13320000 -15.4608831 86.76609
13344000 -24.1803516 86.74652
13368000 -19.6739777 90.42137
13392000 -15.2243199 90.53946
13416000 -14.2026287 91.70946
13440000 -10.338483 91.77381
13464000 -16.8467891 91.59691
13488000 -32.7557579 93.48906
13512000 -20.0458681 91.17337
13536000 -11.3852423 90.4776
13560000 -11.4167886 90.38319
13584000 -11.670613 91.17629
13608000 -15.6152099 91.16488
13632000 -15.2144011 94.93227
13656000 -14.5725185 94.67889
13680000 -9.0727741 95.21352
13704000 -8.5689528 94.64719
13728000 -17.5283388 97.11388
13752000 -11.2840299 97.72139
13776000 -3.365562 98.75283
13800000 -5.6169514 98.1426
13824000 -11.2021413 97.71935
13848000 -12.8120678 96.95921
13872000 -8.8616102 96.91737
13896000 -4.165072 97.15692
13920000 0.0488940000000007 97.1339
13944000 -3.2027794 97.28301
13968000 -6.9645757 97.472
13992000 -10.9990129 97.29679
14016000 -12.3011432 96.89984
14040000 -11.0609872 96.92593
14064000 -5.7299264 97.48216
14088000 -3.2977599 97.34327
14112000 -5.5292653 96.97978
14136000 -4.892632 95.59656
14160000 -11.31208 95.5626800000001
14184000 -3.2855371 96.02625
14208000 2.196115 95.43758
14232000 -8.2508184 95.63825
14256000 -9.7320901 96.1107000000001
14280000 -10.10109 95.08599
14304000 -24.0507566 94.3099999999999
14328000 -13.2513514 95.71957
14352000 -13.8264769 95.3506399999999
14376000 -12.1316236 97.51647
14400000 -10.4815422 97.52877
14424000 -18.1124845 99.02604
14448000 -11.7060547 99.22468
14472000 -17.4582052 99.61083
14496000 -17.8268847 99.68392
14520000 -10.2345395 97.3600000000001
14544000 -7.7940488 96.95944
14568000 -13.1410534 97.7932
14592000 -7.1557638 98.08401
14616000 -10.8635962 97.60357
14640000 -23.5640727 96.76472
14664000 -14.3493642 97.04625
14688000 -8.2356917 96.67923
14712000 -9.066217 96.6345
14736000 -9.1521925 97.38471
14760000 -13.9059888 97.16938
14784000 -15.7961263 100.38664
14808000 -16.3968985 99.1920500000001
14832000 -24.0214278 102.64413
14856000 -20.1465345 102.43447
14880000 -12.0546721 103.26419
14904000 -13.9791019 103.31853
14928000 -11.5433445 105.57813
14952000 -8.8706744 104.656
14976000 -21.6917718 103.34787
15000000 -15.3410262 106.70099
15024000 -7.320092 110.14851
15048000 -0.291679 109.74491
15072000 -1.993825 109.34831
15096000 -6.8285587 110.17952
15120000 -9.0803401 110.09553
15144000 -15.868402 110.12905
15168000 -9.4547272 109.89632
15192000 -5.3120683 109.55182
15216000 0.248552 110.16304
15240000 5.943695 110.32455
15264000 0.357108999999999 110.37645
15288000 -2.723695 109.77879
15312000 -6.387875 109.82162
15336000 0.406307999999999 109.37622
15360000 9.973713 104.49136
15384000 6.60634 110.22692
15408000 -2.059097 105.36458
15432000 -5.047029 110.09832
15456000 0.173502000000003 105.64232
15480000 -4.357434 107.35081
15504000 0.621409999999997 104.9458
15528000 -15.385696 105.3146
15552000 0.148769000000001 108.7164
15576000 -4.918967 109.50757
15600000 -12.191021 106.13311
15624000 -3.821268 109.35383
15648000 4.953993 111.17387
15672000 -5.903093 113.93099
15696000 4.784498 114.19054
15720000 -4.899845 112.20355
15744000 -14.847108 115.46552
15768000 -11.298952 120.23211
15792000 -8.37238 118.64089
15816000 -17.509919 120.08557
15840000 -10.252653 120.3361
15864000 -12.531818 123.64207
15888000 -2.219219 122.50221
15912000 -3.336467 122.36106
15936000 -4.261232 125.04943
15960000 -8.529338 123.83858
15984000 -5.516863 127.91611
16008000 -12.582441 123.80813
16032000 -0.422702000000001 122.01943
16056000 8.43766 121.00153
16080000 -1.901483 121.05685
16104000 -5.82744 122.07836
16128000 -12.49142 124.07066
16152000 -16.836603 124.26879
16176000 -8.346501 127.21953
16200000 9.450795 127.14287
16224000 -0.633312 125.39931
16248000 -1.347304 126.70455
16272000 4.397216 127.65257
16296000 2.359263 123.05594
16320000 -14.784397 121.88567
16344000 -6.651436 125.11772
16368000 -9.002075 128.56135
16392000 0.850872000000001 127.85726
16416000 -2.702212 127.09338
16440000 -3.824618 128.85493
16464000 -1.412988 129.33676
16488000 -1.441553 128.00923
16512000 -8.543052 127.71157
16536000 -2.241771 127.68902
16560000 1.28249 126.49985
16584000 -1.137049 127.02676
16608000 0.118597999999999 126.47279
16632000 -7.495651 129.6525
16656000 -5.130083 129.72288
16680000 -15.799928 130.42036
16704000 -10.328829 130.21245
16728000 -9.7638707 129.09447
16752000 -4.77343 128.99748
16776000 -1.554088 129.25162
16800000 -1.480521 129.79292
16824000 -0.10145 130.50483
16848000 2.866375 130.11228
16872000 -1.6753408 130.04203
16896000 0.0351420000000005 130.27601
16920000 3.968553 129.60844
16944000 0.681246999999999 129.87003
16968000 -1.765372 130.70878
16992000 0.553750000000001 130.87715
17016000 -6.351466 130.91237
17040000 -8.577061 131.71756
17064000 -14.934746 131.41369
17088000 -13.0616145 133.82676
17112000 -6.047882 133.76001
17136000 -4.933889 132.55315
17160000 -5.379823 133.0572
17184000 5.355958 132.83192
17208000 1.844206 131.81266
17232000 -1.440074 132.46015
17256000 8.782777 132.81867
17280000 0.311007999999998 131.80813
17304000 0.183571999999998 132.94419
17328000 10.212999 132.20605
17352000 -2.143238 131.51795
17376000 -0.93412 132.20403
17400000 8.419195 131.33516
17424000 -7.900985 130.27194
17448000 -11.213513 132.26284
17472000 1.814882 131.06546
17496000 -0.705054999999998 130.25952
17520000 -17.05226 131.3178
17544000 2.415621 131.84524
17568000 -12.215034 131.39394
17592000 -3.368044 134.35121
17616000 1.66903 131.50345
17640000 -5.296128 133.53556
17664000 2.322467 133.72375
17688000 -5.477266 135.13316
17712000 -7.750991 136.76865
17736000 0.339920000000001 137.41236
17760000 -4.184498 136.58535
17784000 -11.694824 137.87342
17808000 -3.958133 137.97496
17832000 -5.219382 137.00427
17856000 -18.413721 137.1652
17880000 -4.783629 138.87101
17904000 1.256563 137.43087
17928000 -12.747211 136.64754
17952000 -17.62403 139.29693
17976000 1.275649 138.42475
18000000 0.743348000000001 136.34311
18024000 -17.73491 138.19892
18048000 -2.439963 137.21387
18072000 -11.6194669 136.02673
18096000 -16.6748321 140.10677
18120000 -13.46749 143.83686
18144000 -10.9534846 142.12617
18168000 -15.086522 140.92387
18192000 -15.9765485 138.79046
18216000 -41.0550419 141.04473
18240000 -11.0569922 140.67804
18264000 -7.443486 140.29125
18288000 -7.804328 140.72282
18312000 -6.498357 140.49917
18336000 -9.429515 138.45334
18360000 -16.152791 138.51209
18384000 -8.751323 138.92333
18408000 -26.700974 139.48954
18432000 -6.6999729 140.7229
18456000 -5.027652 140.64939
18480000 -7.289636 141.90095
18504000 -4.7477755 142.10296
18528000 -10.22072 141.70117
18552000 -14.828231 144.20922
18576000 -20.8918013 142.12353
18600000 -6.767001 141.11296
18624000 -4.56382 140.68445
18648000 -6.83013 141.8466
18672000 -7.607787 142.5507
18696000 -9.384954 143.38462
18720000 -8.6743749 143.83178
18744000 -7.985687 143.78968
18768000 -16.482928 142.09214
18792000 -12.302357 140.64129
18816000 -22.853747 139.50103
18840000 -8.224221 143.37249
18864000 -19.9969271 143.06379
18888000 -9.8715888 145.20128
18912000 -10.8954288 144.60133
18936000 -14.1216582 146.94377
18960000 -5.57753 147.28714
18984000 -6.812709 147.64714
19008000 -10.5324932 147.87399
19032000 -15.776738 146.35629
19056000 -11.339797 144.16676
19080000 -31.517855 143.04869
19104000 -20.8393266 146.56293
19128000 -16.5746524 148.39137
19152000 -10.2816174 148.18277
19176000 -12.777772 148.3202
19200000 -9.8264702 148.6692
19224000 -8.5302809 148.07668
19248000 -9.6594134 147.69276
19272000 -11.7987614 148.28344
19296000 -5.8709477 148.58065
19320000 -4.7720993 148.69346
19344000 -6.1207979 148.68937
19368000 -9.4104218 148.63024
19392000 -10.3043428 148.34962
19416000 -9.2730496 147.73101
19440000 -10.8154118 147.60009
19464000 -11.7531697 148.2188
19488000 -8.5104618 148.57056
19512000 -12.8867227 148.75794
19536000 -16.7880174 149.96389
19560000 -17.7708163 149.55012
19584000 -21.6085167 153.45906
19608000 -20.3143627 152.46861
19632000 -21.8317367 155.75959
19656000 -23.2072322 156.49792
19680000 -9.170931 157.30592
19704000 -5.8452503 156.91231
19728000 -9.3257526 157.56709
19752000 -4.4029565 157.96149
19776000 -7.7022812 157.90302
19800000 -11.4415512 158.63244
19824000 -11.0609583 158.56116
19848000 -13.5408072 157.73134
19872000 -10.8460233 158.15299
19896000 -5.332331 158.12451
19920000 -5.8306378 158.00435
19944000 -7.0407493 158.72199
19968000 -6.2691253 158.86773
19992000 -12.6947914 158.70742
20016000 -15.9702311 158.88229
20040000 -13.8691008 158.34429
20064000 -20.2063389 158.67015
20088000 -10.7583398 159.40058
20112000 -9.416771 159.41558
20136000 -10.71175 160.68927
20160000 -10.9257905 160.84373
20184000 -15.8120613 162.30261
20208000 -6.107252 161.64944
20232000 -7.2692619 160.71657
20256000 -6.0688289 160.15875
20280000 -7.229856 160.00957
20304000 -8.7877681 160.27878
20328000 -13.9127608 160.59558
20352000 -13.8638349 161.1142
20376000 -14.994203 160.29502
20400000 -14.7385975 159.49883
20424000 -19.265457 160.46289
20448000 -13.0048256 160.59364
20472000 -24.5991679 161.14844
20496000 -13.6490853 162.53224
20520000 -17.9978067 162.68737
20544000 -13.5138944 163.85621
20568000 -14.698293 163.24019
20592000 -18.4985923 165.536
20616000 -13.6738575 164.84303
20640000 -11.1218559 163.15756
20664000 -19.8347123 162.98979
20688000 -9.4418722 164.194
20712000 -7.0549901 163.45797
20736000 -16.1916317 163.58487
20760000 -14.8337621 164.95649
20784000 -15.981701 165.04379
20808000 -17.3454502 165.59752
20832000 -13.986834 164.81821
20856000 -13.2860547 164.14313
20880000 -13.8152061 164.88577
20904000 -6.5533852 164.95088
20928000 -8.182855 164.30464
20952000 -15.8171889 164.81651
20976000 -14.739664 164.71364
21000000 -20.2927485 163.73198
21024000 -18.0514874 164.72732
21048000 -11.3510152 164.28601
21072000 -19.1410992 162.43936
21096000 -15.3584958 160.55474
21120000 -15.3623501 160.6401
21144000 -13.3789897 160.96571
21168000 -17.0529731 160.42913
21192000 -20.4800208 158.46725
21216000 -16.5546027 161.92144
21240000 -12.3608082 160.76714
21264000 -5.854208 160.7744
21288000 -3.520372 160.27242
21312000 -9.6350397 160.38324
21336000 -19.9851547 161.71681
21360000 -10.644977 161.82191
21384000 -15.192784 161.47474
21408000 -9.9675863 161.8772
21432000 -4.7872532 161.22254
21456000 -8.4556468 161.09755
21480000 -10.581603 162.34636
21504000 -7.51599 161.82953
21528000 -23.4320068 161.27528
21552000 -19.9940128 164.38252
21576000 -18.9842264 166.27507
21600000 -12.1795622 166.20357
21624000 -14.596173 166.69776
21648000 -14.5169453 167.32887
21672000 -20.1234183 169.31768
21696000 -6.403046 169.42506
21720000 -13.703924 168.29428
21744000 -14.2963663 170.91007
21768000 -9.449734 169.45791
21792000 -6.010036 167.61019
21816000 -9.0095945 167.15676
21840000 -18.506766 169.3505
21864000 -8.990235 168.15105
21888000 -15.6185847 167.21488
21912000 -10.190211 166.56059
21936000 -5.05274 166.20675
21960000 -8.300125 166.29778
21984000 -13.553588 168.27126
22008000 -4.104701 167.54773
22032000 -10.976498 166.60369
22056000 -15.991515 170.46971
22080000 -16.859538 173.72845
22104000 -12.549274 172.5062
22128000 -13.934348 173.42274
22152000 -4.832235 173.0204
22176000 -4.996523 172.25938
22200000 -3.246362 171.04655
22224000 -12.431143 170.63828
22248000 -9.057357 171.16971
22272000 -11.088626 170.78886
22296000 -9.426257 171.87271
22320000 -5.646611 171.49244
22344000 -6.896478 170.65494
22368000 -5.364635 171.62604
22392000 -0.704101000000001 171.28696
22416000 -5.32857 171.01759
22440000 -7.2177582 172.1104
22464000 -6.310495 172.39433
22488000 -15.860516 173.09354
22512000 -12.298117 173.2635
22536000 -11.9307135 172.06557
22560000 -12.111039 171.47997
22584000 -7.423578 172.56704
22608000 -3.894159 172.75932
22632000 -5.6945 173.39237
22656000 -5.048758 173.64327
22680000 -11.231499 173.70901
22704000 -8.894674 175.50762
22728000 -9.184525 173.7182
22752000 -11.02589 172.77744
22776000 -10.171799 175.30062
22800000 1.189225 173.86739
22824000 -5.749094 173.78319
22848000 -8.36243 174.21612
22872000 -4.825733 173.06316
22896000 -4.970044 172.42545
22920000 -33.625677 174.34724
22944000 0.833252000000002 174.2571
22968000 -3.647414 174.42674
22992000 -7.198313 175.82045
23016000 -4.09858 175.56631
23040000 -9.847906 176.30753
23064000 -1.052721 176.9076
23088000 -4.705458 175.22361
23112000 -10.653282 175.60883
23136000 -3.46177 175.5583
23160000 -10.581753 175.222
23184000 -10.1884674 176.71775
23208000 -4.990109 176.67548
23232000 -12.21627 176.87864
23256000 -7.107555 177.7791
23280000 -6.812026 177.26724
23304000 -19.525208 176.22762
23328000 -12.602906 177.67723
23352000 -7.48655 177.00203
23376000 -12.760395 177.48993
23400000 -7.412872 177.9892
23424000 -12.517842 177.74513
23448000 -10.064728 179.53806
23472000 -9.428793 178.95201
23496000 -7.945247 176.81173
23520000 -11.630696 174.41951
23544000 -8.90936 172.9497
23568000 -0.960480999999998 173.87247
23592000 3.825894 172.16941
23616000 -6.546285 173.10336
23640000 -8.924511 177.57203
23664000 -0.597584999999999 175.17394
23688000 0.276049 178.79704
23712000 11.878522 174.43565
23736000 0.62003 176.70531
23760000 10.593529 176.49424
23784000 3.629245 176.52539
23808000 14.812554 178.92976
23832000 1.231913 179.60122
23856000 -0.474295999999999 177.50017
23880000 0.986608999999998 179.61027
23904000 1.611228 180.60905
23928000 -9.529178 180.91581
23952000 -8.339699 183.47298
23976000 -3.670906 181.06135
24000000 -4.201275 185.42933
24024000 -2.514361 185.57938
24048000 -2.34826 186.74884
24072000 -6.699878 186.48307
24096000 -8.200711 184.35879
24120000 -20.355485 183.16868
24144000 -2.855558 185.04154
24168000 17.172249 185.17065
24192000 2.563711 184.01758
24216000 -6.461815 185.24687
24240000 -12.630948 188.92354
24264000 -9.453745 187.39185
24288000 -22.899756 189.41324
24312000 -11.267332 189.23491
24336000 -6.875202 187.01415
24360000 -8.466428 186.27274
24384000 -17.151532 189.7378
24408000 -0.177665000000001 188.17934
24432000 -28.904796 185.91689
24456000 -6.709195 184.15969
24480000 -14.257302 184.14306
24504000 -6.841226 186.42797
24528000 -8.511 187.33981
24552000 0.585392000000002 187.6222
24576000 -5.795382 186.68114
24600000 -11.677354 184.90498
24624000 -14.736833 183.5655
24648000 -10.369019 185.56338
24672000 -14.220899 185.65898
24696000 -4.522485 187.57127
24720000 -7.941099 186.54906
24744000 -7.285049 184.94816
24768000 -4.324353 183.1869
24792000 -7.93897 184.26017
24816000 -1.614546 184.93131
24840000 -1.810882 184.98051
24864000 -6.950565 186.26923
24888000 -9.778892 186.17682
24912000 -17.742338 184.47988
24936000 -10.445536 184.04608
24960000 -1.369545 183.65559
24984000 1.05282 181.02851
25008000 -5.696052 180.41985
25032000 -17.801537 181.6968
25056000 -2.313603 181.90374
25080000 -19.816435 182.89005
25104000 -5.721142 183.35986
25128000 -7.898135 182.65747
25152000 -17.595615 182.2928
25176000 -7.18756 181.76005
25200000 -2.548813 180.73823
25224000 -13.059023 180.20453
25248000 -7.995074 183.78825
25272000 1.238501 182.24605
25296000 -9.808909 180.77187
25320000 -13.766811 181.28758
25344000 1.37462 181.04541
25368000 -5.839425 180.69786
25392000 -14.060788 182.67933
25416000 -5.821772 182.14657
25440000 -14.358853 182.82127
25464000 -5.073733 183.78338
25488000 -6.547954 182.84217
25512000 -28.234454 185.77384
25536000 -10.619106 189.50419
25560000 -7.569511 188.01974
25584000 -13.527637 187.73793
25608000 -17.934869 191.79976
25632000 -12.462979 190.5767
25656000 -14.374138 191.76049
25680000 -14.792565 193.26114
25704000 -12.24829 193.25749
25728000 -19.038696 196.69985
25752000 -8.301473 196.25078
25776000 -8.817778 195.89154
25800000 -9.660905 197.07193
25824000 -3.800033 197.31153
25848000 -9.890628 197.01905
25872000 -22.994383 200.16115
25896000 -18.134491 200.14255
25920000 -14.578714 202.2612
25944000 -8.8807674 201.9327
25968000 -12.241942 201.53225
25992000 -14.46724 203.75623
26016000 -11.7727132 203.43692
26040000 -23.25722 201.78214
26064000 -16.439974 205.50431
26088000 -17.399375 203.64319
26112000 -13.433003 201.77733
26136000 -10.033193 199.22819
26160000 -11.047401 198.67551
26184000 -8.807371 199.9932
26208000 -4.853742 199.30028
26232000 -19.071832 198.98635
26256000 -11.846957 201.5179
26280000 -13.959911 200.04777
26304000 -12.571782 198.98205
26328000 -2.437924 199.41522
26352000 -2.455937 198.57163
26376000 -14.409455 200.87721
26400000 3.735071 201.68813
26424000 -13.836205 200.45781
26448000 -0.822556000000002 202.15815
26472000 1.419733 202.08558
26496000 -1.038328 203.21578
26520000 -1.408222 203.63801
26544000 -5.726129 202.55239
26568000 -10.438413 201.80331
26592000 -7.784617 202.51402
26616000 -8.768831 202.2841
26640000 -7.716924 204.53043
26664000 -3.817938 204.445
26688000 -15.101975 204.6332
26712000 -6.985984 206.3372
26736000 -8.262741 205.62859
26760000 -12.2399 204.68487
26784000 -11.694566 204.8602
26808000 -7.9967091 205.105
26832000 -10.164949 205.31079
26856000 -12.250076 206.39933
26880000 -11.3681683 206.58606
26904000 -12.3276791 206.71953
26928000 -13.9873887 206.16097
26952000 -15.1576799 205.7722
26976000 -8.038127 206.32741
27000000 -2.319465 206.00183
27024000 -6.32725 206.17868
27048000 -7.206575 207.09229
27072000 -4.798318 206.54809
27096000 -19.702254 206.34454
27120000 -10.275739 207.1293
27144000 -2.14803 205.98194
27168000 -6.733027 205.59424
27192000 -8.897314 206.63618
27216000 -1.650686 206.10783
27240000 -7.76526 205.07822
27264000 -10.358214 204.25236
27288000 4.563288 205.87066
27312000 2.455274 205.54714
27336000 -1.751711 206.19754
27360000 2.988537 206.17932
27384000 -4.1287 205.90023
27408000 -8.24189 206.09594
27432000 -10.594001 204.25022
27456000 -4.554111 203.39298
27480000 -7.653157 202.70275
27504000 -8.45864 204.71671
27528000 -10.30132 204.13963
27552000 -6.448122 202.49696
27576000 -8.045276 201.25985
27600000 -13.179466 203.18733
27624000 -3.081546 202.84071
27648000 -8.513964 201.3498
27672000 -20.112646 200.75542
27696000 -4.765772 202.12796
27720000 -3.005676 201.18225
27744000 -4.454032 201.76673
27768000 -3.097962 202.0481
27792000 -5.867817 203.55372
27816000 -3.065057 204.09744
27840000 -10.094035 204.17444
27864000 -8.741967 205.37371
27888000 -23.275719 204.39201
27912000 -5.924207 207.55412
27936000 -6.00045 206.73211
27960000 -11.316471 206.73784
27984000 -5.26117 207.08057
28008000 -4.421313 206.54228
28032000 -5.891064 206.57094
28056000 -4.59715 206.23015
28080000 -14.608318 205.98941
28104000 -15.869275 207.2658
28128000 -0.206202000000001 207.0344
28152000 -0.129503 206.32953
28176000 -2.761708 206.95764
28200000 0.337181000000001 206.96187
28224000 -6.104554 206.26189
28248000 -22.944177 209.02873
28272000 -6.831908 208.26197
28296000 -21.860052 207.56288
28320000 -13.82563 210.4363
28344000 -16.526472 210.02237
28368000 -27.212744 212.93212
28392000 -18.922726 214.27229
28416000 -19.358483 214.60455
28440000 -12.5753935 215.98025
28464000 -8.8479066 216.25812
28488000 -7.049791 216.54907
28512000 -9.317976 216.10062
28536000 -10.382712 215.00724
28560000 -6.474325 214.00834
28584000 -30.596937 215.39197
28608000 -5.143467 215.80553
28632000 -4.660321 215.46449
28656000 -10.881773 216.37487
28680000 -11.094075 216.17908
28704000 -9.717244 213.6876
28728000 -10.3839125 213.08268
28752000 -12.8998731 213.77964
28776000 -7.188876 213.94783
28800000 -11.580563 213.49692
28824000 -13.489703 213.00869
28848000 -9.884766 212.26498
28872000 -14.4485459 211.88336
28896000 -24.0926637 214.13488
28920000 -16.574063 214.04569
28944000 -13.8998125 215.26688
28968000 -8.428506 215.24276
28992000 -21.18303 215.19356
29016000 -11.660092 216.7183
29040000 -17.916147 215.98648
29064000 -12.658181 219.05412
29088000 -12.757997 217.41517
29112000 -5.795389 216.37022
29136000 -5.065707 215.83889
29160000 -6.802366 216.6244
29184000 -5.141393 217.15489
29208000 -3.386254 217.32672
29232000 -5.5279 217.16458
29256000 -8.274289 217.08691
29280000 -9.027785 217.13138
29304000 -7.820267 217.10706
29328000 -9.60584 217.29909
29352000 -7.140436 218.08431
29376000 -6.527035 217.59368
29400000 -8.096689 216.88708
29424000 -8.943372 216.01963
29448000 -4.214352 216.91937
29472000 -2.287195 217.3339
29496000 -4.689037 217.20931
29520000 -14.425453 218.30227
29544000 -14.09298 218.88407
29568000 -7.137939 218.44283
29592000 -6.102117 216.54469
29616000 -5.226972 216.48117
29640000 -8.722089 218.87045
29664000 -0.690515000000001 218.32048
29688000 -8.48069 217.96191
29712000 -31.936979 217.21163
29736000 -8.527675 217.81201
29760000 -10.665725 217.27326
29784000 -8.892965 219.13672
29808000 0.181926000000001 218.5034
29832000 -4.977962 218.7993
29856000 0.396930000000001 219.77017
29880000 3.698132 218.56025
29904000 -3.729979 218.52488
29928000 -0.685209 218.8563
29952000 6.091182 218.54893
29976000 2.777824 219.52552
30000000 8.095233 220.20789
30024000 6.885922 218.93129
30048000 -2.558418 218.44339
30072000 2.864846 218.1546
30096000 6.518102 215.32697
30120000 8.325737 216.98372
30144000 0.563276000000002 212.3422
30168000 -3.089501 217.04908
30192000 1.498692 215.98514
30216000 0.561914999999999 213.88051
30240000 -5.855188 214.00566
30264000 4.578969 215.82783
30288000 1.510434 213.39826
30312000 4.82036 210.57549
30336000 -4.384696 211.55107
30360000 5.066839 216.33085
30384000 -3.579893 212.40406
30408000 -6.536653 212.82508
30432000 -8.01758 212.95052
30456000 -3.849684 214.01879
30480000 4.203128 215.55257
30504000 11.920793 215.97291
30528000 1.0097 212.61435
30552000 -10.30888 212.90131
30576000 -1.928353 213.12182
30600000 -9.441219 213.12685
30624000 -1.970898 213.99062
30648000 11.405782 210.17964
30672000 6.121337 208.35112
30696000 4.746586 208.75273
30720000 13.110886 208.65809
30744000 9.056973 207.79146
30768000 5.876332 204.49308
30792000 -2.031755 204.67474
30816000 -2.630908 204.98812
30840000 12.968023 206.30735
30864000 8.211406 205.63296
30888000 3.592863 206.00199
30912000 -13.401072 205.96675
30936000 -14.39743 206.23249
30960000 -13.205823 208.93775
30984000 -5.382235 207.33926
31008000 -20.655018 207.34509
31032000 -17.895735 209.76511
31056000 -2.716609 207.59465
31080000 -5.434415 207.52249
31104000 -3.599269 207.8529
31128000 -4.013732 207.50903
31152000 -6.221107 207.69386
31176000 0.541636 207.16431
31200000 16.495942 203.44685
31224000 4.133368 204.47362
31248000 12.04236 207.11469
31272000 2.264356 205.17477
31296000 -9.264514 205.96685
31320000 1.242687 206.93418
31344000 5.584533 205.21144
31368000 4.104942 204.83692
31392000 5.4077 204.84791
31416000 -0.681245000000001 205.37939
31440000 -10.676693 206.69102
31464000 8.392905 205.21366
31488000 -3.425278 205.46928
31512000 -8.343646 206.13317
31536000 17.844225 207.79429
31560000 8.324058 205.24522
31584000 -2.744878 206.39102
31608000 4.988627 207.76702
31632000 1.28356 206.44757
31656000 -15.732916 211.46418
31680000 -12.868428 210.88148
31704000 -3.481541 215.50175
31728000 -1.64537 213.23915
31752000 -22.990745 212.01902
31776000 -8.170416 216.30956
31800000 -3.650291 214.44187
31824000 -5.209135 213.02908
31848000 -5.917808 213.85471
31872000 6.3208 214.02456
31896000 -1.425182 212.60159
31920000 2.752083 212.46717
31944000 1.372007 209.70054
31968000 2.490045 210.84572
31992000 2.950953 212.25242
32016000 5.686803 212.20962
32040000 4.405561 212.38583
32064000 0.0648000000000017 210.75476
32088000 -6.56461 209.63193
32112000 5.408925 209.27124
32136000 3.061848 207.90439
32160000 2.560133 208.72333
32184000 9.13714 209.62161
32208000 -1.071786 207.83452
32232000 -10.505673 208.37327
32256000 -3.525434 208.40704
32280000 -3.381167 207.325
32304000 -9.701458 207.59328
32328000 -11.4938 207.88873
32352000 -26.315666 206.99001
32376000 -29.030097 210.09934
32400000 -14.200032 208.26415
32424000 -10.335657 208.07707
32448000 -8.949351 208.35599
32472000 -6.452946 208.18464
32496000 -20.300595 206.48551
32520000 -24.048714 205.45403
32544000 -9.238877 206.71726
32568000 -6.189202 206.14822
32592000 -19.784363 206.67549
32616000 -10.709886 208.00679
32640000 -14.033503 208.15451
32664000 -12.899519 209.12785
32688000 -16.012713 209.2149
32712000 -11.418197 210.80367
32736000 -10.545805 210.54644
32760000 -16.763364 209.53268
32784000 -16.305944 212.60659
32808000 -19.881921 211.65273
32832000 -25.59579 210.11643
32856000 -22.624558 211.28104
32880000 -18.902275 211.2726
32904000 -15.40345 211.68656
32928000 -12.087277 211.22768
32952000 -12.896665 211.1227
32976000 -8.837951 211.3666
33000000 -4.635081 211.0764
33024000 -3.521645 211.1763
33048000 -1.971812 211.2109
33072000 -5.145191 211.362
33096000 -5.398314 211.7257
33120000 -4.437939 210.8437
33144000 -15.061056 210.6863
33168000 -9.004228 212.1551
33192000 6.017539 211.7904
33216000 -3.339237 210.9242
33240000 -9.262341 212.6647
33264000 -3.638983 212.5207
33288000 -12.092439 211.3195
33312000 -10.580588 215.2692
33336000 -11.106314 214.8379
33360000 -9.622689 215.3503
33384000 -10.89658 215.0717
33408000 -13.383009 218.1698
33432000 -13.381692 216.8252
33456000 -9.728437 214.8868
33480000 -12.925213 214.6195
33504000 -7.169301 215.4155
33528000 -2.396891 215.0101
33552000 -22.843543 212.7073
33576000 -11.655634 216.9129
33600000 -13.684278 216.1515
33624000 -21.558824 214.2983
33648000 -23.751838 215.2568
33672000 -16.866239 214.8919
33696000 -20.617369 218.2215
33720000 -17.414346 217.211
33744000 -21.712827 219.5719
33768000 -10.828792 218.858
33792000 -17.873998 218.4954
33816000 -28.852743 219.3011
33840000 -14.024896 218.311
33864000 -12.113633 217.6717
33888000 -13.396216 218.3292
33912000 -4.947891 218.4798
33936000 -9.332426 217.5147
33960000 -16.259617 216.1997
33984000 -18.359114 220.1659
34008000 -12.337246 224.0992
34032000 -11.270452 223.7732
34056000 -16.292268 223.4834
34080000 -25.132146 222.2992
34104000 -17.775599 221.3034
34128000 -16.437062 218.8981
34152000 -9.271186 217.1911
34176000 -9.212656 217.4277
34200000 -8.021882 218.0281
34224000 -11.431903 217.8351
34248000 -24.74861 218.7637
34272000 -22.325624 220.1871
34296000 -22.55358 222.2475
34320000 -19.790506 222.8915
34344000 -11.479864 224.0089
34368000 -9.374559 223.6751
34392000 -17.29658 223.5239
34416000 -22.118263 224.2557
34440000 -22.8940268 222.8545
34464000 -18.2272143 222.1623
34488000 -15.009559 222.9724
34512000 -10.1975259 223.1339
34536000 -10.6141976 223.4984
34560000 -7.664811 223.7753
34584000 -6.5765638 223.5199
34608000 -6.5976599 223.3614
34632000 -5.6730077 223.3125
34656000 -4.9307266 223.3448
34680000 -4.2998888 223.5374
34704000 -3.8007423 223.6636
34728000 -5.4411133 223.7097
34752000 -8.0262003 223.8168
34776000 -9.5511682 223.8814
34800000 -10.68964468 223.8475
34824000 -11.22797004 223.9598
34848000 -10.196595 224.1407
34872000 -10.6596428 224.2968
34896000 -11.9818924 224.7299
34920000 -11.5577053 225.1088
34944000 -12.2313658 225.3611
34968000 -11.8850585 225.5944
34992000 -11.5248383 225.5924
35016000 -10.7224093 225.6907
35040000 -7.907944 225.6462
35064000 -8.1306996 225.4467
35088000 -10.6592237 225.8543
35112000 -8.0915124 226.0996
35136000 -9.7233179 225.8226
35160000 -19.1538407 226.4205
35184000 -10.437872 226.9816
35208000 -7.7676038 226.3271
35232000 -10.5816331 226.0112
35256000 -10.6206097 226.5179
35280000 -9.709159 226.4343
35304000 -11.942813 227.2002
35328000 -6.054934 227.366
35352000 -8.727508 226.2674
35376000 -23.863915 228.3491
35400000 -10.802043 227.1963
35424000 -9.294495 226.0363
35448000 -22.107419 227.3733
35472000 -5.596063 227.3698
35496000 -7.119022 226.5283
35520000 -16.832946 226.9821
35544000 -4.48795 227.4457
35568000 -1.823541 225.8684
35592000 -7.767579 225.8822
35616000 -8.908975 226.4093
35640000 -10.180363 226.763
35664000 -10.454232 227.4401
35688000 -18.687136 227.0566
35712000 -7.560523 230.0435
35736000 -8.438648 229.1399
35760000 -9.888309 228.0534
35784000 -21.147758 226.6928
35808000 -14.807614 229.7537
35832000 -15.1363 229.8265
35856000 -4.12289 231.1185
35880000 -7.513125 230.952
35904000 -20.528633 231.8672
35928000 -15.845269 232.7882
35952000 -17.576342 234.2644
35976000 -15.345912 234.4292
36000000 -8.706461 236.5821
36024000 -8.179118 236.5761
36048000 -16.246956 236.4253
36072000 -12.001737 239.4048
36096000 -13.301316 239.0381
36120000 -19.13876 238.9175
36144000 -13.657975 242.4844
36168000 -12.129859 241.9626
36192000 -15.778683 242.2646
36216000 -13.478311 241.5299
36240000 -12.444083 240.6567
36264000 -6.650166 240.9644
36288000 2.321636 240.4734
36312000 0.943414000000001 240.718
36336000 -3.256975 241.6784
36360000 -0.731974000000001 242.3016
36384000 -11.459145 242.5284
36408000 -11.263375 244.4288
36432000 -11.313583 242.8552
36456000 -14.46718 241.17
36480000 -18.329938 240.8417
36504000 -7.211963 241.4704
36528000 -9.981723 241.8072
36552000 2.07482 242.577
36576000 -0.894786 242.3194
36600000 -14.057402 246.5949
36624000 6.149185 244.9844
36648000 -0.0398579999999988 243.6784
36672000 -2.61942 243.1082
36696000 -4.075874 241.9048
36720000 -5.696359 241.8935
36744000 -8.968662 242.1421
36768000 -12.168058 242.9665
36792000 -10.3076412 243.9053
36816000 -7.2779306 243.9911
36840000 -11.8464385 243.8981
36864000 -13.1892337 244.9287
36888000 -8.4810969 244.7047
36912000 -10.5841575 244.2875
36936000 -14.9874051 244.765
36960000 -10.1213093 245.31
36984000 -9.004058 245.379
37008000 -7.7670153 245.647
37032000 -7.4065691 245.5855
37056000 -11.4666345 245.7608
37080000 -11.4126012 246.2605
37104000 -11.2218533 246.1861
37128000 -13.3460503 246.4229
37152000 -10.4243588 246.7154
37176000 -8.531854 246.7088
37200000 -8.4846091 246.9684
37224000 -6.231338 247.2709
37248000 -4.5336084 247.3422
37272000 -4.636911 247.3175
37296000 -5.2411618 247.323
37320000 -5.4292862 247.3279
37344000 -4.077022 247.3985
37368000 -1.7334727 247.3181
37392000 -1.422293 247.1194
37416000 -3.879487 247.2585
37440000 -4.282001 247.555
37464000 -5.985715 247.5818
37488000 -7.094837 247.9335
37512000 -4.383279 247.9585
37536000 -2.995992 247.8788
37560000 -2.306658 248.1688
37584000 1.060773 248.3826
37608000 1.588594 248.2425
37632000 -0.449350999999998 248.3973
37656000 1.089445 248.5453
37680000 2.015136 247.9202
37704000 1.185723 247.9326
37728000 12.084372 247.699
37752000 2.515124 247.198
37776000 1.702376 247.857
37800000 5.422983 248.497
37824000 3.290238 247.8368
37848000 2.539739 248.2882
37872000 11.766579 248.8428
37896000 13.185294 246.2248
37920000 21.703907 247.6774
37944000 11.497694 244.7711
37968000 9.714384 243.4386
37992000 -5.873062 244.165
38016000 12.492681 242.0671
38040000 -0.470213000000001 243.3277
38064000 3.307115 244.1587
38088000 2.631557 239.831
38112000 6.773631 240.438
38136000 13.01905 239.6533
38160000 7.608031 241.3046
38184000 0.489798 242.953
38208000 -3.985263 245.2533
38232000 9.678857 241.8188
38256000 -6.439955 239.0305
38280000 1.270606 241.577
38304000 -0.627907 242.25
38328000 -1.104605 241.1458
38352000 -14.392013 240.4277
38376000 -9.971633 240.2476
38400000 -5.217779 240.9511
38424000 -11.6848 239.9332
38448000 -4.775756 239.8621
38472000 -2.815166 239.2353
38496000 -10.427657 239.6029
38520000 -11.084352 239.8792
38544000 -4.414123 242.2987
38568000 -7.555537 242.1819
38592000 -12.617034 244.3006
38616000 -3.519162 243.6686
38640000 -20.370882 242.5459
38664000 -13.025863 246.0764
38688000 -18.53378 244.9227
38712000 -7.521241 247.7903
38736000 -7.608501 247.2756
38760000 -9.671058 250.2099
38784000 -10.217268 249.828
38808000 -13.840948 249.8398
38832000 -5.741395 248.0943
38856000 -5.171235 247.4052
38880000 -7.039234 247.5802
38904000 -1.37512 248.5301
38928000 -9.093149 248.5151
38952000 -20.236758 251.5108
38976000 -14.395809 251.7367
39000000 -4.189032 252.4612
39024000 -0.887160999999999 252.2117
39048000 -10.063228 252.2909
39072000 -1.122506 253.554
39096000 -0.105511999999997 253.4431
39120000 -11.270192 253.3547
39144000 -6.405846 253.9952
39168000 -4.569874 253.2241
39192000 -10.846662 253.1283
39216000 -4.82357 253.6398
39240000 -1.103761 253.6894
39264000 2.284936 253.8639
39288000 3.114614 253.9054
39312000 -4.458746 253.8472
39336000 -8.210693 254.5133
39360000 -9.242597 254.0596
39384000 -16.747159 254.6995
39408000 -3.244439 254.6801
39432000 -2.99612 254.4529
39456000 -18.629366 257.1616
39480000 0.711010999999999 255.5397
39504000 -2.989384 254.5153
39528000 -1.660519 252.9903
39552000 -14.405724 252.1641
39576000 -8.229039 254.03
39600000 -9.647501 253.9621
39624000 -6.949055 254.762
39648000 -7.354669 255.0505
39672000 -12.132337 255.4947
39696000 -15.634376 255.7499
39720000 -20.591568 256.2582
39744000 -3.033096 256.2758
39768000 -1.171274 255.5299
39792000 -14.195742 255.4999
39816000 -5.691015 258.3954
39840000 -3.899714 257.8779
39864000 -7.262937 259.1087
39888000 0.0930220000000013 258.989
39912000 -8.144675 257.8788
39936000 -12.667847 261.9632
39960000 -12.992098 260.8795
39984000 -13.045796 264.3884
40008000 -12.418824 263.4883
40032000 -13.517401 262.5832
40056000 -13.114649 261.0557
40080000 -17.041597 259.5868
40104000 -12.452549 258.1963
40128000 -15.706647 257.3979
40152000 -16.610311 259.4829
40176000 -9.562456 259.2934
40200000 -14.050905 258.8463
40224000 -21.883907 259.4699
40248000 -16.481822 258.2571
40272000 -5.345565 257.6995
40296000 -4.129299 257.6492
40320000 -1.640227 257.6271
40344000 -3.491893 256.9982
40368000 -10.184469 256.5121
40392000 -9.871146 257.1809
40416000 -4.521622 256.9099
40440000 -14.122559 258.3715
40464000 2.88214 258.6845
40488000 4.496087 257.7061
40512000 -0.423956 258.3135
40536000 2.703153 258.7127
40560000 -4.176242 256.8999
40584000 -9.823058 260.5329
40608000 -5.091419 259.3635
40632000 -0.0600449999999988 258.4129
40656000 -6.329634 259.3643
40680000 4.057659 259.7107
40704000 0.227361999999999 259.1726
40728000 -4.480071 259.458
40752000 -3.673921 258.7598
40776000 -5.216953 257.9567
40800000 -12.54808 258.1907
40824000 -5.040675 259.5618
40848000 -5.218587 259.209
40872000 -9.903728 259.8244
40896000 -9.208981 264.3094
40920000 1.629116 263.2295
40944000 -10.145046 262.1335
40968000 -6.022925 265.3959
40992000 -5.911016 264.2307
41016000 -14.840811 267.142
41040000 -15.612361 268.5386
41064000 6.208731 267.1115
41088000 -8.598258 267.4151
41112000 -14.953771 265.8015
41136000 -16.303544 265.0162
41160000 -4.886269 266.08
41184000 -0.189385999999999 266.1175
41208000 0.456265000000002 266.458
41232000 1.677941 266.8313
41256000 1.452597 266.6592
41280000 4.383004 265.316
41304000 -3.467043 266.4671
41328000 1.580645 266.8165
41352000 9.595048 266.629
41376000 4.873716 266.5574
41400000 5.703325 266.5752
41424000 3.671836 265.2115
41448000 -3.687479 265.5774
41472000 -0.486432000000001 265.5562
41496000 -7.46402 266.3808
41520000 1.661686 266.7103
41544000 2.924048 267.2234
41568000 9.855181 268.2079
41592000 6.436475 267.519
41616000 0.699256999999999 267.4105
41640000 4.550711 268.4459
41664000 6.45183 267.4253
41688000 4.553788 267.7112
41712000 20.480128 267.3441
41736000 7.886566 267.2928
41760000 -1.900376 267.0913
41784000 -2.603289 268.6796
41808000 -0.0232600000000005 268.2046
41832000 2.004131 267.1625
41856000 -1.213136 266.915
41880000 -0.356629000000002 267.3305
41904000 -0.924317000000002 267.4514
41928000 -2.198113 267.6574
41952000 -1.542466 267.1377
41976000 -10.444396 265.7933
42000000 -12.776079 265.5218
42024000 -5.753911 265.5587
42048000 -13.409072 268.7104
42072000 -2.296254 267.7721
42096000 0.779665000000001 267.8484
42120000 1.025757 266.8111
42144000 -10.910729 266.8858
42168000 -8.916744 266.6158
42192000 -16.138244 265.9842
42216000 -7.794974 267.7109
42240000 -0.291079999999997 268.5142
42264000 10.808325 266.2882
42288000 -9.630786 266.828
42312000 -0.0951039999999992 270.4069
42336000 -10.567586 268.8241
42360000 -13.681922 269.3155
42384000 9.627844 268.7751
42408000 -3.816444 267.0478
42432000 -2.075507 263.8313
42456000 1.247346 265.9128
42480000 8.796088 267.8959
42504000 4.638222 270.8584
42528000 9.546572 267.175
42552000 1.91071 268.4788
42576000 3.025937 268.5579
42600000 -2.3065 268.2728
42624000 -2.246067 268.3902
42648000 4.57353 267.617
42672000 -3.289074 267.6492
42696000 -2.582206 268.4188
42720000 -0.169854000000001 268.0939
42744000 -3.939574 267.7522
42768000 -5.458037 267.3489
42792000 -6.173689 266.7894
42816000 -7.073401 267.0118
42840000 -4.45388 267.5786
42864000 -1.670248 267.6686
42888000 -4.917826 267.7211
42912000 -7.941098 268.2966
42936000 -5.396287 268.2345
42960000 -12.329045 267.9457
42984000 -12.867581 269.4864
43008000 -4.443948 269.0427
43032000 -8.774655 268.7963
43056000 -8.768151 269.9678
43080000 -4.170337 269.6653
43104000 -10.119072 269.8771
43128000 -5.010652 270.9358
43152000 0.131892000000001 270.3232
43176000 -7.457011 270.4537
43200000 -3.948421 271.3605
43224000 2.116153 270.7651
43248000 -3.583678 270.6351
43272000 -1.730503 271.4716
43296000 11.153638 270.8668
43320000 4.042764 270.7584
43344000 9.380723 272.5391
43368000 -3.61034 273.6917
43392000 6.573649 275.2814
43416000 4.28916 273.9883
43440000 -1.873363 274.8739
43464000 -1.1928 276.5944
43488000 11.958996 276.2143
43512000 1.022371 275.5003
43536000 -6.176108 275.779
43560000 -4.586208 276.1376
43584000 -5.000356 276.2619
43608000 -1.594004 276.8649
43632000 1.332941 276.2681
43656000 -3.362892 276.8833
43680000 -1.184667 277.3348
43704000 -8.449286 278.2334
43728000 -1.740268 279.3203
43752000 -4.033795 279.4763
43776000 -0.960666 282.2387
43800000 -8.631472 281.9038
43824000 -1.083386 282.8936
43848000 0.00161299999999898 281.3266
43872000 -18.37133 281.8752
43896000 1.585872 285.4471
43920000 2.382815 281.6788
43944000 1.29669 282.9109
43968000 3.919178 283.1913
43992000 -2.247634 281.9134
44016000 -8.684739 283.7413
44040000 -2.775798 283.8036
44064000 -6.744191 282.7073
44088000 -17.609827 282.9813
44112000 -10.80187 282.4133
44136000 -19.170868 284.1942
44160000 -4.114253 283.3626
44184000 -3.173891 282.6308
44208000 -22.277892 286.4557
44232000 0.617331999999998 285.2001
44256000 2.458595 284.976
44280000 -5.963615 285.7727
44304000 -8.45016 286.0268
44328000 -15.986421 285.6666
44352000 -12.87173 285.9391
44376000 -2.73573 286.1558
44400000 5.037113 284.0096
44424000 -2.073195 285.4655
44448000 -5.47831 286.7695
44472000 -6.121627 287.6293
44496000 -16.085308 286.6012
44520000 -9.969309 290.274
44544000 -13.941173 289.53
44568000 -8.651264 291.9273
44592000 -8.144472 294.2315
44616000 3.195247 294.8985
44640000 0.376246999999999 294.1877
44664000 -8.45574 294.7272
44688000 -13.460688 294.138
44712000 -3.741845 297.4086
44736000 -1.973963 297.7004
44760000 -18.323218 297.2889
44784000 -7.761373 299.9148
44808000 -11.893465 300.5114
44832000 -7.756229 300.9437
44856000 -9.500639 300.6886
44880000 -11.780153 301.2135
44904000 -8.482698 301.1385
44928000 -11.350526 300.9455
44952000 -11.877158 301.5628
44976000 -9.320976 301.4321
45000000 -14.6240172 301.7071
45024000 -11.4934942 302.2294
45048000 -11.708054 301.6974
45072000 -22.404362 299.9777
45096000 -20.110344 303.9017
45120000 -14.974635 302.7361
45144000 -15.4799974 302.6644
45168000 -13.2374682 303.1517
45192000 -10.931618 303.6032
45216000 -6.251312 303.885
45240000 -5.8095366 303.8532
45264000 -8.21503 304.0606
45288000 -6.906053 304.2696
45312000 -4.843307 303.8216
45336000 -6.31338 303.3647
45360000 -8.045897 303.8873
45384000 -3.166276 304.1898
45408000 -2.252656 304.16
45432000 -3.947508 304.4554
45456000 -3.745315 304.3739
45480000 -7.111694 303.9302
45504000 -7.421025 304.3311
45528000 -2.017568 304.2344
45552000 -0.168742000000002 303.9366
45576000 -0.487217999999999 304.2144
45600000 2.03112 304.6177
45624000 -4.396221 304.6159
45648000 -12.774447 305.3061
45672000 -22.400765 308.192
45696000 -13.706928 308.401
45720000 -12.939649 309.494
45744000 -7.273277 310.6853
45768000 1.533078 311.0184
45792000 1.053262 311.0765
45816000 -8.549299 310.629
45840000 -19.097027 312.1016
45864000 -19.60814 311.5014
45888000 -7.712029 310.27
45912000 -6.435022 309.5412
45936000 -9.574411 309.7158
45960000 -10.297597 311.5275
45984000 -5.358997 310.9198
46008000 -6.156944 309.8816
46032000 -5.716701 309.091
46056000 -12.351771 309.323
46080000 -6.404292 310.8342
46104000 5.699945 310.9615
46128000 3.199037 310.645
46152000 -1.992472 310.6386
46176000 -6.558527 310.3592
46200000 -4.614788 309.9468
46224000 -2.627303 309.4006
46248000 -10.45338 308.68
46272000 -4.075355 310.9172
46296000 -0.587090999999997 310.9388
46320000 -8.095554 311.8105
46344000 -6.741481 312.149
46368000 -13.725807 312.1573
46392000 -13.937249 311.7506
46416000 -10.351402 310.8217
46440000 -11.729185 310.5575
46464000 -1.851461 311.3656
46488000 -4.850767 311.4908
46512000 2.32346 312.9544
46536000 2.457856 312.431
46560000 -8.81095 312.5876
46584000 -5.191177 314.3656
46608000 -0.820754000000001 313.4542
46632000 -3.574527 312.7695
46656000 -3.413874 313.2235
46680000 3.182642 313.0695
46704000 -8.324504 313.6654
46728000 3.547935 317.4534
46752000 0.880531000000001 318.1821
46776000 0.260182 318.0143
46800000 4.061109 317.5531
46824000 -5.064123 318.1032
46848000 -7.302457 318.4987
46872000 -5.707339 319.1141
46896000 -10.387203 318.9405
46920000 -18.40549 322.7864
46944000 13.687956 320.7963
46968000 -9.934037 320.1623
46992000 -7.68981 324.5806
47016000 -4.076393 325.267
47040000 -14.374241 323.6105
47064000 -9.612521 321.991
47088000 -0.0796770000000002 322.1339
47112000 0.320131 320.1693
47136000 0.183099000000002 320.6637
47160000 9.756456 318.659
47184000 -3.308041 319.1041
47208000 -1.404755 322.0885
47232000 2.678608 322.9971
47256000 4.741932 320.863
47280000 -0.874204000000002 322.3909
47304000 -6.903613 322.592
47328000 4.17425 325.7292
47352000 4.375868 324.0689
47376000 -2.129294 322.8129
47400000 -4.847131 321.9488
47424000 -7.700332 323.8522
47448000 -4.157373 324.4969
47472000 -5.003803 325.0271
47496000 -3.956375 325.4917
47520000 -0.712664 325.5622
47544000 -7.282274 323.8197
47568000 -2.646742 321.8715
47592000 5.246592 321.8178
47616000 -0.540635000000002 320.1886
47640000 -6.83998 319.2167
47664000 -7.378343 320.5634
47688000 4.482237 319.2151
47712000 -7.997543 318.9882
47736000 -10.89541 321.4185
47760000 10.985019 317.5897
47784000 1.13054 313.0675
47808000 -8.465885 314.4568
47832000 3.314856 316.3061
47856000 2.639423 314.3707
47880000 -3.150009 314.9991
47904000 1.459268 316.9568
47928000 -0.965388000000001 316.5266
47952000 -18.769967 319.0943
