   3.6009805e+01
   3.2575031e+01
   1.3417859e+01
   2.2227714e+01
   1.1398742e+01
   1.5508876e+01
  -3.1115036e+00
   1.8191965e+01
   1.3488861e+01
   2.0143694e+01
   2.3729028e+01
   2.0988480e+01
   2.0431913e+01
   2.3136445e+01
   2.1840085e+01
   1.8795437e+01
   2.0543908e+01
   1.3261590e+01
   2.3853440e+01
   2.6319633e+01
   1.3045406e+01
   2.5089025e+01
   2.7924292e+01
   2.8918230e+01
   3.2515371e+01
   3.2214324e+01
   3.1912833e+01
   3.6637684e+01
   3.8985783e+01
   4.0212270e+01
   4.3183651e+01
   4.5523044e+01
   4.6754294e+01
   4.8589145e+01
   4.9759072e+01
   5.0013127e+01
   5.1835957e+01
   5.3636976e+01
   5.4753549e+01
   5.6653561e+01
   5.8342355e+01
   5.9321583e+01
   5.9839440e+01
   5.8702838e+01
   5.3435214e+01
   4.3415510e+01
   5.3664517e+01
   5.6038512e+01
   5.6530756e+01
   5.6410040e+01
   5.5461315e+01
   5.4491458e+01
   5.3704199e+01
   5.2312313e+01
   5.0738767e+01
   4.9170725e+01
   4.7359739e+01
   4.5654148e+01
   4.3714319e+01
   4.2307051e+01
   4.1046572e+01
   3.8967768e+01
   3.7824714e+01
   3.5961341e+01
   3.3685015e+01
   3.3261542e+01
   3.2258431e+01
   3.1060747e+01
   2.8195976e+01
   2.8227027e+01
   2.8391242e+01
   2.4993284e+01
   2.5456541e+01
   2.2109058e+01
   2.0662855e+01
   2.2904886e+01
   1.8681187e+01
   2.0980613e+01
   1.8819586e+01
   1.7760687e+01
   1.9394165e+01
   1.5932592e+01
   2.0146154e+01
   1.8783495e+01
   1.9962379e+01
   2.1124333e+01
   1.8775214e+01
   2.0706503e+01
   2.0042220e+01
   1.9833971e+01
   1.9062407e+01
   1.0878037e+01
   1.6224285e+01
   1.5448816e+01
   1.3949665e+01
   1.6455765e+01
   1.0735390e+01
   1.2419314e+01
   1.1176841e+01
   4.0428805e+00
   1.0694863e+01
   7.6403002e+00
  -1.0848185e+01
   5.6817749e+00
   3.8999581e+00
  -1.7100690e+00
   8.8187014e+00
   6.9833905e+00
   5.2144954e+00
   1.1631356e+01
   8.7541318e+00
   1.0365502e+01
   1.4142175e+01
   1.5920898e+01
   1.6011190e+01
   9.7278368e+00
  -1.5818994e+00
   7.9131136e-01
   8.8384336e+00
   1.2914798e+01
   1.1749035e+01
   1.6418531e+01
   1.7622890e+01
   1.8185293e+01
   2.0935334e+01
   2.1693664e+01
   2.3788863e+01
   2.5902175e+01
   2.6828766e+01
   2.9000636e+01
   3.0850825e+01
   3.1409873e+01
   3.3183652e+01
   3.5177208e+01
   3.5206045e+01
   3.5399292e+01
   3.7434567e+01
   3.7794345e+01
   3.5206997e+01
   3.0068941e+01
   2.4677595e+01
   1.7302101e+01
   1.7632983e+01
   1.8745583e+01
   2.1206943e+01
   2.2217329e+01
   1.9601772e+01
   2.0982944e+01
   1.9860989e+01
   1.6785284e+01
   1.8493954e+01
   1.4730352e+01
   1.5071214e+01
   1.5930853e+01
   1.0249947e+01
   1.4216692e+01
   1.0919441e+01
   9.7212199e+00
   1.1730343e+01
   1.3312027e+00
   8.2616840e+00
   3.5778012e+00
   1.9889598e+00
   5.5701333e+00
  -8.1724267e+00
   5.7967143e+00
  -1.9588013e+00
   4.7293760e+00
   5.6536344e+00
  -1.6766806e+00
   8.1904006e+00
   1.1434055e+00
   4.1796261e+00
   5.1588784e+00
  -3.0682288e+00
   8.4362473e+00
   6.1449270e+00
  -5.7655630e-01
   7.6915984e+00
   3.1330334e+00
   5.3661935e+00
   7.1117821e+00
  -3.8246914e+00
   1.3634102e+00
   3.7301527e+00
  -1.5489644e+01
   4.3847727e+00
   4.0386843e+00
  -1.0903211e+01
   3.3952782e+00
  -1.8671318e-01
  -7.1540962e+00
   1.8840496e-01
  -1.1462020e+00
  -2.7797227e+00
  -2.3179386e-01
  -9.9762239e-01
  -3.8137109e+00
  -1.7248961e+00
   2.3776598e+00
  -2.4601399e+01
   4.1798474e+00
   1.3245024e+00
  -9.0482131e-01
   6.5204952e+00
   2.0338877e+00
  -4.3060842e+00
   1.1939420e+00
  -9.5633897e+00
   3.5337065e+00
  -3.3128438e+00
   3.1188258e+00
   3.5479882e+00
  -4.8219934e-01
   8.0660177e+00
   4.1406800e+00
   7.3319083e+00
   8.5057641e+00
   5.2617929e+00
   1.2303616e+01
   1.2071998e+01
   1.3837853e+01
   1.7826074e+01
   1.7838959e+01
   1.8095905e+01
   1.8805740e+01
   1.6379288e+01
   1.1241359e+01
   9.5393921e+00
   1.2571595e+01
   1.3782508e+01
   1.0990149e+01
   1.0265126e+01
   9.4476415e+00
   2.3776080e+00
   5.7945447e+00
   1.8441916e+00
  -1.7114841e+00
   3.3482490e+00
  -6.5550495e+00
   1.0046644e+00
  -1.2183240e+00
  -3.6265034e+00
   1.9424003e+00
  -1.1253757e+01
   2.2698572e-01
  -4.9773663e+00
  -4.1357112e+00
  -2.1349467e+00
  -1.1313389e+01
  -7.6908116e-01
  -4.5765373e+00
  -5.3058436e+00
  -7.6345243e-01
  -2.6918400e+01
   9.7679797e-01
  -2.4420143e+00
  -5.4629796e+00
  -1.6170247e+00
  -1.5813267e+01
  -1.1096729e+00
  -5.0237279e+00
  -2.9876150e+00
  -2.4684852e+00
  -2.8938287e+01
  -1.5239970e+00
  -2.3774135e+00
  -8.9024261e+00
   6.0200419e-01
  -6.9197462e+00
  -4.6289872e+00
  -1.9569879e+00
  -7.9472633e+00
  -7.0308717e+00
  -3.9397716e+00
  -8.9717611e+00
  -2.8773084e+00
  -7.1392828e+00
  -7.5196188e+00
  -3.8935177e+00
  -1.1335426e+01
  -6.3397869e+00
  -2.6261376e+00
  -9.7744064e+00
  -3.4867447e+00
  -3.9193028e+00
  -1.0954723e+01
  -2.2272473e+00
  -9.6100820e+00
  -4.3562552e+00
  -4.6077531e+00
  -1.1949810e+01
  -7.2296836e+00
  -8.3799526e+00
  -8.2054489e+00
  -3.4220812e+00
  -1.7418498e+01
  -3.8038026e+00
  -7.4029796e+00
  -4.2190682e+00
  -3.9399808e+00
  -1.2798524e+01
  -8.8126536e+00
  -3.0425150e+00
  -5.0030291e+00
  -1.3347024e+01
  -3.9674730e+00
  -5.4444385e+00
  -1.4136764e+01
  -5.2754239e+00
  -2.3754790e+01
   6.7281764e-01
   3.2442627e+00
   2.3005944e-01
   4.5681293e+00
   4.3385987e+00
  -2.5900382e+00
   2.6593011e+00
   2.4193503e+00
  -7.9097885e+00
  -1.4312788e-01
  -5.6484010e+00
  -6.9982819e+00
  -4.6293095e+00
  -1.0695337e+01
  -3.1711565e+00
  -5.5460613e+00
  -1.4152825e+01
  -4.7900573e+00
  -1.2680038e+01
  -5.2801298e+00
  -6.7119914e+00
  -7.2515236e+00
  -5.3919967e+00
  -9.2124620e+00
  -4.7979135e+00
  -9.5535986e+00
  -6.1723595e+00
  -8.4056262e+00
  -1.0212290e+01
  -9.5462825e+00
  -7.6342083e+00
  -9.5224071e+00
  -4.9591882e+00
  -9.5688747e+00
  -8.7115899e+00
  -8.7069914e+00
  -5.8405107e+00
  -7.2119858e+00
  -8.1627597e+00
  -1.7021187e+01
  -3.9617786e+00
  -3.9409191e+00
  -1.5028269e+01
  -8.5704862e+00
  -6.8346386e+00
  -8.1301479e+00
  -5.3648385e+00
  -9.8528018e+00
  -9.2642213e+00
  -5.4226731e+00
  -1.4565718e+01
  -6.9529963e+00
  -8.6140813e+00
  -7.9147439e+00
  -8.3590461e+00
  -6.6962258e+00
  -9.9906093e+00
  -8.4633137e+00
  -1.1319251e+01
  -6.0907870e+00
  -1.2958090e+01
  -7.8425159e+00
  -7.3941303e+00
  -9.0303995e+00
  -1.4153189e+01
  -6.6975500e+00
  -7.1036420e+00
  -1.0056308e+01
  -8.9366363e+00
  -1.0034473e+01
  -5.4743182e+00
  -7.2297238e+00
  -1.7742603e+01
  -8.0852953e+00
  -6.1143885e+00
  -1.0573854e+01
  -5.5403301e+00
  -1.4646749e+01
  -7.0185427e+00
  -7.1194936e+00
  -1.9756277e+01
  -4.3046069e+00
  -4.9220965e+00
  -1.8847517e+01
  -3.5560124e+00
  -5.9246041e+00
  -9.4441203e+00
  -1.4995853e+01
  -1.0794753e+01
  -7.0929363e+00
  -5.5748803e+00
  -8.2147306e+00
  -1.6744812e+01
  -5.1314771e+00
  -5.0342745e+00
  -1.9836007e+01
  -5.4471164e+00
  -4.7519125e+00
  -2.2509058e+01
  -6.6463960e+00
  -1.3233341e+01
  -9.8950639e+00
  -5.6118545e+00
  -6.5514194e+00
  -8.3230632e+00
  -1.1295784e+01
  -1.2733051e+01
  -4.5953502e+00
  -9.7017910e+00
  -1.0463915e+01
  -8.9874001e+00
  -1.0537290e+01
  -1.1689062e+01
  -1.0024982e+01
  -1.3465804e+01
  -7.1788839e+00
  -8.6617084e+00
  -1.2190865e+01
  -1.1710894e+01
  -8.4413273e+00
  -7.2844541e+00
  -1.5583899e+01
  -7.7293814e+00
  -8.9218691e+00
  -1.5552622e+01
  -9.6256050e+00
  -7.7699145e+00
  -9.6272066e+00
  -6.9898478e+00
  -1.6050004e+01
  -9.3143957e+00
  -9.0986703e+00
  -9.9743801e+00
  -1.2999231e+01
  -9.6612379e+00
  -1.0731173e+01
  -1.1873324e+01
  -1.0777380e+01
  -6.4483801e+00
  -1.2020799e+01
  -9.7544700e+00
  -1.1374830e+01
  -1.0592131e+01
  -8.5014783e+00
  -1.1854370e+01
  -9.9154626e+00
  -1.2658338e+01
  -8.9098713e+00
  -1.1435002e+01
  -1.2436910e+01
  -9.8160299e+00
  -7.0829606e+00
  -2.0307302e+01
  -1.1221622e+01
  -2.2210721e+01
  -7.2049939e+00
  -6.0545456e+00
  -1.2444884e+01
  -1.7710936e+01
  -9.7189526e+00
  -1.3481149e+01
  -1.0344341e+01
  -1.0919204e+01
  -6.7488600e+00
  -9.5332412e+00
  -1.7392884e+01
  -1.0004374e+01
  -8.9168472e+00
  -8.4857871e+00
  -1.5715711e+01
  -9.6457093e+00
  -7.9450749e+00
  -1.4843915e+01
  -9.0752632e+00
  -4.2970163e+00
  -8.7827973e+00
  -1.7014465e+01
  -1.6068009e+01
  -8.1246963e+00
  -9.1685816e+00
  -1.2030534e+01
  -2.1123609e+01
  -9.7828203e+00
  -1.1193923e+01
  -1.1631654e+01
  -1.8078892e+01
  -8.6680973e+00
  -1.0681165e+01
  -1.6285598e+01
  -1.1980180e+01
  -1.0231075e+01
  -1.0171224e+01
  -1.5123867e+01
  -1.4334307e+01
  -1.2074477e+01
  -9.0409825e+00
  -9.7839189e+00
  -9.3831042e+00
  -1.6501120e+01
  -1.3135808e+01
  -1.1473539e+01
  -9.3547845e+00
  -1.1838279e+01
  -8.2275441e+00
  -1.3794611e+01
  -1.3288808e+01
  -1.0459472e+01
  -1.1324613e+01
  -1.2003684e+01
  -1.1004335e+01
  -1.6589289e+01
  -7.9893051e+00
  -1.1660648e+01
  -1.2680041e+01
  -9.4076052e+00
  -1.7115520e+01
  -1.3146461e+01
  -1.0869910e+01
  -1.0539471e+01
  -1.7632616e+01
  -1.4655687e+01
  -1.2916250e+01
  -1.0657093e+01
  -1.2551599e+01
  -1.1116641e+01
  -1.4213303e+01
  -1.0421319e+01
  -1.6913507e+01
  -9.2708611e+00
  -1.0819044e+01
  -2.3216501e+01
  -9.1673386e+00
  -8.0217662e+00
  -1.2812303e+01
  -1.1007372e+01
  -1.5536850e+01
  -1.1737957e+01
  -1.1243856e+01
  -1.5928207e+01
  -1.2581697e+01
  -1.1721182e+01
  -1.4290505e+01
  -9.4446775e+00
  -1.1732441e+01
  -1.7151588e+01
  -1.1946097e+01
  -1.3655832e+01
  -9.0528053e+00
  -1.2683680e+01
  -1.1242009e+01
  -1.9516276e+01
  -1.4210764e+01
  -1.1699653e+01
  -9.9069778e+00
  -1.6096405e+01
  -9.6192499e+00
  -1.3687478e+01
  -1.4153160e+01
  -8.6400890e+00
  -1.1762140e+01
  -1.3283621e+01
  -1.2079883e+01
  -2.0741373e+01
  -8.4667716e+00
  -9.2817904e+00
  -1.7122572e+01
  -1.1963829e+01
  -1.1088651e+01
  -1.0467575e+01
  -1.7664247e+01
  -1.2164635e+01
  -1.5130208e+01
  -1.3834888e+01
  -1.3499797e+01
  -1.2794643e+01
  -1.4043597e+01
  -1.0002351e+01
  -1.6087173e+01
  -1.5779679e+01
  -9.8033374e+00
  -1.0156867e+01
  -1.9490962e+01
  -1.2110755e+01
  -1.4628386e+01
  -1.4146685e+01
  -1.0005984e+01
  -1.1244773e+01
  -1.6391864e+01
  -1.3840386e+01
  -1.6547406e+01
  -1.3283449e+01
  -1.3148443e+01
  -1.5818995e+01
  -1.1304609e+01
  -1.3606904e+01
  -9.6267122e+00
  -9.1624993e+00
  -1.3482914e+01
  -1.7413983e+01
  -1.1046988e+01
  -1.3816389e+01
  -1.1319417e+01
  -2.1648595e+01
  -1.0551309e+01
  -1.1067942e+01
  -2.6008427e+01
  -1.0684127e+01
  -1.2815811e+01
  -1.5823681e+01
  -7.6776088e+00
  -1.2435151e+01
  -1.6497903e+01
  -1.2533194e+01
  -1.9447772e+01
  -1.1704489e+01
  -1.2210000e+01
  -1.6036770e+01
  -1.2508228e+01
  -1.4358057e+01
  -1.5392248e+01
  -9.7497186e+00
  -1.7809844e+01
  -1.3312540e+01
  -1.0072776e+01
  -1.3798752e+01
  -1.3613796e+01
  -1.1626761e+01
  -2.0443732e+01
  -9.6047140e+00
  -1.0324974e+01
  -2.5738092e+01
  -1.1321823e+01
  -9.7996791e+00
  -1.4527526e+01
  -1.1100597e+01
  -1.7411406e+01
  -1.3290982e+01
  -1.2825391e+01
  -1.6582533e+01
  -1.2586960e+01
  -1.2078567e+01
  -1.6501314e+01
  -1.3836485e+01
  -1.4524398e+01
  -1.1811855e+01
  -1.0758110e+01
  -2.6905532e+01
  -1.0708274e+01
  -1.4324216e+01
  -1.3116642e+01
  -1.3162593e+01
  -1.4994683e+01
  -1.2692970e+01
  -1.5919338e+01
  -1.7548596e+01
  -9.5917564e+00
  -1.2851915e+01
  -1.1413099e+01
  -1.1825962e+01
  -1.5157953e+01
  -1.3201680e+01
  -1.3923053e+01
  -1.8926531e+01
  -1.0002373e+01
  -1.4558669e+01
  -1.4099995e+01
  -1.1482627e+01
  -2.2467325e+01
  -1.2613553e+01
  -1.3682997e+01
  -1.7755779e+01
  -1.5732638e+01
  -1.1630670e+01
  -1.3702727e+01
  -1.0979882e+01
  -1.7146410e+01
  -1.4792716e+01
  -1.4500501e+01
  -1.3578866e+01
  -1.1107807e+01
  -1.1069758e+01
  -1.9995453e+01
  -1.3135051e+01
  -1.7690534e+01
  -1.3340148e+01
  -1.1014830e+01
  -1.1909584e+01
  -1.4165850e+01
  -1.8899304e+01
  -1.1919849e+01
  -7.8199715e+00
  -1.2654639e+01
  -1.2682251e+01
  -8.8818307e+00
  -2.7969388e+01
  -1.0025408e+01
  -1.0308145e+01
  -3.0992467e+01
  -1.0034158e+01
  -1.0604436e+01
  -1.8983236e+01
  -8.2497545e+00
  -1.4701256e+01
  -1.1272729e+01
  -9.7470128e+00
  -1.3568541e+01
  -1.3043162e+01
  -1.3710117e+01
  -2.4510398e+01
  -8.9514704e+00
  -1.1021847e+01
  -1.8991062e+01
  -1.3127556e+01
  -2.1806802e+01
  -1.4933454e+01
  -9.4546394e+00
  -1.3075634e+01
  -1.3104148e+01
  -7.8036706e+00
  -1.6369268e+01
  -1.6604585e+01
  -1.5734187e+01
  -1.5719969e+01
  -1.2476553e+01
  -1.0506347e+01
  -1.3622435e+01
  -1.0168258e+01
  -1.3722178e+01
  -2.0099792e+01
  -1.2625469e+01
  -1.7567378e+01
  -1.6474672e+01
  -1.3834952e+01
  -1.6805813e+01
  -9.5556697e+00
  -1.4344080e+01
  -1.5186790e+01
  -1.0498315e+01
  -1.6495994e+01
  -1.7245126e+01
  -1.2552656e+01
  -1.4500722e+01
  -1.5325691e+01
  -1.2959686e+01
  -2.0454799e+01
  -1.2929078e+01
  -1.5343114e+01
  -1.6579043e+01
  -1.4498019e+01
  -1.3256725e+01
  -2.0479287e+01
  -1.3359773e+01
  -1.4340346e+01
  -1.2474220e+01
  -1.9590936e+01
  -1.3289038e+01
  -1.5788623e+01
  -1.6848843e+01
  -1.4239220e+01
  -1.4019549e+01
  -1.8536373e+01
  -1.8828858e+01
  -1.4794730e+01
  -1.2324762e+01
  -1.3390431e+01
  -2.0552384e+01
  -1.0403714e+01
  -1.1719832e+01
  -1.8619680e+01
  -1.1709989e+01
  -1.0964208e+01
  -2.3205656e+01
  -9.5048691e+00
  -1.4095952e+01
  -1.6558533e+01
  -1.1865697e+01
  -1.5964655e+01
  -1.6242725e+01
  -1.2980778e+01
  -2.2018483e+01
  -9.6841309e+00
  -1.3669693e+01
  -1.4615835e+01
  -9.6665090e+00
  -1.7924447e+01
  -1.6517845e+01
  -1.2645655e+01
  -1.6424786e+01
  -1.4150910e+01
  -1.4556268e+01
  -1.5010550e+01
  -1.2550080e+01
  -2.1160120e+01
  -1.4744885e+01
  -1.3831567e+01
  -1.2582576e+01
  -1.8728816e+01
  -1.3624505e+01
  -1.5855403e+01
  -1.9951745e+01
  -1.4125470e+01
  -1.0381432e+01
  -1.8358217e+01
  -1.5540521e+01
  -1.3280324e+01
  -1.5433339e+01
  -2.3357292e+01
  -1.1920539e+01
  -1.4211856e+01
  -1.8702833e+01
  -1.1930290e+01
  -1.5783012e+01
  -1.8494320e+01
  -1.5610977e+01
  -1.5984515e+01
  -1.2726887e+01
  -1.2688439e+01
  -2.1754099e+01
  -1.1242875e+01
  -1.5020729e+01
  -1.3989338e+01
  -1.6701178e+01
  -1.9218441e+01
  -1.4866138e+01
  -1.0528945e+01
  -2.1287460e+01
  -1.2559901e+01
  -1.3146396e+01
  -1.7287929e+01
  -1.4930790e+01
  -1.6665402e+01
  -1.5693701e+01
  -1.6272288e+01
  -2.0290344e+01
  -1.4067698e+01
  -1.3510281e+01
  -2.0853982e+01
  -1.0735887e+01
  -1.4670691e+01
  -1.6710186e+01
  -1.9563927e+01
  -1.9347716e+01
  -1.2332006e+01
  -1.0481571e+01
  -1.8799386e+01
  -1.7411992e+01
  -2.1645411e+01
  -1.5325941e+01
  -1.2789103e+01
  -1.6848817e+01
  -1.6375691e+01
  -1.7053501e+01
  -2.3555966e+01
  -1.1903619e+01
  -1.6166272e+01
  -1.6387777e+01
  -1.2122644e+01
  -1.7339024e+01
  -1.8098445e+01
  -1.5422260e+01
  -1.7232368e+01
  -1.5805448e+01
  -1.3300560e+01
  -1.5460355e+01
  -1.5146252e+01
  -2.0759492e+01
  -1.6281513e+01
  -1.6538335e+01
  -1.5872687e+01
  -1.9612415e+01
  -1.5250237e+01
  -2.0116467e+01
  -1.4783428e+01
  -1.2477720e+01
  -1.6950718e+01
  -2.0666696e+01
  -1.2400705e+01
  -1.5979909e+01
  -1.5259114e+01
  -1.3801459e+01
  -2.3505761e+01
  -1.4873349e+01
  -1.1402445e+01
  -1.8987855e+01
  -1.5245009e+01
  -1.3445222e+01
  -2.2268140e+01
  -1.2571314e+01
  -1.5728459e+01
  -2.1056346e+01
  -1.3118216e+01
  -1.4000908e+01
  -2.6374963e+01
  -1.4118009e+01
  -1.4396331e+01
  -1.7584496e+01
  -1.8653585e+01
  -1.3072771e+01
  -2.5126762e+01
  -1.3896593e+01
  -1.3957449e+01
  -2.6836050e+01
  -1.3966165e+01
  -1.5062074e+01
  -2.2619961e+01
  -1.3396938e+01
  -1.8599304e+01
  -1.7174153e+01
  -1.4062226e+01
  -2.2200575e+01
  -1.5466586e+01
  -1.6613032e+01
  -2.2635216e+01
  -1.3333999e+01
  -1.5166767e+01
  -1.8037576e+01
  -1.2729521e+01
  -1.8516605e+01
  -1.4615814e+01
  -1.7887189e+01
  -1.8600334e+01
  -1.8074359e+01
  -1.5758816e+01
  -1.7117033e+01
  -1.6332030e+01
  -2.0208570e+01
  -1.5469098e+01
  -1.5850717e+01
  -1.3258147e+01
  -1.6299820e+01
  -1.9021976e+01
  -1.6575030e+01
  -1.5217687e+01
  -1.5742023e+01
  -2.1574255e+01
  -1.9420460e+01
  -1.2733648e+01
  -1.3485411e+01
  -2.1191263e+01
  -1.1721503e+01
  -1.7748186e+01
  -1.8288036e+01
  -1.4662082e+01
  -1.6518033e+01
  -2.7785779e+01
  -1.4177507e+01
  -1.8780510e+01
  -1.5705265e+01
  -1.7401701e+01
  -1.7322703e+01
  -1.5041035e+01
  -1.7275838e+01
  -1.9058964e+01
  -1.5252048e+01
  -1.7496061e+01
  -1.5750935e+01
  -1.3105203e+01
  -2.1994191e+01
  -1.7123442e+01
  -1.7418202e+01
  -2.1448116e+01
  -1.4982997e+01
  -1.5564038e+01
  -2.5209187e+01
  -1.5225918e+01
  -1.9516463e+01
  -1.7805045e+01
  -1.4843991e+01
  -1.5780841e+01
  -2.3646489e+01
  -1.6896427e+01
  -1.5636926e+01
  -1.9507834e+01
  -1.5884838e+01
  -1.5594486e+01
  -2.3409463e+01
  -1.4352146e+01
  -2.0408338e+01
  -1.6786124e+01
  -1.5762308e+01
  -1.8804900e+01
  -1.5422968e+01
  -1.3969116e+01
  -2.5189427e+01
  -1.4303708e+01
  -1.3277509e+01
  -1.9382298e+01
  -1.6109981e+01
  -2.6160546e+01
  -1.3566526e+01
  -1.4125796e+01
  -2.2455367e+01
  -1.6927691e+01
  -1.3897224e+01
  -2.7815419e+01
  -1.2895445e+01
  -1.5043110e+01
  -2.8666439e+01
  -1.7537773e+01
  -1.7819783e+01
  -1.6659269e+01
  -1.3682261e+01
  -2.3437102e+01
  -1.3950262e+01
  -1.6421824e+01
  -1.8343140e+01
  -1.2993980e+01
  -1.8077215e+01
  -1.8191676e+01
  -1.9855266e+01
  -1.7408492e+01
  -1.4480201e+01
  -1.4856008e+01
  -2.1871653e+01
  -1.8597523e+01
  -1.7192081e+01
  -1.1534099e+01
  -1.5156577e+01
  -2.6465599e+01
  -1.4371476e+01
  -1.3753357e+01
  -1.8496866e+01
  -1.5204391e+01
  -1.8610913e+01
  -2.0246718e+01
  -1.8089220e+01
  -1.3627480e+01
  -1.7578982e+01
  -1.9785906e+01
  -1.9330416e+01
  -2.1464916e+01
  -1.5279446e+01
  -1.5890318e+01
  -1.8693878e+01
  -2.1290912e+01
  -2.0047023e+01
  -1.7777474e+01
  -1.5267466e+01
  -3.6490888e+01
  -1.6526136e+01
  -2.0137445e+01
  -1.6243203e+01
  -1.6404952e+01
  -2.0923371e+01
  -1.9188081e+01
  -1.5981547e+01
  -2.3724630e+01
  -1.5257042e+01
  -2.0828354e+01
  -1.6522138e+01
  -1.2492267e+01
  -1.8629100e+01
  -2.0199823e+01
  -1.4546874e+01
  -1.7446629e+01
  -2.2065122e+01
  -1.8270369e+01
  -1.5168671e+01
  -1.6133556e+01
  -1.6996119e+01
  -1.8770214e+01
  -2.0343205e+01
  -1.6363411e+01
  -2.6292915e+01
  -1.5010694e+01
  -1.9621027e+01
  -2.0989522e+01
  -1.3895440e+01
  -1.5325896e+01
  -2.7238439e+01
  -1.2596440e+01
  -1.4164461e+01
  -2.3151203e+01
  -1.8314694e+01
  -1.7049445e+01
  -1.8877981e+01
  -1.5703098e+01
  -2.0370691e+01
  -1.6450637e+01
  -1.8451443e+01
  -1.5222404e+01
  -1.3857222e+01
  -2.0110156e+01
  -1.9521535e+01
  -1.9975014e+01
  -1.8217803e+01
  -1.8038969e+01
  -1.7038539e+01
  -2.1107470e+01
  -1.7398352e+01
  -2.2460079e+01
  -1.6303156e+01
  -2.2551644e+01
  -1.7956773e+01
  -1.7663490e+01
  -1.9759290e+01
  -1.6909021e+01
  -1.6377936e+01
  -3.0683908e+01
  -1.2996204e+01
  -1.5609700e+01
  -1.7395386e+01
  -1.4090726e+01
  -2.6493514e+01
  -1.5239982e+01
  -1.1165141e+01
  -1.8003720e+01
  -1.6428821e+01
  -1.4423822e+01
  -2.6216077e+01
  -1.3777474e+01
  -2.1271683e+01
  -1.5684377e+01
  -1.2456647e+01
  -1.7644492e+01
  -1.7810323e+01
  -1.1909919e+01
  -2.3193172e+01
  -1.4746054e+01
  -1.4791136e+01
  -2.2085743e+01
  -1.7072129e+01
  -1.7666948e+01
  -1.8752516e+01
  -1.4298893e+01
  -1.8729113e+01
  -2.0532075e+01
  -1.6265956e+01
  -2.0859615e+01
  -1.8742857e+01
  -1.3986750e+01
  -1.7532480e+01
  -2.1387410e+01
  -1.9457728e+01
  -1.7783817e+01
  -1.4505927e+01
  -2.2422316e+01
  -1.7924036e+01
  -2.0591490e+01
  -1.6371502e+01
  -1.8090932e+01
  -1.4827783e+01
  -2.4045854e+01
  -1.6434239e+01
  -1.9500674e+01
  -2.1209150e+01
  -1.9731228e+01
  -1.6699280e+01
  -1.7949954e+01
  -1.8664860e+01
  -2.1832369e+01
  -1.6641606e+01
  -1.6887712e+01
  -1.8824472e+01
  -1.3777616e+01
  -2.5531654e+01
  -1.8574402e+01
  -1.9415196e+01
  -2.1222525e+01
  -1.7439678e+01
  -1.8818318e+01
  -2.1157107e+01
  -1.2937064e+01
  -1.7418764e+01
  -2.0344460e+01
  -1.6534432e+01
  -1.5611560e+01
  -2.1618009e+01
  -1.6049490e+01
  -1.8595960e+01
  -1.7949229e+01
  -1.3533531e+01
  -2.0480772e+01
  -1.9188881e+01
  -1.3502931e+01
  -2.1516765e+01
  -1.5952173e+01
  -1.2924222e+01
  -2.3484613e+01
  -1.8332342e+01
  -1.4759548e+01
  -2.1224891e+01
  -1.7525534e+01
  -1.4877227e+01
  -3.1874757e+01
  -1.4641818e+01
  -1.5744586e+01
  -2.1715854e+01
  -1.6634265e+01
  -1.2400399e+01
  -1.9391703e+01
  -1.7714493e+01
  -1.7158152e+01
  -2.7862961e+01
  -1.3821868e+01
  -1.3120854e+01
  -2.3743305e+01
  -1.2564606e+01
  -1.3118190e+01
  -2.9999271e+01
  -1.4844152e+01
  -2.4714085e+01
  -1.6182293e+01
  -1.2869058e+01
  -2.0467963e+01
  -1.5364997e+01
  -1.2374127e+01
  -2.3871812e+01
  -1.6864959e+01
  -1.7524209e+01
  -2.4362272e+01
  -1.6488927e+01
  -1.5399072e+01
  -2.2829741e+01
  -2.1119191e+01
  -1.7677374e+01
  -2.7667886e+01
  -1.7071672e+01
  -1.4561807e+01
  -2.5755131e+01
  -1.7882062e+01
  -1.9883468e+01
  -2.2949656e+01
  -1.6198222e+01
  -1.7845772e+01
  -2.5587848e+01
  -1.5376222e+01
  -1.6665812e+01
  -2.1423487e+01
  -2.1363258e+01
  -2.4857297e+01
  -1.7213984e+01
  -1.8045205e+01
  -2.2345334e+01
  -1.8147434e+01
  -1.7537757e+01
  -2.1467710e+01
  -1.6804334e+01
  -2.0292781e+01
  -1.9540601e+01
  -2.3673019e+01
  -1.5380377e+01
  -2.1296816e+01
  -1.8602757e+01
  -1.7141617e+01
  -1.8152728e+01
  -2.1940283e+01
  -1.7252917e+01
  -1.7381010e+01
  -2.3592460e+01
  -2.1339932e+01
  -1.7459468e+01
  -1.7436328e+01
  -2.1036861e+01
  -2.3627592e+01
  -1.9797221e+01
  -1.5116477e+01
  -2.4234038e+01
  -1.8435301e+01
  -1.6448658e+01
  -2.4947082e+01
  -1.7895528e+01
  -1.4190239e+01
  -3.0149810e+01
  -1.6939908e+01
  -2.2152253e+01
  -1.8159517e+01
  -1.4309386e+01
  -2.2239428e+01
  -1.8791265e+01
  -1.3881013e+01
  -2.5983843e+01
  -1.5449105e+01
  -1.6434554e+01
  -2.2342860e+01
  -1.4260364e+01
  -2.1845801e+01
  -2.1782793e+01
  -1.9411263e+01
  -2.1271375e+01
  -1.4206528e+01
  -1.6458870e+01
  -2.0141224e+01
  -1.2869271e+01
  -1.8900853e+01
  -2.1485236e+01
  -1.8971448e+01
  -2.8649780e+01
  -1.5464640e+01
  -1.4576746e+01
  -2.8833816e+01
  -1.5298572e+01
  -2.0279716e+01
  -1.8977766e+01
  -1.7260129e+01
  -2.2691089e+01
  -2.1811720e+01
  -1.4850077e+01
  -1.8907918e+01
  -2.0728225e+01
  -1.6942746e+01
  -1.9478621e+01
  -1.7512713e+01
  -2.2764798e+01
  -1.9747153e+01
  -2.2152797e+01
  -1.7093688e+01
  -2.2493887e+01
  -1.8203674e+01
  -1.9750256e+01
  -2.2858483e+01
  -2.2998215e+01
  -1.3596199e+01
  -1.8366888e+01
  -2.0896215e+01
  -1.7286074e+01
  -2.6439154e+01
  -1.7530088e+01
  -1.8654415e+01
  -2.7174724e+01
  -1.5621749e+01
  -1.9822088e+01
  -2.1440467e+01
  -1.7405860e+01
  -2.6137758e+01
  -1.7198606e+01
  -1.6305081e+01
  -2.1132175e+01
  -1.9183419e+01
  -1.9078778e+01
  -2.0406475e+01
  -1.2455694e+01
  -1.8619655e+01
  -1.8228595e+01
  -1.5034793e+01
  -2.5342178e+01
  -1.7266023e+01
  -1.5016656e+01
  -2.8750966e+01
  -1.6674531e+01
  -1.8631117e+01
  -2.2058055e+01
  -1.4644998e+01
  -2.0201445e+01
  -1.9550595e+01
  -1.5368362e+01
  -2.8279173e+01
  -1.5931330e+01
  -1.5197260e+01
  -1.8742830e+01
  -2.1238360e+01
  -1.9471258e+01
  -1.2261514e+01
  -1.5585920e+01
  -1.8538318e+01
  -1.1378608e+01
  -1.4820690e+01
  -1.7682625e+01
  -1.2924128e+01
  -2.6368999e+01
  -1.5484632e+01
  -1.5398918e+01
  -2.9284203e+01
  -1.8249710e+01
  -1.3694876e+01
  -1.9832699e+01
  -2.0221098e+01
  -2.5355725e+01
  -1.7608650e+01
  -1.4132386e+01
  -1.9343129e+01
  -3.3763529e+01
  -1.5495224e+01
  -1.4751349e+01
  -3.6598148e+01
  -1.7326452e+01
  -1.9372608e+01
  -1.9633128e+01
  -1.6955527e+01
  -1.9215504e+01
  -2.7076018e+01
  -1.6416790e+01
  -2.0170450e+01
  -2.2038829e+01
  -1.9044288e+01
  -1.9418312e+01
  -2.4750859e+01
  -1.9724818e+01
  -2.2872891e+01
  -2.2986670e+01
  -1.5919531e+01
  -1.7681994e+01
  -4.4054364e+01
  -1.7116217e+01
  -1.7303326e+01
  -2.2707917e+01
  -2.1417978e+01
  -2.0328774e+01
  -1.8429374e+01
  -2.1703367e+01
  -2.0742026e+01
  -1.9186363e+01
  -2.0169678e+01
  -1.9375948e+01
  -1.9381873e+01
  -2.0193823e+01
  -2.1313308e+01
  -1.6705423e+01
  -1.6374374e+01
  -4.3348141e+01
  -1.7335047e+01
  -1.8190366e+01
  -1.8641253e+01
  -2.2178446e+01
  -1.9727777e+01
  -3.4313999e+01
  -1.5610579e+01
  -1.3958635e+01
  -2.0872921e+01
  -2.2797925e+01
  -1.5955581e+01
  -2.0309259e+01
  -2.1943275e+01
  -2.1808158e+01
  -2.2120183e+01
  -1.7291630e+01
  -2.5199213e+01
  -1.6967731e+01
  -2.0794141e+01
  -2.1221897e+01
  -2.0749466e+01
  -2.6307516e+01
  -1.4542540e+01
  -1.6216529e+01
  -1.6976032e+01
  -1.0337893e+01
  -1.3064348e+01
  -9.4932916e+00
  -7.7023449e+00
  -9.8843143e+00
  -5.9541303e+00
  -5.7784392e+00
  -9.7363833e+00
  -8.5509938e+00
  -1.7147768e+01
  -8.1881221e+00
  -3.3642395e+00
  -5.2734594e+00
  -5.2377738e+00
  -4.2693060e+00
  -8.3461411e+00
  -9.3697793e+00
  -9.5458031e+00
  -1.8456844e+01
  -1.2446279e+01
  -1.6104547e+01
  -2.1142008e+01
  -1.5536077e+01
  -2.3391968e+01
  -1.9556939e+01
  -2.1300300e+01
  -2.2888735e+01
  -1.5099525e+01
  -2.0742560e+01
  -2.4144395e+01
  -2.1944052e+01
  -2.1239319e+01
  -1.7110610e+01
  -2.0735672e+01
  -2.0933614e+01
  -1.6760480e+01
  -2.7157864e+01
  -1.7655471e+01
  -1.5655890e+01
  -3.1851668e+01
  -1.8726149e+01
  -1.8086867e+01
  -3.4284487e+01
  -1.4681594e+01
  -1.5295174e+01
  -2.6253444e+01
  -1.6841149e+01
  -3.6394986e+01
  -1.4819298e+01
  -1.4772740e+01
  -3.4200707e+01
  -1.8368023e+01
  -1.9528675e+01
  -2.4889056e+01
  -1.5360701e+01
  -2.0793347e+01
  -2.0363025e+01
  -1.7320605e+01
  -2.3097793e+01
  -1.9019603e+01
  -1.6962236e+01
  -2.9707395e+01
  -1.5475776e+01
  -1.5329038e+01
  -3.3071105e+01
  -1.6096814e+01
  -1.9513760e+01
  -2.8027947e+01
  -1.9022941e+01
  -2.2297295e+01
  -2.1530727e+01
  -1.5024093e+01
  -2.0337131e+01
  -2.4608981e+01
  -2.2125710e+01
  -2.2082518e+01
  -1.8005875e+01
  -1.8782336e+01
  -3.0170270e+01
  -1.5388334e+01
  -1.8679936e+01
  -2.4970322e+01
  -1.8852714e+01
  -2.5293467e+01
  -1.6770277e+01
  -1.8863692e+01
  -1.8841226e+01
  -1.1347979e+01
  -1.5278032e+01
  -1.3047193e+01
  -9.9817487e+00
  -1.6231764e+01
  -9.6775064e+00
  -9.2575697e+00
  -8.9720644e+00
  -4.6240029e+00
  -4.6430895e+00
  -6.8438193e+00
  -8.0610751e+00
  -1.8449073e+01
  -1.1216431e+01
  -7.6374755e+00
  -9.8666502e+00
  -6.9452478e+00
  -7.0819867e+00
  -1.1650507e+01
  -8.6968234e+00
  -1.0491982e+01
  -1.3443462e+01
  -9.9117858e+00
  -1.4216004e+01
  -1.8974564e+01
  -1.4605325e+01
  -2.5514915e+01
  -1.7953538e+01
  -1.9171255e+01
  -2.2671973e+01
  -1.6314812e+01
  -2.7494403e+01
  -1.7255241e+01
  -1.8659848e+01
  -2.5585205e+01
  -1.8385146e+01
  -2.0288876e+01
  -2.1685503e+01
  -1.7538082e+01
  -2.9466178e+01
  -1.8924220e+01
  -1.9275009e+01
  -2.2432018e+01
  -1.9898051e+01
  -2.0175640e+01
  -2.8759498e+01
  -1.7077120e+01
  -1.9622587e+01
  -2.2528979e+01
  -2.1518859e+01
  -2.2680209e+01
  -1.9112042e+01
  -2.4107106e+01
  -2.9562679e+01
  -1.7858693e+01
  -1.9399955e+01
  -2.3784740e+01
  -1.6296376e+01
  -2.6640886e+01
  -2.1762065e+01
  -2.6375451e+01
  -1.8147404e+01
  -1.5895836e+01
  -2.0910474e+01
  -2.1832910e+01
  -1.4803363e+01
  -2.3893748e+01
  -1.7157883e+01
  -1.6140684e+01
  -3.7293020e+01
  -1.9776649e+01
  -1.7783231e+01
  -2.6658430e+01
  -1.9506441e+01
  -2.0021390e+01
  -2.1861334e+01
  -1.8558397e+01
  -2.2843303e+01
  -2.0510682e+01
  -2.2646834e+01
  -2.0516668e+01
  -2.3503614e+01
  -1.6160714e+01
  -1.9860952e+01
  -2.3038315e+01
  -2.3548721e+01
  -1.6111897e+01
  -1.9044165e+01
  -2.3483120e+01
  -1.7864075e+01
  -1.5983827e+01
  -1.9733479e+01
  -2.1159513e+01
  -2.2103658e+01
  -1.9905206e+01
  -2.6598731e+01
  -1.5314584e+01
  -1.4484056e+01
  -2.8590036e+01
  -1.4442105e+01
  -1.7033140e+01
  -2.7533568e+01
  -1.5619256e+01
  -1.7613529e+01
  -1.7000749e+01
  -1.2688735e+01
  -2.0861518e+01
  -1.8242487e+01
  -1.7906985e+01
  -3.0382906e+01
  -1.7935478e+01
  -2.2979387e+01
  -1.9114352e+01
  -1.4913468e+01
  -2.6438698e+01
  -1.6537106e+01
  -1.7200653e+01
  -2.4202417e+01
  -1.7907726e+01
  -2.5230262e+01
  -2.2119417e+01
  -1.7756222e+01
  -1.9095650e+01
  -3.0092330e+01
  -2.3894603e+01
  -1.9434020e+01
  -1.9291241e+01
  -2.5363027e+01
  -2.4263420e+01
  -2.2375890e+01
  -1.8136993e+01
  -1.9839816e+01
  -2.1880903e+01
  -2.1457965e+01
  -1.8671520e+01
  -3.1894615e+01
  -1.5926565e+01
  -2.1252249e+01
  -1.9613628e+01
  -1.7353822e+01
  -2.8927332e+01
  -2.0456908e+01
  -1.8772052e+01
  -2.3199070e+01
  -2.1028995e+01
  -2.1305508e+01
  -2.5675673e+01
  -1.9295077e+01
  -2.2310375e+01
  -2.5202739e+01
  -2.0990503e+01
  -1.7231469e+01
  -1.9935863e+01
  -2.1405199e+01
  -2.2519982e+01
  -2.0893402e+01
  -2.7178815e+01
  -2.1287276e+01
  -2.9731661e+01
  -2.3186178e+01
  -2.6015634e+01
  -1.6965400e+01
  -1.9330296e+01
  -2.9359130e+01
  -2.0577028e+01
  -1.8481943e+01
  -3.7282752e+01
  -1.6281561e+01
  -1.6640427e+01
  -2.5178739e+01
  -1.7164524e+01
  -2.2879461e+01
  -2.0234531e+01
  -1.9844735e+01
  -2.4410750e+01
  -2.1373039e+01
  -1.9754052e+01
  -2.6093981e+01
  -1.5316127e+01
  -2.1511112e+01
  -2.0741056e+01
  -1.9253947e+01
  -2.1651516e+01
  -1.8291702e+01
  -2.1373243e+01
  -2.7429612e+01
  -1.8602884e+01
  -1.9732198e+01
  -3.1892528e+01
  -1.8785216e+01
  -1.8049768e+01
  -2.4567688e+01
  -2.1372720e+01
  -2.4825452e+01
  -2.1969877e+01
  -2.0981716e+01
  -2.5269567e+01
  -1.7864721e+01
  -1.9691602e+01
  -2.5338098e+01
  -2.6385658e+01
  -2.0454267e+01
  -2.4349853e+01
  -2.1317133e+01
  -2.6870564e+01
  -2.4476263e+01
  -2.0069126e+01
  -2.0629462e+01
  -2.5706318e+01
  -1.8618739e+01
  -2.5425409e+01
  -2.1943719e+01
  -2.0995749e+01
  -2.5462340e+01
  -2.6438749e+01
  -2.0671812e+01
  -2.1458390e+01
  -2.3309756e+01
  -2.4990683e+01
  -2.4819840e+01
  -2.1318001e+01
  -2.5911104e+01
  -2.1050087e+01
  -2.2175246e+01
  -2.3375791e+01
  -1.9412108e+01
  -1.9581329e+01
  -2.6332141e+01
  -1.6853198e+01
  -1.9024464e+01
  -2.2683168e+01
  -2.5361147e+01
  -1.9079108e+01
  -2.1056155e+01
  -1.9417157e+01
  -2.4642875e+01
  -1.9427980e+01
  -1.9229959e+01
  -2.2466440e+01
  -2.0396805e+01
  -2.6229148e+01
  -1.7683410e+01
  -1.6169351e+01
  -2.6051841e+01
  -1.7802600e+01
  -1.6276535e+01
  -2.5962146e+01
  -1.4117381e+01
  -1.6599480e+01
  -1.8848489e+01
  -1.2205348e+01
  -1.4478553e+01
  -1.7077803e+01
  -1.1762790e+01
  -1.5985931e+01
  -2.8111529e+01
  -2.2465124e+01
  -1.8309742e+01
  -1.1583982e+01
  -1.2821956e+01
  -2.1352857e+01
  -1.3116223e+01
  -1.4709824e+01
  -2.9614544e+01
  -1.6697868e+01
  -1.9906441e+01
  -2.9322639e+01
  -1.7227070e+01
  -1.9801813e+01
  -2.6715130e+01
  -1.8484843e+01
  -2.7804516e+01
  -2.2126910e+01
  -1.9301794e+01
  -3.1079433e+01
  -2.0224644e+01
  -1.8415077e+01
  -2.7389863e+01
  -2.4461964e+01
  -2.5311050e+01
  -1.9629234e+01
  -2.6373701e+01
  -2.4317696e+01
  -2.6154370e+01
  -2.8575401e+01
  -2.0941029e+01
  -2.0152369e+01
  -2.9933233e+01
  -2.1766152e+01
  -2.7716841e+01
  -2.1828832e+01
  -2.0543777e+01
  -2.0825227e+01
  -2.3013558e+01
  -2.4642629e+01
  -2.0078033e+01
  -2.1601571e+01
  -2.0600711e+01
  -2.3804681e+01
  -2.1049568e+01
  -2.0677058e+01
  -1.9082624e+01
  -2.5137218e+01
  -2.0477456e+01
  -2.9362907e+01
  -1.9936094e+01
  -2.0860126e+01
  -2.9767050e+01
  -2.3531058e+01
  -2.0309385e+01
  -2.3015171e+01
  -2.5240167e+01
  -2.4207388e+01
  -1.9419301e+01
  -2.5040874e+01
  -2.1507395e+01
  -1.9822942e+01
  -2.8736818e+01
  -2.0714510e+01
  -2.4939611e+01
  -2.6584340e+01
  -2.1259731e+01
  -2.0426085e+01
  -2.2288885e+01
  -2.1694978e+01
  -2.7386880e+01
  -1.8234067e+01
  -2.6010238e+01
  -2.0996772e+01
  -2.0414376e+01
  -2.7221434e+01
  -2.0305240e+01
  -1.8353533e+01
  -3.1349505e+01
  -1.7179920e+01
  -1.8698879e+01
  -2.2278451e+01
  -1.5637511e+01
  -2.1872143e+01
  -1.5947417e+01
  -1.1951513e+01
  -1.4916232e+01
  -1.0979775e+01
  -9.2021727e+00
  -1.5629751e+01
  -1.9985262e+01
  -2.3905743e+01
  -1.4927659e+01
  -1.0871223e+01
  -1.5458926e+01
  -1.5578130e+01
  -1.1357008e+01
  -1.6147081e+01
  -1.8672254e+01
  -1.4942192e+01
  -2.2828198e+01
  -2.2337733e+01
  -2.0794160e+01
  -2.9867188e+01
  -1.8391527e+01
  -2.4137944e+01
  -2.0339478e+01
  -2.1411857e+01
  -2.7876316e+01
  -2.0833720e+01
  -2.5017410e+01
  -2.7819273e+01
  -2.3657872e+01
  -3.3860155e+01
  -1.9915193e+01
  -1.9100362e+01
  -4.1382601e+01
  -2.0422544e+01
  -2.0611658e+01
  -2.7079196e+01
  -2.6674432e+01
  -2.2291870e+01
  -2.1974065e+01
  -1.7532099e+01
  -2.2820782e+01
  -2.3359386e+01
  -2.0839393e+01
  -2.1683136e+01
  -2.5701114e+01
  -1.9546969e+01
  -2.1227076e+01
  -2.8592938e+01
  -2.1653287e+01
  -1.8710482e+01
  -2.3674748e+01
  -2.0144669e+01
  -2.7471652e+01
  -1.9559974e+01
  -1.8581123e+01
  -2.4914044e+01
  -1.7930849e+01
  -2.3252909e+01
  -2.3482942e+01
  -2.2065249e+01
  -1.7659506e+01
  -2.6710775e+01
  -2.1620544e+01
  -2.3313731e+01
  -1.9092397e+01
  -2.1771207e+01
  -2.6120756e+01
  -2.0876064e+01
  -2.2179145e+01
  -2.4872318e+01
  -2.3209352e+01
  -2.0306212e+01
  -2.2577206e+01
  -2.9290315e+01
  -1.8738074e+01
  -2.0667744e+01
  -2.5338097e+01
  -1.8793426e+01
  -3.3226873e+01
  -2.0379788e+01
  -2.2109101e+01
  -3.0326170e+01
  -2.0076708e+01
  -2.3492605e+01
  -2.2204366e+01
  -1.9009238e+01
  -2.6378605e+01
  -2.1424580e+01
  -1.9883101e+01
  -1.9868937e+01
  -3.7735437e+01
  -1.8965004e+01
  -2.1484379e+01
  -2.5404018e+01
  -1.6780318e+01
  -1.7621830e+01
  -4.1101214e+01
  -1.6843970e+01
  -1.7259432e+01
  -2.6898228e+01
  -2.2726662e+01
  -2.5208520e+01
  -2.1032907e+01
  -2.7089797e+01
  -2.7174949e+01
  -2.1440158e+01
  -2.0825708e+01
  -2.7030411e+01
  -2.0928737e+01
  -2.4314969e+01
  -2.7181134e+01
  -2.2463086e+01
  -1.9386999e+01
  -2.4003089e+01
  -2.4009886e+01
  -2.3473250e+01
  -2.1695815e+01
  -2.7161282e+01
  -2.2131290e+01
  -1.9649005e+01
  -2.1257398e+01
  -2.5990244e+01
  -2.0971369e+01
  -2.2957210e+01
  -2.1452172e+01
  -2.4384921e+01
  -2.4173729e+01
