   8.0391978e+00
   3.6436166e+01
   5.8644374e+01
   5.3963864e+01
   6.2331716e+01
   7.3107853e+01
   6.2680234e+01
   7.0082371e+01
   7.4522272e+01
   6.7281229e+01
   8.0265735e+01
   8.4004586e+01
   7.3955401e+01
   8.8463141e+01
   8.5786233e+01
   5.5406841e+01
   5.1246842e+01
   4.8618070e+01
   4.7215943e+01
   6.2711276e+01
   6.4801474e+01
   1.0639282e+02
   1.5295094e+02
   1.7383746e+02
   2.0830734e+02
   2.5027662e+02
   2.9546856e+02
   3.5778684e+02
   4.0088411e+02
   4.6451347e+02
   6.0329723e+02
   7.4105781e+02
   8.7710028e+02
   1.0601123e+03
   1.2131439e+03
   1.2860401e+03
   1.3350596e+03
   1.3626658e+03
   1.3437453e+03
   1.3312152e+03
   1.3397164e+03
   1.3422925e+03
   1.3470770e+03
   1.3264593e+03
   1.2901537e+03
   1.3063427e+03
   1.3152770e+03
   1.2622529e+03
   1.2358385e+03
   1.2342103e+03
   1.1809502e+03
   1.1218781e+03
   1.0644269e+03
   9.4254590e+02
   8.1484412e+02
   7.4037371e+02
   6.4951262e+02
   5.5421697e+02
   4.9761715e+02
   4.2299762e+02
   3.4782579e+02
   3.1539839e+02
   2.6861552e+02
   2.2002613e+02
   2.0405565e+02
   1.7665917e+02
   1.5074435e+02
   1.3693643e+02
   1.1073539e+02
   1.0021382e+02
   9.7712402e+01
   8.8263222e+01
   9.1390837e+01
   8.8380535e+01
   8.5806245e+01
   9.2732443e+01
   8.8568693e+01
   8.8621771e+01
   9.3926397e+01
   8.8804391e+01
   8.9558507e+01
   9.1920241e+01
   8.5674345e+01
   8.6191369e+01
   8.5878284e+01
   7.8808560e+01
   7.8632116e+01
   7.6370180e+01
   6.9318701e+01
   6.9323164e+01
   6.6171171e+01
   5.9024851e+01
   5.9541859e+01
   5.7987163e+01
   5.4187357e+01
   5.7376360e+01
   5.7184160e+01
   5.3523248e+01
   5.6491258e+01
   5.7008815e+01
   5.4431589e+01
   5.8360883e+01
   6.0103860e+01
   5.8394873e+01
   6.1487840e+01
   6.1472463e+01
   5.8781419e+01
   6.1361670e+01
   6.1189013e+01
   5.9509585e+01
   6.2301799e+01
   6.1058125e+01
   5.8320515e+01
   5.9093191e+01
   5.5546121e+01
   5.2077002e+01
   5.2762240e+01
   4.8890220e+01
   4.4353513e+01
   4.2353553e+01
   3.6071787e+01
   3.0067645e+01
   2.5712900e+01
   1.7326558e+01
   1.0855133e+01
   5.9966731e+00
   6.4973168e+00
   1.4805356e+01
   1.8753087e+01
   2.4470273e+01
   2.8620905e+01
   2.8073182e+01
   2.8437149e+01
   2.6698887e+01
   2.0647132e+01
   1.6720950e+01
   1.1151649e+01
   3.7950948e+00
   9.5561389e+00
   1.5201731e+01
   2.3426599e+01
   2.8382470e+01
   3.0243169e+01
   3.5230638e+01
   3.7713649e+01
   3.7590238e+01
   4.0598818e+01
   4.0984369e+01
   3.9826751e+01
   4.2292272e+01
   4.1875082e+01
   4.0465857e+01
   4.2519330e+01
   4.1447560e+01
   3.9993786e+01
   4.1309620e+01
   3.9325779e+01
   3.7840629e+01
   3.8905016e+01
   3.6859817e+01
   3.6000003e+01
   3.6763710e+01
   3.4299417e+01
   3.3470572e+01
   3.3767019e+01
   3.1057842e+01
   3.0263421e+01
   3.0263987e+01
   2.7613853e+01
   2.7119787e+01
   2.6987366e+01
   2.4352608e+01
   2.3956654e+01
   2.3933577e+01
   2.1593573e+01
   2.1397232e+01
   2.1285612e+01
   1.9098166e+01
   1.9400289e+01
   1.9822073e+01
   1.8057580e+01
   1.8663853e+01
   1.9155616e+01
   1.7354839e+01
   1.7835517e+01
   1.8287306e+01
   1.6577734e+01
   1.6934495e+01
   1.7031050e+01
   1.5170533e+01
   1.5552570e+01
   1.5471499e+01
   1.3556434e+01
   1.4043269e+01
   1.4069924e+01
   1.2220105e+01
   1.2626463e+01
   1.2500399e+01
   1.0647571e+01
   1.1089384e+01
   1.1404391e+01
   9.9309289e+00
   1.0413748e+01
   1.0897721e+01
   9.6367603e+00
   1.0336593e+01
   1.1389156e+01
   1.0679008e+01
   1.1753916e+01
   1.2972329e+01
   1.2243771e+01
   1.3474987e+01
   1.4937670e+01
   1.4480526e+01
   1.5956616e+01
   1.7454996e+01
   1.6933930e+01
   1.8168772e+01
   1.9194264e+01
   1.8393833e+01
   1.9501783e+01
   2.0468754e+01
   1.9834580e+01
   2.0630322e+01
   2.0531867e+01
   1.9042158e+01
   1.9463999e+01
   1.8856137e+01
   1.6169548e+01
   1.4746072e+01
   1.2672477e+01
   1.0032976e+01
   1.0198510e+01
   9.4128318e+00
   8.3554997e+00
   9.2719278e+00
   8.4273420e+00
   7.4877942e+00
   7.9492771e+00
   6.5176572e+00
   5.4325343e+00
   5.7430942e+00
   4.3408184e+00
   3.4767979e+00
   3.7308497e+00
   2.2319416e+00
   1.0567545e+00
   1.3298227e+00
   1.1946094e+00
   8.1166092e-01
   1.2637907e+00
   2.4393744e+00
   2.2525695e+00
   2.4929915e+00
   3.7303326e+00
   3.3778199e+00
   3.5965897e+00
   4.5508380e+00
   3.8905096e+00
   4.0831092e+00
   5.0909379e+00
   4.5250885e+00
   4.7914458e+00
   5.5002807e+00
   4.6008836e+00
   4.8436831e+00
   5.5356629e+00
   4.7277850e+00
   5.0623013e+00
   5.7581801e+00
   4.8598622e+00
   4.9903536e+00
   5.3947135e+00
   4.5135548e+00
   5.0662466e+00
   5.7128019e+00
   4.9801866e+00
   5.6028987e+00
   6.0395232e+00
   5.1331757e+00
   5.6671253e+00
   6.0970876e+00
   5.2752264e+00
   5.8007822e+00
   6.0531406e+00
   5.1319860e+00
   5.5958664e+00
   5.7041562e+00
   4.7789087e+00
   5.2816716e+00
   5.3226303e+00
   4.4463588e+00
   5.0238553e+00
   4.9192503e+00
   3.9271945e+00
   4.5090299e+00
   4.5325831e+00
   3.5901569e+00
   4.1786741e+00
   4.1485770e+00
   3.1033145e+00
   3.5295832e+00
   3.7390758e+00
   2.9321257e+00
   3.4048245e+00
   3.6332194e+00
   2.8083759e+00
   3.3609547e+00
   3.8562078e+00
   3.2907514e+00
   4.0366172e+00
   4.6265996e+00
   3.8901002e+00
   4.4382658e+00
   5.0837325e+00
   4.4823989e+00
   5.1621407e+00
   6.0584221e+00
   5.4747082e+00
   5.6252374e+00
   5.8428593e+00
   4.6737449e+00
   4.6003024e+00
   4.9608515e+00
   4.0509593e+00
   4.3079699e+00
   4.6340046e+00
   3.7308413e+00
   3.9762856e+00
   4.2153653e+00
   3.4148764e+00
   3.8843360e+00
   4.0784108e+00
   3.2369189e+00
   3.6732164e+00
   3.8881285e+00
   3.1615103e+00
   3.6343230e+00
   3.8683514e+00
   3.1371816e+00
   3.5980362e+00
   3.8003491e+00
   3.2102948e+00
   3.7550249e+00
   4.0152038e+00
   3.4355743e+00
   4.0346626e+00
   4.2232219e+00
   3.4934427e+00
   3.9587665e+00
   4.1716447e+00
   3.5116356e+00
   4.0247920e+00
   4.1656498e+00
   3.4314744e+00
   3.9902585e+00
   4.2077592e+00
   3.6213755e+00
   4.1767308e+00
   4.1833421e+00
   3.3892839e+00
   3.8348254e+00
   3.8081893e+00
   3.0965755e+00
   3.5714074e+00
   3.5409642e+00
   2.8264960e+00
   3.3186264e+00
   3.1990736e+00
   2.4541941e+00
   3.0132573e+00
   3.0852307e+00
   2.5115649e+00
   3.0627691e+00
   3.0296777e+00
   2.2069261e+00
   2.6652606e+00
   2.8391069e+00
   2.1108208e+00
   2.5160880e+00
   2.6196154e+00
   1.8930818e+00
   2.4129396e+00
   2.6790408e+00
   2.1705542e+00
   2.7657384e+00
   3.0046547e+00
   2.3141876e+00
   2.6591360e+00
   2.8059707e+00
   2.1761420e+00
   2.6393522e+00
   2.9468309e+00
   2.2688545e+00
   2.5112320e+00
   2.6603970e+00
   1.9973302e+00
   2.2958635e+00
   2.5564214e+00
   2.0446092e+00
   2.4364408e+00
   2.6019805e+00
   1.9487163e+00
   2.2470008e+00
   2.5091560e+00
   2.0166798e+00
   2.4969768e+00
   2.7783155e+00
   2.4310161e+00
   3.0097259e+00
   3.1899907e+00
   2.8368799e+00
   3.4472513e+00
   3.6082656e+00
   3.0928149e+00
   3.5552557e+00
   3.6324060e+00
   3.1682645e+00
   3.6036711e+00
   3.6403439e+00
   3.2398511e+00
   3.7450494e+00
   3.6273379e+00
   3.2095154e+00
   3.7065426e+00
   3.5137897e+00
   3.1109797e+00
   3.7304570e+00
   3.5999046e+00
   3.2042513e+00
   3.6218719e+00
   3.2852035e+00
   2.8724168e+00
   3.3227108e+00
   2.9646323e+00
   2.5853552e+00
   3.0451737e+00
   2.6055467e+00
   2.2633689e+00
   2.7404163e+00
   2.3245558e+00
   1.9944348e+00
   2.5291510e+00
   2.0977195e+00
   1.7852645e+00
   2.2516331e+00
   1.8505976e+00
   1.5992872e+00
   2.0897597e+00
   1.6662325e+00
   1.4719541e+00
   1.9600483e+00
   1.5407492e+00
   1.2788794e+00
   1.7985408e+00
   1.4835319e+00
   1.1969481e+00
   1.5929413e+00
   1.1990246e+00
   9.1546567e-01
   1.3465970e+00
   1.0321121e+00
   8.0911536e-01
   1.1850845e+00
   7.8785497e-01
   5.6030714e-01
   9.9128354e-01
   7.9422845e-01
   4.9782144e-01
   1.0067639e+00
   7.9272707e-01
   4.4102739e-01
   1.0196675e+00
   1.0932952e+00
   5.7717183e-01
   1.0920685e+00
   1.1502691e+00
   5.2234368e-01
   9.5807854e-01
   1.0435541e+00
   5.7619951e-01
   1.0654882e+00
   1.1802303e+00
   7.2360408e-01
   1.1673271e+00
   1.1009885e+00
   6.3982523e-01
   1.2061133e+00
   1.2152430e+00
   7.5678755e-01
   1.2222714e+00
   1.0597242e+00
   6.4270898e-01
   1.1772214e+00
   1.0546373e+00
   6.4745764e-01
   1.1546345e+00
   9.4940037e-01
   6.1494754e-01
   1.1201393e+00
   9.6115190e-01
   4.6501398e-01
   9.0404234e-01
   7.7850747e-01
   1.6546692e-01
   6.4939152e-01
   7.1069342e-01
   2.5559035e-01
   4.8830568e-01
   6.6936046e-01
   1.3196484e-01
   5.4241056e-01
   7.3276896e-01
   3.8601758e-01
   5.8052185e-01
   1.0181683e+00
   6.3200141e-01
   7.4997578e-01
   1.1215198e+00
   8.0239721e-01
   8.8603165e-01
   1.4337824e+00
   1.1091193e+00
   1.0499296e+00
   1.5238937e+00
   1.1333876e+00
   1.0869330e+00
   1.6171064e+00
   1.3242745e+00
   1.3796815e+00
   1.8546889e+00
   1.4719960e+00
   1.5548847e+00
   2.0706191e+00
   1.7259073e+00
   1.7644814e+00
   2.2871662e+00
   1.9037751e+00
   1.9508465e+00
   2.3631311e+00
   1.9733239e+00
   2.0975258e+00
   2.5593680e+00
   2.2078934e+00
   2.3312139e+00
   2.6519338e+00
   2.2941680e+00
   2.5424160e+00
   2.8626654e+00
   2.5291109e+00
   2.8064372e+00
   2.9956577e+00
   2.5409646e+00
   2.9075659e+00
   3.1213053e+00
   2.6284935e+00
   2.9984690e+00
   3.2438772e+00
   2.7477012e+00
   3.0229970e+00
   3.1234965e+00
   2.6086088e+00
   2.9503904e+00
   3.0793015e+00
   2.5547521e+00
   2.8152641e+00
   2.8899128e+00
   2.4919854e+00
   2.8287406e+00
   2.8428600e+00
   2.3975443e+00
   2.7332861e+00
   2.6856859e+00
   2.3177238e+00
   2.7092870e+00
   2.6256988e+00
   2.2554602e+00
   2.6954897e+00
   2.6247648e+00
   2.2320934e+00
   2.6241554e+00
   2.4750350e+00
   2.0789022e+00
   2.5078481e+00
   2.4558908e+00
   2.1117930e+00
   2.4607094e+00
   2.2921238e+00
   1.8822703e+00
   2.2091268e+00
   2.0921110e+00
   1.7495500e+00
   2.0858860e+00
   1.9609553e+00
   1.7105795e+00
   2.0113102e+00
   1.7710408e+00
   1.4906740e+00
   1.9594965e+00
   1.8223933e+00
   1.4647951e+00
   1.7820763e+00
   1.5696013e+00
   1.2104874e+00
   1.6181607e+00
   1.4589874e+00
   1.1004871e+00
   1.4860201e+00
   1.3330175e+00
   1.0719827e+00
   1.5536795e+00
   1.4987158e+00
   1.2056959e+00
   1.6395094e+00
   1.5160755e+00
   1.2184827e+00
   1.6008665e+00
   1.4780120e+00
   1.1381373e+00
   1.5344253e+00
   1.4400103e+00
   1.1779872e+00
   1.5049562e+00
   1.3412452e+00
   1.1239881e+00
   1.4575972e+00
   1.2969008e+00
   1.1766094e+00
   1.5101081e+00
   1.2537839e+00
   1.0821126e+00
   1.4091229e+00
   1.1677606e+00
   1.0320163e+00
   1.3557825e+00
   9.9831505e-01
   6.7956946e-01
   9.5428043e-01
   6.6777171e-01
   5.1042671e-01
   8.8346734e-01
   5.9039991e-01
   5.1578818e-01
   7.7323098e-01
   4.5162969e-01
   3.3716256e-01
   6.0861719e-01
   2.9571566e-01
   3.2705710e-01
   5.1959656e-01
   1.3836812e-01
   2.9017573e-01
   3.3584017e-01
   9.7296589e-02
   2.1946639e-01
   1.7565508e-01
   1.7982232e-01
   3.6347825e-01
   9.0342750e-02
   3.4776871e-01
   4.2014392e-01
   1.0732124e-01
   5.6086744e-01
   6.0680004e-01
   3.7921964e-01
   8.0157651e-01
   7.0346779e-01
   5.7557237e-01
   1.0126984e+00
   9.3494435e-01
   9.3159110e-01
   1.4004111e+00
   1.2720001e+00
   1.1645019e+00
   1.5466313e+00
   1.3425066e+00
   1.2518596e+00
   1.7101463e+00
   1.5465936e+00
   1.4836955e+00
   1.8887885e+00
   1.6713239e+00
   1.6063374e+00
   1.9555220e+00
   1.7391728e+00
   1.7652279e+00
   2.1459852e+00
   1.8600938e+00
   1.8240658e+00
   2.1221237e+00
   1.8418492e+00
   1.9146850e+00
   2.2414989e+00
   1.9887763e+00
   2.1637654e+00
   2.4381819e+00
   2.1110499e+00
   2.2694448e+00
   2.5185624e+00
   2.1710056e+00
   2.3502072e+00
   2.6087401e+00
   2.2465308e+00
   2.4076681e+00
   2.6268986e+00
   2.2452993e+00
   2.3753785e+00
   2.5702517e+00
   2.2417456e+00
   2.4475421e+00
   2.5857587e+00
   2.1908393e+00
   2.3770176e+00
   2.5062088e+00
   2.1053694e+00
   2.3076047e+00
   2.4166852e+00
   2.0465947e+00
   2.2789607e+00
   2.3919108e+00
   2.0448651e+00
   2.3104147e+00
   2.3576975e+00
   1.9334062e+00
   2.1626240e+00
   2.2290924e+00
   1.9020803e+00
   2.1944097e+00
   2.2151916e+00
   1.8130616e+00
   2.0293304e+00
   2.0136747e+00
   1.6997553e+00
   1.9973873e+00
   2.0239367e+00
   1.7349190e+00
   2.0328219e+00
   1.9947617e+00
   1.6972786e+00
   1.9649003e+00
   1.9167932e+00
   1.6374522e+00
   1.9405859e+00
   1.8712676e+00
   1.5818792e+00
   1.8942069e+00
   1.8379507e+00
   1.5535054e+00
   1.8676124e+00
   1.8532161e+00
   1.6734788e+00
   1.9519960e+00
   1.8083395e+00
   1.5896760e+00
   1.8853448e+00
   1.7334045e+00
   1.5478165e+00
   1.8871945e+00
   1.7044650e+00
   1.4795056e+00
   1.8223600e+00
   1.6831779e+00
   1.4325522e+00
   1.7436169e+00
   1.5540135e+00
   1.2744832e+00
   1.5238789e+00
   1.3536160e+00
   1.1407898e+00
   1.4509101e+00
   1.2992275e+00
   1.1201153e+00
   1.3732704e+00
   1.1211013e+00
   9.2521031e-01
   1.2183637e+00
   1.0368850e+00
   8.7124261e-01
   1.1409051e+00
   9.4205472e-01
   7.5967818e-01
   9.6861241e-01
   7.7080350e-01
   6.7365542e-01
   9.7480449e-01
   7.2509613e-01
   5.5368195e-01
   8.1313320e-01
   6.0210410e-01
   4.3965265e-01
   7.5526598e-01
   5.8946244e-01
   3.8703607e-01
   6.1613284e-01
   4.4271290e-01
   2.7262087e-01
   4.9602342e-01
   3.2280454e-01
   1.9775643e-01
   3.5963996e-01
   1.0006826e-01
   2.4745123e-01
   3.0826684e-01
   1.0222607e-01
   2.9514512e-01
   2.7389709e-01
   1.2939621e-01
   2.7266033e-01
   7.8331198e-02
   2.9805869e-01
   3.0721876e-01
   3.6520480e-02
   3.8314471e-01
   4.4055124e-01
   2.0814810e-01
   5.2763956e-01
   4.8095332e-01
   2.3499650e-01
   5.5708503e-01
   5.3880015e-01
   3.6075737e-01
   7.1228249e-01
   6.4493294e-01
   6.3615459e-01
   9.7910846e-01
   8.0737655e-01
   7.4845109e-01
   1.0524600e+00
   9.2225824e-01
   9.2717967e-01
   1.1881780e+00
   8.8832348e-01
   8.5066312e-01
   1.1788797e+00
   1.0117923e+00
   1.0911130e+00
   1.4372583e+00
   1.2505571e+00
   1.3036852e+00
   1.5238005e+00
   1.2543101e+00
   1.3650161e+00
   1.6215624e+00
   1.3191452e+00
   1.3896939e+00
   1.6748308e+00
   1.4152281e+00
   1.5030038e+00
   1.7313428e+00
   1.5045936e+00
   1.6105049e+00
   1.7570433e+00
   1.4872160e+00
   1.6809655e+00
   1.8481489e+00
   1.5308127e+00
   1.6263945e+00
   1.7265286e+00
   1.4274640e+00
   1.6237475e+00
   1.7316479e+00
   1.4739748e+00
   1.7282249e+00
   1.8342531e+00
   1.5088064e+00
   1.7482881e+00
   1.8693954e+00
   1.5419923e+00
   1.6663097e+00
   1.7056773e+00
   1.4215378e+00
   1.6470460e+00
   1.6839950e+00
   1.3466227e+00
   1.5402029e+00
   1.5976496e+00
   1.3300689e+00
   1.5380017e+00
   1.5591169e+00
   1.2927195e+00
   1.4781908e+00
   1.4178144e+00
   1.1431094e+00
   1.3859075e+00
   1.3625419e+00
   1.1553981e+00
   1.4604544e+00
   1.3796613e+00
   1.1472173e+00
   1.4567464e+00
   1.4253502e+00
   1.2232114e+00
   1.5099602e+00
   1.4176535e+00
   1.1886208e+00
   1.4632270e+00
   1.3673806e+00
   1.1876761e+00
   1.5137664e+00
   1.4535649e+00
   1.2865967e+00
   1.5416122e+00
   1.3807630e+00
   1.2612937e+00
   1.6109928e+00
   1.5016210e+00
   1.2802628e+00
   1.5720100e+00
   1.4792196e+00
   1.2871534e+00
   1.4685076e+00
   1.3427106e+00
   1.2705172e+00
   1.4883271e+00
   1.2816498e+00
   1.1757440e+00
   1.3870963e+00
   1.1855314e+00
   1.1308438e+00
   1.3764037e+00
   1.1417568e+00
   1.0609713e+00
   1.2918475e+00
   1.0081510e+00
   8.8402255e-01
   1.1409304e+00
   9.8864516e-01
   9.7684447e-01
   1.2833928e+00
   1.0625260e+00
   9.3801711e-01
   1.1755103e+00
   9.6715644e-01
   8.2373861e-01
   1.0548936e+00
   8.6486079e-01
   7.6582515e-01
   9.9375315e-01
   8.0099701e-01
   7.0322886e-01
   9.1460599e-01
   7.1057350e-01
   6.4615933e-01
   8.7579514e-01
   6.7264401e-01
   6.0217296e-01
   7.4590525e-01
   5.0745711e-01
   5.2162828e-01
   6.8047285e-01
   3.8936235e-01
   4.5185689e-01
   5.9529726e-01
   3.0512440e-01
   2.9853739e-01
   4.3522134e-01
   1.8805131e-01
   3.0447185e-01
   3.0981707e-01
   8.1079005e-02
   1.8544701e-01
   1.4214989e-01
   1.0015968e-01
   2.2642537e-01
   3.6586149e-02
   2.9991222e-01
   3.1332500e-01
   1.2800574e-01
   4.2238890e-01
   3.7527423e-01
   2.3872432e-01
   5.1864401e-01
   4.5664438e-01
   3.8462990e-01
   6.9970827e-01
   6.0135422e-01
   5.1637382e-01
   7.9627409e-01
   7.0029406e-01
   6.5190355e-01
   9.1793492e-01
   7.5931450e-01
   7.0988932e-01
   9.4787291e-01
   7.8544060e-01
   7.9397283e-01
   1.0631963e+00
   8.9259207e-01
   8.9057180e-01
   1.1170922e+00
   8.8164792e-01
   8.8201503e-01
   1.1618359e+00
   9.9300026e-01
   1.0399695e+00
   1.2559022e+00
   1.0512725e+00
   1.0990717e+00
   1.2957604e+00
   1.1114053e+00
   1.1918336e+00
   1.3322757e+00
   1.1072640e+00
   1.1942578e+00
   1.2780596e+00
   1.0317554e+00
   1.2323112e+00
   1.4013571e+00
   1.1421389e+00
   1.2792334e+00
   1.3790520e+00
   1.1283851e+00
   1.2484747e+00
   1.3480466e+00
   1.1842111e+00
   1.3924726e+00
   1.4530638e+00
   1.1998916e+00
   1.3459210e+00
   1.4044949e+00
   1.2196487e+00
   1.3771100e+00
   1.3720552e+00
   1.1498502e+00
   1.3255463e+00
   1.2971058e+00
   1.1062878e+00
   1.3717810e+00
   1.4044889e+00
   1.2465308e+00
   1.5081316e+00
   1.4550469e+00
   1.1985412e+00
   1.4405810e+00
   1.4520305e+00
   1.2276853e+00
   1.4365987e+00
   1.4115267e+00
   1.2028917e+00
   1.4163392e+00
   1.3637484e+00
   1.1660136e+00
   1.4259731e+00
   1.4226493e+00
   1.2314387e+00
   1.4455493e+00
   1.3901339e+00
   1.2140411e+00
   1.4486003e+00
   1.3661864e+00
   1.0958854e+00
   1.2741499e+00
   1.2168853e+00
   1.0550854e+00
   1.2465015e+00
   1.1827864e+00
   1.1019900e+00
   1.3175994e+00
   1.1565635e+00
   9.5522388e-01
   1.1852569e+00
   1.0842109e+00
   8.8311972e-01
   1.0419722e+00
   9.0420371e-01
   7.8121367e-01
   9.4640076e-01
   7.9846038e-01
   7.5114142e-01
   9.8410137e-01
   8.5710043e-01
   7.4115395e-01
   8.9974214e-01
   7.1381379e-01
   6.2191594e-01
   8.0811946e-01
   6.3283159e-01
   5.5588726e-01
   7.7111460e-01
   5.9152663e-01
   4.9894114e-01
   6.1950709e-01
   4.7298613e-01
   5.5438633e-01
   6.8436670e-01
   4.5601635e-01
   5.4280886e-01
   6.3005466e-01
   3.6871746e-01
   4.7097962e-01
   5.5772047e-01
   3.0933698e-01
   4.5322993e-01
   5.3569532e-01
   2.7924980e-01
   4.3223127e-01
   4.3171193e-01
   1.8214612e-01
   3.4593696e-01
   3.2582291e-01
   8.6064767e-02
   1.7685586e-01
   8.1274076e-02
   1.5442020e-01
   1.4024270e-01
   1.2783708e-01
   2.5142320e-01
   1.7259023e-01
   1.8016059e-01
   3.9497725e-01
   2.4858748e-01
   2.8693226e-01
   4.8178028e-01
   3.3579563e-01
   4.2478049e-01
   6.4478342e-01
   4.6551599e-01
   5.7681682e-01
   7.8712850e-01
   5.3513283e-01
   5.4366718e-01
   8.1945656e-01
   6.8175539e-01
   6.5287224e-01
   8.8967428e-01
   7.1289781e-01
   6.8792003e-01
   8.9359061e-01
   7.5006536e-01
   7.3229689e-01
   9.0571091e-01
   7.2788314e-01
   7.4573083e-01
   9.5047378e-01
   7.5606195e-01
   6.7367284e-01
   8.7118303e-01
   7.5489547e-01
   8.1226077e-01
   9.6380081e-01
   7.9984091e-01
   8.7107142e-01
   1.0370161e+00
   8.4971071e-01
   9.4317248e-01
   1.1350190e+00
   8.7447206e-01
   8.6294531e-01
   1.0388855e+00
   8.7674521e-01
   9.6775731e-01
   1.1406459e+00
   9.1650273e-01
   1.0250791e+00
   1.2032599e+00
   9.7016501e-01
   1.0181207e+00
   1.1962916e+00
   1.0044627e+00
   1.0097365e+00
   1.1101706e+00
   8.8833187e-01
   9.6384280e-01
   1.1012969e+00
   9.0588895e-01
   9.8911588e-01
   1.0926980e+00
   9.0934782e-01
   1.0484907e+00
   1.1594564e+00
   9.8074975e-01
   1.1121051e+00
   1.1736895e+00
   9.5366249e-01
   1.0732537e+00
   1.1138531e+00
   9.2785963e-01
   1.0728127e+00
   1.1106197e+00
   9.1995087e-01
   1.0974456e+00
   1.0839964e+00
   9.1723782e-01
   1.1534374e+00
   1.1168227e+00
   8.5794974e-01
   1.1170819e+00
   1.1337765e+00
   8.4621052e-01
   9.7810423e-01
   9.6537509e-01
   7.4345911e-01
   9.3750700e-01
   9.3455541e-01
   7.2247994e-01
   9.0755379e-01
   8.5228380e-01
   6.4120250e-01
   8.2215009e-01
   7.8826520e-01
   5.9564518e-01
   7.8543630e-01
   7.4580294e-01
   5.5746780e-01
   7.3558511e-01
   7.0540520e-01
   5.2559313e-01
   7.2436784e-01
   6.9753811e-01
   5.2336225e-01
   6.8283545e-01
   6.6003378e-01
   5.3839442e-01
   7.4511930e-01
   6.8928526e-01
   5.1504617e-01
   6.9228087e-01
   6.3712569e-01
   5.3445854e-01
   7.1278010e-01
   6.4182772e-01
   5.8858050e-01
   8.0182460e-01
   6.5949853e-01
   5.6208480e-01
   7.7583470e-01
   6.4816111e-01
   5.8527793e-01
   8.0522991e-01
   6.3885897e-01
   5.9503601e-01
   7.7423121e-01
   6.2583918e-01
   6.3038775e-01
   8.2844018e-01
   6.1234731e-01
   5.3397621e-01
   7.1677390e-01
   4.8535437e-01
   3.9057068e-01
   5.7099297e-01
   4.2314162e-01
   3.8432498e-01
   5.2044743e-01
   3.3525433e-01
   3.3263235e-01
   3.7606299e-01
   1.7960765e-01
   2.7896311e-01
   3.3964135e-01
   1.3992904e-01
   2.7001904e-01
   2.4295155e-01
   6.6800677e-02
   1.2914966e-01
   1.2803526e-01
   1.1069433e-01
   1.8303763e-01
   6.9722701e-02
   1.6786474e-01
   2.1655986e-01
   1.2455437e-01
   2.6118441e-01
   2.2760911e-01
   1.4225024e-01
   3.6425751e-01
   3.1230766e-01
   3.0788512e-01
   5.3476849e-01
   3.9350928e-01
   3.3843941e-01
   5.0654348e-01
   4.0401832e-01
   4.1761450e-01
   6.2631194e-01
   5.0386793e-01
   5.3707641e-01
   6.8645669e-01
   4.7658201e-01
   4.6073949e-01
   6.7851446e-01
   5.3838070e-01
   5.5293690e-01
   7.1194986e-01
   5.5154012e-01
   5.7721895e-01
   6.8052667e-01
   5.1780372e-01
   6.0741477e-01
   7.1433454e-01
   4.8631325e-01
   5.5373324e-01
   6.6918379e-01
   5.3831832e-01
   6.6843619e-01
   7.3301767e-01
   5.4560676e-01
   6.9308262e-01
   7.8080224e-01
   6.4109371e-01
   7.9427114e-01
   8.4916166e-01
   6.5132573e-01
   7.5993134e-01
   7.6137533e-01
   5.4755429e-01
   6.8315094e-01
   7.3554931e-01
   5.5240998e-01
   6.8146216e-01
   7.1515787e-01
   5.5774293e-01
   7.4408217e-01
   7.6492910e-01
   5.8945124e-01
   7.5690855e-01
   7.9735418e-01
   6.4539937e-01
   8.1402527e-01
   7.9414904e-01
   6.0837022e-01
   8.0807005e-01
   8.3711317e-01
   6.2692178e-01
   7.6161690e-01
   7.9598920e-01
   6.5620810e-01
   8.7476258e-01
   9.1493615e-01
   7.3189832e-01
   9.3669375e-01
   9.6810414e-01
   7.7051201e-01
   9.2575344e-01
   9.5721669e-01
   8.1009676e-01
   9.8516131e-01
   9.7697035e-01
   7.8487840e-01
   9.7392002e-01
   9.6499925e-01
   7.9267489e-01
   9.6803272e-01
   9.4572103e-01
   7.9397599e-01
   9.7479658e-01
   9.1683533e-01
   7.8643240e-01
   1.0143532e+00
   9.4538290e-01
   7.6935749e-01
   9.8004476e-01
   8.9872276e-01
   7.2392859e-01
   8.9146376e-01
   8.2099972e-01
   7.1464827e-01
   9.2376799e-01
   8.4146682e-01
   6.9260151e-01
   8.2483828e-01
   7.0948543e-01
   5.8564400e-01
   7.6963991e-01
   7.0339889e-01
   5.6804409e-01
   7.1843912e-01
   6.1220684e-01
   5.0258523e-01
   7.0547210e-01
   6.3326727e-01
   5.0499228e-01
   6.9137681e-01
   6.1639333e-01
   5.1338784e-01
   6.8248975e-01
   6.3444045e-01
   5.6631455e-01
   7.1835598e-01
   6.4022124e-01
   5.9234048e-01
   7.4755203e-01
   6.5253549e-01
   5.8720491e-01
   7.3739706e-01
   6.1190306e-01
   5.3274297e-01
   6.6740875e-01
   5.1760887e-01
   4.5606190e-01
   5.7642096e-01
   4.6306922e-01
   4.8770553e-01
   5.5156627e-01
   3.3878537e-01
   4.0575288e-01
   4.8744174e-01
   2.8520621e-01
   3.0352913e-01
   4.3085808e-01
   2.3156573e-01
   2.6169495e-01
   3.2227339e-01
   1.0346950e-01
   2.1122837e-01
   2.8147305e-01
   1.0397201e-01
   1.6358038e-01
   2.1568442e-01
   7.3390756e-02
   1.0669322e-01
   2.4548725e-01
   1.9889453e-01
   4.6897024e-02
   1.9620042e-01
   1.6220199e-01
   3.3931882e-02
   1.6505495e-01
   2.2959682e-01
   5.6771462e-02
   1.9922141e-01
   2.5288703e-01
   1.1207101e-01
   1.6640895e-01
   3.0284432e-01
   1.6684351e-01
   1.8242072e-01
   3.0564724e-01
   2.0478071e-01
   2.5085248e-01
   4.1723716e-01
   3.3983105e-01
   4.7709055e-01
   6.1710698e-01
   4.3449952e-01
   5.2241916e-01
   7.3740270e-01
   6.1919825e-01
   6.9322861e-01
   9.0370448e-01
   7.6527837e-01
   8.6316375e-01
   1.0318641e+00
   9.1355653e-01
   1.0822956e+00
   1.2880367e+00
   1.1891158e+00
   1.3485412e+00
   1.5236626e+00
   1.3781318e+00
   1.4279465e+00
   1.5327342e+00
   1.4086146e+00
   1.5111884e+00
   1.5761077e+00
   1.3636710e+00
   1.4376148e+00
   1.5116146e+00
   1.3200581e+00
   1.3993693e+00
   1.4265481e+00
   1.2118260e+00
   1.3136976e+00
   1.3629451e+00
   1.1704594e+00
   1.2627332e+00
   1.2904057e+00
   1.0208751e+00
   9.9555291e-01
   9.6504231e-01
   7.4566154e-01
   7.7808820e-01
   7.5364208e-01
   5.9614822e-01
   7.1618157e-01
   6.7534707e-01
   5.4071188e-01
   7.2247088e-01
   7.1221879e-01
   5.4791935e-01
   6.7939042e-01
   6.5456224e-01
   5.3358977e-01
   6.6821528e-01
   6.1444345e-01
   4.7961257e-01
   6.1915337e-01
   5.7771564e-01
   4.5177273e-01
   5.8315911e-01
   5.2111250e-01
   4.8137172e-01
   6.5710330e-01
   5.7742969e-01
   4.6849031e-01
   6.3761850e-01
   5.1897824e-01
   3.8649356e-01
   5.8698970e-01
   5.2779816e-01
   3.3470304e-01
   5.1589215e-01
   4.8542752e-01
   3.1869127e-01
   4.8386581e-01
   4.6858097e-01
   3.6967293e-01
   5.2212048e-01
   4.3945627e-01
   3.5811710e-01
   5.2013878e-01
   4.1431110e-01
   3.0579394e-01
   4.8781565e-01
   4.4539969e-01
   3.2260411e-01
   5.0600452e-01
   3.9454771e-01
   2.4027229e-01
   4.0525336e-01
   3.5579919e-01
   2.7025841e-01
   4.1140432e-01
   3.0941101e-01
   2.4793983e-01
   3.6951391e-01
   2.3713239e-01
   1.6792694e-01
   2.9387040e-01
   2.1226208e-01
   2.8087370e-02
   1.2078564e-01
   2.2860282e-01
   2.6034128e-01
   2.5727496e-01
   4.1678483e-01
   4.4451153e-01
   3.8599920e-01
   5.4017496e-01
   5.9074549e-01
   4.9581062e-01
   6.6648501e-01
   6.8228088e-01
   5.7496632e-01
   6.8207545e-01
   6.7782670e-01
   6.3417522e-01
   8.1981238e-01
   7.9848637e-01
   6.8661051e-01
   8.1247897e-01
   7.7348835e-01
   6.6264482e-01
   7.2641513e-01
   6.3468836e-01
   4.9900917e-01
   5.0453366e-01
   3.3329907e-01
   3.1523714e-01
   4.1042801e-01
   2.3883564e-01
   3.0097981e-01
   4.1729798e-01
   2.3388328e-01
   3.3827447e-01
   4.0282745e-01
   2.2263095e-01
   3.5335973e-01
   4.1186406e-01
   2.2714846e-01
   3.7290395e-01
   4.0516232e-01
   2.0193071e-01
   2.9391928e-01
   3.5011694e-01
   2.0156580e-01
   3.0507244e-01
   3.5538748e-01
   1.9473398e-01
   2.5753710e-01
   3.3811996e-01
   2.0803550e-01
   2.6973997e-01
   3.6465368e-01
   2.3819194e-01
   2.8229958e-01
   3.6494958e-01
   2.5620488e-01
   3.0163556e-01
   4.2795594e-01
   2.8658480e-01
   3.4214735e-01
   4.1879716e-01
   2.6844100e-01
   3.5350724e-01
   4.6111732e-01
   3.5406743e-01
   4.2874791e-01
   4.5134342e-01
   2.4661516e-01
   3.5740374e-01
   4.2115894e-01
   2.6606038e-01
   3.8730525e-01
   4.3155414e-01
   2.9442932e-01
   4.3504363e-01
   4.3726171e-01
   2.8939220e-01
   4.4491831e-01
   4.6320192e-01
   3.6995970e-01
   5.1272976e-01
   4.5149841e-01
   3.0604069e-01
   4.4426170e-01
   4.2805243e-01
   3.4294535e-01
   5.1061262e-01
   4.5444757e-01
   3.4456392e-01
   5.1360065e-01
   4.5949264e-01
   3.2189035e-01
   5.0790720e-01
   4.8730802e-01
   3.4053650e-01
   5.3238020e-01
   5.2396106e-01
   3.9940997e-01
   5.3331830e-01
   5.1864699e-01
   4.3628502e-01
   5.5599289e-01
   4.9384211e-01
   4.0338162e-01
   5.3921565e-01
   4.7418255e-01
   3.9485238e-01
   5.3658547e-01
   4.0334952e-01
   2.8247098e-01
   4.5551625e-01
   3.6937740e-01
   2.6931065e-01
   4.4593086e-01
   3.9916299e-01
   3.0324300e-01
   4.5406342e-01
   3.8096826e-01
   3.1776594e-01
   4.6969299e-01
   3.7835432e-01
   2.1682487e-01
   3.5047916e-01
   3.3996544e-01
   2.1867194e-01
   3.4895976e-01
   3.2664312e-01
   2.7267006e-01
   4.0903004e-01
   3.3008919e-01
   1.8829633e-01
   3.3216335e-01
   3.2523231e-01
   1.7096135e-01
   2.3313408e-01
   1.8762939e-01
   7.8843634e-02
   1.6801913e-01
   1.5543934e-01
   9.7280326e-02
   2.1860681e-01
   1.5861990e-01
   1.1687085e-01
   1.6723312e-01
   9.4072601e-02
   5.3387846e-02
   1.9340608e-01
   1.4596716e-01
   9.1094071e-02
   1.8505473e-01
   8.8818938e-02
   1.3220694e-01
   1.4188805e-01
   9.4344347e-02
   9.8298244e-02
   1.7266257e-01
   7.6075699e-02
   7.1020817e-02
   1.0562393e-01
   1.4209647e-01
   7.2367707e-02
   8.9418205e-02
   1.0372469e-01
   2.4999717e-02
   1.2337222e-01
   1.9068557e-01
   1.3264537e-01
   1.5803677e-01
   2.7484688e-01
   1.6408904e-01
   2.1042180e-01
   2.7195650e-01
   1.3587690e-01
   2.1249037e-01
   2.6397293e-01
   1.2666978e-01
   2.1649338e-01
   3.4381065e-01
   2.3086992e-01
   2.3376460e-01
   3.7292090e-01
   2.3960629e-01
   2.4089008e-01
   3.3506864e-01
   2.4207287e-01
   2.6609966e-01
   3.1916423e-01
   1.8149522e-01
   3.3302937e-01
   4.1680241e-01
   2.3166704e-01
   2.6427775e-01
   3.7848389e-01
   2.3317741e-01
   2.7893334e-01
   3.9193194e-01
   2.4420446e-01
   2.7845687e-01
   3.4359513e-01
   1.9446812e-01
   3.2399570e-01
   3.8394870e-01
   2.7443423e-01
   3.8840865e-01
   3.9336341e-01
   2.4120929e-01
   3.7674310e-01
   4.5302927e-01
   3.1460194e-01
   4.0285976e-01
   4.0292693e-01
   2.5248016e-01
   3.3792808e-01
   3.5398906e-01
   2.8443594e-01
   4.3004543e-01
   4.3167419e-01
   3.1546525e-01
   4.6655751e-01
   4.5006557e-01
   3.1773527e-01
   4.3337706e-01
   4.1017383e-01
   3.0267936e-01
   4.9764602e-01
   4.9131239e-01
   2.9448586e-01
   4.2814819e-01
   4.6140656e-01
   3.5085570e-01
   4.6658643e-01
   4.3525685e-01
   3.4478239e-01
   5.0749167e-01
   4.9064569e-01
   3.6321465e-01
   4.8610437e-01
   4.4590456e-01
   3.3235255e-01
   4.4407090e-01
   3.8904315e-01
   2.9741917e-01
   4.3964286e-01
   3.7516761e-01
   2.9866304e-01
   3.9752093e-01
   2.7185409e-01
   2.1339145e-01
   3.2602812e-01
   2.2952439e-01
   2.2005672e-01
   3.4581335e-01
   2.1897703e-01
   2.5602628e-01
   3.4813539e-01
   1.9856602e-01
   2.0466386e-01
   3.0278379e-01
   1.8240858e-01
   2.6535458e-01
   3.3665215e-01
   1.7324991e-01
   2.0057431e-01
   2.9825117e-01
   2.0105944e-01
   2.6723453e-01
   3.2800049e-01
   1.9562981e-01
   2.1931987e-01
   3.5218550e-01
   2.8632003e-01
   2.5593436e-01
   3.8495767e-01
   2.8410221e-01
   2.0511245e-01
   3.5705831e-01
   3.1144672e-01
   2.2907318e-01
   3.2974132e-01
   2.4901178e-01
   1.8687532e-01
   3.2752803e-01
   2.8487464e-01
   2.2010582e-01
   3.7306921e-01
   3.1683313e-01
   2.6207369e-01
   3.7188553e-01
   2.6502254e-01
   1.8910586e-01
   3.4341879e-01
   2.8088842e-01
   1.9684501e-01
   3.5300363e-01
   2.9104369e-01
   2.4343602e-01
   3.7001485e-01
   2.6765864e-01
   2.1637879e-01
   3.5280861e-01
   2.5068889e-01
   1.5107518e-01
   3.0896481e-01
   2.8881021e-01
   1.6043210e-01
   2.7194374e-01
   2.1762321e-01
   8.4418041e-02
   2.1113796e-01
   1.7959756e-01
   7.1742533e-02
   2.5405280e-01
   2.6827114e-01
   8.3699084e-02
   1.7510485e-01
   2.6436915e-01
   1.5587712e-01
   1.8722816e-01
   2.9335586e-01
   1.7635553e-01
   1.7233048e-01
   2.5113769e-01
   1.6869744e-01
   2.1898929e-01
   3.1773020e-01
   2.2233072e-01
   2.4706789e-01
   2.9969500e-01
   1.8681102e-01
   3.0849191e-01
   3.5095871e-01
   2.0044374e-01
   3.0642460e-01
   3.0080464e-01
   2.2071165e-01
   3.8785248e-01
   3.6474925e-01
   2.9747153e-01
   4.5198861e-01
   4.1176716e-01
   2.9176517e-01
   4.3170140e-01
   4.0295917e-01
   3.2325060e-01
   4.3577836e-01
   3.9353754e-01
   3.5548504e-01
   4.4619450e-01
   3.7178957e-01
   3.5553006e-01
   4.6858422e-01
   4.0867683e-01
   4.1324525e-01
   5.2851118e-01
   4.2421139e-01
   3.5142011e-01
   4.1978036e-01
   2.9753596e-01
   2.5587497e-01
   4.0945671e-01
   3.3107961e-01
   2.2458691e-01
   3.8233339e-01
   3.4562783e-01
   2.2832045e-01
   3.6481885e-01
   3.2519917e-01
   2.0521855e-01
   3.5896801e-01
   3.3171201e-01
   1.8866038e-01
   3.0976882e-01
   3.0290462e-01
   1.8261868e-01
   3.2251829e-01
   3.5631280e-01
   2.6952133e-01
   3.4948155e-01
   3.5568954e-01
   2.7745474e-01
   3.7223377e-01
   3.3983704e-01
   1.9811768e-01
   3.6731484e-01
   4.2909886e-01
   3.3131272e-01
   4.1691879e-01
   4.1100122e-01
   3.2493589e-01
   4.0770168e-01
   3.8647949e-01
   2.8819138e-01
   4.2092810e-01
   4.4423750e-01
   3.5687815e-01
   4.5666494e-01
   4.3749932e-01
   3.3097632e-01
   4.0502362e-01
   3.7530552e-01
   3.1335258e-01
   4.2519630e-01
   3.6894523e-01
   2.7121394e-01
   4.0598350e-01
   3.8319425e-01
   3.1406900e-01
   4.6019542e-01
   3.9301271e-01
   2.7560974e-01
   4.3467428e-01
   3.9416865e-01
   2.7921581e-01
   4.3002236e-01
   3.6597060e-01
   2.7745358e-01
   4.6062039e-01
   4.0506957e-01
   2.9172415e-01
   4.3480721e-01
   4.0757388e-01
   3.2510891e-01
   4.4981710e-01
   3.9361876e-01
   2.9454169e-01
   3.8829911e-01
   3.2651882e-01
   2.9257478e-01
   4.1454090e-01
   3.1457064e-01
   2.7964280e-01
   4.1928512e-01
   3.3337304e-01
   2.8263949e-01
   4.2969811e-01
   3.5515235e-01
   2.7499262e-01
   3.6895176e-01
   2.6448798e-01
   2.0903515e-01
   3.5379793e-01
   2.8357788e-01
   2.2829868e-01
   3.1983624e-01
   2.2360467e-01
   1.7988760e-01
   2.8409603e-01
   2.0137354e-01
   1.2309599e-01
   2.3153803e-01
   1.7644827e-01
   7.6455378e-02
   2.0985130e-01
   1.9607240e-01
   7.9139335e-02
   1.8790885e-01
   1.2424405e-01
   5.2604575e-02
   1.4962660e-01
   1.4939656e-01
   3.7136797e-02
   1.6189968e-01
   1.6283426e-01
   4.3218994e-02
   1.5930935e-01
   1.7206191e-01
   4.8984356e-02
