   1.8104254e+01
   3.1230653e+01
   3.5364527e+01
   3.4642061e+01
   3.5894182e+01
   3.7279281e+01
   3.5942612e+01
   3.6912176e+01
   3.7445722e+01
   3.6557878e+01
   3.8090604e+01
   3.8486060e+01
   3.7379398e+01
   3.8935247e+01
   3.8668352e+01
   3.4871268e+01
   3.4193342e+01
   3.3735954e+01
   3.3481773e+01
   3.5946913e+01
   3.6231698e+01
   4.0538247e+01
   4.3691043e+01
   4.4802867e+01
   4.6374092e+01
   4.7968406e+01
   4.9410225e+01
   5.1072487e+01
   5.2060377e+01
   5.3339966e+01
   5.5610627e+01
   5.7397042e+01
   5.8860985e+01
   6.0507038e+01
   6.1678246e+01
   6.2185090e+01
   6.2510013e+01
   6.2687787e+01
   6.2566339e+01
   6.2484965e+01
   6.2540257e+01
   6.2556944e+01
   6.2587849e+01
   6.2453878e+01
   6.2212829e+01
   6.2321143e+01
   6.2380345e+01
   6.2022927e+01
   6.1839234e+01
   6.1827783e+01
   6.1444632e+01
   6.0998913e+01
   6.0542317e+01
   5.9486050e+01
   5.8221491e+01
   5.7389020e+01
   5.6251752e+01
   5.4873596e+01
   5.3937907e+01
   5.2526758e+01
   5.0827236e+01
   4.9977189e+01
   4.8582622e+01
   4.6849485e+01
   4.6194972e+01
   4.4942724e+01
   4.3564821e+01
   4.2730380e+01
   4.0885729e+01
   4.0018552e+01
   3.9798994e+01
   3.8915595e+01
   3.9218053e+01
   3.8927133e+01
   3.8670378e+01
   3.9344634e+01
   3.8945605e+01
   3.8950808e+01
   3.9455753e+01
   3.8968689e+01
   3.9042137e+01
   3.9268223e+01
   3.8657016e+01
   3.8709276e+01
   3.8677667e+01
   3.7931468e+01
   3.7911999e+01
   3.7658476e+01
   3.6817008e+01
   3.6817568e+01
   3.6413376e+01
   3.5420698e+01
   3.5496448e+01
   3.5266637e+01
   3.4677959e+01
   3.5174660e+01
   3.5145515e+01
   3.4570849e+01
   3.5039625e+01
   3.5118840e+01
   3.4717020e+01
   3.5322437e+01
   3.5578047e+01
   3.5327494e+01
   3.5775785e+01
   3.5773612e+01
   3.5384801e+01
   3.5757943e+01
   3.5733469e+01
   3.5491738e+01
   3.5890012e+01
   3.5714869e+01
   3.5316427e+01
   3.5430749e+01
   3.4893075e+01
   3.4332919e+01
   3.4446464e+01
   3.3784440e+01
   3.2938560e+01
   3.2537797e+01
   3.1143353e+01
   2.9561988e+01
   2.8203021e+01
   2.4774246e+01
   2.0712703e+01
   1.5558208e+01
   1.6254681e+01
   2.3408377e+01
   2.5461455e+01
   2.7772776e+01
   2.9133667e+01
   2.8965833e+01
   2.9077721e+01
   2.8529863e+01
   2.6297195e+01
   2.4465219e+01
   2.0946782e+01
   1.1584453e+01
   1.9605649e+01
   2.3637861e+01
   2.7394185e+01
   2.9061004e+01
   2.9612546e+01
   3.0938410e+01
   3.1529971e+01
   3.1501501e+01
   3.2170268e+01
   3.2252365e+01
   3.2003498e+01
   3.2525220e+01
   3.2439114e+01
   3.2141775e+01
   3.2571728e+01
   3.2349979e+01
   3.2039850e+01
   3.2321024e+01
   3.1893547e+01
   3.1559167e+01
   3.1800112e+01
   3.1331064e+01
   3.1126051e+01
   3.1308387e+01
   3.0705735e+01
   3.0493263e+01
   3.0569854e+01
   2.9843426e+01
   2.9618360e+01
   2.9618523e+01
   2.8822540e+01
   2.8665725e+01
   2.8623210e+01
   2.7730910e+01
   2.7588523e+01
   2.7580152e+01
   2.6686490e+01
   2.6607152e+01
   2.6561723e+01
   2.5619833e+01
   2.5756164e+01
   2.5942981e+01
   2.5133191e+01
   2.5420026e+01
   2.5645923e+01
   2.4788412e+01
   2.5025714e+01
   2.5242995e+01
   2.4390503e+01
   2.4575445e+01
   2.4624828e+01
   2.3620017e+01
   2.3836043e+01
   2.3790648e+01
   2.2642909e+01
   2.2949364e+01
   2.2965835e+01
   2.1741498e+01
   2.2025634e+01
   2.1938478e+01
   2.0545011e+01
   2.0898148e+01
   2.1141442e+01
   1.9939797e+01
   2.0352141e+01
   2.0746713e+01
   1.9678621e+01
   2.0287549e+01
   2.1129831e+01
   2.0570618e+01
   2.1403651e+01
   2.2260359e+01
   2.1758304e+01
   2.2590567e+01
   2.3485657e+01
   2.3215687e+01
   2.4058816e+01
   2.4838395e+01
   2.4575155e+01
   2.5186512e+01
   2.5663429e+01
   2.5293445e+01
   2.5801486e+01
   2.6221828e+01
   2.5948460e+01
   2.6290120e+01
   2.6248569e+01
   2.5594323e+01
   2.5784641e+01
   2.5509054e+01
   2.4173958e+01
   2.3373527e+01
   2.2057230e+01
   2.0028596e+01
   2.0170735e+01
   1.9474406e+01
   1.8439449e+01
   1.9343401e+01
   1.8513812e+01
   1.7487078e+01
   1.8006553e+01
   1.6281830e+01
   1.4700049e+01
   1.5182919e+01
   1.2751432e+01
   1.0823589e+01
   1.1436155e+01
   6.9736564e+00
   4.7948215e-01
   2.4758751e+00
   1.5445185e+00
  -1.8125073e+00
   2.0335034e+00
   7.7455692e+00
   7.0535638e+00
   7.9344161e+00
   1.1434951e+01
   1.0572730e+01
   1.1117818e+01
   1.3161827e+01
   1.1800130e+01
   1.2219820e+01
   1.4135956e+01
   1.3112542e+01
   1.3609332e+01
   1.4807697e+01
   1.3256825e+01
   1.3703514e+01
   1.4863393e+01
   1.3493154e+01
   1.4086960e+01
   1.5205705e+01
   1.3732479e+01
   1.3962626e+01
   1.4639368e+01
   1.3090374e+01
   1.4093726e+01
   1.5136983e+01
   1.3944912e+01
   1.4968255e+01
   1.5620053e+01
   1.4207723e+01
   1.5067256e+01
   1.5702449e+01
   1.4444822e+01
   1.5269731e+01
   1.5639615e+01
   1.4205709e+01
   1.4957347e+01
   1.5123828e+01
   1.3586575e+01
   1.4455428e+01
   1.4522526e+01
   1.2960090e+01
   1.4020742e+01
   1.3837978e+01
   1.1881648e+01
   1.3081662e+01
   1.3126916e+01
   1.1102268e+01
   1.2420770e+01
   1.2357983e+01
   9.8365157e+00
   1.0954468e+01
   1.1455285e+01
   9.3436517e+00
   1.0641895e+01
   1.1205832e+01
   8.9691049e+00
   1.0529253e+01
   1.1723209e+01
   1.0345902e+01
   1.2120351e+01
   1.3305238e+01
   1.1799216e+01
   1.2944266e+01
   1.4123654e+01
   1.3030210e+01
   1.4256597e+01
   1.5647191e+01
   1.4767219e+01
   1.5002817e+01
   1.5332509e+01
   1.3393300e+01
   1.3255728e+01
   1.3911125e+01
   1.2151158e+01
   1.2685453e+01
   1.3319129e+01
   1.1436136e+01
   1.1989551e+01
   1.2496704e+01
   1.0667500e+01
   1.1786336e+01
   1.2209819e+01
   1.0202636e+01
   1.1300930e+01
   1.1794812e+01
   9.9978919e+00
   1.1208470e+01
   1.1750518e+01
   9.9307933e+00
   1.1121311e+01
   1.1596470e+01
   1.0130898e+01
   1.1492256e+01
   1.2074152e+01
   1.0719987e+01
   1.2116144e+01
   1.2512878e+01
   1.0865072e+01
   1.1951198e+01
   1.2406146e+01
   1.0910189e+01
   1.2094869e+01
   1.2393655e+01
   1.0709615e+01
   1.2020021e+01
   1.2481018e+01
   1.1177471e+01
   1.2416730e+01
   1.2430468e+01
   1.0602159e+01
   1.1674912e+01
   1.1614371e+01
   9.8176334e+00
   1.1056788e+01
   1.0982431e+01
   9.0249677e+00
   1.0419167e+01
   1.0100485e+01
   7.7981781e+00
   9.5807245e+00
   9.7857529e+00
   7.9988880e+00
   9.7222851e+00
   9.6279287e+00
   6.8757558e+00
   8.5147937e+00
   9.0636350e+00
   6.4890271e+00
   8.0145166e+00
   8.3647506e+00
   5.5433876e+00
   7.6509291e+00
   8.5595865e+00
   6.7314127e+00
   8.8362220e+00
   9.5558915e+00
   7.2879714e+00
   8.4948110e+00
   8.9616626e+00
   6.7537448e+00
   8.4299469e+00
   9.3871043e+00
   7.1161328e+00
   7.9977366e+00
   8.4989290e+00
   6.0089973e+00
   7.2189212e+00
   8.1526488e+00
   6.2122063e+00
   7.7351172e+00
   8.3060808e+00
   5.7949726e+00
   7.0320644e+00
   7.9905534e+00
   6.0927391e+00
   7.9482903e+00
   8.8756313e+00
   7.7157567e+00
   9.5705388e+00
   1.0075788e+01
   9.0568191e+00
   1.0749459e+01
   1.1145970e+01
   9.8070786e+00
   1.1017417e+01
   1.1203888e+01
   1.0016429e+01
   1.1134903e+01
   1.1222848e+01
   1.0210501e+01
   1.1469151e+01
   1.1191760e+01
   1.0128789e+01
   1.1379380e+01
   1.0915515e+01
   9.8579436e+00
   1.1435241e+01
   1.1125820e+01
   1.0114531e+01
   1.1178662e+01
   1.0331246e+01
   9.1649492e+00
   1.0429851e+01
   9.4394167e+00
   8.2504042e+00
   9.6722415e+00
   8.3179774e+00
   7.0951069e+00
   8.7563309e+00
   7.3267995e+00
   5.9963967e+00
   8.0594953e+00
   6.4349485e+00
   5.0340516e+00
   7.0499526e+00
   5.3462400e+00
   4.0785295e+00
   6.4019268e+00
   4.4347122e+00
   3.3578856e+00
   5.8453354e+00
   3.7546389e+00
   2.1365915e+00
   5.0984058e+00
   3.4259375e+00
   1.5615066e+00
   4.0439955e+00
   1.5765620e+00
  -7.6715872e-01
   2.5847527e+00
   2.7453771e-01
  -1.8397910e+00
   1.4749866e+00
  -2.0710744e+00
  -5.0314769e+00
  -7.6042111e-02
  -2.0010912e+00
  -6.0585281e+00
   5.8552954e-02
  -2.0175263e+00
  -7.1106888e+00
   1.6917170e-01
   7.7474872e-01
  -4.7738974e+00
   7.6499733e-01
   1.2159889e+00
  -5.6408731e+00
  -3.7197776e-01
   3.7029948e-01
  -4.7885423e+00
   5.5097323e-01
   1.4393353e+00
  -2.8099798e+00
   1.3438515e+00
   8.3565583e-01
  -3.8787728e+00
   1.6277622e+00
   1.6932625e+00
  -2.4205205e+00
   1.7433526e+00
   5.0385708e-01
  -3.8397126e+00
   1.4171628e+00
   4.6206290e-01
  -3.7757728e+00
   1.2488902e+00
  -4.5101209e-01
  -4.2232387e+00
   9.8544108e-01
  -3.4415947e-01
  -6.6506798e+00
  -8.7622457e-01
  -2.1747443e+00
  -1.5625776e+01
  -3.7498677e+00
  -2.9663541e+00
  -1.1849111e+01
  -6.2261644e+00
  -3.4867989e+00
  -1.7590835e+01
  -5.3134372e+00
  -2.7006588e+00
  -8.2678583e+00
  -4.7236285e+00
   1.5639115e-01
  -3.9856391e+00
  -2.4990552e+00
   9.9613891e-01
  -1.9122118e+00
  -1.0510153e+00
   3.1296652e+00
   8.9956519e-01
   4.2320337e-01
   3.6590936e+00
   1.0875693e+00
   7.2405546e-01
   4.1747719e+00
   2.4395606e+00
   2.7955769e+00
   5.3654216e+00
   3.3581329e+00
   3.8339640e+00
   6.3220044e+00
   4.7403494e+00
   4.9323416e+00
   7.1859546e+00
   5.5923127e+00
   5.8044619e+00
   7.4697562e+00
   5.9039675e+00
   6.4341462e+00
   8.1626546e+00
   6.8795621e+00
   7.3516424e+00
   8.4712537e+00
   7.2125043e+00
   8.1049322e+00
   9.1354118e+00
   8.0593576e+00
   8.9631064e+00
   9.5298437e+00
   8.0999722e+00
   9.2705914e+00
   9.8867250e+00
   8.3941381e+00
   9.5379912e+00
   1.0221288e+01
   8.7793899e+00
   9.6087543e+00
   9.8928206e+00
   8.3281791e+00
   9.3975897e+00
   9.7690442e+00
   8.1469754e+00
   8.9903828e+00
   9.2176949e+00
   7.9309100e+00
   9.0318624e+00
   9.0751095e+00
   7.5953328e+00
   8.7337017e+00
   8.5811043e+00
   7.3012336e+00
   8.6571002e+00
   8.3848983e+00
   7.0647033e+00
   8.6127536e+00
   8.3818080e+00
   6.9742474e+00
   8.3797911e+00
   7.8716268e+00
   6.3566812e+00
   7.9860244e+00
   7.8041809e+00
   6.4930269e+00
   7.8212067e+00
   7.2047614e+00
   5.4936398e+00
   6.8844127e+00
   6.4116946e+00
   4.8585273e+00
   6.3858113e+00
   5.8493539e+00
   4.6628654e+00
   6.0695812e+00
   4.9645712e+00
   3.4676536e+00
   5.8428899e+00
   5.2128423e+00
   3.3155375e+00
   5.0185258e+00
   3.9157868e+00
   1.6592051e+00
   4.1804328e+00
   3.2810310e+00
   8.3169939e-01
   3.4404939e+00
   2.4967169e+00
   6.0375523e-01
   3.8272286e+00
   3.5143859e+00
   1.6247553e+00
   4.2942784e+00
   3.6144165e+00
   1.7163871e+00
   4.0871025e+00
   3.3935591e+00
   1.1238929e+00
   3.7189149e+00
   3.1673122e+00
   1.4228118e+00
   3.5504772e+00
   2.5501639e+00
   1.0152341e+00
   3.2727506e+00
   2.2581355e+00
   1.4126461e+00
   3.5801606e+00
   1.9644540e+00
   6.8544895e-01
   2.9789772e+00
   1.3470763e+00
   2.7373115e-01
   2.6438006e+00
  -1.4647667e-02
  -3.3553230e+00
  -4.0647968e-01
  -3.5074396e+00
  -5.8413322e+00
  -1.0761900e+00
  -4.5770743e+00
  -5.7505723e+00
  -2.2338151e+00
  -6.9043503e+00
  -9.4432132e+00
  -4.3131157e+00
  -1.0582514e+01
  -9.7075283e+00
  -5.6866747e+00
  -1.7179279e+01
  -1.0746778e+01
  -9.4773473e+00
  -2.0238048e+01
  -1.3172640e+01
  -1.5106786e+01
  -1.4903128e+01
  -8.7904313e+00
  -2.0882134e+01
  -9.1741899e+00
  -7.5320384e+00
  -1.9386287e+01
  -5.0227954e+00
  -4.3390880e+00
  -8.4221836e+00
  -1.9211003e+00
  -3.0551157e+00
  -4.7980012e+00
   1.0960256e-01
  -5.8428475e-01
  -6.1549337e-01
   2.9251108e+00
   2.0897432e+00
   1.3228040e+00
   3.7877359e+00
   2.5583284e+00
   1.9511122e+00
   4.6606655e+00
   3.7875241e+00
   3.4268954e+00
   5.5236664e+00
   4.4612126e+00
   4.1167354e+00
   5.8252541e+00
   4.8068549e+00
   4.9360158e+00
   6.6325345e+00
   5.3906968e+00
   5.2208099e+00
   6.5354138e+00
   5.3050816e+00
   5.6419467e+00
   7.0107704e+00
   5.9717186e+00
   6.7042034e+00
   7.7413220e+00
   6.4899699e+00
   7.1183926e+00
   8.0230544e+00
   6.7332188e+00
   7.4221230e+00
   8.3286162e+00
   7.0302476e+00
   7.6319322e+00
   8.3888663e+00
   7.0254848e+00
   7.5146563e+00
   8.1995132e+00
   7.0117266e+00
   7.7746032e+00
   8.2517598e+00
   6.8122106e+00
   7.5206478e+00
   7.9803451e+00
   6.4665662e+00
   7.2632282e+00
   7.6644017e+00
   6.2206370e+00
   7.1547368e+00
   7.5748996e+00
   6.2132935e+00
   7.2737986e+00
   7.4497616e+00
   5.7264623e+00
   6.6996202e+00
   6.9625614e+00
   5.5845772e+00
   6.8263544e+00
   6.9082257e+00
   5.1682510e+00
   6.1470552e+00
   6.0797862e+00
   4.6077283e+00
   6.0092459e+00
   6.1239384e+00
   4.7855840e+00
   6.1619867e+00
   5.9978206e+00
   4.5950630e+00
   5.8668102e+00
   5.6515054e+00
   4.2833726e+00
   5.7586574e+00
   5.4427181e+00
   3.9834663e+00
   5.5485483e+00
   5.2866771e+00
   3.8262552e+00
   5.4257350e+00
   5.3585211e+00
   4.4724043e+00
   5.8095786e+00
   5.1455994e+00
   4.0261721e+00
   5.5078158e+00
   4.7779984e+00
   3.7943897e+00
   5.5163332e+00
   4.6317619e+00
   3.4023321e+00
   5.2126833e+00
   4.5226005e+00
   3.1222089e+00
   4.8290214e+00
   3.8290959e+00
   2.1066826e+00
   3.6590091e+00
   2.6299099e+00
   1.1441127e+00
   3.2328098e+00
   2.2737043e+00
   9.8525459e-01
   2.7551211e+00
   9.9289714e-01
  -6.7519072e-01
   1.7155388e+00
   3.1461195e-01
  -1.1972178e+00
   1.1449906e+00
  -5.1847741e-01
  -2.3874069e+00
  -2.7699943e-01
  -2.2611265e+00
  -3.4312438e+00
  -2.2164956e-01
  -2.7920883e+00
  -5.1347926e+00
  -1.7967661e+00
  -4.4065683e+00
  -7.1378062e+00
  -2.4380015e+00
  -4.5908772e+00
  -8.2449711e+00
  -4.2065128e+00
  -7.0775564e+00
  -1.1288818e+01
  -6.0899564e+00
  -9.8212073e+00
  -1.4077388e+01
  -8.8826412e+00
  -1.9994073e+01
  -1.2130208e+01
  -1.0221464e+01
  -1.9808767e+01
  -1.0599288e+01
  -1.1248252e+01
  -1.7761569e+01
  -1.1287561e+01
  -2.2121305e+01
  -1.0513964e+01
  -1.0251045e+01
  -2.8749270e+01
  -8.3327433e+00
  -7.1200714e+00
  -1.3632551e+01
  -5.5532529e+00
  -6.3579414e+00
  -1.2578772e+01
  -5.0815703e+00
  -5.3714458e+00
  -8.8556958e+00
  -2.9469547e+00
  -3.8097088e+00
  -3.9287467e+00
  -1.8338398e-01
  -1.8584773e+00
  -2.5167315e+00
   4.4411160e-01
  -7.0294913e-01
  -6.5672203e-01
   1.4976299e+00
  -1.0285772e+00
  -1.4048479e+00
   1.4293895e+00
   1.0182711e-01
   7.5739467e-01
   3.1506964e+00
   1.9420702e+00
   2.3034545e+00
   3.6585623e+00
   1.9680982e+00
   2.7027557e+00
   4.1986732e+00
   2.4058517e+00
   2.8583830e+00
   4.4794190e+00
   3.0165287e+00
   3.5392017e+00
   4.7676612e+00
   3.5483842e+00
   4.1392409e+00
   4.8956495e+00
   3.4474811e+00
   4.5111759e+00
   5.3347390e+00
   3.6984412e+00
   4.2245179e+00
   4.7434757e+00
   3.0913032e+00
   4.2103701e+00
   4.7691917e+00
   3.3698013e+00
   4.7520052e+00
   5.2691851e+00
   3.5726705e+00
   4.8522598e+00
   5.4340234e+00
   3.7616440e+00
   4.4351144e+00
   4.6379376e+00
   3.0551680e+00
   4.3341144e+00
   4.5268158e+00
   2.5849184e+00
   3.7515586e+00
   4.0696308e+00
   2.4774826e+00
   3.7391363e+00
   3.8575734e+00
   2.2300862e+00
   3.3946101e+00
   3.0323878e+00
   1.1617557e+00
   2.8346848e+00
   2.6869975e+00
   1.2546333e+00
   3.2897598e+00
   2.7954498e+00
   1.1929136e+00
   3.2676789e+00
   3.0784314e+00
   1.7500305e+00
   3.5793098e+00
   3.0314020e+00
   1.5008662e+00
   3.3062341e+00
   2.7177886e+00
   1.4939602e+00
   3.6011772e+00
   3.2486883e+00
   2.1888486e+00
   3.7595027e+00
   2.8023826e+00
   2.0163244e+00
   4.1418722e+00
   3.5312067e+00
   2.1459822e+00
   3.9291062e+00
   3.4006529e+00
   2.1926064e+00
   3.3375239e+00
   2.5596482e+00
   2.0796112e+00
   3.4539679e+00
   2.1553874e+00
   1.4062552e+00
   2.8421320e+00
   1.4782610e+00
   1.0680521e+00
   2.7749168e+00
   1.1514719e+00
   5.1407243e-01
   2.2242251e+00
   7.0512061e-02
  -1.0707331e+00
   1.1451831e+00
  -9.9191110e-02
  -2.0349158e-01
   2.1671922e+00
   5.2679115e-01
  -5.5578480e-01
   1.4045287e+00
  -2.9006547e-01
  -1.6842115e+00
   4.6417280e-01
  -1.2610758e+00
  -2.3174075e+00
  -5.4429622e-02
  -1.9273821e+00
  -3.0580663e+00
  -7.7531914e-01
  -2.9678199e+00
  -3.7932076e+00
  -1.1519494e+00
  -3.4442944e+00
  -4.4055749e+00
  -2.5463267e+00
  -5.8920132e+00
  -5.6527775e+00
  -3.3437840e+00
  -8.1929209e+00
  -6.8999819e+00
  -4.5053223e+00
  -1.0310461e+01
  -1.0500025e+01
  -7.2257963e+00
  -1.4514473e+01
  -1.0329057e+01
  -1.0177893e+01
  -2.1821832e+01
  -1.4635603e+01
  -1.6945069e+01
  -1.9986141e+01
  -1.2901498e+01
  -2.8733666e+01
  -1.0460117e+01
  -1.0080099e+01
  -1.7855411e+01
  -7.4857501e+00
  -8.5130252e+00
  -1.2442067e+01
  -5.7026126e+00
  -6.8084377e+00
  -8.2991391e+00
  -3.1016598e+00
  -4.4173928e+00
  -5.7407157e+00
  -1.9787483e+00
  -3.0943911e+00
  -3.7163331e+00
  -7.4376219e-01
  -2.3915662e+00
  -2.9761871e+00
  -4.6499774e-01
  -2.0977330e+00
  -2.0038872e+00
   5.3226951e-01
  -9.8693951e-01
  -1.0066213e+00
   9.6178036e-01
  -1.0940963e+00
  -1.0904803e+00
   1.3028959e+00
  -6.1012762e-02
   3.4041190e-01
   1.9791164e+00
   4.3430604e-01
   8.2052070e-01
   2.2504939e+00
   9.1744945e-01
   1.5243127e+00
   2.4918820e+00
   8.8502389e-01
   1.5419615e+00
   2.1310224e+00
   2.7153506e-01
   1.8144082e+00
   2.9309763e+00
   1.1543785e+00
   2.1389961e+00
   2.7916127e+00
   1.0491472e+00
   1.9275947e+00
   2.5940981e+00
   1.4685828e+00
   2.8757332e+00
   3.2456937e+00
   1.5828400e+00
   2.5803917e+00
   2.9504036e+00
   1.7246954e+00
   2.7793726e+00
   2.7474318e+00
   1.2128255e+00
   2.4478980e+00
   2.2595083e+00
   8.7736230e-01
   2.7456959e+00
   2.9503659e+00
   1.9140606e+00
   3.5687850e+00
   3.2575401e+00
   1.5730597e+00
   3.1707535e+00
   3.2395149e+00
   1.7817414e+00
   3.1467092e+00
   2.9937817e+00
   1.6045303e+00
   3.0233455e+00
   2.6946849e+00
   1.3340725e+00
   3.0822264e+00
   3.0619574e+00
   1.8082560e+00
   3.2006581e+00
   2.8611325e+00
   1.6846675e+00
   3.2189711e+00
   2.7101993e+00
   7.9530272e-01
   2.1044102e+00
   1.7049931e+00
   4.6575205e-01
   1.9138559e+00
   1.4581267e+00
   8.4355319e-01
   2.3956676e+00
   1.2633898e+00
  -3.9789660e-01
   1.4762500e+00
   7.0227563e-01
  -1.0796084e+00
   3.5712251e-01
  -8.7467428e-01
  -2.1446033e+00
  -4.7849837e-01
  -1.9549326e+00
  -2.4855657e+00
  -1.3920330e-01
  -1.3393657e+00
  -2.6018314e+00
  -9.1763873e-01
  -2.9283013e+00
  -4.1253662e+00
  -1.8504887e+00
  -3.9742370e+00
  -5.1002656e+00
  -2.2576215e+00
  -4.5605140e+00
  -6.0390136e+00
  -4.1590744e+00
  -6.5030318e+00
  -5.1237497e+00
  -3.2942227e+00
  -6.8203918e+00
  -5.3070615e+00
  -4.0124355e+00
  -8.6661258e+00
  -6.5399578e+00
  -5.0716683e+00
  -1.0191363e+01
  -6.8736283e+00
  -5.4216429e+00
  -1.1080143e+01
  -7.2856763e+00
  -7.2961189e+00
  -1.4791602e+01
  -9.2200607e+00
  -9.7403675e+00
  -2.1303492e+01
  -1.5047611e+01
  -2.1800959e+01
  -1.6225918e+01
  -1.7062395e+01
  -1.7866863e+01
  -1.1991893e+01
  -1.5259676e+01
  -1.4886804e+01
  -8.0685585e+00
  -1.2090415e+01
  -1.0844413e+01
  -6.3430195e+00
  -9.4784991e+00
  -7.4367088e+00
  -3.8117228e+00
  -6.6413080e+00
  -4.7792417e+00
  -2.0790872e+00
  -5.4307681e+00
  -5.2933377e+00
  -1.7294813e+00
  -3.3274283e+00
  -3.7034359e+00
  -1.0153793e+00
  -2.9394544e+00
  -3.2492409e+00
  -9.7722807e-01
  -2.4980178e+00
  -2.7062562e+00
  -8.6020800e-01
  -2.7587668e+00
  -2.5483580e+00
  -4.4119714e-01
  -2.4288524e+00
  -3.4310192e+00
  -1.1978119e+00
  -2.4422636e+00
  -1.8060904e+00
  -3.2025423e-01
  -1.9399277e+00
  -1.1989247e+00
   3.1570993e-01
  -1.4145782e+00
  -5.0817755e-01
   1.1000629e+00
  -1.1650812e+00
  -1.2803346e+00
   3.3135357e-01
  -1.1425320e+00
  -2.8467079e-01
   1.1430168e+00
  -7.5732476e-01
   2.1514776e-01
   1.6071890e+00
  -2.6308783e-01
   1.5598521e-01
   1.5567409e+00
   3.8676322e-02
   8.4161012e-02
   9.0779433e-01
  -1.0284952e+00
  -3.1987584e-01
   8.3808812e-01
  -8.5850078e-01
  -9.5056482e-02
   7.7000306e-01
  -8.2539938e-01
   4.1129149e-01
   1.2850882e+00
  -1.6883591e-01
   9.2291658e-01
   1.3910644e+00
  -4.1210599e-01
   6.1404824e-01
   9.3655818e-01
  -6.5035441e-01
   6.1047820e-01
   9.1130709e-01
  -7.2470729e-01
   8.0765969e-01
   7.0055661e-01
  -7.5036092e-01
   1.2398802e+00
   9.5968490e-01
  -1.3307631e+00
   9.6170000e-01
   1.0905491e+00
  -1.4504316e+00
  -1.9229725e-01
  -3.0607824e-01
  -2.5748583e+00
  -5.6050958e-01
  -5.8789888e-01
  -2.8234842e+00
  -8.4255254e-01
  -1.3883153e+00
  -3.8600959e+00
  -1.7009779e+00
  -2.0665529e+00
  -4.5002474e+00
  -2.0977807e+00
  -2.5475181e+00
  -5.0756042e+00
  -2.6673414e+00
  -3.0312269e+00
  -5.5870064e+00
  -2.8008168e+00
  -3.1286412e+00
  -5.6239521e+00
  -3.3136789e+00
  -3.6086767e+00
  -5.3779890e+00
  -2.5554838e+00
  -3.2320202e+00
  -5.7630768e+00
  -3.1943534e+00
  -3.9154976e+00
  -5.4417196e+00
  -2.9408886e+00
  -3.8516306e+00
  -4.6038826e+00
  -1.9184124e+00
  -3.6157234e+00
  -5.0039632e+00
  -2.2046160e+00
  -3.7663406e+00
  -4.6527571e+00
  -1.8816021e+00
  -3.8919001e+00
  -4.5091351e+00
  -2.2225865e+00
  -4.0707450e+00
  -4.0078447e+00
  -1.6347769e+00
  -4.2600437e+00
  -5.4495619e+00
  -2.8923563e+00
  -6.2788211e+00
  -8.1660072e+00
  -4.8673848e+00
  -7.4702851e+00
  -8.3060278e+00
  -5.6724627e+00
  -9.4925120e+00
  -9.5607102e+00
  -8.4947881e+00
  -1.4913503e+01
  -1.1089064e+01
  -9.3795889e+00
  -1.7081843e+01
  -1.1372112e+01
  -1.2289607e+01
  -2.3504383e+01
  -1.7778135e+01
  -1.7853408e+01
  -1.9117493e+01
  -1.4749192e+01
  -2.3132516e+01
  -1.5500810e+01
  -1.3288441e+01
  -1.8092820e+01
  -1.1661055e+01
  -1.2856207e+01
  -1.6938940e+01
  -8.7718297e+00
  -1.0108347e+01
  -1.0232226e+01
  -5.4366838e+00
  -8.1009005e+00
  -9.4103815e+00
  -5.9076654e+00
  -7.8719789e+00
  -7.5844886e+00
  -4.0641861e+00
  -5.9536656e+00
  -5.3992784e+00
  -3.2677371e+00
  -6.4372471e+00
  -6.7308913e+00
  -3.3688179e+00
  -5.3782104e+00
  -5.1464885e+00
  -2.9510118e+00
  -5.1684579e+00
  -4.7731884e+00
  -3.3430970e+00
  -5.7166967e+00
  -4.3302930e+00
  -2.9219670e+00
  -6.2616780e+00
  -5.1339880e+00
  -3.4890917e+00
  -5.3792168e+00
  -3.4988009e+00
  -2.6977111e+00
  -5.2624051e+00
  -3.1842999e+00
  -2.1491790e+00
  -3.8615696e+00
  -2.0006244e+00
  -1.4201925e+00
  -3.7240353e+00
  -2.3845129e+00
  -2.3680240e+00
  -5.2314563e+00
  -3.3096666e+00
  -2.6677642e+00
  -5.1547696e+00
  -3.3311651e+00
  -2.9119615e+00
  -5.0713185e+00
  -2.5675820e+00
  -2.3275763e+00
  -4.5910423e+00
  -2.4191318e+00
  -1.9669745e+00
  -3.8034292e+00
  -1.7872422e+00
  -2.0019597e+00
  -4.3166411e+00
  -1.8510198e+00
  -1.5443165e+00
  -4.0557328e+00
  -2.3652686e+00
  -1.9818565e+00
  -3.6591682e+00
  -1.1621961e+00
  -7.7218429e-01
  -2.7109850e+00
  -5.6804755e-01
  -2.8155847e-01
  -2.2644117e+00
  -6.7009329e-01
  -3.7979474e-01
  -1.8292621e+00
  -1.2985304e-01
  -2.0237233e-01
  -2.1039524e+00
  -2.2953418e-01
  -3.0946045e-01
  -2.0180980e+00
  -2.8219923e-01
  -4.8473904e-01
  -2.0038526e+00
  -2.2172007e-01
  -7.5417321e-01
  -2.0867721e+00
   1.2378429e-01
  -4.8784515e-01
  -2.2774363e+00
  -1.7508174e-01
  -9.2748519e-01
  -2.8060854e+00
  -9.9792615e-01
  -1.7131398e+00
  -2.9181530e+00
  -6.8874177e-01
  -1.4992600e+00
  -3.1903313e+00
  -1.6726238e+00
  -2.9811304e+00
  -4.6473261e+00
  -2.2742484e+00
  -3.0559664e+00
  -4.9123591e+00
  -2.8722006e+00
  -4.2620364e+00
  -5.9758055e+00
  -3.0304031e+00
  -3.9682592e+00
  -5.9343052e+00
  -3.2057038e+00
  -4.2028413e+00
  -5.7910884e+00
  -3.3180773e+00
  -3.9521827e+00
  -4.9388456e+00
  -2.8732057e+00
  -3.8733985e+00
  -4.5485718e+00
  -2.5271715e+00
  -3.7079172e+00
  -4.6242064e+00
  -2.6459720e+00
  -4.2663474e+00
  -5.4696454e+00
  -3.5121620e+00
  -5.7199658e+00
  -6.8195241e+00
  -4.7852047e+00
  -6.6870818e+00
  -6.2368464e+00
  -5.1680459e+00
  -9.4015070e+00
  -7.8347677e+00
  -6.2415457e+00
  -1.0896821e+01
  -1.0355992e+01
  -7.3133152e+00
  -1.2706514e+01
  -1.1644093e+01
  -9.8355109e+00
  -1.9703753e+01
  -1.3504955e+01
  -1.1011264e+01
  -1.9661671e+01
  -1.5725376e+01
  -1.3323625e+01
  -2.2687173e+01
  -1.9437263e+01
  -1.2199421e+01
  -1.4027543e+01
  -2.6577094e+01
  -1.4146001e+01
  -1.5798876e+01
  -2.9387841e+01
  -1.5647429e+01
  -1.2780683e+01
  -2.4917398e+01
  -1.4013280e+01
  -1.1941469e+01
  -1.9010134e+01
  -1.5576466e+01
  -1.0375611e+01
  -1.5553814e+01
  -1.4778517e+01
  -1.0295590e+01
  -1.3774219e+01
  -1.2011632e+01
  -7.5923404e+00
  -9.3747388e+00
  -6.4279837e+00
  -4.1927909e+00
  -7.2402139e+00
  -5.6396181e+00
  -2.6459055e+00
  -4.1634056e+00
  -3.1824704e+00
  -8.7947131e-01
  -2.3236112e+00
  -1.2781362e+00
   2.7245021e-01
  -7.8529152e-01
   6.8691761e-01
   2.1985650e+00
   1.5044831e+00
   2.5972846e+00
   3.6577764e+00
   2.7858152e+00
   3.0942390e+00
   3.7093370e+00
   2.9758435e+00
   3.5863720e+00
   3.9517180e+00
   2.6941921e+00
   3.1528509e+00
   3.5888217e+00
   2.4118610e+00
   2.9186466e+00
   3.0857283e+00
   1.6688053e+00
   2.3699080e+00
   2.6895671e+00
   1.3671271e+00
   2.0262318e+00
   2.2145257e+00
   1.7945182e-01
  -3.8713074e-02
  -3.0907290e-01
  -2.5491651e+00
  -2.1794235e+00
  -2.4566972e+00
  -4.4929150e+00
  -2.8995372e+00
  -3.4094596e+00
  -5.3406818e+00
  -2.8235930e+00
  -2.9477314e+00
  -5.2256672e+00
  -3.3576116e+00
  -3.6809810e+00
  -5.4558500e+00
  -3.5016719e+00
  -4.2303616e+00
  -6.3821888e+00
  -4.1640352e+00
  -4.7657174e+00
  -6.9015998e+00
  -4.6842587e+00
  -5.6613701e+00
  -6.3503886e+00
  -3.6473270e+00
  -4.7700178e+00
  -6.5859878e+00
  -3.9087818e+00
  -5.6970170e+00
  -8.2571547e+00
  -4.6273904e+00
  -5.5506425e+00
  -9.5068069e+00
  -5.7488216e+00
  -6.2775121e+00
  -9.9325967e+00
  -6.3055014e+00
  -6.5843071e+00
  -8.6436470e+00
  -5.6445855e+00
  -7.1416867e+00
  -8.9194988e+00
  -5.6776154e+00
  -7.6534685e+00
  -1.0291422e+01
  -6.2348854e+00
  -7.0250017e+00
  -9.8266021e+00
  -5.9169120e+00
  -8.0780094e+00
  -1.2385926e+01
  -7.8454675e+00
  -8.9759009e+00
  -1.1364416e+01
  -7.7146230e+00
  -1.0189285e+01
  -1.2113074e+01
  -8.6473843e+00
  -1.2500182e+01
  -1.5497592e+01
  -1.0636883e+01
  -1.3462552e+01
  -3.1029778e+01
  -1.8359694e+01
  -1.2818369e+01
  -1.1689139e+01
  -1.1792050e+01
  -7.6017620e+00
  -7.0423394e+00
  -8.2682719e+00
  -5.3493110e+00
  -4.5719918e+00
  -6.0936835e+00
  -3.5241922e+00
  -3.3207360e+00
  -4.8071519e+00
  -3.3233516e+00
  -3.3776265e+00
  -3.9558147e+00
  -1.7257106e+00
  -1.9546499e+00
  -3.2657910e+00
  -1.8037574e+00
  -2.2309245e+00
  -3.5743839e+00
  -2.7763024e+00
  -3.9487893e+00
  -6.0378294e+00
  -5.9421972e+00
  -9.5433179e+00
  -1.0027252e+01
  -7.7352602e+00
  -1.2438017e+01
  -1.0429253e+01
  -7.5910743e+00
  -1.2620017e+01
  -9.4146156e+00
  -7.8976188e+00
  -1.3048289e+01
  -9.0356589e+00
  -7.7049220e+00
  -1.2873804e+01
  -8.5680602e+00
  -7.8474190e+00
  -1.3895953e+01
  -1.0635439e+01
  -9.1157375e+00
  -1.3911663e+01
  -1.0311940e+01
  -8.9859574e+00
  -1.4211165e+01
  -1.1783204e+01
  -9.4185839e+00
  -1.3637251e+01
  -1.1381094e+01
  -8.7623880e+00
  -1.2461459e+01
  -1.0985795e+01
  -8.7553427e+00
  -1.1828252e+01
  -1.0410349e+01
  -7.3720188e+00
  -1.0854937e+01
  -9.3157363e+00
  -7.5599255e+00
  -1.1423023e+01
  -9.0320337e+00
  -6.7237712e+00
  -9.0182804e+00
  -7.3559596e+00
  -6.9098576e+00
  -1.2159605e+01
  -8.9368181e+00
  -7.5110796e+00
  -1.1500396e+01
  -8.2389324e+00
  -7.2992943e+00
  -1.0620379e+01
  -7.2293437e+00
  -7.1851711e+00
  -1.0770264e+01
  -7.0343944e+00
  -6.6845930e+00
  -8.6369116e+00
  -5.8022294e+00
  -6.9068754e+00
  -1.0284417e+01
  -7.0472226e+00
  -7.3700607e+00
  -9.2955016e+00
  -5.8381691e+00
  -6.8503243e+00
  -9.2546040e+00
  -5.7874887e+00
  -6.7544288e+00
  -9.8458409e+00
  -5.8843126e+00
  -6.2439288e+00
  -9.3567267e+00
  -5.4755621e+00
  -5.6140197e+00
  -7.9716221e+00
  -5.4602702e+00
  -5.7025628e+00
  -7.2045940e+00
  -5.0986152e+00
  -6.1282377e+00
  -7.8856780e+00
  -5.3647503e+00
  -6.4810887e+00
  -8.0713047e+00
  -5.4072219e+00
  -7.8863691e+00
  -1.0980523e+01
  -6.8299226e+00
  -8.6505936e+00
  -1.1394929e+01
  -7.0146495e+00
  -7.9769947e+00
  -1.0364184e+01
  -6.8576698e+00
  -8.3822242e+00
  -9.9578532e+00
  -6.5637185e+00
  -8.4420261e+00
  -1.3277818e+01
  -9.1067559e+00
  -9.3713046e+00
  -1.3204139e+01
  -9.1444931e+00
  -9.7185297e+00
  -1.1287251e+01
  -7.7648959e+00
  -9.6273740e+00
  -1.4503163e+01
  -9.5729658e+00
  -9.7561263e+00
  -1.5342041e+01
  -1.2647885e+01
  -1.4533983e+01
  -2.2064667e+01
  -1.5492825e+01
  -1.6168781e+01
  -2.0239500e+01
  -1.3206726e+01
  -1.5992846e+01
  -1.8645876e+01
  -1.5533554e+01
  -2.0530737e+01
  -2.5451152e+01
  -1.4270598e+01
  -1.6714897e+01
  -2.0810198e+01
  -1.4653996e+01
  -2.1029888e+01
  -1.7574915e+01
  -1.6961084e+01
  -2.0505682e+01
  -2.0149085e+01
  -1.5256036e+01
  -2.2375081e+01
  -2.2972287e+01
  -1.9524754e+01
  -1.6948334e+01
  -2.2809104e+01
  -2.0971481e+01
  -1.9682357e+01
  -3.2041298e+01
  -1.8175652e+01
  -1.4393643e+01
  -1.7546158e+01
  -1.6024837e+01
  -1.1218184e+01
  -1.5698408e+01
  -1.3538185e+01
  -1.1310011e+01
  -1.7337088e+01
  -1.3453215e+01
  -1.1568812e+01
  -1.7946539e+01
  -1.3291108e+01
  -9.2736135e+00
  -1.2732653e+01
  -1.2624425e+01
  -8.5676656e+00
  -1.2410036e+01
  -1.2363622e+01
  -9.4973243e+00
  -1.2321078e+01
  -1.1499114e+01
  -9.9197158e+00
  -1.4822696e+01
  -9.5503493e+00
  -7.6013956e+00
  -1.2702715e+01
  -1.1558788e+01
  -8.4390521e+00
  -1.2646270e+01
  -1.1089992e+01
  -8.1357869e+00
  -1.2244928e+01
  -1.1104841e+01
  -9.2790599e+00
  -1.4223032e+01
  -9.7892150e+00
  -8.3145359e+00
  -1.1231235e+01
  -8.2142220e+00
  -8.1041207e+00
  -1.2352119e+01
  -8.4790939e+00
  -6.8774748e+00
  -1.0044772e+01
  -7.8969222e+00
  -7.8954740e+00
  -1.1955455e+01
  -9.4235144e+00
  -9.0202032e+00
  -1.0920311e+01
  -7.3297132e+00
  -7.2968783e+00
  -1.0020970e+01
  -6.6218963e+00
  -6.9344842e+00
  -9.9586916e+00
  -7.2626817e+00
  -7.7406410e+00
  -1.0380344e+01
  -6.0615894e+00
  -6.1728456e+00
  -1.0618711e+01
  -7.3681178e+00
  -6.7183248e+00
  -9.0974292e+00
  -6.6213580e+00
  -7.2250876e+00
  -9.2490986e+00
  -5.8914216e+00
  -6.1846402e+00
  -8.7967330e+00
  -6.2654095e+00
  -7.0151617e+00
  -9.5680197e+00
  -7.0509536e+00
  -8.2000445e+00
  -1.0532621e+01
  -7.1379995e+00
  -8.5154932e+00
  -1.0496370e+01
  -8.0128000e+00
  -1.1313282e+01
  -1.3416460e+01
  -9.7348987e+00
  -1.2783423e+01
  -1.3149307e+01
  -9.2231648e+00
  -1.3192029e+01
  -1.1834309e+01
  -9.1650365e+00
  -1.4041902e+01
  -1.3779177e+01
  -1.0377348e+01
  -1.4779095e+01
  -1.1523468e+01
  -9.4563721e+00
  -1.5226540e+01
  -1.3954494e+01
  -1.0508357e+01
  -1.3933510e+01
  -1.1462148e+01
  -9.6825101e+00
  -1.4171299e+01
  -1.3178440e+01
  -9.0645705e+00
  -1.0862965e+01
  -1.1837428e+01
  -8.2917404e+00
  -1.0930508e+01
  -1.3760159e+01
  -8.9452171e+00
  -1.0132325e+01
  -1.2800515e+01
  -9.6365326e+00
  -1.2075602e+01
  -1.4568961e+01
  -9.6950304e+00
  -1.0906924e+01
  -1.3147370e+01
  -8.5642119e+00
  -9.9833883e+00
  -1.1631531e+01
  -8.5918145e+00
  -1.1534344e+01
  -1.4465900e+01
  -9.2835189e+00
  -1.1029323e+01
  -1.4117512e+01
  -9.0444166e+00
  -1.0720836e+01
  -1.2272303e+01
  -8.6356170e+00
  -1.1448375e+01
  -1.3295706e+01
  -9.0492165e+00
  -1.2017298e+01
  -1.6416138e+01
  -1.0201820e+01
  -1.0787749e+01
  -1.5894174e+01
  -1.1310419e+01
  -1.3245896e+01
  -2.1471295e+01
  -1.3508674e+01
  -1.4913991e+01
  -2.2884466e+01
  -1.1901520e+01
  -1.1428521e+01
  -2.1545586e+01
  -1.5134036e+01
  -1.1555784e+01
  -1.6144352e+01
  -1.4552576e+01
  -1.0652105e+01
  -1.5072218e+01
  -1.5272758e+01
  -1.2001762e+01
  -1.5457830e+01
  -1.3191542e+01
  -9.9588300e+00
  -1.3060011e+01
  -1.2143674e+01
  -1.0466410e+01
  -1.4571950e+01
  -1.0215124e+01
  -9.0948794e+00
  -1.3960150e+01
  -1.0273527e+01
  -1.0434309e+01
  -1.3123495e+01
  -8.2266685e+00
  -8.7601119e+00
  -1.0531092e+01
  -6.8974502e+00
  -7.7069659e+00
  -1.0699331e+01
  -7.2963309e+00
  -7.8947790e+00
  -9.8092133e+00
  -7.2146868e+00
  -8.1002766e+00
  -8.9835734e+00
  -7.0095158e+00
  -8.5940561e+00
  -8.9824734e+00
  -6.5842467e+00
  -7.7723996e+00
  -7.6758425e+00
  -5.5389164e+00
  -7.4483535e+00
  -9.0834678e+00
  -7.5395578e+00
  -1.0529211e+01
  -1.1839444e+01
  -7.7558402e+00
  -9.6013513e+00
  -1.2972311e+01
  -8.3511554e+00
  -9.2278258e+00
  -1.2829104e+01
  -8.7584546e+00
  -9.7570113e+00
  -1.3755668e+01
  -8.8988851e+00
  -9.5847760e+00
  -1.4486386e+01
  -1.0179246e+01
  -1.0373882e+01
  -1.4769096e+01
  -9.8289129e+00
  -8.9633714e+00
  -1.1388137e+01
  -9.1315150e+00
  -8.9785780e+00
  -1.1136157e+01
  -8.5836845e+00
  -9.3745858e+00
  -1.4061535e+01
  -8.6992306e+00
  -7.3488527e+00
  -9.5952377e+00
  -7.5989706e+00
  -7.7231379e+00
  -9.7640464e+00
  -7.7931499e+00
  -8.2574710e+00
  -1.0806380e+01
  -7.5158416e+00
  -7.0476957e+00
  -8.9496008e+00
  -6.8080467e+00
  -7.1804524e+00
  -9.6040616e+00
  -7.8503930e+00
  -8.5123010e+00
  -1.0079335e+01
  -7.4282104e+00
  -8.6607620e+00
  -1.1333760e+01
  -7.8298323e+00
  -8.3316204e+00
  -1.0059498e+01
  -6.7411542e+00
  -8.1118680e+00
  -1.1194109e+01
  -7.2367211e+00
  -8.0863584e+00
  -1.1081200e+01
  -7.3301792e+00
  -8.7310760e+00
  -1.1136193e+01
  -6.7331369e+00
  -7.8494077e+00
  -1.0700552e+01
  -7.2340652e+00
  -7.7958731e+00
  -9.7594226e+00
  -6.9392807e+00
  -8.0984842e+00
  -1.0617065e+01
  -8.2166721e+00
  -9.7218356e+00
  -1.0675262e+01
  -7.6486523e+00
  -1.0045636e+01
  -1.1067927e+01
  -7.5498110e+00
  -9.5413905e+00
  -1.0975343e+01
  -7.3367312e+00
  -8.9917061e+00
  -1.1213579e+01
  -8.6606082e+00
  -1.1551881e+01
  -1.3595613e+01
  -9.0248942e+00
  -1.0946553e+01
  -1.2829932e+01
  -9.9014466e+00
  -1.3010383e+01
  -1.4899976e+01
  -1.0930697e+01
  -1.3919952e+01
  -1.8195122e+01
  -1.2707553e+01
  -1.5067652e+01
  -2.2331839e+01
  -1.3561767e+01
  -1.4151670e+01
  -2.2032152e+01
  -1.4521055e+01
  -1.8114488e+01
  -2.5579530e+01
  -1.6499824e+01
  -1.6513188e+01
  -2.8603911e+01
  -1.5815080e+01
  -1.5765084e+01
  -2.7286507e+01
  -1.5955175e+01
  -1.5286305e+01
  -2.6198852e+01
