   3.1415927e+00
   1.6866830e+00
   6.1842081e-01
   1.6848255e+00
  -1.0234359e-02
   2.1936390e+00
   2.0349786e+00
   2.3374959e+00
   1.5588915e+00
   2.0619260e+00
   9.7154250e-01
   5.3592416e-02
  -2.8664371e-01
  -1.1921786e+00
  -2.2613709e+00
  -2.7015112e+00
  -3.2708126e+00
  -3.6114874e+00
  -3.3224570e+00
  -4.6016867e+00
  -6.0022351e+00
  -4.1166020e+00
  -5.1496556e+00
  -5.5631347e+00
  -6.2654994e+00
  -7.0724479e+00
  -7.2790853e+00
  -7.7519336e+00
  -8.5059267e+00
  -9.0696315e+00
  -9.6330133e+00
  -1.0385467e+01
  -1.1077394e+01
  -1.1750338e+01
  -1.2522061e+01
  -1.3162089e+01
  -1.3742071e+01
  -1.4485863e+01
  -1.5192816e+01
  -1.5911355e+01
  -1.6763072e+01
  -1.7661564e+01
  -1.8636943e+01
  -1.9739216e+01
  -2.0839466e+01
  -2.0264458e+01
  -2.0667922e+01
  -2.1629450e+01
  -2.2507957e+01
  -2.3372245e+01
  -2.4197337e+01
  -2.4941754e+01
  -2.5711167e+01
  -2.6484741e+01
  -2.7198817e+01
  -2.7903051e+01
  -2.8571674e+01
  -2.9211535e+01
  -2.9820021e+01
  -3.0366239e+01
  -3.0997793e+01
  -3.1570820e+01
  -3.2103919e+01
  -3.2736134e+01
  -3.3167721e+01
  -3.3641385e+01
  -3.4209928e+01
  -3.4801842e+01
  -3.5307233e+01
  -3.5547619e+01
  -3.6272451e+01
  -3.6765962e+01
  -3.7164347e+01
  -3.7904048e+01
  -3.7737865e+01
  -3.8510746e+01
  -3.9002945e+01
  -3.9292166e+01
  -4.0105922e+01
  -4.0097107e+01
  -4.0843187e+01
  -4.1065130e+01
  -4.1457863e+01
  -4.2162065e+01
  -4.2381320e+01
  -4.3184882e+01
  -4.3663554e+01
  -4.4146693e+01
  -4.4920499e+01
  -4.5484229e+01
  -4.6429795e+01
  -4.6896628e+01
  -4.6830761e+01
  -4.7800924e+01
  -4.7923062e+01
  -4.8783526e+01
  -4.9564550e+01
  -4.9589204e+01
  -5.0748489e+01
  -5.0676503e+01
  -5.1685310e+01
  -5.3443806e+01
  -5.3620434e+01
  -5.4458217e+01
  -5.6256918e+01
  -5.5579374e+01
  -5.7072166e+01
  -5.8546574e+01
  -5.8364797e+01
  -5.9371305e+01
  -6.0277588e+01
  -6.0219942e+01
  -6.0954604e+01
  -6.1771613e+01
  -6.2899598e+01
  -6.4330450e+01
  -6.2004447e+01
  -6.3216391e+01
  -6.2869980e+01
  -6.3951257e+01
  -6.4426221e+01
  -6.4878527e+01
  -6.5683771e+01
  -6.6085030e+01
  -6.6667178e+01
  -6.7266944e+01
  -6.7743323e+01
  -6.8434690e+01
  -6.9063616e+01
  -6.9666033e+01
  -7.0450567e+01
  -7.1174065e+01
  -7.1815143e+01
  -7.2678743e+01
  -7.3576486e+01
  -7.4273479e+01
  -7.5157952e+01
  -7.6337560e+01
  -7.7575120e+01
  -7.8653652e+01
  -7.9617570e+01
  -8.1277607e+01
  -8.3866148e+01
  -8.5006774e+01
  -8.5607054e+01
  -8.6563743e+01
  -8.7208529e+01
  -8.7719718e+01
  -8.8644282e+01
  -8.9036672e+01
  -8.9702575e+01
  -9.0518967e+01
  -9.0605500e+01
  -9.1573915e+01
  -9.1971029e+01
  -9.2335803e+01
  -9.3324990e+01
  -9.3138642e+01
  -9.4209662e+01
  -9.4777178e+01
  -9.4820199e+01
  -9.6330572e+01
  -9.5084049e+01
  -9.6830177e+01
  -9.4214445e+01
  -9.6878092e+01
  -9.8567016e+01
  -9.7290437e+01
  -9.8875961e+01
  -9.8020804e+01
  -9.9314816e+01
  -1.0068269e+02
  -9.9903870e+01
  -1.0141592e+02
  -1.0080067e+02
  -1.0208282e+02
  -1.0367840e+02
  -1.0324239e+02
  -1.0439119e+02
  -1.0554006e+02
  -1.0560404e+02
  -1.0711175e+02
  -1.0895292e+02
  -1.0766396e+02
  -1.0959769e+02
  -1.1068309e+02
  -1.1031833e+02
  -1.1204717e+02
  -1.1145541e+02
  -1.1278597e+02
  -1.1489244e+02
  -1.1263367e+02
  -1.1549803e+02
  -1.1806814e+02
  -1.1517792e+02
  -1.1800977e+02
  -1.2088830e+02
  -1.2365007e+02
  -1.2131845e+02
  -1.2344949e+02
  -1.2328428e+02
  -1.2395942e+02
  -1.2570090e+02
  -1.2437476e+02
  -1.2615137e+02
  -1.2787314e+02
  -1.2722897e+02
  -1.2880450e+02
  -1.2626028e+02
  -1.2870634e+02
  -1.3006367e+02
  -1.2930333e+02
  -1.3070578e+02
  -1.2984577e+02
  -1.3103500e+02
  -1.3199622e+02
  -1.3205055e+02
  -1.3316039e+02
  -1.3324941e+02
  -1.3391314e+02
  -1.3484999e+02
  -1.3513638e+02
  -1.3603644e+02
  -1.3698620e+02
  -1.3770845e+02
  -1.3867557e+02
  -1.3973412e+02
  -1.4040918e+02
  -1.4055497e+02
  -1.4103468e+02
  -1.4197407e+02
  -1.4280161e+02
  -1.4323545e+02
  -1.4416604e+02
  -1.4462497e+02
  -1.4491920e+02
  -1.4615334e+02
  -1.4543830e+02
  -1.4673951e+02
  -1.4770629e+02
  -1.4740156e+02
  -1.4885118e+02
  -1.4773641e+02
  -1.4916112e+02
  -1.4979700e+02
  -1.4963623e+02
  -1.5114129e+02
  -1.5001889e+02
  -1.5181853e+02
  -1.4938736e+02
  -1.5200972e+02
  -1.5418874e+02
  -1.5211429e+02
  -1.5417221e+02
  -1.5346404e+02
  -1.5457108e+02
  -1.5619445e+02
  -1.5499754e+02
  -1.5659448e+02
  -1.5536438e+02
  -1.5711369e+02
  -1.5956251e+02
  -1.5662753e+02
  -1.5892007e+02
  -1.6060703e+02
  -1.5979458e+02
  -1.6159759e+02
  -1.6039217e+02
  -1.6208999e+02
  -1.6398933e+02
  -1.6243211e+02
  -1.6458315e+02
  -1.6729032e+02
  -1.6480648e+02
  -1.6738980e+02
  -1.7050421e+02
  -1.7354485e+02
  -1.7575739e+02
  -1.7383847e+02
  -1.7610453e+02
  -1.7897643e+02
  -1.7656501e+02
  -1.7899932e+02
  -1.8157702e+02
  -1.7910450e+02
  -1.8107500e+02
  -1.7961171e+02
  -1.8157089e+02
  -1.8418986e+02
  -1.8147296e+02
  -1.8384372e+02
  -1.8692639e+02
  -1.8424155e+02
  -1.8668932e+02
  -1.8445679e+02
  -1.8665603e+02
  -1.8969755e+02
  -1.8691410e+02
  -1.8935763e+02
  -1.8656150e+02
  -1.8884540e+02
  -1.9191072e+02
  -1.8957392e+02
  -1.9224042e+02
  -1.9446966e+02
  -1.9229172e+02
  -1.9499926e+02
  -1.9734704e+02
  -1.9469254e+02
  -1.9762481e+02
  -2.0007378e+02
  -1.9800254e+02
  -1.9953007e+02
  -2.0026845e+02
  -2.0102580e+02
  -2.0244188e+02
  -2.0321997e+02
  -2.0364758e+02
  -2.0507524e+02
  -2.0547132e+02
  -2.0588959e+02
  -2.0745381e+02
  -2.0619494e+02
  -2.0811854e+02
  -2.0543283e+02
  -2.0817055e+02
  -2.1042435e+02
  -2.0826372e+02
  -2.1085610e+02
  -2.1340772e+02
  -2.1098279e+02
  -2.1324175e+02
  -2.1066741e+02
  -2.1305726e+02
  -2.1026834e+02
  -2.1291763e+02
  -2.1588591e+02
  -2.1900905e+02
  -2.2174292e+02
  -2.1864539e+02
  -2.1575172e+02
  -2.1849554e+02
  -2.1556845e+02
  -2.1828835e+02
  -2.2094018e+02
  -2.1816745e+02
  -2.2116410e+02
  -2.2413131e+02
  -2.2682886e+02
  -2.2976830e+02
  -2.2703959e+02
  -2.2399587e+02
  -2.2608802e+02
  -2.2912766e+02
  -2.2661106e+02
  -2.2933496e+02
  -2.3229866e+02
  -2.3519757e+02
  -2.3740212e+02
  -2.3586240e+02
  -2.3789219e+02
  -2.3485891e+02
  -2.3174186e+02
  -2.3453677e+02
  -2.3756616e+02
  -2.4065733e+02
  -2.4344206e+02
  -2.4644581e+02
  -2.4946771e+02
  -2.4649212e+02
  -2.4930089e+02
  -2.5185836e+02
  -2.4948507e+02
  -2.5194467e+02
  -2.5493211e+02
  -2.5806557e+02
  -2.5526165e+02
  -2.5758919e+02
  -2.5470020e+02
  -2.5743027e+02
  -2.5469465e+02
  -2.5735026e+02
  -2.5984189e+02
  -2.6256219e+02
  -2.6083641e+02
  -2.6299974e+02
  -2.6003414e+02
  -2.6267916e+02
  -2.6522484e+02
  -2.6288555e+02
  -2.6489871e+02
  -2.6452390e+02
  -2.6598587e+02
  -2.6786050e+02
  -2.6676963e+02
  -2.6851766e+02
  -2.7069272e+02
  -2.7379446e+02
  -2.7642144e+02
  -2.7466577e+02
  -2.7717212e+02
  -2.7985584e+02
  -2.8204723e+02
  -2.8121997e+02
  -2.8319925e+02
  -2.8536519e+02
  -2.8771427e+02
  -2.8605463e+02
  -2.8795458e+02
  -2.8551603e+02
  -2.8831481e+02
  -2.9063122e+02
  -2.8867268e+02
  -2.9116210e+02
  -2.9373568e+02
  -2.9665116e+02
  -2.9918167e+02
  -2.9785824e+02
  -2.9989034e+02
  -3.0215204e+02
  -2.9971429e+02
  -3.0233993e+02
  -3.0536651e+02
  -3.0847230e+02
  -3.1150777e+02
  -3.0837090e+02
  -3.0524425e+02
  -3.0759725e+02
  -3.0479470e+02
  -3.0772131e+02
  -3.0482021e+02
  -3.0714970e+02
  -3.0429487e+02
  -3.0738875e+02
  -3.0988867e+02
  -3.1301385e+02
  -3.1049559e+02
  -3.1294971e+02
  -3.0982915e+02
  -3.1244656e+02
  -3.1524086e+02
  -3.1278088e+02
  -3.1537016e+02
  -3.1830413e+02
  -3.2142929e+02
  -3.1834088e+02
  -3.2109026e+02
  -3.1796555e+02
  -3.1505731e+02
  -3.1767599e+02
  -3.2014555e+02
  -3.1765241e+02
  -3.2004190e+02
  -3.1761317e+02
  -3.1998978e+02
  -3.1697374e+02
  -3.1973075e+02
  -3.1682429e+02
  -3.1961717e+02
  -3.2249586e+02
  -3.2557187e+02
  -3.2272136e+02
  -3.2501365e+02
  -3.2758436e+02
  -3.2528530e+02
  -3.2827593e+02
  -3.2557569e+02
  -3.2769251e+02
  -3.3008247e+02
  -3.2843463e+02
  -3.3095969e+02
  -3.3375105e+02
  -3.3076322e+02
  -3.3368249e+02
  -3.3655610e+02
  -3.3868078e+02
  -3.3707822e+02
  -3.3954817e+02
  -3.4248407e+02
  -3.4498718e+02
  -3.4191904e+02
  -3.3903910e+02
  -3.4157193e+02
  -3.4396372e+02
  -3.4236158e+02
  -3.4440630e+02
  -3.4664690e+02
  -3.4351858e+02
  -3.4172196e+02
  -3.4423288e+02
  -3.4669770e+02
  -3.4943210e+02
  -3.4709521e+02
  -3.5007373e+02
  -3.5262156e+02
  -3.5560294e+02
  -3.5259343e+02
  -3.4955122e+02
  -3.5169977e+02
  -3.4940123e+02
  -3.5218154e+02
  -3.5525089e+02
  -3.5774031e+02
  -3.5471431e+02
  -3.5782117e+02
  -3.5506381e+02
  -3.5766449e+02
  -3.6057757e+02
  -3.6321420e+02
  -3.6627545e+02
  -3.6351547e+02
  -3.6663629e+02
  -3.6931676e+02
  -3.7240282e+02
  -3.7521045e+02
  -3.7765083e+02
  -3.7549112e+02
  -3.7813167e+02
  -3.8100656e+02
  -3.8410381e+02
  -3.8690654e+02
  -3.8404787e+02
  -3.8700586e+02
  -3.8915597e+02
  -3.8709174e+02
  -3.8931158e+02
  -3.9241965e+02
  -3.8953349e+02
  -3.9252400e+02
  -3.9501378e+02
  -3.9190795e+02
  -3.8900236e+02
  -3.8597780e+02
  -3.8863850e+02
  -3.9169120e+02
  -3.9451030e+02
  -3.9145795e+02
  -3.9429156e+02
  -3.9731007e+02
  -3.9433111e+02
  -3.9646947e+02
  -3.9484937e+02
  -3.9746899e+02
  -3.9979577e+02
  -4.0261741e+02
  -3.9951551e+02
  -4.0224410e+02
  -3.9966920e+02
  -4.0207835e+02
  -3.9912778e+02
  -3.9600521e+02
  -3.9882202e+02
  -4.0190910e+02
  -4.0496900e+02
  -4.0715246e+02
  -4.0527380e+02
  -4.0763569e+02
  -4.0481031e+02
  -4.0737490e+02
  -4.1017189e+02
  -4.1309935e+02
  -4.1586990e+02
  -4.1361293e+02
  -4.1647031e+02
  -4.1906252e+02
  -4.2205885e+02
  -4.1894784e+02
  -4.2089915e+02
  -4.1985734e+02
  -4.2190418e+02
  -4.2445630e+02
  -4.2146815e+02
  -4.2420978e+02
  -4.2151472e+02
  -4.2462420e+02
  -4.2675245e+02
  -4.2399475e+02
  -4.2703200e+02
  -4.3003396e+02
  -4.3255950e+02
  -4.2953495e+02
  -4.2640852e+02
  -4.2924899e+02
  -4.2623301e+02
  -4.2924723e+02
  -4.3210319e+02
  -4.2908869e+02
  -4.3178235e+02
  -4.3405421e+02
  -4.3251409e+02
  -4.3497202e+02
  -4.3736263e+02
  -4.4035464e+02
  -4.3769888e+02
  -4.4013451e+02
  -4.3772840e+02
  -4.4030270e+02
  -4.4289593e+02
  -4.4588539e+02
  -4.4303241e+02
  -4.4575860e+02
  -4.4310711e+02
  -4.4550815e+02
  -4.4297124e+02
  -4.4561835e+02
  -4.4870321e+02
  -4.5168217e+02
  -4.5422779e+02
  -4.5673106e+02
  -4.5476774e+02
  -4.5727719e+02
  -4.6019713e+02
  -4.6301170e+02
  -4.6585204e+02
  -4.6336419e+02
  -4.6539130e+02
  -4.6364532e+02
  -4.6614779e+02
  -4.6836249e+02
  -4.6631154e+02
  -4.6856590e+02
  -4.7049140e+02
  -4.6904382e+02
  -4.7111170e+02
  -4.6840549e+02
  -4.7135869e+02
  -4.7392611e+02
  -4.7700113e+02
  -4.7397386e+02
  -4.7639842e+02
  -4.7424468e+02
  -4.7654228e+02
  -4.7896334e+02
  -4.7696924e+02
  -4.7937938e+02
  -4.8202518e+02
  -4.7931281e+02
  -4.8181861e+02
  -4.7904877e+02
  -4.8213972e+02
  -4.8431256e+02
  -4.8128380e+02
  -4.7887552e+02
  -4.8117508e+02
  -4.8417564e+02
  -4.8715901e+02
  -4.8970024e+02
  -4.8743099e+02
  -4.8979354e+02
  -4.8696887e+02
  -4.8995354e+02
  -4.9266701e+02
  -4.9550825e+02
  -4.9279769e+02
  -4.9544123e+02
  -4.9254108e+02
  -4.9465634e+02
  -4.9395725e+02
  -4.9546211e+02
  -4.9791260e+02
  -4.9501329e+02
  -4.9766693e+02
  -4.9457747e+02
  -4.9750626e+02
  -4.9992557e+02
  -4.9850665e+02
  -5.0069408e+02
  -5.0324257e+02
  -5.0021260e+02
  -5.0277584e+02
  -4.9969068e+02
  -5.0278247e+02
  -5.0546353e+02
  -5.0295956e+02
  -5.0568450e+02
  -5.0780415e+02
  -5.0586577e+02
  -5.0794310e+02
  -5.0526979e+02
  -5.0828821e+02
  -5.1091282e+02
  -5.1376834e+02
  -5.1153249e+02
  -5.1399687e+02
  -5.1700902e+02
  -5.1974950e+02
  -5.2242180e+02
  -5.1990303e+02
  -5.2269037e+02
  -5.1961255e+02
  -5.2247560e+02
  -5.2498349e+02
  -5.2802455e+02
  -5.2524860e+02
  -5.2781542e+02
  -5.2542140e+02
  -5.2790999e+02
  -5.3071929e+02
  -5.3343693e+02
  -5.3075171e+02
  -5.2780770e+02
  -5.3012224e+02
  -5.3185618e+02
  -5.3126004e+02
  -5.3279868e+02
  -5.3388345e+02
  -5.3343101e+02
  -5.3540531e+02
  -5.3237356e+02
  -5.2978610e+02
  -5.3167450e+02
  -5.3014078e+02
  -5.3190880e+02
  -5.3319437e+02
  -5.3301224e+02
  -5.3490954e+02
  -5.3767663e+02
  -5.4073935e+02
  -5.4319904e+02
  -5.4253186e+02
  -5.4411893e+02
  -5.4603937e+02
  -5.4366774e+02
  -5.4616591e+02
  -5.4909274e+02
  -5.4680596e+02
  -5.4918435e+02
  -5.5094669e+02
  -5.5034077e+02
  -5.5188640e+02
  -5.5374149e+02
  -5.5227478e+02
  -5.5479177e+02
  -5.5178264e+02
  -5.5484433e+02
  -5.5741445e+02
  -5.6032001e+02
  -5.6320747e+02
  -5.6523970e+02
  -5.6438155e+02
  -5.6633630e+02
  -5.6886938e+02
  -5.6645797e+02
  -5.6898706e+02
  -5.6619593e+02
  -5.6880551e+02
  -5.7078170e+02
  -5.6935831e+02
  -5.7140665e+02
  -5.7401050e+02
  -5.7149956e+02
  -5.7438455e+02
  -5.7688760e+02
  -5.7422968e+02
  -5.7667468e+02
  -5.7385944e+02
  -5.7685245e+02
  -5.7951046e+02
  -5.7648049e+02
  -5.7340389e+02
  -5.7594933e+02
  -5.7301729e+02
  -5.6988889e+02
  -5.7270038e+02
  -5.7550011e+02
  -5.7829849e+02
  -5.7562038e+02
  -5.7793546e+02
  -5.7552733e+02
  -5.7816202e+02
  -5.8103118e+02
  -5.8340456e+02
  -5.8184520e+02
  -5.8435331e+02
  -5.8728419e+02
  -5.8954903e+02
  -5.8775649e+02
  -5.9014113e+02
  -5.9251135e+02
  -5.9563023e+02
  -5.9288498e+02
  -5.9502441e+02
  -5.9299363e+02
  -5.9538315e+02
  -5.9745564e+02
  -5.9551311e+02
  -5.9792604e+02
  -6.0054530e+02
  -5.9803399e+02
  -6.0050365e+02
  -5.9790445e+02
  -6.0062563e+02
  -6.0238931e+02
  -6.0133545e+02
  -6.0313468e+02
  -6.0544425e+02
  -6.0350939e+02
  -6.0604064e+02
  -6.0877525e+02
  -6.0595245e+02
  -6.0848675e+02
  -6.0572751e+02
  -6.0816731e+02
  -6.0507370e+02
  -6.0218020e+02
  -6.0508926e+02
  -6.0771380e+02
  -6.1076749e+02
  -6.0774348e+02
  -6.1029334e+02
  -6.0750150e+02
  -6.0468038e+02
  -6.0699806e+02
  -6.0916339e+02
  -6.0749370e+02
  -6.0984876e+02
  -6.1259238e+02
  -6.0987049e+02
  -6.1300553e+02
  -6.1499661e+02
  -6.1337155e+02
  -6.1554183e+02
  -6.1814934e+02
  -6.1520042e+02
  -6.1219582e+02
  -6.1501362e+02
  -6.1194746e+02
  -6.1417350e+02
  -6.1219275e+02
  -6.1458361e+02
  -6.1715579e+02
  -6.1405498e+02
  -6.1677023e+02
  -6.1389961e+02
  -6.1116973e+02
  -6.1347143e+02
  -6.1563251e+02
  -6.1386473e+02
  -6.1596098e+02
  -6.1322762e+02
  -6.1592232e+02
  -6.1285962e+02
  -6.1570070e+02
  -6.1875965e+02
  -6.2163754e+02
  -6.1908121e+02
  -6.2114378e+02
  -6.1938785e+02
  -6.2153899e+02
  -6.2388943e+02
  -6.2093006e+02
  -6.2379375e+02
  -6.2141227e+02
  -6.2431585e+02
  -6.2656689e+02
  -6.2891528e+02
  -6.2674199e+02
  -6.2930339e+02
  -6.2702826e+02
  -6.2933923e+02
  -6.3211274e+02
  -6.2910630e+02
  -6.3165293e+02
  -6.2995367e+02
  -6.3224441e+02
  -6.3433636e+02
  -6.3238057e+02
  -6.3461556e+02
  -6.3729402e+02
  -6.3454018e+02
  -6.3753398e+02
  -6.4029918e+02
  -6.3754493e+02
  -6.4012157e+02
  -6.4305340e+02
  -6.4585392e+02
  -6.4280248e+02
  -6.3978009e+02
  -6.4268898e+02
  -6.4552603e+02
  -6.4247074e+02
  -6.4548878e+02
  -6.4830536e+02
  -6.4566319e+02
  -6.4808047e+02
  -6.5055574e+02
  -6.4868721e+02
  -6.5116375e+02
  -6.5361095e+02
  -6.5090763e+02
  -6.5333188e+02
  -6.5635211e+02
  -6.5401029e+02
  -6.5629451e+02
  -6.5847653e+02
  -6.5680339e+02
  -6.5884895e+02
  -6.5634178e+02
  -6.5906191e+02
  -6.6138898e+02
  -6.5903525e+02
  -6.6189535e+02
  -6.6412606e+02
  -6.6178297e+02
  -6.6474250e+02
  -6.6726291e+02
  -6.7001606e+02
  -6.6760423e+02
  -6.7000209e+02
  -6.7214253e+02
  -6.7049519e+02
  -6.7246128e+02
  -6.7023033e+02
  -6.7304624e+02
  -6.7533518e+02
  -6.7279807e+02
  -6.7557376e+02
  -6.7767209e+02
  -6.7597690e+02
  -6.7808177e+02
  -6.7497042e+02
  -6.7195176e+02
  -6.7445303e+02
  -6.7188365e+02
  -6.7486323e+02
  -6.7708884e+02
  -6.7479913e+02
  -6.7717726e+02
  -6.8003880e+02
  -6.7694985e+02
  -6.7957482e+02
  -6.7676443e+02
  -6.7986223e+02
  -6.8281064e+02
  -6.8570953e+02
  -6.8867670e+02
  -6.8553605e+02
  -6.8250104e+02
  -6.8532305e+02
  -6.8823300e+02
  -6.9067419e+02
  -6.8818368e+02
  -6.9099702e+02
  -6.9406284e+02
  -6.9658672e+02
  -6.9362987e+02
  -6.9090358e+02
  -6.9381318e+02
  -6.9594047e+02
  -6.9389373e+02
  -6.9618264e+02
  -6.9841839e+02
  -6.9625920e+02
  -6.9884357e+02
  -7.0117847e+02
  -7.0039967e+02
  -7.0214046e+02
  -7.0458977e+02
  -7.0178428e+02
  -7.0426504e+02
  -7.0160409e+02
  -7.0421157e+02
  -7.0711050e+02
  -7.0405476e+02
  -7.0716050e+02
  -7.0974439e+02
  -7.0710289e+02
  -7.0942335e+02
  -7.1218532e+02
  -7.0966898e+02
  -7.1223722e+02
  -7.0938920e+02
  -7.1249434e+02
  -7.1475900e+02
  -7.1244208e+02
  -7.1518173e+02
  -7.1776990e+02
  -7.1516003e+02
  -7.1785753e+02
  -7.2043190e+02
  -7.1729764e+02
  -7.1467174e+02
  -7.1719688e+02
  -7.2021275e+02
  -7.1724728e+02
  -7.1964851e+02
  -7.1710105e+02
  -7.1987021e+02
  -7.2227858e+02
  -7.2000089e+02
  -7.2241230e+02
  -7.1937635e+02
  -7.2245944e+02
  -7.2498107e+02
  -7.2726707e+02
  -7.2571131e+02
  -7.2774892e+02
  -7.2471910e+02
  -7.2742780e+02
  -7.2503820e+02
  -7.2786237e+02
  -7.3015207e+02
  -7.3288264e+02
  -7.3087481e+02
  -7.3301932e+02
  -7.3016966e+02
  -7.3327948e+02
  -7.3528451e+02
  -7.3321206e+02
  -7.3617191e+02
  -7.3891377e+02
  -7.3592064e+02
  -7.3842221e+02
  -7.4117977e+02
  -7.3861427e+02
  -7.4063533e+02
  -7.3886466e+02
  -7.4101252e+02
  -7.4371141e+02
  -7.4067446e+02
  -7.3759364e+02
  -7.3451385e+02
  -7.3740899e+02
  -7.3985970e+02
  -7.3685291e+02
  -7.3378889e+02
  -7.3100698e+02
  -7.3346513e+02
  -7.3559210e+02
  -7.3396771e+02
  -7.3662975e+02
  -7.3900912e+02
  -7.4202004e+02
  -7.4510164e+02
  -7.4769905e+02
  -7.4501198e+02
  -7.4195573e+02
  -7.4463871e+02
  -7.4692737e+02
  -7.4457234e+02
  -7.4692961e+02
  -7.4490453e+02
  -7.4737030e+02
  -7.5002671e+02
  -7.5269055e+02
  -7.5005093e+02
  -7.5282982e+02
  -7.5004742e+02
  -7.5218940e+02
  -7.5242597e+02
  -7.5299233e+02
  -7.5558673e+02
  -7.5257441e+02
  -7.5506540e+02
  -7.5805441e+02
  -7.5540904e+02
  -7.5793133e+02
  -7.6105477e+02
  -7.5795667e+02
  -7.6001947e+02
  -7.5848018e+02
  -7.6052411e+02
  -7.6289984e+02
  -7.6079348e+02
  -7.6338034e+02
  -7.6581782e+02
  -7.6317639e+02
  -7.6007952e+02
  -7.6293754e+02
  -7.6553889e+02
  -7.6865823e+02
  -7.7122821e+02
  -7.6894590e+02
  -7.7125612e+02
  -7.6867315e+02
  -7.7145742e+02
  -7.7365406e+02
  -7.7187456e+02
  -7.7431355e+02
  -7.7643231e+02
  -7.7556767e+02
  -7.7731204e+02
  -7.7940248e+02
  -7.7633240e+02
  -7.7358934e+02
  -7.7630618e+02
  -7.7317648e+02
  -7.7604762e+02
  -7.7885422e+02
  -7.7602322e+02
  -7.7865034e+02
  -7.7584561e+02
  -7.7816222e+02
  -7.8111112e+02
  -7.7806072e+02
  -7.7511678e+02
  -7.7796090e+02
  -7.7486333e+02
  -7.7747036e+02
  -7.7455618e+02
  -7.7734069e+02
  -7.7436600e+02
  -7.7725588e+02
  -7.7990478e+02
  -7.7736866e+02
  -7.7991973e+02
  -7.7681547e+02
  -7.7993617e+02
  -7.8232648e+02
  -7.8090848e+02
  -7.8300532e+02
  -7.8511819e+02
  -7.8254034e+02
  -7.8481088e+02
  -7.8653170e+02
  -7.8605869e+02
  -7.8802995e+02
  -7.8999119e+02
  -7.8839490e+02
  -7.9021938e+02
  -7.8880828e+02
  -7.9068621e+02
  -7.9307669e+02
  -7.9081099e+02
  -7.9306999e+02
  -7.9505672e+02
  -7.9428200e+02
  -7.9598121e+02
  -7.9790441e+02
  -7.9633187e+02
  -7.9838637e+02
  -7.9551582e+02
  -7.9863274e+02
  -8.0139673e+02
  -7.9843067e+02
  -8.0118358e+02
  -8.0344180e+02
  -8.0156334e+02
  -8.0394103e+02
  -8.0683828e+02
  -8.0417027e+02
  -8.0679034e+02
  -8.0904930e+02
  -8.0683052e+02
  -8.0936113e+02
  -8.0678555e+02
  -8.0904998e+02
  -8.1205105e+02
  -8.0900225e+02
  -8.0591791e+02
  -8.0881003e+02
  -8.1182668e+02
  -8.1452014e+02
  -8.1712766e+02
  -8.1468589e+02
  -8.1688646e+02
  -8.1462628e+02
  -8.1739069e+02
  -8.2049989e+02
  -8.2304645e+02
  -8.2003022e+02
  -8.2281678e+02
  -8.2019261e+02
  -8.2240451e+02
  -8.2000836e+02
  -8.2220979e+02
  -8.2449127e+02
  -8.2262491e+02
  -8.2513008e+02
  -8.2220548e+02
  -8.2525896e+02
  -8.2764722e+02
  -8.2582515e+02
  -8.2802236e+02
  -8.3027479e+02
  -8.2786066e+02
  -8.3074072e+02
  -8.3339097e+02
  -8.3633824e+02
  -8.3348117e+02
  -8.3584591e+02
  -8.3355722e+02
  -8.3584206e+02
  -8.3808639e+02
  -8.3657437e+02
  -8.3872177e+02
  -8.4077303e+02
  -8.3928227e+02
  -8.4124014e+02
  -8.4351610e+02
  -8.4188475e+02
  -8.4420691e+02
  -8.4658902e+02
  -8.4463058e+02
  -8.4668520e+02
  -8.4419489e+02
  -8.4717937e+02
  -8.4949882e+02
  -8.5257988e+02
  -8.5004924e+02
  -8.5233465e+02
  -8.5455388e+02
  -8.5247283e+02
  -8.5453611e+02
  -8.5328508e+02
  -8.5542099e+02
  -8.5738856e+02
  -8.5822342e+02
  -8.5844917e+02
  -8.6009178e+02
  -8.5893713e+02
  -8.6049917e+02
  -8.6225614e+02
  -8.6112926e+02
  -8.6303111e+02
  -8.6457198e+02
  -8.6422017e+02
  -8.6592914e+02
  -8.6810870e+02
  -8.6618173e+02
  -8.6836851e+02
  -8.6580900e+02
  -8.6883757e+02
  -8.7121949e+02
  -8.7366434e+02
  -8.7182504e+02
  -8.7416164e+02
  -8.7697281e+02
  -8.7474910e+02
  -8.7685046e+02
  -8.7933925e+02
  -8.7714827e+02
  -8.7933697e+02
  -8.7730814e+02
  -8.7983193e+02
  -8.8224655e+02
  -8.7970210e+02
  -8.8265676e+02
  -8.8490278e+02
  -8.8192375e+02
  -8.8461931e+02
  -8.8262253e+02
  -8.8518574e+02
  -8.8776836e+02
  -8.9079218e+02
  -8.8800389e+02
  -8.9040856e+02
  -8.8763298e+02
  -8.9034470e+02
  -8.9323131e+02
  -8.9616971e+02
  -8.9366061e+02
  -8.9626492e+02
  -8.9861856e+02
  -8.9632912e+02
  -8.9883020e+02
  -9.0174175e+02
  -9.0472196e+02
  -9.0185976e+02
  -9.0420310e+02
  -9.0123789e+02
  -8.9827004e+02
  -9.0133772e+02
  -9.0378998e+02
  -9.0690129e+02
  -9.0966359e+02
  -9.0770080e+02
  -9.0980876e+02
  -9.1230186e+02
  -9.1006804e+02
  -9.1239401e+02
  -9.1469793e+02
  -9.1323889e+02
  -9.1511103e+02
  -9.1676890e+02
  -9.1557037e+02
  -9.1749026e+02
  -9.1580168e+02
  -9.1781720e+02
  -9.1989459e+02
  -9.1864644e+02
  -9.2056509e+02
  -9.2232040e+02
  -9.2101712e+02
  -9.2274809e+02
  -9.2134603e+02
  -9.2316890e+02
  -9.2526823e+02
  -9.2351766e+02
  -9.2599346e+02
  -9.2316223e+02
  -9.2582956e+02
  -9.2766064e+02
  -9.2713574e+02
  -9.2863627e+02
  -9.3063109e+02
  -9.2863968e+02
  -9.3099450e+02
  -9.2840597e+02
  -9.2529437e+02
  -9.2736407e+02
  -9.2447992e+02
  -9.2760130e+02
  -9.2980665e+02
  -9.2757783e+02
  -9.2992064e+02
  -9.3287483e+02
  -9.3047307e+02
  -9.3305704e+02
  -9.3513682e+02
  -9.3336506e+02
  -9.3559001e+02
  -9.3247962e+02
  -9.3510092e+02
  -9.3205245e+02
  -9.3498075e+02
  -9.3218362e+02
  -9.3481720e+02
  -9.3770071e+02
  -9.3464073e+02
  -9.3725667e+02
  -9.3999045e+02
  -9.3869082e+02
  -9.4056316e+02
  -9.4223852e+02
  -9.4125330e+02
  -9.4305808e+02
  -9.4008972e+02
  -9.4322894e+02
  -9.4551546e+02
  -9.4335352e+02
  -9.4589831e+02
  -9.4780491e+02
  -9.4642592e+02
  -9.4840125e+02
  -9.4550330e+02
  -9.4238336e+02
  -9.4486605e+02
  -9.4753703e+02
  -9.4498875e+02
  -9.4721380e+02
  -9.4546289e+02
  -9.4738227e+02
  -9.4898172e+02
  -9.4828619e+02
  -9.5009043e+02
  -9.5267884e+02
  -9.5048917e+02
  -9.5263261e+02
  -9.5516315e+02
  -9.5305124e+02
  -9.5504935e+02
  -9.5337419e+02
  -9.5550482e+02
  -9.5775523e+02
  -9.5568357e+02
  -9.5781752e+02
  -9.5919827e+02
  -9.5877883e+02
  -9.6083691e+02
  -9.6374598e+02
  -9.6642047e+02
  -9.6456530e+02
  -9.6663540e+02
  -9.6834581e+02
  -9.6822271e+02
  -9.6960142e+02
  -9.7110721e+02
  -9.7076005e+02
  -9.7207006e+02
  -9.7346277e+02
  -9.7252709e+02
  -9.7441912e+02
  -9.7649592e+02
  -9.7570196e+02
  -9.7772236e+02
  -9.7992138e+02
  -9.7743941e+02
  -9.7937103e+02
  -9.7824417e+02
  -9.8015983e+02
  -9.8243110e+02
  -9.8087594e+02
  -9.8354796e+02
  -9.8543361e+02
  -9.8621142e+02
  -9.8624461e+02
  -9.8864018e+02
  -9.8569528e+02
  -9.8843796e+02
  -9.9083821e+02
  -9.8899992e+02
  -9.9142195e+02
  -9.9375538e+02
  -9.9120696e+02
  -9.9400407e+02
  -9.9672322e+02
  -9.9980105e+02
  -9.9685605e+02
  -9.9914965e+02
  -9.9749949e+02
  -9.9977731e+02
  -1.0019614e+03
  -1.0000870e+03
  -1.0029075e+03
  -1.0051030e+03
  -1.0082303e+03
  -1.0051266e+03
  -1.0020618e+03
  -1.0047714e+03
  -1.0076845e+03
  -1.0047448e+03
  -1.0076303e+03
  -1.0105555e+03
  -1.0136702e+03
  -1.0165014e+03
  -1.0195595e+03
  -1.0226826e+03
  -1.0258152e+03
  -1.0279943e+03
  -1.0262998e+03
  -1.0287941e+03
  -1.0312934e+03
  -1.0341769e+03
  -1.0371905e+03
  -1.0402199e+03
  -1.0433350e+03
  -1.0408606e+03
  -1.0429248e+03
  -1.0453051e+03
  -1.0434510e+03
  -1.0458939e+03
  -1.0481386e+03
  -1.0458520e+03
  -1.0481083e+03
  -1.0462047e+03
  -1.0483204e+03
  -1.0452773e+03
  -1.0482593e+03
  -1.0506449e+03
  -1.0480288e+03
  -1.0504663e+03
  -1.0485778e+03
  -1.0508876e+03
  -1.0524931e+03
  -1.0521525e+03
  -1.0533121e+03
  -1.0542057e+03
  -1.0545080e+03
  -1.0556357e+03
  -1.0562915e+03
  -1.0570090e+03
  -1.0582377e+03
  -1.0589761e+03
  -1.0596372e+03
  -1.0608742e+03
  -1.0594882e+03
  -1.0609201e+03
  -1.0620401e+03
  -1.0626664e+03
  -1.0637808e+03
  -1.0648198e+03
  -1.0652026e+03
  -1.0662960e+03
  -1.0667721e+03
  -1.0670553e+03
  -1.0684772e+03
  -1.0677752e+03
  -1.0693731e+03
  -1.0718185e+03
  -1.0692676e+03
  -1.0713677e+03
  -1.0701093e+03
  -1.0719987e+03
  -1.0739867e+03
  -1.0722418e+03
  -1.0746821e+03
  -1.0719587e+03
  -1.0745054e+03
  -1.0770699e+03
  -1.0744896e+03
  -1.0769242e+03
  -1.0789578e+03
  -1.0776189e+03
  -1.0794995e+03
  -1.0814514e+03
  -1.0802427e+03
  -1.0822525e+03
  -1.0817518e+03
  -1.0831155e+03
  -1.0849900e+03
  -1.0824852e+03
  -1.0849303e+03
  -1.0858136e+03
  -1.0855257e+03
  -1.0873410e+03
  -1.0891504e+03
  -1.0880898e+03
  -1.0899678e+03
  -1.0891582e+03
  -1.0908318e+03
  -1.0929257e+03
  -1.0908441e+03
  -1.0931503e+03
  -1.0960830e+03
  -1.0933091e+03
  -1.0957270e+03
  -1.0986239e+03
  -1.0961576e+03
  -1.0980660e+03
  -1.0961913e+03
  -1.0985344e+03
  -1.1006615e+03
  -1.0985342e+03
  -1.1013453e+03
  -1.1036147e+03
  -1.1018817e+03
  -1.1039687e+03
  -1.1061309e+03
  -1.1039262e+03
  -1.1067039e+03
  -1.1037188e+03
  -1.1065720e+03
  -1.1088513e+03
  -1.1073846e+03
  -1.1094189e+03
  -1.1112075e+03
  -1.1100725e+03
  -1.1119720e+03
  -1.1089657e+03
  -1.1118590e+03
  -1.1136561e+03
  -1.1132664e+03
  -1.1146369e+03
  -1.1158362e+03
  -1.1155972e+03
  -1.1167838e+03
  -1.1173010e+03
  -1.1175474e+03
  -1.1186372e+03
  -1.1190910e+03
  -1.1201088e+03
  -1.1213646e+03
  -1.1223093e+03
  -1.1233020e+03
  -1.1246545e+03
  -1.1230461e+03
  -1.1244490e+03
  -1.1252747e+03
  -1.1259715e+03
  -1.1271755e+03
  -1.1278082e+03
  -1.1283544e+03
  -1.1294695e+03
  -1.1297074e+03
  -1.1307176e+03
  -1.1321013e+03
  -1.1320456e+03
  -1.1333297e+03
  -1.1351269e+03
  -1.1335914e+03
  -1.1353882e+03
  -1.1338761e+03
  -1.1357669e+03
  -1.1385823e+03
  -1.1358582e+03
  -1.1380795e+03
  -1.1354675e+03
  -1.1384500e+03
  -1.1409123e+03
  -1.1383275e+03
  -1.1407520e+03
  -1.1434045e+03
  -1.1411828e+03
  -1.1435225e+03
  -1.1404898e+03
  -1.1435305e+03
  -1.1461175e+03
  -1.1436388e+03
  -1.1465131e+03
  -1.1487170e+03
  -1.1461048e+03
  -1.1486639e+03
  -1.1460065e+03
  -1.1485194e+03
  -1.1511484e+03
  -1.1491072e+03
  -1.1518996e+03
  -1.1537669e+03
  -1.1526064e+03
  -1.1542934e+03
  -1.1564755e+03
  -1.1543956e+03
  -1.1572415e+03
  -1.1544394e+03
  -1.1567424e+03
  -1.1590297e+03
  -1.1574425e+03
  -1.1594065e+03
  -1.1609457e+03
  -1.1600564e+03
  -1.1618090e+03
  -1.1642192e+03
  -1.1626460e+03
  -1.1649454e+03
  -1.1674850e+03
  -1.1653333e+03
  -1.1675359e+03
  -1.1650080e+03
  -1.1674373e+03
  -1.1643242e+03
  -1.1671959e+03
  -1.1642217e+03
  -1.1669048e+03
  -1.1644034e+03
  -1.1669209e+03
  -1.1693425e+03
  -1.1663571e+03
  -1.1638039e+03
  -1.1664640e+03
  -1.1687478e+03
  -1.1662823e+03
  -1.1692418e+03
  -1.1718010e+03
  -1.1743637e+03
  -1.1714645e+03
  -1.1743406e+03
  -1.1772682e+03
  -1.1783804e+03
  -1.1784147e+03
  -1.1799435e+03
  -1.1796813e+03
  -1.1805126e+03
  -1.1822290e+03
  -1.1817659e+03
  -1.1831501e+03
  -1.1845859e+03
  -1.1845708e+03
  -1.1858358e+03
  -1.1871920e+03
  -1.1863283e+03
  -1.1879142e+03
  -1.1871361e+03
  -1.1887211e+03
  -1.1909952e+03
  -1.1887957e+03
  -1.1907977e+03
  -1.1921478e+03
  -1.1915524e+03
  -1.1933942e+03
  -1.1908983e+03
  -1.1933912e+03
  -1.1960286e+03
  -1.1937386e+03
  -1.1963645e+03
  -1.1987057e+03
  -1.1956035e+03
  -1.1932187e+03
  -1.1960792e+03
  -1.1984975e+03
  -1.2016055e+03
  -1.1985821e+03
  -1.1958434e+03
  -1.1984327e+03
  -1.2011327e+03
  -1.2040325e+03
  -1.2012726e+03
  -1.2036232e+03
  -1.2016028e+03
  -1.2038547e+03
  -1.2053944e+03
  -1.2045848e+03
  -1.2063231e+03
  -1.2093749e+03
  -1.2066871e+03
  -1.2092364e+03
  -1.2119249e+03
  -1.2092476e+03
  -1.2115781e+03
  -1.2093587e+03
  -1.2118758e+03
  -1.2145981e+03
  -1.2114973e+03
  -1.2088828e+03
  -1.2113254e+03
  -1.2139940e+03
  -1.2169878e+03
  -1.2139546e+03
  -1.2166522e+03
  -1.2136990e+03
  -1.2166298e+03
  -1.2195221e+03
  -1.2167662e+03
  -1.2139053e+03
  -1.2166065e+03
  -1.2186894e+03
  -1.2163210e+03
  -1.2194417e+03
  -1.2218165e+03
  -1.2239048e+03
  -1.2223447e+03
  -1.2239621e+03
  -1.2236088e+03
  -1.2248876e+03
  -1.2274273e+03
  -1.2245366e+03
  -1.2271663e+03
  -1.2299693e+03
  -1.2275146e+03
  -1.2296766e+03
  -1.2280697e+03
  -1.2300263e+03
  -1.2320253e+03
  -1.2301201e+03
  -1.2323912e+03
  -1.2294621e+03
  -1.2321698e+03
  -1.2347435e+03
  -1.2322523e+03
  -1.2352500e+03
  -1.2374511e+03
  -1.2352920e+03
  -1.2382110e+03
  -1.2405383e+03
  -1.2433466e+03
  -1.2405561e+03
  -1.2430700e+03
  -1.2407124e+03
  -1.2429660e+03
  -1.2406107e+03
  -1.2431380e+03
  -1.2455670e+03
  -1.2482739e+03
  -1.2464666e+03
  -1.2488658e+03
  -1.2517679e+03
  -1.2547740e+03
  -1.2574279e+03
  -1.2551779e+03
  -1.2578927e+03
  -1.2603677e+03
  -1.2576670e+03
  -1.2603575e+03
  -1.2626274e+03
  -1.2605840e+03
  -1.2628685e+03
  -1.2660038e+03
  -1.2630964e+03
  -1.2662379e+03
  -1.2686742e+03
  -1.2656537e+03
  -1.2682460e+03
  -1.2660862e+03
  -1.2684465e+03
  -1.2654921e+03
  -1.2684648e+03
  -1.2712757e+03
  -1.2681600e+03
  -1.2650233e+03
  -1.2673562e+03
  -1.2651204e+03
  -1.2676806e+03
  -1.2700856e+03
  -1.2731004e+03
  -1.2704805e+03
  -1.2733770e+03
  -1.2761064e+03
  -1.2791263e+03
  -1.2818591e+03
  -1.2792924e+03
  -1.2816257e+03
  -1.2787241e+03
  -1.2814149e+03
  -1.2786429e+03
  -1.2817636e+03
  -1.2840528e+03
  -1.2863744e+03
  -1.2845494e+03
  -1.2863213e+03
  -1.2860694e+03
  -1.2870667e+03
  -1.2885515e+03
  -1.2884835e+03
  -1.2897961e+03
  -1.2912505e+03
  -1.2913615e+03
  -1.2924983e+03
  -1.2940293e+03
  -1.2931120e+03
  -1.2941180e+03
  -1.2939635e+03
  -1.2954400e+03
  -1.2970728e+03
  -1.2975201e+03
  -1.2981674e+03
  -1.2997556e+03
  -1.2995505e+03
  -1.3005481e+03
  -1.3024508e+03
  -1.3015118e+03
  -1.3033999e+03
  -1.3053645e+03
  -1.3035881e+03
  -1.3056885e+03
  -1.3076824e+03
  -1.3063494e+03
  -1.3084332e+03
  -1.3108509e+03
  -1.3090447e+03
  -1.3110965e+03
  -1.3139146e+03
  -1.3110996e+03
  -1.3082518e+03
  -1.3108108e+03
  -1.3131410e+03
  -1.3108704e+03
  -1.3131706e+03
  -1.3112891e+03
  -1.3139515e+03
  -1.3162950e+03
  -1.3192528e+03
  -1.3164846e+03
  -1.3188755e+03
  -1.3167121e+03
  -1.3190894e+03
  -1.3220978e+03
  -1.3245847e+03
  -1.3224240e+03
  -1.3249067e+03
  -1.3279074e+03
  -1.3306582e+03
  -1.3275949e+03
  -1.3305938e+03
  -1.3336541e+03
  -1.3362411e+03
  -1.3393108e+03
  -1.3423567e+03
  -1.3451206e+03
  -1.3425806e+03
  -1.3447418e+03
  -1.3420013e+03
  -1.3391525e+03
  -1.3418436e+03
  -1.3444391e+03
  -1.3415391e+03
  -1.3385684e+03
  -1.3413078e+03
  -1.3435951e+03
  -1.3415764e+03
  -1.3436475e+03
  -1.3410159e+03
  -1.3438036e+03
  -1.3464524e+03
  -1.3438021e+03
  -1.3406813e+03
  -1.3431804e+03
  -1.3463136e+03
  -1.3488806e+03
  -1.3467338e+03
  -1.3490887e+03
  -1.3513731e+03
  -1.3492408e+03
  -1.3515002e+03
  -1.3485496e+03
  -1.3456434e+03
  -1.3479555e+03
  -1.3509770e+03
  -1.3481643e+03
  -1.3498116e+03
  -1.3493357e+03
  -1.3506657e+03
  -1.3518558e+03
  -1.3517647e+03
  -1.3532189e+03
  -1.3541952e+03
  -1.3546398e+03
  -1.3559514e+03
  -1.3571841e+03
  -1.3569220e+03
  -1.3575925e+03
  -1.3572369e+03
  -1.3587443e+03
  -1.3600963e+03
  -1.3600607e+03
  -1.3613926e+03
  -1.3627874e+03
  -1.3626886e+03
  -1.3640614e+03
  -1.3656817e+03
  -1.3647992e+03
  -1.3665581e+03
  -1.3649520e+03
  -1.3669862e+03
  -1.3693729e+03
  -1.3666894e+03
  -1.3688385e+03
  -1.3667080e+03
  -1.3691840e+03
  -1.3717479e+03
  -1.3691493e+03
  -1.3719993e+03
  -1.3749696e+03
  -1.3724622e+03
  -1.3744000e+03
  -1.3719219e+03
  -1.3750168e+03
  -1.3773386e+03
  -1.3798569e+03
  -1.3782973e+03
  -1.3806972e+03
  -1.3777133e+03
  -1.3801928e+03
  -1.3826087e+03
  -1.3801742e+03
  -1.3829104e+03
  -1.3856678e+03
  -1.3827322e+03
  -1.3857776e+03
  -1.3881470e+03
  -1.3854050e+03
  -1.3825782e+03
  -1.3850616e+03
  -1.3878242e+03
  -1.3847589e+03
  -1.3868326e+03
  -1.3853597e+03
  -1.3872813e+03
  -1.3847883e+03
  -1.3872568e+03
  -1.3899135e+03
  -1.3869606e+03
  -1.3841543e+03
  -1.3865603e+03
  -1.3889979e+03
  -1.3867518e+03
  -1.3894586e+03
  -1.3925622e+03
  -1.3947752e+03
  -1.3927300e+03
  -1.3952724e+03
  -1.3980919e+03
  -1.4010150e+03
  -1.3983119e+03
  -1.4009410e+03
  -1.4035554e+03
  -1.4010142e+03
  -1.4039117e+03
  -1.4057158e+03
  -1.4049958e+03
  -1.4065159e+03
  -1.4088850e+03
  -1.4067305e+03
  -1.4087711e+03
  -1.4070168e+03
  -1.4094610e+03
  -1.4118768e+03
  -1.4094035e+03
  -1.4117477e+03
  -1.4146633e+03
  -1.4118982e+03
  -1.4146359e+03
  -1.4171332e+03
  -1.4142137e+03
  -1.4114377e+03
  -1.4134582e+03
  -1.4117979e+03
  -1.4140856e+03
  -1.4161960e+03
  -1.4167888e+03
  -1.4170812e+03
  -1.4190274e+03
  -1.4159387e+03
  -1.4190437e+03
  -1.4161181e+03
  -1.4188202e+03
  -1.4214722e+03
  -1.4191905e+03
  -1.4221666e+03
  -1.4245714e+03
  -1.4216226e+03
  -1.4246107e+03
  -1.4271636e+03
  -1.4245000e+03
  -1.4215188e+03
  -1.4240341e+03
  -1.4266709e+03
  -1.4239000e+03
  -1.4268809e+03
  -1.4297569e+03
  -1.4325884e+03
  -1.4300897e+03
  -1.4326187e+03
  -1.4352885e+03
  -1.4322447e+03
  -1.4291575e+03
  -1.4317915e+03
  -1.4287506e+03
  -1.4310843e+03
  -1.4291781e+03
