   3.1415927e+00
   6.1881279e+00
   4.4910417e+00
   3.3909719e+00
   2.7727306e+00
   1.8322185e+00
   1.0294656e+00
   3.4897289e-01
  -6.3720551e-01
  -1.4579087e+00
  -2.2424433e+00
  -3.2408615e+00
  -3.9835507e+00
  -4.7268497e+00
  -5.7859686e+00
  -6.6050616e+00
  -7.0236242e+00
  -7.7527363e+00
  -8.1166201e+00
  -8.7694338e+00
  -9.2998394e+00
  -9.8047496e+00
  -1.0727318e+01
  -1.1583671e+01
  -1.2352710e+01
  -1.3182672e+01
  -1.3988546e+01
  -1.4832209e+01
  -1.5680302e+01
  -1.6423297e+01
  -1.7237634e+01
  -1.8147416e+01
  -1.9041915e+01
  -1.9972434e+01
  -2.0965719e+01
  -2.1946236e+01
  -2.2893155e+01
  -2.3839037e+01
  -2.4762539e+01
  -2.5649843e+01
  -2.6538146e+01
  -2.7429099e+01
  -2.8323335e+01
  -2.9225721e+01
  -3.0097971e+01
  -3.0966444e+01
  -3.1885428e+01
  -3.2796168e+01
  -3.3674324e+01
  -3.4591850e+01
  -3.5527198e+01
  -3.6441544e+01
  -3.7386566e+01
  -3.8337977e+01
  -3.9216049e+01
  -4.0086251e+01
  -4.0987432e+01
  -4.1828085e+01
  -4.2667220e+01
  -4.3542563e+01
  -4.4320895e+01
  -4.5098351e+01
  -4.5943136e+01
  -4.6669533e+01
  -4.7403294e+01
  -4.8208840e+01
  -4.8913825e+01
  -4.9668941e+01
  -5.0399075e+01
  -5.0983110e+01
  -5.1704154e+01
  -5.2372663e+01
  -5.3043195e+01
  -5.3814416e+01
  -5.4474084e+01
  -5.5234537e+01
  -5.6041698e+01
  -5.6749581e+01
  -5.7577849e+01
  -5.8409684e+01
  -5.9169105e+01
  -6.0034977e+01
  -6.0870060e+01
  -6.1657533e+01
  -6.2549510e+01
  -6.3397678e+01
  -6.4221567e+01
  -6.5143018e+01
  -6.5999419e+01
  -6.6843676e+01
  -6.7786742e+01
  -6.8644143e+01
  -6.9493112e+01
  -7.0451455e+01
  -7.1328338e+01
  -7.2221348e+01
  -7.3215486e+01
  -7.4108031e+01
  -7.4988261e+01
  -7.5964835e+01
  -7.6848625e+01
  -7.7717893e+01
  -7.8673472e+01
  -7.9548282e+01
  -8.0411814e+01
  -8.1341623e+01
  -8.2189251e+01
  -8.3037769e+01
  -8.3948802e+01
  -8.4784415e+01
  -8.5641258e+01
  -8.6551044e+01
  -8.7386441e+01
  -8.8252710e+01
  -8.9157778e+01
  -8.9973259e+01
  -9.0838061e+01
  -9.1751752e+01
  -9.2576217e+01
  -9.3448655e+01
  -9.4358627e+01
  -9.5170151e+01
  -9.6064718e+01
  -9.6966553e+01
  -9.7560642e+01
  -9.8126992e+01
  -9.7300042e+01
  -9.8106684e+01
  -9.8946460e+01
  -9.9752819e+01
  -1.0073397e+02
  -1.0166593e+02
  -1.0254789e+02
  -1.0353559e+02
  -1.0443194e+02
  -1.0519652e+02
  -1.0610226e+02
  -1.0599631e+02
  -1.0592338e+02
  -1.0657633e+02
  -1.0742343e+02
  -1.0841192e+02
  -1.0926676e+02
  -1.1011212e+02
  -1.1104386e+02
  -1.1188127e+02
  -1.1271969e+02
  -1.1362701e+02
  -1.1444393e+02
  -1.1527931e+02
  -1.1617478e+02
  -1.1697549e+02
  -1.1780651e+02
  -1.1869146e+02
  -1.1949437e+02
  -1.2034627e+02
  -1.2123302e+02
  -1.2202918e+02
  -1.2288042e+02
  -1.2375049e+02
  -1.2454403e+02
  -1.2541880e+02
  -1.2630282e+02
  -1.2711966e+02
  -1.2802440e+02
  -1.2891748e+02
  -1.2973644e+02
  -1.3064746e+02
  -1.3153984e+02
  -1.3237804e+02
  -1.3332844e+02
  -1.3424722e+02
  -1.3509497e+02
  -1.3604954e+02
  -1.3696070e+02
  -1.3780789e+02
  -1.3877850e+02
  -1.3969378e+02
  -1.4053895e+02
  -1.4151547e+02
  -1.4241896e+02
  -1.4324738e+02
  -1.4422260e+02
  -1.4513398e+02
  -1.4597477e+02
  -1.4695806e+02
  -1.4786767e+02
  -1.4869689e+02
  -1.4966123e+02
  -1.5054512e+02
  -1.5137820e+02
  -1.5237297e+02
  -1.5326759e+02
  -1.5409223e+02
  -1.5508620e+02
  -1.5597236e+02
  -1.5680508e+02
  -1.5784188e+02
  -1.5877838e+02
  -1.5963619e+02
  -1.6069665e+02
  -1.6164920e+02
  -1.6249295e+02
  -1.6354857e+02
  -1.6451752e+02
  -1.6536320e+02
  -1.6640032e+02
  -1.6734208e+02
  -1.6815913e+02
  -1.6915253e+02
  -1.7006377e+02
  -1.7087511e+02
  -1.7185179e+02
  -1.7275088e+02
  -1.7356292e+02
  -1.7451362e+02
  -1.7540179e+02
  -1.7623297e+02
  -1.7718351e+02
  -1.7806924e+02
  -1.7889992e+02
  -1.7983247e+02
  -1.8071374e+02
  -1.8157579e+02
  -1.8252605e+02
  -1.8340652e+02
  -1.8427873e+02
  -1.8526584e+02
  -1.8617991e+02
  -1.8702428e+02
  -1.8793586e+02
  -1.8866688e+02
  -1.8938586e+02
  -1.9028565e+02
  -1.9099147e+02
  -1.9180928e+02
  -1.9276076e+02
  -1.9348828e+02
  -1.9437287e+02
  -1.9536411e+02
  -1.9606791e+02
  -1.9700397e+02
  -1.9805030e+02
  -1.9868011e+02
  -1.9970120e+02
  -2.0096331e+02
  -2.0138730e+02
  -2.0267640e+02
  -2.0488645e+02
  -2.0658171e+02
  -2.0684355e+02
  -2.0820568e+02
  -2.0943360e+02
  -2.0996991e+02
  -2.1099308e+02
  -2.1202345e+02
  -2.1263861e+02
  -2.1365878e+02
  -2.1467534e+02
  -2.1532960e+02
  -2.1633821e+02
  -2.1731288e+02
  -2.1800111e+02
  -2.1900099e+02
  -2.1994556e+02
  -2.2064601e+02
  -2.2168742e+02
  -2.2265674e+02
  -2.2337549e+02
  -2.2439933e+02
  -2.2535040e+02
  -2.2607534e+02
  -2.2709131e+02
  -2.2799472e+02
  -2.2870495e+02
  -2.2973128e+02
  -2.3061650e+02
  -2.3135897e+02
  -2.3239711e+02
  -2.3329925e+02
  -2.3407017e+02
  -2.3511299e+02
  -2.3600662e+02
  -2.3677367e+02
  -2.3779464e+02
  -2.3866716e+02
  -2.3945846e+02
  -2.4050881e+02
  -2.4137943e+02
  -2.4215667e+02
  -2.4318614e+02
  -2.4400996e+02
  -2.4481988e+02
  -2.4592093e+02
  -2.4678835e+02
  -2.4759086e+02
  -2.4869429e+02
  -2.4952951e+02
  -2.5030973e+02
  -2.5146351e+02
  -2.5239281e+02
  -2.5318948e+02
  -2.5436587e+02
  -2.5530158e+02
  -2.5604689e+02
  -2.5719282e+02
  -2.5812434e+02
  -2.5887270e+02
  -2.6003010e+02
  -2.6096494e+02
  -2.6170740e+02
  -2.6281547e+02
  -2.6375910e+02
  -2.6451432e+02
  -2.6561138e+02
  -2.6657275e+02
  -2.6733005e+02
  -2.6838279e+02
  -2.6936908e+02
  -2.7019431e+02
  -2.7124391e+02
  -2.7221043e+02
  -2.7291571e+02
  -2.7390241e+02
  -2.7479363e+02
  -2.7547754e+02
  -2.7650830e+02
  -2.7742551e+02
  -2.7815202e+02
  -2.7919819e+02
  -2.8006101e+02
  -2.8077157e+02
  -2.8183971e+02
  -2.8271834e+02
  -2.8348034e+02
  -2.8460145e+02
  -2.8551536e+02
  -2.8626342e+02
  -2.8733791e+02
  -2.8820182e+02
  -2.8895626e+02
  -2.9006015e+02
  -2.9097454e+02
  -2.9178711e+02
  -2.9287547e+02
  -2.9373788e+02
  -2.9452063e+02
  -2.9561302e+02
  -2.9651342e+02
  -2.9730800e+02
  -2.9839205e+02
  -2.9926806e+02
  -3.0003905e+02
  -3.0110319e+02
  -3.0195052e+02
  -3.0271372e+02
  -3.0377967e+02
  -3.0463234e+02
  -3.0542850e+02
  -3.0649086e+02
  -3.0732302e+02
  -3.0811799e+02
  -3.0921826e+02
  -3.1008144e+02
  -3.1088684e+02
  -3.1197412e+02
  -3.1277661e+02
  -3.1356726e+02
  -3.1469680e+02
  -3.1552144e+02
  -3.1631931e+02
  -3.1747028e+02
  -3.1831786e+02
  -3.1915158e+02
  -3.2034647e+02
  -3.2124371e+02
  -3.2199522e+02
  -3.2318177e+02
  -3.2407487e+02
  -3.2475627e+02
  -3.2590031e+02
  -3.2674657e+02
  -3.2745040e+02
  -3.2863790e+02
  -3.2952439e+02
  -3.3026352e+02
  -3.3140670e+02
  -3.3230615e+02
  -3.3305267e+02
  -3.3421944e+02
  -3.3515020e+02
  -3.3587705e+02
  -3.3701675e+02
  -3.3794123e+02
  -3.3863175e+02
  -3.3975794e+02
  -3.4069982e+02
  -3.4140828e+02
  -3.4253241e+02
  -3.4342238e+02
  -3.4413989e+02
  -3.4528648e+02
  -3.4622545e+02
  -3.4693453e+02
  -3.4805919e+02
  -3.4891782e+02
  -3.4956619e+02
  -3.5060310e+02
  -3.5140811e+02
  -3.5221343e+02
  -3.5332006e+02
  -3.5418707e+02
  -3.5501356e+02
  -3.5608152e+02
  -3.5691368e+02
  -3.5770364e+02
  -3.5876080e+02
  -3.5963008e+02
  -3.6046638e+02
  -3.6149314e+02
  -3.6227930e+02
  -3.6308382e+02
  -3.6408822e+02
  -3.6486485e+02
  -3.6574089e+02
  -3.6679708e+02
  -3.6756105e+02
  -3.6840705e+02
  -3.6943459e+02
  -3.7021047e+02
  -3.7110143e+02
  -3.7215463e+02
  -3.7292580e+02
  -3.7382709e+02
  -3.7486533e+02
  -3.7555279e+02
  -3.7644951e+02
  -3.7751160e+02
  -3.7821121e+02
  -3.7917922e+02
  -3.8028818e+02
  -3.8091398e+02
  -3.8183487e+02
  -3.8292528e+02
  -3.8354121e+02
  -3.8453118e+02
  -3.8568440e+02
  -3.8630044e+02
  -3.8727837e+02
  -3.8838629e+02
  -3.8890795e+02
  -3.8995559e+02
  -3.9117321e+02
  -3.9175686e+02
  -3.9277626e+02
  -3.9397514e+02
  -3.9453397e+02
  -3.9553414e+02
  -3.9677291e+02
  -3.9727084e+02
  -3.9831648e+02
  -3.9957437e+02
  -3.9995382e+02
  -4.0103034e+02
  -4.0238252e+02
  -4.0268654e+02
  -4.0395787e+02
  -4.0548758e+02
  -4.0577196e+02
  -4.0680882e+02
  -4.0831093e+02
  -4.0869349e+02
  -4.0982806e+02
  -4.1145021e+02
  -4.1227865e+02
  -4.1275121e+02
  -4.1414727e+02
  -4.1490470e+02
  -4.1540599e+02
  -4.1690128e+02
  -4.1774350e+02
  -4.1825316e+02
  -4.1957072e+02
  -4.2023674e+02
  -4.2090770e+02
  -4.2226160e+02
  -4.2285770e+02
  -4.2360392e+02
  -4.2495468e+02
  -4.2556530e+02
  -4.2628377e+02
  -4.2759011e+02
  -4.2802545e+02
  -4.2893141e+02
  -4.3033347e+02
  -4.3081577e+02
  -4.3164651e+02
  -4.3297727e+02
  -4.3332032e+02
  -4.3438615e+02
  -4.3593493e+02
  -4.3657919e+02
  -4.3734060e+02
  -4.3892435e+02
  -4.3931988e+02
  -4.4001419e+02
  -4.4196360e+02
  -4.4362011e+02
  -4.4310166e+02
  -4.4480317e+02
  -4.4618704e+02
  -4.4565314e+02
  -4.4758731e+02
  -4.4917277e+02
  -4.4902064e+02
  -4.5047788e+02
  -4.5170442e+02
  -4.5189774e+02
  -4.5329501e+02
  -4.5463047e+02
  -4.5504995e+02
  -4.5626265e+02
  -4.5745980e+02
  -4.5782822e+02
  -4.5893527e+02
  -4.6012731e+02
  -4.6056874e+02
  -4.6166919e+02
  -4.6277845e+02
  -4.6328155e+02
  -4.6435243e+02
  -4.6542459e+02
  -4.6601402e+02
  -4.6712954e+02
  -4.6822078e+02
  -4.6879607e+02
  -4.6979891e+02
  -4.7079925e+02
  -4.7141925e+02
  -4.7245980e+02
  -4.7347176e+02
  -4.7413043e+02
  -4.7514889e+02
  -4.7610605e+02
  -4.7678249e+02
  -4.7778256e+02
  -4.7870802e+02
  -4.7945706e+02
  -4.8049855e+02
  -4.8141389e+02
  -4.8217234e+02
  -4.8319308e+02
  -4.8405191e+02
  -4.8480723e+02
  -4.8587261e+02
  -4.8675696e+02
  -4.8749355e+02
  -4.8852993e+02
  -4.8940500e+02
  -4.9016495e+02
  -4.9120615e+02
  -4.9206990e+02
  -4.9283769e+02
  -4.9389058e+02
  -4.9475448e+02
  -4.9551038e+02
  -4.9654182e+02
  -4.9739806e+02
  -4.9822088e+02
  -4.9927430e+02
  -5.0008620e+02
  -5.0085917e+02
  -5.0187661e+02
  -5.0266242e+02
  -5.0352119e+02
  -5.0461157e+02
  -5.0541898e+02
  -5.0625556e+02
  -5.0731094e+02
  -5.0807407e+02
  -5.0891244e+02
  -5.0999596e+02
  -5.1078574e+02
  -5.1164497e+02
  -5.1273462e+02
  -5.1353329e+02
  -5.1439154e+02
  -5.1547745e+02
  -5.1627086e+02
  -5.1713897e+02
  -5.1824268e+02
  -5.1901764e+02
  -5.1985447e+02
  -5.2091488e+02
  -5.2168457e+02
  -5.2262603e+02
  -5.2375410e+02
  -5.2445236e+02
  -5.2535349e+02
  -5.2650338e+02
  -5.2725605e+02
  -5.2814711e+02
  -5.2931294e+02
  -5.3000068e+02
  -5.3086536e+02
  -5.3203915e+02
  -5.3268286e+02
  -5.3354289e+02
  -5.3474694e+02
  -5.3542966e+02
  -5.3635080e+02
  -5.3755478e+02
  -5.3823286e+02
  -5.3906056e+02
  -5.4020569e+02
  -5.4091501e+02
  -5.4183303e+02
  -5.4304333e+02
  -5.4374774e+02
  -5.4454550e+02
  -5.4565517e+02
  -5.4632342e+02
  -5.4721006e+02
  -5.4835753e+02
  -5.4905625e+02
  -5.4996661e+02
  -5.5105154e+02
  -5.5167209e+02
  -5.5264387e+02
  -5.5377956e+02
  -5.5442466e+02
  -5.5542607e+02
  -5.5656410e+02
  -5.5712932e+02
  -5.5815095e+02
  -5.5938194e+02
  -5.5986216e+02
  -5.6087618e+02
  -5.6218585e+02
  -5.6232814e+02
  -5.6342807e+02
  -5.6467888e+02
  -5.6481504e+02
  -5.6609564e+02
  -5.6756982e+02
  -5.6755385e+02
  -5.6893810e+02
  -5.7053465e+02
  -5.6958572e+02
  -5.7125529e+02
  -5.7305637e+02
  -5.7183271e+02
  -5.7388731e+02
  -5.7661016e+02
  -5.7432021e+02
  -5.7650864e+02
  -5.7480777e+02
  -5.7683034e+02
  -5.7895609e+02
  -5.7726562e+02
  -5.7909859e+02
  -5.7942344e+02
  -5.7998165e+02
  -5.8146565e+02
  -5.8180826e+02
  -5.8260032e+02
  -5.8385368e+02
  -5.8417729e+02
  -5.8518701e+02
  -5.8639990e+02
  -5.8698387e+02
  -5.8800044e+02
  -5.8914109e+02
  -5.8976947e+02
  -5.9073979e+02
  -5.9185168e+02
  -5.9246122e+02
  -5.9341848e+02
  -5.9448312e+02
  -5.9511340e+02
  -5.9606296e+02
  -5.9711184e+02
  -5.9781774e+02
  -5.9880299e+02
  -5.9982244e+02
  -6.0049816e+02
  -6.0146990e+02
  -6.0246290e+02
  -6.0314457e+02
  -6.0412205e+02
  -6.0509858e+02
  -6.0579554e+02
  -6.0677378e+02
  -6.0769109e+02
  -6.0840011e+02
  -6.0941022e+02
  -6.1034745e+02
  -6.1110461e+02
  -6.1214049e+02
  -6.1307204e+02
  -6.1380252e+02
  -6.1481743e+02
  -6.1574026e+02
  -6.1649450e+02
  -6.1752722e+02
  -6.1846067e+02
  -6.1920578e+02
  -6.2020469e+02
  -6.2109697e+02
  -6.2187625e+02
  -6.2291918e+02
  -6.2382708e+02
  -6.2459295e+02
  -6.2562063e+02
  -6.2649585e+02
  -6.2724976e+02
  -6.2829157e+02
  -6.2918241e+02
  -6.2996773e+02
  -6.3101147e+02
  -6.3186605e+02
  -6.3263629e+02
  -6.3368389e+02
  -6.3454016e+02
  -6.3531530e+02
  -6.3637260e+02
  -6.3721835e+02
  -6.3800367e+02
  -6.3905335e+02
  -6.3988089e+02
  -6.4066855e+02
  -6.4174188e+02
  -6.4258914e+02
  -6.4341174e+02
  -6.4447325e+02
  -6.4526851e+02
  -6.4607027e+02
  -6.4713034e+02
  -6.4795855e+02
  -6.4882700e+02
  -6.4991839e+02
  -6.5072179e+02
  -6.5154944e+02
  -6.5261127e+02
  -6.5338625e+02
  -6.5424255e+02
  -6.5534770e+02
  -6.5614622e+02
  -6.5695994e+02
  -6.5799207e+02
  -6.5876636e+02
  -6.5965443e+02
  -6.6071920e+02
  -6.6149050e+02
  -6.6238709e+02
  -6.6343731e+02
  -6.6414352e+02
  -6.6504941e+02
  -6.6614224e+02
  -6.6689232e+02
  -6.6782168e+02
  -6.6893258e+02
  -6.6965528e+02
  -6.7051930e+02
  -6.7160026e+02
  -6.7232390e+02
  -6.7324493e+02
  -6.7438607e+02
  -6.7510356e+02
  -6.7598904e+02
  -6.7706019e+02
  -6.7770301e+02
  -6.7863471e+02
  -6.7976221e+02
  -6.8039098e+02
  -6.8135927e+02
  -6.8251156e+02
  -6.8311570e+02
  -6.8407305e+02
  -6.8525178e+02
  -6.8593645e+02
  -6.8695215e+02
  -6.8813000e+02
  -6.8858732e+02
  -6.8960825e+02
  -6.9082023e+02
  -6.9122028e+02
  -6.9231073e+02
  -6.9366621e+02
  -6.9402885e+02
  -6.9508062e+02
  -6.9641720e+02
  -6.9678352e+02
  -6.9781760e+02
  -6.9924917e+02
  -6.9954960e+02
  -7.0066044e+02
  -7.0214224e+02
  -7.0180292e+02
  -7.0317378e+02
  -7.0495866e+02
  -7.0373666e+02
  -7.0579046e+02
  -7.0879075e+02
  -7.0599989e+02
  -7.0816888e+02
  -7.0564624e+02
  -7.0819899e+02
  -7.1107427e+02
  -7.0845624e+02
  -7.1046582e+02
  -7.1077697e+02
  -7.1143243e+02
  -7.1310271e+02
  -7.1356987e+02
  -7.1421502e+02
  -7.1566997e+02
  -7.1597647e+02
  -7.1687420e+02
  -7.1834191e+02
  -7.1878295e+02
  -7.1956507e+02
  -7.2068343e+02
  -7.2101698e+02
  -7.2204565e+02
  -7.2321408e+02
  -7.2380044e+02
  -7.2484902e+02
  -7.2595985e+02
  -7.2655767e+02
  -7.2758436e+02
  -7.2864520e+02
  -7.2908530e+02
  -7.3014032e+02
  -7.3122322e+02
  -7.3184195e+02
  -7.3286601e+02
  -7.3385836e+02
  -7.3450706e+02
  -7.3552803e+02
  -7.3650172e+02
  -7.3719300e+02
  -7.3827762e+02
  -7.3927075e+02
  -7.3987897e+02
  -7.4088408e+02
  -7.4183870e+02
  -7.4252835e+02
  -7.4355834e+02
  -7.4451698e+02
  -7.4526743e+02
  -7.4628831e+02
  -7.4717423e+02
  -7.4790716e+02
  -7.4897524e+02
  -7.4991358e+02
  -7.5064604e+02
  -7.5166589e+02
  -7.5252027e+02
  -7.5325058e+02
  -7.5431203e+02
  -7.5519047e+02
  -7.5598031e+02
  -7.5706560e+02
  -7.5792484e+02
  -7.5865116e+02
  -7.5971945e+02
  -7.6062936e+02
  -7.6141254e+02
  -7.6246918e+02
  -7.6331807e+02
  -7.6409211e+02
  -7.6517231e+02
  -7.6602563e+02
  -7.6678464e+02
  -7.6786788e+02
  -7.6872554e+02
  -7.6950038e+02
  -7.7055365e+02
  -7.7136762e+02
  -7.7217927e+02
  -7.7327558e+02
  -7.7407811e+02
  -7.7488282e+02
  -7.7595464e+02
  -7.7666399e+02
  -7.7747775e+02
  -7.7856875e+02
  -7.7930672e+02
  -7.8018005e+02
  -7.8131236e+02
  -7.8208695e+02
  -7.8292780e+02
  -7.8399551e+02
  -7.8470786e+02
  -7.8557813e+02
  -7.8669220e+02
  -7.8744026e+02
  -7.8831383e+02
  -7.8937943e+02
  -7.9009590e+02
  -7.9097290e+02
  -7.9202553e+02
  -7.9273661e+02
  -7.9370146e+02
  -7.9483166e+02
  -7.9556426e+02
  -7.9640481e+02
  -7.9745719e+02
  -7.9822823e+02
  -7.9913089e+02
  -8.0016677e+02
  -8.0091623e+02
  -8.0186446e+02
  -8.0288469e+02
  -8.0356115e+02
  -8.0453312e+02
  -8.0560062e+02
  -8.0631279e+02
  -8.0731579e+02
  -8.0835759e+02
  -8.0894782e+02
  -8.0994035e+02
  -8.1104635e+02
  -8.1168524e+02
  -8.1272816e+02
  -8.1384921e+02
  -8.1447542e+02
  -8.1547903e+02
  -8.1657046e+02
  -8.1718782e+02
  -8.1820414e+02
  -8.1937261e+02
  -8.2003530e+02
  -8.2100579e+02
  -8.2210585e+02
  -8.2266852e+02
  -8.2367884e+02
  -8.2483631e+02
  -8.2546028e+02
  -8.2648470e+02
  -8.2759638e+02
  -8.2804450e+02
  -8.2906983e+02
  -8.3020279e+02
  -8.3078397e+02
  -8.3188088e+02
  -8.3297862e+02
  -8.3332085e+02
  -8.3449003e+02
  -8.3557309e+02
  -8.3577839e+02
  -8.3714883e+02
  -8.3849383e+02
  -8.3834993e+02
  -8.3969623e+02
  -8.4073188e+02
  -8.4082446e+02
  -8.4252844e+02
  -8.4534916e+02
  -8.4268366e+02
  -8.4498391e+02
  -8.4308222e+02
  -8.4531310e+02
  -8.4778901e+02
  -8.4563785e+02
  -8.4731263e+02
  -8.4719510e+02
  -8.4822207e+02
  -8.4974998e+02
  -8.5008077e+02
  -8.5105432e+02
  -8.5236604e+02
  -8.5262381e+02
  -8.5364509e+02
  -8.5489295e+02
  -8.5539992e+02
  -8.5640512e+02
  -8.5757432e+02
  -8.5811106e+02
  -8.5909009e+02
  -8.6018499e+02
  -8.6072619e+02
  -8.6175280e+02
  -8.6284928e+02
  -8.6343385e+02
  -8.6447447e+02
  -8.6553731e+02
  -8.6613901e+02
  -8.6717680e+02
  -8.6822547e+02
  -8.6875682e+02
  -8.6976644e+02
  -8.7077304e+02
  -8.7140672e+02
  -8.7243067e+02
  -8.7342256e+02
  -8.7410180e+02
  -8.7512713e+02
  -8.7607980e+02
  -8.7677280e+02
  -8.7778718e+02
  -8.7870418e+02
  -8.7944424e+02
  -8.8051718e+02
  -8.8140226e+02
  -8.8207889e+02
  -8.8314165e+02
  -8.8401794e+02
  -8.8469714e+02
  -8.8575207e+02
  -8.8666779e+02
  -8.8743354e+02
  -8.8848970e+02
  -8.8935059e+02
  -8.9012808e+02
  -8.9118689e+02
  -8.9204894e+02
  -8.9282428e+02
  -8.9388923e+02
  -8.9477049e+02
  -8.9558684e+02
  -8.9662671e+02
  -8.9742737e+02
  -8.9823395e+02
  -8.9930938e+02
  -9.0010826e+02
  -9.0093412e+02
  -9.0200300e+02
  -9.0278279e+02
  -9.0362200e+02
  -9.0471074e+02
  -9.0551512e+02
  -9.0635421e+02
  -9.0746564e+02
  -9.0829731e+02
  -9.0909723e+02
  -9.1013870e+02
  -9.1091676e+02
  -9.1176672e+02
  -9.1286313e+02
  -9.1366537e+02
  -9.1451232e+02
  -9.1559025e+02
  -9.1638518e+02
  -9.1722410e+02
  -9.1828348e+02
  -9.1907004e+02
  -9.1995264e+02
  -9.2105305e+02
  -9.2182832e+02
  -9.2262093e+02
  -9.2366865e+02
  -9.2444162e+02
  -9.2531799e+02
  -9.2636602e+02
  -9.2712533e+02
  -9.2806883e+02
  -9.2916393e+02
  -9.2986395e+02
  -9.3074909e+02
  -9.3186723e+02
  -9.3260129e+02
  -9.3344094e+02
  -9.3447173e+02
  -9.3511122e+02
  -9.3605443e+02
  -9.3714904e+02
  -9.3782211e+02
  -9.3884306e+02
  -9.3997163e+02
  -9.4063173e+02
  -9.4158048e+02
  -9.4267862e+02
  -9.4326946e+02
  -9.4429779e+02
  -9.4543727e+02
  -9.4588143e+02
  -9.4685801e+02
  -9.4796558e+02
  -9.4847198e+02
  -9.4948717e+02
  -9.5050198e+02
  -9.5107567e+02
  -9.5223315e+02
  -9.5318113e+02
  -9.5357074e+02
  -9.5476347e+02
  -9.5572736e+02
  -9.5618309e+02
  -9.5751776e+02
  -9.5849815e+02
  -9.5876576e+02
  -9.6004166e+02
  -9.6083519e+02
  -9.6124002e+02
  -9.6262359e+02
  -9.6335639e+02
  -9.6381459e+02
  -9.6532218e+02
  -9.6602115e+02
  -9.6636376e+02
  -9.6873913e+02
  -9.6613479e+02
  -9.6853520e+02
  -9.6592555e+02
  -9.6840738e+02
  -9.7021322e+02
  -9.6983474e+02
  -9.7127633e+02
  -9.7259803e+02
  -9.7249654e+02
  -9.7385189e+02
  -9.7506776e+02
  -9.7542326e+02
  -9.7667226e+02
  -9.7773704e+02
  -9.7810078e+02
  -9.7932897e+02
  -9.8050888e+02
  -9.8091669e+02
  -9.8210962e+02
  -9.8330957e+02
  -9.8385108e+02
  -9.8486256e+02
  -9.8593416e+02
  -9.8649519e+02
  -9.8756643e+02
  -9.8869589e+02
  -9.8938530e+02
  -9.9042946e+02
  -9.9146780e+02
  -9.9205748e+02
  -9.9315382e+02
  -9.9429690e+02
  -9.9488468e+02
  -9.9583158e+02
  -9.9680523e+02
  -9.9745229e+02
  -9.9851431e+02
  -9.9953215e+02
  -1.0002707e+03
  -1.0013799e+03
  -1.0023672e+03
  -1.0029821e+03
  -1.0040496e+03
  -1.0050658e+03
  -1.0056751e+03
  -1.0067279e+03
  -1.0077336e+03
  -1.0084218e+03
  -1.0094736e+03
  -1.0103948e+03
  -1.0110090e+03
  -1.0120881e+03
  -1.0130963e+03
  -1.0137989e+03
  -1.0148723e+03
  -1.0158897e+03
  -1.0166100e+03
  -1.0176331e+03
  -1.0185645e+03
  -1.0192312e+03
  -1.0202863e+03
  -1.0212208e+03
  -1.0219102e+03
  -1.0229499e+03
  -1.0238417e+03
  -1.0245795e+03
  -1.0256584e+03
  -1.0265574e+03
  -1.0272946e+03
  -1.0283374e+03
  -1.0291902e+03
  -1.0299465e+03
  -1.0310415e+03
  -1.0319425e+03
  -1.0327387e+03
  -1.0338015e+03
  -1.0345852e+03
  -1.0353255e+03
  -1.0363728e+03
  -1.0371293e+03
  -1.0379936e+03
  -1.0391544e+03
  -1.0399151e+03
  -1.0406596e+03
  -1.0418057e+03
  -1.0426516e+03
  -1.0434124e+03
  -1.0445544e+03
  -1.0453613e+03
  -1.0461131e+03
  -1.0472217e+03
  -1.0479470e+03
  -1.0487182e+03
  -1.0498696e+03
  -1.0506371e+03
  -1.0514708e+03
  -1.0526583e+03
  -1.0533951e+03
  -1.0541913e+03
  -1.0553773e+03
  -1.0561378e+03
  -1.0569754e+03
  -1.0581833e+03
  -1.0588936e+03
  -1.0596724e+03
  -1.0608606e+03
  -1.0616261e+03
  -1.0624723e+03
  -1.0636666e+03
  -1.0643762e+03
  -1.0652113e+03
  -1.0663585e+03
  -1.0669848e+03
  -1.0678070e+03
  -1.0689835e+03
  -1.0697128e+03
  -1.0706330e+03
  -1.0717291e+03
  -1.0722835e+03
  -1.0732343e+03
  -1.0743640e+03
  -1.0749165e+03
  -1.0758997e+03
  -1.0770311e+03
  -1.0775252e+03
  -1.0784782e+03
  -1.0795404e+03
  -1.0800552e+03
  -1.0811213e+03
  -1.0822600e+03
  -1.0828915e+03
  -1.0839853e+03
  -1.0851026e+03
  -1.0854702e+03
  -1.0865159e+03
  -1.0877153e+03
  -1.0880877e+03
  -1.0891971e+03
  -1.0903912e+03
  -1.0907436e+03
  -1.0917905e+03
  -1.0928325e+03
  -1.0932139e+03
  -1.0944809e+03
  -1.0955328e+03
  -1.0957175e+03
  -1.0971209e+03
  -1.0979195e+03
  -1.0982108e+03
  -1.0999452e+03
  -1.1029283e+03
  -1.1001967e+03
  -1.1028800e+03
  -1.0998866e+03
  -1.1025131e+03
  -1.1043934e+03
  -1.1031067e+03
  -1.1046521e+03
  -1.1050856e+03
  -1.1059978e+03
  -1.1075363e+03
  -1.1076911e+03
  -1.1086604e+03
  -1.1098878e+03
  -1.1099560e+03
  -1.1110365e+03
  -1.1122400e+03
  -1.1126172e+03
  -1.1137641e+03
  -1.1149855e+03
  -1.1154299e+03
  -1.1164900e+03
  -1.1175370e+03
  -1.1180448e+03
  -1.1191924e+03
  -1.1203496e+03
  -1.1207222e+03
  -1.1218088e+03
  -1.1228801e+03
  -1.1233496e+03
  -1.1243926e+03
  -1.1254093e+03
  -1.1260370e+03
  -1.1271576e+03
  -1.1281333e+03
  -1.1287200e+03
  -1.1298542e+03
  -1.1307987e+03
  -1.1312536e+03
  -1.1323601e+03
  -1.1332712e+03
  -1.1339893e+03
  -1.1351405e+03
  -1.1359898e+03
  -1.1366302e+03
  -1.1377692e+03
  -1.1386581e+03
  -1.1394236e+03
  -1.1405588e+03
  -1.1414141e+03
  -1.1421197e+03
  -1.1432553e+03
  -1.1441072e+03
  -1.1448510e+03
  -1.1460623e+03
  -1.1469497e+03
  -1.1476098e+03
  -1.1487020e+03
  -1.1494392e+03
  -1.1502105e+03
  -1.1514162e+03
  -1.1522741e+03
  -1.1530294e+03
  -1.1541584e+03
  -1.1549408e+03
  -1.1557255e+03
  -1.1568779e+03
  -1.1576589e+03
  -1.1584719e+03
  -1.1596942e+03
  -1.1605790e+03
  -1.1613044e+03
  -1.1624283e+03
  -1.1632199e+03
  -1.1640191e+03
  -1.1651705e+03
  -1.1659616e+03
  -1.1667054e+03
  -1.1678296e+03
  -1.1686710e+03
  -1.1694629e+03
  -1.1705861e+03
  -1.1714281e+03
  -1.1722389e+03
  -1.1733258e+03
  -1.1740760e+03
  -1.1748487e+03
  -1.1759537e+03
  -1.1767477e+03
  -1.1775670e+03
  -1.1786572e+03
  -1.1794095e+03
  -1.1802438e+03
  -1.1813275e+03
  -1.1820352e+03
  -1.1829093e+03
  -1.1840212e+03
  -1.1847004e+03
  -1.1855240e+03
  -1.1866304e+03
  -1.1873580e+03
  -1.1882365e+03
  -1.1893521e+03
  -1.1900518e+03
  -1.1909418e+03
  -1.1920446e+03
  -1.1927610e+03
  -1.1936782e+03
  -1.1948326e+03
  -1.1955560e+03
  -1.1964985e+03
  -1.1976642e+03
  -1.1983541e+03
  -1.1992341e+03
  -1.2003705e+03
  -1.2009777e+03
  -1.2019270e+03
  -1.2031217e+03
  -1.2037453e+03
  -1.2046063e+03
  -1.2057418e+03
  -1.2064045e+03
  -1.2073468e+03
  -1.2085069e+03
  -1.2092385e+03
  -1.2101605e+03
  -1.2112237e+03
  -1.2118886e+03
  -1.2128812e+03
  -1.2140129e+03
  -1.2147125e+03
  -1.2156712e+03
  -1.2167365e+03
  -1.2172801e+03
  -1.2182251e+03
  -1.2193069e+03
  -1.2198672e+03
  -1.2208704e+03
  -1.2218824e+03
  -1.2224662e+03
  -1.2235590e+03
  -1.2244909e+03
  -1.2249184e+03
  -1.2262604e+03
  -1.2275069e+03
  -1.2277520e+03
  -1.2290229e+03
  -1.2301770e+03
  -1.2301815e+03
  -1.2315749e+03
  -1.2328112e+03
  -1.2325726e+03
  -1.2343024e+03
  -1.2358417e+03
  -1.2352922e+03
  -1.2370909e+03
  -1.2391832e+03
  -1.2381880e+03
  -1.2403083e+03
  -1.2421848e+03
  -1.2418144e+03
  -1.2431403e+03
  -1.2451948e+03
  -1.2468137e+03
  -1.2466129e+03
  -1.2483920e+03
  -1.2496400e+03
  -1.2492543e+03
  -1.2511058e+03
  -1.2527881e+03
  -1.2524551e+03
  -1.2540648e+03
  -1.2554881e+03
  -1.2552486e+03
  -1.2567311e+03
  -1.2580937e+03
  -1.2583984e+03
  -1.2596276e+03
  -1.2606033e+03
  -1.2611041e+03
  -1.2623267e+03
  -1.2633859e+03
  -1.2638804e+03
  -1.2650732e+03
  -1.2661414e+03
  -1.2666870e+03
  -1.2676953e+03
  -1.2686173e+03
  -1.2692366e+03
  -1.2702690e+03
  -1.2711909e+03
  -1.2719162e+03
  -1.2729550e+03
  -1.2738763e+03
  -1.2746468e+03
  -1.2756795e+03
  -1.2766504e+03
  -1.2774707e+03
  -1.2784633e+03
  -1.2793778e+03
  -1.2801970e+03
  -1.2812059e+03
  -1.2821040e+03
  -1.2828758e+03
  -1.2838677e+03
  -1.2847501e+03
  -1.2855272e+03
  -1.2865249e+03
  -1.2873914e+03
  -1.2881847e+03
  -1.2892354e+03
  -1.2901504e+03
  -1.2909577e+03
  -1.2920084e+03
  -1.2929257e+03
  -1.2936698e+03
  -1.2946891e+03
  -1.2955716e+03
  -1.2963337e+03
  -1.2973767e+03
  -1.2981301e+03
  -1.2988822e+03
  -1.2999622e+03
  -1.3006593e+03
  -1.3015093e+03
  -1.3027022e+03
  -1.3034973e+03
  -1.3042476e+03
  -1.3053265e+03
  -1.3060416e+03
  -1.3069216e+03
  -1.3081119e+03
  -1.3088856e+03
  -1.3097283e+03
  -1.3108581e+03
  -1.3115083e+03
  -1.3123298e+03
  -1.3134299e+03
  -1.3141031e+03
  -1.3151344e+03
  -1.3163319e+03
  -1.3169384e+03
  -1.3178507e+03
  -1.3190481e+03
  -1.3195854e+03
  -1.3205844e+03
  -1.3219535e+03
  -1.3226400e+03
  -1.3233698e+03
  -1.3246266e+03
  -1.3252569e+03
  -1.3260411e+03
  -1.3272900e+03
  -1.3279612e+03
  -1.3288038e+03
  -1.3299204e+03
  -1.3303294e+03
  -1.3313321e+03
  -1.3326567e+03
  -1.3333074e+03
  -1.3343133e+03
  -1.3355971e+03
  -1.3360585e+03
  -1.3368966e+03
  -1.3381492e+03
  -1.3385098e+03
  -1.3394701e+03
  -1.3408330e+03
  -1.3414126e+03
  -1.3423208e+03
  -1.3434855e+03
  -1.3436897e+03
  -1.3447994e+03
  -1.3461809e+03
  -1.3464514e+03
  -1.3477467e+03
  -1.3494565e+03
  -1.3501504e+03
  -1.3509238e+03
  -1.3532073e+03
  -1.3548380e+03
  -1.3556090e+03
  -1.3566918e+03
  -1.3580801e+03
  -1.3590399e+03
  -1.3598885e+03
  -1.3610025e+03
  -1.3616899e+03
  -1.3623966e+03
  -1.3634737e+03
  -1.3642942e+03
  -1.3651642e+03
  -1.3662471e+03
  -1.3669936e+03
  -1.3678523e+03
  -1.3689064e+03
  -1.3696481e+03
  -1.3705016e+03
  -1.3715929e+03
  -1.3724444e+03
  -1.3733462e+03
  -1.3743981e+03
  -1.3751304e+03
  -1.3760040e+03
  -1.3769742e+03
  -1.3773018e+03
  -1.3784419e+03
  -1.3795137e+03
  -1.3795720e+03
  -1.3808018e+03
  -1.3817273e+03
  -1.3819700e+03
  -1.3832849e+03
  -1.3841855e+03
  -1.3846027e+03
  -1.3859392e+03
  -1.3867432e+03
  -1.3871813e+03
  -1.3885618e+03
  -1.3895458e+03
  -1.3899568e+03
  -1.3913710e+03
  -1.3923426e+03
  -1.3927858e+03
  -1.3941730e+03
  -1.3952727e+03
  -1.3957334e+03
  -1.3971654e+03
  -1.3983151e+03
  -1.3985663e+03
  -1.3998295e+03
  -1.4009098e+03
  -1.4014899e+03
  -1.4028791e+03
  -1.4040930e+03
  -1.4044568e+03
  -1.4056090e+03
  -1.4065862e+03
  -1.4069280e+03
  -1.4081404e+03
  -1.4091440e+03
  -1.4096216e+03
  -1.4108517e+03
  -1.4118175e+03
  -1.4124476e+03
  -1.4136528e+03
  -1.4145086e+03
  -1.4149096e+03
  -1.4162181e+03
  -1.4170992e+03
  -1.4175769e+03
  -1.4187734e+03
  -1.4194798e+03
  -1.4201633e+03
  -1.4214345e+03
  -1.4221598e+03
  -1.4228191e+03
  -1.4239869e+03
  -1.4246354e+03
  -1.4254728e+03
  -1.4267031e+03
  -1.4273816e+03
  -1.4282323e+03
  -1.4294827e+03
  -1.4301175e+03
  -1.4309717e+03
  -1.4321572e+03
  -1.4327054e+03
  -1.4336463e+03
  -1.4349703e+03
  -1.4356375e+03
  -1.4364640e+03
  -1.4377132e+03
  -1.4382964e+03
  -1.4390587e+03
  -1.4402872e+03
  -1.4410465e+03
  -1.4418699e+03
  -1.4430192e+03
  -1.4437507e+03
  -1.4446518e+03
  -1.4458083e+03
  -1.4464904e+03
  -1.4474175e+03
  -1.4485754e+03
  -1.4491520e+03
  -1.4500918e+03
  -1.4512906e+03
  -1.4516035e+03
  -1.4525996e+03
  -1.4539362e+03
  -1.4544551e+03
  -1.4554302e+03
  -1.4567131e+03
  -1.4572653e+03
  -1.4581665e+03
  -1.4593578e+03
  -1.4598568e+03
  -1.4609134e+03
  -1.4622994e+03
  -1.4629570e+03
  -1.4638201e+03
  -1.4652249e+03
  -1.4659256e+03
  -1.4666135e+03
  -1.4677706e+03
  -1.4682461e+03
  -1.4692595e+03
  -1.4706510e+03
  -1.4712663e+03
  -1.4721133e+03
  -1.4735287e+03
  -1.4743183e+03
  -1.4748843e+03
  -1.4762617e+03
  -1.4767452e+03
  -1.4776619e+03
  -1.4792077e+03
  -1.4793709e+03
  -1.4802919e+03
  -1.4815724e+03
  -1.4817095e+03
  -1.4831232e+03
  -1.4852258e+03
  -1.4838104e+03
  -1.4858820e+03
  -1.4875446e+03
  -1.4870176e+03
  -1.4885459e+03
  -1.4910946e+03
  -1.4882566e+03
  -1.4908120e+03
  -1.4935689e+03
  -1.4910493e+03
  -1.4934339e+03
  -1.4955830e+03
  -1.4939225e+03
  -1.4966185e+03
  -1.4992622e+03
  -1.5015596e+03
  -1.4995529e+03
  -1.5016612e+03
  -1.4995748e+03
  -1.5025260e+03
  -1.5047704e+03
  -1.5063614e+03
  -1.5062844e+03
  -1.5075808e+03
  -1.5086905e+03
  -1.5088382e+03
  -1.5101830e+03
  -1.5112194e+03
  -1.5114902e+03
  -1.5130049e+03
  -1.5142256e+03
  -1.5144120e+03
  -1.5159489e+03
  -1.5172871e+03
  -1.5173901e+03
  -1.5185760e+03
  -1.5197274e+03
  -1.5199491e+03
  -1.5211806e+03
  -1.5223576e+03
  -1.5229712e+03
  -1.5241923e+03
  -1.5249923e+03
  -1.5253499e+03
  -1.5267677e+03
  -1.5279796e+03
  -1.5282184e+03
  -1.5295561e+03
  -1.5307233e+03
  -1.5309016e+03
  -1.5321540e+03
  -1.5332443e+03
  -1.5335744e+03
  -1.5348061e+03
  -1.5356333e+03
  -1.5359521e+03
  -1.5371829e+03
  -1.5379614e+03
  -1.5387276e+03
  -1.5400916e+03
  -1.5409949e+03
  -1.5415625e+03
  -1.5428171e+03
  -1.5436586e+03
  -1.5442163e+03
  -1.5453891e+03
  -1.5461755e+03
  -1.5468940e+03
  -1.5481802e+03
  -1.5489629e+03
  -1.5497633e+03
  -1.5509533e+03
  -1.5515756e+03
  -1.5523506e+03
  -1.5536085e+03
  -1.5543957e+03
  -1.5552034e+03
  -1.5564314e+03
  -1.5570110e+03
  -1.5578598e+03
  -1.5592002e+03
  -1.5600028e+03
  -1.5605650e+03
  -1.5617546e+03
  -1.5624965e+03
  -1.5632653e+03
  -1.5644251e+03
  -1.5650686e+03
  -1.5659642e+03
  -1.5672084e+03
  -1.5679336e+03
  -1.5687056e+03
  -1.5698604e+03
  -1.5705201e+03
  -1.5713961e+03
  -1.5726122e+03
  -1.5731858e+03
  -1.5740413e+03
  -1.5751759e+03
  -1.5756419e+03
  -1.5765981e+03
  -1.5778018e+03
  -1.5781310e+03
  -1.5792840e+03
  -1.5805499e+03
  -1.5807165e+03
  -1.5818539e+03
  -1.5829417e+03
  -1.5831439e+03
  -1.5844596e+03
  -1.5857266e+03
  -1.5858293e+03
  -1.5871003e+03
  -1.5881181e+03
  -1.5884332e+03
  -1.5898315e+03
  -1.5910830e+03
  -1.5911196e+03
  -1.5924542e+03
  -1.5935141e+03
  -1.5940171e+03
  -1.5953964e+03
  -1.5966736e+03
  -1.5970954e+03
  -1.5984768e+03
  -1.5998207e+03
  -1.6003050e+03
  -1.6014066e+03
  -1.6027213e+03
  -1.6030631e+03
  -1.6041358e+03
  -1.6054919e+03
  -1.6061010e+03
  -1.6070533e+03
  -1.6083305e+03
  -1.6086739e+03
  -1.6097913e+03
  -1.6111709e+03
  -1.6116433e+03
  -1.6125687e+03
  -1.6137627e+03
  -1.6142230e+03
  -1.6152856e+03
  -1.6166250e+03
  -1.6169360e+03
  -1.6180414e+03
  -1.6194178e+03
  -1.6197349e+03
  -1.6207046e+03
  -1.6219690e+03
  -1.6224171e+03
  -1.6234927e+03
  -1.6247629e+03
  -1.6249930e+03
  -1.6261597e+03
  -1.6276214e+03
  -1.6279603e+03
  -1.6290942e+03
  -1.6306242e+03
  -1.6312861e+03
  -1.6320279e+03
  -1.6334761e+03
  -1.6336560e+03
  -1.6346682e+03
  -1.6364005e+03
  -1.6365781e+03
  -1.6376149e+03
  -1.6393598e+03
  -1.6407466e+03
  -1.6405133e+03
  -1.6422425e+03
  -1.6436482e+03
  -1.6437015e+03
  -1.6450568e+03
  -1.6463268e+03
  -1.6465229e+03
  -1.6478470e+03
  -1.6490435e+03
  -1.6494313e+03
  -1.6507022e+03
  -1.6517955e+03
  -1.6521942e+03
  -1.6533503e+03
  -1.6541209e+03
  -1.6545919e+03
  -1.6558718e+03
  -1.6566196e+03
  -1.6570349e+03
  -1.6581959e+03
  -1.6585827e+03
  -1.6594455e+03
  -1.6606999e+03
  -1.6613185e+03
  -1.6622468e+03
  -1.6634900e+03
  -1.6640814e+03
  -1.6648647e+03
  -1.6660326e+03
  -1.6666749e+03
  -1.6675343e+03
  -1.6686253e+03
  -1.6692746e+03
  -1.6702481e+03
  -1.6713417e+03
  -1.6719817e+03
  -1.6730253e+03
  -1.6741222e+03
  -1.6747750e+03
  -1.6758312e+03
  -1.6769797e+03
  -1.6776444e+03
  -1.6787050e+03
  -1.6799233e+03
  -1.6803143e+03
  -1.6814550e+03
  -1.6828233e+03
  -1.6833145e+03
  -1.6842789e+03
  -1.6856552e+03
  -1.6862929e+03
  -1.6871332e+03
  -1.6884499e+03
  -1.6889452e+03
  -1.6898040e+03
  -1.6912090e+03
  -1.6919215e+03
  -1.6926381e+03
  -1.6940011e+03
  -1.6946603e+03
  -1.6953810e+03
  -1.6967310e+03
  -1.6976561e+03
  -1.6984370e+03
  -1.6996178e+03
  -1.7003784e+03
  -1.7012537e+03
  -1.7025712e+03
  -1.7032182e+03
  -1.7038363e+03
  -1.7050995e+03
  -1.7059297e+03
  -1.7066265e+03
  -1.7077345e+03
  -1.7085182e+03
  -1.7094418e+03
  -1.7107124e+03
  -1.7114803e+03
  -1.7122242e+03
  -1.7133779e+03
  -1.7141309e+03
  -1.7149385e+03
  -1.7161134e+03
  -1.7169224e+03
  -1.7177377e+03
  -1.7188526e+03
  -1.7194961e+03
  -1.7204233e+03
  -1.7216591e+03
  -1.7222984e+03
  -1.7231794e+03
  -1.7243936e+03
  -1.7249904e+03
  -1.7258923e+03
  -1.7271210e+03
  -1.7276389e+03
  -1.7285354e+03
  -1.7298317e+03
  -1.7304209e+03
  -1.7312414e+03
  -1.7324340e+03
  -1.7327889e+03
  -1.7337375e+03
  -1.7350414e+03
  -1.7356976e+03
  -1.7365751e+03
  -1.7377892e+03
  -1.7384283e+03
  -1.7393170e+03
  -1.7405198e+03
  -1.7411900e+03
  -1.7420877e+03
  -1.7432264e+03
  -1.7437223e+03
  -1.7447304e+03
  -1.7458865e+03
  -1.7462745e+03
  -1.7473712e+03
  -1.7486258e+03
  -1.7491094e+03
  -1.7501377e+03
  -1.7513699e+03
  -1.7519362e+03
  -1.7529402e+03
  -1.7541884e+03
  -1.7544466e+03
  -1.7555171e+03
  -1.7567765e+03
  -1.7572543e+03
  -1.7583184e+03
  -1.7595980e+03
  -1.7599528e+03
  -1.7611524e+03
  -1.7625973e+03
  -1.7628109e+03
  -1.7639820e+03
  -1.7656234e+03
  -1.7659651e+03
  -1.7669394e+03
  -1.7684992e+03
  -1.7687726e+03
  -1.7695239e+03
  -1.7711063e+03
  -1.7706025e+03
  -1.7723326e+03
  -1.7743371e+03
  -1.7751811e+03
  -1.7753399e+03
  -1.7769708e+03
  -1.7772869e+03
  -1.7781095e+03
  -1.7800347e+03
  -1.7817199e+03
