0 17.905551 0
24000 1.344378 0
47999.999 -21.946668 0
71999.999 -12.414347 0
95999.998 -24.49544 0
120000 -21.770405 0
144000 -39.0541156 0
168000 -18.720211 0
192000 -23.956861 0
216000 -16.414184 0
240000 -14.361576 0
264000 -17.49758 0
288000 -16.947485 0
311999.99 -15.798802 0
335999.99 -16.828267 0
359999.99 -16.075831 0
383999.99 -13.649434 0
407999.99 -20.474364 0
431999.99 -9.628333 0
455999.99 -9.62728 0
479999.99 -23.186292 0
503999.99 -15.449222 0
527999.99 -15.766751 0
551999.99 -15.884637 0
575999.99 -13.858721 0
599999.99 -15.754082 0
623999.99 -17.497392 0
647999.99 -14.434803 0
671999.99 -13.074594 0
695999.99 -13.127696 0
719999.99 -12.426976 0
743999.99 -11.873998 0
767999.99 -12.106691 0
791999.99 -11.917893 0
815999.99 -11.919174 0
839999.99 -12.171963 0
863999.99 -10.674056 0
887999.99 -9.050811 0
911999.98 -7.81279 0
935999.98 -5.831404 0
959999.98 -4.197902 0
983999.98 -3.235361 0
1008000 -2.748409 0
1032000 -3.75104 0
1056000 -8.777615 0
1080000 -18.905633 0
1104000 -8.715828 0
1128000 -5.98441500000001 0
1152000 -5.308478 0
1176000 -5.41774299999999 0
1200000 -5.983317 0
1224000 -6.507455 0
1248000 -6.83811799999999 0
1272000 -7.173737 0
1296000 -7.482724 0
1320000 -8.218295 0
1344000 -8.89201300000001 0
1368000 -9.219448 0
1392000 -10.223588 0
1416000 -10.219707 0
1440000 -9.780664 0
1464000 -11.009421 0
1488000 -10.757908 0
1512000 -10.888144 0
1536000 -12.509957 0
1560000 -11.681182 0
1584000 -11.30639 0
1608000 -11.669633 0
1632000 -12.689753 0
1656000 -11.791525 0
1680000 -11.407752 0
1704000 -13.922311 0
1728000 -13.761512 0
1752000 -16.818075 0
1776000 -18.007523 0
1800000 -16.439748 0
1824000 -20.264418 0
1848000 -17.970195 0
1872000 -20.636167 0
1896000 -21.208002 0
1920000 -19.647972 0
1944000 -23.335631 0
1968000 -18.510862 0
1992000 -19.925781 0
2016000 -18.715288 0
2040000 -16.807135 0
2064000 -19.136785 0
2088000 -16.951973 0
2112000 -16.774788 0
2136000 -16.983597 0
2160000 -17.350969 0
2184000 -24.542661 0
2208000 -19.272163 0
2232000 -19.817821 0
2256000 -20.728294 0
2280000 -18.718895 0
2304000 -24.410125 0
2328000 -22.151535 0
2352000 -23.862784 0
2376000 -31.0759595 0
2400000 -24.022157 0
2424000 -27.6821368 0
2448000 -46.426232 0
2472000 -29.6457191 0
2496000 -31.8758269 0
2520000 -37.483681 0
2544000 -26.5660996 0
2568000 -28.7745525 0
2592000 -30.5189736 0
2616000 -23.860382 0
2640000 -27.1358802 0
2664000 -25.349367 0
2688000 -21.174252 0
2712000 -19.509851 0
2736000 -18.881885 0
2760000 -24.6050822 0
2784000 -36.0283634 0
2808000 -32.99312864 0
2832000 -24.1001264 0
2856000 -19.622999 0
2880000 -19.394318 0
2904000 -13.143457 0
2928000 -10.580131 0
2952000 -6.588953 0
2976000 0.222631 0
2999999.9 6.135456 0
3023999.9 7.534182 0
3047999.9 2.493798 0
3071999.9 1.367311 0
3095999.9 1.22786 0
3119999.9 1.717158 0
3143999.9 2.44404 0
3167999.9 4.105931 0
3191999.9 6.647345 0
3215999.9 8.90885 0
3239999.9 10.934073 0
3263999.9 16.487785 0
3287999.9 26.209892 0
3311999.9 15.601348 0
3335999.9 6.43108 0
3359999.9 -2.71659 0
3383999.9 -11.758903 0
3407999.9 -11.979563 0
3431999.9 -12.192827 0
3455999.9 -10.323028 0
3479999.9 -9.284172 0
3503999.9 -12.568496 0
3527999.9 -11.269421 0
3551999.9 -12.142509 0
3575999.9 -15.739936 0
3599999.9 -13.94516 0
3623999.9 -17.411423 0
3647999.9 -17.500514 0
3671999.9 -16.419126 0
3695999.9 -21.789903 0
3719999.9 -18.104332 0
3743999.9 -20.974106 0
3767999.9 -21.8379471 0
3791999.9 -20.069769 0
3815999.9 -29.9998613 0
3839999.9 -22.864367 0
3863999.9 -27.7305858 0
3887999.9 -28.7167752 0
3911999.9 -24.9231297 0
3935999.9 -38.7422807 0
3959999.9 -24.0467117 0
3983999.9 -31.5771613 0
4007999.9 -24.889147 0
4031999.9 -23.1689056 0
4055999.9 -30.3424056 0
4079999.9 -20.4328094 0
4103999.9 -26.5875045 0
4127999.9 -23.4088969 0
4151999.9 -22.4212736 0
4175999.9 -29.7547188 0
4199999.9 -18.1709047 0
4223999.9 -20.416796 0
4247999.9 -26.1963893 0
4271999.9 -18.0645656 0
4295999.9 -22.8099476 0
4319999.9 -19.7669975 0
4343999.9 -18.3082439 0
4367999.9 -29.4706144 0
4391999.9 -23.4250018 0
4415999.9 -21.2955613 0
4439999.9 -40.732639 0
4463999.9 -20.0057303 0
4487999.9 -20.5367607 0
4511999.9 -35.528039 0
4535999.9 -20.2247388 0
4559999.9 -24.02275618 0
4583999.9 -30.9447442 0
4607999.9 -22.45450404 0
4631999.9 -24.095566 0
4655999.9 -25.7455577 0
4679999.9 -21.97329186 0
4703999.9 -23.02325639 0
4727999.9 -25.7521889 0
4751999.9 -22.2699071 0
4775999.9 -18.5204882 0
4799999.9 -45.742841 0
4823999.9 -15.7599496 0
4847999.9 -19.0276386 0
4871999.9 -21.65153431 0
4895999.9 -13.1581258 0
4919999.9 -18.2536613 0
4943999.9 -25.4359152 0
4967999.9 -19.376676 0
4991999.9 -30.9670407 0
5015999.9 -18.7266525 0
5039999.9 -25.0711478 0
5063999.9 -19.4717412 0
5087999.9 -19.9376688 0
5111999.9 -23.69788634 0
5135999.9 -15.9927983 0
5159999.9 -20.697715 0
5183999.9 -17.2432467 0
5207999.9 -16.6807479 0
5231999.9 -20.4016361 0
5255999.9 -12.989829 0
5279999.9 -13.729488 0
5303999.9 -12.383975 0
5327999.9 -8.122386 0
5351999.9 -8.451161 0
5375999.9 -8.152664 0
5399999.9 -6.788583 0
5423999.9 -9.405353 0
5447999.9 -14.267695 0
5471999.9 -14.6345659 0
5495999.9 -10.801932 0
5519999.9 -8.274722 0
5543999.9 -9.038447 0
5567999.9 -9.905609 0
5591999.9 -10.0267645 0
5615999.9 -16.061841 0
5639999.9 -13.5488563 0
5663999.9 -16.6696204 0
5687999.9 -19.1985621 0
5711999.9 -14.658304 0
5735999.9 -22.8368795 0
5759999.9 -13.6953846 0
5783999.9 -16.401243 0
5807999.9 -16.3779354 0
5831999.9 -8.8811887 0
5855999.9 -22.689912 0
5879999.9 -6.74667068 0
5903999.9 -5.45684845 0
5927999.9 -6.6115863 0
5951999.9 -3.6794652 0
5975999.9 -9.5008817 0
5999999.9 -2.80258456 0
6023999.9 -12.3221065 0
6047999.9 -12.3594074 0
6071999.9 -8.69786853 0
6095999.9 -38.353351 0
6119999.9 -9.59593203 0
6143999.9 -13.5598323 0
6167999.9 -18.6248066 0
6191999.9 -13.4171547 0
6215999.9 -28.033087 0
6239999.9 -15.2456289 0
6263999.9 -18.1362699 0
6287999.9 -16.596947 0
6311999.9 -17.2761822 0
6335999.9 -42.195112 0
6359999.9 -15.227511 0
6383999.9 -17.2408065 0
6407999.9 -22.3955801 0
6431999.9 -13.48495581 0
6455999.9 -22.1254512 0
6479999.9 -18.3614662 0
6503999.9 -15.9196139 0
6527999.9 -22.5866313 0
6551999.9 -20.1212457 0
6575999.9 -18.0334976 0
6599999.9 -24.1087441 0
6623999.9 -16.8222204 0
6647999.9 -22.1075378 0
6671999.9 -23.1396718 0
6695999.9 -18.1012407 0
6719999.9 -26.402682 0
6743999.9 -22.0422359 0
6767999.9 -17.0709596 0
6791999.9 -25.0441374 0
6815999.9 -19.1263597 0
6839999.9 -18.1250118 0
6863999.9 -25.91207 0
6887999.9 -17.3510753 0
6911999.9 -23.196657 0
6935999.9 -18.8116832 0
6959999.9 -19.1302791 0
6983999.9 -24.9099 0
7007999.9 -21.2504256 0
7031999.9 -22.2179306 0
7055999.9 -20.0870969 0
7079999.9 -16.5037432 0
7103999.9 -30.545414 0
7127999.9 -14.9060706 0
7151999.9 -19.8237496 0
7175999.9 -16.5770512 0
7199999.9 -13.7764965 0
7223999.9 -23.752992 0
7247999.9 -20.2679386 0
7271999.9 -12.3861667 0
7295999.9 -15.6449241 0
7319999.9 -24.552856 0
7343999.9 -12.9365779 0
7367999.9 -15.9736915 0
7391999.9 -25.859973 0
7415999.9 -15.6213259 0
7439999.9 -35.875141 0
7463999.9 -12.63242036 0
7487999.9 -8.5549533 0
7511999.9 -12.71420656 0
7535999.9 -9.5555247 0
7559999.9 -8.6916113 0
7583999.9 -16.8466352 0
7607999.9 -12.9878899 0
7631999.9 -12.3478687 0
7655999.9 -22.9126055 0
7679999.9 -15.47563688 0
7703999.9 -19.041701 0
7727999.9 -20.2540099 0
7751999.9 -18.5404345 0
7775999.9 -22.846495 0
7799999.9 -15.8566095 0
7823999.9 -18.8651903 0
7847999.9 -25.588961 0
7871999.9 -16.7796083 0
7895999.9 -25.176742 0
7919999.9 -15.9476298 0
7943999.9 -18.4983274 0
7967999.9 -19.4613426 0
7991999.9 -15.5946327 0
8015999.9 -20.513392 0
8039999.9 -16.5927255 0
8063999.9 -19.5514905 0
8087999.9 -17.3808295 0
8111999.9 -20.1561442 0
8135999.9 -20.1430833 0
8159999.9 -20.6675935 0
8183999.9 -19.2306783 0
8207999.9 -19.6533051 0
8231999.9 -16.4514442 0
8255999.9 -21.6430267 0
8279999.9 -19.4315769 0
8303999.9 -20.8231354 0
8327999.9 -18.3533887 0
8351999.9 -18.0770578 0
8375999.9 -20.1139577 0
8399999.9 -29.427333 0
8423999.9 -14.8719676 0
8447999.9 -16.0357881 0
8471999.9 -27.421924 0
8495999.9 -19.2801012 0
8519999.9 -18.8546596 0
8543999.9 -20.6111659 0
8567999.9 -16.5423095 0
8591999.9 -22.2695318 0
8615999.9 -21.6946893 0
8639999.9 -16.0248321 0
8663999.9 -26.24063 0
8687999.9 -18.5673673 0
8711999.9 -18.4317147 0
8735999.9 -18.9715319 0
8759999.9 -19.3414771 0
8783999.9 -15.7211935 0
8807999.9 -20.4097763 0
8831999.9 -18.5637987 0
8855999.9 -19.1174291 0
8879999.9 -15.6715115 0
8903999.9 -22.7438429 0
8927999.9 -15.8414039 0
8951999.9 -17.1164154 0
8975999.9 -18.6583282 0
8999999.8 -21.0289448 0
9023999.8 -15.2123437 0
9047999.8 -16.167277 0
9071999.8 -16.5453351 0
9095999.8 -16.9511529 0
9119999.8 -18.3992236 0
9143999.8 -11.0177058 0
9167999.8 -14.8806529 0
9191999.8 -26.3021895 0
9215999.8 -14.816708 0
9239999.8 -14.9506105 0
9263999.8 -20.1297455 0
9287999.8 -12.8283015 0
9311999.8 -23.14156 0
9335999.8 -15.9802053 0
9359999.8 -13.8732384 0
9383999.8 -28.1862239 0
9407999.8 -13.6917112 0
9431999.8 -12.0382293 0
9455999.8 -26.8452536 0
9479999.8 -12.0549414 0
9503999.8 -11.9336014 0
9527999.8 -16.6630415 0
9551999.8 -23.1485018 0
9575999.8 -17.0069593 0
9599999.8 -14.8280535 0
9623999.8 -13.8809611 0
9647999.8 -14.0097032 0
9671999.8 -23.7768764 0
9695999.8 -13.1220305 0
9719999.8 -11.1270136 0
9743999.8 -27.7842973 0
9767999.8 -14.3227477 0
9791999.8 -12.4676692 0
9815999.8 -32.0795968 0
9839999.8 -16.722184 0
9863999.8 -22.2901601 0
9887999.8 -20.6445229 0
9911999.8 -16.7578245 0
9935999.8 -16.358498 0
9959999.8 -19.3404802 0
9983999.8 -22.499672 0
10008000 -22.74948 0
10032000 -15.7302532 0
10056000 -20.924639 0
10080000 -20.674416 0
10104000 -20.4565511 0
10128000 -21.72905 0
10152000 -21.817851 0
10176000 -21.404362 0
10200000 -24.381319 0
10224000 -17.0368275 0
10248000 -20.0969494 0
10272000 -23.316685 0
10296000 -21.825425 0
10320000 -19.6199893 0
10344000 -17.6157001 0
10368000 -24.7488482 0
10392000 -18.1592324 0
10416000 -18.3612858 0
10440000 -23.8030262 0
10464000 -19.2978465 0
10488000 -16.0878919 0
10512000 -16.7223135 0
10536000 -15.7461787 0
10560000 -23.3768035 0
10584000 -15.3107924 0
10608000 -17.1581656 0
10632000 -16.4093286 0
10656000 -18.0332826 0
10680000 -16.7111905 0
10704000 -16.077413 0
10728000 -15.9518535 0
10752000 -17.1793068 0
10776000 -10.8830923 0
10800000 -15.3786846 0
10824000 -15.5998054 0
10848000 -15.1294689 0
10872000 -12.7287225 0
10896000 -13.5998841 0
10920000 -15.2803075 0
10944000 -11.4769692 0
10968000 -16.7023335 0
10992000 -10.4864333 0
11016000 -10.66784328 0
11040000 -15.0216627 0
11064000 -10.09056761 0
11088000 -5.2431696 0
11112000 -21.7822886 0
11136000 -9.1505476 0
11160000 -17.1792441 0
11184000 -7.128951789 0
11208000 -4.0534544 0
11232000 -6.3863559 0
11256000 -17.769488954 0
11280000 -7.7014263 0
11304000 -6.3704602 0
11328000 -10.5135127 0
11352000 -11.69395272 0
11376000 -1.9749626 0
11400000 -10.29823853 0
11424000 -18.6088729 0
11448000 -4.3635009 0
11472000 -8.54486944 0
11496000 -8.85608658 0
11520000 -10.9271687 0
11544000 -10.19668253 0
11568000 -9.3844102 0
11592000 -12.0339352 0
11616000 -10.4191147 0
11640000 -5.13267213 0
11664000 -4.9040245 0
11688000 -18.6422272 0
11712000 -17.7612715 0
11736000 -5.7041758 0
11760000 -10.9119342 0
11784000 -12.53439108 0
11808000 -17.2838964 0
11832000 -11.1999831 0
11856000 -11.6559859 0
11880000 -7.8558812 0
11904000 -19.3277822 0
11928000 -8.21708521 0
11952000 -6.4579263 0
11976000 -17.27103908 0
12000000 -11.63602053 0
12024000 -3.5803952 0
12048000 -9.29499943 0
12072000 -12.9491227 0
12096000 1.291469 0
12120000 -8.3246093 0
12144000 -6.0746284 0
12168000 2.0651921 0
12192000 -3.1569398 0
12216000 -13.0143211 0
12240000 4.455027 0
12264000 -6.1601018 0
12288000 -6.6541257 0
12312000 -3.5704207 0
12336000 -3.5039156 0
12360000 -13.95100215 0
12384000 -9.3031689 0
12408000 -7.9604168 0
12432000 -12.32075191 0
12456000 -10.0914722 0
12480000 -9.9533197 0
12504000 -19.7189542 0
12528000 -8.88887029 0
12552000 -12.08385137 0
12576000 -16.3391346 0
12600000 -10.4951745 0
12624000 -17.83957546 0
12648000 -17.3212329 0
12672000 -13.3094706 0
12696000 -13.3350479 0
12720000 -22.9980376 0
12744000 -18.0138199 0
12768000 -16.750214 0
12792000 -16.9790974 0
12816000 -17.2919484 0
12840000 -16.0489826 0
12864000 -21.3992576 0
12888000 -16.0136317 0
12912000 -22.7179689 0
12936000 -16.7406173 0
12960000 -16.7230115 0
12984000 -29.6506472 0
13008000 -17.3299932 0
13032000 -14.9013283 0
13056000 -20.1639454 0
13080000 -19.4786257 0
13104000 -22.7493543 0
13128000 -19.8428892 0
13152000 -20.3792678 0
13176000 -23.9875646 0
13200000 -21.5448034 0
13224000 -21.2510257 0
13248000 -22.3904772 0
13272000 -18.7152689 0
13296000 -21.619166 0
13320000 -25.5457261 0
13344000 -21.4840882 0
13368000 -23.87712 0
13392000 -17.8321952 0
13416000 -22.2924343 0
13440000 -21.1348296 0
13464000 -27.8444551 0
13488000 -23.6083537 0
13512000 -21.4686972 0
13536000 -18.0539532 0
13560000 -25.0867878 0
13584000 -18.8369448 0
13608000 -21.618388 0
13632000 -23.1850224 0
13656000 -17.7151985 0
13680000 -19.3574728 0
13704000 -22.0173227 0
13728000 -20.6609873 0
13752000 -28.0426066 0
13776000 -17.1238718 0
13800000 -17.6666887 0
13824000 -24.1872753 0
13848000 -20.5765826 0
13872000 -19.470459 0
13896000 -17.4418224 0
13920000 -26.0440381 0
13944000 -20.0362618 0
13968000 -21.4868892 0
13992000 -21.8209124 0
14016000 -21.3039779 0
14040000 -19.2876699 0
14064000 -21.8648037 0
14088000 -17.2071124 0
14112000 -21.5808128 0
14136000 -22.6640917 0
14160000 -16.215032 0
14184000 -15.0153943 0
14208000 -25.8767733 0
14232000 -17.9601089 0
14256000 -19.2912514 0
14280000 -20.2162662 0
14304000 -14.9705552 0
14328000 -14.7124266 0
14352000 -22.2347539 0
14376000 -19.0532283 0
14400000 -19.8629435 0
14424000 -18.3019748 0
14448000 -17.0642298 0
14472000 -17.4782001 0
14496000 -15.4850418 0
14520000 -16.887935 0
14544000 -10.45841159 0
14568000 -12.6029932 0
14592000 -15.9796309 0
14616000 -18.01773823 0
14640000 -14.8742166 0
14664000 -17.3307749 0
14688000 -12.9441723 0
14712000 -25.9428734 0
14736000 -14.1657255 0
14760000 -12.7843291 0
14784000 -30.0955295 0
14808000 -14.0776861 0
14832000 -13.9397039 0
14856000 -19.5425959 0
14880000 -10.844921 0
14904000 -13.8579628 0
14928000 -20.0483802 0
14952000 -15.0833579 0
14976000 -20.4630061 0
15000000 -14.9772396 0
15024000 -14.4681355 0
15048000 -17.4494161 0
15072000 -16.0883886 0
15096000 -16.322511 0
15120000 -16.07769695 0
15144000 -12.7286958 0
15168000 -19.1569203 0
15192000 -13.58627115 0
15216000 -12.7165766 0
15240000 -13.784104333 0
15264000 -10.258473 0
15288000 -11.22028132 0
15312000 -16.9362924 0
15336000 -3.7633818 0
15360000 -9.248784 0
15384000 -21.1610177 0
15408000 -5.5712507 0
15432000 -7.565864 0
15456000 -7.6231757 0
15480000 -1.6573838 0
15504000 -13.0982903 0
15528000 -2.708468 0
15552000 -3.1178627 0
15576000 -10.8958583 0
15600000 4.592319 0
15624000 -1.331789 0
15648000 -7.0239667 0
15672000 6.401563 0
15696000 -1.351758 0
15720000 3.294931 0
15744000 4.145018 0
15768000 -18.1151007 0
15792000 10.17386 0
15816000 -5.1500261 0
15840000 -5.5846036 0
15864000 6.223694 0
15888000 -9.9718876 0
15912000 -8.353882 0
15936000 -7.4971544 0
15960000 -15.6274957 0
15984000 -6.5366407 0
16008000 -8.0539138 0
16032000 -11.52270156 0
16056000 -11.24167725 0
16080000 -14.54245963 0
16104000 -16.1267908 0
16128000 -16.0127962 0
16152000 -20.249335 0
16176000 -13.7901089 0
16200000 -17.1169974 0
16224000 -16.0511072 0
16248000 -16.1432925 0
16272000 -26.2548491 0
16296000 -16.0404484 0
16320000 -19.2066634 0
16344000 -22.2169916 0
16368000 -19.8493734 0
16392000 -17.4559241 0
16416000 -18.5095819 0
16440000 -15.9158978 0
16464000 -23.7789445 0
16488000 -20.1834128 0
16512000 -19.7213109 0
16536000 -20.1142798 0
16560000 -16.4128886 0
16584000 -16.7117047 0
16608000 -27.0062234 0
16632000 -19.1067696 0
16656000 -24.3947374 0
16680000 -21.08147 0
16704000 -17.5047999 0
16728000 -19.0279766 0
16752000 -22.1889044 0
16776000 -25.6325228 0
16800000 -19.341972 0
16824000 -16.1485877 0
16848000 -19.6848866 0
16872000 -20.3141832 0
16896000 -17.270697 0
16920000 -34.9948728 0
16944000 -17.5400643 0
16968000 -18.5076582 0
16992000 -38.0041936 0
17016000 -17.8087612 0
17040000 -18.8561958 0
17064000 -25.7954466 0
17088000 -15.7704023 0
17112000 -22.6816011 0
17136000 -17.7392952 0
17160000 -17.010241 0
17184000 -21.2329427 0
17208000 -19.263799 0
17232000 -20.8648538 0
17256000 -32.0852976 0
17280000 -15.1647639 0
17304000 -18.2956456 0
17328000 -26.4408236 0
17352000 -18.8540183 0
17376000 -28.5064222 0
17400000 -21.8960154 0
17424000 -15.0392166 0
17448000 -19.9019884 0
17472000 -20.0123737 0
17496000 -12.9719216 0
17520000 -22.5163232 0
17544000 -22.6843712 0
17568000 -20.3419153 0
17592000 -21.7292149 0
17616000 -18.6004914 0
17640000 -15.291931 0
17664000 -19.7844217 0
17688000 -16.1660786 0
17712000 -18.317241 0
17736000 -25.9666022 0
17760000 -18.2769744 0
17784000 -21.8507506 0
17808000 -22.2333294 0
17832000 -19.2776701 0
17856000 -20.7892793 0
17880000 -15.104218 0
17904000 -19.6307571 0
17928000 -19.0130452 0
17952000 -15.92405 0
17976000 -21.8545151 0
18000000 -21.7175303 0
18024000 -18.3622346 0
18048000 -19.6463214 0
18072000 -19.3518631 0
18096000 -18.4675018 0
18120000 -25.2327974 0
18144000 -16.7234677 0
18168000 -20.8594472 0
18192000 -21.2108049 0
18216000 -17.9003511 0
18240000 -18.4694083 0
18264000 -25.0018875 0
18288000 -16.4819819 0
18312000 -19.1693674 0
18336000 -16.3033159 0
18360000 -21.6976186 0
18384000 -16.9480471 0
18408000 -18.4185329 0
18432000 -17.9929557 0
18456000 -17.4720298 0
18480000 -16.2932533 0
18504000 -19.52162759 0
18528000 -21.5839791 0
18552000 -15.78762714 0
18576000 -11.64957128 0
18600000 -15.1059698 0
18624000 -20.86699595 0
18648000 -9.2064962 0
18672000 -12.8648226 0
18696000 -18.10120259 0
18720000 -9.3225821 0
18744000 -10.68720857 0
18768000 -20.9445295 0
18792000 -6.0736253 0
18816000 -13.87430244 0
18840000 -13.7664447 0
18864000 -6.7309044 0
18888000 -14.1678889 0
18912000 -11.8361567 0
18936000 -5.8429718 0
18960000 -19.5804815 0
18984000 -5.0932537 0
19008000 -5.4247219 0
19032000 -10.4093222 0
19056000 -2.5889526 0
19080000 -6.635629 0
19104000 -10.4278886 0
19128000 -2.8244477 0
19152000 -2.347398 0
19176000 -5.2682688 0
19200000 5.437805 0
19224000 -2.880342 0
19248000 -2.328616 0
19272000 -1.351353 0
19296000 -4.145597 0
19320000 -2.583315 0
19344000 5.178993 0
19368000 -7.441255 0
19392000 8.4968 0
19416000 -5.341439 0
19440000 -9.7007 0
19464000 14.6238 0
19488000 -2.0486887 0
19512000 -11.2381456 0
19536000 -1.90797 0
19560000 -7.7270711 0
19584000 -9.0753976 0
19608000 -10.77852 0
19632000 -6.8389687 0
19656000 -8.8404102 0
19680000 -9.8471372 0
19704000 -8.9833353 0
19728000 -11.9733032 0
19752000 -14.5655733 0
19776000 -15.42759302 0
19800000 -14.1260377 0
19824000 -10.2101555 0
19848000 -13.1325506 0
19872000 -21.05114987 0
19896000 -10.58615297 0
19920000 -16.5183589 0
19944000 -12.9607608 0
19968000 -15.2963301 0
19992000 -20.6478305 0
20016000 -14.96796511 0
20040000 -11.28633967 0
20064000 -24.4381564 0
20088000 -14.5019712 0
20112000 -15.4498505 0
20136000 -20.9464913 0
20160000 -16.8988882 0
20184000 -19.3681577 0
20208000 -19.8923742 0
20232000 -18.6781397 0
20256000 -23.148727 0
20280000 -18.547117 0
20304000 -16.5268097 0
20328000 -24.3931837 0
20352000 -15.5035482 0
20376000 -18.2190752 0
20400000 -20.8494269 0
20424000 -24.4595765 0
20448000 -22.7951971 0
20472000 -16.8431819 0
20496000 -15.81631 0
20520000 -22.4978272 0
20544000 -21.6365099 0
20568000 -26.3888867 0
20592000 -18.4172442 0
20616000 -16.9994731 0
20640000 -21.6180087 0
20664000 -19.7454923 0
20688000 -21.8055062 0
20712000 -28.8251511 0
20736000 -15.4762895 0
20760000 -21.0185318 0
20784000 -21.8218004 0
20808000 -15.884288 0
20832000 -21.7741384 0
20856000 -22.7363826 0
20880000 -18.477428 0
20904000 -21.5664824 0
20928000 -20.3322638 0
20952000 -15.8854784 0
20976000 -19.2119136 0
21000000 -19.2158828 0
21024000 -23.2369746 0
21048000 -20.0206493 0
21072000 -20.3959084 0
21096000 -18.1027732 0
21120000 -23.0070251 0
21144000 -18.2826248 0
21168000 -21.2782227 0
21192000 -17.6181128 0
21216000 -15.1647175 0
21240000 -18.2053513 0
21264000 -23.9564558 0
21288000 -15.1961548 0
21312000 -17.1728226 0
21336000 -18.5267929 0
21360000 -16.8798904 0
21384000 -25.2557915 0
21408000 -18.4526588 0
21432000 -14.433847 0
21456000 -20.4887212 0
21480000 -18.5512431 0
21504000 -16.1630106 0
21528000 -23.7621002 0
21552000 -16.1724912 0
21576000 -18.9771473 0
21600000 -23.2451946 0
21624000 -16.8777187 0
21648000 -16.8032906 0
21672000 -28.3912874 0
21696000 -18.2598812 0
21720000 -17.9275377 0
21744000 -19.7304782 0
21768000 -22.5826912 0
21792000 -16.4734239 0
21816000 -27.3193684 0
21840000 -17.2341169 0
21864000 -16.5170972 0
21888000 -28.9156612 0
21912000 -17.4201329 0
21936000 -17.2174614 0
21960000 -24.0262162 0
21984000 -16.23907 0
22008000 -20.077565 0
22032000 -18.2422051 0
22056000 -16.8371428 0
22080000 -23.3520469 0
22104000 -15.98065843 0
22128000 -18.8372571 0
22152000 -22.705728061 0
22176000 -12.2632659 0
22200000 -16.3119501 0
22224000 -17.93838489 0
22248000 -12.52602942 0
22272000 -20.6837972 0
22296000 -15.14260515 0
22320000 -17.3314042 0
22344000 -20.0048627 0
22368000 -17.78429353 0
22392000 -14.0746045 0
22416000 -17.5812058 0
22440000 -15.0709542 0
22464000 -17.8911625 0
22488000 -15.414668378 0
22512000 -13.9233349 0
22536000 -10.2000807 0
22560000 -15.52450086 0
22584000 -16.0541561 0
22608000 -12.7818224 0
22632000 -14.0657376 0
22656000 -12.2977286 0
22680000 -17.1686801 0
22704000 -16.8741333 0
22728000 -6.8416348 0
22752000 -7.8326335 0
22776000 -17.847479 0
22800000 -3.5285821 0
22824000 -10.8482041 0
22848000 -13.7827137 0
22872000 -4.351621 0
22896000 -6.018008 0
22920000 -20.5599827 0
22944000 0.336966 0
22968000 -8.451453 0
22992000 -5.527372 0
23016000 4.420131 0
23040000 -2.6871 0
23064000 1.904034 0
23088000 2.710303 0
23112000 -6.157466 0
23136000 13.481618 0
23160000 -7.035944 0
23184000 -5.670836 0
23208000 4.750208 0
23232000 -14.5084409 0
23256000 -8.6104168 0
23280000 -4.976135 0
23304000 -15.7455034 0
23328000 -8.1745593 0
23352000 -7.2648989 0
23376000 -22.1075272 0
23400000 -10.8085252 0
23424000 -13.7757473 0
23448000 -15.8262967 0
23472000 -11.7495999 0
23496000 -12.0645079 0
23520000 -22.90272681 0
23544000 -14.5048608 0
23568000 -12.6607389 0
23592000 -19.04283626 0
23616000 -13.787105 0
23640000 -13.5905988 0
23664000 -23.94173251 0
23688000 -13.36520649 0
23712000 -19.4017167 0
23736000 -17.74790436 0
23760000 -14.6682117 0
23784000 -17.7144197 0
23808000 -16.7258639 0
23832000 -13.908103238 0
23856000 -25.5298389 0
23880000 -16.2828244 0
23904000 -13.71181504 0
23928000 -20.2028187 0
23952000 -18.3604749 0
23976000 -27.07799545 0
24000000 -15.0908387 0
24024000 -16.617678 0
24048000 -23.34039089 0
24072000 -18.4696525 0
24096000 -16.0282464 0
24120000 -28.08695406 0
24144000 -14.7098532 0
24168000 -17.9740863 0
24192000 -29.8208175 0
24216000 -19.6767691 0
24240000 -20.6113957 0
24264000 -17.7084162 0
24288000 -15.6098557 0
24312000 -26.0312001 0
24336000 -15.4188448 0
24360000 -19.2975572 0
24384000 -21.5888337 0
24408000 -14.57682 0
24432000 -20.6576067 0
24456000 -21.1420796 0
24480000 -21.5799614 0
24504000 -20.1878646 0
24528000 -17.2276328 0
24552000 -16.0688335 0
24576000 -24.319551 0
24600000 -20.8570313 0
24624000 -18.0694433 0
24648000 -14.2797949 0
24672000 -18.1069429 0
24696000 -28.3796596 0
24720000 -17.940261 0
24744000 -17.0108971 0
24768000 -20.0699257 0
24792000 -18.3751445 0
24816000 -21.8504279 0
24840000 -22.0284594 0
24864000 -21.2359292 0
24888000 -16.6212617 0
24912000 -19.1835123 0
24936000 -22.8092515 0
24960000 -22.0251009 0
24984000 -22.7989885 0
25008000 -18.3616724 0
25032000 -18.9522754 0
25056000 -20.502134 0
25080000 -24.4915701 0
25104000 -22.9081555 0
25128000 -19.4621415 0
25152000 -18.4864371 0
25176000 -39.2010873 0
25200000 -17.32143872 0
25224000 -22.2418552 0
25248000 -17.9481961 0
25272000 -16.87070405 0
25296000 -22.8372269 0
25320000 -20.6462077 0
25344000 -16.82510019 0
25368000 -26.1202976 0
25392000 -16.5204318 0
25416000 -20.4304574 0
25440000 -17.998388 0
25464000 -13.19454263 0
25488000 -17.5494916 0
25512000 -20.55694551 0
25536000 -13.67219972 0
25560000 -15.3020257 0
25584000 -21.58662363 0
25608000 -16.3154364 0
25632000 -12.6831053 0
25656000 -15.9943527 0
25680000 -15.6567533 0
25704000 -16.1683826 0
25728000 -19.42556627 0
25752000 -13.4351097 0
25776000 -22.1675488 0
25800000 -13.1602053 0
25824000 -15.64679 0
25848000 -15.8892564 0
25872000 -11.6378185 0
25896000 -10.765382 0
25920000 -21.1994254 0
25944000 -8.4373656 0
25968000 -7.6614292 0
25992000 -18.0274533 0
26016000 -15.0204713 0
26040000 -10.2290532 0
26064000 -13.5709195 0
26088000 -11.6906625 0
26112000 -11.7045652 0
26136000 -9.9106792 0
26160000 -13.3797747 0
26184000 -5.031041 0
26208000 -6.9835937 0
26232000 -14.6885131 0
26256000 -8.441392 0
26280000 -12.6893377 0
26304000 -10.9216841 0
26328000 -3.247367 0
26352000 -7.8184783 0
26376000 -11.3671025 0
26400000 3.90514 0
26424000 -7.412468 0
26448000 5.497803 0
26472000 -6.325726 0
26496000 -0.894378 0
26520000 0.203372999999999 0
26544000 -7.767397 0
26568000 -1.649345 0
26592000 -1.491132 0
26616000 -22.6153495 0
26640000 -0.905789 0
26664000 -4.765287 0
26688000 -11.0523665 0
26712000 -4.6122269 0
26736000 -19.0568052 0
26760000 -11.4282592 0
26784000 -4.523833 0
26808000 -13.2244783 0
26832000 -14.3497338 0
26856000 -8.9930539 0
26880000 -20.9227393 0
26904000 -12.0479927 0
26928000 -17.9442547 0
26952000 -11.9809411 0
26976000 -11.4412677 0
27000000 -14.7050376 0
27024000 -14.5610821 0
27048000 -10.93269093 0
27072000 -20.6951542 0
27096000 -12.0397978 0
27120000 -13.930928 0
27144000 -19.3269762 0
27168000 -14.523771 0
27192000 -17.22575086 0
27216000 -16.3236636 0
27240000 -10.8678738 0
27264000 -17.5313011 0
27288000 -18.0898114 0
27312000 -14.4598656 0
27336000 -20.53936077 0
27360000 -16.8029293 0
27384000 -12.7878253 0
27408000 -17.84818993 0
27432000 -19.9728318 0
27456000 -18.94955045 0
27480000 -18.8838799 0
27504000 -13.3408458 0
27528000 -21.1419814 0
27552000 -18.25538957 0
27576000 -19.448958 0
27600000 -16.08683121 0
27624000 -19.2339488 0
27648000 -14.07045824 0
27672000 -24.26100176 0
27696000 -18.041428 0
27720000 -19.23758617 0
27744000 -21.36513521 0
27768000 -21.2879689 0
27792000 -16.737956322 0
27816000 -18.034115012 0
27840000 -19.57265433 0
27864000 -20.8038738 0
27888000 -16.32173016 0
27912000 -17.72580012 0
27936000 -17.96597122 0
27960000 -13.682559518 0
27984000 -26.30165706 0
28008000 -17.74900262 0
28032000 -19.82648749 0
28056000 -22.5076132 0
28080000 -17.27084209 0
28104000 -19.74123458 0
28128000 -22.5481714 0
28152000 -12.52495801 0
28176000 -18.03281224 0
28200000 -21.28101818 0
28224000 -15.88407759 0
28248000 -16.2220382 0
28272000 -22.52931609 0
28296000 -15.32478271 0
28320000 -19.40361969 0
28344000 -18.64978561 0
28368000 -12.78317008 0
28392000 -21.7206522 0
28416000 -20.1485659 0
28440000 -12.1721679 0
28464000 -22.478465 0
28488000 -17.0427221 0
28512000 -11.4737904 0
28536000 -23.29231575 0
28560000 -18.02626376 0
28584000 -12.1846897 0
28608000 -20.66438142 0
28632000 -16.93763512 0
28656000 -12.0537428 0
28680000 -31.03220446 0
28704000 -13.2535027 0
28728000 -11.8844901 0
28752000 -20.0148761 0
28776000 -14.5677121 0
28800000 -7.9001516 0
28824000 -17.2939223 0
28848000 -15.1669749 0
28872000 -12.0825478 0
28896000 -25.1956196 0
28920000 -10.7906411 0
28944000 -7.5338476 0
28968000 -20.9424882 0
28992000 -9.4359648 0
29016000 -7.4942379 0
29040000 -26.6855921 0
29064000 -11.2354753 0
29088000 -19.336096 0
29112000 -13.6268092 0
29136000 -9.6370378 0
29160000 -14.7048862 0
29184000 -12.1706436 0
29208000 -8.4586294 0
29232000 -18.4300924 0
29256000 -13.9240704 0
29280000 -13.6725784 0
29304000 -19.7583894 0
29328000 -14.5705146 0
29352000 -11.7833486 0
29376000 -17.8257778 0
29400000 -18.914575 0
29424000 -13.9110334 0
29448000 -23.0151289 0
29472000 -15.1900699 0
29496000 -10.6699069 0
29520000 -21.2459959 0
29544000 -15.6594755 0
29568000 -15.812723 0
29592000 -18.9418113 0
29616000 -14.5634451 0
29640000 -13.5857283 0
29664000 -20.1382861 0
29688000 -12.4838657 0
29712000 -10.3869909 0
29736000 -13.2574798 0
29760000 -16.4958732 0
29784000 -17.3870119 0
29808000 -8.9079562 0
29832000 -12.3727423 0
29856000 -12.852822 0
29880000 -8.5867238 0
29904000 -9.0429689 0
29928000 -6.554207 0
29952000 -5.71527 0
29975999 -10.9131921 0
29999999 -2.458758 0
30023999 -12.300907 0
30047999 -3.09077 0
30071999 2.207567 0
30095999 -0.824622000000002 0
30119999 0.711791000000002 0
30143999 0.964765 0
30167999 -7.191091 0
30191999 5.879599 0
30215999 -1.8802 0
30239999 -10.304019 0
30263999 -3.247112 0
30287999 -5.798413 0
30311999 -4.580121 0
30335999 -4.097921 0
30359999 -14.8557623 0
30383999 -9.688874 0
30407999 -4.884251 0
30431999 -18.7973542 0
30455999 -10.3344005 0
30479999 -7.0382765 0
30503999 -19.0394166 0
30527999 -10.0235491 0
30551999 -6.6057504 0
30575999 -26.0856239 0
30599999 -10.9862424 0
30623999 -16.7529746 0
30647999 -14.8917799 0
30671999 -7.8721389 0
30695999 -15.5085367 0
30719999 -15.4224471 0
30743999 -8.5028026 0
30767999 -20.8373545 0
30791999 -12.4980932 0
30815999 -11.2660961 0
30839999 -17.5696716 0
30863999 -10.917267 0
30887999 -16.1291043 0
30911999 -17.4525 0
30935999 -16.489296 0
30959999 -15.009697 0
30983999 -9.07254 0
31007999 -12.9697783 0
31031999 -14.7620072 0
31055999 -9.3704701 0
31079999 -16.2031419 0
31103999 -16.2228309 0
31127999 -15.7871481 0
31151999 -26.500601 0
31175999 -11.6030704 0
31199999 -12.5761216 0
31223999 -27.4136235 0
31247999 -11.5745367 0
31271999 -17.8952031 0
31295999 -16.609742 0
31319999 -12.0286727 0
31343999 -19.3814224 0
31367999 -19.1439558 0
31391999 -9.6953074 0
31415999 -15.5767529 0
31439999 -17.8162635 0
31463999 -11.8714275 0
31487999 -16.911039 0
31511999 -15.1851367 0
31535999 -18.1737557 0
31559999 -17.3280212 0
31583999 -20.1858225 0
31607999 -13.2902588 0
31631999 -20.7066448 0
31655999 -16.2017143 0
31679999 -15.4336149 0
31703999 -21.0074632 0
31727999 -21.4538985 0
31751999 -9.5404662 0
31775999 -16.0016194 0
31799999 -18.9143585 0
31823999 -13.6269058 0
31847999 -25.2769579 0
31871999 -16.75790371 0
31895999 -15.94343 0
31919999 -26.60667645 0
31943999 -15.34019053 0
31967999 -17.5576763 0
31991999 -20.77037371 0
32015999 -17.02606526 0
32039999 -24.3084959 0
32063999 -17.06875296 0
32087999 -16.10270867 0
32111999 -19.0282226 0
32135999 -18.95388482 0
32159999 -18.76931755 0
32183999 -18.388377 0
32207999 -12.17349477 0
32231999 -18.13491596 0
32255999 -16.2247424 0
32279999 -14.81307293 0
32303999 -24.58800479 0
32327999 -15.1792509 0
32351999 -15.14044029 0
32375999 -28.26312085 0
32399999 -14.3970947 0
32423999 -18.45603526 0
32447999 -21.13056981 0
32471999 -11.8389126 0
32495999 -19.20351885 0
32519999 -17.8374552 0
32543999 -12.450209 0
32567999 -27.59043123 0
32591999 -14.43207 0
32615999 -12.0069287 0
32639999 -17.0702062 0
32663999 -18.2572296 0
32687999 -14.8239319 0
32711999 -9.9872656 0
32735999 -12.5299536 0
32759999 -13.6259589 0
32783999 -8.5064074 0
32807999 -10.5586536 0
32831999 -11.7068195 0
32855999 -9.8937249 0
32879999 -22.4007398 0
32903999 -9.5503268 0
32927999 -12.1932142 0
32951999 -25.0813617 0
32975999 -12.4586216 0
32999999 -10.3767987 0
33023999 -15.8805163 0
33047999 -15.2822524 0
33071999 -22.4825193 0
33095999 -13.7352515 0
33119999 -9.5838142 0
33143999 -16.8159575 0
33167999 -30.0556118 0
33191999 -10.8710176 0
33215999 -12.105377 0
33239999 -32.3318006 0
33263999 -11.8568066 0
33287999 -15.860446 0
33311999 -13.9131622 0
33335999 -10.1360029 0
33359999 -14.4302993 0
33383999 -20.3889362 0
33407999 -10.1799436 0
33431999 -15.0024041 0
33455999 -12.637322 0
33479999 -11.2095203 0
33503999 -13.1767663 0
33527999 -13.854038 0
33551999 -9.368826 0
33575999 -15.5595758 0
33599999 -10.280156 0
33623999 -4.275438 0
33647999 -7.8464831 0
33671999 -24.350611 0
33695999 -3.611262 0
33719999 -6.292062 0
33743999 -3.046246 0
33767999 -5.692602 0
33791999 -7.005149 0
33815999 4.257799 0
33839999 -2.266104 0
33863999 -8.542605 0
33887999 -5.15882 0
33911999 6.407416 0
33935999 -5.229947 0
33959999 -3.582997 0
33983999 9.194018 0
34007999 -5.665879 0
34031999 -3.92474 0
34055999 8.543024 0
34079999 -29.334861 0
34103999 -5.393578 0
34127999 0.819768 0
34151999 -3.064787 0
34175999 -11.802835 0
34199999 -4.173963 0
34223999 -19.535482 0
34247999 -5.314989 0
34271999 -0.184415999999999 0
34295999 -8.861289 0
34319999 -15.2055846 0
34343999 -6.5808422 0
34367999 -13.8812753 0
34391999 -17.7504841 0
34415999 -14.5679441 0
34439999 -16.4805649 0
34463999 -14.6457245 0
34487999 -21.0358074 0
34511999 -13.7852606 0
34535999 -19.91466969 0
34559999 -18.8982858 0
34583999 -19.4713298 0
34607999 -26.57996621 0
34631999 -13.75724848 0
34655999 -16.90344661 0
34679999 -19.174597 0
34703999 -11.8423761 0
34727999 -15.6616326 0
34751999 -13.151068 0
34775999 -10.4881601 0
34799999 -12.9785533 0
34823999 -9.6634673 0
34847999 -8.7542827 0
34871999 -13.3227553 0
34895999 -12.5027118 0
34919999 -19.8419601 0
34943999 -11.340973 0
34967999 -6.9530612 0
34991999 -7.6853204 0
35015999 -8.1564204 0
35039999 -7.3550343 0
35063999 -10.0149464 0
35087999 -11.7396873 0
35111999 -12.2353702 0
35135999 -19.8239711 0
35159999 -14.4725108 0
35183999 -18.3190727 0
35207999 -21.32145982 0
35231999 -15.497363926 0
35255999 -23.0828951 0
35279999 -17.0077739 0
35303999 -19.1208765 0
35327999 -20.4320378 0
35351999 -10.60661 0
35375999 -17.8430228 0
35399999 -20.7349354 0
35423999 -16.6033702 0
35447999 -18.415726 0
35471999 -14.1628786 0
35495999 -15.5100048 0
35519999 -17.5760024 0
35543999 -13.079499 0
35567999 -21.702014 0
35591999 -14.1537991 0
35615999 -11.4255284 0
35639999 -25.4694792 0
35663999 -14.5621138 0
35687999 -13.3211496 0
35711999 -27.3828872 0
35735999 -9.9973353 0
35759999 -9.6338039 0
35783999 -19.9030554 0
35807999 -13.193822 0
35831999 -31.6249682 0
35855999 -8.2333102 0
35879999 -10.8639582 0
35903999 -28.50369 0
35927999 -10.1108683 0
35951999 -14.9012846 0
35975999 -19.3384135 0
35999999 -5.8538941 0
36023999 -15.0445254 0
36047999 -14.0855129 0
36071999 -7.3880083 0
36095999 -16.7922916 0
36119999 -12.4352959 0
36143999 -8.318589 0
36167999 -24.0628095 0
36191999 -8.3340893 0
36215999 -6.4095392 0
36239999 -27.3934896 0
36263999 -8.4433455 0
36287999 -9.222338 0
36311999 -21.7930616 0
36335999 -11.9979393 0
36359999 -12.4706929 0
36383999 -15.613815 0
36407999 -6.9460836 0
36431999 -7.951205 0
36455999 -16.7635135 0
36479999 -13.1498091 0
36503999 -10.718102 0
36527999 -10.291252 0
36551999 -8.593051 0
36575999 -18.057196 0
36599999 -6.7409497 0
36623999 -6.179754 0
36647999 -9.47273 0
36671999 -8.215831 0
36695999 -11.830915 0
36719999 14.259501 0
36743999 -0.503997999999999 0
36767999 -6.022857 0
36791999 0.34116 0
36815999 -3.485982 0
36839999 -5.445431 0
36863999 -2.9394093 0
36887999 -7.9634921 0
36911999 -4.3281954 0
36935999 -4.6855779 0
36959999 -2.8783809 0
36983999 -1.0998107 0
37007999 -1.3223535 0
37031999 -2.0366674 0
37055999 -4.7377235 0
37079999 -15.0714465 0
37103999 -7.2606163 0
37127999 -5.9117649 0
37151999 -7.9120003 0
37175999 -3.6794568 0
37199999 -5.2782293 0
37223999 -9.4195825 0
37247999 -5.1224395 0
37271999 -7.7156796 0
37295999 -9.4946727 0
37319999 -3.8739564 0
37343999 -8.2738068 0
37367999 -9.4312461 0
37391999 -4.578073 0
37415999 -17.7796548 0
37439999 -5.515521 0
37463999 -8.742002 0
37487999 -15.0808987 0
37511999 -3.694795 0
37535999 -18.0797874 0
37559999 -9.3576222 0
37583999 -5.611559 0
37607999 -16.5495461 0
37631999 -10.680224 0
37655999 -7.415072 0
37679999 -13.1174428 0
37703999 -9.690663 0
37727999 -15.570225 0
37751999 -8.288781 0
37775999 -10.1592715 0
37799999 -8.520355 0
37823999 -9.586111 0
37847999 -11.1896826 0
37871999 -14.548333 0
37895999 -5.293916 0
37919999 -10.2040031 0
37943999 -8.891728 0
37967999 -10.137765 0
37991999 -13.917821 0
38015999 -6.650583 0
38039999 -13.121311 0
38063999 -20.8073363 0
38087999 -6.030441 0
38111999 -8.989606 0
38135999 -16.4127212 0
38159999 -5.441439 0
38183999 -17.3251497 0
38207999 -14.2021395 0
38231999 -14.952428 0
38255999 -9.1153703 0
38279999 -9.1720648 0
38303999 -11.8921936 0
38327999 -14.4769504 0
38351999 -7.8935054 0
38375999 -11.734143 0
38399999 -8.2210649 0
38423999 -8.6296044 0
38447999 -25.792624 0
38471999 -11.5377166 0
38495999 -10.4839367 0
38519999 -16.038051 0
38543999 -12.2770973 0
38567999 -12.8362189 0
38591999 -11.09107 0
38615999 -11.5240026 0
38639999 -16.15871 0
38663999 -11.8737704 0
38687999 -16.8446046 0
38711999 -13.6097926 0
38735999 -13.219197 0
38759999 -9.1134914 0
38783999 -12.4908913 0
38807999 -13.7428134 0
38831999 -17.7105519 0
38855999 -9.2615727 0
38879999 -9.789561 0
38903999 -17.6956313 0
38927999 -11.1096462 0
38951999 -6.1379861 0
38975999 -13.8491664 0
38999999 -14.9155842 0
39023999 -12.7469313 0
39047999 -14.4296439 0
39071999 -20.9847113 0
39095999 -7.3429619 0
39119999 -9.0237858 0
39143999 -22.8874732 0
39167999 -7.237511 0
39191999 -11.9345248 0
39215999 -21.4053303 0
39239999 -7.733578 0
39263999 -12.2487787 0
39287999 -10.5196603 0
39311999 -4.6174303 0
39335999 -15.4542961 0
39359999 -10.3561179 0
39383999 -6.926462 0
39407999 -23.5529834 0
39431999 -9.2848844 0
39455999 -11.584458 0
39479999 -12.0997025 0
39503999 -6.9364733 0
39527999 -16.074514 0
39551999 -9.6794362 0
39575999 -8.8184288 0
39599999 -14.2445638 0
39623999 -11.3440075 0
39647999 -16.7882359 0
39671999 -8.841599 0
39695999 -8.6494661 0
39719999 -9.7243454 0
39743999 -16.888191 0
39767999 -14.7501099 0
39791999 -9.7154903 0
39815999 -8.00399 0
39839999 -17.5981311 0
39863999 -14.636046 0
39887999 -7.872727 0
39911999 -8.5640272 0
39935999 -10.0836897 0
39959999 -6.538862 0
39983999 -8.81008 0
40007999 -4.137537 0
40031999 -9.829948 0
40055999 -0.43374 0
40079999 -5.083468 0
40103999 0.625872000000001 0
40127999 -4.147096 0
40151999 -12.934486 0
40175999 -1.811032 0
40199999 -3.238498 0
40223999 -2.668333 0
40247999 4.422157 0
40271999 -7.03491 0
40295999 -8.960776 0
40319999 1.515121 0
40343999 -7.656379 0
40367999 -4.172851 0
40391999 -3.415588 0
40415999 -0.270385000000001 0
40439999 0.569818999999999 0
40463999 -1.256114 0
40487999 -7.263946 0
40511999 1.481679 0
40535999 -4.206528 0
40559999 -1.762522 0
40583999 -12.783327 0
40607999 -0.377074 0
40631999 -5.044153 0
40655999 2.716957 0
40679999 12.711002 0
40703999 -11.183478 0
40727999 -6.183385 0
40751999 -0.935785000000003 0
40775999 -21.257915 0
40799999 -5.063377 0
40823999 -0.942018999999998 0
40847999 -11.640554 0
40871999 -5.854513 0
40895999 -5.542373 0
40919999 -6.781316 0
40943999 -8.275923 0
40967999 -6.464211 0
40991999 -8.081931 0
41015999 -10.4804385 0
41039999 -13.361328 0
41063999 -2.691702 0
41087999 -12.9434464 0
41111999 -8.33102 0
41135999 -6.890325 0
41159999 -12.1541917 0
41183999 -5.970624 0
41207999 -9.874129 0
41231999 -17.5098962 0
41255999 -3.780188 0
41279999 -10.1818487 0
41303999 -24.2911324 0
41327999 -6.082501 0
41351999 -6.49098 0
41375999 -16.1286359 0
41399999 -8.72645 0
41423999 -13.73546 0
41447999 -13.8340901 0
41471999 -8.736788 0
41495999 -14.164726 0
41519999 -8.5856611 0
41543999 -5.46857 0
41567999 -15.548883 0
41591999 -18.0711221 0
41615999 -9.223032 0
41639999 -16.135631 0
41663999 -13.2130123 0
41687999 -14.518445 0
41711999 -15.9971691 0
41735999 -13.1916512 0
41759999 -10.58469 0
41783999 -17.8093958 0
41807999 -10.723265 0
41831999 -13.469954 0
41855999 -12.5202046 0
41879999 -11.9755458 0
41903999 -14.542029 0
41927999 -19.1090358 0
41951999 -13.3749337 0
41975999 -11.43742 0
41999999 -16.6878597 0
42023999 -18.0561988 0
42047999 -14.8611484 0
42071999 -14.0553193 0
42095999 -18.170463 0
42119999 -10.669743 0
42143999 -16.1136566 0
42167999 -17.2029454 0
42191999 -8.793397 0
42215999 -12.2132112 0
42239999 -19.6138162 0
42263999 -7.7557688 0
42287999 -12.403106 0
42311999 -15.4580804 0
42335999 -16.1120484 0
42359999 -13.1876864 0
42383999 -14.8715148 0
42407999 -10.620424 0
42431999 -18.3774655 0
42455999 -12.4128183 0
42479999 -9.6619393 0
42503999 -15.4154864 0
42527999 -12.1967605 0
42551999 -15.696527 0
42575999 -10.5454105 0
42599999 -7.6538578 0
42623999 -15.555471 0
42647999 -9.7898 0
42671999 -4.963253 0
42695999 -12.545686 0
42719999 -4.3824823 0
42743999 -3.816057 0
42767999 -5.699182 0
42791999 -2.9821832 0
42815999 -1.286524 0
42839999 -5.243494 0
42863999 -2.5977535 0
42887999 -1.944029 0
42911999 -14.332352 0
42935999 -12.087776 0
42959999 -3.530647 0
42983999 -0.0605140000000013 0
43007999 -3.3655839 0
43031999 -6.126317 0
43055999 0.838271000000001 0
43079999 -4.201467 0
43103999 -15.681034 0
43127999 -5.23572 0
43151999 -10.2239309 0
43175999 -15.15134 0
43199999 -4.04863 0
43223999 -10.7372425 0
43247999 -15.852165 0
43271999 -6.647415 0
43295999 -19.5127756 0
43319999 -11.196402 0
43343999 -5.541635 0
43367999 -22.1342159 0
43391999 -10.092319 0
43415999 -5.614562 0
43439999 -17.7533304 0
43463999 -12.386362 0
43487999 -10.742089 0
43511999 -9.9342036 0
43535999 -15.466777 0
43559999 -11.170326 0
43583999 -17.5901581 0
43607999 -18.5920127 0
43631999 -9.309498 0
43655999 -11.5605545 0
43679999 -18.398889 0
43703999 -7.300252 0
43727999 -18.4333221 0
43751999 -10.799509 0
43775999 -6.426265 0
43799999 -11.7808104 0
43823999 -12.292722 0
43847999 -12.370326 0
43871999 -11.442416 0
43895999 -10.153196 0
43919999 -7.305005 0
43943999 -14.7554645 0
43967999 -9.03227 0
43991999 -4.26092 0
44015999 -8.880804 0
44039999 -14.349469 0
44063999 -4.583282 0
44087999 -18.052488 0
44111999 -6.690198 0
44135999 0.611169 0
44159999 -16.258376 0
44183999 -8.617067 0
44207999 2.575081 0
44231999 -11.113651 0
44255999 -13.811646 0
44279999 -2.661802 0
44303999 -4.285265 0
44327999 -13.48509 0
44351999 -5.363043 0
44375999 -5.270366 0
44399999 -18.084713 0
44423999 -5.642292 0
44447999 -9.666853 0
44471999 -14.582578 0
44495999 -5.801901 0
44519999 -7.234543 0
44543999 -12.330055 0
44567999 -8.634967 0
44591999 -15.243206 0
44615999 -7.767657 0
44639999 -11.438288 0
44663999 -10.781648 0
44687999 -11.3194966 0
44711999 -13.261284 0
44735999 -10.031713 0
44759999 -7.919224 0
44783999 -18.22601 0
44807999 -8.9532515 0
44831999 -9.9387671 0
44855999 -11.747359 0
44879999 -8.7400608 0
44903999 -14.1651771 0
44927999 -5.248086 0
44951999 -4.6551821 0
44975999 -7.021453 0
44999999 -1.1705617 0
45023999 -1.9874859 0
45047999 -7.5294744 0
45071999 -11.0016886 0
45095999 -16.8962272 0
45119999 -6.3336029 0
45143999 -1.8887496 0
45167999 -8.8746793 0
45191999 -7.8057304 0
45215999 -3.6811655 0
45239999 -10.6081646 0
45263999 -11.2239005 0
45287999 -5.8587242 0
45311999 -15.2886402 0
45335999 -11.808522 0
45359999 -8.954716 0
45383999 -22.1113478 0
45407999 -8.7901757 0
45431999 -11.165633 0
45455999 -11.9883226 0
45479999 -12.1840312 0
45503999 -15.047212 0
45527999 -12.0752654 0
45551999 -15.2603987 0
45575999 -14.063605 0
45599999 -14.7589869 0
45623999 -24.275379 0
45647999 -5.428807 0
45671999 -8.921116 0
45695999 -31.008719 0
45719999 -5.653448 0
45743999 -10.7827451 0
45767999 -18.1158246 0
45791999 -15.286295 0
45815999 -13.160355 0
45839999 -12.995487 0
45863999 -6.395942 0
45887999 -14.2370975 0
45911999 -13.9848002 0
45935999 -6.777858 0
45959999 -12.9839054 0
45983999 -18.3522613 0
46007999 -9.9517313 0
46031999 -13.6281054 0
46055999 -20.8698001 0
46079999 -11.8892406 0
46103999 -10.9173321 0
46127999 -15.417277 0
46151999 -9.338289 0
46175999 -19.9558104 0
46199999 -12.5122783 0
46223999 -9.6315222 0
46247999 -18.1059973 0
46271999 -10.7503966 0
46295999 -13.6488474 0
46319999 -15.632549 0
46343999 -13.552948 0
46367999 -7.580171 0
46391999 -19.2825646 0
46415999 -12.959782 0
46439999 -11.979971 0
46463999 -11.2625647 0
46487999 -13.4395866 0
46511999 -16.061258 0
46535999 -14.1349098 0
46559999 -14.067277 0
46583999 -13.678209 0
46607999 -15.9726309 0
46631999 -12.2198536 0
46655999 -11.496006 0
46679999 -21.9601358 0
46703999 -10.006998 0
46727999 -9.531551 0
46751999 -18.6049601 0
46775999 -10.9440183 0
46799999 -22.526321 0
46823999 -13.1457228 0
46847999 -14.3132279 0
46871999 -20.5667474 0
46895999 -13.1374273 0
46919999 -15.3941208 0
46943999 -11.587301 0
46967999 -10.7925659 0
46991999 -16.6567694 0
47015999 -10.749318 0
47039999 -12.2344487 0
47063999 -9.823301 0
47087999 -26.66751 0
47111999 -11.415193 0
47135999 -11.9429885 0
47159999 -14.428675 0
47183999 -9.4435868 0
47207999 -8.6301239 0
47231999 -29.887635 0
47255999 -8.1833618 0
47279999 -5.707551 0
47303999 -13.302615 0
47327999 -13.7017678 0
47351999 -14.261967 0
47375999 -8.202975 0
47399999 -17.1883504 0
47423999 -14.164566 0
47447999 -6.540182 0
47471999 -9.895011 0
47495999 -13.110459 0
47519999 -2.733615 0
47543999 -11.607416 0
47567999 -12.113482 0
47591999 -0.131247000000002 0
47615999 -5.825232 0
47639999 -9.851419 0
47663999 -1.977734 0
47687999 -8.952195 0
47711999 -3.581327 0
47735999 -1.581752 0
47759999 -5.631466 0
47783999 -3.135817 0
47807999 7.346513 0
47831999 -10.175164 0
47855999 -5.206285 0
47879999 4.329297 0
47903999 -5.496997 0
47927999 -9.098616 0
47951999 2.025123 0
