   3.2451829e+01
   2.9205517e+01
   1.2911053e+01
   1.6706555e+01
   4.9933456e+00
   1.5906695e+01
   1.2646764e+01
   1.1653400e+01
   1.3294500e+01
   1.6388243e+01
   1.9534029e+01
   1.5133008e+01
   1.4684037e+01
   2.2728959e+01
   2.1843407e+01
   9.3199251e+00
   1.5382455e+01
   1.7787139e+01
   2.0680695e+01
   2.1875382e+01
   2.7674037e+01
   2.8344624e+01
   2.9220353e+01
   3.4510716e+01
   3.6894419e+01
   3.8650331e+01
   3.9648281e+01
   4.2489907e+01
   4.4857920e+01
   4.8130187e+01
   5.4022547e+01
   5.7014356e+01
   5.6021502e+01
   4.8514719e+01
   4.7858571e+01
   5.3923830e+01
   5.4527643e+01
   5.4214549e+01
   5.3927859e+01
   5.3128393e+01
   5.2545786e+01
   5.1868639e+01
   5.1508825e+01
   5.1714555e+01
   5.1112575e+01
   5.0039013e+01
   4.9194847e+01
   4.8524643e+01
   4.8578025e+01
   4.8541501e+01
   4.7629921e+01
   4.6666471e+01
   4.6190931e+01
   4.5169831e+01
   4.4140352e+01
   4.4002521e+01
   4.2887822e+01
   4.1512406e+01
   4.1881873e+01
   4.2010560e+01
   4.1258994e+01
   3.9763264e+01
   3.9543397e+01
   4.0739564e+01
   4.1353725e+01
   4.2230299e+01
   4.3330830e+01
   4.4150410e+01
   4.4085524e+01
   4.2603195e+01
   4.0370971e+01
   3.8066533e+01
   3.4967957e+01
   3.2367160e+01
   3.0120646e+01
   2.7653308e+01
   2.6468001e+01
   2.2912541e+01
   2.1182815e+01
   1.8640104e+01
   1.7005807e+01
   1.7472262e+01
   9.6947488e+00
   1.3763384e+01
   1.2950163e+01
   1.5182872e+01
   1.3465813e+01
   8.1573170e+00
   1.1682881e+01
  -2.8477160e+00
   1.0195008e+01
   8.0791956e+00
   5.2860368e-01
   5.4754477e+00
  -7.0950303e+00
   3.5885727e+00
   9.9663310e-01
   6.9659361e+00
  -1.4191130e+01
   6.9956073e+00
   1.3888819e+01
   2.1625243e+01
   2.4160841e+01
   2.3720390e+01
   2.3756596e+01
   2.3023037e+01
   2.0882881e+01
   2.0612390e+01
   1.8210723e+01
   1.6212487e+01
   1.6203574e+01
   9.0422683e+00
   5.1512590e+00
   4.0245475e+00
  -6.6089551e+00
   5.4140153e+00
   9.9763060e+00
   8.7831268e+00
   9.3960413e+00
   9.4887989e+00
   1.0104124e+01
   1.5770609e+01
   1.4805113e+01
   1.7190449e+01
   1.9439931e+01
   1.9910051e+01
   2.2558720e+01
   2.3975504e+01
   2.6028790e+01
   2.7576386e+01
   2.8866854e+01
   3.1137254e+01
   3.3039860e+01
   3.5348206e+01
   3.7228203e+01
   3.7213776e+01
   3.5032117e+01
   3.0808152e+01
   2.4037251e+01
   1.3339015e+01
   1.6825437e+01
   2.0847992e+01
   2.2457992e+01
   2.2371825e+01
   2.1804451e+01
   2.0102822e+01
   1.8680266e+01
   1.8130007e+01
   1.6288129e+01
   1.5639503e+01
   1.2538669e+01
   1.1390963e+01
   1.2540818e+01
   1.0692205e+01
   1.2872780e+01
   1.0728074e+01
   9.6814863e+00
   1.0766858e+01
   8.8378859e+00
   1.0123212e+01
   5.7387530e+00
   8.1975384e+00
   9.6469206e+00
   8.7060780e+00
   1.0961856e+01
   9.5326349e+00
   1.2175573e+01
   1.3270453e+01
   1.2978210e+01
   1.4264249e+01
   1.2030902e+01
   4.7017236e+00
   9.3125700e-01
  -9.0536001e+00
   2.0745197e+00
  -4.0814740e+00
   2.5434903e+00
   3.8076010e+00
  -1.0014940e+01
   1.2025418e+00
   7.4005451e-01
  -2.2986002e+01
  -6.5238911e-01
  -5.4580454e+00
  -6.4065845e+00
  -3.6258259e+00
  -8.1115231e+00
  -2.2686056e+00
  -5.9401304e+00
  -2.5418352e+00
  -2.9261041e+00
  -1.4330692e+01
  -3.5659429e+00
  -1.0453504e+01
  -3.7069433e+00
  -2.2174448e+00
  -5.4171269e+00
   1.7809484e+00
  -2.8864771e+00
   3.8354378e+00
   5.6376130e+00
   4.9712834e+00
   6.8324310e+00
   1.6410986e+00
  -2.2988785e+00
   3.9199698e+00
   1.3294485e+00
   6.4343697e+00
   5.1706545e+00
   1.9624801e+00
   2.6349852e+00
  -5.7164267e+00
   8.8221810e-01
  -1.0329554e+01
   2.6572422e+00
   3.6288295e+00
  -1.9669600e+00
   6.2480156e+00
   5.6816415e+00
   5.1382547e+00
   4.0568169e+00
   2.3448573e+00
   8.0209888e+00
   6.1824530e+00
   7.1684531e+00
   8.2606051e+00
   6.7195800e+00
   9.4554140e+00
   8.3776794e+00
   7.5574893e+00
   7.2442954e+00
   5.5503100e+00
   1.0082800e+01
   9.4962721e+00
   1.0871883e+01
   1.3129480e+01
   1.0884757e+01
   7.3380903e+00
   5.0830534e+00
   3.0359685e+00
   5.2517749e+00
   3.8352615e-01
   1.0706688e+00
   2.5629277e+00
  -7.8088695e+00
  -3.2874868e+00
  -1.0569713e+01
  -2.7677047e+00
  -6.8063252e+00
  -4.0641838e+00
  -3.0894333e-02
  -8.7136895e+00
  -8.0776526e+00
  -1.8035240e+01
  -3.9161933e+00
  -2.0012143e+00
  -1.6977126e+01
  -2.0281462e+00
  -3.7870937e+00
  -8.4464439e+00
  -6.3654064e+00
  -1.6421758e+01
  -3.0330742e+00
  -5.5637557e+00
  -2.2285219e+01
  -7.5845143e+00
  -1.2822757e+01
  -9.8761429e+00
  -7.8667863e+00
  -1.5424554e+01
  -6.6142522e+00
  -8.6039510e+00
  -1.0172309e+01
  -7.4057320e+00
  -7.5669085e+00
  -4.2177611e+01
  -6.6625800e+00
  -4.5259950e+00
  -6.5553934e+00
  -2.3265642e+01
  -1.1342584e+01
  -2.2925582e+01
  -3.8575335e+00
  -3.9843057e+00
  -1.2687123e+01
  -4.2000225e+00
  -5.4250906e+00
  -1.9305408e+01
  -7.6535024e+00
  -1.0001546e+01
  -7.5737348e+00
  -2.1069350e+00
  -6.9669445e+00
  -1.1436348e+01
  -1.3459140e+01
  -1.3385174e+01
  -1.3796629e+01
  -5.2320059e+00
  -1.1509918e+01
  -5.0337406e+00
  -1.6896251e+00
  -6.6234990e+00
  -1.8682356e+00
  -1.1789064e+00
  -8.2966202e+00
  -2.2400312e+00
  -4.4876731e+00
  -9.8670436e+00
  -3.2441007e+00
  -1.3515918e+01
  -5.4767389e+00
  -3.8573120e+00
  -1.1978821e+01
  -9.8885604e+00
  -6.3868564e+00
  -1.0993271e+01
  -9.9383117e+00
  -3.4662665e+00
  -8.6646903e+00
  -5.6077687e+00
   6.0327049e-01
  -3.5693015e+00
  -8.2987909e+00
  -5.2260268e+00
  -2.5429203e+01
  -7.4396612e+00
  -1.1045770e+01
  -1.1540046e+01
  -5.0101275e+00
  -8.0230330e+00
  -1.2351692e+01
  -1.7686665e+01
  -4.5329360e+00
  -5.9564093e+00
  -1.7413659e+01
  -5.0485121e+00
  -8.2678340e+00
  -3.3671686e+01
  -1.0711703e+01
  -9.8639442e+00
  -1.2444544e+01
  -8.7998563e+00
  -7.8455821e+00
  -1.1566649e+01
  -1.3903112e+01
  -6.8004867e+00
  -1.3867649e+01
  -1.0711124e+01
  -9.9672868e+00
  -2.6511195e+01
  -1.5879268e+01
  -1.3359261e+01
  -1.1097111e+01
  -1.1796359e+01
  -1.2349459e+01
  -8.4223251e+00
  -1.3980582e+01
  -1.1069016e+01
  -9.0364089e+00
  -8.7177338e+00
  -8.3822831e+00
  -1.7144818e+01
  -1.4142765e+01
  -7.2842810e+00
  -7.8641611e+00
  -1.2163419e+01
  -9.9045042e+00
  -2.1780999e+01
  -6.5392577e+00
  -9.7212237e+00
  -9.5456369e+00
  -4.5536704e+00
  -8.9283901e+00
  -1.3103500e+01
  -5.4121993e+00
  -1.2602922e+01
  -1.1543175e+01
  -1.3113554e+01
  -1.2159186e+01
  -7.8302840e+00
  -1.7363417e+01
  -1.2611539e+01
  -1.0635489e+01
  -1.5741501e+01
  -1.6262210e+01
  -1.0714901e+01
  -1.2481279e+01
  -1.1217573e+01
  -9.0743718e+00
  -1.1694837e+01
  -1.8468726e+01
  -1.3155152e+01
  -1.5237582e+01
  -7.9290802e+00
  -1.6592908e+01
  -7.3508090e+00
  -9.3576429e+00
  -1.1751131e+01
  -8.6911315e+00
  -1.4771023e+01
  -6.9984236e+00
  -8.6183543e+00
  -1.0442482e+01
  -2.5199195e+00
  -4.4233395e+00
  -7.7002821e+00
  -4.6349050e+00
  -1.9237880e+01
  -5.4657802e+00
  -5.0460808e+00
  -1.4464962e+01
  -8.8982067e+00
  -1.1871159e+01
  -1.0313020e+01
  -7.6480822e+00
  -2.2543380e+01
  -1.0626321e+01
  -1.1537538e+01
  -1.8858999e+01
  -1.6777334e+01
  -1.0984562e+01
  -1.5046179e+01
  -1.4868041e+01
  -9.9617482e+00
  -2.3232789e+01
  -1.2182793e+01
  -1.1618893e+01
  -1.4704242e+01
  -1.0336616e+01
  -1.6197512e+01
  -7.9204472e+00
  -8.0845549e+00
  -1.5993065e+01
  -8.9464682e+00
  -2.0739278e+01
  -9.2119892e+00
  -8.6223448e+00
  -1.6419383e+01
  -4.4282802e+00
  -5.9416698e+00
  -1.5509857e+01
  -9.9689864e+00
  -2.6830112e+01
  -7.1096164e+00
  -9.3821681e+00
  -2.4316243e+01
  -1.4745781e+01
  -2.0831870e+01
  -9.0913590e+00
  -1.1593798e+01
  -1.6849444e+01
  -8.3334565e+00
  -1.9936508e+01
  -6.9426779e+00
  -6.4492190e+00
  -2.2314632e+01
  -6.7120878e+00
  -9.9963564e+00
  -1.8539467e+01
  -1.0773488e+01
  -2.8950691e+01
  -8.9115501e+00
  -9.2348223e+00
  -1.9631210e+01
  -6.8827343e+00
  -8.6878606e+00
  -1.4182052e+01
  -2.3231258e+01
  -1.5744976e+01
  -1.3807004e+01
  -1.3423724e+01
  -1.1724508e+01
  -1.4430961e+01
  -1.7304888e+01
  -8.7240689e+00
  -1.1404825e+01
  -2.8691150e+01
  -1.4967237e+01
  -1.2408594e+01
  -1.4250674e+01
  -1.6972456e+01
  -1.4613292e+01
  -1.3479203e+01
  -1.1344475e+01
  -1.9301277e+01
  -1.6798831e+01
  -1.9652346e+01
  -1.4124012e+01
  -1.3616697e+01
  -1.0576840e+01
  -1.0269080e+01
  -1.5147639e+01
  -1.5988449e+01
  -8.6399658e+00
  -1.7794072e+01
  -1.0397904e+01
  -8.6572345e+00
  -1.6291457e+01
  -1.0220113e+01
  -1.3463421e+01
  -1.5351567e+01
  -9.1079416e+00
  -1.3579086e+01
  -1.1257209e+01
  -7.8398484e+00
  -1.4559014e+01
  -1.2064210e+01
  -1.0828330e+01
  -1.0659066e+01
  -1.4406698e+01
  -2.1280579e+01
  -1.0948599e+01
  -1.2407357e+01
  -1.6395364e+01
  -1.5231418e+01
  -2.7726552e+01
  -1.5764271e+01
  -1.1778002e+01
  -1.5131407e+01
  -1.7317052e+01
  -1.0792449e+01
  -2.1245690e+01
  -1.2798020e+01
  -1.0754086e+01
  -1.1667180e+01
  -1.1147739e+01
  -1.4720821e+01
  -2.4550160e+01
  -1.5927542e+01
  -1.7312701e+01
  -1.6455361e+01
  -1.0643198e+01
  -9.6096525e+00
  -1.0468982e+01
  -1.7278960e+01
  -1.6507365e+01
  -1.5233365e+01
  -1.5213852e+01
  -1.4886019e+01
  -1.2540739e+01
  -2.4688393e+01
  -1.2758184e+01
  -1.2823751e+01
  -1.4158432e+01
  -1.3846294e+01
  -1.9930052e+01
  -2.0851331e+01
  -1.1742398e+01
  -1.3951933e+01
  -1.5125589e+01
  -1.4197751e+01
  -2.0860623e+01
  -1.4218686e+01
  -2.2866530e+01
  -1.2523822e+01
  -1.3114288e+01
  -2.2442961e+01
  -1.6590865e+01
  -3.3233630e+01
  -1.0964870e+01
  -1.0111376e+01
  -1.6979604e+01
  -1.1978313e+01
  -1.9255595e+01
  -1.4969290e+01
  -1.5787100e+01
  -1.7751055e+01
  -9.5885867e+00
  -1.3694490e+01
  -1.5986557e+01
  -1.3483165e+01
  -2.4280928e+01
  -1.2444608e+01
  -2.2362265e+01
  -1.1603016e+01
  -1.1939996e+01
  -1.9438837e+01
  -8.5323348e+00
  -8.6411686e+00
  -1.7994431e+01
  -1.5683271e+01
  -2.0817526e+01
  -1.3580033e+01
  -9.7293600e+00
  -1.3129291e+01
  -1.5841647e+01
  -1.5913742e+01
  -1.0877306e+01
  -1.8463626e+01
  -1.2250358e+01
  -1.2851117e+01
  -1.2199469e+01
  -1.4165333e+01
  -1.9274869e+01
  -9.6034721e+00
  -1.1371650e+01
  -2.3843207e+01
  -1.7842200e+01
  -1.3633242e+01
  -1.0186299e+01
  -1.6559085e+01
  -1.5471620e+01
  -1.3629597e+01
  -1.9748570e+01
  -8.5897294e+00
  -9.7964294e+00
  -1.4582951e+01
  -1.0594227e+01
  -1.2462168e+01
  -1.4344684e+01
  -1.2832407e+01
  -1.8335143e+01
  -1.1542314e+01
  -1.6183176e+01
  -1.3137324e+01
  -1.7627803e+01
  -1.5789193e+01
  -1.1117768e+01
  -1.6878149e+01
  -2.2389160e+01
  -1.1636838e+01
  -1.2087909e+01
  -2.3655085e+01
  -2.2010999e+01
  -1.7353080e+01
  -1.9137337e+01
  -2.0118299e+01
  -2.1347092e+01
  -1.4218914e+01
  -1.1958073e+01
  -2.9187781e+01
  -1.6402523e+01
  -3.3505939e+01
  -1.1447104e+01
  -9.6896841e+00
  -1.5103404e+01
  -9.1578552e+00
  -8.6235390e+00
  -2.1347621e+01
  -1.6090177e+01
  -2.5514711e+01
  -1.4025927e+01
  -1.4131915e+01
  -1.6934009e+01
  -9.1434162e+00
  -1.0896945e+01
  -1.7962263e+01
  -1.0199355e+01
  -1.2937404e+01
  -1.9332260e+01
  -1.1431890e+01
  -1.9521196e+01
  -1.8620342e+01
  -1.7259765e+01
  -2.6806764e+01
  -1.8071807e+01
  -1.6679546e+01
  -1.6630523e+01
  -1.2895039e+01
  -2.3829952e+01
  -1.2820320e+01
  -1.3083452e+01
  -3.4972626e+01
  -1.6713899e+01
  -2.4555156e+01
  -1.7653285e+01
  -1.6998333e+01
  -2.5283836e+01
  -1.7391401e+01
  -1.2461864e+01
  -1.0944748e+01
  -1.3166857e+01
  -2.3561306e+01
  -9.7270271e+00
  -9.1553789e+00
  -1.9066500e+01
  -1.7959158e+01
  -2.0004392e+01
  -1.7992237e+01
  -1.1188662e+01
  -1.3508482e+01
  -2.6719423e+01
  -2.0904407e+01
  -1.3813444e+01
  -1.2009422e+01
  -1.6791758e+01
  -2.4327693e+01
  -1.5427649e+01
  -1.9795866e+01
  -1.4832783e+01
  -1.3421641e+01
  -2.1705832e+01
  -1.8697279e+01
  -2.7866998e+01
  -1.3872576e+01
  -1.2727754e+01
  -3.2130625e+01
  -1.6405004e+01
  -4.0134222e+01
  -1.2302896e+01
  -1.1339026e+01
  -2.0342245e+01
  -2.4604405e+01
  -1.5852216e+01
  -1.4733585e+01
  -1.4367815e+01
  -1.4005640e+01
  -1.7400133e+01
  -2.5490595e+01
  -1.4989874e+01
  -1.2878145e+01
  -2.1583759e+01
  -1.7832230e+01
  -2.3698315e+01
  -1.3071996e+01
  -1.5560600e+01
  -1.8766978e+01
  -1.1433815e+01
  -1.7743365e+01
  -1.6925867e+01
  -1.3797456e+01
  -3.6803047e+01
  -1.4455104e+01
  -2.0567696e+01
  -1.3356808e+01
  -1.3170640e+01
  -2.5941841e+01
  -1.3294621e+01
  -2.2972758e+01
  -1.3947552e+01
  -1.2219981e+01
  -2.5618988e+01
  -1.4935454e+01
  -1.7211150e+01
  -2.0248251e+01
  -1.4101980e+01
  -2.4620163e+01
  -1.3268523e+01
  -1.4474217e+01
  -1.6549495e+01
  -1.5668477e+01
  -2.8533391e+01
  -1.4683117e+01
  -1.2777613e+01
  -1.9011999e+01
  -2.5145431e+01
  -1.7412954e+01
  -1.6640171e+01
  -2.0161670e+01
  -1.5358905e+01
  -1.7216719e+01
  -2.1908056e+01
  -1.3815224e+01
  -1.6092432e+01
  -3.0834549e+01
  -2.0481885e+01
  -1.9012004e+01
  -2.2701265e+01
  -2.0578393e+01
  -2.2356952e+01
  -1.6808129e+01
  -1.8461831e+01
  -1.6950257e+01
  -2.4501260e+01
  -2.1151157e+01
  -1.7995125e+01
  -1.6880960e+01
  -1.6865925e+01
  -2.0709972e+01
  -3.1945336e+01
  -1.3842584e+01
  -1.2151199e+01
  -1.6498471e+01
  -1.4524192e+01
  -1.9234321e+01
  -1.8825358e+01
  -1.2914353e+01
  -1.8335168e+01
  -1.5057827e+01
  -1.1764523e+01
  -1.7601479e+01
  -2.3227525e+01
  -1.9078898e+01
  -2.4228339e+01
  -1.1913129e+01
  -1.3378129e+01
  -3.3289105e+01
  -1.7441060e+01
  -2.9794934e+01
  -1.4211425e+01
  -1.6125338e+01
  -2.1408492e+01
  -2.1205500e+01
  -2.3030551e+01
  -1.9043515e+01
  -1.4834404e+01
  -1.7220601e+01
  -2.1647731e+01
  -1.6361328e+01
  -2.3248659e+01
  -1.6364512e+01
  -1.3533897e+01
  -2.1618777e+01
  -1.9554894e+01
  -1.6629616e+01
  -1.4424631e+01
  -1.3540371e+01
  -1.9674613e+01
  -1.8484540e+01
  -2.4560517e+01
  -2.1228419e+01
  -2.0761614e+01
  -2.8669925e+01
  -1.5013503e+01
  -1.3850710e+01
  -1.9257149e+01
  -2.2693255e+01
  -2.4071295e+01
  -1.4309268e+01
  -1.3790240e+01
  -2.0416786e+01
  -2.2739533e+01
  -1.7218800e+01
  -2.4126232e+01
  -1.4681905e+01
  -1.9687679e+01
  -1.7425557e+01
  -1.4113582e+01
  -2.3229005e+01
  -1.7851572e+01
  -1.9572912e+01
  -2.8079441e+01
  -1.9455527e+01
  -1.4136036e+01
  -1.8979857e+01
  -2.4519907e+01
  -2.0030792e+01
  -1.7968233e+01
  -1.7376674e+01
  -1.7083393e+01
  -1.7380650e+01
  -1.9841280e+01
  -2.7356934e+01
  -1.6892705e+01
  -1.8813781e+01
  -2.1028206e+01
  -2.0051857e+01
  -1.6268830e+01
  -2.1317873e+01
  -1.5902477e+01
  -1.8109037e+01
  -1.9560302e+01
  -1.4169917e+01
  -1.7496806e+01
  -2.0680697e+01
  -2.3525863e+01
  -1.8362455e+01
  -1.5451029e+01
  -1.7688418e+01
  -2.7303315e+01
  -1.6521777e+01
  -1.6416726e+01
  -1.7786642e+01
  -1.9212795e+01
  -1.1542545e+01
  -1.8737955e+01
  -1.4329723e+01
  -1.1216477e+01
  -1.9131035e+01
  -2.1883242e+01
  -1.9480906e+01
  -2.6147214e+01
  -1.2697831e+01
  -1.4394808e+01
  -2.4882607e+01
  -1.7576369e+01
  -1.7674342e+01
  -1.5273293e+01
  -2.2181644e+01
  -2.5167214e+01
  -1.9223449e+01
  -1.3313247e+01
  -1.9747205e+01
  -1.9726035e+01
  -2.0298742e+01
  -1.8178229e+01
  -1.5970063e+01
  -1.8903938e+01
  -2.2490864e+01
  -1.8713009e+01
  -2.8200446e+01
  -1.6488169e+01
  -1.6039668e+01
  -2.4758564e+01
  -1.7057853e+01
  -3.4861385e+01
  -1.3703570e+01
  -1.2485245e+01
  -2.8530160e+01
  -1.3952413e+01
  -1.6480729e+01
  -2.0782291e+01
  -1.5522363e+01
  -2.5006715e+01
  -1.4316563e+01
  -2.1632987e+01
  -1.6452731e+01
  -1.4390698e+01
  -2.6161182e+01
  -1.6864301e+01
  -1.8445656e+01
  -2.3605812e+01
  -1.6212403e+01
  -2.3636103e+01
  -1.1402029e+01
  -1.3027166e+01
  -2.3502434e+01
  -1.5210087e+01
  -3.0211051e+01
  -1.3593629e+01
  -1.4658386e+01
  -2.2962540e+01
  -1.1151693e+01
  -1.3599614e+01
  -2.1929910e+01
  -1.6636359e+01
  -4.1464119e+01
  -1.4584437e+01
  -1.4352119e+01
  -2.1552861e+01
  -1.4879934e+01
  -1.8069589e+01
  -1.8198967e+01
  -1.2854374e+01
  -1.7295318e+01
  -1.3912349e+01
  -1.8153001e+01
  -2.2780119e+01
  -1.5861539e+01
  -1.7680860e+01
  -3.6999754e+01
  -1.5746641e+01
  -1.7590618e+01
  -2.5970371e+01
  -1.8166550e+01
  -1.3050086e+01
  -1.5763837e+01
  -2.6351735e+01
  -1.9837583e+01
  -2.1593972e+01
  -1.3365046e+01
  -1.7435998e+01
  -2.2157137e+01
  -2.2051116e+01
  -1.7368772e+01
  -2.5955449e+01
  -2.4555220e+01
  -2.3785975e+01
  -1.3761659e+01
  -1.4563464e+01
  -1.9578030e+01
  -2.4690208e+01
  -1.9017486e+01
  -1.7923839e+01
  -1.9569925e+01
  -1.9878103e+01
  -1.8624386e+01
  -1.7821652e+01
  -3.0188271e+01
  -1.5500782e+01
  -1.6575640e+01
  -3.3154981e+01
  -1.7571584e+01
  -1.5945772e+01
  -3.2199102e+01
  -1.8917839e+01
  -2.2396199e+01
  -1.7300029e+01
  -1.6899082e+01
  -2.4587793e+01
  -2.1062153e+01
  -2.1947342e+01
  -2.5589013e+01
  -1.6662647e+01
  -2.3995673e+01
  -1.8457927e+01
  -1.9512013e+01
  -2.2586227e+01
  -1.4696000e+01
  -1.8792636e+01
  -2.2529855e+01
  -1.5699045e+01
  -2.8587993e+01
  -1.3324936e+01
  -1.1625778e+01
  -2.5812502e+01
  -1.7158624e+01
  -2.0988947e+01
  -1.8548539e+01
  -2.0133787e+01
  -2.5927493e+01
  -1.8826984e+01
  -2.1767624e+01
  -2.0762908e+01
  -1.8055517e+01
  -3.0134454e+01
  -1.9844577e+01
  -2.1679139e+01
  -1.9462231e+01
  -2.1899740e+01
  -1.8514099e+01
  -1.2245785e+01
  -1.6906965e+01
  -2.6930924e+01
  -2.6112910e+01
  -2.2282025e+01
  -1.7392514e+01
  -2.7785698e+01
  -2.0630763e+01
  -1.9565250e+01
  -2.4262175e+01
  -2.2933626e+01
  -2.6678009e+01
  -1.4936224e+01
  -1.5566374e+01
  -1.6989768e+01
  -1.4997598e+01
  -2.4761241e+01
  -2.2043745e+01
  -2.9148204e+01
  -1.4863102e+01
  -1.3551806e+01
  -3.4861803e+01
  -1.5312904e+01
  -1.6789627e+01
  -2.5758818e+01
  -1.5994772e+01
  -2.1357799e+01
  -1.6187659e+01
  -1.2767336e+01
  -2.3335434e+01
  -1.2382288e+01
  -1.3482512e+01
  -2.6387884e+01
  -1.5305273e+01
  -2.7006930e+01
  -1.8143223e+01
  -1.7924936e+01
  -3.0432872e+01
  -1.8659783e+01
  -1.7347771e+01
  -2.0778903e+01
  -2.3818180e+01
  -2.3973911e+01
  -1.8912519e+01
  -2.2256391e+01
  -2.3030978e+01
  -2.0747209e+01
  -2.8222112e+01
  -1.9163412e+01
  -1.4078117e+01
  -2.0343825e+01
  -1.9787696e+01
  -1.6562281e+01
  -2.2114602e+01
  -1.7296863e+01
  -1.8584083e+01
  -2.0711001e+01
  -1.6591548e+01
  -2.0624831e+01
  -1.8064312e+01
  -1.8278947e+01
  -2.5681976e+01
  -1.8247884e+01
  -2.2336665e+01
  -2.7028935e+01
  -2.0891846e+01
  -1.7953280e+01
  -2.2655392e+01
  -2.3769382e+01
  -2.0692057e+01
  -2.4579337e+01
  -2.5944364e+01
  -2.2546678e+01
  -2.6647278e+01
  -1.6392264e+01
  -1.9799482e+01
  -2.7902350e+01
  -1.9234660e+01
  -2.4091014e+01
  -2.5388214e+01
  -1.8488364e+01
  -2.4292261e+01
  -1.5876458e+01
  -1.7986448e+01
  -1.8689202e+01
  -1.3542093e+01
  -2.1607078e+01
  -1.7128008e+01
  -1.4467511e+01
  -2.3308939e+01
  -1.8187711e+01
  -1.4563927e+01
  -2.6966690e+01
  -1.6754161e+01
  -1.7165777e+01
  -2.4188035e+01
  -1.9559435e+01
  -4.5174122e+01
  -1.8390515e+01
  -2.0239452e+01
  -2.5074166e+01
  -1.6964735e+01
  -2.6160743e+01
  -2.1915927e+01
  -2.6325104e+01
  -1.8952038e+01
  -1.6669129e+01
  -2.7256030e+01
  -1.6046799e+01
  -1.6704156e+01
  -2.5882192e+01
  -1.9411777e+01
  -4.6863369e+01
  -1.5197049e+01
  -1.5668306e+01
  -2.4755276e+01
  -1.4773927e+01
  -2.2488642e+01
  -1.9050767e+01
  -1.6936145e+01
  -4.0130807e+01
  -1.6465315e+01
  -1.7035841e+01
  -2.9131435e+01
  -1.6129807e+01
  -1.9329411e+01
  -1.9231487e+01
  -2.8521710e+01
  -2.0555979e+01
  -2.4267316e+01
  -1.9938939e+01
  -1.7553112e+01
  -2.6098401e+01
  -1.8959654e+01
  -2.1530874e+01
  -2.9772525e+01
  -2.1284898e+01
  -1.8994601e+01
  -3.5314105e+01
  -1.9106397e+01
  -1.6305392e+01
  -1.5547665e+01
  -2.7380633e+01
  -2.0516914e+01
  -2.3525838e+01
  -2.0315439e+01
  -1.8171290e+01
  -3.0038130e+01
  -2.1051247e+01
  -1.6963857e+01
  -2.5919180e+01
  -1.8894703e+01
  -1.8727001e+01
  -3.4000817e+01
  -2.2786027e+01
  -2.5555745e+01
  -3.5823665e+01
  -2.1009676e+01
  -2.1271758e+01
  -2.1248006e+01
  -1.9024152e+01
  -2.3222479e+01
  -1.5595385e+01
  -2.3718247e+01
  -1.9756665e+01
  -1.8477446e+01
  -4.4200231e+01
  -2.0126490e+01
  -1.8508371e+01
  -2.1935028e+01
  -1.6848140e+01
  -2.1574548e+01
  -2.3057082e+01
  -2.0005604e+01
  -2.1232430e+01
  -2.3042680e+01
  -2.8504509e+01
  -2.4166421e+01
  -2.3900792e+01
  -1.6298772e+01
  -2.3547024e+01
  -1.7098097e+01
  -1.3887600e+01
  -2.1674457e+01
  -1.8374809e+01
  -1.5991422e+01
  -2.1318269e+01
  -1.6815270e+01
  -2.3472220e+01
  -2.1120344e+01
  -1.7793717e+01
  -1.6949881e+01
  -2.1069659e+01
  -1.8609301e+01
  -1.5032965e+01
  -2.2447018e+01
  -1.9705461e+01
  -1.6987734e+01
  -2.9873504e+01
  -2.1975432e+01
  -3.6348112e+01
  -1.6271014e+01
  -1.4233494e+01
  -2.8560659e+01
  -1.7606534e+01
  -1.8994487e+01
  -2.3174864e+01
  -1.5749423e+01
  -2.3080588e+01
  -1.9530352e+01
  -1.7986633e+01
  -2.7733563e+01
  -1.7499748e+01
  -2.4326453e+01
  -1.8593269e+01
  -1.5529147e+01
  -2.1765107e+01
  -3.0090430e+01
  -2.9101849e+01
  -2.0985249e+01
  -2.2072627e+01
  -1.9177702e+01
  -1.4630199e+01
  -2.6006370e+01
  -1.7360466e+01
  -1.8348564e+01
  -3.1156030e+01
  -2.0106783e+01
  -1.8364402e+01
  -1.8666781e+01
  -1.9968462e+01
  -2.6521635e+01
  -1.9530988e+01
  -1.6740297e+01
  -3.5400991e+01
  -1.9676029e+01
  -2.8492641e+01
  -2.3373661e+01
  -2.6826037e+01
  -2.3894148e+01
  -2.8471587e+01
  -1.6252567e+01
  -1.9755238e+01
  -2.5392944e+01
  -2.3159151e+01
  -2.1712027e+01
  -1.7888567e+01
  -2.5077558e+01
  -2.1119011e+01
  -2.3271761e+01
  -3.1958881e+01
  -1.8254110e+01
  -1.9372756e+01
  -2.6514851e+01
  -1.8412509e+01
  -2.7887627e+01
  -2.3599720e+01
  -3.1361639e+01
  -2.0203203e+01
  -1.6966408e+01
  -2.4670299e+01
  -2.2733259e+01
  -1.8699461e+01
  -2.6537338e+01
  -1.6069064e+01
  -1.5224549e+01
  -2.2785825e+01
  -2.1355203e+01
  -2.5173449e+01
  -2.1661284e+01
  -1.5835245e+01
  -2.4188528e+01
  -1.8503043e+01
  -1.5312229e+01
  -2.3752901e+01
  -2.0912004e+01
  -1.9278342e+01
  -2.3319038e+01
  -1.7201884e+01
  -2.1004767e+01
  -2.0672431e+01
  -1.5743246e+01
  -2.3546966e+01
  -2.2662775e+01
  -2.2873309e+01
  -2.8133103e+01
  -2.1162746e+01
  -2.3672163e+01
  -2.6052349e+01
  -3.2343638e+01
  -2.0961961e+01
  -1.7893053e+01
  -2.1991293e+01
  -1.7808882e+01
  -2.0744699e+01
  -1.6710618e+01
  -1.9308893e+01
  -2.5593926e+01
  -2.0686837e+01
  -2.5413427e+01
  -2.0072337e+01
  -3.2007736e+01
  -2.1629725e+01
  -1.9549280e+01
  -2.0479960e+01
  -2.0404389e+01
  -2.2279824e+01
  -2.7535415e+01
  -2.2972630e+01
  -2.5666964e+01
  -2.6645005e+01
  -2.4177291e+01
  -1.8943501e+01
  -2.1906121e+01
  -2.5666317e+01
  -2.4102759e+01
  -1.9891366e+01
  -2.2569242e+01
  -2.1471251e+01
  -2.5037500e+01
  -1.8271632e+01
  -1.9763356e+01
  -2.7135466e+01
  -1.9235467e+01
  -2.6333684e+01
  -1.9728487e+01
  -2.1370620e+01
  -3.5838316e+01
  -2.4993554e+01
  -2.7246521e+01
  -2.3280818e+01
  -1.7555234e+01
  -2.4502159e+01
  -2.2684770e+01
  -2.6001816e+01
  -2.0745877e+01
  -1.5353654e+01
  -1.8953873e+01
  -1.8826558e+01
  -1.7899136e+01
  -2.7552031e+01
  -1.9012933e+01
  -1.9679095e+01
  -3.1977036e+01
  -1.8187264e+01
  -2.0294267e+01
  -3.1867170e+01
  -2.1295845e+01
  -2.7668833e+01
  -2.6112046e+01
  -2.8254780e+01
  -2.2596702e+01
  -2.1547517e+01
  -2.2340398e+01
  -2.8323487e+01
  -1.6298877e+01
  -1.7239766e+01
  -2.2188836e+01
  -1.4829812e+01
  -1.7745643e+01
  -4.6851026e+01
  -1.9808054e+01
  -2.0582194e+01
  -2.5894233e+01
  -1.7695042e+01
  -2.4563168e+01
  -2.3184569e+01
  -2.0936681e+01
  -3.2519942e+01
  -2.0645893e+01
  -2.1996777e+01
  -2.3475292e+01
  -1.5429976e+01
  -2.1581775e+01
  -2.0050979e+01
  -1.8152697e+01
  -2.5359117e+01
  -2.3120883e+01
  -2.3520156e+01
  -1.7160142e+01
  -2.9923918e+01
  -1.9024720e+01
  -1.9166142e+01
  -4.2175774e+01
  -2.3039070e+01
  -3.1040457e+01
  -2.0608363e+01
  -1.8721058e+01
  -3.2005006e+01
  -1.9026378e+01
  -2.6591856e+01
  -1.5887577e+01
  -1.4860968e+01
  -2.7778276e+01
  -2.0733810e+01
  -1.8678307e+01
  -2.5907745e+01
  -1.9249072e+01
  -2.1144023e+01
  -2.3728869e+01
  -1.9120121e+01
  -3.4799763e+01
  -2.1293727e+01
  -3.4663701e+01
  -2.0629670e+01
  -1.9050983e+01
  -2.3654538e+01
  -2.8614616e+01
  -1.6555379e+01
  -1.7465106e+01
  -3.1516872e+01
  -1.7515430e+01
  -1.8746768e+01
  -3.4414756e+01
  -1.9375253e+01
  -2.6861745e+01
  -2.2094758e+01
  -2.1763140e+01
  -2.2763615e+01
  -1.9518595e+01
  -2.5334585e+01
  -1.5541832e+01
  -1.6398934e+01
  -1.7981772e+01
  -1.4754108e+01
  -2.1951867e+01
  -2.0193943e+01
  -2.0302997e+01
  -2.2655995e+01
  -1.5333554e+01
  -2.4532076e+01
  -1.7497809e+01
  -1.8227110e+01
  -2.6213957e+01
  -1.7022563e+01
  -2.4369595e+01
  -1.5966334e+01
  -1.6156596e+01
  -2.5821428e+01
  -1.5822944e+01
  -1.6971803e+01
  -1.2040143e+01
  -1.3488886e+01
  -1.5713486e+01
  -1.0213323e+01
  -1.3799524e+01
  -1.6499165e+01
  -1.2332262e+01
  -1.7513508e+01
  -1.2503403e+01
  -1.1293636e+01
  -1.2887348e+01
  -9.1550059e+00
  -1.0394751e+01
  -1.2635670e+01
  -1.4957242e+01
  -1.9965426e+01
  -9.1264628e+00
  -9.5258073e+00
  -1.9451089e+01
  -1.8186346e+01
  -2.0619840e+01
  -2.2956160e+01
  -1.9958388e+01
  -2.7559508e+01
  -3.7207618e+01
  -2.9714189e+01
  -2.4090109e+01
  -3.0707591e+01
  -2.3757904e+01
  -2.1178153e+01
  -2.4177013e+01
  -1.7471943e+01
  -1.9590328e+01
  -2.7004461e+01
  -2.1348923e+01
  -3.5525502e+01
  -2.0893238e+01
  -2.1404583e+01
  -2.2268972e+01
  -1.7962319e+01
  -2.4019325e+01
  -2.3846279e+01
  -1.8843048e+01
  -1.9658410e+01
  -2.2197796e+01
  -3.3808907e+01
  -2.3610468e+01
  -2.4162785e+01
  -1.7259336e+01
  -2.0975263e+01
  -2.2874728e+01
  -2.0143472e+01
  -2.6605530e+01
  -4.7500456e+01
  -2.6407114e+01
  -2.8382364e+01
  -2.4932138e+01
  -2.3388116e+01
  -4.3145845e+01
  -2.6158879e+01
  -2.3752448e+01
  -1.9588515e+01
  -2.9523573e+01
  -1.9973935e+01
  -1.7978813e+01
  -2.8378487e+01
  -2.2829447e+01
  -2.8493425e+01
  -2.4490096e+01
  -2.3286696e+01
  -2.4225512e+01
  -2.0324743e+01
  -2.9470329e+01
  -2.4147798e+01
  -2.9338979e+01
  -1.8799663e+01
  -2.3367060e+01
  -1.7642598e+01
  -1.2863376e+01
  -1.2198506e+01
  -1.0677225e+01
  -1.2623302e+01
  -2.7201864e+01
  -1.1646439e+01
  -1.1562886e+01
  -1.3518374e+01
  -1.0567507e+01
  -1.3229933e+01
  -1.1744932e+01
  -1.2055004e+01
  -1.2912258e+01
  -9.6069203e+00
  -1.2662598e+01
  -1.3176053e+01
  -1.1414321e+01
  -1.5624637e+01
  -1.2629622e+01
  -1.4848182e+01
  -1.5857995e+01
  -1.3901774e+01
  -2.3988554e+01
  -1.4730111e+01
  -1.5773253e+01
  -1.8974855e+01
  -1.5368210e+01
  -2.8228228e+01
  -1.4166901e+01
  -1.5152403e+01
  -2.0876848e+01
  -1.5503179e+01
  -2.5586653e+01
  -1.7404516e+01
  -1.7561095e+01
  -2.6199850e+01
  -1.7182500e+01
  -1.8020032e+01
  -1.3421138e+01
  -1.2277312e+01
  -2.0182566e+01
  -2.2064398e+01
  -2.1612679e+01
  -2.1442109e+01
  -2.2003402e+01
  -2.0990021e+01
  -1.9465073e+01
  -2.9396711e+01
  -1.9955972e+01
  -1.9610255e+01
  -3.3127433e+01
  -1.9990963e+01
  -2.7316616e+01
  -2.0254839e+01
  -1.9443539e+01
  -2.5288071e+01
  -1.7883648e+01
  -2.4750873e+01
  -1.9466933e+01
  -1.6577802e+01
  -2.6387346e+01
  -2.1025689e+01
  -2.2293940e+01
  -2.2294304e+01
  -1.7489263e+01
  -2.4610599e+01
  -1.7820069e+01
  -2.3258972e+01
  -2.2128579e+01
  -1.8626399e+01
  -3.0322777e+01
  -1.9955943e+01
  -1.7686311e+01
  -3.4113867e+01
  -1.8616700e+01
  -2.1963349e+01
  -2.0898892e+01
  -1.6798306e+01
  -3.5847586e+01
  -1.8673460e+01
  -2.0900559e+01
  -2.3899638e+01
  -1.7588257e+01
  -2.4105391e+01
  -2.0328429e+01
  -1.6995834e+01
  -3.0542066e+01
  -1.5374840e+01
  -1.8203905e+01
  -2.4320243e+01
  -1.6883420e+01
  -2.2953145e+01
  -1.9340038e+01
  -2.1479773e+01
  -2.4320591e+01
  -1.8006497e+01
  -2.7660827e+01
  -2.1362822e+01
  -2.2237387e+01
  -2.8127941e+01
  -2.6096492e+01
  -2.4521214e+01
  -1.8827433e+01
  -2.1192105e+01
  -1.5706757e+01
  -1.2598462e+01
  -1.4995998e+01
  -2.2807506e+01
  -1.7935303e+01
  -2.3463479e+01
  -2.4782000e+01
  -2.0710052e+01
  -2.2280714e+01
  -3.0229004e+01
  -2.5003137e+01
  -2.4291205e+01
  -2.3690350e+01
  -3.2241575e+01
  -2.0834171e+01
  -2.1020864e+01
  -3.7014207e+01
  -2.0739240e+01
  -2.0962095e+01
  -3.5117259e+01
  -2.0331983e+01
  -1.9734321e+01
  -3.0911599e+01
  -2.2023195e+01
  -2.8399188e+01
  -2.6763397e+01
  -3.3079441e+01
  -2.2984917e+01
  -1.9682309e+01
  -3.2799441e+01
  -2.2183465e+01
  -2.3857316e+01
  -2.5835492e+01
  -1.8651174e+01
  -2.5503028e+01
  -2.2621207e+01
  -1.8824359e+01
  -3.0000487e+01
  -1.9153678e+01
  -1.7489027e+01
  -3.0245848e+01
  -1.6894909e+01
  -2.2261790e+01
  -2.2330845e+01
  -2.1956742e+01
  -2.7361466e+01
  -2.1034625e+01
  -2.9883445e+01
  -2.3962851e+01
  -3.9881753e+01
  -2.4633779e+01
  -2.0830169e+01
  -2.3025490e+01
  -2.2852418e+01
  -2.2091665e+01
  -2.7939046e+01
  -1.7790476e+01
  -2.6738533e+01
  -1.9678499e+01
  -1.8894581e+01
  -3.2284314e+01
  -1.6868966e+01
  -1.9980364e+01
  -2.1731644e+01
  -1.3916193e+01
  -1.8207884e+01
  -1.8537917e+01
  -1.9525311e+01
  -2.4758614e+01
  -1.7244591e+01
  -2.5373860e+01
  -2.3986873e+01
  -2.6438143e+01
  -2.6558919e+01
  -2.7176335e+01
  -2.1872229e+01
  -2.8856342e+01
  -3.0017313e+01
  -3.1505822e+01
  -2.6816568e+01
  -2.4797810e+01
  -2.2172934e+01
  -2.4438199e+01
  -2.5278264e+01
  -2.5460016e+01
  -2.9322853e+01
  -2.0607129e+01
  -2.0764371e+01
  -3.0035949e+01
  -1.8511811e+01
  -2.5821179e+01
  -1.9324244e+01
  -1.6339963e+01
  -2.5225848e+01
  -3.2920691e+01
  -3.0071421e+01
  -2.2967314e+01
  -4.4787409e+01
  -2.1174280e+01
  -2.2804585e+01
  -2.6731546e+01
  -2.3019084e+01
  -2.0716906e+01
  -2.0802433e+01
  -3.2428518e+01
  -2.0693561e+01
  -1.9012630e+01
  -3.7822320e+01
  -2.1266569e+01
  -2.7354790e+01
  -2.2471815e+01
  -1.9228137e+01
  -2.6206837e+01
  -2.5097584e+01
  -2.3594775e+01
  -3.7560676e+01
  -2.0706428e+01
  -2.3237986e+01
  -1.9869982e+01
  -2.0692397e+01
  -2.6958416e+01
  -1.9169710e+01
  -3.1116501e+01
  -2.3358704e+01
  -2.2971754e+01
  -2.2374830e+01
  -2.4734910e+01
  -2.3457551e+01
  -3.9783077e+01
  -2.0772946e+01
  -2.1344165e+01
  -3.3002948e+01
  -2.8443679e+01
  -2.1050012e+01
  -2.5178495e+01
  -2.5235518e+01
  -2.1494697e+01
  -2.7615280e+01
  -2.4328873e+01
  -3.0401712e+01
  -2.6290384e+01
  -2.6632632e+01
  -1.8506733e+01
  -2.2894027e+01
  -2.1701660e+01
  -1.6782421e+01
  -2.4905728e+01
  -2.1853706e+01
  -2.0577050e+01
  -2.2686791e+01
  -1.5753268e+01
  -2.0785786e+01
  -2.0627088e+01
  -1.9231616e+01
  -3.1924213e+01
  -1.8947886e+01
  -2.6064459e+01
  -2.0387275e+01
  -1.6317373e+01
  -2.2413749e+01
  -1.6995747e+01
  -1.5651764e+01
  -2.3138114e+01
  -1.9258640e+01
  -1.9846277e+01
  -2.5142171e+01
  -2.3613431e+01
  -2.4422816e+01
  -1.7003040e+01
  -1.8270829e+01
  -2.5501078e+01
  -2.7542623e+01
  -2.5457642e+01
  -2.1853134e+01
  -3.2973951e+01
  -2.1133043e+01
  -2.1521585e+01
  -3.8509324e+01
  -2.1704334e+01
  -2.6834730e+01
  -2.1246266e+01
  -1.7724988e+01
  -2.5453887e+01
  -1.5925078e+01
  -1.8264053e+01
  -2.6534275e+01
  -2.1592642e+01
  -3.2922869e+01
  -1.9849528e+01
  -2.6055940e+01
  -2.6310130e+01
  -2.4973914e+01
  -3.1947399e+01
  -2.7939293e+01
  -2.2924721e+01
  -2.4437682e+01
  -3.3223770e+01
  -2.2806674e+01
  -2.0371470e+01
  -2.2487977e+01
  -3.0755530e+01
  -3.0127623e+01
  -3.2476412e+01
  -2.5091082e+01
  -2.3484533e+01
  -2.9883440e+01
  -2.0953305e+01
  -2.3245384e+01
  -1.9734059e+01
  -2.2374953e+01
  -2.4730126e+01
  -1.7087070e+01
  -2.3723892e+01
  -2.2651258e+01
  -1.9949132e+01
  -3.1097865e+01
  -1.8187796e+01
  -2.1881470e+01
  -2.8179655e+01
  -2.2282990e+01
  -2.8409410e+01
  -3.1006246e+01
  -2.2516020e+01
  -2.3095683e+01
  -2.2702460e+01
  -2.3410894e+01
  -2.7664261e+01
  -1.9880384e+01
  -2.6020902e+01
  -1.5699637e+01
  -1.2932527e+01
  -1.5882785e+01
  -3.5337919e+01
  -1.7705947e+01
  -2.0300634e+01
  -1.7604831e+01
  -1.6710407e+01
  -2.6553192e+01
  -2.0580608e+01
  -2.3494660e+01
  -3.6996001e+01
  -2.3309923e+01
  -2.4483995e+01
  -1.8586104e+01
  -1.8195001e+01
  -2.8309733e+01
  -1.7385374e+01
  -2.3648713e+01
  -2.1307173e+01
  -1.8490694e+01
  -2.5844329e+01
  -1.8950219e+01
  -2.2640998e+01
  -2.6139406e+01
  -2.0973559e+01
  -3.8382651e+01
  -2.0772158e+01
  -2.4653158e+01
  -2.1110897e+01
  -1.9561159e+01
  -3.5484609e+01
  -2.4149583e+01
  -3.1960602e+01
  -2.1412835e+01
  -2.2226870e+01
  -3.4735215e+01
  -1.9869169e+01
  -1.9926161e+01
  -2.5490930e+01
  -2.0304063e+01
  -2.5268795e+01
  -2.8916187e+01
  -2.4805147e+01
  -2.7184880e+01
  -2.5726073e+01
  -3.0769039e+01
  -2.9308414e+01
  -3.3865646e+01
  -2.6366682e+01
  -2.9628336e+01
  -2.7367475e+01
  -2.1587880e+01
  -2.8484880e+01
  -2.5260918e+01
  -2.5287513e+01
  -2.7519798e+01
  -2.1097964e+01
  -2.4380155e+01
  -3.9296162e+01
  -2.6156147e+01
  -3.5994327e+01
  -2.3962912e+01
  -2.3423782e+01
  -2.9409205e+01
  -2.2942387e+01
  -3.5280020e+01
  -2.1153993e+01
  -1.9606922e+01
  -5.4063788e+01
  -2.0278527e+01
  -2.4343204e+01
  -2.4195263e+01
  -2.0106476e+01
  -3.9349568e+01
  -2.4633946e+01
  -3.4021054e+01
  -2.6587965e+01
  -4.9144291e+01
  -2.0599876e+01
  -2.0609587e+01
  -3.0293081e+01
  -2.6032145e+01
  -2.4469364e+01
  -3.2930908e+01
  -2.4826017e+01
  -2.6706010e+01
  -2.4614456e+01
  -1.8910318e+01
  -2.5968669e+01
  -2.6658860e+01
  -2.4649188e+01
  -2.1408165e+01
  -2.0742995e+01
  -3.9643363e+01
  -2.1749846e+01
  -2.1836049e+01
  -2.7788470e+01
  -2.3076372e+01
  -2.8530856e+01
  -1.9770224e+01
  -1.9479216e+01
  -3.0691684e+01
  -2.2361971e+01
  -1.9528858e+01
  -2.4407912e+01
  -1.9664212e+01
  -2.1098768e+01
  -2.2168204e+01
  -1.7453774e+01
  -2.0431725e+01
  -3.4968919e+01
  -2.3583189e+01
  -2.8536176e+01
  -2.6382191e+01
  -3.5995496e+01
  -2.3246589e+01
  -2.5090248e+01
  -2.5987811e+01
  -2.1658065e+01
  -3.3898809e+01
  -2.0973431e+01
  -3.1474652e+01
  -1.9842919e+01
  -1.9973873e+01
  -2.7827184e+01
  -4.3036561e+01
  -2.5073345e+01
  -2.5534985e+01
  -2.2670057e+01
  -2.6854103e+01
  -2.6454014e+01
  -2.3459612e+01
  -3.4103795e+01
  -2.3902317e+01
  -2.5063094e+01
