   2.6062582e+01
   3.2185017e+01
   3.4978803e+01
   3.4796828e+01
   3.6113649e+01
   3.6996172e+01
   3.6681745e+01
   3.7468324e+01
   3.7476773e+01
   3.7471195e+01
   3.8885713e+01
   3.8724516e+01
   3.8817809e+01
   4.0476556e+01
   3.9119369e+01
   3.5195365e+01
   3.7967831e+01
   3.8564215e+01
   3.5489421e+01
   3.3790250e+01
   3.5070834e+01
   3.9380847e+01
   4.1811673e+01
   4.3397049e+01
   4.6276103e+01
   4.8321649e+01
   4.9701792e+01
   5.1372577e+01
   5.2658799e+01
   5.3884651e+01
   5.5741576e+01
   5.7403866e+01
   5.8568607e+01
   5.9587273e+01
   6.0421565e+01
   6.0977302e+01
   6.1406875e+01
   6.1690656e+01
   6.1796159e+01
   6.1939614e+01
   6.2187151e+01
   6.2399975e+01
   6.2518345e+01
   6.2541839e+01
   6.2590687e+01
   6.2737991e+01
   6.2766963e+01
   6.2623980e+01
   6.2543929e+01
   6.2456804e+01
   6.2110309e+01
   6.1545439e+01
   6.0803753e+01
   5.9753661e+01
   5.8529638e+01
   5.7454374e+01
   5.6469331e+01
   5.5399441e+01
   5.4249065e+01
   5.2999605e+01
   5.1647431e+01
   5.0179525e+01
   4.8672477e+01
   4.7397067e+01
   4.6218848e+01
   4.5039855e+01
   4.4113164e+01
   4.3069708e+01
   4.1858755e+01
   4.0891229e+01
   3.9935558e+01
   3.9346683e+01
   3.9143153e+01
   3.8856295e+01
   3.8952724e+01
   3.8938199e+01
   3.8659366e+01
   3.8884741e+01
   3.9034232e+01
   3.8937343e+01
   3.9074375e+01
   3.9021032e+01
   3.8864504e+01
   3.8862383e+01
   3.8578495e+01
   3.8289497e+01
   3.8159894e+01
   3.7662488e+01
   3.7197451e+01
   3.6943463e+01
   3.6249851e+01
   3.5658686e+01
   3.5550547e+01
   3.5154118e+01
   3.4891126e+01
   3.4988611e+01
   3.4637731e+01
   3.4349895e+01
   3.4630873e+01
   3.4622097e+01
   3.4532340e+01
   3.4821860e+01
   3.4846891e+01
   3.4857039e+01
   3.5259907e+01
   3.5365341e+01
   3.5291950e+01
   3.5437396e+01
   3.5351570e+01
   3.5273904e+01
   3.5448276e+01
   3.5253694e+01
   3.4940217e+01
   3.4864314e+01
   3.4457580e+01
   3.3952006e+01
   3.3664893e+01
   3.2945843e+01
   3.1984182e+01
   3.1115307e+01
   2.9612857e+01
   2.7588029e+01
   2.5297392e+01
   2.0914608e+01
   1.0856583e+01
   1.0622230e+01
   2.0748137e+01
   2.4891396e+01
   2.6827496e+01
   2.8292356e+01
   2.9177649e+01
   2.9260614e+01
   2.9033535e+01
   2.8079827e+01
   2.6044999e+01
   2.4317457e+01
   2.2697968e+01
   2.1710856e+01
   2.4081808e+01
   2.6340481e+01
   2.8222310e+01
   2.9448281e+01
   2.9902916e+01
   3.0441581e+01
   3.0864262e+01
   3.0937142e+01
   3.1281816e+01
   3.1485982e+01
   3.1411615e+01
   3.1706058e+01
   3.1812851e+01
   3.1652442e+01
   3.1878373e+01
   3.1905844e+01
   3.1727174e+01
   3.1944240e+01
   3.1887262e+01
   3.1574611e+01
   3.1618791e+01
   3.1428671e+01
   3.1077066e+01
   3.1097878e+01
   3.0880145e+01
   3.0551998e+01
   3.0538414e+01
   3.0203664e+01
   2.9772241e+01
   2.9680800e+01
   2.9284376e+01
   2.8823304e+01
   2.8683457e+01
   2.8201287e+01
   2.7741091e+01
   2.7691276e+01
   2.7268205e+01
   2.6861087e+01
   2.6892727e+01
   2.6442515e+01
   2.5902230e+01
   2.5947152e+01
   2.5664576e+01
   2.5327034e+01
   2.5540580e+01
   2.5352010e+01
   2.4991829e+01
   2.5104663e+01
   2.4802972e+01
   2.4381290e+01
   2.4551431e+01
   2.4315350e+01
   2.3855624e+01
   2.3895138e+01
   2.3513830e+01
   2.2992860e+01
   2.3037910e+01
   2.2598847e+01
   2.1967036e+01
   2.1949451e+01
   2.1409302e+01
   2.0682523e+01
   2.0765351e+01
   2.0389308e+01
   1.9836401e+01
   2.0264935e+01
   2.0193542e+01
   1.9689256e+01
   2.0317257e+01
   2.0778004e+01
   2.0673288e+01
   2.1334204e+01
   2.1895429e+01
   2.2014256e+01
   2.2825155e+01
   2.3462819e+01
   2.3526626e+01
   2.4084201e+01
   2.4608038e+01
   2.4689168e+01
   2.5132154e+01
   2.5467275e+01
   2.5468756e+01
   2.5931661e+01
   2.6319826e+01
   2.6222263e+01
   2.6225266e+01
   2.6064371e+01
   2.5548005e+01
   2.5209666e+01
   2.4481340e+01
   2.3042715e+01
   2.2172576e+01
   2.1564177e+01
   2.0763512e+01
   2.0860762e+01
   2.0711925e+01
   2.0117094e+01
   2.0062672e+01
   1.9561410e+01
   1.8787745e+01
   1.8562706e+01
   1.7523393e+01
   1.6264508e+01
   1.5954803e+01
   1.4532426e+01
   1.2732526e+01
   1.2389765e+01
   1.0338928e+01
   7.4884467e+00
   6.7688562e+00
   3.6503191e+00
  -2.5493380e+00
  -2.1899000e+00
   1.0483111e+00
   1.7451949e+00
   2.2977081e+00
   6.9265189e+00
   8.0371935e+00
   7.8761026e+00
   1.0253278e+01
   1.0911543e+01
   1.0669714e+01
   1.2181856e+01
   1.2586096e+01
   1.2304625e+01
   1.3257451e+01
   1.3171170e+01
   1.2549273e+01
   1.3304385e+01
   1.3324772e+01
   1.3082023e+01
   1.3929466e+01
   1.3651825e+01
   1.3160288e+01
   1.4100070e+01
   1.4084115e+01
   1.3775048e+01
   1.4602714e+01
   1.4314729e+01
   1.3596001e+01
   1.4281675e+01
   1.4052470e+01
   1.3389675e+01
   1.4206314e+01
   1.4282450e+01
   1.3942279e+01
   1.4564599e+01
   1.4308131e+01
   1.3906508e+01
   1.4554059e+01
   1.4242582e+01
   1.3684807e+01
   1.4117355e+01
   1.3567475e+01
   1.2870385e+01
   1.3359641e+01
   1.2811447e+01
   1.1898605e+01
   1.2168694e+01
   1.1334898e+01
   1.0279628e+01
   1.0972063e+01
   1.0415044e+01
   9.2386138e+00
   1.0053849e+01
   9.7599989e+00
   8.5137510e+00
   9.6119409e+00
   1.0223669e+01
   9.5968100e+00
   1.0584753e+01
   1.1401195e+01
   1.1041314e+01
   1.1771421e+01
   1.2338314e+01
   1.1777700e+01
   1.2727837e+01
   1.3912407e+01
   1.3613268e+01
   1.3658154e+01
   1.3887706e+01
   1.2809954e+01
   1.2197890e+01
   1.2297925e+01
   1.1040770e+01
   1.0785387e+01
   1.1401851e+01
   1.0781388e+01
   1.1252285e+01
   1.1828590e+01
   1.1049626e+01
   1.1518366e+01
   1.2054085e+01
   1.0994304e+01
   1.0858555e+01
   1.1194443e+01
   1.0380346e+01
   1.0666258e+01
   1.1045573e+01
   9.9748433e+00
   1.0192823e+01
   1.0769275e+01
   9.8930209e+00
   1.0274578e+01
   1.1111779e+01
   1.0376153e+01
   1.0573420e+01
   1.1322973e+01
   1.0585995e+01
   1.0747836e+01
   1.1747375e+01
   1.1194376e+01
   1.1059852e+01
   1.1777825e+01
   1.1142887e+01
   1.0889742e+01
   1.1612062e+01
   1.1215365e+01
   1.1303955e+01
   1.1951677e+01
   1.1306149e+01
   1.1165491e+01
   1.1782423e+01
   1.1163427e+01
   1.1003227e+01
   1.1531148e+01
   1.0723242e+01
   1.0415351e+01
   1.0978273e+01
   1.0363795e+01
   1.0216166e+01
   1.0705325e+01
   9.6857517e+00
   8.9882597e+00
   9.3926201e+00
   8.5347728e+00
   8.1311966e+00
   8.7594946e+00
   7.8344629e+00
   7.1649214e+00
   7.5886511e+00
   6.3002471e+00
   5.6546972e+00
   6.8586607e+00
   5.9653669e+00
   5.2455688e+00
   6.6013500e+00
   5.8938811e+00
   4.9727983e+00
   6.4259637e+00
   6.3848326e+00
   5.3651838e+00
   5.9191703e+00
   5.2344542e+00
   3.9456130e+00
   5.1518815e+00
   5.0570226e+00
   3.8471113e+00
   5.0876183e+00
   4.9227920e+00
   3.3012484e+00
   4.7252253e+00
   5.4446035e+00
   4.7257924e+00
   6.4832146e+00
   7.3119177e+00
   6.6510536e+00
   7.9265174e+00
   8.8970630e+00
   8.7638427e+00
   9.7099084e+00
   1.0332137e+01
   9.8394305e+00
   1.0222394e+01
   1.0405413e+01
   9.7120751e+00
   1.0290290e+01
   1.0651931e+01
   1.0078907e+01
   1.0771874e+01
   1.0982620e+01
   1.0161378e+01
   1.0838691e+01
   1.1318377e+01
   1.0793235e+01
   1.1458145e+01
   1.1760616e+01
   1.1114946e+01
   1.1570007e+01
   1.1712512e+01
   1.1073603e+01
   1.1595777e+01
   1.1661662e+01
   1.0708506e+01
   1.0921634e+01
   1.0904806e+01
   1.0062440e+01
   1.0497199e+01
   1.0602093e+01
   9.8126392e+00
   1.0191923e+01
   1.0075247e+01
   9.1300221e+00
   9.5814904e+00
   9.5094442e+00
   8.2293825e+00
   8.3214119e+00
   8.0645472e+00
   6.6831895e+00
   7.1807390e+00
   7.3192559e+00
   6.1989160e+00
   6.5686114e+00
   6.3396696e+00
   4.9115370e+00
   5.4035826e+00
   5.0545707e+00
   2.9962457e+00
   3.6866951e+00
   4.0935142e+00
   2.5488629e+00
   2.9578807e+00
   2.7351724e+00
   9.3581234e-01
   2.1221619e+00
   2.4973903e+00
   1.0241073e+00
   2.0081298e+00
   1.9551527e+00
  -4.3909996e-01
   1.6732497e-01
   1.0021828e+00
  -1.0226032e+00
  -9.7680367e-01
  -4.7361674e-01
  -2.9901493e+00
  -2.0324681e+00
  -5.9386809e-01
  -3.0895021e+00
  -2.5375637e+00
  -2.0866030e-01
  -1.8997935e+00
  -1.8092756e+00
   9.2649957e-01
  -8.5137940e-03
  -3.3664144e-01
   1.5848534e+00
   7.5364524e-02
  -1.4543420e+00
   3.8712695e-01
  -2.9738669e-01
  -9.1173372e-01
   1.0980431e+00
  -1.9977719e-02
  -5.7711084e-01
   9.4864592e-01
  -2.9752895e-01
  -1.3514528e-01
   1.5815387e+00
   1.6628457e-01
   4.7980680e-02
   1.4407007e+00
  -9.7113303e-01
  -3.0410252e+00
  -9.7663980e-01
  -2.8541530e+00
  -5.8268574e+00
  -3.2558177e+00
  -6.2100721e+00
  -7.8000026e+00
  -3.8483767e+00
  -7.1236143e+00
  -1.5816388e+01
  -7.9175877e+00
  -1.0585677e+01
  -2.7630040e+01
  -1.5877756e+01
  -1.0879128e+01
  -1.3208098e+01
  -1.7761080e+01
  -9.2300415e+00
  -7.8280749e+00
  -9.9301797e+00
  -4.6083075e+00
  -3.7382904e+00
  -6.6026921e+00
  -3.4244700e+00
  -2.5071524e+00
  -3.3284459e+00
  -1.1087848e-01
   3.6542862e-01
  -9.7540819e-01
   1.3299120e+00
   1.5703282e+00
   1.3420742e-01
   2.2384190e+00
   2.7681412e+00
   1.8045010e+00
   3.7846296e+00
   4.2006814e+00
   2.9595358e+00
   4.5100576e+00
   5.2799620e+00
   4.7539771e+00
   5.9741892e+00
   6.4204664e+00
   5.9340099e+00
   6.8750988e+00
   7.0605652e+00
   6.4980908e+00
   7.4558466e+00
   7.5621255e+00
   6.7467558e+00
   7.4906631e+00
   7.7817526e+00
   7.4736457e+00
   8.3442979e+00
   8.5270395e+00
   8.1152959e+00
   8.6160548e+00
   8.5338958e+00
   8.3127742e+00
   9.1735711e+00
   9.2478157e+00
   8.9581811e+00
   9.6596117e+00
   9.5086592e+00
   8.7611466e+00
   9.1509814e+00
   9.1888588e+00
   8.8378036e+00
   9.2634770e+00
   9.1393089e+00
   8.7474871e+00
   9.0354189e+00
   8.7184638e+00
   8.5505705e+00
   9.2316095e+00
   8.8889445e+00
   8.3549317e+00
   8.9262516e+00
   8.6193776e+00
   7.9986262e+00
   8.4992408e+00
   8.2826541e+00
   7.8546267e+00
   8.3385302e+00
   7.9208155e+00
   7.4152660e+00
   8.0471716e+00
   7.6922692e+00
   7.1408833e+00
   7.8582596e+00
   7.5563045e+00
   6.8416563e+00
   7.3197195e+00
   7.0160835e+00
   6.4481495e+00
   6.9839910e+00
   6.3958846e+00
   5.6050547e+00
   6.4159207e+00
   5.9530178e+00
   4.9272081e+00
   6.0149951e+00
   5.9054992e+00
   4.3359525e+00
   4.7027946e+00
   4.6643667e+00
   3.5047585e+00
   4.2032440e+00
   4.4526794e+00
   3.5819962e+00
   4.0777859e+00
   3.7874883e+00
   2.2722966e+00
   3.0850066e+00
   3.3787859e+00
   1.8227077e+00
   2.3148178e+00
   2.7066826e+00
   1.4771482e+00
   2.3923107e+00
   3.1386312e+00
   2.0860507e+00
   2.5768405e+00
   2.7961110e+00
   1.1741782e+00
   1.3007373e+00
   1.7835171e+00
   9.3894068e-01
   1.6502546e+00
   1.9542478e+00
   9.7041596e-01
   1.8974899e+00
   2.2336375e+00
   1.6886079e+00
   3.0827088e+00
   3.2819099e+00
   1.6646536e+00
   2.2065270e+00
   2.1561216e+00
  -1.4466642e-01
   3.8435125e-01
   1.2120455e+00
  -5.6009861e-02
   9.6024199e-01
   1.1150345e+00
  -9.2846504e-01
  -3.0920593e-01
   2.5529723e-01
  -1.1345218e+00
  -9.1940704e-01
  -1.2523596e+00
  -3.8956581e+00
  -3.8465480e+00
  -4.8748070e+00
  -9.3074287e+00
  -7.5428688e+00
  -9.3433506e+00
  -1.4163460e+01
  -7.8686317e+00
  -1.2062614e+01
  -1.1812562e+01
  -8.2114901e+00
  -1.3361527e+01
  -1.1789602e+01
  -7.2288787e+00
  -1.3657361e+01
  -1.0470829e+01
  -7.9616633e+00
  -1.5353095e+01
  -9.8742889e+00
  -8.5104484e+00
  -1.0242181e+01
  -4.9718984e+00
  -4.6057250e+00
  -4.9878398e+00
  -2.3864059e+00
  -3.5977928e+00
  -3.9264046e+00
  -4.3752185e-01
  -7.7389482e-01
  -1.2279665e+00
   1.6079666e+00
   1.6404230e+00
   1.1060417e+00
   2.8780479e+00
   3.2303611e+00
   2.9896065e+00
   3.8708571e+00
   3.6654122e+00
   3.6340683e+00
   4.5001132e+00
   4.0262888e+00
   4.0896387e+00
   5.3547441e+00
   5.1085231e+00
   4.9277758e+00
   5.6001760e+00
   5.0439415e+00
   4.9799238e+00
   6.0672907e+00
   5.7728618e+00
   5.3707537e+00
   5.9426192e+00
   5.2838486e+00
   4.8744630e+00
   5.5694883e+00
   5.0840873e+00
   5.1057927e+00
   6.0300007e+00
   5.3411218e+00
   4.9533614e+00
   5.8347841e+00
   5.5998863e+00
   5.6052889e+00
   6.3628322e+00
   6.1329681e+00
   6.2792789e+00
   6.8081953e+00
   6.1733306e+00
   6.2385247e+00
   7.0326658e+00
   6.4536137e+00
   6.1729030e+00
   6.7877600e+00
   5.9535092e+00
   5.3344209e+00
   6.2243474e+00
   5.9965919e+00
   5.5951058e+00
   6.1259818e+00
   5.8674808e+00
   6.0426911e+00
   6.7673753e+00
   6.1743775e+00
   5.8100236e+00
   6.5314131e+00
   6.0972461e+00
   5.7016597e+00
   6.2937225e+00
   5.8887766e+00
   5.6852873e+00
   6.4090434e+00
   6.0834634e+00
   5.7563265e+00
   6.2273433e+00
   5.9319665e+00
   5.9426479e+00
   6.4728626e+00
   5.9685890e+00
   5.8125250e+00
   6.3137010e+00
   5.6925241e+00
   5.4448183e+00
   6.1575457e+00
   5.7475904e+00
   5.5721098e+00
   6.3609769e+00
   5.8757443e+00
   5.3300745e+00
   5.9772533e+00
   5.8418941e+00
   5.6736558e+00
   6.2147024e+00
   5.7673667e+00
   5.2471391e+00
   5.6706282e+00
   5.3622318e+00
   5.0484856e+00
   5.4347104e+00
   4.9835782e+00
   4.7430768e+00
   5.1872091e+00
   4.5832793e+00
   4.4617773e+00
   5.2452285e+00
   4.7662938e+00
   4.5292820e+00
   5.1013529e+00
   4.0054050e+00
   3.0007246e+00
   3.9839905e+00
   3.4998634e+00
   2.3685089e+00
   3.0335802e+00
   2.6153227e+00
   1.7061869e+00
   2.2936529e+00
   1.9624244e+00
   1.5832170e+00
   2.4331744e+00
   1.6979694e+00
   4.5744718e-01
   7.1769501e-01
  -4.7685217e-01
  -1.5451837e+00
  -5.6130016e-01
  -1.2675597e+00
  -1.6042082e+00
  -7.3659841e-01
  -2.2871397e+00
  -2.5859728e+00
  -9.3654219e-01
  -2.4189818e+00
  -3.7636103e+00
  -2.1634227e+00
  -3.9918050e+00
  -5.6885138e+00
  -3.7720463e+00
  -5.8793817e+00
  -8.3452932e+00
  -5.0652169e+00
  -7.0539812e+00
  -8.3244461e+00
  -6.1079419e+00
  -9.0023394e+00
  -9.0454286e+00
  -6.5301706e+00
  -9.9471226e+00
  -7.7867258e+00
  -5.9306081e+00
  -1.0668812e+01
  -9.1946785e+00
  -7.6860373e+00
  -1.1278882e+01
  -7.5876912e+00
  -6.6243962e+00
  -1.1702839e+01
  -8.8165190e+00
  -9.2678073e+00
  -1.2010416e+01
  -8.1926119e+00
  -9.8929900e+00
  -1.0681640e+01
  -6.3593661e+00
  -7.1035685e+00
  -5.7306466e+00
  -3.4516620e+00
  -4.9001982e+00
  -4.4907891e+00
  -2.0949135e+00
  -2.5230413e+00
  -2.1497042e+00
  -1.0997032e+00
  -1.8149936e+00
  -1.1370496e+00
  -3.7924787e-01
  -1.3581444e+00
  -8.7443831e-02
   9.4979332e-01
  -4.4687392e-01
   1.2886614e-01
   1.6388928e+00
   1.3125049e+00
   1.6948709e+00
   2.5881145e+00
   2.2204239e+00
   2.4106550e+00
   2.6167953e+00
   2.1786150e+00
   3.1056370e+00
   3.7214389e+00
   3.1341440e+00
   3.6569486e+00
   4.0730430e+00
   3.4261648e+00
   3.8875921e+00
   4.2181236e+00
   3.3182384e+00
   3.7319548e+00
   4.3734894e+00
   3.4850700e+00
   3.3201038e+00
   3.6263486e+00
   3.0267854e+00
   3.2576634e+00
   3.6655437e+00
   3.3813851e+00
   3.7816013e+00
   3.8291689e+00
   3.2964078e+00
   3.8314512e+00
   3.7818977e+00
   2.8590916e+00
   3.3066573e+00
   3.2767300e+00
   2.2952875e+00
   3.0626129e+00
   3.3904251e+00
   2.4158116e+00
   2.7722431e+00
   2.7928958e+00
   1.8255866e+00
   2.8085917e+00
   3.4640085e+00
   2.6205212e+00
   2.8790946e+00
   3.1942755e+00
   2.4495781e+00
   2.8598737e+00
   3.1227880e+00
   2.4994668e+00
   3.2653757e+00
   3.6882925e+00
   2.6875504e+00
   2.6897067e+00
   2.6757355e+00
   1.7754737e+00
   2.5973191e+00
   3.0740306e+00
   2.1216203e+00
   2.8276759e+00
   3.2034086e+00
   1.8884821e+00
   2.4347149e+00
   3.5516206e+00
   3.3359122e+00
   3.8429106e+00
   4.1741383e+00
   3.2436855e+00
   3.2612491e+00
   3.6318445e+00
   3.0291828e+00
   3.3265041e+00
   3.7350636e+00
   2.8968032e+00
   2.7607270e+00
   2.7602410e+00
   1.8806064e+00
   2.4600396e+00
   3.0144182e+00
   2.0350137e+00
   2.1556768e+00
   2.1312933e+00
   6.3065681e-01
   1.1466679e+00
   1.9240352e+00
   6.9585170e-01
   9.6025166e-01
   1.9960599e+00
   7.2659389e-01
   2.2019409e-01
   9.1541247e-01
  -6.8952317e-02
  -1.0124480e-01
   6.2674576e-01
  -5.8316679e-01
  -6.9408449e-01
   1.3969450e-01
  -9.8485032e-01
  -1.3089011e+00
  -7.7849555e-01
  -2.4971128e+00
  -2.9054254e+00
  -2.0941035e+00
  -3.8995188e+00
  -4.0571527e+00
  -2.6451116e+00
  -3.9798143e+00
  -3.9698035e+00
  -3.3688274e+00
  -5.9749098e+00
  -6.6817497e+00
  -5.3309300e+00
  -6.8832473e+00
  -6.8897189e+00
  -6.8182060e+00
  -1.0089258e+01
  -8.5680837e+00
  -8.5307965e+00
  -1.2718438e+01
  -9.6691443e+00
  -9.5541177e+00
  -1.4295964e+01
  -9.3455153e+00
  -8.9033786e+00
  -1.0801505e+01
  -9.2957905e+00
  -9.9666120e+00
  -1.1305185e+01
  -1.0048758e+01
  -1.2245584e+01
  -1.0340160e+01
  -9.5177093e+00
  -1.3301765e+01
  -1.0430081e+01
  -8.9148886e+00
  -1.0860819e+01
  -7.3278466e+00
  -5.8603249e+00
  -7.3200371e+00
  -5.1233822e+00
  -4.3328469e+00
  -5.6142234e+00
  -3.5321892e+00
  -2.9168130e+00
  -4.5807260e+00
  -3.1635174e+00
  -2.9956421e+00
  -4.7008264e+00
  -2.9461217e+00
  -1.9395274e+00
  -2.2721997e+00
  -9.3046857e-01
  -6.0763599e-01
  -1.3564356e+00
  -2.3094660e-01
   1.4368869e-01
  -4.5243348e-01
   1.8344455e-01
   1.0699590e-01
  -3.0870062e-01
   7.5202030e-01
   7.8512040e-01
   9.3753844e-02
   8.1994169e-01
   6.9525420e-01
   2.7989543e-01
   1.2126179e+00
   7.9770201e-01
  -2.6596281e-02
   1.1089867e+00
   1.0813685e+00
   2.2120855e-01
   1.1813915e+00
   1.2445973e+00
   4.7949332e-01
   1.0705388e+00
   9.8257859e-01
   4.2889896e-01
   1.1996502e+00
   9.7058639e-01
   2.6442717e-01
   1.1921703e+00
   1.3158189e+00
   8.1245057e-01
   1.5903905e+00
   1.5348795e+00
   9.1282636e-01
   1.5915474e+00
   1.3740172e+00
   5.3393066e-01
   1.1920612e+00
   1.1520750e+00
   4.9889476e-01
   1.3057674e+00
   1.2903408e+00
   6.5711371e-01
   1.6061628e+00
   1.7695873e+00
   1.0829742e+00
   1.8252538e+00
   1.7854215e+00
   8.0953653e-01
   1.3613030e+00
   1.4888310e+00
   7.9004337e-01
   1.3628830e+00
   1.3648049e+00
   8.0862732e-01
   1.3721026e+00
   1.0789217e+00
   6.6515013e-01
   1.5928335e+00
   1.1180946e+00
  -1.2170687e-01
   9.5928346e-01
   9.2399192e-01
  -4.4488257e-01
   3.8151610e-01
   5.9201842e-01
  -2.9965149e-01
   4.9748621e-01
   4.9039671e-01
  -6.0483296e-01
   7.2945788e-02
   1.5602922e-01
  -1.0134343e+00
  -7.9936263e-01
  -1.2580950e+00
  -2.5112235e+00
  -1.4194248e+00
  -1.2601712e+00
  -2.4522805e+00
  -1.7925921e+00
  -2.0620460e+00
  -3.1775590e+00
  -2.0259567e+00
  -2.4527977e+00
  -4.3527673e+00
  -2.6459118e+00
  -2.0051159e+00
  -3.2393918e+00
  -2.3692489e+00
  -2.5909401e+00
  -4.3202133e+00
  -3.0955702e+00
  -2.7593419e+00
  -3.9112221e+00
  -2.7565755e+00
  -2.4817401e+00
  -3.5328282e+00
  -2.6021696e+00
  -2.6332663e+00
  -4.0452406e+00
  -2.5089007e+00
  -2.2043638e+00
  -4.4107420e+00
  -4.7173591e+00
  -4.7817354e+00
  -6.3173179e+00
  -5.2031426e+00
  -4.5613765e+00
  -5.5833249e+00
  -4.6484735e+00
  -4.7051024e+00
  -7.0072691e+00
  -6.2261170e+00
  -5.3906971e+00
  -6.7024548e+00
  -6.6617497e+00
  -6.7604219e+00
  -9.1700263e+00
  -8.9936709e+00
  -9.0055061e+00
  -1.3175963e+01
  -1.2977487e+01
  -1.2294498e+01
  -1.6464623e+01
  -1.7477369e+01
  -1.3592641e+01
  -1.4319659e+01
  -1.6611029e+01
  -1.4583412e+01
  -1.3153701e+01
  -1.3498097e+01
  -9.7763224e+00
  -8.8844704e+00
  -1.1948730e+01
  -1.1063889e+01
  -7.7725293e+00
  -8.0263590e+00
  -7.1011898e+00
  -5.2911476e+00
  -6.8646424e+00
  -7.3575263e+00
  -5.8024419e+00
  -7.2744300e+00
  -7.2676471e+00
  -4.4134981e+00
  -4.6894619e+00
  -5.2214715e+00
  -3.7658423e+00
  -4.0435579e+00
  -4.3257623e+00
  -3.5489089e+00
  -4.2316506e+00
  -3.8079671e+00
  -2.7303488e+00
  -3.8932315e+00
  -3.6756364e+00
  -2.0360467e+00
  -2.9475638e+00
  -3.4106782e+00
  -2.0561470e+00
  -2.5487682e+00
  -2.7709732e+00
  -1.6841251e+00
  -1.9817475e+00
  -1.7473156e+00
  -8.0268317e-01
  -1.9137354e+00
  -2.4912716e+00
  -1.2066939e+00
  -1.6787932e+00
  -2.1376353e+00
  -1.2609972e+00
  -1.9761584e+00
  -2.5266482e+00
  -1.6199077e+00
  -2.3760221e+00
  -2.8321148e+00
  -1.6039641e+00
  -2.1261394e+00
  -2.5719739e+00
  -1.4560749e+00
  -1.8131306e+00
  -1.8966065e+00
  -8.0326734e-01
  -1.4907301e+00
  -1.9183091e+00
  -8.0463263e-01
  -1.4699304e+00
  -1.8617169e+00
  -5.2921425e-01
  -9.8209758e-01
  -1.9081438e+00
  -6.7949914e-01
  -5.1301058e-01
  -8.7687673e-01
  -3.7470179e-01
  -6.6126109e-01
  -7.9895498e-01
  -1.5796320e-01
  -7.0222500e-01
  -1.1483382e+00
  -5.1525346e-01
  -7.9290900e-01
  -6.4693661e-01
   2.3947521e-01
   2.3861661e-02
   4.0622849e-02
   4.7261611e-01
  -4.2270493e-01
  -6.2024142e-01
   3.5884642e-01
  -2.4984446e-01
  -9.0641437e-01
  -6.4840508e-01
  -1.7316988e+00
  -1.8929642e+00
  -7.2411041e-01
  -1.2926274e+00
  -1.4316436e+00
  -4.8514949e-01
  -1.4776761e+00
  -1.7671116e+00
  -3.7963911e-01
  -1.1732152e+00
  -2.1253824e+00
  -9.1061021e-01
  -1.2933333e+00
  -1.8283727e+00
  -1.1294413e+00
  -1.7572849e+00
  -1.8919620e+00
  -7.0532662e-01
  -1.0548773e+00
  -1.1172128e+00
  -3.1672992e-01
  -1.2037522e+00
  -1.6352601e+00
  -4.2079878e-01
  -8.4022724e-01
  -1.5889050e+00
  -8.0275026e-01
  -1.2585542e+00
  -1.8344380e+00
  -1.1224262e+00
  -1.5932927e+00
  -2.4003089e+00
  -1.9304421e+00
  -2.6955773e+00
  -3.7115941e+00
  -3.7392685e+00
  -5.2542230e+00
  -5.5742977e+00
  -4.0302567e+00
  -5.0253212e+00
  -5.9602033e+00
  -4.9794438e+00
  -6.8892890e+00
  -8.5564982e+00
  -6.5605237e+00
  -7.8378577e+00
  -1.1001770e+01
  -9.3561456e+00
  -9.8238393e+00
  -1.1161015e+01
  -1.0581457e+01
  -1.2947105e+01
  -1.2533563e+01
  -1.0608694e+01
  -1.4421861e+01
  -1.5861903e+01
  -1.4700877e+01
  -1.8455002e+01
  -2.3012751e+01
  -1.4721144e+01
  -1.5342645e+01
  -2.4343644e+01
  -1.8630280e+01
  -1.5031927e+01
  -1.6879147e+01
  -1.7389275e+01
  -1.3258749e+01
  -1.5087271e+01
  -2.1573452e+01
  -1.2420344e+01
  -1.1287544e+01
  -1.4742733e+01
  -1.1947447e+01
  -1.1904117e+01
  -1.5993407e+01
  -1.2430429e+01
  -1.0518377e+01
  -1.1436878e+01
  -8.5667668e+00
  -8.3099608e+00
  -1.0064159e+01
  -8.5904638e+00
  -8.9879718e+00
  -1.0723658e+01
  -7.9580433e+00
  -8.0054215e+00
  -1.0069720e+01
  -7.4769474e+00
  -7.5426483e+00
  -9.5444544e+00
  -6.9175818e+00
  -6.3047447e+00
  -8.3249452e+00
  -7.4538328e+00
  -7.2086921e+00
  -8.3294097e+00
  -6.9053807e+00
  -7.1740073e+00
  -8.4047475e+00
  -5.9432611e+00
  -5.6911665e+00
  -7.3043806e+00
  -6.4034978e+00
  -6.3300040e+00
  -6.8972075e+00
  -5.4826298e+00
  -5.7232149e+00
  -6.5529692e+00
  -4.9540014e+00
  -5.3102482e+00
  -7.0785037e+00
  -5.2289264e+00
  -4.8492824e+00
  -6.3615233e+00
  -5.7482950e+00
  -5.6071831e+00
  -6.5927324e+00
  -4.9737632e+00
  -4.3546994e+00
  -5.5421575e+00
  -4.8823196e+00
  -4.6655140e+00
  -5.9422828e+00
  -4.8855182e+00
  -4.3034102e+00
  -5.4015540e+00
  -4.4908225e+00
  -3.8451352e+00
  -5.0486395e+00
  -4.1723324e+00
  -3.0556250e+00
  -3.9591187e+00
  -3.5880847e+00
  -3.1903723e+00
  -4.4928296e+00
  -4.2831221e+00
  -3.6872621e+00
  -4.8152095e+00
  -3.9637778e+00
  -2.8916105e+00
  -4.0876354e+00
  -3.7271748e+00
  -2.6190807e+00
  -3.4334288e+00
  -3.1560985e+00
  -2.5306426e+00
  -3.6193772e+00
  -3.4671736e+00
  -2.6122936e+00
  -3.0347152e+00
  -2.4333326e+00
  -1.7271636e+00
  -3.0083296e+00
  -3.3387974e+00
  -2.6251454e+00
  -3.6562080e+00
  -4.0247852e+00
  -3.3780953e+00
  -4.0663688e+00
  -4.0526894e+00
  -3.8894674e+00
  -5.2379733e+00
  -4.9849431e+00
  -3.9704297e+00
  -5.0811145e+00
  -5.6759140e+00
  -5.5042311e+00
  -6.7732932e+00
  -5.8355302e+00
  -4.9741138e+00
  -6.4296725e+00
  -5.7604457e+00
  -4.5410643e+00
  -6.4983574e+00
  -7.4006022e+00
  -6.3981153e+00
  -6.9623114e+00
  -6.1185696e+00
  -5.2760723e+00
  -6.5227225e+00
  -5.9024267e+00
  -5.2873978e+00
  -7.0861873e+00
  -7.0178477e+00
  -6.0138474e+00
  -7.3193381e+00
  -7.1555758e+00
  -6.0128172e+00
  -7.1769053e+00
  -7.6824901e+00
  -7.8428105e+00
  -9.4017170e+00
  -8.1652077e+00
  -7.2383257e+00
  -9.6068668e+00
  -1.1341352e+01
  -1.1027055e+01
  -1.1858491e+01
  -1.0662582e+01
  -1.0388983e+01
  -1.3991869e+01
  -1.3808978e+01
  -1.1779997e+01
  -1.3889096e+01
  -1.3555362e+01
  -1.1036104e+01
  -1.3618826e+01
  -1.7544639e+01
  -1.3811256e+01
  -1.5164267e+01
  -1.5860031e+01
  -1.1251817e+01
  -1.0836734e+01
  -1.1147426e+01
  -1.0344511e+01
  -1.1922859e+01
  -1.0876782e+01
  -9.9192743e+00
  -1.2389190e+01
  -1.0659586e+01
  -9.0607923e+00
  -1.1065040e+01
  -8.6347076e+00
  -7.2739903e+00
  -8.3985574e+00
  -6.6341719e+00
  -5.6787410e+00
  -6.3783598e+00
  -4.7142667e+00
  -3.9633077e+00
  -4.4975243e+00
  -3.7391997e+00
  -3.8844952e+00
  -5.6006556e+00
  -4.9626777e+00
  -4.9185011e+00
  -7.3446880e+00
  -6.6407481e+00
  -6.2411270e+00
  -8.6758159e+00
  -8.6361817e+00
  -8.0442382e+00
  -1.1190189e+01
  -1.2010028e+01
  -1.1244489e+01
  -1.5268548e+01
  -1.9297181e+01
  -1.5344197e+01
  -1.3973862e+01
  -1.5844983e+01
  -1.2965113e+01
  -1.0690091e+01
  -1.2885728e+01
  -1.2860541e+01
  -1.0548285e+01
  -1.2302831e+01
  -1.2620609e+01
  -8.7985796e+00
  -9.3132593e+00
  -1.0074990e+01
  -8.2192888e+00
  -9.7242234e+00
  -1.1183258e+01
  -8.5446786e+00
  -8.9896335e+00
  -9.8949156e+00
  -7.7046210e+00
  -8.3066210e+00
  -9.5575531e+00
  -7.6069787e+00
  -8.1591648e+00
  -9.9266738e+00
  -9.2114556e+00
  -1.0761586e+01
  -1.1230718e+01
  -7.7966073e+00
  -7.6356265e+00
  -8.1760311e+00
  -6.2229479e+00
  -6.7436096e+00
  -7.8406075e+00
  -6.3320141e+00
  -6.2894534e+00
  -6.4120861e+00
  -5.2413795e+00
  -5.9319142e+00
  -6.8606375e+00
  -5.9382031e+00
  -7.3083861e+00
  -8.8597036e+00
  -7.0702546e+00
  -7.4002039e+00
  -8.0995860e+00
  -6.6389030e+00
  -7.3543720e+00
  -8.5677198e+00
  -7.2764997e+00
  -7.9938539e+00
  -9.3101960e+00
  -7.2476020e+00
  -7.4445637e+00
  -8.9727050e+00
  -7.4929102e+00
  -7.0497744e+00
  -7.6023665e+00
  -6.4101726e+00
  -6.7839209e+00
  -7.3314707e+00
  -5.6981513e+00
  -6.1440080e+00
  -6.2602967e+00
  -3.4821746e+00
  -2.6652402e+00
  -2.8309359e+00
  -1.4759217e+00
  -7.6789166e-01
  -5.8362482e-01
   5.8223276e-02
  -1.4403416e-01
  -3.2075759e-02
   1.0958251e+00
   9.0724515e-01
   5.8560617e-01
   1.6179479e+00
   1.6450221e+00
   1.1976134e+00
   2.0971347e+00
   2.3130474e+00
   2.0231489e+00
   2.5850059e+00
   2.4192728e+00
   1.8093684e+00
   1.9374112e+00
   1.1215093e+00
  -2.8310219e-01
  -1.7334648e-01
  -8.6904397e-01
  -2.4223074e+00
  -2.1152004e+00
  -2.6901752e+00
  -4.6130485e+00
  -4.7847793e+00
  -6.2554594e+00
  -9.0657167e+00
  -7.9770583e+00
  -8.8566122e+00
  -1.2001681e+01
  -1.1084319e+01
  -1.2845142e+01
  -1.6718547e+01
  -1.3893896e+01
  -1.5932540e+01
  -2.5005187e+01
  -2.4066102e+01
  -1.8735897e+01
  -1.9050893e+01
  -2.7133748e+01
  -1.6425625e+01
  -1.5335989e+01
  -1.8546346e+01
  -1.6393359e+01
  -1.4523730e+01
  -1.4537862e+01
  -1.1791572e+01
  -1.1052220e+01
  -1.2469558e+01
  -1.0630481e+01
  -1.0282338e+01
  -1.1768216e+01
  -9.4367790e+00
  -8.2682874e+00
  -9.7664265e+00
  -9.3838191e+00
  -8.6773270e+00
  -9.4773707e+00
  -8.4510315e+00
  -7.5449993e+00
  -8.2701691e+00
  -7.7418368e+00
  -7.7079406e+00
  -9.1727805e+00
  -8.3964604e+00
  -7.4061959e+00
  -7.8203381e+00
  -6.9404496e+00
  -7.0643045e+00
  -9.1663111e+00
  -7.9974453e+00
  -6.8379493e+00
  -7.9999581e+00
  -8.5090407e+00
  -8.4448223e+00
  -9.1043832e+00
  -8.1655981e+00
  -8.4332687e+00
  -9.3491143e+00
  -8.2063039e+00
  -8.1348781e+00
  -8.6158746e+00
  -7.6570857e+00
  -8.6427433e+00
  -9.9362332e+00
  -9.0879268e+00
  -9.8645529e+00
  -1.0984539e+01
  -8.6018025e+00
  -9.0923851e+00
  -1.1745013e+01
  -9.5345158e+00
  -9.6700917e+00
  -1.2258184e+01
  -1.0543126e+01
  -9.3597078e+00
  -1.0407972e+01
  -8.9286800e+00
  -8.9297275e+00
  -1.0582241e+01
  -8.6056238e+00
  -7.7256304e+00
  -9.3103239e+00
  -8.3912264e+00
  -7.8196732e+00
  -8.7285373e+00
  -6.8053392e+00
  -6.4743664e+00
  -8.4630170e+00
  -6.7556881e+00
  -5.7402759e+00
  -7.4711641e+00
  -6.3863654e+00
  -5.1530030e+00
  -6.5602195e+00
  -5.6805219e+00
  -4.8029472e+00
  -6.6958436e+00
  -5.8776622e+00
  -4.5752148e+00
  -6.5215028e+00
  -7.2298199e+00
  -5.3766460e+00
  -6.2417254e+00
  -6.7598235e+00
  -6.0254160e+00
  -7.4924957e+00
  -7.4686088e+00
  -5.6191663e+00
  -5.8948187e+00
  -5.7665089e+00
  -5.5106361e+00
  -6.9759262e+00
  -6.0461137e+00
  -5.0759052e+00
  -6.9937302e+00
  -7.3002415e+00
  -6.0622504e+00
  -7.3914641e+00
  -7.1491566e+00
  -5.6414368e+00
  -7.4552731e+00
  -9.0278559e+00
  -7.0273094e+00
  -7.6509547e+00
  -8.1839177e+00
  -7.0979592e+00
  -8.0760669e+00
  -8.6578706e+00
  -7.4156418e+00
  -8.8712762e+00
  -9.1924656e+00
  -7.8839139e+00
  -1.0255610e+01
  -1.2839242e+01
  -9.8113078e+00
  -1.0197578e+01
  -1.1718675e+01
  -1.1020900e+01
  -1.2102477e+01
  -1.2853573e+01
  -1.1350692e+01
  -1.2328786e+01
  -1.3049366e+01
  -1.2052965e+01
  -1.4618103e+01
  -1.5936036e+01
  -1.3617081e+01
  -1.4266352e+01
  -1.2963544e+01
  -1.0645998e+01
  -1.2408853e+01
  -1.2627122e+01
  -1.0276662e+01
  -1.1113415e+01
  -1.1225909e+01
  -9.3651299e+00
  -1.1185566e+01
  -1.2493258e+01
  -8.9260825e+00
  -9.8873931e+00
  -1.3751650e+01
  -1.1372569e+01
  -1.1264889e+01
  -1.4281369e+01
  -1.2883160e+01
  -1.2371528e+01
  -1.3366090e+01
  -1.2342169e+01
  -1.4652629e+01
  -1.6892556e+01
  -1.3816162e+01
  -1.5152366e+01
  -1.8931872e+01
  -1.3258371e+01
  -1.2741922e+01
  -1.8995278e+01
  -1.3538479e+01
  -1.2652304e+01
  -1.7645061e+01
  -1.6613388e+01
  -1.4169994e+01
  -1.6665985e+01
  -1.5386832e+01
  -1.4281639e+01
  -1.8749524e+01
  -1.5973050e+01
  -1.3050171e+01
  -1.5605402e+01
  -1.8075750e+01
  -1.5894945e+01
  -1.8717359e+01
  -1.5378863e+01
  -1.2099917e+01
  -1.4934724e+01
  -1.3630308e+01
  -9.6396341e+00
  -1.0918997e+01
  -1.2658885e+01
  -1.0706684e+01
  -1.0996002e+01
  -1.0234709e+01
  -7.5154594e+00
  -8.0703152e+00
  -8.9828825e+00
  -7.2736613e+00
  -7.8125988e+00
  -8.4196174e+00
  -6.3192190e+00
  -5.9706361e+00
  -6.3819446e+00
  -5.2994919e+00
  -5.3748803e+00
  -5.3464148e+00
  -4.2298290e+00
  -4.5255420e+00
  -4.3663771e+00
  -3.1384075e+00
  -3.5876587e+00
  -3.8539412e+00
  -2.6563255e+00
  -2.9991458e+00
  -3.7262872e+00
  -2.8097658e+00
  -2.5785873e+00
  -2.6596419e+00
  -2.3544909e+00
  -2.6922061e+00
  -2.3875828e+00
  -1.7231681e+00
  -2.3560398e+00
  -2.3197291e+00
  -1.6860979e+00
  -2.9708622e+00
  -3.8425337e+00
  -2.6817639e+00
  -3.2978538e+00
  -4.4739073e+00
  -3.5826295e+00
  -3.8871674e+00
  -4.8977165e+00
  -4.0574133e+00
  -4.3949393e+00
  -5.5401025e+00
  -4.9662464e+00
  -5.6141781e+00
  -7.3027206e+00
  -6.1438452e+00
  -6.0645780e+00
  -7.7808744e+00
  -7.5146437e+00
  -7.2424214e+00
  -8.0513411e+00
  -8.1122483e+00
  -9.0309790e+00
  -9.4577970e+00
  -7.7761707e+00
  -8.5131509e+00
  -1.0463813e+01
  -9.2958548e+00
  -9.7220769e+00
  -1.1355939e+01
  -9.3659876e+00
  -9.6395547e+00
  -1.2698406e+01
  -1.0574885e+01
  -9.4420650e+00
  -1.0201293e+01
  -8.7461799e+00
  -8.8304740e+00
  -1.0425846e+01
  -9.6265444e+00
  -9.9258836e+00
  -1.1350522e+01
  -8.9801573e+00
  -8.7760996e+00
  -1.1888970e+01
  -1.0815059e+01
  -9.2920476e+00
  -9.8718479e+00
  -8.3486737e+00
  -7.9557303e+00
  -1.0425623e+01
  -9.9552384e+00
  -9.8742796e+00
  -1.1668301e+01
  -9.7473473e+00
  -9.2283707e+00
  -1.0649773e+01
  -8.1208081e+00
  -8.0773759e+00
  -1.2771170e+01
  -1.2052377e+01
  -9.5189164e+00
  -1.1641669e+01
  -1.2332370e+01
  -1.0428531e+01
  -1.2301172e+01
  -1.2329607e+01
  -1.0523857e+01
  -1.2273303e+01
  -1.4532725e+01
  -1.1342837e+01
  -1.2153341e+01
  -1.4708785e+01
  -1.2640891e+01
  -1.2445397e+01
  -1.3963612e+01
  -1.0848825e+01
  -1.0424892e+01
  -1.2479279e+01
  -1.0080624e+01
  -8.4003441e+00
  -8.8029072e+00
  -7.2551291e+00
  -6.3946950e+00
  -7.9329405e+00
  -7.4995045e+00
  -6.5622290e+00
  -7.1667023e+00
  -5.7157802e+00
  -4.6092787e+00
  -5.5078133e+00
  -5.0651372e+00
  -4.8069591e+00
  -6.4419033e+00
  -6.2278529e+00
  -5.5304887e+00
  -7.1041427e+00
  -7.2109607e+00
  -7.0348167e+00
  -9.3288478e+00
  -9.2902550e+00
  -8.8553572e+00
  -1.1788130e+01
  -1.0707481e+01
  -8.7597651e+00
  -1.0573941e+01
  -1.0344459e+01
  -9.7943541e+00
  -1.1696323e+01
  -1.0939806e+01
  -1.0234319e+01
  -1.2906391e+01
  -1.1539521e+01
  -1.0053909e+01
  -1.2673349e+01
  -1.2907927e+01
  -1.2026332e+01
  -1.4059645e+01
  -1.2327962e+01
  -1.1318562e+01
  -1.3392132e+01
  -1.1482714e+01
  -1.0099607e+01
  -1.2010311e+01
  -1.0262119e+01
  -8.4826912e+00
  -1.0630320e+01
  -1.1226550e+01
  -9.2435385e+00
  -1.0806122e+01
  -1.2642723e+01
  -1.1621757e+01
  -1.2092469e+01
  -1.2031250e+01
  -1.1666348e+01
  -1.2056460e+01
  -1.0428228e+01
  -9.7796774e+00
  -1.1088847e+01
  -1.1074723e+01
  -1.1112797e+01
  -1.1878865e+01
  -1.0567970e+01
  -1.0158038e+01
  -1.1401272e+01
  -1.0848058e+01
  -1.1242994e+01
  -1.3416761e+01
  -1.1400062e+01
  -1.1172413e+01
  -1.4692242e+01
  -1.2566945e+01
  -1.1482402e+01
  -1.5134893e+01
  -1.6755548e+01
  -1.4639590e+01
  -1.5518654e+01
  -1.5614959e+01
  -1.5832322e+01
  -1.8834773e+01
  -1.6553655e+01
  -1.5902803e+01
  -2.1425631e+01
  -1.5985568e+01
  -1.4765496e+01
  -2.1201261e+01
  -1.4815059e+01
  -1.3097435e+01
  -1.5414581e+01
  -1.4220748e+01
  -1.4080304e+01
  -1.6443018e+01
  -1.4937155e+01
  -1.5555614e+01
  -1.9559759e+01
  -1.4837919e+01
  -1.2659833e+01
  -1.4540245e+01
  -1.5114082e+01
  -1.3259626e+01
  -1.4005186e+01
  -1.4301248e+01
  -1.3599042e+01
  -1.6546776e+01
  -1.5768065e+01
  -1.2994196e+01
  -1.4615758e+01
  -1.6584827e+01
  -1.4393420e+01
  -1.4879636e+01
  -1.4572042e+01
  -1.2059684e+01
  -1.3494138e+01
  -1.7374771e+01
  -1.2903621e+01
  -1.2711667e+01
  -1.5089582e+01
  -1.1846600e+01
  -1.2204872e+01
  -1.4436935e+01
  -1.3213087e+01
  -1.3468817e+01
  -1.3727576e+01
  -1.0643468e+01
  -1.0910744e+01
  -1.2687641e+01
  -1.0837187e+01
  -1.2082350e+01
  -1.5493399e+01
  -1.1716719e+01
