   4.1936432e+01
   2.8858639e+01
   4.4213273e+00
   6.8442797e+00
   1.7769176e+00
   6.2421578e+00
   4.2888236e+00
   3.8253396e+00
   4.6208834e+00
   6.5979979e+00
   9.4776674e+00
   5.7101880e+00
   5.4225289e+00
   1.3691403e+01
   1.2364324e+01
   2.9241272e+00
   5.8765541e+00
   7.7509862e+00
   1.0815205e+01
   1.2409923e+01
   2.4193676e+01
   2.6135523e+01
   2.8907975e+01
   5.3153978e+01
   6.9939246e+01
   8.5608438e+01
   9.6031570e+01
   1.3319727e+02
   1.7494276e+02
   2.5498190e+02
   5.0248990e+02
   7.0911684e+02
   6.3252118e+02
   2.6652378e+02
   2.4713175e+02
   4.9681134e+02
   5.3257670e+02
   5.1372117e+02
   4.9704182e+02
   4.5333539e+02
   4.2392528e+02
   3.9213168e+02
   3.7621946e+02
   3.8523677e+02
   3.5944195e+02
   3.1765133e+02
   2.8823211e+02
   2.6682845e+02
   2.6847340e+02
   2.6734684e+02
   2.4071106e+02
   2.1543861e+02
   2.0396073e+02
   1.8133914e+02
   1.6107110e+02
   1.5853534e+02
   1.3944119e+02
   1.1902010e+02
   1.2419200e+02
   1.2604570e+02
   1.1559783e+02
   9.7311279e+01
   9.4878950e+01
   1.0888755e+02
   1.1686548e+02
   1.2927512e+02
   1.4673762e+02
   1.6125771e+02
   1.6005757e+02
   1.3494591e+02
   1.0436348e+02
   8.0043604e+01
   5.6027064e+01
   4.1529624e+01
   3.2065078e+01
   2.4136004e+01
   2.1057171e+01
   1.3983860e+01
   1.1458843e+01
   8.5507691e+00
   7.0841928e+00
   7.4750326e+00
   3.0530748e+00
   4.8771845e+00
   4.4412797e+00
   5.7430633e+00
   4.7129261e+00
   2.5577957e+00
   3.8383453e+00
   7.2046718e-01
   3.2340772e+00
   2.5348939e+00
   1.0627477e+00
   1.8783321e+00
   4.4182317e-01
   1.5115713e+00
   1.1215836e+00
   2.2299586e+00
   1.9518369e-01
   2.2375892e+00
   4.9481282e+00
   1.2057635e+01
   1.6145150e+01
   1.5346859e+01
   1.5410964e+01
   1.4162888e+01
   1.1069909e+01
   1.0730489e+01
   8.1383457e+00
   6.4658308e+00
   6.4591996e+00
   2.8321315e+00
   1.8095182e+00
   1.5893786e+00
   4.6725316e-01
   1.8650942e+00
   3.1536631e+00
   2.7488835e+00
   2.9498645e+00
   2.9815352e+00
   3.2004141e+00
   6.1451212e+00
   5.4986445e+00
   7.2363981e+00
   9.3755460e+00
   9.8969768e+00
   1.3425671e+01
   1.5804298e+01
   2.0018867e+01
   2.3923201e+01
   2.7755095e+01
   3.6046465e+01
   4.4873817e+01
   5.8534285e+01
   7.2679206e+01
   7.2558584e+01
   5.6442449e+01
   3.4706242e+01
   1.5917048e+01
   4.6446261e+00
   6.9386001e+00
   1.1025533e+01
   1.3270877e+01
   1.3139875e+01
   1.2308994e+01
   1.0119081e+01
   8.5903987e+00
   8.0630682e+00
   6.5223854e+00
   6.0530627e+00
   4.2357805e+00
   3.7114889e+00
   4.2368287e+00
   3.4246033e+00
   4.4018879e+00
   3.4387744e+00
   3.0484166e+00
   3.4541636e+00
   2.7662683e+00
   3.2074553e+00
   1.9361440e+00
   2.5696674e+00
   3.0363095e+00
   2.7246072e+00
   3.5325866e+00
   2.9966205e+00
   4.0623622e+00
   4.6081081e+00
   4.4556440e+00
   5.1666908e+00
   3.9952604e+00
   1.7182493e+00
   1.1131735e+00
   3.5263060e-01
   1.2697727e+00
   6.2506661e-01
   1.3402151e+00
   1.5501726e+00
   3.1568431e-01
   1.1484897e+00
   1.0889369e+00
   7.0908758e-02
   9.2764230e-01
   5.3345492e-01
   4.7826740e-01
   6.5873191e-01
   3.9302832e-01
   7.7014007e-01
   5.0465372e-01
   7.4629106e-01
   7.1399439e-01
   1.9207259e-01
   6.6328909e-01
   3.0014062e-01
   6.5260867e-01
   7.7468966e-01
   5.3597392e-01
   1.2275733e+00
   7.1725923e-01
   1.5551486e+00
   1.9137299e+00
   1.7724099e+00
   2.1959455e+00
   1.2079666e+00
   7.6746057e-01
   1.5703574e+00
   1.1653931e+00
   2.0975798e+00
   1.8135633e+00
   1.2534990e+00
   1.3544072e+00
   5.1781981e-01
   1.1069064e+00
   3.0445442e-01
   1.3578822e+00
   1.5185933e+00
   7.9735551e-01
   2.0530559e+00
   1.9234552e+00
   1.8068110e+00
   1.5952944e+00
   1.3099142e+00
   2.5179636e+00
   2.0376175e+00
   2.2825624e+00
   2.5883932e+00
   2.1675993e+00
   2.9700974e+00
   2.6235175e+00
   2.3871212e+00
   2.3025802e+00
   1.8945911e+00
   3.1925668e+00
   2.9841016e+00
   3.4961828e+00
   4.5339217e+00
   3.5013687e+00
   2.3275794e+00
   1.7953646e+00
   1.4183990e+00
   1.8305801e+00
   1.0451444e+00
   1.1311845e+00
   1.3432176e+00
   4.0696450e-01
   6.8489763e-01
   2.9615177e-01
   7.2713453e-01
   4.5675545e-01
   6.2631211e-01
   9.9644948e-01
   3.6670390e-01
   3.9456392e-01
   1.2538282e-01
   6.3707467e-01
   7.9421720e-01
   1.4162623e-01
   7.9175842e-01
   6.4661432e-01
   3.7816193e-01
   4.8054015e-01
   1.5097745e-01
   7.0525518e-01
   5.2700194e-01
   7.6866848e-02
   4.1761326e-01
   2.2848735e-01
   3.2076934e-01
   4.0425992e-01
   1.6934496e-01
   4.6696829e-01
   3.7136626e-01
   3.1001630e-01
   4.2629810e-01
   4.1846060e-01
   7.7825058e-03
   4.6437732e-01
   5.9388212e-01
   4.7014338e-01
   6.8662231e-02
   2.7093856e-01
   7.1403727e-02
   6.4139169e-01
   6.3209844e-01
   2.3208328e-01
   6.1659341e-01
   5.3548273e-01
   1.0832523e-01
   4.1430949e-01
   3.1617150e-01
   4.1813186e-01
   7.8460894e-01
   4.4838675e-01
   2.6802950e-01
   2.1234546e-01
   2.1416145e-01
   2.0425304e-01
   5.4751964e-01
   2.6576886e-01
   5.6016113e-01
   8.2322536e-01
   4.6647143e-01
   8.0647000e-01
   8.7308129e-01
   3.8474146e-01
   7.7267781e-01
   5.9650810e-01
   3.2110556e-01
   6.8832725e-01
   2.1096193e-01
   5.3230808e-01
   6.4140804e-01
   2.5180187e-01
   3.2031109e-01
   4.7935491e-01
   2.8205671e-01
   3.1848165e-01
   6.7094462e-01
   3.6877841e-01
   5.2433828e-01
   1.0719228e+00
   6.6303267e-01
   3.8464532e-01
   5.4789667e-01
   5.3522928e-02
   4.2463613e-01
   2.8035707e-01
   2.6484862e-01
   5.6168603e-01
   3.9705288e-01
   2.4122116e-01
   1.3051690e-01
   5.9340773e-01
   5.0370880e-01
   1.3468433e-01
   5.5920931e-01
   3.8601866e-01
   2.0721237e-02
   2.9134987e-01
   3.2122016e-01
   2.3865625e-01
   3.6308406e-01
   4.0524801e-01
   2.6403868e-01
   2.0176434e-01
   4.5706258e-01
   2.0258978e-01
   2.9136931e-01
   3.1742100e-01
   4.7254182e-02
   1.6070766e-01
   2.1480133e-01
   2.7870479e-01
   2.5714734e-01
   2.4128319e-01
   3.7921346e-01
   1.9997278e-01
   2.7960776e-01
   3.5332922e-01
   3.6653319e-01
   3.8096567e-01
   1.3891819e-01
   1.9627353e-01
   4.3230071e-01
   4.0438212e-01
   2.4650687e-01
   3.1972367e-01
   8.1461056e-02
   4.7101758e-01
   3.2654182e-01
   3.3321010e-01
   5.9199287e-01
   3.5775070e-01
   2.2122032e-01
   5.3627807e-01
   2.3434403e-01
   2.6475321e-01
   2.2096440e-01
   2.4662706e-01
   4.0596239e-01
   1.3546564e-01
   2.3411165e-01
   2.9391757e-01
   1.6327697e-01
   1.5377633e-01
   2.9124264e-01
   2.3764902e-01
   2.7486620e-01
   3.5178831e-01
   2.6017056e-01
   1.1927892e-01
   2.1990869e-01
   1.7302980e-01
   4.0137100e-01
   1.4803165e-01
   4.2900223e-01
   3.4050058e-01
   2.5848981e-01
   3.6765749e-01
   1.8257816e-01
   4.4676467e-01
   3.7075096e-01
   3.0052176e-01
   7.4817643e-01
   6.0094265e-01
   4.1208414e-01
   5.8648209e-01
   1.0917067e-01
   5.3298010e-01
   5.5936586e-01
   1.8912629e-01
   3.5899605e-01
   2.5494240e-01
   3.0503451e-01
   4.1456811e-01
   7.4615833e-02
   2.9422796e-01
   2.6492511e-01
   1.1403812e-01
   1.4492165e-01
   2.8233965e-01
   1.7688502e-01
   1.8055018e-01
   3.1762347e-01
   6.8922425e-02
   2.4595766e-01
   2.6245530e-01
   1.8398733e-01
   3.0420699e-01
   1.5492603e-01
   4.0177013e-01
   3.9425050e-01
   1.5861592e-01
   3.5700688e-01
   9.1840892e-02
   3.4625858e-01
   3.7058067e-01
   1.5101874e-01
   6.0060091e-01
   5.0456429e-01
   1.6769000e-01
   3.1735890e-01
   4.5550631e-02
   4.4108184e-01
   3.3954051e-01
   6.0839808e-02
   1.8310954e-01
   9.0867064e-02
   3.5110099e-01
   2.6321467e-01
   1.4372351e-01
   3.8311325e-01
   1.0073366e-01
   4.4964121e-01
   4.7592558e-01
   7.6606993e-02
   4.6173799e-01
   3.1636044e-01
   1.1831142e-01
   2.8928479e-01
   3.5683337e-02
   3.5844497e-01
   3.4534954e-01
   1.0433728e-01
   4.5275503e-01
   3.6779597e-01
   1.9538779e-01
   6.8934573e-02
   1.6321167e-01
   2.0400922e-01
   2.1321305e-01
   2.5928333e-01
   1.8986807e-01
   1.3638154e-01
   3.6626596e-01
   2.6900400e-01
   3.6765673e-02
   1.7849997e-01
   2.3964605e-01
   1.9385023e-01
   1.4170239e-01
   1.8592397e-01
   2.1185556e-01
   2.7087956e-01
   1.0837676e-01
   1.4456343e-01
   1.0408369e-01
   1.9669776e-01
   2.0852836e-01
   2.9590888e-01
   3.0658155e-01
   1.7483084e-01
   1.5870023e-01
   3.6982964e-01
   1.2891291e-01
   3.0206807e-01
   3.6909509e-01
   1.5325941e-01
   3.0831477e-01
   2.1224085e-01
   1.7077396e-01
   3.5043132e-01
   2.0943329e-01
   2.7361477e-01
   4.0551561e-01
   1.8708946e-01
   2.4933858e-01
   2.8746403e-01
   2.9312084e-01
   1.9039919e-01
   8.6292097e-02
   2.8351109e-01
   2.3968020e-01
   1.5143693e-01
   1.7315264e-01
   4.1083969e-02
   1.6284952e-01
   2.5769138e-01
   1.7515787e-01
   1.3619068e-01
   2.8865399e-01
   8.6639414e-02
   2.2913899e-01
   2.8993171e-01
   2.6100029e-01
   2.7708502e-01
   1.8363647e-01
   5.9223219e-02
   1.5981697e-01
   1.3625893e-01
   1.5039449e-01
   2.9365681e-01
   3.3076334e-01
   2.9960625e-01
   1.3678925e-01
   1.4949674e-01
   1.7311383e-01
   1.7350317e-01
   1.8017687e-01
   2.3602774e-01
   5.8288161e-02
   2.3019230e-01
   2.2846121e-01
   1.9591983e-01
   2.0308849e-01
   1.0080856e-01
   9.0663705e-02
   2.5874985e-01
   2.0063346e-01
   1.7527524e-01
   1.9503496e-01
   9.0566769e-02
   1.9456545e-01
   7.1890830e-02
   2.3648788e-01
   2.2094573e-01
   7.5483484e-02
   1.4806649e-01
   2.1793074e-02
   2.8298048e-01
   3.1219879e-01
   1.4158583e-01
   2.5181659e-01
   1.0894825e-01
   1.7845778e-01
   1.6242206e-01
   1.2955294e-01
   3.3156652e-01
   2.0666908e-01
   1.5873479e-01
   2.1175895e-01
   6.1087673e-02
   2.3865447e-01
   7.6188028e-02
   2.6293548e-01
   2.5292992e-01
   1.0667390e-01
   3.7444088e-01
   3.6977843e-01
   1.2597328e-01
   1.6437526e-01
   9.1017249e-02
   2.0941045e-01
   3.2623609e-01
   2.2056441e-01
   1.6140526e-01
   1.6007108e-01
   2.8584770e-01
   1.1934898e-01
   2.4405185e-01
   2.2774253e-01
   2.4548590e-01
   1.9576424e-01
   1.0870676e-01
   3.3099878e-01
   2.7003342e-01
   6.4245050e-02
   1.2820058e-01
   2.0813154e-01
   3.0951740e-01
   1.4860922e-01
   1.6842983e-01
   2.0821890e-01
   1.0293700e-01
   3.7197481e-01
   3.2372671e-01
   1.8657456e-01
   2.9531715e-01
   2.3817250e-01
   1.9176343e-01
   2.2823365e-01
   1.2112753e-01
   2.6477946e-01
   1.5518195e-01
   2.2036052e-01
   1.3140438e-01
   1.6238291e-01
   2.7804278e-01
   1.4324932e-01
   7.5952488e-02
   2.6191365e-01
   2.4865922e-01
   6.5651663e-02
   7.9332299e-02
   1.3562695e-01
   1.1044172e-01
   9.8647260e-02
   8.5633834e-02
   1.9456033e-01
   2.5240406e-01
   3.4722499e-02
   1.5131216e-01
   2.1120445e-02
   2.6769781e-01
   3.2772970e-01
   1.7572347e-01
   3.4842334e-01
   3.7052972e-01
   8.5628622e-02
   1.5685240e-01
   5.2998608e-02
   1.9893155e-01
   1.9651887e-01
   1.4233102e-01
   3.4900302e-01
   2.8520214e-01
   1.2644068e-01
   3.0905249e-01
   2.2549131e-01
   1.0799085e-01
   2.6816710e-01
   1.0566719e-01
   1.1721493e-01
   1.3709189e-01
   4.5673237e-02
   1.2485606e-01
   1.4656244e-01
   1.4739198e-01
   2.2659382e-01
   6.4343162e-02
   2.2855145e-01
   2.2173150e-01
   1.7838925e-02
   1.4598394e-01
   5.9189165e-02
   1.3101944e-01
   1.4128087e-01
   5.4426226e-02
   1.3502991e-01
   2.3818082e-01
   2.8363680e-01
   2.1961254e-01
   6.6364328e-02
   3.2632372e-01
   3.4852269e-01
   1.1134610e-01
   1.2648590e-01
   9.9949443e-02
   1.2600511e-01
   2.7578262e-01
   2.1114263e-01
   4.6134822e-02
   9.0111380e-02
   2.0385803e-01
   2.5091631e-01
   1.4468121e-01
   6.0759666e-02
   1.6928464e-01
   1.0237801e-01
   1.8128458e-01
   2.1326418e-01
   8.2169080e-02
   1.1618126e-01
   4.0425005e-02
   2.0247490e-01
   2.3100018e-01
   2.4743934e-02
   1.5126895e-01
   9.8466595e-03
   2.4258013e-01
   2.7104954e-01
   9.6136379e-02
   5.8854510e-02
   1.6120896e-01
   1.8336682e-01
   1.9125344e-01
   1.9939671e-01
   1.3489422e-01
   5.3145960e-02
   1.7803537e-01
   2.2703497e-01
   8.3332048e-02
   1.2834782e-01
   6.5325728e-02
   2.2202414e-01
   1.6671321e-01
   1.1525269e-01
   2.6810767e-01
   1.2966769e-01
   1.4246449e-01
   2.0423361e-01
   1.4449327e-02
   1.8934105e-01
   9.3673162e-02
   2.1486199e-01
   2.1951692e-01
   5.0455434e-02
   2.1640583e-01
   7.1016965e-02
   2.0073467e-01
   2.4490687e-01
   5.2366146e-02
   1.7915432e-01
   1.3786133e-01
   9.7182359e-02
   1.9719732e-01
   5.8747834e-02
   2.1705702e-01
   1.8892488e-01
   1.4877339e-01
   1.6465546e-01
   3.7439534e-02
   1.8443535e-01
   2.2967797e-01
   1.1204695e-01
   5.5300423e-02
   1.3469525e-01
   1.4722836e-01
   9.8155925e-02
   1.7062976e-01
   1.3777298e-01
   8.0278119e-02
   2.0381624e-01
   1.5681168e-01
   2.8725826e-02
   9.4603179e-02
   1.1204689e-01
   7.3271785e-02
   9.3557874e-02
   7.6234649e-02
   1.4440876e-01
   1.1937364e-01
   1.4206502e-01
   5.9557576e-02
   8.7587507e-02
   1.2596321e-01
   1.4320297e-01
   1.4345106e-01
   9.2151290e-02
   2.5277448e-02
   2.0317525e-01
   2.4685393e-01
   1.4964991e-01
   1.8784100e-01
   1.0921542e-01
   1.1448065e-01
   2.2609052e-01
   1.2112717e-01
   1.7664797e-01
   2.5809159e-01
   1.3180323e-01
   6.8964209e-02
   1.1118728e-01
   6.1458653e-02
   2.5371347e-01
   2.1433524e-01
   2.1654331e-02
   1.3426010e-01
   3.2378243e-02
   1.9472816e-01
   1.5621872e-01
   8.5030628e-02
   8.7041229e-02
   7.0546006e-02
   1.1164114e-01
   1.8125075e-01
   1.3771142e-01
   8.2720559e-02
   1.5203150e-01
   6.8796614e-02
   1.5197578e-01
   2.1052572e-01
   8.2996763e-02
   1.0525805e-01
   1.4740737e-01
   1.9000650e-01
   2.1036886e-01
   1.0381720e-01
   1.1906195e-01
   5.9152641e-02
   8.6811854e-02
   9.1605027e-02
   3.6855620e-02
   1.7755170e-01
   2.0298525e-01
   1.0892876e-01
   7.3339379e-02
   6.2579952e-02
   1.9254693e-01
   2.0440334e-01
   9.5314882e-02
   7.2949672e-02
   1.3773998e-01
   6.2185399e-02
   1.8446107e-01
   1.0366116e-01
   1.3449996e-01
   1.9693409e-01
   6.8952454e-02
   1.2806233e-01
   1.0503992e-01
   3.9448270e-02
   1.0646912e-01
   1.9642565e-01
   1.1246235e-01
   5.9429850e-02
   9.9646123e-02
   1.2635381e-01
   1.3525904e-01
   1.3990407e-01
   1.3519714e-01
   1.0184412e-01
   4.2869981e-02
   1.4300945e-01
   1.1463334e-01
   8.8836147e-02
   9.9404753e-02
   1.5365917e-01
   8.5922390e-02
   1.6027882e-01
   1.2432205e-01
   1.0519253e-01
   1.9566095e-01
   1.3340119e-01
   9.2462396e-02
   6.6635686e-02
   1.2074726e-01
   1.6882958e-01
   1.3049056e-01
   4.3135441e-02
   1.4924890e-01
   1.5106495e-01
   1.2902323e-01
   1.0948642e-01
   2.6477242e-01
   1.1563844e-01
   1.9209402e-01
   2.7490088e-01
   1.1052187e-01
   8.0507789e-02
   1.0615849e-01
   4.9276438e-02
   2.3179735e-01
   1.9066001e-01
   5.6999314e-02
   1.3218481e-01
   1.3070220e-01
   1.7231986e-01
   7.7788929e-02
   5.5161909e-02
   1.0935220e-01
   2.1594227e-01
   1.0295317e-01
   1.0320440e-01
   9.6619085e-02
   1.2333563e-01
   1.5903651e-01
   1.1344964e-01
   7.5068334e-02
   1.1597104e-01
   3.8902515e-02
   1.4982750e-01
   1.5776715e-01
   5.7819162e-02
   1.4031604e-01
   1.8068861e-02
   2.0645313e-01
   2.3754053e-01
   3.7453465e-02
   2.0062236e-01
   1.4995590e-01
   9.1387212e-02
   1.6744873e-01
   5.6190674e-02
   1.9238528e-01
   8.2861093e-02
   1.5044004e-01
   1.9075025e-01
   4.9197259e-02
   1.4347788e-01
   1.1959615e-01
   6.6025151e-02
   1.5466065e-01
   6.5795295e-02
   2.6909062e-01
   2.2317304e-01
   6.6815664e-02
   1.7357839e-01
   3.0863660e-02
   2.0908291e-01
   1.8496123e-01
   7.1100555e-02
   2.7695891e-01
   2.0893891e-01
   8.0076396e-02
   1.4729299e-01
   8.4487809e-03
   1.8654265e-01
   1.9159936e-01
   8.3629005e-02
   1.8030314e-01
   1.2488796e-01
   1.2304151e-01
   2.2765714e-01
   1.3653190e-01
   2.0154989e-01
   1.2369438e-01
   7.2609599e-02
   1.6103603e-01
   1.3060415e-01
   1.4125776e-02
   1.6318039e-01
   1.3196815e-01
   5.0289979e-02
   1.2350158e-01
   2.2258491e-01
   1.6285764e-01
   4.8129712e-02
   1.0188749e-01
   8.3234117e-02
   2.1465830e-01
   1.3433838e-01
   7.8008719e-02
   7.8966740e-02
   1.3538216e-01
   5.0376448e-02
   5.9188725e-02
   6.4669759e-02
   2.0507705e-01
   1.8699363e-01
   1.0497805e-01
   5.8275980e-02
   1.1197620e-01
   1.2700127e-01
   1.0507605e-01
   1.0141328e-01
   1.1716036e-01
   1.2850423e-01
   3.0944713e-02
   1.6786528e-01
   1.4832624e-01
   2.1991301e-02
   1.3225764e-01
   1.5948190e-01
   2.4549626e-02
   1.1326821e-01
   7.5890960e-02
   1.3645786e-01
   1.4290450e-01
   5.8967181e-02
   8.8489621e-02
   7.9915846e-02
   5.2547170e-02
   1.4684787e-01
   6.3127174e-02
   1.1942732e-01
   1.0577898e-01
   7.4248664e-02
   1.8416199e-01
   1.1491274e-01
   7.4732111e-02
   1.6407702e-01
   3.7204917e-02
   2.1565186e-01
   2.6224735e-01
   5.1212371e-02
   1.3869756e-01
   8.9238576e-02
   1.1818791e-01
   9.8471517e-02
   5.0538852e-02
   1.1445922e-01
   8.1586596e-02
   9.1591381e-02
   1.2509045e-01
   3.1137038e-02
   1.0180547e-01
   8.2421978e-02
   1.0638697e-01
   8.0355017e-02
   1.1865746e-01
   2.4418036e-01
   1.4277487e-01
   4.5025009e-02
   4.9471436e-02
   7.6895114e-02
   1.3501260e-01
   4.0805163e-02
   9.2995484e-02
   1.0513262e-01
   6.1219710e-02
   7.1337630e-02
   4.6355319e-02
   1.7913844e-01
   1.6660242e-01
   1.4142025e-01
   1.7787713e-01
   5.7801344e-02
   7.9033782e-02
   3.4881071e-02
   1.8065289e-01
   2.1009210e-01
   1.8067991e-02
   1.7153582e-01
   1.4471670e-01
   5.1529879e-02
   1.5858474e-01
   8.5528342e-02
   1.5510188e-01
   2.2994988e-01
   6.8112731e-02
   2.4037295e-01
   2.1177487e-01
   4.7929820e-02
   1.7168659e-01
   4.4632736e-02
   1.2383370e-01
   1.2698522e-01
   3.0085441e-02
   1.1668388e-01
   1.3570987e-01
   9.1422866e-02
   6.4430425e-02
   6.3285531e-02
   1.1333761e-01
   7.7122387e-02
   7.0542537e-02
   9.1757071e-02
   3.8805598e-02
   1.1011067e-01
   1.9773982e-01
   9.6118890e-02
   1.0247435e-01
   1.4855455e-01
   7.8391665e-02
   1.3650760e-01
   1.1770525e-01
   9.2140374e-02
   1.4805483e-01
   9.3059018e-02
   1.2496385e-01
   1.2191374e-01
   5.1987771e-02
   1.2235052e-01
   7.6412908e-02
   4.4519805e-02
   9.0241792e-02
   1.2657152e-01
   7.3659781e-02
   6.4793418e-02
   9.2341547e-02
   5.9024611e-02
   5.0440778e-02
   7.4587509e-02
   4.6519614e-02
   1.5149098e-01
   1.0233540e-01
   4.0260808e-02
   1.0921116e-01
   6.2438046e-02
   5.3776101e-02
   1.1900954e-01
   6.1008020e-02
   1.6075967e-01
   1.2608912e-01
   1.1628934e-01
   2.1032715e-01
   8.3108621e-02
   1.3918730e-01
   1.8907079e-01
   6.8320817e-02
   1.2320106e-01
   1.8698365e-01
   4.4839990e-02
   1.4530881e-01
   1.3858338e-01
   6.1744498e-02
   1.0520303e-01
   5.5118055e-03
   1.2035781e-01
   9.7280855e-02
   5.5756012e-02
   1.4182841e-01
   4.9199744e-02
   8.0205412e-02
   4.8277504e-02
   1.1282312e-01
   1.4673832e-01
   4.3370905e-02
   1.5763769e-01
   1.4614777e-01
   5.0803120e-02
   1.0700674e-01
   4.5376559e-03
   1.7383914e-01
   1.6465871e-01
   5.7841051e-02
   1.8251713e-01
   7.5087548e-02
   1.1154797e-01
   1.4229602e-01
   9.8505312e-03
   1.5022224e-01
   1.4067209e-01
   3.4948477e-02
   1.5613838e-01
   1.0802629e-01
   1.0925106e-01
   3.7489918e-02
   9.3799618e-02
   6.1183482e-02
   1.0070547e-01
   1.3253922e-01
   4.9554140e-02
   1.1272423e-01
   8.3840973e-02
   3.2461885e-02
   8.6249207e-02
   1.1227161e-01
   1.7151209e-02
   1.1083582e-01
   1.5301373e-01
   1.6696166e-01
   4.2753171e-02
   9.4222427e-02
   6.6635876e-02
   9.6433528e-02
   1.2343420e-01
   3.1484259e-02
   8.8600797e-02
   1.4184275e-01
   5.0587244e-02
   1.1357031e-01
   1.1578437e-01
   1.9950748e-02
   7.2560231e-02
   5.2748818e-02
   1.6173974e-02
   8.9025866e-02
   8.6379782e-02
   8.6616316e-02
   1.1189029e-01
   6.9004282e-02
   1.6604690e-01
   6.5175992e-02
   1.0284111e-01
   1.1915924e-01
   6.1657859e-03
   9.8554278e-02
   1.1873574e-01
   8.0029220e-02
   1.4374509e-01
   8.3420463e-02
   7.0330857e-02
   9.9935508e-02
   8.6771775e-02
   7.0447568e-02
   3.7564233e-02
   6.1898333e-02
   6.3820528e-02
   1.5313040e-01
   6.6473538e-02
   1.3966743e-01
   2.0212499e-01
   8.2466423e-02
   1.2057564e-01
   1.5864591e-01
   8.5918476e-02
   1.4429009e-01
   6.7048493e-02
   8.7898766e-02
   1.2891817e-01
   1.4207116e-01
   8.8413192e-02
   1.1736402e-01
   1.7715431e-01
   7.5448237e-02
   1.0344916e-01
   1.4145337e-01
   3.2086680e-02
   7.9657818e-02
   1.5226301e-02
   1.5362055e-01
   1.9423402e-01
   3.7322186e-02
   1.3172654e-01
   1.1227309e-01
   6.9383597e-02
   1.6312814e-01
   7.0140782e-02
   1.0555587e-01
   1.2608643e-01
   4.1050819e-02
   1.3335601e-01
   6.0768338e-02
   1.1758084e-01
   1.6731799e-01
   8.1610237e-02
   3.1295256e-02
   3.5067720e-02
   8.9276582e-02
   7.8771412e-02
   1.0992966e-01
   1.8556242e-01
   5.0081983e-02
   1.3551167e-01
   1.2094051e-01
   2.7682067e-02
   9.8778144e-02
   1.2072019e-01
   1.1658990e-01
   1.0036375e-01
   4.7197418e-02
   1.0554814e-01
   1.4554093e-01
   1.6980499e-02
   1.0380029e-01
   3.7615595e-02
   6.7813620e-02
   4.5572009e-02
   6.3869365e-02
   3.7706884e-02
   1.5394715e-01
   1.0285800e-01
   5.3746823e-02
   6.9509224e-02
   8.2110494e-02
   1.2751804e-01
   5.5734243e-02
   8.7912262e-02
   6.8613872e-02
   2.5238060e-02
   1.2226284e-01
   1.0748855e-01
   4.7234295e-02
   1.2005343e-01
   4.0329110e-02
   6.6071477e-02
   2.7034481e-02
   9.7687696e-02
   1.4180110e-01
   5.8409709e-02
   7.3002382e-02
   1.1615207e-01
   4.7112167e-02
   1.5723413e-01
   1.7328961e-01
   7.2561916e-02
   8.5553909e-02
   5.5122328e-02
   8.2591586e-02
   1.6152425e-01
   6.1740991e-02
   1.1880859e-01
   1.7154914e-01
   6.4916476e-02
   9.0032598e-02
   1.0866330e-01
   6.8241425e-02
   1.3800849e-01
   8.9076196e-02
   9.2550433e-02
   1.6324419e-01
   6.6473986e-02
   7.3597190e-02
   7.1834746e-02
   3.9205308e-02
   8.7470724e-02
   6.5522710e-02
   4.9817569e-02
   2.4144493e-02
   8.9516261e-02
   1.2745220e-01
   7.9512487e-02
   1.2869329e-01
   9.1783587e-02
   1.4603908e-01
   1.0828177e-01
   5.2517460e-02
   9.2397062e-02
   5.3620229e-02
   9.9170643e-02
   2.5096502e-02
   8.2892214e-02
   1.0532610e-01
   9.4624155e-02
   9.5451015e-02
   7.6914600e-02
   4.1998062e-02
   7.1018012e-02
   5.2077702e-02
   4.6531791e-02
   6.1820922e-02
   1.1293406e-01
   8.0296008e-02
   5.2081580e-02
   6.2353672e-02
   1.0125855e-01
   7.4394000e-02
   8.4418469e-02
   5.5991875e-02
   1.2201646e-01
   1.0276192e-01
   4.3977109e-02
   1.0920101e-01
   4.8229836e-02
   1.0317527e-01
   8.5402187e-02
   1.6146715e-02
   5.6275879e-02
   4.3418413e-02
   6.8542370e-02
   1.3250684e-01
   5.9551410e-02
   7.3411061e-02
   5.0108244e-02
   9.1771145e-02
   1.7073294e-01
   1.1279928e-01
   1.1446484e-01
   1.2736298e-01
   4.1917795e-02
   1.1203491e-01
   1.0376366e-01
   2.5185361e-02
   1.2320740e-01
   9.6668874e-02
   2.5505950e-02
   8.6140571e-02
   4.1357889e-02
   4.9476354e-02
   3.8659924e-02
   7.4159179e-02
   8.3680478e-02
   7.6380080e-02
   3.8355323e-02
   1.5312854e-01
   1.3740790e-01
   7.7724548e-02
   1.8134660e-01
   1.2963368e-01
   4.5441083e-03
   1.0223446e-01
   9.3516943e-02
   5.0732744e-02
   1.3039108e-01
   5.9134590e-02
   6.9306117e-02
   8.9777174e-02
   2.3659354e-02
   9.2833633e-02
   7.9462301e-02
   6.7024784e-02
   1.6923929e-01
   8.3351087e-02
   9.9414807e-02
   1.2369871e-01
   5.3956544e-02
   6.9816143e-02
   6.6679481e-02
   1.3867332e-01
   3.1900987e-02
   1.1188297e-01
   1.1007606e-01
   7.7841521e-03
   7.0476856e-02
   2.8052862e-02
   9.3235620e-02
   1.1586363e-01
   2.5104391e-02
   1.1186162e-01
   4.6817388e-02
   1.6055400e-01
   1.8069727e-01
   4.0840046e-02
   9.1898727e-02
   1.1643530e-01
   5.0653885e-02
   1.0903010e-01
   8.7659469e-02
   6.5096334e-02
   1.1066084e-01
   1.8197504e-02
   8.6161581e-02
   1.8484807e-02
   9.3007183e-02
   1.1154520e-01
   6.5655800e-02
   3.7091057e-02
   1.4867264e-01
   1.3388895e-01
   2.6555617e-02
   1.3311546e-01
   1.1552118e-01
   1.9022264e-02
   1.0745765e-01
   4.5385042e-02
   7.8570967e-02
   8.1628722e-02
   7.2747695e-02
   1.0569885e-01
   5.4109154e-02
   1.6707382e-01
   1.5137470e-01
   1.2615702e-01
   1.8293407e-01
   7.9874223e-02
   9.7791896e-02
   9.6571764e-02
   7.3654667e-02
   1.7112847e-01
   5.9346652e-02
   1.3338578e-01
   1.2264349e-01
   4.8899246e-02
   1.4088730e-01
   6.0467255e-02
   1.5910481e-01
   1.5565755e-01
   5.1159775e-02
   1.6175317e-01
   1.4171305e-01
   2.5003043e-01
   2.1161952e-01
   1.6380444e-01
   3.0855588e-01
   2.0418498e-01
   1.4963795e-01
   2.4176135e-01
   1.3314492e-01
   2.3704447e-01
   2.7246969e-01
   2.2679454e-01
   3.4853766e-01
   3.0217772e-01
   2.3346216e-01
   1.7870549e-01
   1.0039885e-01
   3.4968488e-01
   3.3397168e-01
   1.0652353e-01
   1.2322042e-01
   9.3112504e-02
   7.1152798e-02
   1.0048023e-01
   4.1881731e-02
   1.3791741e-02
   3.2680640e-02
   6.2444552e-02
   2.9148785e-02
   6.4879098e-02
   8.7315700e-02
   6.1822893e-02
   1.3378359e-01
   1.0482951e-01
   4.4645425e-02
   8.5615783e-02
   1.6738823e-02
   9.0227330e-02
   8.5068907e-02
   7.7010755e-02
   1.2643987e-01
   6.2955508e-02
   6.4222329e-02
   1.1424773e-01
   1.0401105e-01
   7.7644409e-02
   2.0396454e-02
   6.5989768e-02
   6.1924248e-02
   1.3709866e-01
   8.9379276e-02
   7.1823007e-02
   9.8361780e-02
   4.6743742e-02
   4.2167435e-03
   4.7823825e-02
   3.8096212e-02
   5.6675203e-02
   6.7700866e-02
   6.9615793e-03
   4.9210305e-02
   6.4919866e-02
   1.0485141e-01
   3.3405760e-02
   1.0030054e-01
   1.2620001e-01
   3.8113219e-02
   7.2198415e-02
   3.7612200e-02
   5.9634171e-02
   6.8495997e-02
   6.1478658e-02
   9.6330288e-02
   3.3611164e-02
   6.2031188e-02
   3.4123304e-02
   1.1481982e-01
   6.7865178e-02
   1.3118075e-01
   2.2742133e-01
   2.4551311e-01
   2.9250868e-01
   2.3379483e-01
   4.3642215e-02
   2.6162430e-01
   2.6415310e-01
   2.1090230e-01
   2.9622700e-01
   2.1802353e-01
   2.5867438e-01
   2.4960299e-01
   2.2614506e-01
   3.3086741e-01
   2.3273951e-01
   2.1938016e-01
   2.6871009e-01
   1.6548862e-01
   2.3362478e-01
   1.8096347e-01
   1.6110175e-01
   2.0179541e-01
   6.3178933e-02
   1.8344018e-01
   1.6268120e-01
   1.1252713e-01
   1.7044705e-01
   3.8778284e-02
   1.9572889e-01
   1.7473498e-01
   9.0397746e-02
   1.6781898e-01
   5.2561453e-02
   1.3482617e-01
   1.3241746e-01
   4.8978727e-02
   1.3831683e-01
   1.2560254e-01
   2.1327654e-01
   2.4329568e-01
   9.7920063e-02
   7.8846079e-02
   8.3055055e-02
   8.4702168e-02
   7.9401715e-02
   8.9227549e-02
   1.0635217e-01
   3.3897249e-02
   1.0050818e-01
   1.0458929e-01
   2.2061159e-02
   1.0010410e-01
   4.3069439e-02
   9.7108685e-02
   1.0661616e-01
   5.4399696e-02
   1.2759028e-01
   5.7870382e-02
   1.0632940e-01
   1.4828933e-01
   4.7932790e-02
   8.8861892e-02
   7.6789702e-02
   7.6786490e-02
   1.3351708e-01
   5.8812558e-02
   1.2852764e-01
   6.8714979e-02
   7.8265622e-02
   1.1713322e-01
   3.0469205e-02
   1.0050852e-01
   1.3052223e-01
   1.9692762e-02
   1.1726408e-01
   7.9768709e-02
   9.0168610e-02
   1.4457217e-01
   1.6129492e-02
   1.1650029e-01
   9.0151310e-02
   6.3829008e-02
   1.3200402e-01
   6.2334786e-02
   9.6289412e-02
   1.4132152e-01
   2.9709593e-02
   1.7031699e-01
   1.2297157e-01
   6.0811800e-02
   1.4316241e-01
   7.1177502e-02
   1.0789420e-01
   8.4335679e-02
   6.0809360e-02
   1.2579840e-01
   4.1396025e-02
   8.5478891e-02
   7.7291304e-02
   3.9228614e-02
   4.9565032e-02
   5.9420910e-02
   1.1445331e-01
   8.7175561e-02
   1.6393140e-01
   2.3446440e-01
   1.7790990e-01
   7.2381018e-02
   1.2683376e-01
   6.7115998e-02
   5.7663365e-02
   9.2150438e-02
   7.6906720e-02
   3.0799936e-02
   5.6213828e-02
   6.1015441e-02
   6.5385662e-02
   2.4429876e-02
   9.0842999e-02
   8.8911265e-02
   1.4102290e-02
   9.1841298e-02
   8.9514887e-02
   1.7544342e-02
   9.6250019e-02
   1.0310601e-01
   2.8472137e-02
   7.9220987e-02
   3.8022494e-02
   4.5901845e-02
   2.2183393e-02
   7.0917620e-02
   1.0372527e-01
   2.2910152e-02
   7.7772627e-02
   6.4140775e-02
   5.1077001e-02
   1.1679959e-01
   5.3069941e-02
   7.3950252e-02
   1.1449382e-01
   3.1621004e-02
   1.1023414e-01
   1.3352071e-01
   3.0740265e-02
   1.4297316e-01
   7.7074462e-02
   7.6464133e-02
   7.9829407e-02
   4.2847621e-02
   8.8770521e-02
   3.2049978e-02
   6.3366170e-02
   1.0137067e-02
   5.8655811e-02
   9.0884866e-02
   7.0587124e-02
   7.2007731e-02
   7.8598954e-02
   4.0091076e-02
   1.2896629e-01
   4.6033432e-02
   1.0377077e-01
   1.1357191e-01
   2.4309963e-02
   1.4340084e-01
   1.0022632e-01
   8.1925257e-02
   2.0146071e-01
   1.2291525e-01
   1.1833253e-01
   1.0561715e-01
   5.7818829e-02
   1.3733159e-01
   5.3865039e-02
   6.3191160e-02
   4.7653286e-02
   4.6995259e-02
   4.3770677e-02
   8.0609927e-02
   3.6073053e-02
   3.1559809e-02
   2.6589421e-02
   4.5621715e-02
   5.7558507e-02
   7.7866978e-02
   5.9991545e-02
   5.4461147e-02
   5.3333390e-02
   3.4186712e-02
   9.3248865e-02
   9.1575950e-02
   3.1492166e-02
   1.1868871e-01
   5.1161237e-02
   1.0809057e-01
   1.5240592e-01
   5.4790796e-02
   2.2592560e-02
   3.1363821e-02
   7.1061491e-02
   5.7627467e-03
   8.7354641e-02
   7.2405361e-02
   4.6070473e-02
   7.0639204e-02
   9.2077752e-02
   9.1175542e-02
   2.3909698e-02
   9.2325564e-02
   1.1203881e-01
   1.2849435e-02
   8.6431405e-02
   4.2880565e-02
   7.5233153e-02
   1.0929320e-01
   4.8939343e-02
   5.5605888e-02
   6.6109104e-02
   1.3242385e-02
   9.2188889e-02
   6.8881199e-02
   1.0150815e-01
   9.2337937e-02
   4.4882725e-02
   1.1003086e-01
   2.7808334e-02
   6.7930499e-02
   7.1025175e-02
   7.6077898e-02
   5.7976834e-02
   6.7161819e-02
   1.0252886e-02
   9.1485591e-02
   8.5662697e-02
   2.2379615e-02
   3.7828233e-02
   8.8613400e-02
   5.5090314e-02
   5.4729831e-02
   8.4190904e-02
   4.1613667e-02
   6.0751407e-02
   3.0193566e-02
   4.8470868e-02
   4.6598121e-02
   1.1875813e-01
   7.1663607e-02
   8.2208550e-02
   1.4483681e-01
   5.6847792e-02
   8.0782021e-02
   9.3572337e-02
   7.3393984e-02
   1.6305592e-01
   9.1350453e-02
   9.3034838e-02
   1.0924943e-01
   2.5338992e-02
   1.1287706e-01
   4.9748162e-02
   9.5639265e-02
   1.5280281e-01
   7.5737773e-02
   1.4132293e-01
   1.6497259e-01
   6.9677779e-02
   1.0891006e-01
   1.0178556e-01
   5.5321185e-02
   6.5967260e-02
   6.0097884e-02
   1.4120433e-01
   1.2202774e-01
   5.3081859e-02
   4.1963224e-02
   5.3347970e-02
   8.0787339e-02
   2.2454452e-02
   8.7770352e-02
   8.3930681e-02
   1.1872271e-02
   8.2183252e-02
   4.5526421e-02
   8.6633670e-02
   1.2994232e-01
   5.3371037e-02
   1.5986232e-01
   1.2212297e-01
   4.7128784e-02
   8.3246866e-02
   2.2586897e-02
   1.0174746e-01
   4.9796977e-02
   4.8360801e-02
   5.6403272e-02
   2.5271444e-02
   4.0089935e-02
   7.1410806e-02
   5.9995114e-02
   2.1817827e-02
   7.2387954e-02
   9.5813455e-02
   7.5093291e-02
   2.8988351e-02
   3.1161536e-02
   2.3778223e-02
   5.5647533e-02
   6.6953512e-02
   3.2049997e-02
   8.9605515e-02
   6.8822557e-02
   1.0310911e-01
   7.6076817e-02
   5.8008776e-02
   1.3984486e-01
   6.5133647e-02
   7.3694840e-02
   1.0058736e-01
   2.7868060e-02
   1.2319986e-01
   8.0524217e-02
   3.8995749e-02
   7.6886572e-02
   3.7977772e-02
   2.8163569e-02
   7.4851244e-02
   7.0018990e-02
   7.3261700e-02
   6.7523557e-02
   4.1379664e-02
   1.0138666e-01
   4.9998263e-02
   1.6406582e-01
   2.2561794e-01
   1.6064262e-01
   1.7104251e-02
   1.3022748e-01
   9.6598042e-02
   1.3175238e-01
   1.4604263e-01
   4.7026258e-02
   9.3534023e-02
   6.6875497e-02
   1.4131881e-02
   6.8313081e-02
   5.9676074e-02
   1.1767786e-01
   1.2309771e-01
   3.8416108e-02
   1.3512363e-01
   6.5699843e-02
   8.6028301e-02
   1.1897763e-01
   5.1025060e-02
   1.1284675e-01
   7.3781948e-02
   4.9320754e-02
   8.9396812e-02
   1.2046682e-02
   9.1493894e-02
   5.8525092e-02
   8.7994421e-02
   1.0518215e-01
   1.6817814e-02
   6.2018441e-02
   2.5233058e-02
   8.4988128e-02
   7.7384952e-02
   1.8333241e-02
   1.0151765e-01
   1.0085373e-01
   5.3143907e-02
   9.6559904e-02
   5.4520552e-02
   3.5825366e-02
   5.7509905e-02
   4.3727638e-02
   5.1724507e-02
   2.8943302e-02
   3.4243593e-02
   2.0263650e-02
   4.8046959e-02
   3.3005262e-02
   4.2817985e-02
   8.3292518e-02
   3.7649222e-02
   5.4570019e-02
   5.4403190e-02
   4.2073643e-02
   8.8125543e-02
   6.0393788e-02
   1.0844060e-02
   4.9225788e-02
   1.5859287e-02
   6.3365725e-02
   6.7423437e-02
   3.3848524e-02
   7.1265716e-02
   1.7218645e-02
   8.7558914e-02
   1.0462943e-01
   1.9806632e-03
   9.6844203e-02
   6.0651256e-02
   6.1693137e-02
   9.8781630e-02
   1.0777588e-02
   5.8654683e-02
   1.9904318e-02
   4.6838366e-02
   3.4896789e-03
   9.3326765e-02
   9.3222480e-02
   3.0573557e-02
   4.9933587e-02
   5.9776681e-02
   2.2566001e-02
   5.7371890e-02
   4.6206118e-02
   5.8786445e-02
   1.1336633e-01
   5.0299836e-02
   4.6457626e-02
   5.8551847e-02
   8.5033828e-02
   9.1801602e-02
   1.0419139e-02
   8.1753755e-02
   8.0946405e-02
   4.0792143e-02
   7.0174836e-02
   3.7450465e-02
   1.0268069e-01
   1.0617914e-01
   2.9202216e-02
   7.6190606e-02
   1.0557403e-01
   6.0201095e-02
   1.0394160e-01
   8.8117388e-02
   7.7909386e-02
   1.3406373e-01
   9.5151088e-02
   1.7846541e-02
   6.6197342e-02
   3.7427532e-02
   4.7961243e-02
   1.5857153e-02
   6.8813010e-02
   5.5652874e-02
   5.0189106e-02
   8.2622199e-02
   2.0186431e-02
   8.9398137e-02
   2.6685012e-02
   1.0182491e-01
   1.0030125e-01
   4.0610729e-02
   7.0497217e-03
   5.5761281e-02
   5.2875043e-02
   7.3535518e-02
   4.5424990e-02
   4.7566292e-02
   6.7145882e-02
   1.9715611e-02
   6.3809327e-02
   5.5827130e-02
