   0.0000000e+00
  -5.8290153e-01
  -1.8459129e+00
  -2.8242033e+00
  -3.5978247e+00
  -4.5463945e+00
  -5.3924758e+00
  -6.2428096e+00
  -7.1982419e+00
  -7.9921799e+00
  -8.8755812e+00
  -9.8250552e+00
  -1.0540743e+01
  -1.1471280e+01
  -1.2577161e+01
  -1.3163587e+01
  -1.3675882e+01
  -1.4731601e+01
  -1.5556920e+01
  -1.5917380e+01
  -1.6187108e+01
  -1.6745616e+01
  -1.7588462e+01
  -1.8296016e+01
  -1.9071226e+01
  -1.9984274e+01
  -2.0845118e+01
  -2.1705406e+01
  -2.2594517e+01
  -2.3426711e+01
  -2.4285766e+01
  -2.5228990e+01
  -2.6184326e+01
  -2.7134939e+01
  -2.8099536e+01
  -2.9060027e+01
  -3.0009694e+01
  -3.0958099e+01
  -3.1889637e+01
  -3.2799276e+01
  -3.3710820e+01
  -3.4631736e+01
  -3.5555238e+01
  -3.6473092e+01
  -3.7380720e+01
  -3.8298964e+01
  -3.9237069e+01
  -4.0168778e+01
  -4.1094802e+01
  -4.2044483e+01
  -4.3009173e+01
  -4.3968407e+01
  -4.4927470e+01
  -4.5876001e+01
  -4.6784251e+01
  -4.7663765e+01
  -4.8546959e+01
  -4.9430789e+01
  -5.0308207e+01
  -5.1178336e+01
  -5.2035681e+01
  -5.2874766e+01
  -5.3677730e+01
  -5.4455070e+01
  -5.5236993e+01
  -5.6000404e+01
  -5.6762841e+01
  -5.7547399e+01
  -5.8298369e+01
  -5.9028129e+01
  -5.9746460e+01
  -6.0428020e+01
  -6.1145166e+01
  -6.1868106e+01
  -6.2599255e+01
  -6.3389053e+01
  -6.4150913e+01
  -6.4912236e+01
  -6.5733964e+01
  -6.6541766e+01
  -6.7357989e+01
  -6.8207921e+01
  -6.9043286e+01
  -6.9902712e+01
  -7.0784168e+01
  -7.1642903e+01
  -7.2531530e+01
  -7.3434927e+01
  -7.4304503e+01
  -7.5211033e+01
  -7.6134140e+01
  -7.7005118e+01
  -7.7911290e+01
  -7.8847955e+01
  -7.9748501e+01
  -8.0695758e+01
  -8.1669777e+01
  -8.2584058e+01
  -8.3523364e+01
  -8.4497339e+01
  -8.5419081e+01
  -8.6345434e+01
  -8.7290877e+01
  -8.8188882e+01
  -8.9103450e+01
  -9.0048327e+01
  -9.0951362e+01
  -9.1850677e+01
  -9.2758665e+01
  -9.3630625e+01
  -9.4527845e+01
  -9.5449789e+01
  -9.6331246e+01
  -9.7223601e+01
  -9.8133966e+01
  -9.9005253e+01
  -9.9899226e+01
  -1.0082600e+02
  -1.0172124e+02
  -1.0263970e+02
  -1.0358950e+02
  -1.0449319e+02
  -1.0543216e+02
  -1.0646194e+02
  -1.0753567e+02
  -1.0473678e+02
  -1.0586716e+02
  -1.0695136e+02
  -1.0795277e+02
  -1.0890872e+02
  -1.0989523e+02
  -1.1085709e+02
  -1.1179354e+02
  -1.1274444e+02
  -1.1359559e+02
  -1.1429332e+02
  -1.1495374e+02
  -1.1536010e+02
  -1.1585195e+02
  -1.1658388e+02
  -1.1739674e+02
  -1.1828912e+02
  -1.1916248e+02
  -1.2000658e+02
  -1.2088571e+02
  -1.2173780e+02
  -1.2257115e+02
  -1.2343906e+02
  -1.2427177e+02
  -1.2509928e+02
  -1.2597364e+02
  -1.2681423e+02
  -1.2765274e+02
  -1.2853152e+02
  -1.2936993e+02
  -1.3021297e+02
  -1.3110076e+02
  -1.3195122e+02
  -1.3280608e+02
  -1.3369944e+02
  -1.3455408e+02
  -1.3541507e+02
  -1.3630938e+02
  -1.3716922e+02
  -1.3804990e+02
  -1.3896569e+02
  -1.3984464e+02
  -1.4074220e+02
  -1.4166805e+02
  -1.4255253e+02
  -1.4345897e+02
  -1.4439331e+02
  -1.4528669e+02
  -1.4621443e+02
  -1.4717197e+02
  -1.4807472e+02
  -1.4900732e+02
  -1.4997420e+02
  -1.5087732e+02
  -1.5180378e+02
  -1.5277492e+02
  -1.5368546e+02
  -1.5461160e+02
  -1.5557583e+02
  -1.5647898e+02
  -1.5740020e+02
  -1.5836375e+02
  -1.5926289e+02
  -1.6017739e+02
  -1.6113679e+02
  -1.6203089e+02
  -1.6293778e+02
  -1.6389194e+02
  -1.6478833e+02
  -1.6571336e+02
  -1.6668926e+02
  -1.6759340e+02
  -1.6852120e+02
  -1.6951004e+02
  -1.7042743e+02
  -1.7137703e+02
  -1.7239877e+02
  -1.7333111e+02
  -1.7428424e+02
  -1.7532737e+02
  -1.7627656e+02
  -1.7721056e+02
  -1.7824320e+02
  -1.7920122e+02
  -1.8011223e+02
  -1.8109170e+02
  -1.8201460e+02
  -1.8291884e+02
  -1.8389933e+02
  -1.8482813e+02
  -1.8571117e+02
  -1.8664836e+02
  -1.8755534e+02
  -1.8844308e+02
  -1.8938162e+02
  -1.9028584e+02
  -1.9117326e+02
  -1.9212020e+02
  -1.9305331e+02
  -1.9396742e+02
  -1.9491587e+02
  -1.9584348e+02
  -1.9676371e+02
  -1.9772223e+02
  -1.9860336e+02
  -1.9939094e+02
  -2.0022309e+02
  -2.0100945e+02
  -2.0180815e+02
  -2.0271058e+02
  -2.0356776e+02
  -2.0442614e+02
  -2.0533754e+02
  -2.0617803e+02
  -2.0705581e+02
  -2.0799753e+02
  -2.0883417e+02
  -2.0972929e+02
  -2.1070573e+02
  -2.1150209e+02
  -2.1237149e+02
  -2.1339042e+02
  -2.1420238e+02
  -2.1520098e+02
  -2.1657181e+02
  -2.1776948e+02
  -2.1888098e+02
  -2.2067199e+02
  -2.2221488e+02
  -2.2296133e+02
  -2.2387999e+02
  -2.2500494e+02
  -2.2579022e+02
  -2.2665952e+02
  -2.2772989e+02
  -2.2858890e+02
  -2.2946045e+02
  -2.3046546e+02
  -2.3131721e+02
  -2.3221231e+02
  -2.3323182e+02
  -2.3410926e+02
  -2.3499970e+02
  -2.3598077e+02
  -2.3682154e+02
  -2.3771890e+02
  -2.3870651e+02
  -2.3954298e+02
  -2.4044831e+02
  -2.4145775e+02
  -2.4232065e+02
  -2.4322806e+02
  -2.4422538e+02
  -2.4506747e+02
  -2.4595741e+02
  -2.4696686e+02
  -2.4782083e+02
  -2.4868531e+02
  -2.4965266e+02
  -2.5049754e+02
  -2.5138148e+02
  -2.5234682e+02
  -2.5319344e+02
  -2.5410379e+02
  -2.5509237e+02
  -2.5594988e+02
  -2.5685946e+02
  -2.5784869e+02
  -2.5870708e+02
  -2.5963839e+02
  -2.6066605e+02
  -2.6154754e+02
  -2.6247362e+02
  -2.6349502e+02
  -2.6434341e+02
  -2.6528038e+02
  -2.6636561e+02
  -2.6725506e+02
  -2.6818305e+02
  -2.6929925e+02
  -2.7023838e+02
  -2.7116528e+02
  -2.7230155e+02
  -2.7328919e+02
  -2.7417552e+02
  -2.7523585e+02
  -2.7622655e+02
  -2.7716226e+02
  -2.7823581e+02
  -2.7919522e+02
  -2.8002910e+02
  -2.8104816e+02
  -2.8205718e+02
  -2.8297100e+02
  -2.8399834e+02
  -2.8500485e+02
  -2.8584551e+02
  -2.8677760e+02
  -2.8767909e+02
  -2.8840536e+02
  -2.8931288e+02
  -2.9021697e+02
  -2.9103556e+02
  -2.9201962e+02
  -2.9292904e+02
  -2.9372887e+02
  -2.9472459e+02
  -2.9568617e+02
  -2.9652322e+02
  -2.9751576e+02
  -2.9846548e+02
  -2.9931102e+02
  -3.0031940e+02
  -3.0126518e+02
  -3.0209136e+02
  -3.0311592e+02
  -3.0409170e+02
  -3.0492183e+02
  -3.0593561e+02
  -3.0691924e+02
  -3.0776381e+02
  -3.0878464e+02
  -3.0978871e+02
  -3.1062107e+02
  -3.1160860e+02
  -3.1260624e+02
  -3.1344085e+02
  -3.1440698e+02
  -3.1540298e+02
  -3.1623722e+02
  -3.1717014e+02
  -3.1812050e+02
  -3.1894960e+02
  -3.1991145e+02
  -3.2088907e+02
  -3.2173340e+02
  -3.2269469e+02
  -3.2366191e+02
  -3.2448288e+02
  -3.2542769e+02
  -3.2639535e+02
  -3.2722986e+02
  -3.2819822e+02
  -3.2918996e+02
  -3.3004392e+02
  -3.3101918e+02
  -3.3201439e+02
  -3.3284604e+02
  -3.3381406e+02
  -3.3483526e+02
  -3.3569345e+02
  -3.3667284e+02
  -3.3768668e+02
  -3.3851995e+02
  -3.3950872e+02
  -3.4055453e+02
  -3.4135476e+02
  -3.4233257e+02
  -3.4338246e+02
  -3.4414193e+02
  -3.4509799e+02
  -3.4621067e+02
  -3.4707898e+02
  -3.4805116e+02
  -3.4918036e+02
  -3.5009974e+02
  -3.5102938e+02
  -3.5211401e+02
  -3.5298891e+02
  -3.5391897e+02
  -3.5503777e+02
  -3.5590296e+02
  -3.5677727e+02
  -3.5790097e+02
  -3.5880537e+02
  -3.5966459e+02
  -3.6077192e+02
  -3.6164132e+02
  -3.6243962e+02
  -3.6348232e+02
  -3.6437852e+02
  -3.6523796e+02
  -3.6631039e+02
  -3.6728888e+02
  -3.6819304e+02
  -3.6921631e+02
  -3.7015706e+02
  -3.7103674e+02
  -3.7203720e+02
  -3.7294292e+02
  -3.7377988e+02
  -3.7474615e+02
  -3.7560974e+02
  -3.7644332e+02
  -3.7743788e+02
  -3.7832628e+02
  -3.7915506e+02
  -3.8013590e+02
  -3.8101352e+02
  -3.8183727e+02
  -3.8280463e+02
  -3.8369197e+02
  -3.8455034e+02
  -3.8553875e+02
  -3.8643078e+02
  -3.8728739e+02
  -3.8827590e+02
  -3.8916843e+02
  -3.9001436e+02
  -3.9100246e+02
  -3.9189853e+02
  -3.9274801e+02
  -3.9372659e+02
  -3.9460289e+02
  -3.9545450e+02
  -3.9645229e+02
  -3.9735108e+02
  -3.9823326e+02
  -3.9926900e+02
  -4.0017913e+02
  -4.0100810e+02
  -4.0200247e+02
  -4.0287499e+02
  -4.0370243e+02
  -4.0473399e+02
  -4.0564045e+02
  -4.0647738e+02
  -4.0748670e+02
  -4.0835716e+02
  -4.0922451e+02
  -4.1033061e+02
  -4.1124353e+02
  -4.1200608e+02
  -4.1305099e+02
  -4.1395161e+02
  -4.1476424e+02
  -4.1583374e+02
  -4.1671094e+02
  -4.1751734e+02
  -4.1861139e+02
  -4.1950617e+02
  -4.2035518e+02
  -4.2152927e+02
  -4.2254594e+02
  -4.2336674e+02
  -4.2453742e+02
  -4.2557687e+02
  -4.2632171e+02
  -4.2743184e+02
  -4.2843702e+02
  -4.2917118e+02
  -4.3038914e+02
  -4.3148409e+02
  -4.3207176e+02
  -4.3322789e+02
  -4.3439402e+02
  -4.3506568e+02
  -4.3613192e+02
  -4.3723399e+02
  -4.3789464e+02
  -4.3889609e+02
  -4.4004640e+02
  -4.4081694e+02
  -4.4181561e+02
  -4.4294266e+02
  -4.4363300e+02
  -4.4452513e+02
  -4.4552002e+02
  -4.4616130e+02
  -4.4713628e+02
  -4.4818644e+02
  -4.4892301e+02
  -4.4996306e+02
  -4.5099371e+02
  -4.5166239e+02
  -4.5273303e+02
  -4.5391483e+02
  -4.5459972e+02
  -4.5564576e+02
  -4.5690297e+02
  -4.5747943e+02
  -4.5838181e+02
  -4.5956631e+02
  -4.5983164e+02
  -4.6103261e+02
  -4.6256436e+02
  -4.6256512e+02
  -4.6362469e+02
  -4.6544788e+02
  -4.6722479e+02
  -4.6697794e+02
  -4.6910018e+02
  -4.7094011e+02
  -4.7137294e+02
  -4.7262315e+02
  -4.7419401e+02
  -4.7492960e+02
  -4.7570278e+02
  -4.7699150e+02
  -4.7778779e+02
  -4.7848734e+02
  -4.7966036e+02
  -4.8042030e+02
  -4.8126470e+02
  -4.8240591e+02
  -4.8318037e+02
  -4.8400756e+02
  -4.8514997e+02
  -4.8597638e+02
  -4.8678677e+02
  -4.8787779e+02
  -4.8868539e+02
  -4.8950880e+02
  -4.9060256e+02
  -4.9145208e+02
  -4.9223731e+02
  -4.9327099e+02
  -4.9413917e+02
  -4.9498069e+02
  -4.9599808e+02
  -4.9688262e+02
  -4.9775973e+02
  -4.9876895e+02
  -4.9962452e+02
  -5.0048013e+02
  -5.0148518e+02
  -5.0234710e+02
  -5.0318317e+02
  -5.0415831e+02
  -5.0501750e+02
  -5.0587920e+02
  -5.0685040e+02
  -5.0772328e+02
  -5.0861376e+02
  -5.0959042e+02
  -5.1046201e+02
  -5.1137204e+02
  -5.1235778e+02
  -5.1321798e+02
  -5.1411092e+02
  -5.1510700e+02
  -5.1599171e+02
  -5.1686886e+02
  -5.1784032e+02
  -5.1872426e+02
  -5.1961167e+02
  -5.2056527e+02
  -5.2144020e+02
  -5.2234954e+02
  -5.2330660e+02
  -5.2416388e+02
  -5.2509462e+02
  -5.2608450e+02
  -5.2693723e+02
  -5.2784268e+02
  -5.2883907e+02
  -5.2970808e+02
  -5.3060175e+02
  -5.3157357e+02
  -5.3243358e+02
  -5.3334834e+02
  -5.3433774e+02
  -5.3519952e+02
  -5.3612139e+02
  -5.3711738e+02
  -5.3795835e+02
  -5.3886006e+02
  -5.3987355e+02
  -5.4076255e+02
  -5.4168869e+02
  -5.4270250e+02
  -5.4357625e+02
  -5.4449334e+02
  -5.4549547e+02
  -5.4633292e+02
  -5.4726657e+02
  -5.4833970e+02
  -5.4920324e+02
  -5.5009426e+02
  -5.5117510e+02
  -5.5207664e+02
  -5.5290971e+02
  -5.5395559e+02
  -5.5487029e+02
  -5.5573211e+02
  -5.5677511e+02
  -5.5769836e+02
  -5.5860172e+02
  -5.5967888e+02
  -5.6058725e+02
  -5.6142809e+02
  -5.6251084e+02
  -5.6343950e+02
  -5.6423085e+02
  -5.6527908e+02
  -5.6620618e+02
  -5.6702003e+02
  -5.6806961e+02
  -5.6899479e+02
  -5.6979528e+02
  -5.7082762e+02
  -5.7177379e+02
  -5.7258698e+02
  -5.7361978e+02
  -5.7454839e+02
  -5.7536909e+02
  -5.7636450e+02
  -5.7722012e+02
  -5.7804851e+02
  -5.7908637e+02
  -5.7996792e+02
  -5.8085264e+02
  -5.8193625e+02
  -5.8283145e+02
  -5.8363943e+02
  -5.8474006e+02
  -5.8568175e+02
  -5.8638739e+02
  -5.8739781e+02
  -5.8824476e+02
  -5.8898793e+02
  -5.9004147e+02
  -5.9094981e+02
  -5.9175006e+02
  -5.9286746e+02
  -5.9385642e+02
  -5.9467969e+02
  -5.9572519e+02
  -5.9659985e+02
  -5.9738364e+02
  -5.9856117e+02
  -5.9938361e+02
  -5.9997511e+02
  -6.0114117e+02
  -6.0098917e+02
  -6.0188937e+02
  -6.0306557e+02
  -6.0305092e+02
  -6.0444830e+02
  -6.0584634e+02
  -6.0566254e+02
  -6.0703587e+02
  -6.0823058e+02
  -6.0784703e+02
  -6.0922024e+02
  -6.1009731e+02
  -6.1026436e+02
  -6.1156558e+02
  -6.1209370e+02
  -6.1287573e+02
  -6.1398649e+02
  -6.1461429e+02
  -6.1556514e+02
  -6.1667428e+02
  -6.1724202e+02
  -6.1821920e+02
  -6.1933189e+02
  -6.1996271e+02
  -6.2085327e+02
  -6.2194462e+02
  -6.2276073e+02
  -6.2367302e+02
  -6.2472651e+02
  -6.2559060e+02
  -6.2647849e+02
  -6.2742824e+02
  -6.2824960e+02
  -6.2919845e+02
  -6.3017889e+02
  -6.3096834e+02
  -6.3188896e+02
  -6.3286440e+02
  -6.3369412e+02
  -6.3464557e+02
  -6.3564709e+02
  -6.3649490e+02
  -6.3745713e+02
  -6.3846082e+02
  -6.3928568e+02
  -6.4018609e+02
  -6.4114526e+02
  -6.4196213e+02
  -6.4289253e+02
  -6.4385307e+02
  -6.4464430e+02
  -6.4556841e+02
  -6.4652849e+02
  -6.4731321e+02
  -6.4823558e+02
  -6.4922957e+02
  -6.5009634e+02
  -6.5103591e+02
  -6.5198199e+02
  -6.5282715e+02
  -6.5379182e+02
  -6.5476127e+02
  -6.5561112e+02
  -6.5659781e+02
  -6.5759668e+02
  -6.5842921e+02
  -6.5937727e+02
  -6.6037426e+02
  -6.6118886e+02
  -6.6211052e+02
  -6.6311834e+02
  -6.6397689e+02
  -6.6487354e+02
  -6.6580467e+02
  -6.6664900e+02
  -6.6762728e+02
  -6.6863236e+02
  -6.6947247e+02
  -6.7039817e+02
  -6.7137710e+02
  -6.7221348e+02
  -6.7313196e+02
  -6.7410379e+02
  -6.7494612e+02
  -6.7587487e+02
  -6.7685329e+02
  -6.7770929e+02
  -6.7862946e+02
  -6.7958760e+02
  -6.8045750e+02
  -6.8141657e+02
  -6.8238481e+02
  -6.8323715e+02
  -6.8419964e+02
  -6.8519454e+02
  -6.8605622e+02
  -6.8701367e+02
  -6.8799806e+02
  -6.8882442e+02
  -6.8975162e+02
  -6.9074591e+02
  -6.9159892e+02
  -6.9252300e+02
  -6.9352062e+02
  -6.9440744e+02
  -6.9534787e+02
  -6.9633240e+02
  -6.9719820e+02
  -6.9812933e+02
  -6.9912820e+02
  -7.0002470e+02
  -7.0096088e+02
  -7.0191488e+02
  -7.0275521e+02
  -7.0369229e+02
  -7.0466251e+02
  -7.0550630e+02
  -7.0646678e+02
  -7.0745707e+02
  -7.0829700e+02
  -7.0926540e+02
  -7.1029293e+02
  -7.1109832e+02
  -7.1202383e+02
  -7.1308377e+02
  -7.1392462e+02
  -7.1478734e+02
  -7.1579454e+02
  -7.1665336e+02
  -7.1756956e+02
  -7.1858519e+02
  -7.1943115e+02
  -7.2035458e+02
  -7.2136372e+02
  -7.2217336e+02
  -7.2306931e+02
  -7.2408356e+02
  -7.2486856e+02
  -7.2578093e+02
  -7.2677526e+02
  -7.2754067e+02
  -7.2850889e+02
  -7.2951728e+02
  -7.3022040e+02
  -7.3125445e+02
  -7.3236750e+02
  -7.3303883e+02
  -7.3397909e+02
  -7.3508852e+02
  -7.3574195e+02
  -7.3675022e+02
  -7.3794820e+02
  -7.3839540e+02
  -7.3926516e+02
  -7.4035148e+02
  -7.4080070e+02
  -7.4182964e+02
  -7.4294590e+02
  -7.4339649e+02
  -7.4450120e+02
  -7.4544350e+02
  -7.4574047e+02
  -7.4691991e+02
  -7.4788866e+02
  -7.4821545e+02
  -7.4945288e+02
  -7.5030449e+02
  -7.5084296e+02
  -7.5207892e+02
  -7.5282261e+02
  -7.5317541e+02
  -7.5428838e+02
  -7.5473056e+02
  -7.5561016e+02
  -7.5678039e+02
  -7.5707554e+02
  -7.5801425e+02
  -7.5900381e+02
  -7.5960762e+02
  -7.6069448e+02
  -7.6174546e+02
  -7.6236223e+02
  -7.6334144e+02
  -7.6433172e+02
  -7.6508792e+02
  -7.6606185e+02
  -7.6700858e+02
  -7.6783078e+02
  -7.6885616e+02
  -7.6973884e+02
  -7.7047395e+02
  -7.7151080e+02
  -7.7245181e+02
  -7.7317475e+02
  -7.7418940e+02
  -7.7518980e+02
  -7.7600958e+02
  -7.7694686e+02
  -7.7786143e+02
  -7.7869929e+02
  -7.7965686e+02
  -7.8055276e+02
  -7.8142475e+02
  -7.8244245e+02
  -7.8335521e+02
  -7.8417776e+02
  -7.8515590e+02
  -7.8608267e+02
  -7.8696660e+02
  -7.8800033e+02
  -7.8893451e+02
  -7.8973126e+02
  -7.9069771e+02
  -7.9162898e+02
  -7.9243705e+02
  -7.9338117e+02
  -7.9430756e+02
  -7.9515862e+02
  -7.9611028e+02
  -7.9701524e+02
  -7.9789221e+02
  -7.9886160e+02
  -7.9974643e+02
  -8.0062894e+02
  -8.0163358e+02
  -8.0251986e+02
  -8.0337305e+02
  -8.0437879e+02
  -8.0525415e+02
  -8.0608648e+02
  -8.0710404e+02
  -8.0800967e+02
  -8.0884456e+02
  -8.0984602e+02
  -8.1072735e+02
  -8.1157265e+02
  -8.1262769e+02
  -8.1358179e+02
  -8.1440857e+02
  -8.1538147e+02
  -8.1629625e+02
  -8.1717060e+02
  -8.1819462e+02
  -8.1911750e+02
  -8.1997497e+02
  -8.2099167e+02
  -8.2192569e+02
  -8.2277134e+02
  -8.2376837e+02
  -8.2466950e+02
  -8.2551153e+02
  -8.2652966e+02
  -8.2741329e+02
  -8.2820989e+02
  -8.2923543e+02
  -8.3016317e+02
  -8.3094021e+02
  -8.3193305e+02
  -8.3288576e+02
  -8.3375255e+02
  -8.3475698e+02
  -8.3571810e+02
  -8.3659579e+02
  -8.3761433e+02
  -8.3858151e+02
  -8.3943740e+02
  -8.4041515e+02
  -8.4135677e+02
  -8.4222279e+02
  -8.4322535e+02
  -8.4415775e+02
  -8.4499495e+02
  -8.4598975e+02
  -8.4689461e+02
  -8.4769403e+02
  -8.4869698e+02
  -8.4963020e+02
  -8.5047060e+02
  -8.5156456e+02
  -8.5256172e+02
  -8.5330933e+02
  -8.5430418e+02
  -8.5530308e+02
  -8.5608465e+02
  -8.5706700e+02
  -8.5806093e+02
  -8.5886285e+02
  -8.5985268e+02
  -8.6082566e+02
  -8.6160199e+02
  -8.6261355e+02
  -8.6363515e+02
  -8.6444178e+02
  -8.6543476e+02
  -8.6640538e+02
  -8.6711502e+02
  -8.6812510e+02
  -8.6913239e+02
  -8.6980612e+02
  -8.7078630e+02
  -8.7174874e+02
  -8.7245616e+02
  -8.7349406e+02
  -8.7451363e+02
  -8.7514638e+02
  -8.7615858e+02
  -8.7714527e+02
  -8.7784219e+02
  -8.7884492e+02
  -8.7961682e+02
  -8.8020596e+02
  -8.8138587e+02
  -8.8216154e+02
  -8.8270101e+02
  -8.8388770e+02
  -8.8436668e+02
  -8.8488007e+02
  -8.8605447e+02
  -8.8688674e+02
  -8.8778095e+02
  -8.8888564e+02
  -8.8954999e+02
  -8.9034407e+02
  -8.9107327e+02
  -8.9151521e+02
  -8.9261057e+02
  -8.9342084e+02
  -8.9399270e+02
  -8.9522249e+02
  -8.9603720e+02
  -8.9667457e+02
  -8.9780045e+02
  -8.9862213e+02
  -8.9936723e+02
  -9.0048107e+02
  -9.0131612e+02
  -9.0207698e+02
  -9.0314952e+02
  -9.0395356e+02
  -9.0468208e+02
  -9.0574354e+02
  -9.0656166e+02
  -9.0732254e+02
  -9.0838364e+02
  -9.0927504e+02
  -9.1013868e+02
  -9.1116497e+02
  -9.1201193e+02
  -9.1284296e+02
  -9.1385313e+02
  -9.1473574e+02
  -9.1560600e+02
  -9.1659250e+02
  -9.1744656e+02
  -9.1836157e+02
  -9.1940196e+02
  -9.2026923e+02
  -9.2111779e+02
  -9.2206896e+02
  -9.2287430e+02
  -9.2377989e+02
  -9.2481640e+02
  -9.2565890e+02
  -9.2654758e+02
  -9.2758082e+02
  -9.2841593e+02
  -9.2925921e+02
  -9.3027642e+02
  -9.3116850e+02
  -9.3206135e+02
  -9.3306542e+02
  -9.3392378e+02
  -9.3481338e+02
  -9.3582409e+02
  -9.3668629e+02
  -9.3759168e+02
  -9.3863257e+02
  -9.3952393e+02
  -9.4040602e+02
  -9.4139383e+02
  -9.4224926e+02
  -9.4315087e+02
  -9.4419110e+02
  -9.4509138e+02
  -9.4598567e+02
  -9.4699836e+02
  -9.4786499e+02
  -9.4875300e+02
  -9.4978267e+02
  -9.5066808e+02
  -9.5155591e+02
  -9.5257466e+02
  -9.5344047e+02
  -9.5429818e+02
  -9.5531358e+02
  -9.5620616e+02
  -9.5707366e+02
  -9.5808349e+02
  -9.5896254e+02
  -9.5979988e+02
  -9.6075063e+02
  -9.6159179e+02
  -9.6247743e+02
  -9.6347330e+02
  -9.6433901e+02
  -9.6529203e+02
  -9.6635880e+02
  -9.6719167e+02
  -9.6803796e+02
  -9.6909485e+02
  -9.6995657e+02
  -9.7075919e+02
  -9.7177028e+02
  -9.7263924e+02
  -9.7350334e+02
  -9.7455264e+02
  -9.7545394e+02
  -9.7631318e+02
  -9.7734909e+02
  -9.7825203e+02
  -9.7910618e+02
  -9.8012017e+02
  -9.8096404e+02
  -9.8182573e+02
  -9.8289820e+02
  -9.8377852e+02
  -9.8459406e+02
  -9.8558827e+02
  -9.8639407e+02
  -9.8729227e+02
  -9.8842578e+02
  -9.8926521e+02
  -9.9002840e+02
  -9.9109307e+02
  -9.9195524e+02
  -9.9276663e+02
  -9.9382339e+02
  -9.9466430e+02
  -9.9546934e+02
  -9.9654756e+02
  -9.9742640e+02
  -9.9826368e+02
  -9.9933873e+02
  -1.0002528e+03
  -1.0011341e+03
  -1.0022035e+03
  -1.0030182e+03
  -1.0037982e+03
  -1.0048988e+03
  -1.0058578e+03
  -1.0066390e+03
  -1.0076874e+03
  -1.0085959e+03
  -1.0094090e+03
  -1.0104815e+03
  -1.0113912e+03
  -1.0122438e+03
  -1.0133494e+03
  -1.0142547e+03
  -1.0149845e+03
  -1.0160898e+03
  -1.0171346e+03
  -1.0180505e+03
  -1.0191785e+03
  -1.0201449e+03
  -1.0208607e+03
  -1.0219695e+03
  -1.0229155e+03
  -1.0234830e+03
  -1.0248178e+03
  -1.0261807e+03
  -1.0267224e+03
  -1.0280242e+03
  -1.0296178e+03
  -1.0309615e+03
  -1.0321076e+03
  -1.0333585e+03
  -1.0341391e+03
  -1.0350126e+03
  -1.0363582e+03
  -1.0375400e+03
  -1.0382058e+03
  -1.0393698e+03
  -1.0404527e+03
  -1.0411602e+03
  -1.0421877e+03
  -1.0432327e+03
  -1.0439342e+03
  -1.0449863e+03
  -1.0460796e+03
  -1.0466993e+03
  -1.0476748e+03
  -1.0487637e+03
  -1.0495450e+03
  -1.0504715e+03
  -1.0515093e+03
  -1.0523556e+03
  -1.0533017e+03
  -1.0542468e+03
  -1.0550251e+03
  -1.0560390e+03
  -1.0570296e+03
  -1.0577410e+03
  -1.0587273e+03
  -1.0597527e+03
  -1.0604899e+03
  -1.0614338e+03
  -1.0624793e+03
  -1.0633346e+03
  -1.0643085e+03
  -1.0653043e+03
  -1.0661239e+03
  -1.0671071e+03
  -1.0681123e+03
  -1.0688626e+03
  -1.0698073e+03
  -1.0708548e+03
  -1.0716969e+03
  -1.0726452e+03
  -1.0736582e+03
  -1.0744653e+03
  -1.0754132e+03
  -1.0764347e+03
  -1.0772227e+03
  -1.0781566e+03
  -1.0791769e+03
  -1.0799807e+03
  -1.0809145e+03
  -1.0819269e+03
  -1.0827497e+03
  -1.0837011e+03
  -1.0846950e+03
  -1.0854560e+03
  -1.0863820e+03
  -1.0874029e+03
  -1.0882107e+03
  -1.0891713e+03
  -1.0902310e+03
  -1.0910234e+03
  -1.0918579e+03
  -1.0928514e+03
  -1.0937365e+03
  -1.0946672e+03
  -1.0956513e+03
  -1.0965169e+03
  -1.0974619e+03
  -1.0984425e+03
  -1.0992701e+03
  -1.1001815e+03
  -1.1011421e+03
  -1.1019909e+03
  -1.1029503e+03
  -1.1039384e+03
  -1.1048222e+03
  -1.1058076e+03
  -1.1067831e+03
  -1.1075730e+03
  -1.1085148e+03
  -1.1095164e+03
  -1.1103526e+03
  -1.1112885e+03
  -1.1122522e+03
  -1.1130327e+03
  -1.1140066e+03
  -1.1150186e+03
  -1.1158195e+03
  -1.1167762e+03
  -1.1177658e+03
  -1.1185102e+03
  -1.1194723e+03
  -1.1205218e+03
  -1.1212757e+03
  -1.1221350e+03
  -1.1231263e+03
  -1.1239511e+03
  -1.1248962e+03
  -1.1259024e+03
  -1.1267124e+03
  -1.1276480e+03
  -1.1286250e+03
  -1.1294363e+03
  -1.1304074e+03
  -1.1314334e+03
  -1.1322534e+03
  -1.1332179e+03
  -1.1342638e+03
  -1.1350845e+03
  -1.1359726e+03
  -1.1369786e+03
  -1.1378514e+03
  -1.1388238e+03
  -1.1398784e+03
  -1.1407376e+03
  -1.1416238e+03
  -1.1425953e+03
  -1.1434257e+03
  -1.1443740e+03
  -1.1453679e+03
  -1.1461082e+03
  -1.1470921e+03
  -1.1481429e+03
  -1.1488748e+03
  -1.1498260e+03
  -1.1509086e+03
  -1.1515708e+03
  -1.1525411e+03
  -1.1537504e+03
  -1.1544837e+03
  -1.1552384e+03
  -1.1563398e+03
  -1.1571871e+03
  -1.1581485e+03
  -1.1590976e+03
  -1.1595201e+03
  -1.1605682e+03
  -1.1616340e+03
  -1.1621183e+03
  -1.1635219e+03
  -1.1652588e+03
  -1.1655436e+03
  -1.1666688e+03
  -1.1682833e+03
  -1.1693154e+03
  -1.1698865e+03
  -1.1717125e+03
  -1.1732415e+03
  -1.1738033e+03
  -1.1750983e+03
  -1.1767085e+03
  -1.1770810e+03
  -1.1778773e+03
  -1.1792908e+03
  -1.1801226e+03
  -1.1808430e+03
  -1.1822003e+03
  -1.1831387e+03
  -1.1837262e+03
  -1.1848910e+03
  -1.1856384e+03
  -1.1863930e+03
  -1.1875045e+03
  -1.1883340e+03
  -1.1892220e+03
  -1.1903980e+03
  -1.1911520e+03
  -1.1919643e+03
  -1.1930997e+03
  -1.1937958e+03
  -1.1945898e+03
  -1.1957673e+03
  -1.1965550e+03
  -1.1973589e+03
  -1.1985397e+03
  -1.1994535e+03
  -1.2002050e+03
  -1.2012575e+03
  -1.2021037e+03
  -1.2029669e+03
  -1.2040340e+03
  -1.2047385e+03
  -1.2055575e+03
  -1.2066832e+03
  -1.2075657e+03
  -1.2083860e+03
  -1.2094207e+03
  -1.2102597e+03
  -1.2111827e+03
  -1.2122668e+03
  -1.2130951e+03
  -1.2140173e+03
  -1.2151372e+03
  -1.2159221e+03
  -1.2167151e+03
  -1.2178433e+03
  -1.2188030e+03
  -1.2196850e+03
  -1.2207779e+03
  -1.2216589e+03
  -1.2225030e+03
  -1.2236017e+03
  -1.2245436e+03
  -1.2253955e+03
  -1.2264683e+03
  -1.2273761e+03
  -1.2281942e+03
  -1.2292713e+03
  -1.2302207e+03
  -1.2310895e+03
  -1.2322052e+03
  -1.2331750e+03
  -1.2339380e+03
  -1.2349459e+03
  -1.2358758e+03
  -1.2366786e+03
  -1.2377218e+03
  -1.2387199e+03
  -1.2395803e+03
  -1.2406358e+03
  -1.2415719e+03
  -1.2423214e+03
  -1.2433476e+03
  -1.2443045e+03
  -1.2450449e+03
  -1.2460302e+03
  -1.2469779e+03
  -1.2477622e+03
  -1.2487566e+03
  -1.2497280e+03
  -1.2505683e+03
  -1.2516062e+03
  -1.2526054e+03
  -1.2534657e+03
  -1.2544846e+03
  -1.2554487e+03
  -1.2562019e+03
  -1.2571699e+03
  -1.2581681e+03
  -1.2589747e+03
  -1.2599177e+03
  -1.2608653e+03
  -1.2617164e+03
  -1.2627482e+03
  -1.2637356e+03
  -1.2645501e+03
  -1.2655791e+03
  -1.2665727e+03
  -1.2673244e+03
  -1.2682336e+03
  -1.2690987e+03
  -1.2699056e+03
  -1.2710197e+03
  -1.2720007e+03
  -1.2726919e+03
  -1.2737043e+03
  -1.2746883e+03
  -1.2753458e+03
  -1.2762991e+03
  -1.2772931e+03
  -1.2781576e+03
  -1.2791943e+03
  -1.2800872e+03
  -1.2807983e+03
  -1.2818311e+03
  -1.2828237e+03
  -1.2836183e+03
  -1.2846886e+03
  -1.2856795e+03
  -1.2863660e+03
  -1.2873186e+03
  -1.2882917e+03
  -1.2891281e+03
  -1.2901555e+03
  -1.2910589e+03
  -1.2918288e+03
  -1.2929467e+03
  -1.2940118e+03
  -1.2947224e+03
  -1.2956749e+03
  -1.2966574e+03
  -1.2976204e+03
  -1.2988613e+03
  -1.2999075e+03
  -1.3004145e+03
  -1.3016099e+03
  -1.3028076e+03
  -1.3035017e+03
  -1.3046861e+03
  -1.3059751e+03
  -1.3064065e+03
  -1.3073295e+03
  -1.3085910e+03
  -1.3091042e+03
  -1.3100479e+03
  -1.3111396e+03
  -1.3118791e+03
  -1.3127657e+03
  -1.3136156e+03
  -1.3143024e+03
  -1.3154158e+03
  -1.3163269e+03
  -1.3168528e+03
  -1.3178915e+03
  -1.3186604e+03
  -1.3192430e+03
  -1.3203172e+03
  -1.3211857e+03
  -1.3219439e+03
  -1.3229796e+03
  -1.3238019e+03
  -1.3245886e+03
  -1.3256372e+03
  -1.3265956e+03
  -1.3275689e+03
  -1.3287064e+03
  -1.3296353e+03
  -1.3304167e+03
  -1.3314703e+03
  -1.3323355e+03
  -1.3330514e+03
  -1.3342000e+03
  -1.3352478e+03
  -1.3360231e+03
  -1.3371718e+03
  -1.3382389e+03
  -1.3388619e+03
  -1.3400742e+03
  -1.3414849e+03
  -1.3423103e+03
  -1.3436561e+03
  -1.3453385e+03
  -1.3465151e+03
  -1.3472648e+03
  -1.3485593e+03
  -1.3497445e+03
  -1.3504521e+03
  -1.3516687e+03
  -1.3529110e+03
  -1.3534484e+03
  -1.3544503e+03
  -1.3555862e+03
  -1.3562871e+03
  -1.3572736e+03
  -1.3584280e+03
  -1.3591056e+03
  -1.3600644e+03
  -1.3612207e+03
  -1.3619628e+03
  -1.3628925e+03
  -1.3640140e+03
  -1.3647563e+03
  -1.3656570e+03
  -1.3667832e+03
  -1.3676069e+03
  -1.3685106e+03
  -1.3695707e+03
  -1.3701679e+03
  -1.3711450e+03
  -1.3722813e+03
  -1.3730268e+03
  -1.3738973e+03
  -1.3749404e+03
  -1.3756990e+03
  -1.3766079e+03
  -1.3777002e+03
  -1.3786010e+03
  -1.3795755e+03
  -1.3806057e+03
  -1.3813669e+03
  -1.3822853e+03
  -1.3833541e+03
  -1.3840784e+03
  -1.3849717e+03
  -1.3860508e+03
  -1.3868386e+03
  -1.3877786e+03
  -1.3888881e+03
  -1.3897300e+03
  -1.3906878e+03
  -1.3918031e+03
  -1.3925438e+03
  -1.3934194e+03
  -1.3945645e+03
  -1.3954448e+03
  -1.3963313e+03
  -1.3974321e+03
  -1.3983010e+03
  -1.3991615e+03
  -1.4001383e+03
  -1.4008602e+03
  -1.4017656e+03
  -1.4028136e+03
  -1.4035367e+03
  -1.4044470e+03
  -1.4055339e+03
  -1.4064142e+03
  -1.4072885e+03
  -1.4082914e+03
  -1.4092160e+03
  -1.4101543e+03
  -1.4110980e+03
  -1.4118992e+03
  -1.4128177e+03
  -1.4138205e+03
  -1.4146739e+03
  -1.4155997e+03
  -1.4166237e+03
  -1.4174837e+03
  -1.4183424e+03
  -1.4193063e+03
  -1.4201714e+03
  -1.4210666e+03
  -1.4220545e+03
  -1.4229545e+03
  -1.4238856e+03
  -1.4248979e+03
  -1.4257605e+03
  -1.4266357e+03
  -1.4276621e+03
  -1.4285269e+03
  -1.4293745e+03
  -1.4304029e+03
  -1.4312595e+03
  -1.4320862e+03
  -1.4331189e+03
  -1.4338582e+03
  -1.4346568e+03
  -1.4358093e+03
  -1.4366141e+03
  -1.4373786e+03
  -1.4385133e+03
  -1.4390531e+03
  -1.4399559e+03
  -1.4414982e+03
  -1.4428797e+03
  -1.4435380e+03
  -1.4455083e+03
  -1.4473140e+03
  -1.4475833e+03
  -1.4482690e+03
  -1.4497428e+03
  -1.4508043e+03
  -1.4516395e+03
  -1.4529058e+03
  -1.4538389e+03
  -1.4546869e+03
  -1.4557902e+03
  -1.4566033e+03
  -1.4574135e+03
  -1.4585660e+03
  -1.4594339e+03
  -1.4602254e+03
  -1.4613704e+03
  -1.4623522e+03
  -1.4631415e+03
  -1.4642066e+03
  -1.4651870e+03
  -1.4660410e+03
  -1.4670782e+03
  -1.4679982e+03
  -1.4688374e+03
  -1.4698930e+03
  -1.4708419e+03
  -1.4716746e+03
  -1.4727168e+03
  -1.4736284e+03
  -1.4744598e+03
  -1.4754851e+03
  -1.4763144e+03
  -1.4770375e+03
  -1.4781486e+03
  -1.4791890e+03
  -1.4799626e+03
  -1.4808035e+03
  -1.4815355e+03
  -1.4823333e+03
  -1.4833456e+03
  -1.4842074e+03
  -1.4851017e+03
  -1.4861098e+03
  -1.4868878e+03
  -1.4877448e+03
  -1.4887490e+03
  -1.4895790e+03
  -1.4906303e+03
  -1.4918518e+03
  -1.4926623e+03
  -1.4935264e+03
  -1.4946355e+03
  -1.4953089e+03
  -1.4960999e+03
  -1.4973721e+03
  -1.4983679e+03
  -1.4991272e+03
  -1.5002239e+03
  -1.5010736e+03
  -1.5018832e+03
  -1.5030026e+03
  -1.5038873e+03
  -1.5047589e+03
  -1.5059515e+03
  -1.5069078e+03
  -1.5076450e+03
  -1.5086631e+03
  -1.5094856e+03
  -1.5103490e+03
  -1.5115150e+03
  -1.5124091e+03
  -1.5131542e+03
  -1.5143019e+03
  -1.5152762e+03
  -1.5160159e+03
  -1.5171045e+03
  -1.5180536e+03
  -1.5187775e+03
  -1.5198427e+03
  -1.5207929e+03
  -1.5215201e+03
  -1.5226656e+03
  -1.5237744e+03
  -1.5244345e+03
  -1.5253972e+03
  -1.5264485e+03
  -1.5272530e+03
  -1.5282599e+03
  -1.5292680e+03
  -1.5299533e+03
  -1.5309089e+03
  -1.5319039e+03
  -1.5327428e+03
  -1.5337366e+03
  -1.5346262e+03
  -1.5353749e+03
  -1.5364732e+03
  -1.5375084e+03
  -1.5382182e+03
  -1.5392557e+03
  -1.5403037e+03
  -1.5410717e+03
  -1.5421542e+03
  -1.5432619e+03
  -1.5438701e+03
  -1.5447569e+03
  -1.5458420e+03
  -1.5467083e+03
  -1.5477480e+03
  -1.5488257e+03
  -1.5495638e+03
  -1.5504884e+03
  -1.5514639e+03
  -1.5521394e+03
  -1.5532065e+03
  -1.5543927e+03
  -1.5549467e+03
  -1.5557970e+03
  -1.5569354e+03
  -1.5577740e+03
  -1.5587391e+03
  -1.5598717e+03
  -1.5607241e+03
  -1.5617153e+03
  -1.5627554e+03
  -1.5634365e+03
  -1.5644071e+03
  -1.5654914e+03
  -1.5661296e+03
  -1.5671950e+03
  -1.5682827e+03
  -1.5689670e+03
  -1.5700371e+03
  -1.5710934e+03
  -1.5716898e+03
  -1.5727666e+03
  -1.5739554e+03
  -1.5747964e+03
  -1.5758841e+03
  -1.5770317e+03
  -1.5775152e+03
  -1.5784984e+03
  -1.5797997e+03
  -1.5805921e+03
  -1.5813353e+03
  -1.5825971e+03
  -1.5835223e+03
  -1.5842304e+03
  -1.5853138e+03
  -1.5861397e+03
  -1.5870594e+03
  -1.5881574e+03
  -1.5886571e+03
  -1.5897632e+03
  -1.5912679e+03
  -1.5920035e+03
  -1.5928183e+03
  -1.5942048e+03
  -1.5948877e+03
  -1.5952937e+03
  -1.5967254e+03
  -1.5979117e+03
  -1.5984324e+03
  -1.5997439e+03
  -1.6008332e+03
  -1.6014506e+03
  -1.6026954e+03
  -1.6037181e+03
  -1.6041838e+03
  -1.6055828e+03
  -1.6069379e+03
  -1.6075225e+03
  -1.6085415e+03
  -1.6095396e+03
  -1.6100314e+03
  -1.6113404e+03
  -1.6124754e+03
  -1.6127339e+03
  -1.6138870e+03
  -1.6151444e+03
  -1.6159510e+03
  -1.6169588e+03
  -1.6180746e+03
  -1.6187991e+03
  -1.6198049e+03
  -1.6208984e+03
  -1.6216277e+03
  -1.6225567e+03
  -1.6236631e+03
  -1.6244692e+03
  -1.6254026e+03
  -1.6264842e+03
  -1.6273349e+03
  -1.6282078e+03
  -1.6291683e+03
  -1.6299740e+03
  -1.6309038e+03
  -1.6318810e+03
  -1.6326864e+03
  -1.6336438e+03
  -1.6346530e+03
  -1.6354565e+03
  -1.6363868e+03
  -1.6374146e+03
  -1.6382430e+03
  -1.6391064e+03
  -1.6400885e+03
  -1.6410014e+03
  -1.6419501e+03
  -1.6428913e+03
  -1.6437486e+03
  -1.6447293e+03
  -1.6456971e+03
  -1.6465290e+03
  -1.6475303e+03
  -1.6485576e+03
  -1.6493322e+03
  -1.6502860e+03
  -1.6513871e+03
  -1.6522591e+03
  -1.6531677e+03
  -1.6542236e+03
  -1.6550762e+03
  -1.6559643e+03
  -1.6570211e+03
  -1.6579127e+03
  -1.6588382e+03
  -1.6599232e+03
  -1.6607547e+03
  -1.6615725e+03
  -1.6626621e+03
  -1.6635942e+03
  -1.6644245e+03
  -1.6654761e+03
  -1.6664573e+03
  -1.6673854e+03
  -1.6683373e+03
  -1.6690499e+03
  -1.6699933e+03
  -1.6711389e+03
  -1.6719947e+03
  -1.6728761e+03
  -1.6740046e+03
  -1.6748010e+03
  -1.6756729e+03
  -1.6768748e+03
  -1.6776993e+03
  -1.6783334e+03
  -1.6794096e+03
  -1.6802669e+03
  -1.6811332e+03
  -1.6822521e+03
  -1.6831841e+03
  -1.6841106e+03
  -1.6852526e+03
  -1.6860597e+03
  -1.6869073e+03
  -1.6881199e+03
  -1.6890671e+03
  -1.6897216e+03
  -1.6908434e+03
  -1.6918102e+03
  -1.6926529e+03
  -1.6937438e+03
  -1.6946108e+03
  -1.6952760e+03
  -1.6963419e+03
  -1.6972097e+03
  -1.6980468e+03
  -1.6991901e+03
  -1.6999747e+03
  -1.7007948e+03
  -1.7020755e+03
  -1.7031388e+03
  -1.7036057e+03
  -1.7048591e+03
  -1.7060477e+03
  -1.7066363e+03
  -1.7076660e+03
  -1.7087686e+03
  -1.7095905e+03
  -1.7108626e+03
  -1.7121892e+03
  -1.7128171e+03
  -1.7137316e+03
  -1.7150061e+03
  -1.7159168e+03
  -1.7169214e+03
  -1.7182113e+03
  -1.7190084e+03
  -1.7198269e+03
  -1.7210402e+03
  -1.7219458e+03
  -1.7227863e+03
  -1.7240049e+03
  -1.7250091e+03
  -1.7258516e+03
  -1.7269419e+03
  -1.7279048e+03
  -1.7286803e+03
  -1.7297234e+03
  -1.7306482e+03
  -1.7314418e+03
  -1.7324707e+03
  -1.7333966e+03
  -1.7342137e+03
  -1.7352750e+03
  -1.7362563e+03
  -1.7370498e+03
  -1.7380853e+03
  -1.7390333e+03
  -1.7397617e+03
  -1.7407763e+03
  -1.7417308e+03
  -1.7424995e+03
  -1.7436335e+03
  -1.7445884e+03
  -1.7450624e+03
  -1.7460958e+03
  -1.7470419e+03
  -1.7477369e+03
  -1.7488251e+03
  -1.7498342e+03
  -1.7506579e+03
  -1.7518124e+03
  -1.7527404e+03
  -1.7532923e+03
  -1.7544079e+03
  -1.7554263e+03
  -1.7560462e+03
  -1.7570971e+03
  -1.7579948e+03
  -1.7587143e+03
  -1.7598824e+03
  -1.7608157e+03
  -1.7615258e+03
  -1.7626967e+03
  -1.7636580e+03
  -1.7643333e+03
  -1.7654975e+03
  -1.7665876e+03
  -1.7671743e+03
  -1.7681624e+03
  -1.7692542e+03
  -1.7699470e+03
  -1.7707998e+03
  -1.7717874e+03
  -1.7726643e+03
  -1.7736448e+03
  -1.7744808e+03
  -1.7752952e+03
  -1.7763486e+03
  -1.7772904e+03
  -1.7781310e+03
  -1.7791639e+03
  -1.7800806e+03
  -1.7809986e+03
  -1.7821154e+03
  -1.7830561e+03
  -1.7839110e+03
  -1.7849891e+03
  -1.7857796e+03
  -1.7865353e+03
  -1.7877123e+03
  -1.7885466e+03
  -1.7891118e+03
  -1.7903568e+03
  -1.7915328e+03
  -1.7920976e+03
  -1.7931571e+03
  -1.7942818e+03
  -1.7951860e+03
  -1.7963069e+03
  -1.7971730e+03
  -1.7978578e+03
  -1.7991348e+03
  -1.7998821e+03
  -1.8001858e+03
  -1.8014812e+03
  -1.8020961e+03
  -1.8023767e+03
  -1.8036573e+03
  -1.8046276e+03
  -1.8054134e+03
  -1.8065875e+03
  -1.8074731e+03
  -1.8083135e+03
  -1.8095818e+03
  -1.8103346e+03
  -1.8110528e+03
  -1.8124701e+03
  -1.8137406e+03
  -1.8145519e+03
  -1.8156736e+03
  -1.8168575e+03
  -1.8177420e+03
  -1.8188107e+03
  -1.8197895e+03
  -1.8202255e+03
  -1.8214113e+03
  -1.8227336e+03
  -1.8235714e+03
  -1.8245579e+03
  -1.8256858e+03
  -1.8264391e+03
  -1.8275871e+03
  -1.8289351e+03
  -1.8295638e+03
  -1.8302656e+03
  -1.8314420e+03
  -1.8320145e+03
  -1.8327502e+03
  -1.8339156e+03
  -1.8347985e+03
  -1.8357785e+03
  -1.8369745e+03
  -1.8377261e+03
  -1.8386497e+03
  -1.8397815e+03
  -1.8405038e+03
  -1.8414024e+03
  -1.8426472e+03
  -1.8433478e+03
  -1.8441430e+03
