   3.1415927e+00
   1.6602624e+00
   2.0730933e-01
   1.7793057e+00
  -5.2703390e-01
   2.5404643e+00
   1.5359135e+00
   2.0098732e+00
   1.6326487e+00
   1.5469114e+00
   7.0193757e-01
  -3.1563745e-01
   6.8871591e-01
  -4.4870728e-01
  -1.7907472e+00
  -2.6088663e+00
  -1.5640409e+00
  -1.9690573e+00
  -2.3670536e+00
  -2.5066805e+00
  -2.9473821e+00
  -3.6848627e+00
  -3.7143571e+00
  -4.2208873e+00
  -4.8818197e+00
  -5.4863787e+00
  -5.9931930e+00
  -6.4224861e+00
  -7.0356525e+00
  -7.4333260e+00
  -8.2547431e+00
  -9.4598229e+00
  -1.0749599e+01
  -1.1823146e+01
  -1.0944771e+01
  -1.1863272e+01
  -1.2789723e+01
  -1.3534118e+01
  -1.4258311e+01
  -1.4934799e+01
  -1.5556094e+01
  -1.6169232e+01
  -1.6719259e+01
  -1.7341188e+01
  -1.8016542e+01
  -1.8614225e+01
  -1.9168924e+01
  -1.9686519e+01
  -2.0213972e+01
  -2.0842433e+01
  -2.1469761e+01
  -2.2009946e+01
  -2.2566393e+01
  -2.3148026e+01
  -2.3625780e+01
  -2.4151020e+01
  -2.4740974e+01
  -2.5152339e+01
  -2.5578528e+01
  -2.6151845e+01
  -2.6737563e+01
  -2.7218333e+01
  -2.7532923e+01
  -2.7999455e+01
  -2.8543288e+01
  -2.9087370e+01
  -2.9720311e+01
  -3.0453212e+01
  -3.1281735e+01
  -3.2111283e+01
  -3.2837760e+01
  -3.3525695e+01
  -3.4152404e+01
  -3.4630100e+01
  -3.5163319e+01
  -3.5573324e+01
  -3.6089888e+01
  -3.6614283e+01
  -3.6857629e+01
  -3.7382500e+01
  -3.7404086e+01
  -3.8101333e+01
  -3.8396751e+01
  -3.8257896e+01
  -3.8785896e+01
  -3.9199164e+01
  -4.0182459e+01
  -4.0148041e+01
  -4.0908795e+01
  -4.1781639e+01
  -4.0948313e+01
  -4.2388899e+01
  -4.1479146e+01
  -4.2819462e+01
  -4.0869207e+01
  -4.2974116e+01
  -4.0156718e+01
  -4.2327196e+01
  -4.4732555e+01
  -4.1745091e+01
  -4.2071015e+01
  -4.3068517e+01
  -4.4257349e+01
  -4.5218969e+01
  -4.6005165e+01
  -4.6886829e+01
  -4.7556125e+01
  -4.8204363e+01
  -4.8996412e+01
  -4.9397738e+01
  -5.0265836e+01
  -5.1300908e+01
  -5.0916971e+01
  -5.2138500e+01
  -5.1805320e+01
  -5.3519510e+01
  -5.5409342e+01
  -5.6626687e+01
  -5.7035381e+01
  -5.7798544e+01
  -5.7651854e+01
  -5.8401849e+01
  -5.9092797e+01
  -5.9296477e+01
  -5.9978906e+01
  -6.0405219e+01
  -6.0899337e+01
  -6.1476428e+01
  -6.2018677e+01
  -6.2677355e+01
  -6.3243152e+01
  -6.3880609e+01
  -6.4600033e+01
  -6.5382594e+01
  -6.6375991e+01
  -6.7506081e+01
  -6.8653442e+01
  -6.9769070e+01
  -7.0925197e+01
  -7.2731045e+01
  -7.4866090e+01
  -7.5825123e+01
  -7.6690400e+01
  -7.7463079e+01
  -7.8180417e+01
  -7.8851286e+01
  -7.9322662e+01
  -7.9898676e+01
  -8.0417626e+01
  -8.0916028e+01
  -8.1497493e+01
  -8.1508655e+01
  -8.2091881e+01
  -8.2420972e+01
  -8.2913236e+01
  -8.3655017e+01
  -8.3791272e+01
  -8.4435748e+01
  -8.4833634e+01
  -8.5368447e+01
  -8.5946335e+01
  -8.5754650e+01
  -8.6525847e+01
  -8.6821247e+01
  -8.7416043e+01
  -8.7952820e+01
  -8.8352864e+01
  -8.9216785e+01
  -8.9891970e+01
  -9.0784077e+01
  -9.1963690e+01
  -9.2800388e+01
  -9.3317897e+01
  -9.6418644e+01
  -9.8736036e+01
  -9.9747640e+01
  -9.9568464e+01
  -1.0105233e+02
  -1.0195057e+02
  -1.0176543e+02
  -1.0349755e+02
  -1.0272493e+02
  -1.0400902e+02
  -1.0567736e+02
  -1.0475238e+02
  -1.0663142e+02
  -1.0385180e+02
  -1.0651002e+02
  -1.0927442e+02
  -1.0618126e+02
  -1.0848852e+02
  -1.0568636e+02
  -1.0873438e+02
  -1.1046881e+02
  -1.0931297e+02
  -1.1075101e+02
  -1.1032571e+02
  -1.1131033e+02
  -1.1192771e+02
  -1.1203779e+02
  -1.1312549e+02
  -1.1378728e+02
  -1.1476258e+02
  -1.1618620e+02
  -1.1448943e+02
  -1.1585637e+02
  -1.1628943e+02
  -1.1686354e+02
  -1.1791397e+02
  -1.1818945e+02
  -1.1894594e+02
  -1.1909548e+02
  -1.1938812e+02
  -1.2031083e+02
  -1.1942859e+02
  -1.2076496e+02
  -1.2065999e+02
  -1.2129964e+02
  -1.2226946e+02
  -1.2271294e+02
  -1.2345856e+02
  -1.2323433e+02
  -1.2394137e+02
  -1.2472966e+02
  -1.2494786e+02
  -1.2573825e+02
  -1.2613900e+02
  -1.2672490e+02
  -1.2754293e+02
  -1.2795307e+02
  -1.2862918e+02
  -1.2873728e+02
  -1.2929520e+02
  -1.3006811e+02
  -1.3043832e+02
  -1.3136739e+02
  -1.3237162e+02
  -1.3296249e+02
  -1.3355995e+02
  -1.3378558e+02
  -1.3451681e+02
  -1.3540921e+02
  -1.3522960e+02
  -1.3635261e+02
  -1.3701216e+02
  -1.3678304e+02
  -1.3735709e+02
  -1.3720150e+02
  -1.3847320e+02
  -1.3757020e+02
  -1.3916141e+02
  -1.4126824e+02
  -1.3889658e+02
  -1.4099253e+02
  -1.3944937e+02
  -1.4120095e+02
  -1.4159747e+02
  -1.4197015e+02
  -1.4391936e+02
  -1.4106637e+02
  -1.4342328e+02
  -1.4199887e+02
  -1.4394737e+02
  -1.4581979e+02
  -1.4518211e+02
  -1.4681208e+02
  -1.4913529e+02
  -1.4693945e+02
  -1.4917290e+02
  -1.4653723e+02
  -1.4940348e+02
  -1.5192933e+02
  -1.4894002e+02
  -1.5189634e+02
  -1.5430197e+02
  -1.5641312e+02
  -1.5534828e+02
  -1.5761053e+02
  -1.5993789e+02
  -1.6241709e+02
  -1.6065115e+02
  -1.5834935e+02
  -1.6096858e+02
  -1.6293945e+02
  -1.6009897e+02
  -1.6299911e+02
  -1.6522131e+02
  -1.6810940e+02
  -1.6578281e+02
  -1.6747519e+02
  -1.6691749e+02
  -1.6856592e+02
  -1.7071010e+02
  -1.6782092e+02
  -1.7082724e+02
  -1.6776322e+02
  -1.6545398e+02
  -1.6786152e+02
  -1.7009663e+02
  -1.6784760e+02
  -1.6961174e+02
  -1.7055937e+02
  -1.7107825e+02
  -1.7250410e+02
  -1.7315975e+02
  -1.7356316e+02
  -1.7494470e+02
  -1.7431707e+02
  -1.7558156e+02
  -1.7684019e+02
  -1.7629816e+02
  -1.7817935e+02
  -1.8063929e+02
  -1.7839134e+02
  -1.8073393e+02
  -1.8261289e+02
  -1.8268040e+02
  -1.8430113e+02
  -1.8603829e+02
  -1.8479048e+02
  -1.8643552e+02
  -1.8789954e+02
  -1.8773805e+02
  -1.8897105e+02
  -1.9006829e+02
  -1.8942032e+02
  -1.9117610e+02
  -1.9014551e+02
  -1.9203257e+02
  -1.9430795e+02
  -1.9700263e+02
  -1.9673961e+02
  -1.9821425e+02
  -1.9997041e+02
  -1.9859012e+02
  -2.0042845e+02
  -2.0236389e+02
  -2.0204968e+02
  -2.0373744e+02
  -2.0613476e+02
  -2.0299369e+02
  -2.0596508e+02
  -2.0849396e+02
  -2.1059734e+02
  -2.1024803e+02
  -2.1182491e+02
  -2.1397328e+02
  -2.1171365e+02
  -2.1379081e+02
  -2.1679998e+02
  -2.1471115e+02
  -2.1768407e+02
  -2.2052176e+02
  -2.2326745e+02
  -2.2032451e+02
  -2.2299576e+02
  -2.2552396e+02
  -2.2315688e+02
  -2.2565758e+02
  -2.2855826e+02
  -2.3086716e+02
  -2.3259761e+02
  -2.3308826e+02
  -2.3520310e+02
  -2.3736862e+02
  -2.3425302e+02
  -2.3679699e+02
  -2.3491493e+02
  -2.3707853e+02
  -2.3856710e+02
  -2.3850293e+02
  -2.4008129e+02
  -2.4201738e+02
  -2.4031563e+02
  -2.4225544e+02
  -2.4382831e+02
  -2.4295755e+02
  -2.4470816e+02
  -2.4280910e+02
  -2.4478872e+02
  -2.4731320e+02
  -2.4497754e+02
  -2.4739542e+02
  -2.4945643e+02
  -2.4908868e+02
  -2.5104582e+02
  -2.5378966e+02
  -2.5684493e+02
  -2.5957209e+02
  -2.6189179e+02
  -2.5980938e+02
  -2.6220214e+02
  -2.5995621e+02
  -2.6215403e+02
  -2.6486831e+02
  -2.6185091e+02
  -2.6340170e+02
  -2.6329078e+02
  -2.6479294e+02
  -2.6792476e+02
  -2.7071492e+02
  -2.7248702e+02
  -2.7238992e+02
  -2.7362928e+02
  -2.7497991e+02
  -2.7511952e+02
  -2.7614754e+02
  -2.7715373e+02
  -2.7642100e+02
  -2.7800721e+02
  -2.7880495e+02
  -2.7934213e+02
  -2.8149134e+02
  -2.7873485e+02
  -2.8089552e+02
  -2.8294474e+02
  -2.8145596e+02
  -2.8357329e+02
  -2.8054803e+02
  -2.7791753e+02
  -2.8066998e+02
  -2.8280837e+02
  -2.8118203e+02
  -2.8318267e+02
  -2.8535101e+02
  -2.8381975e+02
  -2.8605491e+02
  -2.8316714e+02
  -2.8584952e+02
  -2.8882426e+02
  -2.8570543e+02
  -2.8748840e+02
  -2.8763167e+02
  -2.8854536e+02
  -2.9017216e+02
  -2.8882890e+02
  -2.9051045e+02
  -2.8990339e+02
  -2.9116979e+02
  -2.9271930e+02
  -2.9284409e+02
  -2.9363624e+02
  -2.9143075e+02
  -2.9366435e+02
  -2.9542617e+02
  -2.9377378e+02
  -2.9585072e+02
  -2.9400154e+02
  -2.9621594e+02
  -2.9808579e+02
  -2.9702763e+02
  -2.9864735e+02
  -2.9971244e+02
  -2.9922322e+02
  -3.0082194e+02
  -3.0040572e+02
  -3.0138058e+02
  -3.0320519e+02
  -3.0145789e+02
  -3.0353246e+02
  -3.0463422e+02
  -3.0424436e+02
  -3.0599756e+02
  -3.0483306e+02
  -3.0655865e+02
  -3.0862068e+02
  -3.1126372e+02
  -3.1318335e+02
  -3.1319514e+02
  -3.1548395e+02
  -3.1845899e+02
  -3.2117813e+02
  -3.2372914e+02
  -3.2155230e+02
  -3.2396437e+02
  -3.2589330e+02
  -3.2512956e+02
  -3.2718992e+02
  -3.2989234e+02
  -3.3237374e+02
  -3.2968660e+02
  -3.3248074e+02
  -3.2944057e+02
  -3.3187048e+02
  -3.3466546e+02
  -3.3193317e+02
  -3.2894383e+02
  -3.3206845e+02
  -3.3497669e+02
  -3.3781852e+02
  -3.4029041e+02
  -3.4248445e+02
  -3.4180835e+02
  -3.4347076e+02
  -3.4512386e+02
  -3.4380901e+02
  -3.4538163e+02
  -3.4592048e+02
  -3.4672406e+02
  -3.4879821e+02
  -3.4642830e+02
  -3.4886978e+02
  -3.5123323e+02
  -3.4871657e+02
  -3.5071312e+02
  -3.5196005e+02
  -3.5236059e+02
  -3.5447238e+02
  -3.5705382e+02
  -3.5932380e+02
  -3.5810783e+02
  -3.6029418e+02
  -3.6260344e+02
  -3.5948218e+02
  -3.6226047e+02
  -3.6515433e+02
  -3.6327932e+02
  -3.6567185e+02
  -3.6800964e+02
  -3.6595848e+02
  -3.6818341e+02
  -3.7015592e+02
  -3.6884992e+02
  -3.7109244e+02
  -3.7395594e+02
  -3.7659835e+02
  -3.7920535e+02
  -3.7624028e+02
  -3.7375712e+02
  -3.7617610e+02
  -3.7388546e+02
  -3.7638584e+02
  -3.7885022e+02
  -3.8100174e+02
  -3.8236504e+02
  -3.8317329e+02
  -3.8553661e+02
  -3.8819097e+02
  -3.9130889e+02
  -3.9364377e+02
  -3.9468914e+02
  -3.9475478e+02
  -3.9691704e+02
  -3.9992383e+02
  -4.0253842e+02
  -4.0519071e+02
  -4.0369461e+02
  -4.0607521e+02
  -4.0838792e+02
  -4.0553402e+02
  -4.0795975e+02
  -4.0538847e+02
  -4.0805054e+02
  -4.1117886e+02
  -4.0821615e+02
  -4.1037867e+02
  -4.0745438e+02
  -4.1049129e+02
  -4.0830888e+02
  -4.1115577e+02
  -4.1317210e+02
  -4.1617285e+02
  -4.1899001e+02
  -4.2055605e+02
  -4.2004118e+02
  -4.2176675e+02
  -4.2026590e+02
  -4.2222925e+02
  -4.2436713e+02
  -4.2191070e+02
  -4.2416087e+02
  -4.2191783e+02
  -4.2425696e+02
  -4.2538136e+02
  -4.2500353e+02
  -4.2660061e+02
  -4.2613609e+02
  -4.2760867e+02
  -4.2960542e+02
  -4.3199398e+02
  -4.2972309e+02
  -4.3167155e+02
  -4.3056461e+02
  -4.3254848e+02
  -4.3510823e+02
  -4.3798318e+02
  -4.3541962e+02
  -4.3761553e+02
  -4.3867577e+02
  -4.3889152e+02
  -4.4101380e+02
  -4.4394287e+02
  -4.4607020e+02
  -4.4512162e+02
  -4.4697597e+02
  -4.4905790e+02
  -4.5195044e+02
  -4.4981719e+02
  -4.5278630e+02
  -4.5514296e+02
  -4.5699460e+02
  -4.5592523e+02
  -4.5764562e+02
  -4.5607281e+02
  -4.5791558e+02
  -4.5957612e+02
  -4.6042369e+02
  -4.6153296e+02
  -4.6354674e+02
  -4.6664990e+02
  -4.6874379e+02
  -4.6903550e+02
  -4.7004053e+02
  -4.7235688e+02
  -4.7548774e+02
  -4.7737462e+02
  -4.7628729e+02
  -4.7814056e+02
  -4.8020488e+02
  -4.7931440e+02
  -4.8137882e+02
  -4.8339891e+02
  -4.8577951e+02
  -4.8422818e+02
  -4.8697892e+02
  -4.8957316e+02
  -4.8675657e+02
  -4.8970555e+02
  -4.8687745e+02
  -4.8887729e+02
  -4.9079038e+02
  -4.8925979e+02
  -4.9177480e+02
  -4.8948576e+02
  -4.9116466e+02
  -4.9201020e+02
  -4.9266569e+02
  -4.9428338e+02
  -4.9605684e+02
  -4.9454816e+02
  -4.9628008e+02
  -4.9495681e+02
  -4.9692046e+02
  -4.9452799e+02
  -4.9680583e+02
  -4.9862271e+02
  -4.9907412e+02
  -4.9999395e+02
  -5.0158730e+02
  -5.0064225e+02
  -5.0212094e+02
  -5.0371806e+02
  -5.0283964e+02
  -5.0486499e+02
  -5.0174714e+02
  -4.9921823e+02
  -5.0167980e+02
  -4.9865940e+02
  -5.0095200e+02
  -5.0209787e+02
  -5.0180508e+02
  -5.0346323e+02
  -5.0231230e+02
  -5.0401701e+02
  -5.0674834e+02
  -5.0414901e+02
  -5.0657326e+02
  -5.0960824e+02
  -5.0738700e+02
  -5.0993097e+02
  -5.1240021e+02
  -5.1458033e+02
  -5.1449976e+02
  -5.1579186e+02
  -5.1769273e+02
  -5.1981131e+02
  -5.1807095e+02
  -5.2019781e+02
  -5.1868552e+02
  -5.2076582e+02
  -5.2287610e+02
  -5.2534953e+02
  -5.2435859e+02
  -5.2692459e+02
  -5.2923340e+02
  -5.3142827e+02
  -5.3010164e+02
  -5.3236692e+02
  -5.3511014e+02
  -5.3225452e+02
  -5.3453529e+02
  -5.3727226e+02
  -5.3457074e+02
  -5.3757089e+02
  -5.3498803e+02
  -5.3691459e+02
  -5.3982933e+02
  -5.3713091e+02
  -5.3822128e+02
  -5.3766672e+02
  -5.3954411e+02
  -5.4166249e+02
  -5.4076206e+02
  -5.4335122e+02
  -5.4591602e+02
  -5.4881002e+02
  -5.5144495e+02
  -5.5415821e+02
  -5.5130651e+02
  -5.4870030e+02
  -5.5085531e+02
  -5.5361438e+02
  -5.5078789e+02
  -5.4788545e+02
  -5.5078580e+02
  -5.5257274e+02
  -5.5176854e+02
  -5.5335661e+02
  -5.5498174e+02
  -5.5419556e+02
  -5.5588762e+02
  -5.5321500e+02
  -5.5623345e+02
  -5.5863433e+02
  -5.5599465e+02
  -5.5784497e+02
  -5.5684957e+02
  -5.5830192e+02
  -5.5965503e+02
  -5.5903988e+02
  -5.6085329e+02
  -5.6339464e+02
  -5.6106984e+02
  -5.6297957e+02
  -5.6149163e+02
  -5.6322231e+02
  -5.6371981e+02
  -5.6417059e+02
  -5.6621792e+02
  -5.6933432e+02
  -5.7165941e+02
  -5.7239675e+02
  -5.7303429e+02
  -5.7504977e+02
  -5.7722497e+02
  -5.7570037e+02
  -5.7836406e+02
  -5.8095131e+02
  -5.8400729e+02
  -5.8710537e+02
  -5.8936408e+02
  -5.8731698e+02
  -5.8969988e+02
  -5.9188441e+02
  -5.9440247e+02
  -5.9307792e+02
  -5.9538388e+02
  -5.9236749e+02
  -5.9524348e+02
  -5.9251011e+02
  -5.9523798e+02
  -5.9799750e+02
  -6.0079572e+02
  -6.0305430e+02
  -6.0166543e+02
  -6.0413915e+02
  -6.0701738e+02
  -6.0960977e+02
  -6.1223824e+02
  -6.1156906e+02
  -6.1359259e+02
  -6.1569928e+02
  -6.1843841e+02
  -6.2140296e+02
  -6.2367914e+02
  -6.2199725e+02
  -6.2398159e+02
  -6.2539512e+02
  -6.2549656e+02
  -6.2717585e+02
  -6.2918366e+02
  -6.2737958e+02
  -6.2960413e+02
  -6.2795232e+02
  -6.3001146e+02
  -6.3181823e+02
  -6.3028176e+02
  -6.3208730e+02
  -6.3175814e+02
  -6.3279122e+02
  -6.3484330e+02
  -6.3182569e+02
  -6.3477484e+02
  -6.3196287e+02
  -6.2894840e+02
  -6.3160472e+02
  -6.3395648e+02
  -6.3146097e+02
  -6.3409016e+02
  -6.3684643e+02
  -6.3436663e+02
  -6.3651140e+02
  -6.3829083e+02
  -6.3778586e+02
  -6.4006533e+02
  -6.4295075e+02
  -6.4532160e+02
  -6.4807901e+02
  -6.4502904e+02
  -6.4767074e+02
  -6.4544114e+02
  -6.4778529e+02
  -6.4609984e+02
  -6.4862782e+02
  -6.5080603e+02
  -6.5340070e+02
  -6.5034597e+02
  -6.4828034e+02
  -6.5088813e+02
  -6.5311140e+02
  -6.5547432e+02
  -6.5386462e+02
  -6.5616019e+02
  -6.5320898e+02
  -6.5610071e+02
  -6.5813011e+02
  -6.5639195e+02
  -6.5838849e+02
  -6.6123797e+02
  -6.5836211e+02
  -6.6088825e+02
  -6.6369344e+02
  -6.6222393e+02
  -6.6430849e+02
  -6.6654011e+02
  -6.6422931e+02
  -6.6730794e+02
  -6.7022038e+02
  -6.7306590e+02
  -6.7592342e+02
  -6.7874854e+02
  -6.8135698e+02
  -6.7941346e+02
  -6.8206161e+02
  -6.8457204e+02
  -6.8150224e+02
  -6.7857930e+02
  -6.8128851e+02
  -6.8410735e+02
  -6.8118905e+02
  -6.8342390e+02
  -6.8132067e+02
  -6.8364404e+02
  -6.8620961e+02
  -6.8922254e+02
  -6.8656360e+02
  -6.8969688e+02
  -6.9234457e+02
  -6.9450438e+02
  -6.9355557e+02
  -6.9551271e+02
  -6.9806405e+02
  -7.0018594e+02
  -6.9987169e+02
  -7.0118112e+02
  -7.0262261e+02
  -7.0160862e+02
  -7.0324298e+02
  -7.0487586e+02
  -7.0443470e+02
  -7.0619691e+02
  -7.0499772e+02
  -7.0670452e+02
  -7.0833682e+02
  -7.0812530e+02
  -7.0948420e+02
  -7.1242586e+02
  -7.1485257e+02
  -7.1746971e+02
  -7.1468448e+02
  -7.1251528e+02
  -7.1462870e+02
  -7.1682110e+02
  -7.1457420e+02
  -7.1715326e+02
  -7.1436248e+02
  -7.1687760e+02
  -7.1956927e+02
  -7.1664796e+02
  -7.1960600e+02
  -7.2235474e+02
  -7.2005164e+02
  -7.2208323e+02
  -7.1945471e+02
  -7.2208370e+02
  -7.2506937e+02
  -7.2253672e+02
  -7.2436082e+02
  -7.2529605e+02
  -7.2500044e+02
  -7.2659001e+02
  -7.2538087e+02
  -7.2681527e+02
  -7.2654823e+02
  -7.2734922e+02
  -7.2864503e+02
  -7.2787546e+02
  -7.2946649e+02
  -7.3043628e+02
  -7.3042625e+02
  -7.3210660e+02
  -7.3078333e+02
  -7.3232781e+02
  -7.3215684e+02
  -7.3295989e+02
  -7.3445241e+02
  -7.3397081e+02
  -7.3500655e+02
  -7.3543690e+02
  -7.3556704e+02
  -7.3728117e+02
  -7.3621664e+02
  -7.3788762e+02
  -7.3981777e+02
  -7.3716004e+02
  -7.3963852e+02
  -7.3764212e+02
  -7.4015883e+02
  -7.4191690e+02
  -7.4264437e+02
  -7.4324286e+02
  -7.4462317e+02
  -7.4375981e+02
  -7.4500215e+02
  -7.4567255e+02
  -7.4615727e+02
  -7.4757913e+02
  -7.4655777e+02
  -7.4846738e+02
  -7.5062741e+02
  -7.4984283e+02
  -7.5147667e+02
  -7.5351090e+02
  -7.5095836e+02
  -7.4798079e+02
  -7.5040665e+02
  -7.5230845e+02
  -7.5108566e+02
  -7.5275518e+02
  -7.5113142e+02
  -7.5303434e+02
  -7.5525727e+02
  -7.5223860e+02
  -7.4948913e+02
  -7.5205774e+02
  -7.5434944e+02
  -7.5239774e+02
  -7.4990807e+02
  -7.5235012e+02
  -7.5450384e+02
  -7.5735003e+02
  -7.5421687e+02
  -7.5167798e+02
  -7.5412499e+02
  -7.5724493e+02
  -7.6006557e+02
  -7.5709505e+02
  -7.5940005e+02
  -7.5764266e+02
  -7.6000497e+02
  -7.6212853e+02
  -7.6477171e+02
  -7.6305108e+02
  -7.6505799e+02
  -7.6788698e+02
  -7.6547423e+02
  -7.6816312e+02
  -7.6518772e+02
  -7.6747765e+02
  -7.7036267e+02
  -7.6767649e+02
  -7.7001449e+02
  -7.6831412e+02
  -7.7029443e+02
  -7.7158022e+02
  -7.7115536e+02
  -7.7267371e+02
  -7.7171554e+02
  -7.7343108e+02
  -7.7551131e+02
  -7.7348060e+02
  -7.7567827e+02
  -7.7700223e+02
  -7.7633551e+02
  -7.7798243e+02
  -7.7928671e+02
  -7.7854628e+02
  -7.8076230e+02
  -7.7786795e+02
  -7.7976748e+02
  -7.7941123e+02
  -7.8114008e+02
  -7.8369142e+02
  -7.8083392e+02
  -7.8326224e+02
  -7.8576214e+02
  -7.8375293e+02
  -7.8612620e+02
  -7.8323022e+02
  -7.8522638e+02
  -7.8405174e+02
  -7.8580384e+02
  -7.8770408e+02
  -7.8536766e+02
  -7.8783371e+02
  -7.8616447e+02
  -7.8816502e+02
  -7.9032487e+02
  -7.8866634e+02
  -7.9084462e+02
  -7.8774142e+02
  -7.9035457e+02
  -7.8957673e+02
  -7.9137800e+02
  -7.9356714e+02
  -7.9660816e+02
  -7.9897102e+02
  -8.0068393e+02
  -7.9991127e+02
  -8.0269025e+02
  -7.9977454e+02
  -8.0159336e+02
  -8.0283619e+02
  -8.0208695e+02
  -8.0378652e+02
  -8.0348901e+02
  -8.0474054e+02
  -8.0611915e+02
  -8.0570402e+02
  -8.0717505e+02
  -8.0777786e+02
  -8.0787203e+02
  -8.0951364e+02
  -8.0737289e+02
  -8.0956329e+02
  -8.1145516e+02
  -8.1004366e+02
  -8.1209380e+02
  -8.0923547e+02
  -8.0645238e+02
  -8.0883909e+02
  -8.1158940e+02
  -8.1464870e+02
  -8.1212870e+02
  -8.1480413e+02
  -8.1741071e+02
  -8.1464875e+02
  -8.1739839e+02
  -8.2000596e+02
  -8.1828207e+02
  -8.2024638e+02
  -8.2190284e+02
  -8.2130119e+02
  -8.2317402e+02
  -8.2615423e+02
  -8.2928628e+02
  -8.3180497e+02
  -8.2898260e+02
  -8.3170772e+02
  -8.3438329e+02
  -8.3152313e+02
  -8.3384368e+02
  -8.3130007e+02
  -8.3404665e+02
  -8.3652163e+02
  -8.3397739e+02
  -8.3104148e+02
  -8.3350367e+02
  -8.3605552e+02
  -8.3347739e+02
  -8.3620418e+02
  -8.3875084e+02
  -8.3657690e+02
  -8.3894720e+02
  -8.3685527e+02
  -8.3908246e+02
  -8.4092852e+02
  -8.3976549e+02
  -8.4171311e+02
  -8.4383629e+02
  -8.4234136e+02
  -8.4416106e+02
  -8.4477353e+02
  -8.4512840e+02
  -8.4638829e+02
  -8.4586494e+02
  -8.4715075e+02
  -8.4840013e+02
  -8.4800132e+02
  -8.4972944e+02
  -8.5149416e+02
  -8.5055191e+02
  -8.5233687e+02
  -8.5457034e+02
  -8.5235690e+02
  -8.5397171e+02
  -8.5409736e+02
  -8.5511585e+02
  -8.5770579e+02
  -8.5538336e+02
  -8.5721949e+02
  -8.5564147e+02
  -8.5746539e+02
  -8.5903825e+02
  -8.5788548e+02
  -8.5915028e+02
  -8.5858818e+02
  -8.6032646e+02
  -8.5723014e+02
  -8.6036275e+02
  -8.6246982e+02
  -8.5949956e+02
  -8.6238650e+02
  -8.6291313e+02
  -8.6295359e+02
  -8.6458574e+02
  -8.6396591e+02
  -8.6518773e+02
  -8.6678370e+02
  -8.6568488e+02
  -8.6750656e+02
  -8.6443978e+02
  -8.6173739e+02
  -8.6358263e+02
  -8.6266614e+02
  -8.6428005e+02
  -8.6661641e+02
  -8.6956714e+02
  -8.7154382e+02
  -8.7014627e+02
  -8.7165286e+02
  -8.7068978e+02
  -8.7243459e+02
  -8.6939816e+02
  -8.7231244e+02
  -8.7478498e+02
  -8.7783277e+02
  -8.7562500e+02
  -8.7758651e+02
  -8.7778272e+02
  -8.7869361e+02
  -8.8113511e+02
  -8.8334837e+02
  -8.8522374e+02
  -8.8397690e+02
  -8.8618901e+02
  -8.8366317e+02
  -8.8579604e+02
  -8.8787040e+02
  -8.8681084e+02
  -8.8870994e+02
  -8.9002876e+02
  -8.8951472e+02
  -8.9104865e+02
  -8.9087782e+02
  -8.9194279e+02
  -8.9451536e+02
  -8.9162751e+02
  -8.8905942e+02
  -8.9125351e+02
  -8.8851708e+02
  -8.9080463e+02
  -8.8825051e+02
  -8.9056198e+02
  -8.9245508e+02
  -8.9089268e+02
  -8.9278880e+02
  -8.9462784e+02
  -8.9384594e+02
  -8.9609813e+02
  -8.9917870e+02
  -9.0185420e+02
  -9.0358914e+02
  -9.0300084e+02
  -9.0488258e+02
  -9.0774594e+02
  -9.1000313e+02
  -9.0846352e+02
  -9.1023093e+02
  -9.0901325e+02
  -9.1060997e+02
  -9.1187120e+02
  -9.1153569e+02
  -9.1318119e+02
  -9.1466915e+02
  -9.1418496e+02
  -9.1599621e+02
  -9.1894543e+02
  -9.2163266e+02
  -9.2325455e+02
  -9.2297417e+02
  -9.2514886e+02
  -9.2772990e+02
  -9.3029876e+02
  -9.2772251e+02
  -9.2985491e+02
  -9.3143208e+02
  -9.3106822e+02
  -9.3271322e+02
  -9.3410561e+02
  -9.3338436e+02
  -9.3531426e+02
  -9.3360525e+02
  -9.3533640e+02
  -9.3680794e+02
  -9.3580582e+02
  -9.3740256e+02
  -9.3682148e+02
  -9.3822165e+02
  -9.3970879e+02
  -9.3889779e+02
  -9.4062115e+02
  -9.3805568e+02
  -9.4046988e+02
  -9.4184715e+02
  -9.4154092e+02
  -9.4328562e+02
  -9.4532210e+02
  -9.4325726e+02
  -9.4633575e+02
  -9.4321758e+02
  -9.4477132e+02
  -9.4450386e+02
  -9.4586211e+02
  -9.4718168e+02
  -9.4617268e+02
  -9.4782577e+02
  -9.4656723e+02
  -9.4873741e+02
  -9.5143019e+02
  -9.5397226e+02
  -9.5675988e+02
  -9.5877835e+02
  -9.5785453e+02
  -9.5945311e+02
  -9.5985401e+02
  -9.5990114e+02
  -9.6207448e+02
  -9.5975931e+02
  -9.6250534e+02
  -9.6555233e+02
  -9.6349812e+02
  -9.6569885e+02
  -9.6757230e+02
  -9.6557533e+02
  -9.6787159e+02
  -9.6541680e+02
  -9.6762980e+02
  -9.7040173e+02
  -9.6748485e+02
  -9.6983962e+02
  -9.6839856e+02
  -9.7075553e+02
  -9.7278643e+02
  -9.7050269e+02
  -9.7281845e+02
  -9.7494666e+02
  -9.7301328e+02
  -9.7517735e+02
  -9.7350219e+02
  -9.7550712e+02
  -9.7760092e+02
  -9.7624885e+02
  -9.7837144e+02
  -9.7531605e+02
  -9.7219801e+02
  -9.7433234e+02
  -9.7693764e+02
  -9.7422597e+02
  -9.7654210e+02
  -9.7500752e+02
  -9.7693836e+02
  -9.7864552e+02
  -9.7750637e+02
  -9.7919319e+02
  -9.8054879e+02
  -9.8024904e+02
  -9.8172138e+02
  -9.8221190e+02
  -9.8306292e+02
  -9.8440415e+02
  -9.8373911e+02
  -9.8513784e+02
  -9.8649620e+02
  -9.8600905e+02
  -9.8785953e+02
  -9.8539411e+02
  -9.8805898e+02
  -9.9056409e+02
  -9.8755250e+02
  -9.9052501e+02
  -9.8840034e+02
  -9.9055280e+02
  -9.9354072e+02
  -9.9642047e+02
  -9.9917795e+02
  -1.0021127e+03
  -1.0039576e+03
  -1.0034036e+03
  -1.0049931e+03
  -1.0020777e+03
  -1.0046191e+03
  -1.0071747e+03
  -1.0052026e+03
  -1.0076653e+03
  -1.0104554e+03
  -1.0133408e+03
  -1.0159737e+03
  -1.0132327e+03
  -1.0162078e+03
  -1.0191042e+03
  -1.0160065e+03
  -1.0134023e+03
  -1.0159047e+03
  -1.0183768e+03
  -1.0153792e+03
  -1.0125826e+03
  -1.0152960e+03
  -1.0180178e+03
  -1.0211206e+03
  -1.0241360e+03
  -1.0272579e+03
  -1.0292426e+03
  -1.0273371e+03
  -1.0291870e+03
  -1.0298797e+03
  -1.0303742e+03
  -1.0322191e+03
  -1.0352740e+03
  -1.0328950e+03
  -1.0351984e+03
  -1.0331586e+03
  -1.0350466e+03
  -1.0364079e+03
  -1.0359626e+03
  -1.0375774e+03
  -1.0357979e+03
  -1.0374681e+03
  -1.0387169e+03
  -1.0391207e+03
  -1.0404239e+03
  -1.0411413e+03
  -1.0414044e+03
  -1.0431635e+03
  -1.0410080e+03
  -1.0434180e+03
  -1.0452427e+03
  -1.0446313e+03
  -1.0461238e+03
  -1.0485500e+03
  -1.0459275e+03
  -1.0489683e+03
  -1.0458873e+03
  -1.0484359e+03
  -1.0508290e+03
  -1.0510404e+03
  -1.0519982e+03
  -1.0534707e+03
  -1.0533196e+03
  -1.0545090e+03
  -1.0563388e+03
  -1.0542841e+03
  -1.0572472e+03
  -1.0593711e+03
  -1.0570543e+03
  -1.0593650e+03
  -1.0611562e+03
  -1.0600661e+03
  -1.0620155e+03
  -1.0591380e+03
  -1.0561685e+03
  -1.0583532e+03
  -1.0563974e+03
  -1.0584176e+03
  -1.0599882e+03
  -1.0591440e+03
  -1.0608870e+03
  -1.0577948e+03
  -1.0605076e+03
  -1.0583151e+03
  -1.0603473e+03
  -1.0620588e+03
  -1.0607383e+03
  -1.0625040e+03
  -1.0627383e+03
  -1.0633643e+03
  -1.0658112e+03
  -1.0635409e+03
  -1.0653369e+03
  -1.0652677e+03
  -1.0658535e+03
  -1.0665282e+03
  -1.0665678e+03
  -1.0682036e+03
  -1.0699957e+03
  -1.0689313e+03
  -1.0710881e+03
  -1.0739883e+03
  -1.0710944e+03
  -1.0732593e+03
  -1.0710476e+03
  -1.0731764e+03
  -1.0762819e+03
  -1.0732714e+03
  -1.0750463e+03
  -1.0738996e+03
  -1.0760290e+03
  -1.0783835e+03
  -1.0775041e+03
  -1.0794486e+03
  -1.0814223e+03
  -1.0788401e+03
  -1.0817969e+03
  -1.0838124e+03
  -1.0819257e+03
  -1.0842825e+03
  -1.0863016e+03
  -1.0845864e+03
  -1.0866965e+03
  -1.0839432e+03
  -1.0859523e+03
  -1.0860339e+03
  -1.0868814e+03
  -1.0881853e+03
  -1.0885591e+03
  -1.0896433e+03
  -1.0909496e+03
  -1.0901344e+03
  -1.0916421e+03
  -1.0900809e+03
  -1.0916924e+03
  -1.0928326e+03
  -1.0922858e+03
  -1.0937877e+03
  -1.0926976e+03
  -1.0940649e+03
  -1.0948218e+03
  -1.0948791e+03
  -1.0962749e+03
  -1.0957968e+03
  -1.0964888e+03
  -1.0970148e+03
  -1.0975971e+03
  -1.0987042e+03
  -1.0986027e+03
  -1.0995915e+03
  -1.1008314e+03
  -1.1006764e+03
  -1.1017189e+03
  -1.1024712e+03
  -1.1025867e+03
  -1.1036621e+03
  -1.1040737e+03
  -1.1048156e+03
  -1.1058417e+03
  -1.1064269e+03
  -1.1073577e+03
  -1.1063526e+03
  -1.1075630e+03
  -1.1090802e+03
  -1.1101997e+03
  -1.1098337e+03
  -1.1110279e+03
  -1.1108559e+03
  -1.1122799e+03
  -1.1144448e+03
  -1.1120254e+03
  -1.1099848e+03
  -1.1123711e+03
  -1.1149867e+03
  -1.1127316e+03
  -1.1150264e+03
  -1.1120055e+03
  -1.1146955e+03
  -1.1167940e+03
  -1.1141680e+03
  -1.1165652e+03
  -1.1173502e+03
  -1.1173197e+03
  -1.1187445e+03
  -1.1190920e+03
  -1.1204058e+03
  -1.1222678e+03
  -1.1205610e+03
  -1.1227548e+03
  -1.1252542e+03
  -1.1274993e+03
  -1.1271392e+03
  -1.1286136e+03
  -1.1255988e+03
  -1.1278442e+03
  -1.1293095e+03
  -1.1292129e+03
  -1.1306771e+03
  -1.1328737e+03
  -1.1303717e+03
  -1.1279961e+03
  -1.1303159e+03
  -1.1276981e+03
  -1.1297349e+03
  -1.1280151e+03
  -1.1305037e+03
  -1.1336394e+03
  -1.1358671e+03
  -1.1373100e+03
  -1.1367327e+03
  -1.1385249e+03
  -1.1410079e+03
  -1.1383839e+03
  -1.1401610e+03
  -1.1392356e+03
  -1.1412210e+03
  -1.1384679e+03
  -1.1407553e+03
  -1.1435740e+03
  -1.1406178e+03
  -1.1378686e+03
  -1.1403449e+03
  -1.1415784e+03
  -1.1411790e+03
  -1.1424177e+03
  -1.1434961e+03
  -1.1446548e+03
  -1.1461874e+03
  -1.1432582e+03
  -1.1458453e+03
  -1.1471582e+03
  -1.1475066e+03
  -1.1482498e+03
  -1.1489684e+03
  -1.1492832e+03
  -1.1501364e+03
  -1.1503875e+03
  -1.1512278e+03
  -1.1521857e+03
  -1.1523056e+03
  -1.1532159e+03
  -1.1537478e+03
  -1.1541332e+03
  -1.1550722e+03
  -1.1551083e+03
  -1.1561203e+03
  -1.1565881e+03
  -1.1565572e+03
  -1.1577871e+03
  -1.1577595e+03
  -1.1587294e+03
  -1.1590254e+03
  -1.1589873e+03
  -1.1603193e+03
  -1.1601424e+03
  -1.1610584e+03
  -1.1620043e+03
  -1.1615032e+03
  -1.1629441e+03
  -1.1627897e+03
  -1.1635323e+03
  -1.1643547e+03
  -1.1649960e+03
  -1.1663846e+03
  -1.1677329e+03
  -1.1673303e+03
  -1.1693330e+03
  -1.1724028e+03
  -1.1750352e+03
  -1.1719412e+03
  -1.1741478e+03
  -1.1751846e+03
  -1.1754432e+03
  -1.1771310e+03
  -1.1771510e+03
  -1.1779425e+03
  -1.1800264e+03
  -1.1778872e+03
  -1.1798800e+03
  -1.1772481e+03
  -1.1795775e+03
  -1.1809666e+03
  -1.1806790e+03
  -1.1822943e+03
  -1.1837074e+03
  -1.1829197e+03
  -1.1842859e+03
  -1.1835306e+03
  -1.1847681e+03
  -1.1851771e+03
  -1.1855462e+03
  -1.1869493e+03
  -1.1857850e+03
  -1.1874378e+03
  -1.1886972e+03
  -1.1884804e+03
  -1.1902390e+03
  -1.1914365e+03
  -1.1906989e+03
  -1.1921973e+03
  -1.1911371e+03
  -1.1926542e+03
  -1.1938118e+03
  -1.1929511e+03
  -1.1944878e+03
  -1.1942972e+03
  -1.1957216e+03
  -1.1973470e+03
  -1.1962891e+03
  -1.1978613e+03
  -1.1977354e+03
  -1.1983465e+03
  -1.1999272e+03
  -1.1986053e+03
  -1.2001141e+03
  -1.2010993e+03
  -1.2014050e+03
  -1.2031425e+03
  -1.2009032e+03
  -1.2030230e+03
  -1.2051476e+03
  -1.2031879e+03
  -1.2051939e+03
  -1.2027332e+03
  -1.2051784e+03
  -1.2029031e+03
  -1.2047792e+03
  -1.2057777e+03
  -1.2066586e+03
  -1.2083129e+03
  -1.2099289e+03
  -1.2104151e+03
  -1.2110842e+03
  -1.2124521e+03
  -1.2120774e+03
  -1.2139869e+03
  -1.2163926e+03
  -1.2193751e+03
  -1.2167662e+03
  -1.2194914e+03
  -1.2222718e+03
  -1.2191452e+03
  -1.2162756e+03
  -1.2181846e+03
  -1.2177184e+03
  -1.2191190e+03
  -1.2211273e+03
  -1.2221583e+03
  -1.2222646e+03
  -1.2241292e+03
  -1.2210624e+03
  -1.2240901e+03
  -1.2264042e+03
  -1.2240463e+03
  -1.2263250e+03
  -1.2245999e+03
  -1.2264894e+03
  -1.2281808e+03
  -1.2270580e+03
  -1.2288196e+03
  -1.2274326e+03
  -1.2291872e+03
  -1.2307161e+03
  -1.2302458e+03
  -1.2319691e+03
  -1.2335222e+03
  -1.2326144e+03
  -1.2342157e+03
  -1.2339706e+03
  -1.2346702e+03
  -1.2360659e+03
  -1.2350748e+03
  -1.2365660e+03
  -1.2350519e+03
  -1.2368403e+03
  -1.2398468e+03
  -1.2427789e+03
  -1.2448147e+03
  -1.2438099e+03
  -1.2462040e+03
  -1.2487003e+03
  -1.2458105e+03
  -1.2480350e+03
  -1.2466394e+03
  -1.2484538e+03
  -1.2503999e+03
  -1.2486226e+03
  -1.2504551e+03
  -1.2493272e+03
  -1.2510569e+03
  -1.2528909e+03
  -1.2514245e+03
  -1.2530929e+03
  -1.2543343e+03
  -1.2543179e+03
  -1.2556629e+03
  -1.2538472e+03
  -1.2556940e+03
  -1.2579414e+03
  -1.2554612e+03
  -1.2581183e+03
  -1.2550850e+03
  -1.2521811e+03
  -1.2547325e+03
  -1.2567118e+03
  -1.2552982e+03
  -1.2578875e+03
  -1.2551818e+03
  -1.2579672e+03
  -1.2607023e+03
  -1.2632289e+03
  -1.2601190e+03
  -1.2623351e+03
  -1.2629232e+03
  -1.2642543e+03
  -1.2661622e+03
  -1.2637460e+03
  -1.2661500e+03
  -1.2679319e+03
  -1.2664274e+03
  -1.2681567e+03
  -1.2701279e+03
  -1.2676342e+03
  -1.2664874e+03
  -1.2682393e+03
  -1.2654549e+03
  -1.2685632e+03
  -1.2707278e+03
  -1.2679074e+03
  -1.2709001e+03
  -1.2736496e+03
  -1.2759532e+03
  -1.2773333e+03
  -1.2771980e+03
  -1.2789084e+03
  -1.2798615e+03
  -1.2794131e+03
  -1.2812574e+03
  -1.2794360e+03
  -1.2812223e+03
  -1.2826391e+03
  -1.2828621e+03
  -1.2845258e+03
  -1.2824593e+03
  -1.2845177e+03
  -1.2855404e+03
  -1.2856623e+03
  -1.2868977e+03
  -1.2859298e+03
  -1.2872647e+03
  -1.2892139e+03
  -1.2874814e+03
  -1.2899750e+03
  -1.2928011e+03
  -1.2956738e+03
  -1.2984958e+03
  -1.2954295e+03
  -1.2927231e+03
  -1.2947155e+03
  -1.2975785e+03
  -1.2957381e+03
  -1.2981612e+03
  -1.2999133e+03
  -1.2990788e+03
  -1.3008512e+03
  -1.3038654e+03
  -1.3067349e+03
  -1.3036987e+03
  -1.3067368e+03
  -1.3042959e+03
  -1.3066713e+03
  -1.3088211e+03
  -1.3066838e+03
  -1.3087205e+03
  -1.3104472e+03
  -1.3092911e+03
  -1.3107578e+03
  -1.3104621e+03
  -1.3116239e+03
  -1.3128855e+03
  -1.3125673e+03
  -1.3140482e+03
  -1.3116416e+03
  -1.3140602e+03
  -1.3158755e+03
  -1.3145013e+03
  -1.3161819e+03
  -1.3171835e+03
  -1.3174037e+03
  -1.3188493e+03
  -1.3198123e+03
  -1.3201227e+03
  -1.3219200e+03
  -1.3248541e+03
  -1.3271873e+03
  -1.3275016e+03
  -1.3287666e+03
  -1.3306640e+03
  -1.3334458e+03
  -1.3365741e+03
  -1.3340081e+03
  -1.3361292e+03
  -1.3368386e+03
  -1.3371596e+03
  -1.3389018e+03
  -1.3388227e+03
  -1.3396535e+03
  -1.3411317e+03
  -1.3402560e+03
  -1.3416790e+03
  -1.3418732e+03
  -1.3423522e+03
  -1.3437256e+03
  -1.3431783e+03
  -1.3443038e+03
  -1.3426299e+03
  -1.3444514e+03
  -1.3464878e+03
  -1.3443880e+03
  -1.3467208e+03
  -1.3435940e+03
  -1.3411020e+03
  -1.3437830e+03
  -1.3461719e+03
  -1.3435825e+03
  -1.3405554e+03
  -1.3429461e+03
  -1.3453534e+03
  -1.3481012e+03
  -1.3458470e+03
  -1.3487261e+03
  -1.3460628e+03
  -1.3479560e+03
  -1.3479843e+03
  -1.3491955e+03
  -1.3516666e+03
  -1.3545793e+03
  -1.3565568e+03
  -1.3554396e+03
  -1.3571785e+03
  -1.3590186e+03
  -1.3575299e+03
  -1.3594180e+03
  -1.3570181e+03
  -1.3594762e+03
  -1.3612126e+03
  -1.3603700e+03
  -1.3621508e+03
  -1.3647070e+03
  -1.3625606e+03
  -1.3654367e+03
  -1.3678687e+03
  -1.3709838e+03
  -1.3730695e+03
  -1.3721783e+03
  -1.3735902e+03
  -1.3740655e+03
  -1.3747204e+03
  -1.3765223e+03
  -1.3783809e+03
  -1.3783978e+03
  -1.3788532e+03
  -1.3798799e+03
  -1.3800016e+03
  -1.3812137e+03
  -1.3817896e+03
  -1.3820223e+03
  -1.3836760e+03
  -1.3828472e+03
  -1.3843222e+03
  -1.3852474e+03
  -1.3857234e+03
  -1.3870218e+03
  -1.3866985e+03
  -1.3874382e+03
  -1.3889306e+03
  -1.3874714e+03
  -1.3889483e+03
  -1.3893193e+03
  -1.3899274e+03
  -1.3913822e+03
  -1.3906116e+03
  -1.3920032e+03
  -1.3922907e+03
  -1.3922877e+03
  -1.3934168e+03
  -1.3931651e+03
  -1.3946495e+03
  -1.3974518e+03
  -1.3946525e+03
  -1.3977009e+03
  -1.3946197e+03
  -1.3966704e+03
  -1.3946064e+03
  -1.3970888e+03
  -1.3987844e+03
  -1.3992945e+03
  -1.4001119e+03
  -1.4016227e+03
  -1.4007277e+03
  -1.4026345e+03
  -1.4056045e+03
  -1.4083046e+03
  -1.4112442e+03
  -1.4081689e+03
  -1.4051496e+03
  -1.4082669e+03
  -1.4101390e+03
  -1.4094525e+03
  -1.4112048e+03
  -1.4134843e+03
  -1.4110926e+03
  -1.4133712e+03
  -1.4108620e+03
  -1.4132756e+03
  -1.4153129e+03
  -1.4141268e+03
  -1.4161550e+03
  -1.4188620e+03
  -1.4162678e+03
  -1.4179725e+03
  -1.4181219e+03
  -1.4190950e+03
  -1.4203206e+03
  -1.4195509e+03
  -1.4212549e+03
  -1.4229337e+03
  -1.4215727e+03
  -1.4233277e+03
  -1.4216968e+03
  -1.4234207e+03
  -1.4249096e+03
  -1.4237513e+03
  -1.4261559e+03
  -1.4235141e+03
  -1.4217435e+03
  -1.4239230e+03
  -1.4258446e+03
  -1.4287217e+03
  -1.4260487e+03
  -1.4286210e+03
  -1.4312851e+03
  -1.4289395e+03
  -1.4306631e+03
  -1.4297495e+03
  -1.4313030e+03
  -1.4327812e+03
  -1.4323331e+03
  -1.4345502e+03
  -1.4374206e+03
  -1.4395657e+03
  -1.4416520e+03
  -1.4400467e+03
  -1.4416187e+03
  -1.4417786e+03
  -1.4425787e+03
  -1.4429171e+03
  -1.4435992e+03
  -1.4453735e+03
  -1.4477428e+03
  -1.4456241e+03
  -1.4474070e+03
  -1.4482313e+03
  -1.4487190e+03
  -1.4499135e+03
  -1.4500780e+03
  -1.4513965e+03
  -1.4532593e+03
  -1.4505705e+03
  -1.4535818e+03
  -1.4560832e+03
  -1.4532357e+03
  -1.4556775e+03
  -1.4535727e+03
  -1.4553077e+03
  -1.4538792e+03
  -1.4555723e+03
  -1.4534181e+03
  -1.4556167e+03
  -1.4582505e+03
  -1.4555079e+03
  -1.4574807e+03
  -1.4598888e+03
  -1.4604609e+03
  -1.4616819e+03
  -1.4641305e+03
  -1.4669704e+03
  -1.4688748e+03
  -1.4677456e+03
  -1.4695014e+03
  -1.4670405e+03
  -1.4697376e+03
  -1.4724485e+03
