0 6.389247 3.1415927
24000 -2.9795 2.24316393
47999.999 -22.06775 2.05322223
71999.999 -18.090273 4.603509
95999.998 -31.1203034 3.0707908
120000 -21.089477 7.0868588
144000 -24.034981 6.9283893
168000 -25.814924 8.2526828
192000 -24.182273 8.8308906
216000 -21.082952 9.5390913
240000 -19.351684 9.57751877
264000 -23.591508 9.50941775
288000 -24.133772 11.22945891
311999.99 -17.747597 11.02257272
335999.99 -17.275962 10.7864138
359999.99 -25.8754399 10.5547207
383999.99 -22.585376 12.1118411
407999.99 -20.777076 12.7625437
431999.99 -14.808726 13.1898664
455999.99 -11.914868 13.4106995
479999.99 -7.396797 13.2397259
503999.99 -11.036223 13.0607533
527999.99 -12.59132 13.8741049
551999.99 -8.886333 14.0751287
575999.99 -9.381684 14.1894063
599999.99 -9.671318 14.4978953
623999.99 -10.053511 14.851925
647999.99 -8.88267 15.2829199
671999.99 -7.800879 15.5588645
695999.99 -5.754464 15.993385
719999.99 -1.719029 16.0310229
743999.99 -0.389510000000001 15.7691671
767999.99 -2.547105 15.434727
791999.99 -11.072554 15.311793
815999.99 -12.562994 17.154765
839999.99 -7.053472 17.196755
863999.99 -6.879232 17.219971
887999.99 -7.476107 17.423981
911999.98 -7.8683 17.631326
935999.98 -8.811221 17.864477
959999.98 -9.641365 18.154726
983999.98 -10.531336 18.462504
1008000 -11.00952 18.835979
1032000 -10.827284 19.131904
1056000 -11.478112 19.364178
1080000 -12.698978 19.684739
1104000 -13.572116 20.068145
1128000 -14.099337 20.482259
1152000 -13.965904 20.88083
1176000 -13.915303 21.20205
1200000 -14.480388 21.539412
1224000 -14.878968 21.958461
1248000 -14.612822 22.361077
1272000 -14.58383 22.727975
1296000 -14.389286 23.158471
1320000 -13.451853 23.512745
1344000 -13.581509 23.805985
1368000 -13.887035 24.27845
1392000 -12.367192 24.729679
1416000 -10.989045 25.026491
1440000 -10.388437 25.298118
1464000 -10.416261 25.656433
1488000 -9.12908 26.144807
1512000 -6.657503 26.455615
1536000 -4.865123 26.693705
1560000 -2.809556 26.913034
1584000 -0.782333999999999 27.04253
1608000 1.080702 27.094187
1632000 2.226769 27.016634
1656000 1.711966 26.916846
1680000 0.435412999999997 26.9087
1704000 -1.28015 26.902325
1728000 -4.175196 26.992762
1752000 -6.489135 27.238006
1776000 -8.832078 27.435936
1800000 -11.284891 27.815729
1824000 -12.191365 28.061025
1848000 -15.9722 28.297953
1872000 -17.851417 28.876335
1896000 -20.297239 29.159266
1920000 -22.068568 29.953903
1944000 -21.54877 30.106588
1968000 -29.1697552 30.646535
1992000 -25.098999 31.644816
2016000 -25.628332 31.998272
2040000 -23.106625 32.443739
2064000 -24.694081 32.349071
2088000 -29.505171 33.286886
2112000 -25.51457 33.395708
2136000 -39.791179 33.429394
2160000 -26.054843 35.185827
2184000 -27.5794904 34.616219
2208000 -35.02194332 36.432144
2232000 -29.6786703 36.028493
2256000 -41.9861563 38.879294
2280000 -31.4000383 37.721642
2304000 -33.6410979 41.513059
2328000 -27.3839589 40.256862
2352000 -48.822003 38.790809
2376000 -27.6264897 42.752248
2400000 -20.643521 43.348066
2424000 -13.196617 43.276917
2448000 -10.68605 43.033528
2472000 -11.136649 42.969913
2496000 -11.503311 43.098285
2520000 -12.342304 43.161498
2544000 -14.409069 43.395237
2568000 -14.825006 43.646314
2592000 -17.140847 43.762253
2616000 -19.061417 44.232887
2640000 -19.244702 44.262009
2664000 -26.2114257 44.148881
2688000 -29.788958 45.414275
2712000 -30.8397665 45.085101
2736000 -41.0665351 46.328646
2760000 -28.5379907 45.485743
2784000 -23.688587 44.489884
2808000 -24.1627162 44.199313
2832000 -22.5881407 44.685859
2856000 -21.6265081 44.841156
2880000 -19.508733 45.937646
2904000 -11.81742 46.091341
2928000 -10.492279 46.339363
2952000 -3.724159 47.165463
2976000 8.583348 47.556764
2999999.9 9.287821 44.331561
3023999.9 1.810583 44.967823
3047999.9 -0.915891999999999 45.474932
3071999.9 -0.798705999999999 45.934093
3095999.9 -0.715970000000002 46.231365
3119999.9 -0.310794999999999 46.652078
3143999.9 1.87664 46.976481
3167999.9 4.006325 47.193507
3191999.9 7.268379 47.361846
3215999.9 11.183204 47.219599
3239999.9 12.896319 46.787239
3263999.9 12.334149 46.300298
3287999.9 9.097296 45.59103
3311999.9 -0.0445569999999975 44.926753
3335999.9 -13.001466 43.852835
3359999.9 -11.396873 42.53065
3383999.9 -8.600289 42.463997
3407999.9 -7.444924 42.47208
3431999.9 -8.069756 42.543501
3455999.9 -9.059811 42.705293
3479999.9 -10.83432 42.886514
3503999.9 -12.60155 43.248488
3527999.9 -13.355975 43.540384
3551999.9 -15.123486 43.854144
3575999.9 -16.066555 44.183252
3599999.9 -19.274182 44.476147
3623999.9 -20.261479 45.305575
3647999.9 -19.337555 45.560859
3671999.9 -21.213639 46.110548
3695999.9 -18.854394 46.456694
3719999.9 -21.216166 46.557953
3743999.9 -22.2057757 47.309488
3767999.9 -20.807753 47.515472
3791999.9 -22.7809051 47.972446
3815999.9 -21.305459 48.330993
3839999.9 -25.338313 48.607745
3863999.9 -22.9003396 49.66042
3887999.9 -21.2332244 49.783533
3911999.9 -21.84592 50.347973
3935999.9 -19.576558 50.633857
3959999.9 -20.6710291 51.01287
3983999.9 -17.596668 51.491776
4007999.9 -16.410347 51.525415
4031999.9 -16.306166 51.77608
4055999.9 -14.559055 51.768453
4079999.9 -16.652555 51.49528
4103999.9 -23.4995634 51.592922
4127999.9 -26.809834 51.968793
4151999.9 -36.7448761 49.795786
4175999.9 -25.1936853 48.435934
4199999.9 -30.942561 48.32708
4223999.9 -24.3492367 49.438856
4247999.9 -22.634914 48.92187
4271999.9 -35.91717 48.92675
4295999.9 -24.7446102 50.03835
4319999.9 -24.92452149 49.27737
4343999.9 -48.313036 50.96053
4367999.9 -26.19296911 50.60258
4391999.9 -30.8100554 49.89847
4415999.9 -31.3984135 51.7266
4439999.9 -28.7304889 50.76878
4463999.9 -32.9144951 54.51195
4487999.9 -26.6498956 52.75287
4511999.9 -30.4915614 50.90297
4535999.9 -26.8571852 54.95553
4559999.9 -26.7817281 53.54237
4583999.9 -38.22583 57.25142
4607999.9 -27.0797729 55.15756
4631999.9 -33.446364 54.31952
4655999.9 -26.7448533 56.40039
4679999.9 -24.8162918 55.93825
4703999.9 -27.3841629 57.26769
4727999.9 -20.1685026 57.21087
4751999.9 -24.2957791 57.58233
4775999.9 -16.8470852 58.38964
4799999.9 -15.127738 58.25154
4823999.9 -15.4180246 58.61149
4847999.9 -13.00397 58.56853
4871999.9 -18.6238364 58.09804
4895999.9 -22.4924205 60.83794
4919999.9 -15.7692862 60.42019
4943999.9 -18.9878085 60.92113
4967999.9 -14.3436343 61.37966
4991999.9 -15.5026335 61.28725
5015999.9 -19.3717239 61.92278
5039999.9 -19.2604438 62.14576
5063999.9 -27.7306827 62.91912
5087999.9 -21.9429369 63.53072
5111999.9 -33.792373 63.5885
5135999.9 -20.8693838 65.39954
5159999.9 -20.4553715 64.94621
5183999.9 -26.574998 65.98837
5207999.9 -18.4411524 66.2557
5231999.9 -19.4505125 66.17362
5255999.9 -20.3290203 66.66868
5279999.9 -21.4119391 66.82728
5303999.9 -23.5868037 67.93893
5327999.9 -18.2988372 68.17883
5351999.9 -20.03981 68.32365
5375999.9 -19.0568129 69.01956
5399999.9 -17.8037659 69.17762
5423999.9 -18.828425 69.70448
5447999.9 -15.754252 70.03881
5471999.9 -16.1036606 70.1793
5495999.9 -15.4852257 70.65029
5519999.9 -14.9282806 70.76176
5543999.9 -16.013867 71.48581
5567999.9 -10.680712 71.71425
5591999.9 -11.3644899 71.74004
5615999.9 -9.840042 72.27226
5639999.9 -6.987614 72.20037
5663999.9 -9.177915 72.05452
5687999.9 -12.2233197 72.37505
5711999.9 -13.7046916 72.61808
5735999.9 -15.5267375 73.27023
5759999.9 -12.2716181 73.48072
5783999.9 -15.88098185 73.42496
5807999.9 -14.8841342 74.49969
5831999.9 -11.9694983 74.35312
5855999.9 -20.5413955 74.48993
5879999.9 -15.6772518 75.58845
5903999.9 -20.908641 76.03333
5927999.9 -10.2561514 77.00088
5951999.9 -13.5751814 76.72778
5975999.9 -7.7145029 79.00161
5999999.9 2.518443667 78.60807
6023999.9 -6.5237895 77.61274
6047999.9 -9.1259637 81.77541
6071999.9 -19.7804349 81.22235
6095999.9 -6.2139014 83.51196
6119999.9 -8.9277332 82.67904
6143999.9 -25.0143195 83.40747
6167999.9 -9.9042488 83.82007
6191999.9 -14.0403717 82.74016
6215999.9 -19.3579869 86.66352
6239999.9 -17.0351204 85.16562
6263999.9 -28.603614 87.46158
6287999.9 -15.6191702 86.51809
6311999.9 -17.8683807 85.49742
6335999.9 -35.54267 87.0302
6359999.9 -20.7556843 86.41974
6383999.9 -25.37203 84.97397
6407999.9 -23.1805279 88.06025
6431999.9 -21.1915583 86.80787
6455999.9 -28.506577 90.28431
6479999.9 -20.5437182 88.31542
6503999.9 -22.255776 86.77718
6527999.9 -23.332597 90.60296
6551999.9 -21.505802 88.55197
6575999.9 -21.6510235 87.15578
6599999.9 -55.952659 85.90753
6623999.9 -21.265294 87.87978
6647999.9 -18.840724 86.61485
6671999.9 -20.1513944 85.12958
6695999.9 -37.547317 83.54032
6719999.9 -25.395054 86.31571
6743999.9 -36.315257 89.47148
6767999.9 -18.0638475 87.71673
6791999.9 -18.2667557 86.71321
6815999.9 -26.629402 90.39857
6839999.9 -18.7646215 88.38237
6863999.9 -19.7332216 87.12551
6887999.9 -33.211916 85.08404
6911999.9 -22.2075614 88.32098
6935999.9 -24.244128 87.61718
6959999.9 -21.2585418 89.03239
6983999.9 -16.22429 88.29354
7007999.9 -20.5344195 87.13859
7031999.9 -24.306733 90.88616
7055999.9 -26.818781 88.81115
7079999.9 -26.196621 92.90283
7103999.9 -25.695234 96.09356
7127999.9 -17.4006999 94.6121
7151999.9 -22.844816 93.39839
7175999.9 -15.3133686 96.49581
7199999.9 -12.6616881 95.66864
7223999.9 -17.038543 95.80624
7247999.9 -11.1068494 96.17681
7271999.9 -11.2327554 95.67895
7295999.9 -18.0566191 96.1395
7319999.9 -10.7537822 96.67522
7343999.9 -14.099614 96.22058
7367999.9 -20.0907126 97.98448
7391999.9 -12.8409107 97.70763
7415999.9 -24.100671 97.33533
7439999.9 -16.8779339 98.93769
7463999.9 -14.898626 98.0472
7487999.9 -23.750242 96.52297
7511999.9 -22.2268744 99.84447
7535999.9 -18.1645564 98.46129
7559999.9 -23.721108 97.41621
7583999.9 -23.8507187 98.36776
7607999.9 -17.0795345 97.75605
7631999.9 -22.3228443 96.93271
7655999.9 -19.4954747 99.20786
7679999.9 -12.20668351 98.56933
7703999.9 -15.7671915 97.94597
7727999.9 -20.5967159 99.03955
7751999.9 -16.2667968 98.70804
7775999.9 -36.21459 98.33707
7799999.9 -18.8415122 99.89256
7823999.9 -21.827158 99.04087
7847999.9 -22.792331 100.89005
7871999.9 -16.8387175 99.98705
7895999.9 -19.072659 98.62109
7919999.9 -23.870058 96.72624
7943999.9 -29.74075 97.98498
7967999.9 -15.52724 97.47192
7991999.9 -16.8149643 96.55281
8015999.9 -28.608102 98.92564
8039999.9 -15.4288581 98.03703
8063999.9 -18.934092 96.94713
8087999.9 -44.717259 98.26972
8111999.9 -20.6865463 97.52774
8135999.9 -20.0567672 95.9566
8159999.9 -23.213819 100.12223
8183999.9 -18.6928772 98.12662
8207999.9 -18.1201601 96.42787
8231999.9 -22.678428 95.33827
8255999.9 -24.279265 96.67121
8279999.9 -17.3739067 95.9389
8303999.9 -25.190622 94.81136
8327999.9 -21.297119 98.07506
8351999.9 -20.7151228 96.83026
8375999.9 -38.25857 94.80862
8399999.9 -27.073644 97.89509
8423999.9 -24.419113 95.75678
8447999.9 -22.874936 93.88522
8471999.9 -22.939246 92.13553
8495999.9 -23.239201 95.91271
8519999.9 -20.0343871 94.17438
8543999.9 -25.195947 92.59654
8567999.9 -22.372971 95.79272
8591999.9 -20.9880859 94.25387
8615999.9 -20.0238828 92.33081
8639999.9 -19.5477741 90.86624
8663999.9 -28.927241 90.09708
8687999.9 -25.306192 90.57365
8711999.9 -18.287508 89.27978
8735999.9 -19.3953091 88.05907
8759999.9 -22.886661 92.14233
8783999.9 -20.3198552 90.43287
8807999.9 -32.759272 93.28329
8831999.9 -16.9030527 92.11143
8855999.9 -19.9373897 91.47682
8879999.9 -20.2509619 92.51625
8903999.9 -14.2394221 91.9331
8927999.9 -17.9166498 90.82866
8951999.9 -22.4961201 93.49843
8975999.9 -13.9469721 92.57982
8999999.8 -20.7341186 91.86514
9023999.8 -20.3026696 93.71529
9047999.8 -20.9480169 92.97852
9071999.8 -19.3241074 95.71085
9095999.8 -15.4189351 94.72
9119999.8 -23.6636641 93.24133
9143999.8 -18.2662362 96.37722
9167999.8 -17.4941497 94.93715
9191999.8 -21.7068679 93.92603
9215999.8 -21.5077788 95.05325
9239999.8 -17.316251 94.05217
9263999.8 -18.3751601 92.42101
9287999.8 -16.1903713 90.23405
9311999.8 -15.5003355 88.47907
9335999.8 -18.0796696 87.28857
9359999.8 -23.8339098 90.29036
9383999.8 -19.0743223 88.82724
9407999.8 -20.4720362 92.1578
9431999.8 -11.8746932 90.83488
9455999.8 -21.7447895 89.05066
9479999.8 -12.4078316 93.18686
9503999.8 -13.2047542 92.50126
9527999.8 -16.8387493 93.48649
9551999.8 -13.6139235 93.10803
9575999.8 -18.0722714 90.88061
9599999.8 -11.7236489 88.94967
9623999.8 -14.0629578 88.2849000000001
9647999.8 -15.1682744 89.2514
9671999.8 -9.0031341 88.81034
9695999.8 -11.7352572 88.50241
9719999.8 -14.3513357 89.259
9743999.8 -12.5614224 89.09042
9767999.8 -28.134943 89.15666
9791999.8 -14.2296229 90.86788
9815999.8 -14.7559892 90.18583
9839999.8 -24.797099 90.41136
9863999.8 -18.7376372 90.81493
9887999.8 -22.093553 89.5454
9911999.8 -20.718433 93.30235
9935999.8 -17.3601573 92.0474
9959999.8 -32.83367 90.83514
9983999.8 -21.278252 93.29019
10008000 -21.616445 92.03645
10032000 -29.630873 95.89529
10056000 -27.759954 99.52035
10080000 -21.14594 97.6563
10104000 -25.88487 96.34669
10128000 -26.186418 98.95387
10152000 -20.7549832 97.8308500000001
10176000 -34.690934 96.48626
10200000 -23.943409 98.98488
10224000 -22.733839 97.63706
10248000 -26.274249 101.3832
10272000 -22.049128 99.68923
10296000 -27.271115 97.60652
10320000 -19.5162242 101.58196
10344000 -19.7462169 100.7875
10368000 -26.701571 101.53676
10392000 -19.8681022 101.469
10416000 -31.644084 100.8303
10440000 -19.2744292 103.06963
10464000 -19.1195438 102.23756
10488000 -27.021476 103.8232
10512000 -14.2409194 103.4331
10536000 -16.1335928 102.7352
10560000 -25.585104 103.6082
10584000 -19.0990085 103.71484
10608000 -36.4116024 106.80251
10632000 -16.6190606 105.60465
10656000 -17.6115506 104.75296
10680000 -32.6376549 107.23432
10704000 -22.8103282 106.15175
10728000 -27.5150595 108.87345
10752000 -16.272098 107.48649
10776000 -18.9130539 106.6482
10800000 -23.04836 108.61282
10824000 -14.9020679 107.83003
10848000 -26.2761776 107.77426
10872000 -11.8542149 109.13394
10896000 -11.8528016 108.40257
10920000 -27.3692027 109.92489
10944000 -9.7083335 109.86295
10968000 -13.6830515 108.80089
10992000 -22.6329812 111.5931
11016000 -13.3223509 110.41915
11040000 -31.9085717 110.13002
11064000 -11.6467225 111.58938
11088000 -10.17063464 110.71338
11112000 -21.7533719 112.68428
11136000 -9.3801246 112.05274
11160000 -9.7119679 110.88549
11184000 -16.1901818 109.09146
11208000 -25.1864107 108.34592
11232000 -15.30587604 109.3508
11256000 -13.97432897 107.88279
11280000 -14.4259068 106.07843
11304000 -10.7019048 104.39874
11328000 -13.45415733 102.59257
11352000 -16.83127126 105.87954
11376000 -5.7339196 104.47265
11400000 -9.3723569 103.27788
11424000 -28.09728191 105.25958
11448000 -11.8777349 104.29417
11472000 -9.8710303 102.17942
11496000 -14.0420137 100.85415
11520000 -15.0726625 104.70742
11544000 -12.8040164 102.58494
11568000 -14.40570257 106.69135
11592000 -11.335961206 105.36351
11616000 -18.96463556 103.22918
11640000 -18.3836844 106.96292
11664000 -19.727710524 111.10257
11688000 -12.66967 108.74849
11712000 -14.00382395 106.83892
11736000 -10.27945331 105.12414
11760000 -9.35734628 103.34259
11784000 -16.2456821 102.04068
11808000 -15.968471281 103.71167
11832000 -8.06285496 102.69054
11856000 -18.74271792 102.01242
11880000 -10.10037505 104.37743
11904000 -8.52208922 103.54138
11928000 -17.8729957 104.04258
11952000 -10.38639757 104.26965
11976000 -13.51140168 102.86418
12000000 -16.7922677 106.30473
12024000 -8.13680857 105.04505
12048000 -10.5380608 103.36649
12072000 -10.2805692 106.92919
12096000 -4.9856954 106.18985
12120000 -8.7321566 105.51938
12144000 -8.8083923 106.02122
12168000 -4.6182579 105.09393
12192000 -2.8590634 102.77782
12216000 -10.5583213 101.70881
12240000 -14.1569647 104.45653
12264000 4.867789 102.27094
12288000 -4.4897693 101.02125
12312000 -5.809687 105.9657
12336000 12.398622 104.96432
12360000 -11.848796 101.82361
12384000 -4.885143 105.82086
12408000 1.430096 105.26826
12432000 2.629673 103.3633
12456000 -8.0870105 106.66467
12480000 -2.9643741 106.0106
12504000 -11.3155103 104.77368
12528000 -8.1897125 106.85286
12552000 -7.0157956 105.89906
12576000 -5.0644879 103.83185
12600000 -7.723269 101.88899
12624000 -12.2136686 100.45501
12648000 -21.2217141 104.18002
12672000 -15.81666352 107.50758
12696000 -17.67812962 106.22981
12720000 -15.47995281 109.29491
12744000 -11.97311 107.62172
12768000 -11.1799807 106.29975
12792000 -10.60318942 104.97464
12816000 -19.517379 104.42173
12840000 -19.2755062 104.7045
12864000 -17.037866 103.14878
12888000 -18.9984816 101.31783
12912000 -19.0867004 99.29367
12936000 -15.5002748 97.80831
12960000 -29.1984506 97.54817
12984000 -18.038146 98.51621
13008000 -17.5777281 97.22213
13032000 -20.1326212 95.05686
13056000 -20.2667604 93.45966
13080000 -25.8640619 91.69191
13104000 -27.7264298 94.06512
13128000 -18.8029632 92.69374
13152000 -20.4500238 91.2366
13176000 -22.5814356 94.94611
13200000 -21.7598765 93.52543
13224000 -27.6073788 96.95863
13248000 -21.7093491 95.13263
13272000 -30.6482826 92.97945
13296000 -19.9974677 96.80135
13320000 -21.4585859 95.50053
13344000 -30.9700005 99.39602
13368000 -24.7061609 97.23199
13392000 -41.8496848 100.30488
13416000 -19.4987658 98.43465
13440000 -18.4241502 97.28991
13464000 -26.1531751 95.19919
13488000 -21.2261287 93.3677700000001
13512000 -28.2137761 92.66193
13536000 -24.6289017 94.06974
13560000 -25.2957592 93.34025
13584000 -26.5122016 95.72581
13608000 -18.7395681 94.6396100000001
13632000 -22.8833488 93.47319
13656000 -24.8243606 96.8135599999999
13680000 -22.746642 95.4508
13704000 -33.4202369 98.6474400000001
13728000 -21.1920951 97.18324
13752000 -31.3976839 96.9681800000001
13776000 -20.3214798 98.30307
13800000 -20.4905665 97.5632699999999
13824000 -28.6704465 98.9585299999999
13848000 -17.4212793 98.47583
13872000 -16.9961003 97.33181
13896000 -26.9206826 95.8487
13920000 -24.3026486 99.11598
13944000 -28.8161522 98.03653
13968000 -22.0792738 100.03714
13992000 -18.0120141 99.02509
14016000 -20.9839177 97.32535
14040000 -24.1801772 95.36516
14064000 -23.8345575 98.91812
14088000 -18.292572 97.58399
14112000 -26.5107976 97.44562
14136000 -19.9426272 98.22586
14160000 -19.9920003 96.94455
14184000 -20.0577286 94.9171899999999
14208000 -21.7216375 93.80335
14232000 -26.1165253 95.64093
14256000 -16.9231916 94.7127199999999
14280000 -18.3877335 93.6446
14304000 -30.2913565 91.6258099999999
14328000 -24.826191 94.67615
14352000 -20.0291266 92.70917
14376000 -15.7913537 91.1899599999999
14400000 -22.9750057 90.27197
14424000 -21.4246378 92.41447
14448000 -18.5568051 91.55762
14472000 -25.7635651 94.02145
14496000 -14.4952286 93.2595200000001
14520000 -14.1323819 92.50052
14544000 -19.2857456 92.48602
14568000 -15.2585937 92.42263
14592000 -15.9669265 91.32355
14616000 -18.547928 89.08221
14640000 -17.2850864 88.0313200000001
14664000 -21.9171392 88.66286
14688000 -15.6200999 88.56119
14712000 -19.9706643 87.3220000000001
14736000 -15.4096206 85.0995100000001
14760000 -20.7128096 84.05347
14784000 -19.1679789 86.22355
14808000 -12.9404757 85.29894
14832000 -19.1929668 84.02597
14856000 -25.0958426 85.96468
14880000 -13.1139862 84.82736
14904000 -14.4802197 83.62112
14928000 -26.7937162 82.2901
14952000 -24.0970497 84.76661
14976000 -19.9299205 82.81636
15000000 -21.933448 81.2544600000001
15024000 -21.2924772 85.01722
15048000 -22.6478293 82.88143
15072000 -16.0024311 86.74233
15096000 -12.89701368 85.6711
15120000 -30.8380356 84.57871
15144000 -18.3567708 87.10471
15168000 -34.47635496 85.4453199999999
15192000 -13.3445939 88.5627499999999
15216000 -11.9233216 87.92171
15240000 -16.7920119 87.9577200000001
15264000 -12.240564 88.18695
15288000 -11.9054489 87.65287
15312000 -23.0122746 86.77461
15336000 -18.296704 89.09127
15360000 -27.6708326 88.45998
15384000 -13.88126058 90.7249399999999
15408000 -14.51626625 89.46693
15432000 -18.1460545 92.8698200000001
15456000 -9.087406339 91.43893
15480000 -11.85718699 90.36522
15504000 -19.0772975 90.96735
15528000 -9.27088996 90.95586
15552000 -12.62819807 90.1627599999999
15576000 -19.58755723 92.2252100000001
15600000 -10.2973682 91.7354799999999
15624000 -18.60178896 90.9616300000001
15648000 -17.3679824 92.88555
15672000 -13.3641069 91.73486
15696000 -22.960216 95.6365
15720000 -13.197 99.3429399999999
15744000 -7.3721173 97.70381
15768000 -9.0876542 101.31571
15792000 -3.5516884 100.18917
15816000 -9.666492 98.8912999999999
15840000 -4.9516883 100.08429
15864000 -1.020838 99.60234
15888000 -23.160064 100.73862
15912000 -8.5024089 100.43129
15936000 -11.193629 99.0980000000001
15960000 -5.863683 101.51353
15984000 -9.7694543 100.46261
16008000 -11.626475 98.62234
16032000 -6.920572 100.46003
16056000 -4.5002007 99.28927
16080000 4.408347 97.6971
16104000 -3.2925681 95.68403
16128000 -15.0508576 97.0658199999999
16152000 0.5151539 96.30184
16176000 -4.1834805 95.183
16200000 -14.460775 94.17518
16224000 -12.9713182 96.5433399999999
16248000 -17.6179861 95.36733
16272000 -14.3944442 97.98876
16296000 -7.2622574 96.4762000000001
16320000 -13.07096015 95.3431
16344000 -25.94552818 93.9823600000001
16368000 -19.6764405 95.60412
16392000 -15.4214106 93.92868
16416000 -13.649845 92.71122
16440000 -17.8977997 91.33246
16464000 -27.2057409 93.57138
16488000 -18.6580101 92.3595899999999
16512000 -22.7854725 90.48046
16536000 -18.7036401 94.22397
16560000 -17.0870532 92.8929499999999
16584000 -25.3399003 90.97734
16608000 -23.1973922 94.62771
16632000 -31.8932868 92.6080000000001
16656000 -17.9622147 95.98031
16680000 -18.0824981 94.97437
16704000 -37.2391481 93.03507
16728000 -21.3327798 96.56321
16752000 -45.734398 96.42429
16776000 -17.3468375 97.98037
16800000 -16.3189498 96.95079
16824000 -26.4095357 95.79464
16848000 -30.3772668 97.69876
16872000 -21.2229697 95.9344599999999
16896000 -20.6762042 94.27007
16920000 -19.6516636 92.33524
16944000 -18.880103 90.5171800000001
16968000 -22.9696213 88.7343199999999
16992000 -30.5746823 92.54656
17016000 -20.0956667 95.9440000000001
17040000 -18.9081457 94.7130999999999
17064000 -26.9248808 92.9141100000001
17088000 -22.7855914 96.5253200000001
17112000 -29.5330991 100.35013
17136000 -18.6718823 98.44377
17160000 -21.1658889 97.5236000000001
17184000 -25.1298102 99.2673699999999
17208000 -17.5667831 98.62538
17232000 -24.0226439 97.84541
17256000 -23.7340623 99.59626
17280000 -19.9707866 98.87365
17304000 -43.0415717 102.39612
17328000 -21.4877698 100.36436
17352000 -27.0213097 98.96235
17376000 -19.529711 102.43456
17400000 -19.9584 101.5323
17424000 -31.8953502 103.52469
17448000 -18.6290419 102.88694
17472000 -29.1971054 102.45549
17496000 -19.9441439 104.07846
17520000 -17.8150868 103.1236
17544000 -31.7449698 101.4789
17568000 -20.8029348 104.73483
17592000 -23.2538411 103.66943
17616000 -27.0156263 106.13565
17640000 -20.2763575 105.41005
17664000 -30.4301866 105.75266
17688000 -19.7999361 106.22758
17712000 -20.5714631 105.15918
17736000 -22.2511547 102.87916
17760000 -21.9621995 101.47255
17784000 -34.4221676 101.70704
17808000 -20.3684043 101.91183
17832000 -19.1866564 100.8251
17856000 -25.0954624 99.62832
17880000 -30.9017575 102.00892
17904000 -23.6402973 100.2654
17928000 -22.5721375 98.6362899999999
17952000 -26.1043179 96.45021
17976000 -21.8317676 94.3112
18000000 -23.185308 93.0207300000001
18024000 -27.720581 95.9201700000001
18048000 -20.128925 94.49976
18072000 -21.7849561 93.31013
18096000 -36.2793673 91.6537500000001
18120000 -26.6394307 93.9357500000001
18144000 -24.7595944 92.61418
18168000 -28.2733748 96.4569300000001
18192000 -26.9393699 94.50814
18216000 -28.2326963 98.2357999999999
18240000 -22.1382035 96.36094
18264000 -24.4390843 94.5255000000001
18288000 -22.7921511 92.7249
18312000 -30.1749158 91.3531399999999
18336000 -27.3658594 93.6824399999999
18360000 -23.7624917 92.19325
18384000 -22.1280991 90.18082
18408000 -22.5365532 88.51956
18432000 -26.0722038 86.88996
18456000 -36.9938216 88.45564
18480000 -19.2772944 87.36829
18504000 -17.1347772 86.2156
18528000 -21.2415478 84.3168000000001
18552000 -19.7114011 82.2893299999999
18576000 -23.8176003 80.98337
18600000 -23.2871353 83.50905
18624000 -18.1595815 82.48519
18648000 -23.1014618 82.06195
18672000 -19.587109 82.80044
18696000 -16.8658759 82.08955
18720000 -21.606884 81.1092699999999
18744000 -26.2282496 83.7187399999999
18768000 -23.0628885 82.4196999999999
18792000 -27.7282024 85.13145
18816000 -14.2816379 83.9131599999999
18840000 -16.4117092 82.96911
18864000 -35.9044277 85.51278
18888000 -19.1472469 84.56606
18912000 -32.0885869 85.81142
18936000 -16.1738494 85.7939700000001
18960000 -17.708555 84.58785
18984000 -23.8416664 88.52889
19008000 -22.9034694 86.5888799999999
19032000 -23.48799818 90.21049
19056000 -19.76121001 94.12091
19080000 -14.35755183 92.47884
19104000 -15.6754173 90.9120799999999
19128000 -21.08643084 94.31996
19152000 -15.0937683 92.6851
19176000 -21.6444508 90.6942399999999
19200000 -15.62791359 94.14226
19224000 -11.2467573 93.00588
19248000 -19.0328042 91.92957
19272000 -18.61835181 93.4685900000001
19296000 -14.2106342 92.3021699999999
19320000 -10.6610207 90.08808
19344000 -11.3769483 88.6574900000001
19368000 -15.682808 87.00951
19392000 -12.7960262 90.71291
19416000 -20.7884707 89.07948
19440000 -15.3490373 92.50706
19464000 -12.4163208 90.61011
19488000 -23.6047081 93.1653200000001
19512000 -7.9595218 91.72366
19536000 -5.5262639 89.99467
19560000 -13.1492071 88.42894
19584000 -13.6909156 92.5999300000001
19608000 -15.0258664 95.1161499999999
19632000 -7.7790974 93.61307
19656000 -3.8431174 92.3321
19680000 -12.6300602 90.2661499999999
19704000 -16.8089249 93.05529
19728000 -6.549988 91.72847
19752000 -14.9315535 95.00647
19776000 -6.9958677 93.35217
19800000 -8.408797 92.17438
19824000 -9.8378658 94.45101
19848000 -7.4891858 93.69043
19872000 -11.526166 91.58464
19896000 -9.035053 94.8133
19920000 -10.3051047 93.40013
19944000 -16.069025 91.03712
19968000 -11.2629151 93.38623
19992000 -4.243046 92.4719
20016000 -8.298217 90.53543
20040000 -18.1605409 93.7849399999999
20064000 -12.9272235 91.69587
20088000 -12.2375864 89.38724
20112000 -13.925012 87.6285799999999
20136000 -12.1831948 85.82204
20160000 -12.8898609 83.6136899999999
20184000 -17.7463665 81.98446
20208000 -24.8338927 84.91826
20232000 -14.7430008 83.0263100000001
20256000 -17.7140778 81.48981
20280000 -19.2132124 85.50634
20304000 -18.9148074 89.25148
20328000 -15.88958213 87.5676500000001
20352000 -19.9597286 85.63149
20376000 -15.815033169 89.2849
20400000 -19.05883032 88.0869
20424000 -19.11342808 91.1311400000001
20448000 -14.29878314 89.53071
20472000 -19.1356988 87.97979
20496000 -21.9932019 85.96726
20520000 -25.2207339 89.4459800000001
20544000 -20.9505695 87.2499800000001
20568000 -17.6714529 85.5168600000001
20592000 -20.099073 84.19491
20616000 -29.9201103 86.1012900000001
20640000 -18.700392 85.0400500000001
20664000 -19.522363 83.3607000000001
20688000 -21.5080809 82.25651
20712000 -22.346939 83.4835200000001
20736000 -15.1994936 82.9966400000001
20760000 -22.810998 82.53329
20784000 -17.7558878 84.47405
20808000 -15.1040691 83.72362
20832000 -23.3491586 83.12447
20856000 -25.2014804 84.49981
20880000 -23.2128608 83.53435
20904000 -30.5207034 85.6999900000001
20928000 -16.182901 84.92446
20952000 -17.7149118 84.10023
20976000 -28.5089556 85.25587
21000000 -20.6031544 84.82336
21024000 -20.9320054 82.7327600000001
21048000 -18.9388367 81.25771
21072000 -25.5630291 79.54553
21096000 -28.9488153 83.20773
21120000 -23.0526179 86.34632
21144000 -16.6096548 85.1177300000001
21168000 -23.5786562 83.8078399999999
21192000 -23.5079327 87.05938
21216000 -23.1578336 85.3665999999999
21240000 -21.4848863 89.01057
21264000 -19.246793 87.50119
21288000 -21.1992255 85.68488
21312000 -25.5534769 89.43852
21336000 -22.1034341 87.4980400000001
21360000 -30.6162576 85.65493
21384000 -19.2604121 88.79292
21408000 -18.8325638 87.76279
21432000 -26.5841506 91.27264
21456000 -19.8664447 89.4889499999999
21480000 -38.3253935 87.55832
21504000 -16.3240912 91.04507
21528000 -15.3643396 90.0477500000001
21552000 -31.7244355 90.08542
21576000 -16.4019911 91.29581
21600000 -19.3406027 90.58059
21624000 -23.905079 92.81375
21648000 -18.0218298 92.3022299999999
21672000 -28.2720907 93.42674
21696000 -18.0048555 93.6424500000001
21720000 -24.3205374 93.28066
21744000 -19.1424377 94.89588
21768000 -17.0664335 94.30188
21792000 -27.9366557 94.23322
21816000 -19.4616201 95.08528
21840000 -21.5196866 94.4230600000001
21864000 -25.7274323 96.62996
21888000 -19.0400789 95.88208
21912000 -26.8395116 97.07859
21936000 -13.2905111 97.2032800000001
21960000 -15.4618809 96.4878
21984000 -27.0540546 97.96224
22008000 -18.5459992 97.8792100000001
22032000 -34.0539616 98.31565
22056000 -17.7677673 99.18994
22080000 -17.9020715 98.4369300000001
22104000 -26.2237891 100.37915
22128000 -14.7835375 99.72671
22152000 -16.6287968 98.76374
22176000 -25.2564141 102.27736
22200000 -20.3714226 100.77663
22224000 -44.3609222 103.71465
22248000 -17.345164 102.06396
22272000 -17.11236 101.30845
22296000 -23.4334674 101.51338
22320000 -17.3399736 101.75209
22344000 -21.0840072 101.36658
22368000 -20.2339807 103.1348
22392000 -15.0100508 102.69188
22416000 -19.4266113 103.02443
22440000 -14.54300581 103.47293
22464000 -19.2996689 102.89147
22488000 -24.7041542 105.00679
22512000 -16.5573907 104.09434
22536000 -18.64111166 102.68192
22560000 -38.9958139 104.46135
22584000 -16.47323489 103.82641
22608000 -17.81081209 102.57375
22632000 -26.88578347 106.10864
22656000 -18.097597683 110.08014
22680000 -12.9488412 108.4562
22704000 -16.39058276 107.54423
22728000 -25.76856821 109.74
22752000 -19.14349851 108.84681
22776000 -21.7336665 111.48213
22800000 -12.38019568 110.60081
22824000 -16.1270969 109.18451
22848000 -21.37864145 113.19616
22872000 -19.5540032 116.91625
22896000 -14.4633466 115.05728
22920000 -23.8613455 113.77566
22944000 -20.6557012 116.73465
22968000 -19.7288223 119.89805
22992000 -11.1165474 118.43618
23016000 -10.5836497 117.2449
23040000 -15.6082265 115.10613
23064000 -21.3213806 119.27719
23088000 -13.0425762 122.83565
23112000 -11.2420893 121.02139
23136000 -14.238995 118.91365
23160000 -12.9948557 117.0797
23184000 -11.7346671 120.74714
23208000 -11.003446 119.44487
23232000 -20.099013 121.97416
23256000 -6.9326983 120.20099
23280000 -8.0448435 119.25734
23304000 -20.436543 117.38983
23328000 -7.9024397 119.64993
23352000 -6.3916543 118.82971
23376000 -17.903138 116.4797
23400000 -9.5723237 119.40584
23424000 -13.4928204 117.89135
23448000 -6.498524 121.69902
23472000 -7.6032915 120.3033
23496000 -14.621181 118.52297
23520000 -9.756968 121.8735
23544000 -11.898584 120.32958
23568000 -13.343429 122.75915
23592000 -6.322487 121.22078
23616000 -14.4779637 121.03035
23640000 -5.156162 122.26548
23664000 -9.081932 121.31899
23688000 -13.6713384 123.50695
23712000 -3.835181 122.60612
23736000 -11.4647894 121.16326
23760000 -16.6695301 124.31985
23784000 -8.3790079 122.94386
23808000 -23.4646108 122.365
23832000 -8.9920891 124.14556
23856000 -6.0115546 123.33369
23880000 -22.2803128 122.79027
23904000 -14.241811 124.60324
23928000 -16.408221 123.19126
23952000 -15.3850216 126.81413
23976000 -17.1381449 125.97606
24000000 -21.2266666 127.15043
24024000 -15.8808623 126.18246
24048000 -19.8280966 124.69222
24072000 -18.4907083 128.44112
24096000 -17.12504843 126.87644
24120000 -29.52681801 125.40283
24144000 -18.4881414 128.259
24168000 -21.4481924 126.71676
24192000 -19.60591969 130.62291
24216000 -21.44730652 129.50936
24240000 -18.69754355 131.55426
24264000 -12.3527809 130.78866
24288000 -16.59826438 129.74248
24312000 -27.6829443 132.99391
24336000 -26.8980304 131.56825
24360000 -22.375778844 134.10476
24384000 -18.21245569 132.95277
24408000 -28.4809522 131.74409
24432000 -20.91065843 134.20796
24456000 -20.7778679 132.93527
24480000 -25.05987701 137.07498
24504000 -22.907029719 135.30433
24528000 -27.7869957 136.97085
24552000 -16.0175925 136.20282
24576000 -15.78758255 134.84879
24600000 -18.1711595 132.65105
24624000 -16.2421953 131.3054
24648000 -25.24073432 130.48457
24672000 -23.1142838 132.15008
24696000 -30.13078259 130.37517
24720000 -15.29200096 134.14924
24744000 -14.7514562 133.22002
24768000 -35.83238939 132.9879
24792000 -15.57733117 134.59934
24816000 -17.9817973 133.80516
24840000 -27.0746369 135.14356
24864000 -16.80722257 134.78339
24888000 -22.9481895 134.28687
24912000 -17.7225385 135.68981
24936000 -13.68016236 135.07421
24960000 -24.9269814 135.37301
24984000 -13.7563052 136.31907
25008000 -14.01644266 135.57774
25032000 -27.5799452 138.61278
25056000 -16.457348 137.43507
25080000 -27.50582476 136.40983
25104000 -19.4489904 138.70934
25128000 -19.2152768 137.68887
25152000 -31.08998571 141.43261
25176000 -20.2659458 145.10353
25200000 -19.1173583 143.73557
25224000 -21.8618772 141.85107
25248000 -25.6434338 139.64948
25272000 -25.7593325 143.18488
25296000 -19.72205553 141.40203
25320000 -23.617694 139.66295
25344000 -24.519809 143.43474
25368000 -21.53725237 141.56415
25392000 -29.584995 139.79392
25416000 -20.5282169 142.46856
25440000 -14.88674432 141.34541
25464000 -21.7159276 140.57459
25488000 -20.8666177 142.17211
25512000 -17.22743113 141.16499
25536000 -23.7074355 139.1378
25560000 -18.4149576 137.07252
25584000 -18.46237613 135.3867
25608000 -21.67028446 139.05536
25632000 -17.51553992 137.38713
25656000 -20.17994843 135.57328
25680000 -18.4458281 139.23606
25704000 -18.87096542 137.9266
25728000 -25.38232451 141.33917
25752000 -18.74537021 139.45669
25776000 -22.82706171 138.03101
25800000 -26.42410204 141.47655
25824000 -20.964791788 145.2717
25848000 -18.10930922 143.84542
25872000 -21.6419577 142.19651
25896000 -22.97001937 145.62879
25920000 -19.433962 143.91599
25944000 -22.0681135 142.2132
25968000 -24.5249392 145.24883
25992000 -21.2865068 143.951
26016000 -24.1949975 146.92325
26040000 -14.5996719 145.5116
26064000 -17.737436 144.65975
26088000 -24.724791 146.62858
26112000 -17.2087033 145.57916
26136000 -21.6382163 144.58949
26160000 -21.0354467 146.92385
26184000 -15.8424522 145.86734
26208000 -22.2871451 146.31954
26232000 -12.6370662 146.82684
26256000 -15.6171991 146.37834
26280000 -16.0982619 147.95845
26304000 -9.2218797 147.51355
26328000 -18.5115078 147.06921
26352000 -14.3686661 148.54624
26376000 -10.5562889 147.69696
26400000 -20.5523635 146.76952
26424000 -15.7059709 148.78682
26448000 -11.0310988 147.91593
26472000 -24.3645204 146.56376
26496000 -14.1208947 149.8466
26520000 -13.1205364 149.04649
26544000 -21.6791343 149.70084
26568000 -17.3550712 149.78295
26592000 -40.76338 148.15201
26616000 -13.6731559 151.25564
26640000 -15.4577166 150.46791
26664000 -18.7568481 152.95443
26688000 -11.7615924 151.94361
26712000 -21.5993665 151.44325
26736000 -16.3326021 153.50572
26760000 -21.6766305 153.09352
26784000 -14.2469356 154.76122
26808000 -9.6618599 153.92824
26832000 -21.029913 157.75436
26856000 -10.6561019 155.72705
26880000 -10.0017012 154.66478
26904000 -19.2204423 158.55094
26928000 -12.6513551 156.792
26952000 -37.6933427 157.23177
26976000 -6.2033781 157.90711
27000000 -6.6627999 157.38376
27024000 -11.579313 158.94959
27048000 -1.79644 158.29527
27072000 -10.194144 158.0341
27096000 -2.586144 160.49582
27120000 0.541224 159.21584
27144000 -26.538166 163.58442
27168000 -2.145656 167.88041
27192000 -0.424812000000003 167.37887
27216000 -14.548023 169.44146
27240000 -2.976106 169.07845
27264000 -5.831314 167.52269
27288000 -9.4551646 165.44546
27312000 -19.6372396 164.81438
27336000 -8.607249 167.39373
27360000 -13.203427 166.55294
27384000 -12.1664097 168.68002
27408000 -9.526753 168.01811
27432000 -18.9972112 171.76204
27456000 -13.6685064 169.87526
27480000 -14.6662316 168.44772
27504000 -22.4149987 166.10143
27528000 -15.4824561 169.3613
27552000 -11.720171 168.49309
27576000 -28.0464579 168.91658
27600000 -14.6928989 168.98119
27624000 -11.6159301 167.62859
27648000 -10.3261935 166.19663
27672000 -23.6147907 165.24776
27696000 -16.4733561 167.5324
27720000 -19.2000757 166.16659
27744000 -16.7665301 169.63853
27768000 -13.9396394 168.45076
27792000 -26.2301629 167.1547
27816000 -18.3208982 169.22816
27840000 -13.0706255 168.31966
27864000 -22.2435436 167.71224
27888000 -16.8586563 169.21258
27912000 -15.7794372 168.70405
27936000 -30.5901388 169.61208
27960000 -20.72988 169.49101
27984000 -23.0069768 167.96394
28008000 -33.0526918 171.70709
28032000 -19.3255509 175.24908
28056000 -19.2900105 174.05079
28080000 -19.5006904 177.60682
28104000 -18.22146883 176.30247
28128000 -21.3087436 179.86179
28152000 -13.1041134 178.30062
28176000 -22.5115531 177.35222
28200000 -18.0778718 179.96212
28224000 -16.3398107 178.9081
28248000 -42.9392338 178.01736
28272000 -18.1503316 179.81226
28296000 -15.9817228 178.36717
28320000 -20.3151203 176.2345
28344000 -14.4721179 174.5805
28368000 -18.7424332 173.63356
28392000 -21.4531179 175.15576
28416000 -17.8794646 174.29432
28440000 -18.6604561 172.23476
28464000 -21.5866051 170.91137
28488000 -26.6913784 173.46338
28512000 -22.2698145 172.51877
28536000 -23.09752466 174.68785
28560000 -14.8080419 174.08503
28584000 -21.6287149 173.5848
28608000 -16.29346437 174.84631
28632000 -12.4176696 174.22171
28656000 -19.8127401 173.54155
28680000 -17.84559475 174.98634
28704000 -15.00932442 174.23479
28728000 -19.4101252 172.07797
28752000 -16.13577086 170.22524
28776000 -22.95920942 169.59685
28800000 -20.24346727 170.76233
28824000 -17.41901521 169.51834
28848000 -16.28861991 167.9214
28872000 -20.27070402 166.21814
28896000 -18.4513378 169.73939
28920000 -14.33074 168.58759
28944000 -21.2986798 167.83802
28968000 -19.19020754 169.11328
28992000 -16.194825 168.42888
29016000 -29.22656739 167.88529
29040000 -22.21490721 169.56594
29064000 -36.371973661 168.62414
29088000 -16.311636849 171.21695
29112000 -14.70611011 170.4712
29136000 -28.13795407 169.97516
29160000 -16.98629258 171.76718
29184000 -19.35333342 171.11224
29208000 -22.92501954 172.69492
29232000 -14.84300863 172.13095
29256000 -22.43218292 171.57971
29280000 -17.7986532 173.35441
29304000 -16.0936688 172.41155
29328000 -27.00945259 175.95092
29352000 -16.2071206 174.54872
29376000 -22.8948094 173.97235
29400000 -18.10811951 175.23528
29424000 -14.0514709 174.48018
29448000 -19.9979954 173.1881
29472000 -29.71079089 176.21504
29496000 -27.9286338 174.18605
29520000 -18.8598666 178.05812
29544000 -21.16201679 177.36368
29568000 -17.8843687 178.62244
29592000 -12.8018263 178.08899
29616000 -24.8769287 177.71452
29640000 -15.6031811 179.72972
29664000 -16.456602 178.88663
29688000 -30.45070338 181.08077
29712000 -19.0519057 179.88759
29736000 -17.2471892 178.00611
29760000 -18.35005108 176.43514
29784000 -18.7647098 174.67352
29808000 -24.8863749 173.47505
29832000 -19.11018922 175.36337
29856000 -15.90006976 174.81069
29880000 -33.812086 175.23049
29904000 -18.87327874 176.07146
29928000 -27.2340868 174.90412
29952000 -21.539223 178.09209
29975999 -25.7036108 176.31846
29999999 -22.3008553 174.32607
30023999 -26.0712781 177.23948
30047999 -14.3221249 175.92495
30071999 -17.0596607 175.023
30095999 -21.6813499 177.85037
30119999 -19.4198825 176.50241
30143999 -16.457804 179.9511
30167999 -12.3142693 178.4784
30191999 -21.0473013 176.69037
30215999 -16.0936898 180.65805
30239999 -17.3115577 179.03518
30263999 -26.9794372 181.42744
30287999 -11.364821 180.15307
30311999 -10.8162578 178.78437
30335999 -19.9543273 182.03841
30359999 -10.5746513 180.93195
30383999 -16.885857 179.53704
30407999 -14.2435744 182.22512
30431999 -21.5377997 181.16245
30455999 -9.042188 183.68491
30479999 -6.384951 182.64138
30503999 -11.723194 181.49668
30527999 -10.199696 183.27125
30551999 -8.090767 182.19676
30575999 -12.115477 186.31795
30599999 -0.207161000000001 189.92029
30623999 -0.523671999999999 189.18956
30647999 -4.330823 188.32116
30671999 1.657548 191.31763
30695999 -10.452305 190.1267
30719999 -6.318639 193.27578
30743999 8.508399 192.37704
30767999 -5.558248 191.24098
30791999 -3.471116 194.20613
30815999 1.566918 194.04831
30839999 -6.363626 193.25451
30863999 -7.653255 194.84926
30887999 -4.191071 194.98712
30911999 -1.745586 194.8691
30935999 -4.78154 194.81438
30959999 -9.717223 194.88665
30983999 -5.929698 196.38349
31007999 -3.795799 195.70516
31031999 -11.642849 195.7041
31055999 -6.669368 197.12965
31079999 -10.44288 195.86667
31103999 -17.614726 199.49689
31127999 -9.725868 197.57942
31151999 -15.1053962 195.82891
31175999 -17.7423882 199.952
31199999 -22.279479 197.80899
31223999 -12.3714972 200.82166
31247999 -8.9050812 199.8452
31271999 -11.267635 197.61128
31295999 -9.8508387 195.54383
31319999 -12.7392775 193.92175
31343999 -6.640898 191.6831
31367999 -11.8319456 190.6322
31391999 -18.0512777 192.3637
31415999 -11.1423826 191.5619
31439999 -18.4958452 195.2812
31463999 -13.7675923 193.9206
31487999 -23.6827908 192.2788
31511999 -14.1758922 195.0024
31535999 -12.3405879 193.5922
31559999 -12.1505503 191.6483
31583999 -13.4990083 189.6261
31607999 -15.1058167 188.0603
31631999 -19.1306675 191.5058
31655999 -17.0293689 189.3497
31679999 -19.9757975 187.579
31703999 -19.3406244 191.5592
31727999 -17.7737932 194.9837
31751999 -12.613497 193.516
31775999 -15.0089135 191.8829
31799999 -20.1836872 195.8035
31823999 -18.3795441 199.6842
31847999 -13.3383968 197.7991
31871999 -17.6152406 195.9995
31895999 -16.1610028 194.0166
31919999 -17.9589963 191.7861
31943999 -13.0427056 189.4572
31967999 -14.9140736 188.6007
31991999 -20.7739427 191.4659
32015999 -13.487172 190.498
32039999 -20.7265009 190.8982
32063999 -13.1357546 191.2847
32087999 -16.3968568 190.2839
32111999 -31.4836166 188.3277
32135999 -19.4513965 191.6486
32159999 -22.3642014 190.1971
32183999 -18.615304 193.3097
32207999 -11.6129512 192.3295
32231999 -19.6166408 191.7863
32255999 -18.3813598 193.3087
32279999 -20.600262 192.6433
32303999 -16.2550545 195.2916
32327999 -11.5085188 194.7371
32351999 -13.9052335 194.4581
32375999 -14.6542256 194.8173
32399999 -14.843511 194.522
32423999 -23.5929123 194.7345
32447999 -15.4248483 195.2742
32471999 -16.4887227 194.5583
32495999 -27.4842064 197.7119
32519999 -13.9041419 196.1623
32543999 -16.6070049 195.3931
32567999 -27.0519605 196.9406
32591999 -17.3320672 196.1976
32615999 -24.7772225 194.7976
32639999 -22.0244106 198.377
32663999 -24.5276052 196.0766
32687999 -19.9776213 200.1429
32711999 -18.1140882 198.542
32735999 -19.1842995 196.9332
32759999 -25.7928444 197.7162
32783999 -12.6794998 197.7298
32807999 -13.7725924 197.0976
32831999 -19.5765424 198.2866
32855999 -11.7950968 198.0964
32879999 -15.3123104 197.1269
32903999 -45.1238624 200.2005
32927999 -16.7997244 198.2015
32951999 -17.2433966 196.8308
32975999 -23.2690876 200.1156
32999999 -14.038834 198.8031
33023999 -20.5383828 197.8185
33047999 -19.8064737 199.8516
33071999 -16.8703122 198.8498
33095999 -28.4672526 202.5784
33119999 -16.7564256 206.5797
33143999 -16.7588037 205.3824
33167999 -18.4903489 208.1527
33191999 -11.4595463 207.1615
33215999 -16.5006605 206.5845
33239999 -14.375065 208.1804
33263999 -12.6484659 207.3466
33287999 -18.5858238 211.3039
33311999 -17.2853528 209.398
33335999 -18.5460422 212.7046
33359999 -10.7304695 211.6534
33383999 -24.1634723 210.6331
33407999 -14.4836557 212.966
33431999 -12.6677846 212.1843
33455999 -34.7751718 212.6075
33479999 -16.6409547 212.9348
33503999 -24.0781456 211.4819
33527999 -14.4897934 214.6167
33551999 -13.4449857 213.8574
33575999 -25.4822835 214.8195
33599999 -13.1239513 214.9448
33623999 -21.3044582 215.3029
33647999 -8.8013897 216.2559
33671999 -7.8431203 215.4147
33695999 -21.7644286 214.6929
33719999 -13.4144719 216.7482
33743999 -11.5227312 215.2779
33767999 -19.8949278 213.3303
33791999 -12.0721667 217.1973
33815999 -13.4615329 215.8688
33839999 -15.8860585 219.1079
33863999 -9.718404 217.8825
33887999 -26.6345553 215.5469
33911999 -14.0554013 219.6753
33935999 -25.0568342 218.9655
33959999 -9.288318 220.8228
33983999 -8.023928 219.6459
34007999 -11.796047 218.2739
34031999 -17.952034 220.1163
34055999 -6.166396 219.4127
34079999 -3.473237 218.4852
34103999 -17.707894 221.5744
34127999 -5.735433 219.813
34151999 -4.857672 218.9952
34175999 -20.859394 221.576
34199999 -8.339149 220.4036
34223999 -13.242919 219.6735
34247999 -4.550119 221.8201
34271999 -7.951884 220.633
34295999 -7.599348 224.6478
34319999 -3.658564 223.1519
34343999 -14.082768 224.014
34367999 -4.705098 224.2582
34391999 -5.251508 223.6938
34415999 -7.637261 224.2066
34439999 -2.831249 223.9723
34463999 -11.075085 223.3528
34487999 -10.2746687 225.2814
34511999 -7.913807 224.6848
34535999 -11.996409 226.7719
34559999 -6.2727617 226.1991
34583999 -13.467036 225.8278
34607999 -8.8631014 226.9572
34631999 -10.9531197 226.5295
34655999 -17.8153996 228.4881
34679999 -10.3883911 227.879
34703999 -18.690854 228.1578
34727999 -9.5879742 228.9228
34751999 -11.4423293 228.3137
34775999 -21.8581203 229.8404
34799999 -11.3254197 230.1068
34823999 -13.2326033 230.5541
34847999 -8.1556478 231.1093
34871999 -7.8882304 230.9311
34895999 -10.7508083 231.814
34919999 -5.2948219 231.8788
34943999 -6.454836 231.5041
34967999 -9.8584169 232.375
34991999 -6.091135 232.4811
35015999 -8.8376921 232.7766
35039999 -3.8672213 233.4364
35063999 -3.2493978 233.5097
35087999 -1.697159 234.1652
35111999 2.8550221 234.0463
35135999 0.849738 234.2325
35159999 2.632878 235.058
35183999 4.339939 234.9526
35207999 -4.621229 237.3035
35231999 4.8473992 237.7755
35255999 6.3191757 237.4349
35279999 -6.485976 237.0651
35303999 -7.496255 238.7256
35327999 -7.734112 238.7166
35351999 -10.095619 239.5962
35375999 -9.410103 239.3888
35399999 -15.256677 238.4662
35423999 -24.587009 241.423
35447999 -20.9156094 244.4655
35471999 -14.7768497 243.2151
35495999 -20.632601 241.3004
35519999 -15.5386152 244.542
35543999 -11.4539296 243.4016
35567999 -12.993755 247.1001
35591999 -8.9272644 245.3689
35615999 -10.6006945 244.4267
35639999 -17.1095454 247.7948
35663999 -13.644302 246.3273
35687999 -27.218881 246.6638
35711999 -11.3356849 247.4366
35735999 -13.7976043 246.9125
35759999 -14.1098072 247.6912
35783999 -8.0356452 247.2011
35807999 -14.8078694 246.2428
35831999 -13.084693 249.0097
35855999 -7.61233 247.4131
35879999 -11.8618027 245.8908
35903999 -14.5621695 244.782
35927999 -25.6328759 245.8876
35951999 -17.3875201 245.2837
35975999 -17.4191754 249.3416
35999999 -9.4187285 247.8548
36023999 -14.6432489 247.2984
36047999 -16.5852746 248.4873
36071999 -13.7313859 247.9239
36095999 -21.3641505 246.7018
36119999 -41.5685418 250.234
36143999 -19.5464765 253.3708
36167999 -22.4441609 251.9694
36191999 -17.6237519 255.656
36215999 -14.5284124 254.3435
36239999 -36.0755904 256.9566
36263999 -18.7586751 255.5471
36287999 -15.652862 253.1992
36311999 -12.949612 251.9115
36335999 -22.169201 251.5781
36359999 -11.4062152 252.9973
36383999 -10.7023133 252.1629
36407999 -20.3846331 250.7952
36431999 -13.519251 254.1599
36455999 -21.245823 253.2584
36479999 -17.0455323 255.3289
36503999 -14.313991 254.2238
36527999 -16.7326018 257.8634
36551999 -13.2749686 256.6768
36575999 -21.8679625 254.727
36599999 -17.7376254 258.5437
36623999 -22.5550581 262.2697
36647999 -11.4681923 260.5153
36671999 -17.6689087 260.1872
36695999 -11.49859 261.6346
36719999 -6.6030793 261.119
36743999 -8.7163314 260.9509
36767999 -8.0119848 260.8791
36791999 -9.7923661 260.2268
36815999 -25.7259423 264.0303
36839999 -10.87854734 262.4461
36863999 -10.97926118 262.0578
36887999 -13.576597276 262.6477
36911999 -10.42347284 262.8482
36935999 -13.197857241 262.9308
36959999 -12.8407571 263.5345
36983999 -12.96224915 263.6841
37007999 -13.49786417 264.2864
37031999 -11.2248682 264.3719
37055999 -14.3076201 264.438
37079999 -14.3736664 265.1781
37103999 -13.5114557 265.1265
37127999 -17.9376844 265.5585
37151999 -14.6527709 266.0382
37175999 -17.4331879 265.9944
37199999 -18.2772678 266.9462
37223999 -15.7111424 266.8342
37247999 -25.9259652 267.2975
37271999 -15.8516203 268.3407
37295999 -15.49015081 267.9734
37319999 -18.80150852 268.8762
37343999 -14.49916603 268.9327
37367999 -25.8059206 269.5015
37391999 -12.0517006 270.3872
37415999 -12.4622278 270.0836
37439999 -16.2637995 271.1171
37463999 -10.7183997 271.0278
37487999 -19.3311936 271.1146
37511999 -8.3387993 272.355
37535999 -9.5840367 271.7127
37559999 -17.3432378 273.0196
37583999 -5.180819 273.0818
37607999 -6.935713 273.0239
37631999 -0.575996 273.5173
37655999 4.441235 272.6685
37679999 -6.28867 272.223
37703999 -6.131858 274.1679
37727999 3.392508 273.5467
37751999 2.623993 271.1352
37775999 -3.267505 270.4731
37799999 -1.939128 275.3728
37823999 7.668675 273.4355
37847999 -12.971086 273.0844
37871999 -4.619983 274.2996
37895999 -1.063909 273.6733
37919999 -16.734074 274.4885
37943999 -5.467233 274.9633
37967999 -12.778754 273.8125
37991999 -8.463267 276.7997
38015999 -8.391319 275.9102
38039999 -12.818513 279.3552
38063999 -7.253167 277.836
38087999 -14.468535 277.5994
38111999 -7.698717 278.7549
38135999 -7.141023 277.9311
38159999 -18.1190586 277.663
38183999 -11.2592625 279.4325
38207999 -12.9101209 278.8556
38231999 -13.616977 280.676
38255999 -8.0118923 280.4189
38279999 -16.1595675 280.8639
38303999 -10.2750697 281.532
38327999 -14.9888029 281.0489
38351999 -14.3867422 283.0524
38375999 -10.9184584 282.4552
38399999 -21.1499965 282.1447
38423999 -11.5594826 283.1942
38447999 -10.2801151 282.4778
38471999 -26.2935289 282.1919
38495999 -11.6762504 283.7609
38519999 -14.8990445 283.2878
38543999 -11.7325809 285.1773
38567999 -8.8008607 284.3833
38591999 -29.0096367 284.3368
38615999 -10.6735019 286.2379
38639999 -12.3915183 285.4748
38663999 -15.4548157 286.5063
38687999 -8.4838738 285.8139
38711999 -15.9397929 284.9863
38735999 -11.8951603 287.0565
38759999 -7.6467197 286.3461
38783999 -22.3357621 287.3663
38807999 -7.2399619 287.7633
38831999 -9.5880304 286.9606
38855999 -16.6631573 289.1395
38879999 -8.2406767 288.6349
38903999 -13.0169118 288.4797
38927999 -10.2521112 289.2253
38951999 -11.6152201 288.7093
38975999 -13.336052 291.7591
38999999 -9.4046945 290.5034
39023999 -18.5684419 289.4879
39047999 -9.617809 292.121
39071999 -12.7028712 290.906
39095999 -18.4578493 294.6389
39119999 -13.838308 293.1895
39143999 -13.978088 296.2241
39167999 -9.4677252 295.4447
39191999 -10.784133 295.2959
39215999 -6.778077 295.2246
39239999 -3.6687345 294.6897
39263999 -4.413757 293.9584
39287999 -14.2018822 294.3438
39311999 -10.2096726 294.8673
39335999 -14.1531551 294.4557
39359999 -16.3907736 295.5676
39383999 -12.8903788 294.6762
39407999 -13.5521767 293.093
39431999 -23.4236648 290.9739
39455999 -18.5287706 294.7488
39479999 -15.828188 292.9177
39503999 -16.9346619 290.8824
39527999 -26.5012991 295.1567
39551999 -13.3630069 299.0006
39575999 -14.6344986 297.8313
39599999 -31.861204 299.3861
39623999 -14.1790205 298.9346
39647999 -15.2815731 297.6502
39671999 -30.3143118 297.6844
39695999 -13.6361394 298.5283
39719999 -13.8566588 297.3909
39743999 -26.3363842 301.6032
39767999 -15.5016922 299.6843
39791999 -21.1693681 298.0303
39815999 -21.386751 301.3509
39839999 -26.8377156 300.1235
39863999 -16.2250935 302.6531
39887999 -13.656893 301.7705
39911999 -25.3069453 301.0872
39935999 -14.7148562 302.8953
39959999 -18.2381497 302.0893
39983999 -19.9406733 304.4713
40007999 -12.8846651 303.5556
40031999 -19.9923919 303.0205
40055999 -15.6452808 304.3804
40079999 -12.7782453 303.4058
40103999 -24.9245818 302.951
40127999 -12.1599478 304.894
40151999 -10.1887855 304.0025
40175999 -24.1835976 305.2851
40199999 -9.5034449 305.6335
40223999 -15.1126334 305.0058
40247999 -16.6894082 307.0794
40271999 -14.5014689 306.6959
40295999 -18.3336101 308.8182
40319999 -14.0073156 307.9166
40343999 -22.2324903 305.9952
40367999 -15.7789333 303.9294
40391999 -32.7837938 302.9333
40415999 -16.5577121 305.0158
40439999 -12.1722984 303.3598
40463999 -15.6098482 301.7881
40487999 -13.9811418 305.6534
40511999 -12.8991994 304.1044
40535999 -20.0551321 306.5671
40559999 -7.534866 305.9389
40583999 -13.899291 304.5468
40607999 -9.8671912 307.1744
40631999 -8.697003 306.4803
40655999 -20.565639 308.4468
40679999 -5.848066 307.6822
40703999 -7.877887 306.9808
40727999 -8.878071 309.2996
40751999 -2.565501 308.6224
40775999 -5.879098 308.4211
40799999 -5.488551 309.1186
40823999 -7.472346 308.7442
40847999 -10.140511 311.6442
40871999 -1.308555 310.4356
40895999 -11.756779 309.2536
40919999 -9.720521 312.8215
40943999 -13.474599 310.8487
40967999 -15.912921 314.9521
40991999 -14.767482 318.9123
41015999 -9.245107 316.9573
41039999 -18.57968 316.0548
41063999 -18.903898 318.6572
41087999 -20.279913 316.9089
41111999 -17.4514381 320.7023
41135999 -13.612244 319.0645
41159999 -9.679676 316.8129
41183999 -15.5121165 315.2695
41207999 -15.3908709 319.6807
41231999 -11.708366 318.257
41255999 -17.950284 318.4121
41279999 -9.34224 318.3428
41303999 -6.483002 317.3601
41327999 -17.152789 320.4844
41351999 -6.140283 319.1638
41375999 -12.455089 318.2078
41399999 -6.982075 320.632
41423999 -1.687334 320.0007
41447999 -8.333292 318.5292
41471999 -19.104529 322.129
41495999 -14.919055 324.7805
41519999 -4.035442 323.7642
41543999 -31.529038 327.3634
41567999 -8.432358 325.6416
41591999 -3.809307 324.1599
41615999 -13.193067 327.3863
41639999 -10.36678 325.8253
41663999 -3.071845 324.2621
41687999 -4.189045 322.4792
41711999 -18.258524 322.4106
41735999 -4.027576 323.6352
41759999 -3.625798 322.5422
41783999 -23.540681 322.8339
41807999 -2.517045 324.305
41831999 -11.38174 322.9264
41855999 -9.421644 326.1468
41879999 -3.622735 325.7156
41903999 -8.131087 324.8834
41927999 -9.202639 325.6794
41951999 -4.877416 325.0138
41975999 -22.181813 327.5721
41999999 -8.606511 326.8227
42023999 -8.303262 326.935
42047999 -6.239674 327.0716
42071999 -11.0527629 326.9893
42095999 -16.039419 329.2146
42119999 -6.510825 328.6863
42143999 -20.409817 327.7449
42167999 -12.362702 330.5932
42191999 -12.737045 328.8241
42215999 -14.8593706 327.0038
42239999 -16.6645948 325.2246
42263999 -14.4746685 323.1319
42287999 -32.5094157 327.1272
42311999 -12.9603472 330.94
42335999 -12.9245476 329.7537
42359999 -26.683729 327.8241
42383999 -22.4730429 330.7461
42407999 -14.6680674 329.1737
42431999 -19.8790031 328.2945
42455999 -19.8606377 330.0895
42479999 -16.1482822 329.1228
42503999 -23.385451 327.0384
42527999 -19.803331 325.1461
42551999 -26.0353349 328.9877
42575999 -23.1519765 326.907
42599999 -23.0449733 330.3571
42623999 -14.6527918 328.7852
42647999 -20.2377015 327.5657
42671999 -18.7025142 330.7308
42695999 -13.0561338 329.5225
42719999 -22.0959622 328.6592
42743999 -19.2751187 330.7974
42767999 -17.9174081 330.2436
42791999 -20.3323001 331.488
42815999 -13.0610619 331.2674
42839999 -18.3982032 330.8631
42863999 -18.9039199 332.162
42887999 -16.8755762 331.6489
42911999 -29.6044839 334.8874
42935999 -17.2617881 333.4701
42959999 -23.0935968 332.6821
42983999 -16.5447413 334.8309
43007999 -13.6356091 334.1041
43031999 -19.1158952 334.2036
43055999 -12.5218397 334.8554
43079999 -12.0691345 334.3184
43103999 -19.2509466 334.4113
43127999 -14.3609235 334.9535
43151999 -15.7888637 334.0443
43175999 -20.7472317 332.167
43199999 -18.0733285 330.7254
43223999 -19.4565696 331.3366
43247999 -11.3888619 331.1566
43271999 -10.9681084 330.0907
43295999 -19.3572328 328.1267
43319999 -21.478045 326.088
43343999 -17.6767676 329.5861
43367999 -14.3384903 328.2953
43391999 -25.7315296 328.6375
43415999 -13.0817019 329.2977
43439999 -13.4093367 328.4836
43463999 -29.478345 329.5146
43487999 -12.246537 329.3964
43511999 -19.0585593 328.8616
43535999 -12.7331151 330.8829
43559999 -7.261175 330.3157
43583999 -16.1580322 331.0029
43607999 -6.2030011 331.6524
43631999 -6.908114 331.0754
43655999 -17.1682874 332.4946
43679999 -11.9530873 332.571
43703999 -20.224463 335.0694
43727999 -9.274643 333.882
43751999 -16.613875 332.9218
43775999 -16.108837 335.8789
43799999 -16.2277341 334.4124
43823999 -23.116925 338.6581
43847999 -17.513447 342.0821
43871999 -13.2981766 340.3276
43895999 -14.5117984 339.0807
43919999 -21.873248 342.4772
43943999 -13.8265167 346.3519
43967999 -11.5953704 345.1738
43991999 -10.599007 343.7137
44015999 -19.940471 341.6204
44039999 -20.8355754 344.9964
44063999 -22.6045641 343.0841
44087999 -16.7424083 346.5901
44111999 -15.5288027 345.7878
44135999 -19.457817 346.6265
44159999 -10.9980666 346.0805
44183999 -13.3711044 344.6753
44207999 -8.065758 342.6304
44231999 -12.6276057 341.49
44255999 -15.5017553 343.7505
44279999 -6.437297 342.7962
44303999 -15.6030839 341.7762
44327999 -14.5738821 344.5456
44351999 -7.177962 343.7208
44375999 -19.045488 346.5876
44399999 -8.6688796 345.3829
44423999 -10.239801 344.8351
44447999 -15.847285 346.2663
44471999 -11.854459 345.5152
44495999 -16.108238 344.0616
44519999 -18.676639 347.0299
44543999 -11.992163 345.4259
44567999 -10.82238 344.3205
44591999 -8.169735 341.8333
44615999 -12.068057 340.6621
44639999 -15.51092 342.8278
44663999 -5.171599 342.3266
44687999 -13.380011 342.8559
44711999 -3.25424 343.4909
44735999 1.031085 342.4861
44759999 -5.03396 341.446
44783999 -24.913027 342.6424
44807999 -5.226668 343.0926
44831999 -10.22001 342.9064
44855999 -9.2044869 344.0033
44879999 -7.9074998 343.7954
44903999 -19.2980629 344.062
44927999 -14.185913 344.9196
44951999 -15.5617195 344.2288
44975999 -29.4964965 345.8331
44999999 -16.747694 345.4012
45023999 -17.3172927 345.4008
45047999 -12.8703238 345.7184
45071999 -13.5857223 345.4489
45095999 -22.8019197 346.6981
45119999 -12.3202368 346.7755
45143999 -18.8417539 346.3444
45167999 -14.8652697 348.7849
45191999 -12.2628411 348.1015
45215999 -20.3138403 348.766
45239999 -11.8460763 349.1059
45263999 -15.4300373 348.3795
45287999 -19.1045893 350.1647
45311999 -11.6447112 349.7276
45335999 -29.092396 350.2088
45359999 -11.9168008 351.3458
45383999 -12.865028 351.1716
45407999 -10.403416 351.8973
45431999 -10.8013939 351.4463
45455999 -24.910668 349.5901
45479999 -13.805124 353.0844
45503999 -22.1662479 351.1242
45527999 -9.716512 355.2145
45551999 -11.287064 353.9875
45575999 -24.500896 357.206
45599999 -6.962778 355.6516
45623999 -8.38664 354.5079
45647999 -15.437021 355.1134
45671999 -7.630714 355.3144
45695999 -12.360868 354.4235
45719999 -16.889855 356.3694
45743999 -10.745502 355.3603
45767999 -14.856918 353.1098
45791999 -14.407511 351.5778
45815999 -17.376907 349.5715
45839999 -17.8257 353.3569
45863999 -23.766039 357.5471
45887999 -14.356371 355.3911
45911999 -19.366217 354.1943
45935999 -18.8847838 356.045
45959999 -10.95756 355.3828
45983999 -17.25833 353.69
46007999 -16.0173795 357.0698
46031999 -14.481391 355.883
46055999 -14.877075 359.085
46079999 -9.476207 357.5242
46103999 -12.287686 356.4745
46127999 -27.264912 358.5375
46151999 -14.489799 357.4898
46175999 -23.937867 355.6188
46199999 -13.534684 359.0274
46223999 -13.6441046 358.3761
46247999 -18.320358 359.1685
46271999 -11.867664 359.036
46295999 -24.167223 358.8433
46319999 -9.275128 360.5297
46343999 -9.038952 359.7437
46367999 -43.90575 359.1817
46391999 -8.877255 361.4834
46415999 -13.495146 360.5833
46439999 -12.952269 363.2923
46463999 -6.689715 362.3589
46487999 -27.949506 361.6257
46511999 -13.461533 363.961
46535999 -19.328812 362.3907
46559999 -14.02102 365.5977
46583999 -37.661889 368.6133
46607999 -5.464983 367.6098
46631999 -3.854039 366.253
46655999 -15.653491 364.4354
46679999 -10.513491 368.2331
46703999 -8.854405 366.565
46727999 -17.098586 365.0218
46751999 -5.991244 368.2335
46775999 -10.152355 367.1947
46799999 -8.711653 369.3853
46823999 2.515313 368.5791
46847999 -9.983101 367.4046
46871999 -11.893364 369.1481
46895999 -3.447927 367.5459
46919999 -6.593106 364.9561
46943999 -7.64556 364.0916
46967999 -24.228782 362.9756
46991999 -7.529098 365.3667
47015999 -7.755745 364.9688
47039999 -11.345452 365.6945
47063999 -8.139217 365.7348
47087999 -12.975242 366.6647
47111999 -0.210464999999999 366.7354
47135999 -4.641297 365.6793
47159999 -18.031851 364.7273
47183999 -7.821726 368.1165
47207999 -4.414776 367.1449
47231999 -11.148286 367.4423
47255999 -5.659026 368.1385
47279999 -6.79752 367.8285
47303999 -8.569162 368.7327
47327999 -0.906997999999998 368.393
47351999 -4.66366 366.9662
47375999 -21.974723 370.8408
47399999 -8.967431 369.1518
47423999 -11.951349 367.4882
47447999 -11.988771 371.3222
47471999 -21.11586 370.0083
47495999 -8.674547 372.8664
47519999 -13.030564 372.2794
47543999 -12.493673 375.0559
47567999 -4.283294 373.9915
47591999 -20.995188 376.8475
47615999 -8.261764 375.8253
47639999 -16.38507 373.764
47663999 -7.996319 377.2423
47687999 -7.769001 376.4349
47711999 -13.390249 374.9097
47735999 -29.823474 375.3176
47759999 -11.604528 375.2926
47783999 -11.807409 373.5956
47807999 -12.026589 371.6793
47831999 -15.943359 370.9067
47855999 -13.766373 372.7582
47879999 -12.622425 371.901
47903999 -22.021445 375.6067
47927999 -8.408918 373.6102
47951999 -13.346375 371.6945
