   7.8761775e+00
   7.7379898e+00
   7.3285758e+00
   6.6641796e+00
   5.7740830e+00
   4.7025584e+00
   3.5095352e+00
   2.2693456e+00
   1.0712051e+00
   2.5310294e-01
   1.0001584e+00
   1.6548828e+00
   2.0415532e+00
   2.1522097e+00
   2.0166737e+00
   1.6997106e+00
   1.3063549e+00
   1.0026526e+00
   9.7579386e-01
   1.1788907e+00
   1.4103533e+00
   1.5655732e+00
   1.6244833e+00
   1.6070190e+00
   1.5427238e+00
   1.4451092e+00
   1.2993794e+00
   1.0731487e+00
   7.4444244e-01
   3.7150035e-01
   4.9390959e-01
   1.0599573e+00
   1.6520877e+00
   2.1505589e+00
   2.4710114e+00
   2.5518782e+00
   2.3624680e+00
   1.9096233e+00
   1.2398890e+00
   4.4048178e-01
   4.2546637e-01
   1.1655148e+00
   1.7093504e+00
   1.9573314e+00
   1.8516427e+00
   1.3837611e+00
   6.2305310e-01
   6.0389498e-01
   1.7247681e+00
   2.8703459e+00
   3.8504130e+00
   4.5260969e+00
   4.7967688e+00
   4.6120873e+00
   3.9801513e+00
   2.9695586e+00
   1.7114407e+00
   5.5339625e-01
   1.2377033e+00
   2.3294758e+00
   3.1126662e+00
   3.4729390e+00
   3.3802595e+00
   2.8761012e+00
   2.0762967e+00
   1.2149533e+00
   9.2737458e-01
   1.4775615e+00
   2.0182638e+00
   2.2306582e+00
   2.0358777e+00
   1.4536005e+00
   5.8020653e-01
   4.6164147e-01
   1.4401701e+00
   2.1966368e+00
   2.5602065e+00
   2.4179756e+00
   1.7434691e+00
   7.6247415e-01
   1.4338023e+00
   3.1966883e+00
   5.0053336e+00
   6.5605334e+00
   7.6380940e+00
   8.0976860e+00
   7.9302178e+00
   7.3220864e+00
   6.7259814e+00
   6.7716190e+00
   7.7185104e+00
   9.1325044e+00
   1.0373360e+01
   1.0960416e+01
   1.0647656e+01
   9.4888964e+00
   8.0386657e+00
   7.6625961e+00
   9.5611968e+00
   1.2993459e+01
   1.6676363e+01
   1.9748474e+01
   2.1691114e+01
   2.2298313e+01
   2.1755397e+01
   2.0769501e+01
   2.0579512e+01
   2.2354226e+01
   2.6139567e+01
   3.0902414e+01
   3.5431326e+01
   3.8840010e+01
   4.0738088e+01
   4.1373365e+01
   4.1773263e+01
   4.3628731e+01
   4.8478317e+01
   5.6580020e+01
   6.6809065e+01
   7.7452713e+01
   8.6822551e+01
   9.3496418e+01
   9.6411837e+01
   9.4922123e+01
   8.8835215e+01
   7.8435604e+01
   6.4503835e+01
   4.8410794e+01
   3.2650868e+01
   2.3131959e+01
   2.7426904e+01
   3.9125010e+01
   5.0670334e+01
   5.9521110e+01
   6.4916389e+01
   6.6886341e+01
   6.5994515e+01
   6.3197594e+01
   5.9671493e+01
   5.6535653e+01
   5.4488677e+01
   5.3547729e+01
   5.3143595e+01
   5.2520018e+01
   5.1121140e+01
   4.8782763e+01
   4.5748890e+01
   4.2571675e+01
   3.9905817e+01
   3.8208302e+01
   3.7476423e+01
   3.7249129e+01
   3.6883278e+01
   3.5856181e+01
   3.3923901e+01
   3.1149470e+01
   2.7863974e+01
   2.4588860e+01
   2.1899823e+01
   2.0194943e+01
   1.9453484e+01
   1.9250834e+01
   1.9060810e+01
   1.8525674e+01
   1.7536607e+01
   1.6200263e+01
   1.4767586e+01
   1.3540633e+01
   1.2750776e+01
   1.2444381e+01
   1.2471583e+01
   1.2596236e+01
   1.2612506e+01
   1.2389744e+01
   1.1864741e+01
   1.1021902e+01
   9.8833858e+00
   8.5155933e+00
   7.0518102e+00
   5.7269290e+00
   4.8798725e+00
   4.7481017e+00
   5.1289223e+00
   5.5637438e+00
   5.7278367e+00
   5.5367928e+00
   5.1806245e+00
   5.1600240e+00
   5.9947657e+00
   7.6362975e+00
   9.6206542e+00
   1.1503219e+01
   1.2965259e+01
   1.3815756e+01
   1.3999494e+01
   1.3612436e+01
   1.2911524e+01
   1.2289168e+01
   1.2148776e+01
   1.2672379e+01
   1.3698156e+01
   1.4877850e+01
   1.5904595e+01
   1.6622501e+01
   1.7037875e+01
   1.7278219e+01
   1.7511844e+01
   1.7845160e+01
   1.8247118e+01
   1.8551444e+01
   1.8530153e+01
   1.7985752e+01
   1.6823217e+01
   1.5097287e+01
   1.3049430e+01
   1.1143286e+01
   1.0022406e+01
   1.0133738e+01
   1.1223655e+01
   1.2607297e+01
   1.3724273e+01
   1.4281220e+01
   1.4206526e+01
   1.3598372e+01
   1.2679478e+01
   1.1736475e+01
   1.1021675e+01
   1.0633952e+01
   1.0471906e+01
   1.0324242e+01
   1.0012920e+01
   9.4826595e+00
   8.8226512e+00
   8.2360766e+00
   7.9446306e+00
   8.0373891e+00
   8.3957853e+00
   8.7946323e+00
   9.0529431e+00
   9.1118304e+00
   9.0445025e+00
   9.0182904e+00
   9.2041910e+00
   9.6617417e+00
   1.0292167e+01
   1.0902642e+01
   1.1306871e+01
   1.1392355e+01
   1.1149115e+01
   1.0673517e+01
   1.0148278e+01
   9.7843034e+00
   9.7194203e+00
   9.9318364e+00
   1.0257372e+01
   1.0492654e+01
   1.0487382e+01
   1.0185917e+01
   9.6332637e+00
   8.9605728e+00
   8.3481473e+00
   7.9551844e+00
   7.8328190e+00
   7.8925950e+00
   7.9714670e+00
   7.9263056e+00
   7.6879552e+00
   7.2719813e+00
   6.7645751e+00
   6.2895386e+00
   5.9538861e+00
   5.7876044e+00
   5.7254990e+00
   5.6540478e+00
   5.4774536e+00
   5.1562955e+00
   4.7159074e+00
   4.2363785e+00
   3.8257495e+00
   3.5690273e+00
   3.4698237e+00
   3.4458605e+00
   3.3917752e+00
   3.2398569e+00
   2.9824579e+00
   2.6702833e+00
   2.3963620e+00
   2.2524269e+00
   2.2567539e+00
   2.3311824e+00
   2.3671278e+00
   2.2885727e+00
   2.0694304e+00
   1.7314405e+00
   1.3440570e+00
   1.0363169e+00
   9.6681606e-01
   1.1169211e+00
   1.3001055e+00
   1.3909526e+00
   1.3438485e+00
   1.1614411e+00
   8.8298959e-01
   5.9666798e-01
   4.9275558e-01
   6.6231726e-01
   8.9133298e-01
   1.0505810e+00
   1.1002439e+00
   1.0386094e+00
   8.8961777e-01
   7.0054480e-01
   5.4420042e-01
   4.9696869e-01
   5.4454166e-01
   5.9469602e-01
   5.8597067e-01
   5.0019031e-01
   3.4944430e-01
   1.9041573e-01
   2.2263981e-01
   4.0472326e-01
   5.6936385e-01
   6.7129381e-01
   6.9459958e-01
   6.4082567e-01
   5.2970328e-01
   4.0625022e-01
   3.5179057e-01
   4.1494926e-01
   5.2512498e-01
   6.0929390e-01
   6.3399251e-01
   5.8919439e-01
   4.8005197e-01
   3.2292819e-01
   1.4384494e-01
   7.0615037e-02
   2.1435990e-01
   3.2583064e-01
   3.8069516e-01
   3.7438898e-01
   3.1255308e-01
   2.1019317e-01
   9.8099001e-02
   1.0016007e-01
   2.0014557e-01
   2.8008071e-01
   3.1902128e-01
   3.1264449e-01
   2.6550262e-01
   1.8939139e-01
   1.0387478e-01
   6.0509538e-02
   1.0738436e-01
   1.5725242e-01
   1.8694981e-01
   2.0225377e-01
   2.1853270e-01
   2.4728567e-01
   2.8385700e-01
   3.1196699e-01
   3.1507984e-01
   2.8249895e-01
   2.1156807e-01
   1.0937869e-01
   4.6271153e-02
   1.6111688e-01
   2.7440693e-01
   3.5431676e-01
   3.8681113e-01
   3.7056318e-01
   3.2965975e-01
   3.3501538e-01
   4.5377912e-01
   6.5430357e-01
   8.7921076e-01
   1.0879423e+00
   1.2522731e+00
   1.3543032e+00
   1.3871970e+00
   1.3559367e+00
   1.2768368e+00
   1.1748257e+00
   1.0771646e+00
   1.0032449e+00
   9.5556993e-01
   9.2194814e-01
   8.8989846e-01
   8.6159242e-01
   8.5850645e-01
   9.0811309e-01
   1.0170633e+00
   1.1614243e+00
   1.3035090e+00
   1.4095614e+00
   1.4578316e+00
   1.4416010e+00
   1.3703287e+00
   1.2690057e+00
   1.1733376e+00
   1.1161608e+00
   1.1068588e+00
   1.1235982e+00
   1.1305570e+00
   1.1004536e+00
   1.0265844e+00
   9.2749035e-01
   8.4713295e-01
   8.3768298e-01
   9.1353263e-01
   1.0340459e+00
   1.1444188e+00
   1.2065740e+00
   1.2049987e+00
   1.1462663e+00
   1.0582587e+00
   9.8565942e-01
   9.7101103e-01
   1.0220217e+00
   1.1046460e+00
   1.1736291e+00
   1.1981442e+00
   1.1694720e+00
   1.1015100e+00
   1.0282721e+00
   9.9274683e-01
   1.0202316e+00
   1.0965963e+00
   1.1825882e+00
   1.2427513e+00
   1.2599998e+00
   1.2383077e+00
   1.2001067e+00
   1.1775080e+00
   1.1948707e+00
   1.2518410e+00
   1.3250260e+00
   1.3861016e+00
   1.4179288e+00
   1.4214594e+00
   1.4148880e+00
   1.4248544e+00
   1.4699812e+00
   1.5463821e+00
   1.6286536e+00
   1.6841011e+00
   1.6870310e+00
   1.6272134e+00
   1.5139066e+00
   1.3770814e+00
   1.2634592e+00
   1.2184061e+00
   1.2533936e+00
   1.3350481e+00
   1.4142473e+00
   1.4557550e+00
   1.4484175e+00
   1.4050530e+00
   1.3573072e+00
   1.3424453e+00
   1.3813547e+00
   1.4639766e+00
   1.5592111e+00
   1.6366770e+00
   1.6809540e+00
   1.6955907e+00
   1.6998929e+00
   1.7191617e+00
   1.7702973e+00
   1.8512139e+00
   1.9429909e+00
   2.0220493e+00
   2.0722760e+00
   2.0914360e+00
   2.0912596e+00
   2.0916264e+00
   2.1101569e+00
   2.1520173e+00
   2.2071157e+00
   2.2570148e+00
   2.2861841e+00
   2.2908657e+00
   2.2821461e+00
   2.2819477e+00
   2.3120948e+00
   2.3810462e+00
   2.4777066e+00
   2.5775134e+00
   2.6554206e+00
   2.6973568e+00
   2.7062158e+00
   2.7015782e+00
   2.7125770e+00
   2.7646355e+00
   2.8660502e+00
   3.0040662e+00
   3.1533395e+00
   3.2892844e+00
   3.3978636e+00
   3.4787835e+00
   3.5426422e+00
   3.6039159e+00
   3.6730121e+00
   3.7516736e+00
   3.8346479e+00
   3.9166257e+00
   4.0000938e+00
   4.0991198e+00
   4.2356859e+00
   4.4287233e+00
   4.6813354e+00
   4.9746412e+00
   5.2722259e+00
   5.5315392e+00
   5.7160146e+00
   5.8041882e+00
   5.7947655e+00
   5.7074041e+00
   5.5786861e+00
   5.4526051e+00
   5.3664016e+00
   5.3364723e+00
   5.3521899e+00
   5.3819331e+00
   5.3870279e+00
   5.3352396e+00
   5.2087001e+00
   5.0057909e+00
   4.7385865e+00
   4.4276809e+00
   4.0960429e+00
   3.7635504e+00
   3.4438185e+00
   3.1443169e+00
   2.8693413e+00
   2.6237825e+00
   2.4149423e+00
   2.2505507e+00
   2.1336480e+00
   2.0581758e+00
   2.0097611e+00
   1.9720077e+00
   1.9338719e+00
   1.8936019e+00
   1.8575013e+00
   1.8341484e+00
   1.8268664e+00
   1.8290808e+00
   1.8258936e+00
   1.8005658e+00
   1.7417469e+00
   1.6484772e+00
   1.5320722e+00
   1.4144070e+00
   1.3211379e+00
   1.2692431e+00
   1.2554283e+00
   1.2573489e+00
   1.2473080e+00
   1.2055130e+00
   1.1263270e+00
   1.0194774e+00
   9.0851540e-01
   8.2484541e-01
   7.9213550e-01
   8.0718353e-01
   8.4220572e-01
   8.6709732e-01
   8.6455604e-01
   8.3298767e-01
   7.8429490e-01
   7.3874791e-01
   7.1516059e-01
   7.1841741e-01
   7.3572226e-01
   7.4653560e-01
   7.3468397e-01
   6.9433117e-01
   6.3126315e-01
   5.6194346e-01
   5.0922548e-01
   4.9023423e-01
   5.0123603e-01
   5.2032768e-01
   5.2508521e-01
   5.0330893e-01
   4.5512043e-01
   3.9299594e-01
   3.4138662e-01
   3.2765963e-01
   3.5547167e-01
   3.9894825e-01
   4.3033426e-01
   4.3377137e-01
   4.0486215e-01
   3.4903452e-01
   2.8180027e-01
   2.3089171e-01
   2.2667560e-01
   2.6421618e-01
   3.1029670e-01
   3.4219800e-01
   3.5241870e-01
   3.4420885e-01
   3.2855495e-01
   3.1959781e-01
   3.2582050e-01
   3.4297942e-01
   3.5811962e-01
   3.5880875e-01
   3.3845745e-01
   2.9815381e-01
   2.4819841e-01
   2.1059262e-01
   2.1178244e-01
   2.5119858e-01
   3.0256400e-01
   3.4495626e-01
   3.6887848e-01
   3.7324784e-01
   3.6319359e-01
   3.4772600e-01
   3.3574969e-01
   3.3086180e-01
   3.2900290e-01
   3.2192558e-01
   3.0316430e-01
   2.7272167e-01
   2.4069798e-01
   2.2853101e-01
   2.5463887e-01
   3.1153209e-01
   3.7732771e-01
   4.3452950e-01
   4.7302370e-01
   4.8896566e-01
   4.8390819e-01
   4.6383262e-01
   4.3737493e-01
   4.1276032e-01
   3.9402723e-01
   3.7906675e-01
   3.6170740e-01
   3.3634649e-01
   3.0205244e-01
   2.6517181e-01
   2.3989087e-01
   2.4118431e-01
   2.6874762e-01
   3.0625732e-01
   3.3648974e-01
   3.4832190e-01
   3.3682954e-01
   3.0248205e-01
   2.5070172e-01
   1.9219120e-01
   1.4484059e-01
   1.3078273e-01
   1.4840685e-01
   1.7105269e-01
   1.8066389e-01
   1.7117442e-01
   1.4403078e-01
   1.0781874e-01
   8.3915755e-02
   9.9107156e-02
   1.3832059e-01
   1.7611923e-01
   2.0112014e-01
   2.0917286e-01
   2.0051298e-01
   1.7912203e-01
   1.5266012e-01
   1.3199931e-01
   1.2667225e-01
   1.3544295e-01
   1.4763296e-01
   1.5367634e-01
   1.4878526e-01
   1.3207749e-01
   1.0536118e-01
   7.2155318e-02
   3.6842739e-02
   4.6780267e-03
   2.3648985e-02
   4.1959871e-02
   5.0468776e-02
   4.9508524e-02
   4.1041074e-02
   2.9064414e-02
   2.2112327e-02
   2.8691100e-02
   4.0613285e-02
   5.0414567e-02
   5.5739157e-02
   5.6324233e-02
   5.3051431e-02
   4.7442214e-02
   4.1126423e-02
   3.5240161e-02
   2.9998049e-02
   2.4884109e-02
   1.9497327e-02
   1.4707189e-02
   1.3767721e-02
   1.8492492e-02
   2.5759161e-02
   3.3074178e-02
   3.9338953e-02
   4.4013699e-02
   4.6703389e-02
   4.6952071e-02
   4.4233979e-02
   3.8189907e-02
   2.9261811e-02
   2.0847897e-02
   2.3313249e-02
   3.7936782e-02
   5.5716178e-02
   7.1778578e-02
   8.3097773e-02
   8.7496136e-02
   8.3721562e-02
   7.1722002e-02
   5.3121150e-02
   3.3272191e-02
   2.9855297e-02
   4.9466917e-02
   7.2387658e-02
   9.0129632e-02
   9.9206838e-02
   9.8054958e-02
   8.6641162e-02
   6.6334527e-02
   3.9701367e-02
   1.0705124e-02
   2.0519945e-02
   4.5966734e-02
   6.5618367e-02
   7.8254734e-02
   8.4507764e-02
   8.6678418e-02
   8.7950052e-02
   9.0614315e-02
   9.4372728e-02
   9.6628445e-02
   9.4467516e-02
   8.6643980e-02
   7.5369638e-02
   6.8391450e-02
   7.6024364e-02
   9.7633016e-02
   1.2333805e-01
   1.4470559e-01
   1.5652159e-01
   1.5666216e-01
   1.4685461e-01
   1.3437102e-01
   1.3257867e-01
   1.5197412e-01
   1.8784289e-01
   2.2737980e-01
   2.5962921e-01
   2.7738792e-01
   2.7731112e-01
   2.6060302e-01
   2.3464656e-01
   2.1510785e-01
   2.2197852e-01
   2.6126521e-01
   3.1899437e-01
   3.7777473e-01
   4.2527693e-01
   4.5439475e-01
   4.6258157e-01
   4.5155107e-01
   4.2697976e-01
   3.9769224e-01
   3.7351916e-01
   3.6125654e-01
   3.6071138e-01
   3.6511051e-01
   3.6582476e-01
   3.5677128e-01
   3.3633296e-01
   3.0759638e-01
   2.7763149e-01
   2.5525892e-01
   2.4623655e-01
   2.4847975e-01
   2.5351020e-01
   2.5253848e-01
   2.4052846e-01
   2.1730949e-01
   1.8768896e-01
   1.6129097e-01
   1.4964418e-01
   1.5636547e-01
   1.7212037e-01
   1.8480284e-01
   1.8728712e-01
   1.7830299e-01
   1.6214915e-01
   1.4843802e-01
   1.4841565e-01
   1.6486739e-01
   1.8915705e-01
   2.1065464e-01
   2.2274812e-01
   2.2373246e-01
   2.1668229e-01
   2.0886778e-01
   2.0905002e-01
   2.2162486e-01
   2.4284370e-01
   2.6425346e-01
   2.7809080e-01
   2.7990797e-01
   2.6925362e-01
   2.4969269e-01
   2.2828883e-01
   2.1355905e-01
   2.1073589e-01
   2.1747010e-01
   2.2600720e-01
   2.2908331e-01
   2.2339727e-01
   2.1044029e-01
   1.9605043e-01
   1.8812242e-01
   1.9125266e-01
   2.0224188e-01
   2.1271286e-01
   2.1488797e-01
   2.0475307e-01
   1.8321775e-01
   1.5724272e-01
   1.4078169e-01
   1.4772021e-01
   1.7495120e-01
   2.0699571e-01
   2.3133500e-01
   2.4149285e-01
   2.3619827e-01
   2.1907945e-01
   1.9868342e-01
   1.8691025e-01
   1.9205839e-01
   2.1072805e-01
   2.3165285e-01
   2.4475407e-01
   2.4470882e-01
   2.3122060e-01
   2.0884895e-01
   1.8664710e-01
   1.7557089e-01
   1.8081793e-01
   1.9643943e-01
   2.1183073e-01
   2.1960560e-01
   2.1787323e-01
   2.1005442e-01
   2.0356750e-01
   2.0597044e-01
   2.1903662e-01
   2.3709643e-01
   2.5174533e-01
   2.5665315e-01
   2.4973217e-01
   2.3396116e-01
   2.1751075e-01
   2.1145081e-01
   2.2233720e-01
   2.4583145e-01
   2.7121726e-01
   2.8929863e-01
   2.9586105e-01
   2.9247413e-01
   2.8628194e-01
   2.8762729e-01
   3.0381190e-01
   3.3301158e-01
   3.6576266e-01
   3.9129700e-01
   4.0208603e-01
   3.9601006e-01
   3.7779290e-01
   3.5996777e-01
   3.6041564e-01
   3.9160474e-01
   4.4968308e-01
   5.1916909e-01
   5.8387894e-01
   6.3184969e-01
   6.5616504e-01
   6.5482888e-01
   6.3048188e-01
   5.8992655e-01
   5.4319985e-01
   5.0165645e-01
   4.7447890e-01
   4.6458162e-01
   4.6749755e-01
   4.7502235e-01
   4.8004811e-01
   4.7902300e-01
   4.7193998e-01
   4.6099447e-01
   4.4874982e-01
   4.3650678e-01
   4.2359521e-01
   4.0791257e-01
   3.8728142e-01
   3.6082126e-01
   3.2977424e-01
   2.9758238e-01
   2.6906892e-01
   2.4851175e-01
   2.3710604e-01
   2.3192030e-01
   2.2781772e-01
   2.2048683e-01
   2.0824101e-01
   1.9233591e-01
   1.7629760e-01
   1.6425395e-01
   1.5831034e-01
   1.5670807e-01
   1.5495181e-01
   1.4864084e-01
   1.3539470e-01
   1.1552752e-01
   9.2391951e-02
   7.3161342e-02
   6.7622026e-02
   7.7021574e-02
   9.1058156e-02
   1.0112943e-01
   1.0358438e-01
   9.8231601e-02
   8.7621452e-02
   7.6815385e-02
   7.1995264e-02
   7.5566345e-02
   8.3187576e-02
   8.8591243e-02
   8.7627268e-02
   7.8740158e-02
   6.2683995e-02
   4.2863378e-02
   2.8918897e-02
   3.6096881e-02
   5.3736572e-02
   6.8585860e-02
   7.6103650e-02
   7.4857028e-02
   6.5304826e-02
   4.9780100e-02
   3.3716347e-02
   2.9267851e-02
   4.0895028e-02
   5.5218933e-02
   6.4702224e-02
   6.6666688e-02
   6.0537323e-02
   4.7162707e-02
   2.8488358e-02
   7.6407233e-03
   1.5166871e-02
   3.3661613e-02
   4.7684083e-02
   5.6239396e-02
   5.9914100e-02
   6.0938656e-02
   6.2689578e-02
   6.7803947e-02
   7.6051040e-02
   8.4741247e-02
   9.0757933e-02
   9.1838816e-02
   8.6992680e-02
   7.6610852e-02
   6.2590787e-02
   4.8768844e-02
   4.1332166e-02
   4.4382001e-02
   5.3267983e-02
   6.1482798e-02
   6.5676400e-02
   6.4790164e-02
   5.9125407e-02
   4.9838315e-02
   3.8553639e-02
   2.6993332e-02
   1.6615984e-02
   8.3582108e-03
   3.5874578e-03
   6.5094242e-03
   1.2140032e-02
   1.8297020e-02
   2.4171784e-02
   2.8923461e-02
   3.2100266e-02
   3.4107265e-02
   3.6413780e-02
   4.0893908e-02
   4.8234208e-02
   5.7233027e-02
   6.5696475e-02
   7.1431038e-02
   7.2742290e-02
   6.8677402e-02
   5.9174271e-02
   4.5213568e-02
   2.9400776e-02
   1.9535367e-02
   2.6999907e-02
   4.1165472e-02
   5.3114308e-02
   6.0123208e-02
   6.1330200e-02
   5.6978561e-02
   4.8258255e-02
   3.7279793e-02
   2.7278967e-02
   2.2527636e-02
   2.4075923e-02
   2.7173353e-02
   2.7952220e-02
   2.5211909e-02
   1.9542195e-02
   1.3810421e-02
   1.4789228e-02
   2.2941177e-02
   3.2549384e-02
   4.1169596e-02
   4.8074041e-02
   5.3266561e-02
   5.7049022e-02
   5.9641239e-02
   6.0915482e-02
   6.0381965e-02
   5.7418283e-02
   5.1595317e-02
   4.2959853e-02
   3.2251783e-02
   2.1288730e-02
   1.4476790e-02
   1.6981325e-02
   2.3090015e-02
   2.7128256e-02
   2.7396421e-02
   2.3897574e-02
   1.8126678e-02
   1.4344017e-02
   1.7856673e-02
   2.5255793e-02
   3.1570317e-02
   3.4544447e-02
   3.3525176e-02
   2.9502151e-02
   2.6101373e-02
   2.9085180e-02
   3.9031618e-02
   5.1202832e-02
   6.1649387e-02
   6.7897569e-02
   6.8550575e-02
   6.3174957e-02
   5.2251225e-02
   3.7064531e-02
   1.9505845e-02
   1.7960710e-03
   1.3835586e-02
   2.5470029e-02
   3.1780066e-02
   3.2229579e-02
   2.7189394e-02
   1.8083606e-02
   9.0699134e-03
   1.3231515e-02
   2.3745603e-02
   3.2006287e-02
   3.5911245e-02
   3.4860079e-02
   2.9521714e-02
   2.2459319e-02
   1.9649046e-02
   2.5354020e-02
   3.4124144e-02
   4.0691770e-02
   4.2535519e-02
   3.8774606e-02
   3.0188753e-02
   2.1073101e-02
   2.3371194e-02
   3.7995637e-02
   5.4590350e-02
   6.8119842e-02
   7.5929386e-02
   7.6567905e-02
   6.9720651e-02
   5.6364634e-02
   3.9420812e-02
   2.7232219e-02
   3.4129559e-02
   5.2322347e-02
   7.0031336e-02
   8.2973921e-02
   8.9452475e-02
   8.9121713e-02
   8.2701211e-02
   7.1782648e-02
   5.8592428e-02
   4.5665747e-02
   3.5277244e-02
   2.8336103e-02
   2.3446318e-02
   1.8125612e-02
   1.1199539e-02
   6.8365832e-03
   1.4636763e-02
   2.5504735e-02
   3.5046703e-02
   4.1427388e-02
   4.3530072e-02
   4.0929366e-02
   3.3926450e-02
   2.3522292e-02
   1.1485068e-02
   5.4239126e-03
   1.4752639e-02
   2.3042218e-02
   2.7860011e-02
   2.9242284e-02
   2.8763731e-02
   2.9573121e-02
   3.4390717e-02
   4.2519151e-02
   5.1041227e-02
   5.7190551e-02
   5.9041805e-02
   5.5639828e-02
   4.7185671e-02
   3.5639339e-02
   2.6993574e-02
   3.1316455e-02
   4.5646363e-02
   6.0935644e-02
   7.2713881e-02
   7.8928556e-02
   7.9106096e-02
   7.4540124e-02
   6.8855292e-02
   6.7903165e-02
   7.6053830e-02
   9.1559485e-02
   1.0914942e-01
   1.2414770e-01
   1.3347154e-01
   1.3559096e-01
   1.3050504e-01
   1.1980486e-01
   1.0674263e-01
   9.5965918e-02
   9.1834933e-02
   9.5079953e-02
   1.0199348e-01
   1.0780723e-01
   1.0939719e-01
   1.0591341e-01
   9.8735562e-02
   9.1260639e-02
   8.7861513e-02
   9.1051500e-02
   9.9113705e-02
   1.0778471e-01
   1.1326344e-01
   1.1350376e-01
   1.0841896e-01
   9.9838574e-02
   9.1251273e-02
   8.6652265e-02
   8.7885656e-02
   9.2840045e-02
   9.7307346e-02
   9.7751734e-02
   9.2456869e-02
   8.1731112e-02
   6.8078797e-02
   5.6601601e-02
   5.3715559e-02
   6.0293441e-02
   6.9964942e-02
   7.6701373e-02
   7.7440806e-02
   7.1556357e-02
   6.0613577e-02
   4.8895264e-02
   4.3915315e-02
   5.0269879e-02
   6.2324407e-02
   7.2918392e-02
   7.8225862e-02
   7.7014179e-02
   7.0191102e-02
   6.1015248e-02
   5.5298693e-02
   5.8384024e-02
   6.8859124e-02
   8.0785071e-02
   8.9443669e-02
   9.2443140e-02
   8.9358361e-02
   8.1513965e-02
   7.1873593e-02
   6.4539101e-02
   6.2669431e-02
   6.5483677e-02
   6.9014017e-02
   6.9607599e-02
   6.5642985e-02
   5.7910012e-02
   5.0113341e-02
   4.8651604e-02
   5.6873849e-02
   7.0443159e-02
   8.3459783e-02
   9.2072030e-02
   9.4278662e-02
   8.9528000e-02
   7.8517405e-02
   6.3071921e-02
   4.6170304e-02
   3.2456382e-02
   2.7905140e-02
   3.1731118e-02
   3.6174743e-02
   3.6979340e-02
   3.3627609e-02
   2.8326129e-02
   2.6359134e-02
   3.2120064e-02
   4.2518373e-02
   5.2713490e-02
   5.9822519e-02
   6.2445840e-02
   6.0281017e-02
   5.3979710e-02
   4.5063908e-02
   3.5860502e-02
   2.9226845e-02
   2.6983546e-02
   2.7662951e-02
   2.8337671e-02
   2.7803515e-02
   2.7382573e-02
   3.0130862e-02
   3.7572817e-02
   4.7956658e-02
   5.8544616e-02
   6.7097457e-02
   7.2095388e-02
   7.2762143e-02
   6.9093800e-02
   6.1876488e-02
   5.2687753e-02
   4.3845790e-02
   3.7950919e-02
   3.6231453e-02
   3.7019944e-02
   3.7375800e-02
   3.5331331e-02
   3.0474087e-02
   2.4173533e-02
   2.0525292e-02
   2.4245977e-02
   3.2907508e-02
   4.1670906e-02
   4.7714077e-02
   4.9528454e-02
   4.6468603e-02
   3.8655478e-02
   2.7008776e-02
   1.3932872e-02
   1.1276394e-02
   2.3780365e-02
   3.6350887e-02
   4.5409065e-02
   4.9569133e-02
   4.8247473e-02
   4.1563883e-02
   3.0292123e-02
   1.5759122e-02
   1.0991386e-03
   1.6273534e-02
   3.0028898e-02
   4.0230401e-02
   4.5859671e-02
   4.6508294e-02
   4.2415041e-02
   3.4421485e-02
   2.3847777e-02
   1.2304554e-02
   1.4707827e-03
   7.1761782e-03
   1.2508350e-02
   1.4020266e-02
   1.2021878e-02
   8.5536288e-03
   9.9001311e-03
   1.7091073e-02
   2.5009685e-02
   3.1103251e-02
   3.3952950e-02
   3.2808497e-02
   2.7574198e-02
   1.8807578e-02
   7.7456702e-03
   5.3835881e-03
   1.6510081e-02
   2.5546151e-02
   3.0847754e-02
   3.1492932e-02
   2.7196254e-02
   1.8365061e-02
   6.3824769e-03
   9.6044192e-03
   2.4311797e-02
   3.7810811e-02
   4.8270125e-02
   5.4444086e-02
   5.5680933e-02
   5.1994383e-02
   4.4064922e-02
   3.3184133e-02
   2.1264618e-02
   1.1696518e-02
   1.1388542e-02
   1.6876294e-02
   2.0874552e-02
   2.2177972e-02
   2.1882554e-02
   2.2495970e-02
   2.6155778e-02
   3.2287223e-02
   3.8665104e-02
   4.3281811e-02
   4.4826103e-02
   4.2687797e-02
   3.6910343e-02
   2.8111695e-02
   1.7369332e-02
   6.2364302e-03
   5.7210574e-03
   1.4222648e-02
   2.0182670e-02
   2.2863433e-02
   2.2252452e-02
   1.8869994e-02
   1.3774482e-02
   8.9078012e-03
   7.9156026e-03
   1.0939889e-02
   1.3952603e-02
   1.5331798e-02
   1.4919516e-02
   1.3389499e-02
   1.2145005e-02
   1.2611348e-02
   1.4606807e-02
   1.6675275e-02
   1.7616012e-02
   1.6877400e-02
   1.4524767e-02
   1.1338157e-02
   9.2550904e-03
   1.0565781e-02
   1.4192775e-02
   1.7870787e-02
   2.0466031e-02
   2.1581286e-02
   2.1256622e-02
   1.9816217e-02
   1.7712799e-02
   1.5353704e-02
   1.2990413e-02
   1.0837363e-02
   9.5327770e-03
   1.0331141e-02
   1.3560694e-02
   1.8054769e-02
   2.2517524e-02
   2.5915911e-02
   2.7461492e-02
   2.6649211e-02
   2.3317112e-02
   1.7678419e-02
   1.0305604e-02
   2.0846915e-03
   6.0676937e-03
   1.2942206e-02
   1.7670337e-02
   1.9576852e-02
   1.8362189e-02
   1.4166549e-02
   7.6762732e-03
   3.3621603e-03
   1.0850607e-02
   1.9066810e-02
   2.5734030e-02
   2.9921310e-02
   3.1119535e-02
   2.9252050e-02
   2.4676704e-02
   1.8154340e-02
   1.0878645e-02
   5.4753943e-03
   7.4170620e-03
   1.1626784e-02
   1.4171814e-02
   1.4428623e-02
   1.2517173e-02
   8.9524365e-03
   4.5304622e-03
   1.4442080e-03
   4.6219764e-03
   7.5258496e-03
   9.3811006e-03
   1.0627541e-02
   1.2103208e-02
   1.4363096e-02
   1.7144224e-02
   1.9663680e-02
   2.1159136e-02
   2.1207088e-02
   1.9918707e-02
   1.8120570e-02
   1.7333492e-02
   1.8747052e-02
   2.1769310e-02
   2.4712989e-02
   2.6121353e-02
   2.5143122e-02
   2.1585678e-02
   1.6113079e-02
   1.1322258e-02
   1.2955872e-02
   2.0047712e-02
   2.7572170e-02
   3.3258668e-02
   3.6045276e-02
   3.5531006e-02
   3.1904847e-02
   2.5945773e-02
   1.9091838e-02
   1.3727360e-02
   1.2597855e-02
   1.4521627e-02
   1.5835270e-02
   1.4733289e-02
   1.1007981e-02
   6.3022109e-03
   7.9944160e-03
   1.5341302e-02
   2.2534705e-02
   2.7584896e-02
   2.9367019e-02
   2.7315902e-02
   2.1481784e-02
   1.2736045e-02
   5.9858442e-03
   1.4367424e-02
   2.5738066e-02
   3.5350862e-02
   4.1678040e-02
   4.3872540e-02
   4.1724633e-02
   3.5733510e-02
   2.7260950e-02
   1.9173345e-02
   1.6956207e-02
   2.2133266e-02
   2.8790607e-02
   3.3298520e-02
   3.4457196e-02
   3.2332004e-02
   2.8071825e-02
   2.4060886e-02
   2.3358951e-02
   2.6606285e-02
   3.1093748e-02
   3.4059395e-02
   3.3939028e-02
   3.0158016e-02
   2.2903190e-02
   1.2967401e-02
   1.9873865e-03
   1.0220223e-02
   2.0348972e-02
   2.7879765e-02
   3.1879305e-02
   3.1908521e-02
   2.8056057e-02
   2.0918874e-02
   1.1537593e-02
   2.1232743e-03
   9.3893569e-03
   1.7725135e-02
   2.3401945e-02
   2.5687429e-02
   2.4346859e-02
   1.9638356e-02
   1.2342215e-02
   4.7634943e-03
   8.8616025e-03
   1.7735062e-02
   2.5341458e-02
   3.0543709e-02
   3.2843435e-02
   3.2268005e-02
   2.9449363e-02
   2.5764858e-02
   2.3358944e-02
   2.4072562e-02
   2.7412133e-02
   3.1187824e-02
   3.3510298e-02
   3.3355566e-02
   3.0590090e-02
   2.6226275e-02
   2.3132349e-02
   2.5392304e-02
   3.3203899e-02
   4.3067652e-02
   5.2024174e-02
   5.8159782e-02
   6.0297668e-02
   5.7948025e-02
   5.1425347e-02
   4.2180029e-02
   3.3687511e-02
   3.2062450e-02
   3.9798403e-02
   5.1710211e-02
   6.2895309e-02
   7.0744178e-02
   7.4039493e-02
   7.2580088e-02
   6.7108029e-02
   5.9320674e-02
   5.1818583e-02
   4.7477615e-02
   4.7540631e-02
   5.0242695e-02
   5.2500048e-02
   5.1966738e-02
   4.7526581e-02
   3.9119585e-02
   2.7523364e-02
   1.4366409e-02
   6.6021059e-03
   1.6365190e-02
   2.6905883e-02
   3.4436737e-02
   3.8245875e-02
   3.8400653e-02
   3.5582153e-02
   3.0973022e-02
   2.6060578e-02
   2.2208938e-02
   1.9915074e-02
   1.8486530e-02
   1.7007127e-02
   1.5629953e-02
   1.5992296e-02
   1.9463975e-02
   2.5024021e-02
   3.0654170e-02
   3.4698213e-02
   3.6033798e-02
   3.4067426e-02
   2.8742194e-02
   2.0537403e-02
   1.0602511e-02
   5.2519979e-03
   1.4311954e-02
   2.4023059e-02
   3.1764398e-02
   3.6891546e-02
   3.9349456e-02
   3.9569305e-02
   3.8329823e-02
   3.6486485e-02
   3.4595519e-02
   3.2636825e-02
   3.0095642e-02
   2.6365284e-02
   2.1185553e-02
   1.5060084e-02
   1.0343026e-02
   1.1892343e-02
   1.7927967e-02
   2.3946504e-02
   2.8134942e-02
   2.9841103e-02
   2.9170904e-02
   2.7063739e-02
   2.5390670e-02
   2.6289340e-02
   3.0222275e-02
   3.5564509e-02
   4.0338219e-02
   4.3148323e-02
   4.3250537e-02
   4.0465837e-02
   3.5092192e-02
   2.7808280e-02
   1.9580466e-02
   1.1684385e-02
   6.5288290e-03
   7.6168552e-03
   1.0795340e-02
   1.2746041e-02
   1.3026265e-02
   1.1907956e-02
   9.9211935e-03
   7.6798687e-03
   5.7715013e-03
   4.6995364e-03
   4.7682084e-03
   5.8551952e-03
   7.5435067e-03
   9.3494160e-03
   1.0760381e-02
   1.1292236e-02
   1.0584695e-02
   8.5005856e-03
   5.2821261e-03
   2.8678415e-03
   6.0363957e-03
   1.0684731e-02
   1.4697147e-02
   1.7305575e-02
   1.8077233e-02
   1.6943849e-02
   1.4363483e-02
   1.1703196e-02
   1.1478986e-02
   1.4630174e-02
   1.9008484e-02
   2.2635513e-02
   2.4407157e-02
   2.3789955e-02
   2.0713659e-02
   1.5575108e-02
   9.4847173e-03
   6.3829698e-03
   1.0812177e-02
   1.6792853e-02
   2.1415497e-02
   2.3774352e-02
   2.3534942e-02
   2.0758058e-02
   1.5837337e-02
   9.4275006e-03
   2.4568391e-03
   4.9043113e-03
   1.1000767e-02
   1.5715015e-02
   1.8692676e-02
   1.9884822e-02
   1.9500766e-02
   1.7943276e-02
   1.5710508e-02
   1.3278091e-02
   1.0996099e-02
   9.0687069e-03
   7.6770394e-03
   7.1330185e-03
   7.6590648e-03
   8.9314866e-03
   1.0285292e-02
   1.1145329e-02
   1.1182366e-02
   1.0390111e-02
   9.2098515e-03
   8.6261396e-03
   9.5521223e-03
   1.1618344e-02
   1.3691251e-02
   1.4848897e-02
   1.4548069e-02
   1.2615347e-02
   9.3352242e-03
   6.0677506e-03
   6.8294054e-03
   1.1476098e-02
   1.6526863e-02
   2.0592433e-02
   2.3012959e-02
   2.3483109e-02
   2.2007979e-02
   1.8883421e-02
   1.4661128e-02
   1.0121931e-02
   6.3655661e-03
   4.9133840e-03
   5.5537742e-03
   6.0660800e-03
   5.4927524e-03
   3.8222290e-03
   1.5407721e-03
   1.7689173e-03
   4.0762836e-03
   5.8489691e-03
   6.9213321e-03
   7.7319527e-03
   9.1781125e-03
   1.1822708e-02
   1.5313565e-02
   1.8831567e-02
   2.1560764e-02
   2.2875002e-02
   2.2446767e-02
   2.0360600e-02
   1.7278823e-02
   1.4689173e-02
   1.4562717e-02
   1.7100355e-02
   2.0337042e-02
   2.2429073e-02
   2.2286786e-02
   1.9413162e-02
   1.3799777e-02
   5.9235053e-03
   4.2552585e-03
   1.4354271e-02
   2.4282302e-02
   3.2887998e-02
   3.9367190e-02
   4.3245264e-02
   4.4454306e-02
   4.3374531e-02
   4.0820681e-02
   3.7929457e-02
   3.5849954e-02
   3.5215338e-02
   3.5786171e-02
   3.6743520e-02
   3.7317268e-02
   3.7166432e-02
   3.6425580e-02
   3.5542588e-02
   3.4981814e-02
   3.4904847e-02
   3.5043714e-02
   3.4870259e-02
   3.3897839e-02
   3.1913915e-02
   2.9095667e-02
   2.6040519e-02
   2.3680179e-02
   2.2890646e-02
   2.3811725e-02
   2.5686518e-02
   2.7490137e-02
   2.8441031e-02
   2.8098082e-02
   2.6299038e-02
   2.3087941e-02
   1.8665817e-02
   1.3381606e-02
   7.8651329e-03
   4.3598840e-03
   7.1470024e-03
   1.1638010e-02
   1.5237164e-02
   1.7242336e-02
   1.7318466e-02
   1.5380317e-02
   1.1633606e-02
   6.8134228e-03
   4.5241237e-03
   9.1782625e-03
   1.4994766e-02
   1.9787900e-02
   2.2724394e-02
   2.3345321e-02
   2.1532576e-02
   1.7570827e-02
   1.2372172e-02
   8.6346316e-03
   1.1030167e-02
   1.7096697e-02
   2.3155741e-02
   2.7919238e-02
   3.0970653e-02
   3.2409831e-02
   3.2762361e-02
   3.2827843e-02
   3.3355739e-02
   3.4636739e-02
   3.6348953e-02
   3.7819843e-02
   3.8425851e-02
   3.7859946e-02
   3.6242481e-02
   3.4123724e-02
   3.2359223e-02
   3.1766343e-02
   3.2627548e-02
   3.4500039e-02
   3.6570018e-02
   3.8104862e-02
   3.8652988e-02
   3.8042694e-02
   3.6302945e-02
   3.3571870e-02
   3.0028434e-02
   2.5874530e-02
   2.1390812e-02
   1.7094547e-02
   1.4001030e-02
   1.3470996e-02
   1.5614859e-02
   1.8924727e-02
   2.2000289e-02
   2.4038921e-02
   2.4661342e-02
   2.3800094e-02
   2.1647601e-02
   1.8608048e-02
   1.5227119e-02
   1.2076167e-02
   9.5526666e-03
   7.6311211e-03
   5.8495613e-03
   3.6969918e-03
   1.1900763e-03
   2.8421873e-03
   6.3925052e-03
   9.7912878e-03
   1.2527743e-02
   1.4220145e-02
   1.4650120e-02
   1.3801196e-02
   1.1870526e-02
   9.2561271e-03
   6.5360871e-03
   4.4454748e-03
   3.5426068e-03
   3.2367787e-03
   2.4030319e-03
   6.1784104e-04
   2.4510872e-03
   6.0889246e-03
   1.0030066e-02
   1.3752263e-02
   1.6768659e-02
   1.8700730e-02
   1.9341492e-02
   1.8698227e-02
   1.7014453e-02
   1.4775777e-02
   1.2685439e-02
   1.1488258e-02
   1.1474967e-02
   1.2184965e-02
   1.2913055e-02
   1.3214517e-02
   1.2969487e-02
   1.2286444e-02
   1.1395143e-02
   1.0550157e-02
   9.9531571e-03
   9.7083453e-03
   9.8118267e-03
   1.0154368e-02
   1.0533827e-02
   1.0705964e-02
   1.0500215e-02
   1.0022942e-02
   9.9368412e-03
   1.1366620e-02
   1.4777289e-02
   1.9505246e-02
   2.4542903e-02
   2.8939400e-02
   3.1865128e-02
   3.2662717e-02
   3.0915279e-02
   2.6506276e-02
   1.9650605e-02
   1.0886062e-02
   1.0606023e-03
   8.9859352e-03
   1.8052091e-02
   2.5232443e-02
   2.9762874e-02
   3.1189381e-02
   2.9433826e-02
   2.4811944e-02
   1.7998958e-02
   9.9468571e-03
   1.7928550e-03
   5.5026856e-03
   1.0798927e-02
   1.3518558e-02
   1.3446927e-02
   1.1087429e-02
   8.6489425e-03
   1.0846954e-02
   1.7275859e-02
   2.4400873e-02
   3.0301936e-02
   3.3837785e-02
   3.4332182e-02
   3.1548086e-02
   2.5683694e-02
   1.7341868e-02
   7.5583850e-03
   4.3229041e-03
   1.3822971e-02
   2.2324046e-02
   2.8645581e-02
   3.2355741e-02
   3.3460533e-02
   3.2402996e-02
   3.0036001e-02
   2.7509874e-02
   2.5940461e-02
   2.5815369e-02
   2.6684443e-02
   2.7634245e-02
   2.7931203e-02
   2.7267980e-02
   2.5725680e-02
   2.3637250e-02
   2.1413225e-02
   1.9356964e-02
   1.7536912e-02
   1.5805841e-02
   1.3959610e-02
   1.1907138e-02
   9.7493540e-03
   7.7581867e-03
   6.2597125e-03
   5.3952971e-03
   4.9449420e-03
   4.5746385e-03
   4.2066093e-03
   4.0516664e-03
   4.2664473e-03
   4.6222728e-03
   4.7263224e-03
   4.4373113e-03
   4.2809612e-03
   5.4788319e-03
   8.2602434e-03
   1.1792837e-02
   1.5278678e-02
   1.8057954e-02
   1.9597972e-02
   1.9537822e-02
   1.7740367e-02
   1.4328369e-02
   9.7142138e-03
   4.8236567e-03
   3.7562722e-03
   7.6749916e-03
   1.1132119e-02
   1.2946214e-02
   1.2764903e-02
   1.0602092e-02
   6.8597531e-03
   3.1621817e-03
   5.7288227e-03
   1.0855977e-02
   1.5367324e-02
   1.8508953e-02
   1.9997197e-02
   1.9964326e-02
   1.9007427e-02
   1.8137807e-02
   1.8340216e-02
   1.9753811e-02
   2.1522861e-02
   2.2530643e-02
   2.1948394e-02
   1.9374521e-02
   1.4823685e-02
   8.6795846e-03
   1.7995881e-03
   5.8499570e-03
   1.2321690e-02
   1.7284759e-02
   2.0101651e-02
