   1.7926310e+01
   1.7772563e+01
   1.7300392e+01
   1.6474934e+01
   1.5229660e+01
   1.3446684e+01
   1.0904992e+01
   7.1180127e+00
   5.9745299e-01
  -1.1934056e+01
   1.3759266e-03
   4.3753448e+00
   6.1992142e+00
   6.6576915e+00
   6.0927128e+00
   4.6074998e+00
   2.3212235e+00
   2.3009782e-02
  -2.1283841e-01
   1.4294711e+00
   2.9865586e+00
   3.8934675e+00
   4.2143048e+00
   4.1204204e+00
   3.7657637e+00
   3.1980133e+00
   2.2747196e+00
   6.1319796e-01
  -2.5633775e+00
  -8.6008154e+00
  -6.1270508e+00
   5.0576767e-01
   4.3606622e+00
   6.6510266e+00
   7.8574950e+00
   8.1371990e+00
   7.4673185e+00
   5.6189540e+00
   1.8676561e+00
  -7.1214411e+00
  -7.4226952e+00
   1.3303561e+00
   4.6566217e+00
   5.8332873e+00
   5.3511435e+00
   2.8212224e+00
  -4.1094988e+00
  -4.3807716e+00
   4.7346142e+00
   9.1586849e+00
   1.1710146e+01
   1.3114477e+01
   1.3618976e+01
   1.3277950e+01
   1.1997992e+01
   9.4538381e+00
   4.6672369e+00
  -5.1392757e+00
   1.8523310e+00
   7.3451641e+00
   9.8626509e+00
   1.0813943e+01
   1.0579001e+01
   9.1760834e+00
   6.3457884e+00
   1.6911917e+00
  -6.5489625e-01
   3.3909116e+00
   6.0995584e+00
   6.9686605e+00
   6.1750338e+00
   3.2489010e+00
  -4.7283477e+00
  -6.7139038e+00
   3.1682759e+00
   6.8351652e+00
   8.1654998e+00
   7.6690382e+00
   4.8282850e+00
  -2.3554975e+00
   3.1297852e+00
   1.0094006e+01
   1.3988661e+01
   1.6338783e+01
   1.7659700e+01
   1.8167219e+01
   1.7985702e+01
   1.7292697e+01
   1.6555113e+01
   1.6613850e+01
   1.7750670e+01
   1.9211798e+01
   2.0318389e+01
   2.0796541e+01
   2.0545081e+01
   1.9544314e+01
   1.8103679e+01
   1.7687519e+01
   1.9610245e+01
   2.2274496e+01
   2.4442027e+01
   2.5910671e+01
   2.6725637e+01
   2.6965440e+01
   2.6751340e+01
   2.6348521e+01
   2.6268701e+01
   2.6987193e+01
   2.8345968e+01
   2.9799848e+01
   3.0987748e+01
   3.1785587e+01
   3.2200013e+01
   3.2334417e+01
   3.2417968e+01
   3.2795452e+01
   3.3710951e+01
   3.5053262e+01
   3.6496708e+01
   3.7780733e+01
   3.8772651e+01
   3.9415899e+01
   3.9682607e+01
   3.9547349e+01
   3.8971703e+01
   3.7890265e+01
   3.6191711e+01
   3.3698844e+01
   3.0277895e+01
   2.7284248e+01
   2.8763536e+01
   3.1849089e+01
   3.4095075e+01
   3.5493420e+01
   3.6247087e+01
   3.6506749e+01
   3.6390157e+01
   3.6014011e+01
   3.5515338e+01
   3.5046448e+01
   3.4726125e+01
   3.4574821e+01
   3.4509019e+01
   3.4406497e+01
   3.4172011e+01
   3.3765328e+01
   3.3207611e+01
   3.2582415e+01
   3.2020724e+01
   3.1643155e+01
   3.1475163e+01
   3.1422322e+01
   3.1336590e+01
   3.1091281e+01
   3.0610116e+01
   2.9869013e+01
   2.8900861e+01
   2.7814768e+01
   2.6808812e+01
   2.6104853e+01
   2.5779948e+01
   2.5688991e+01
   2.5602827e+01
   2.5355480e+01
   2.4878911e+01
   2.4190441e+01
   2.3386190e+01
   2.2632779e+01
   2.2110732e+01
   2.1899466e+01
   2.1918431e+01
   2.2004815e+01
   2.2016028e+01
   2.1861246e+01
   2.1485165e+01
   2.0845131e+01
   1.9898115e+01
   1.8604298e+01
   1.6966012e+01
   1.5158436e+01
   1.3768169e+01
   1.3530400e+01
   1.4200522e+01
   1.4907342e+01
   1.5159813e+01
   1.4865165e+01
   1.4287642e+01
   1.4253034e+01
   1.5555444e+01
   1.7657657e+01
   1.9664092e+01
   2.1216388e+01
   2.2255624e+01
   2.2807493e+01
   2.2922247e+01
   2.2678717e+01
   2.2219550e+01
   2.1790450e+01
   2.1690650e+01
   2.2057163e+01
   2.2733242e+01
   2.3450803e+01
   2.4030452e+01
   2.4413927e+01
   2.4628309e+01
   2.4749979e+01
   2.4866638e+01
   2.5030409e+01
   2.5223886e+01
   2.5367555e+01
   2.5357580e+01
   2.5098572e+01
   2.4518181e+01
   2.3577978e+01
   2.2311831e+01
   2.0940266e+01
   2.0019440e+01
   2.0115393e+01
   2.1002686e+01
   2.2012440e+01
   2.2749787e+01
   2.3095306e+01
   2.3049758e+01
   2.2669738e+01
   2.2062027e+01
   2.1390754e+01
   2.0844952e+01
   2.0533894e+01
   2.0400515e+01
   2.0277163e+01
   2.0011215e+01
   1.9538603e+01
   1.8911982e+01
   1.8314408e+01
   1.8001474e+01
   1.8102300e+01
   1.8481227e+01
   1.8884354e+01
   1.9135796e+01
   1.9192113e+01
   1.9127694e+01
   1.9102484e+01
   1.9279712e+01
   1.9701108e+01
   2.0250137e+01
   2.0750635e+01
   2.1066849e+01
   2.1132270e+01
   2.0944808e+01
   2.0566151e+01
   2.0127848e+01
   1.9810598e+01
   1.9752807e+01
   1.9940591e+01
   2.0220722e+01
   2.0417707e+01
   2.0413342e+01
   2.0160002e+01
   1.9675469e+01
   1.9046715e+01
   1.8431802e+01
   1.8013005e+01
   1.7878362e+01
   1.7944396e+01
   1.8030765e+01
   1.7981416e+01
   1.7716217e+01
   1.7233055e+01
   1.6604811e+01
   1.5972376e+01
   1.5496010e+01
   1.5249977e+01
   1.5156267e+01
   1.5047189e+01
   1.4771574e+01
   1.4246756e+01
   1.3471305e+01
   1.2539895e+01
   1.1654331e+01
   1.1050997e+01
   1.0806148e+01
   1.0745954e+01
   1.0608541e+01
   1.0210517e+01
   9.4914864e+00
   8.5311467e+00
   7.5910485e+00
   7.0530141e+00
   7.0696841e+00
   7.3515250e+00
   7.4844342e+00
   7.1912943e+00
   6.3170163e+00
   4.7681513e+00
   2.5683537e+00
   3.0985186e-01
  -2.9312284e-01
   9.6044953e-01
   2.2795717e+00
   2.8662467e+00
   2.5670065e+00
   1.2999440e+00
  -1.0808883e+00
  -4.4853454e+00
  -6.1473690e+00
  -3.5786785e+00
  -9.9920049e-01
   4.2859046e-01
   8.2977968e-01
   3.2904490e-01
  -1.0159310e+00
  -3.0912817e+00
  -5.2848226e+00
  -6.0734194e+00
  -5.2793778e+00
  -4.5140994e+00
  -4.6424825e+00
  -6.0172944e+00
  -9.1324408e+00
  -1.4405944e+01
  -1.3047943e+01
  -7.8568367e+00
  -4.8922022e+00
  -3.4617472e+00
  -3.1653097e+00
  -3.8652020e+00
  -5.5193468e+00
  -7.8241279e+00
  -9.0743161e+00
  -7.6401001e+00
  -5.5947465e+00
  -4.3034634e+00
  -3.9583174e+00
  -4.5948279e+00
  -6.3742349e+00
  -9.8178809e+00
  -1.6842108e+01
  -2.3022056e+01
  -1.3377129e+01
  -9.7401616e+00
  -8.3884530e+00
  -8.5335389e+00
  -1.0101524e+01
  -1.3547628e+01
  -2.0166708e+01
  -1.9986107e+01
  -1.3973080e+01
  -1.1054336e+01
  -9.9236070e+00
  -1.0098984e+01
  -1.1518624e+01
  -1.4452796e+01
  -1.9669798e+01
  -2.4363523e+01
  -1.9381179e+01
  -1.6068053e+01
  -1.4565500e+01
  -1.3882067e+01
  -1.3209671e+01
  -1.2136021e+01
  -1.0938008e+01
  -1.0117827e+01
  -1.0031588e+01
  -1.0979663e+01
  -1.3490998e+01
  -1.9221346e+01
  -2.6693794e+01
  -1.5857179e+01
  -1.1232099e+01
  -9.0121660e+00
  -8.2500207e+00
  -8.6227547e+00
  -9.6386816e+00
  -9.4987052e+00
  -6.8631098e+00
  -3.6844141e+00
  -1.1181401e+00
   7.3211744e-01
   1.9539808e+00
   2.6343180e+00
   2.8427629e+00
   2.6447881e+00
   2.1227075e+00
   1.3994685e+00
   6.4564120e-01
   2.8139558e-02
  -3.9475050e-01
  -7.0587014e-01
  -1.0131909e+00
  -1.2939626e+00
  -1.3251287e+00
  -8.3720130e-01
   1.4695980e-01
   1.2998180e+00
   2.3022809e+00
   2.9816802e+00
   3.2741469e+00
   3.1769016e+00
   2.7364950e+00
   2.0692711e+00
   1.3884601e+00
   9.5453539e-01
   8.8184477e-01
   1.0122206e+00
   1.0658494e+00
   8.3143486e-01
   2.2789306e-01
  -6.5381202e-01
  -1.4409685e+00
  -1.5384061e+00
  -7.8551872e-01
   2.9079595e-01
   1.1716997e+00
   1.6310793e+00
   1.6197312e+00
   1.1857107e+00
   4.9183710e-01
  -1.2546245e-01
  -2.5551672e-01
   1.8920217e-01
   8.6446272e-01
   1.3906174e+00
   1.5701816e+00
   1.3597965e+00
   8.3976898e-01
   2.4216107e-01
  -6.3229792e-02
   1.7397515e-01
   8.0093556e-01
   1.4566705e+00
   1.8876842e+00
   2.0074093e+00
   1.8565715e+00
   1.5843973e+00
   1.4192774e+00
   1.5464185e+00
   1.9509837e+00
   2.4444881e+00
   2.8359013e+00
   3.0330886e+00
   3.0546889e+00
   3.0144411e+00
   3.0754099e+00
   3.3462358e+00
   3.7863361e+00
   4.2365743e+00
   4.5273634e+00
   4.5424610e+00
   4.2288901e+00
   3.6019814e+00
   2.7791925e+00
   2.0312246e+00
   1.7158416e+00
   1.9617494e+00
   2.5099385e+00
   3.0105069e+00
   3.2617661e+00
   3.2178752e+00
   2.9538542e+00
   2.6535628e+00
   2.5579321e+00
   2.8061043e+00
   3.3106828e+00
   3.8580986e+00
   4.2792594e+00
   4.5111166e+00
   4.5864203e+00
   4.6084313e+00
   4.7063346e+00
   4.9609243e+00
   5.3491318e+00
   5.7694152e+00
   6.1158347e+00
   6.3289520e+00
   6.4088917e+00
   6.4081589e+00
   6.4096821e+00
   6.4862949e+00
   6.6569153e+00
   6.8765019e+00
   7.0706882e+00
   7.1822239e+00
   7.1999927e+00
   7.1668689e+00
   7.1661138e+00
   7.2801128e+00
   7.5353564e+00
   7.8809975e+00
   8.2240187e+00
   8.4826663e+00
   8.6187681e+00
   8.6472485e+00
   8.6323509e+00
   8.6676414e+00
   8.8327575e+00
   9.1456757e+00
   9.5541898e+00
   9.9754147e+00
   1.0342029e+01
   1.0624119e+01
   1.0828548e+01
   1.0986546e+01
   1.1135493e+01
   1.1300447e+01
   1.1484501e+01
   1.1674510e+01
   1.1858241e+01
   1.2041404e+01
   1.2253812e+01
   1.2538475e+01
   1.2925571e+01
   1.3407395e+01
   1.3935235e+01
   1.4439880e+01
   1.4856920e+01
   1.5141867e+01
   1.5274830e+01
   1.5260717e+01
   1.5128772e+01
   1.4930639e+01
   1.4732081e+01
   1.4593663e+01
   1.4545085e+01
   1.4570630e+01
   1.4618766e+01
   1.4626985e+01
   1.4543079e+01
   1.4334587e+01
   1.3989454e+01
   1.3512976e+01
   1.2923526e+01
   1.2247290e+01
   1.1511955e+01
   1.0740805e+01
   9.9505262e+00
   9.1556443e+00
   8.3785565e+00
   7.6581352e+00
   7.0457760e+00
   6.5824556e+00
   6.2696493e+00
   6.0628886e+00
   5.8981721e+00
   5.7285540e+00
   5.5457738e+00
   5.3785824e+00
   5.2686896e+00
   5.2341357e+00
   5.2446578e+00
   5.2295094e+00
   5.1081798e+00
   4.8197007e+00
   4.3416587e+00
   3.7055849e+00
   3.0114882e+00
   2.4189633e+00
   2.0708962e+00
   1.9758385e+00
   1.9891162e+00
   1.9194742e+00
   1.6234376e+00
   1.0332900e+00
   1.6755181e-01
  -8.3335418e-01
  -1.6725488e+00
  -2.0240105e+00
  -1.8605542e+00
  -1.4916363e+00
  -1.2386431e+00
  -1.2641371e+00
  -1.5872286e+00
  -2.1104122e+00
  -2.6300747e+00
  -2.9119286e+00
  -2.8724630e+00
  -2.6657220e+00
  -2.5389896e+00
  -2.6779887e+00
  -3.1686668e+00
  -3.9957913e+00
  -5.0061476e+00
  -5.8617974e+00
  -6.1919273e+00
  -5.9991544e+00
  -5.6744615e+00
  -5.5954043e+00
  -5.9633073e+00
  -6.8374734e+00
  -8.1122388e+00
  -9.3350702e+00
  -9.6915414e+00
  -8.9839001e+00
  -7.9816687e+00
  -7.3238816e+00
  -7.2547824e+00
  -7.8538565e+00
  -9.1426323e+00
  -1.1001172e+01
  -1.2731833e+01
  -1.2891904e+01
  -1.1560812e+01
  -1.0164457e+01
  -9.3144506e+00
  -9.0588211e+00
  -9.2635595e+00
  -9.6678398e+00
  -9.9079240e+00
  -9.7404318e+00
  -9.2946388e+00
  -8.9194378e+00
  -8.9027394e+00
  -9.4099185e+00
  -1.0511193e+01
  -1.2104020e+01
  -1.3531137e+01
  -1.3482201e+01
  -1.1999657e+01
  -1.0383655e+01
  -9.2447194e+00
  -8.6623336e+00
  -8.5600541e+00
  -8.7972366e+00
  -9.1752567e+00
  -9.4796875e+00
  -9.6070674e+00
  -9.6560054e+00
  -9.8448902e+00
  -1.0366439e+01
  -1.1285607e+01
  -1.2370551e+01
  -1.2821097e+01
  -1.1881506e+01
  -1.0129944e+01
  -8.4656260e+00
  -7.2396146e+00
  -6.5023419e+00
  -6.2144327e+00
  -6.3047406e+00
  -6.6727742e+00
  -7.1829222e+00
  -7.6860412e+00
  -8.0894754e+00
  -8.4256861e+00
  -8.8328522e+00
  -9.4642621e+00
  -1.0398353e+01
  -1.1529453e+01
  -1.2399726e+01
  -1.2353019e+01
  -1.1413107e+01
  -1.0278270e+01
  -9.4605634e+00
  -9.1603844e+00
  -9.4517965e+00
  -1.0386008e+01
  -1.2016854e+01
  -1.4325330e+01
  -1.6782194e+01
  -1.7668992e+01
  -1.6570921e+01
  -1.5337402e+01
  -1.4862573e+01
  -1.5331223e+01
  -1.6830894e+01
  -1.9346115e+01
  -2.1523130e+01
  -2.0077900e+01
  -1.7182264e+01
  -1.5083865e+01
  -1.3930889e+01
  -1.3589893e+01
  -1.3957150e+01
  -1.4937020e+01
  -1.6325488e+01
  -1.7588567e+01
  -1.7946370e+01
  -1.7364872e+01
  -1.6616333e+01
  -1.6267860e+01
  -1.6548802e+01
  -1.7583424e+01
  -1.9546388e+01
  -2.2834633e+01
  -2.8672962e+01
  -4.6598746e+01
  -3.2523750e+01
  -2.7543317e+01
  -2.5939544e+01
  -2.6106400e+01
  -2.7735626e+01
  -3.0732769e+01
  -3.3107311e+01
  -3.0845056e+01
  -2.7826638e+01
  -2.5948879e+01
  -2.5076792e+01
  -2.4986094e+01
  -2.5506058e+01
  -2.6476701e+01
  -2.7717581e+01
  -2.9059242e+01
  -3.0458140e+01
  -3.2081558e+01
  -3.4200498e+01
  -3.6649407e+01
  -3.7222759e+01
  -3.4660091e+01
  -3.1781366e+01
  -2.9610219e+01
  -2.8103544e+01
  -2.7128243e+01
  -2.6613032e+01
  -2.6566905e+01
  -2.7084880e+01
  -2.8361028e+01
  -3.0673976e+01
  -3.3618755e+01
  -3.2647944e+01
  -2.8418790e+01
  -2.5080374e+01
  -2.2880103e+01
  -2.1608212e+01
  -2.1160223e+01
  -2.1543254e+01
  -2.2886952e+01
  -2.5494651e+01
  -2.9558372e+01
  -3.0499572e+01
  -2.6113703e+01
  -2.2806710e+01
  -2.0902648e+01
  -2.0069168e+01
  -2.0170609e+01
  -2.1245515e+01
  -2.3565207e+01
  -2.8023891e+01
  -3.9408166e+01
  -3.3756476e+01
  -2.6751127e+01
  -2.3659492e+01
  -2.2129788e+01
  -2.1462068e+01
  -2.1241780e+01
  -2.1115278e+01
  -2.0856064e+01
  -2.0503070e+01
  -2.0297900e+01
  -2.0494350e+01
  -2.1245232e+01
  -2.2456071e+01
  -2.3299964e+01
  -2.2380944e+01
  -2.0208066e+01
  -1.8178058e+01
  -1.6790294e+01
  -1.6108515e+01
  -1.6100718e+01
  -1.6662248e+01
  -1.7433888e+01
  -1.7550527e+01
  -1.6364607e+01
  -1.4524105e+01
  -1.2864962e+01
  -1.1712929e+01
  -1.1138249e+01
  -1.1140654e+01
  -1.1680411e+01
  -1.2591716e+01
  -1.3346875e+01
  -1.3073781e+01
  -1.1658368e+01
  -9.9243395e+00
  -8.4553419e+00
  -7.4265635e+00
  -6.8513339e+00
  -6.6962334e+00
  -6.9058626e+00
  -7.3918543e+00
  -8.0090576e+00
  -8.5537424e+00
  -8.8436857e+00
  -8.8568031e+00
  -8.7515134e+00
  -8.7345381e+00
  -8.9522022e+00
  -9.4646114e+00
  -1.0240376e+01
  -1.1130625e+01
  -1.1860382e+01
  -1.2172950e+01
  -1.2094180e+01
  -1.1920091e+01
  -1.1953449e+01
  -1.2376671e+01
  -1.3258426e+01
  -1.4531225e+01
  -1.5847799e+01
  -1.6498804e+01
  -1.6117183e+01
  -1.5283355e+01
  -1.4665827e+01
  -1.4549842e+01
  -1.4976828e+01
  -1.5801706e+01
  -1.6569097e+01
  -1.6570406e+01
  -1.5657305e+01
  -1.4463549e+01
  -1.3528579e+01
  -1.3043719e+01
  -1.3005420e+01
  -1.3283532e+01
  -1.3602571e+01
  -1.3594996e+01
  -1.3087630e+01
  -1.2293463e+01
  -1.1559586e+01
  -1.1116267e+01
  -1.1059695e+01
  -1.1396769e+01
  -1.2051883e+01
  -1.2830307e+01
  -1.3409640e+01
  -1.3525230e+01
  -1.3252009e+01
  -1.2917554e+01
  -1.2800131e+01
  -1.3018443e+01
  -1.3537422e+01
  -1.4152644e+01
  -1.4511189e+01
  -1.4367850e+01
  -1.3882578e+01
  -1.3444125e+01
  -1.3355758e+01
  -1.3775392e+01
  -1.4740649e+01
  -1.6068589e+01
  -1.7029076e+01
  -1.6611202e+01
  -1.5141661e+01
  -1.3680773e+01
  -1.2715173e+01
  -1.2341915e+01
  -1.2534466e+01
  -1.3187967e+01
  -1.4036768e+01
  -1.4567338e+01
  -1.4331334e+01
  -1.3525553e+01
  -1.2703247e+01
  -1.2225402e+01
  -1.2227008e+01
  -1.2719469e+01
  -1.3603354e+01
  -1.4579575e+01
  -1.5110950e+01
  -1.4855170e+01
  -1.4135427e+01
  -1.3480221e+01
  -1.3167132e+01
  -1.3235923e+01
  -1.3553364e+01
  -1.3825831e+01
  -1.3723902e+01
  -1.3189665e+01
  -1.2501500e+01
  -1.1980772e+01
  -1.1813068e+01
  -1.2050510e+01
  -1.2617125e+01
  -1.3250386e+01
  -1.3495813e+01
  -1.3059758e+01
  -1.2187251e+01
  -1.1333654e+01
  -1.0773072e+01
  -1.0578244e+01
  -1.0678251e+01
  -1.0864121e+01
  -1.0823398e+01
  -1.0347904e+01
  -9.5508133e+00
  -8.7360127e+00
  -8.1498697e+00
  -7.9136203e+00
  -8.0458755e+00
  -8.4549242e+00
  -8.8747275e+00
  -8.8639273e+00
  -8.1430412e+00
  -6.9418692e+00
  -5.6938235e+00
  -4.6735438e+00
  -3.9877245e+00
  -3.6597383e+00
  -3.6774435e+00
  -4.0065478e+00
  -4.5840412e+00
  -5.3008071e+00
  -5.9918720e+00
  -6.4756620e+00
  -6.6587595e+00
  -6.6044133e+00
  -6.4657191e+00
  -6.3743048e+00
  -6.3928727e+00
  -6.5222647e+00
  -6.7260857e+00
  -6.9599142e+00
  -7.2001800e+00
  -7.4609792e+00
  -7.7886582e+00
  -8.2394668e+00
  -8.8541577e+00
  -9.6356654e+00
  -1.0527856e+01
  -1.1402729e+01
  -1.2093061e+01
  -1.2501148e+01
  -1.2693225e+01
  -1.2848250e+01
  -1.3132347e+01
  -1.3628675e+01
  -1.4318793e+01
  -1.5075072e+01
  -1.5689683e+01
  -1.6009814e+01
  -1.6098173e+01
  -1.6196067e+01
  -1.6557237e+01
  -1.7367967e+01
  -1.8746291e+01
  -2.0687317e+01
  -2.2714367e+01
  -2.3398236e+01
  -2.2267752e+01
  -2.0813623e+01
  -1.9902449e+01
  -1.9694114e+01
  -2.0154976e+01
  -2.1147791e+01
  -2.2291036e+01
  -2.2853921e+01
  -2.2433432e+01
  -2.1598831e+01
  -2.1052184e+01
  -2.1147215e+01
  -2.2076074e+01
  -2.4056867e+01
  -2.7358272e+01
  -3.0776366e+01
  -2.8850606e+01
  -2.5394601e+01
  -2.3275308e+01
  -2.2371890e+01
  -2.2515348e+01
  -2.3701095e+01
  -2.6058885e+01
  -2.9443190e+01
  -3.0672183e+01
  -2.7766590e+01
  -2.5158240e+01
  -2.3781616e+01
  -2.3521822e+01
  -2.4359536e+01
  -2.6528026e+01
  -3.0906652e+01
  -4.2337311e+01
  -3.6382080e+01
  -2.9457301e+01
  -2.6432531e+01
  -2.4999187e+01
  -2.4449419e+01
  -2.4302143e+01
  -2.4056093e+01
  -2.3374901e+01
  -2.2377897e+01
  -2.1438103e+01
  -2.0842308e+01
  -2.0739475e+01
  -2.1210346e+01
  -2.2314194e+01
  -2.4069792e+01
  -2.6237151e+01
  -2.7674237e+01
  -2.7055862e+01
  -2.5470675e+01
  -2.4224928e+01
  -2.3651813e+01
  -2.3769818e+01
  -2.4564517e+01
  -2.6048733e+01
  -2.8278693e+01
  -3.1374870e+01
  -3.5589479e+01
  -4.1557734e+01
  -4.8904264e+01
  -4.3729148e+01
  -3.8315603e+01
  -3.4752393e+01
  -3.2333826e+01
  -3.0774995e+01
  -2.9869828e+01
  -2.9343062e+01
  -2.8774685e+01
  -2.7766828e+01
  -2.6332897e+01
  -2.4847066e+01
  -2.3649159e+01
  -2.2922261e+01
  -2.2764261e+01
  -2.3263723e+01
  -2.4557342e+01
  -2.6894624e+01
  -3.0632824e+01
  -3.4183569e+01
  -3.1372755e+01
  -2.7709338e+01
  -2.5495769e+01
  -2.4419157e+01
  -2.4246512e+01
  -2.4885770e+01
  -2.6328568e+01
  -2.8570530e+01
  -3.1283442e+01
  -3.2945687e+01
  -3.2368341e+01
  -3.1317135e+01
  -3.1071674e+01
  -3.1967885e+01
  -3.4180533e+01
  -3.7195862e+01
  -3.6601090e+01
  -3.2787686e+01
  -2.9749145e+01
  -2.7708468e+01
  -2.6361787e+01
  -2.5470907e+01
  -2.4875036e+01
  -2.4489067e+01
  -2.4305446e+01
  -2.4381855e+01
  -2.4818996e+01
  -2.5747794e+01
  -2.7338744e+01
  -2.9828926e+01
  -3.3437005e+01
  -3.6786554e+01
  -3.5400569e+01
  -3.2731516e+01
  -3.1331563e+01
  -3.1246124e+01
  -3.2432924e+01
  -3.4833636e+01
  -3.6866584e+01
  -3.4963989e+01
  -3.1952780e+01
  -3.0014421e+01
  -2.9232435e+01
  -2.9492579e+01
  -3.0602926e+01
  -3.1666733e+01
  -3.0726565e+01
  -2.8171669e+01
  -2.5814120e+01
  -2.4201425e+01
  -2.3362916e+01
  -2.3279778e+01
  -2.3989101e+01
  -2.5638071e+01
  -2.8620830e+01
  -3.4196704e+01
  -5.4913530e+01
  -3.7180049e+01
  -3.1879411e+01
  -2.9956904e+01
  -2.9834907e+01
  -3.1312009e+01
  -3.4854299e+01
  -4.0847937e+01
  -3.7567808e+01
  -3.2488336e+01
  -2.9895294e+01
  -2.8895391e+01
  -2.9153433e+01
  -3.0597169e+01
  -3.2972068e+01
  -3.4133171e+01
  -3.1919064e+01
  -2.9338765e+01
  -2.7809868e+01
  -2.7424965e+01
  -2.8229052e+01
  -3.0403097e+01
  -3.3525431e+01
  -3.2626382e+01
  -2.8405325e+01
  -2.5257682e+01
  -2.3334527e+01
  -2.2391802e+01
  -2.2319065e+01
  -2.3132771e+01
  -2.4979866e+01
  -2.8085489e+01
  -3.1298339e+01
  -2.9337387e+01
  -2.5626256e+01
  -2.3094152e+01
  -2.1621168e+01
  -2.0968153e+01
  -2.1000329e+01
  -2.1649763e+01
  -2.2879610e+01
  -2.4643170e+01
  -2.6808189e+01
  -2.9050107e+01
  -3.0953198e+01
  -3.2598507e+01
  -3.4834146e+01
  -3.9015997e+01
  -4.3303218e+01
  -3.6691099e+01
  -3.1867584e+01
  -2.9107057e+01
  -2.7654249e+01
  -2.7224212e+01
  -2.7759300e+01
  -2.9389232e+01
  -3.2570407e+01
  -3.8797329e+01
  -4.5313746e+01
  -3.6622606e+01
  -3.2749514e+01
  -3.1100374e+01
  -3.0679774e+01
  -3.0823095e+01
  -3.0582057e+01
  -2.9271175e+01
  -2.7428308e+01
  -2.5841578e+01
  -2.4853514e+01
  -2.4576808e+01
  -2.5092284e+01
  -2.6523797e+01
  -2.8961407e+01
  -3.1374792e+01
  -3.0084548e+01
  -2.6811877e+01
  -2.4302572e+01
  -2.2767653e+01
  -2.2055317e+01
  -2.2035801e+01
  -2.2552198e+01
  -2.3241254e+01
  -2.3362200e+01
  -2.2377578e+01
  -2.0765933e+01
  -1.9239571e+01
  -1.8121227e+01
  -1.7492227e+01
  -1.7355385e+01
  -1.7687454e+01
  -1.8430511e+01
  -1.9433242e+01
  -2.0357660e+01
  -2.0739842e+01
  -2.0438221e+01
  -1.9828551e+01
  -1.9347042e+01
  -1.9219877e+01
  -1.9500981e+01
  -2.0110528e+01
  -2.0794330e+01
  -2.1124026e+01
  -2.0814258e+01
  -2.0077326e+01
  -1.9348857e+01
  -1.8918205e+01
  -1.8899795e+01
  -1.9297895e+01
  -2.0014033e+01
  -2.0795221e+01
  -2.1244402e+01
  -2.1121640e+01
  -2.0645293e+01
  -2.0237087e+01
  -2.0197511e+01
  -2.0681216e+01
  -2.1752252e+01
  -2.3339763e+01
  -2.4943426e+01
  -2.5397998e+01
  -2.4394599e+01
  -2.3102390e+01
  -2.2303937e+01
  -2.2220603e+01
  -2.2907036e+01
  -2.4348602e+01
  -2.6214664e+01
  -2.7147680e+01
  -2.5973843e+01
  -2.4106837e+01
  -2.2743258e+01
  -2.2132993e+01
  -2.2268586e+01
  -2.3074359e+01
  -2.4291232e+01
  -2.5145703e+01
  -2.4674119e+01
  -2.3240770e+01
  -2.1853378e+01
  -2.0969008e+01
  -2.0682506e+01
  -2.0977296e+01
  -2.1775360e+01
  -2.2868613e+01
  -2.3803542e+01
  -2.4058885e+01
  -2.3677339e+01
  -2.3221254e+01
  -2.3146867e+01
  -2.3656234e+01
  -2.4744927e+01
  -2.6000933e+01
  -2.6258057e+01
  -2.4901748e+01
  -2.3043224e+01
  -2.1570455e+01
  -2.0717446e+01
  -2.0511732e+01
  -2.0960822e+01
  -2.2100681e+01
  -2.4003279e+01
  -2.6712745e+01
  -2.9773998e+01
  -3.1086316e+01
  -2.9970293e+01
  -2.8831891e+01
  -2.8640817e+01
  -2.9466080e+01
  -3.0956255e+01
  -3.1581377e+01
  -2.9864472e+01
  -2.7428467e+01
  -2.5561565e+01
  -2.4462706e+01
  -2.4089930e+01
  -2.4396389e+01
  -2.5355389e+01
  -2.6923423e+01
  -2.8907673e+01
  -3.0684361e+01
  -3.1378020e+01
  -3.1162030e+01
  -3.0952717e+01
  -3.1118006e+01
  -3.1250515e+01
  -3.0419769e+01
  -2.8502525e+01
  -2.6383022e+01
  -2.4650261e+01
  -2.3465879e+01
  -2.2841850e+01
  -2.2761890e+01
  -2.3211218e+01
  -2.4169487e+01
  -2.5565806e+01
  -2.7161442e+01
  -2.8415554e+01
  -2.8818285e+01
  -2.8631285e+01
  -2.8548190e+01
  -2.9036800e+01
  -3.0321386e+01
  -3.2333197e+01
  -3.3754213e+01
  -3.2307206e+01
  -2.9654100e+01
  -2.7603341e+01
  -2.6427069e+01
  -2.6102905e+01
  -2.6656808e+01
  -2.8255779e+01
  -3.1369902e+01
  -3.7119187e+01
  -3.8956595e+01
  -3.2475630e+01
  -2.8789700e+01
  -2.6857149e+01
  -2.6095773e+01
  -2.6330509e+01
  -2.7625678e+01
  -3.0373406e+01
  -3.6049359e+01
  -5.9178951e+01
  -3.5770362e+01
  -3.0449212e+01
  -2.7908913e+01
  -2.6771381e+01
  -2.6649392e+01
  -2.7449602e+01
  -2.9263408e+01
  -3.2451042e+01
  -3.8198682e+01
  -5.6649030e+01
  -4.2882136e+01
  -3.8055999e+01
  -3.7064875e+01
  -3.8400554e+01
  -4.1356992e+01
  -4.0087181e+01
  -3.5344613e+01
  -3.2037835e+01
  -3.0143884e+01
  -2.9382450e+01
  -2.9680273e+01
  -3.1189942e+01
  -3.4513343e+01
  -4.2218820e+01
  -4.5378564e+01
  -3.5645016e+01
  -3.1853491e+01
  -3.0215529e+01
  -3.0035738e+01
  -3.1309818e+01
  -3.4720153e+01
  -4.3900215e+01
  -4.0350578e+01
  -3.2283659e+01
  -2.8447680e+01
  -2.6326431e+01
  -2.5280986e+01
  -2.5085870e+01
  -2.5680871e+01
  -2.7118140e+01
  -2.9581390e+01
  -3.3446848e+01
  -3.8638868e+01
  -3.8870637e+01
  -3.5454458e+01
  -3.3607657e+01
  -3.3081563e+01
  -3.3198040e+01
  -3.2957905e+01
  -3.1648647e+01
  -2.9819386e+01
  -2.8253616e+01
  -2.7273892e+01
  -2.6969380e+01
  -2.7393925e+01
  -2.8657038e+01
  -3.1022259e+01
  -3.5204338e+01
  -4.4101279e+01
  -4.4850474e+01
  -3.6940391e+01
  -3.3900428e+01
  -3.2817171e+01
  -3.3052443e+01
  -3.4484565e+01
  -3.7218494e+01
  -4.1004590e+01
  -4.2030320e+01
  -3.9219742e+01
  -3.7106895e+01
  -3.6288138e+01
  -3.6524906e+01
  -3.7464713e+01
  -3.8312046e+01
  -3.7984770e+01
  -3.6708894e+01
  -3.5558540e+01
  -3.5081848e+01
  -3.5453889e+01
  -3.6757817e+01
  -3.8909151e+01
  -4.0672387e+01
  -3.9521968e+01
  -3.6958653e+01
  -3.4957126e+01
  -3.3779328e+01
  -3.3318454e+01
  -3.3450115e+01
  -3.4059585e+01
  -3.5034256e+01
  -3.6275737e+01
  -3.7727541e+01
  -3.9301528e+01
  -4.0415611e+01
  -3.9717034e+01
  -3.7354361e+01
  -3.4868161e+01
  -3.2949587e+01
  -3.1728670e+01
  -3.1225517e+01
  -3.1486313e+01
  -3.2646505e+01
  -3.5051132e+01
  -3.9738531e+01
  -5.3619164e+01
  -4.4339527e+01
  -3.7759834e+01
  -3.5055103e+01
  -3.4165143e+01
  -3.4721511e+01
  -3.6974719e+01
  -4.2296992e+01
  -4.9467632e+01
  -3.9290919e+01
  -3.4394439e+01
  -3.1789844e+01
  -3.0480388e+01
  -3.0139338e+01
  -3.0676874e+01
  -3.2154257e+01
  -3.4820391e+01
  -3.9268504e+01
  -4.5231692e+01
  -4.2595362e+01
  -3.8690808e+01
  -3.6971491e+01
  -3.6815502e+01
  -3.8049875e+01
  -4.0961175e+01
  -4.6877150e+01
  -5.6807405e+01
  -4.6703446e+01
  -4.2468889e+01
  -4.0554924e+01
  -3.9471344e+01
  -3.8341990e+01
  -3.6855039e+01
  -3.5317643e+01
  -3.4126704e+01
  -3.3490041e+01
  -3.3470379e+01
  -3.4014777e+01
  -3.4836563e+01
  -3.5222279e+01
  -3.4541340e+01
  -3.3243107e+01
  -3.2141494e+01
  -3.1660087e+01
  -3.1991616e+01
  -3.3316686e+01
  -3.5856429e+01
  -3.8921339e+01
  -3.7750667e+01
  -3.3958704e+01
  -3.1190581e+01
  -2.9561903e+01
  -2.8863033e+01
  -2.8987850e+01
  -2.9922867e+01
  -3.1718668e+01
  -3.4383045e+01
  -3.7248259e+01
  -3.7994068e+01
  -3.6759695e+01
  -3.6007491e+01
  -3.6634006e+01
  -3.9165847e+01
  -4.4010141e+01
  -4.1944265e+01
  -3.6282756e+01
  -3.2942962e+01
  -3.1186573e+01
  -3.0642803e+01
  -3.1271689e+01
  -3.3358593e+01
  -3.7899308e+01
  -4.4457492e+01
  -3.6852422e+01
  -3.1788482e+01
  -2.9032000e+01
  -2.7601854e+01
  -2.7156144e+01
  -2.7592149e+01
  -2.8938487e+01
  -3.1289180e+01
  -3.4346042e+01
  -3.5413426e+01
  -3.3099090e+01
  -3.0814983e+01
  -2.9551501e+01
  -2.9254401e+01
  -2.9807348e+01
  -3.1034587e+01
  -3.2373768e+01
  -3.2630933e+01
  -3.1500315e+01
  -3.0146539e+01
  -2.9355261e+01
  -2.9386012e+01
  -3.0411945e+01
  -3.2802080e+01
  -3.7742941e+01
  -5.4034353e+01
  -3.9810792e+01
  -3.3829150e+01
  -3.1094218e+01
  -2.9929823e+01
  -2.9921866e+01
  -3.1039467e+01
  -3.3589234e+01
  -3.8757696e+01
  -5.3459878e+01
  -4.0547283e+01
  -3.5028209e+01
  -3.2614961e+01
  -3.1805587e+01
  -3.2271141e+01
  -3.4137898e+01
  -3.8172138e+01
  -4.6441487e+01
  -4.1049755e+01
  -3.5023346e+01
  -3.1923368e+01
  -3.0301565e+01
  -2.9671029e+01
  -2.9824558e+01
  -3.0618482e+01
  -3.1779445e+01
  -3.2630936e+01
  -3.2369554e+01
  -3.1241144e+01
  -3.0120298e+01
  -2.9496434e+01
  -2.9536634e+01
  -3.0288385e+01
  -3.1625268e+01
  -3.2715605e+01
  -3.1905958e+01
  -2.9576218e+01
  -2.7316976e+01
  -2.5675896e+01
  -2.4707545e+01
  -2.4393990e+01
  -2.4739227e+01
  -2.5776455e+01
  -2.7497862e+01
  -2.9450621e+01
  -2.9880066e+01
  -2.8002687e+01
  -2.5728474e+01
  -2.4027635e+01
  -2.3006186e+01
  -2.2610731e+01
  -2.2783650e+01
  -2.3464510e+01
  -2.4535879e+01
  -2.5710289e+01
  -2.6470222e+01
  -2.6458701e+01
  -2.5978541e+01
  -2.5596806e+01
  -2.5685491e+01
  -2.6461269e+01
  -2.8152115e+01
  -3.1205970e+01
  -3.6853036e+01
  -4.3606350e+01
  -3.5721579e+01
  -3.1403055e+01
  -2.9259560e+01
  -2.8348308e+01
  -2.8313228e+01
  -2.8975356e+01
  -3.0180328e+01
  -3.1680319e+01
  -3.3069444e+01
  -3.4016362e+01
  -3.4662892e+01
  -3.5387381e+01
  -3.6120846e+01
  -3.5921784e+01
  -3.4215369e+01
  -3.2032858e+01
  -3.0270209e+01
  -2.9193858e+01
  -2.8865799e+01
  -2.9353214e+01
  -3.0829602e+01
  -3.3749090e+01
  -3.9491825e+01
  -4.5593509e+01
  -3.6886021e+01
  -3.2387434e+01
  -2.9961187e+01
  -2.8661463e+01
  -2.8101225e+01
  -2.8052831e+01
  -2.8329264e+01
  -2.8757359e+01
  -2.9219603e+01
  -2.9725842e+01
  -3.0429928e+01
  -3.1579351e+01
  -3.3479204e+01
  -3.6443452e+01
  -3.9707047e+01
  -3.8494651e+01
  -3.4929379e+01
  -3.2415157e+01
  -3.1015080e+01
  -3.0503703e+01
  -3.0701002e+01
  -3.1352244e+01
  -3.1906517e+01
  -3.1604406e+01
  -3.0393457e+01
  -2.8979664e+01
  -2.7885666e+01
  -2.7300722e+01
  -2.7280170e+01
  -2.7858229e+01
  -2.9095790e+01
  -3.1116517e+01
  -3.4163539e+01
  -3.8647883e+01
  -4.3703294e+01
  -4.2364486e+01
  -3.9335273e+01
  -3.7892494e+01
  -3.7703602e+01
  -3.8483255e+01
  -4.0068722e+01
  -4.2292924e+01
  -4.4774224e+01
  -4.6558900e+01
  -4.6432895e+01
  -4.4649172e+01
  -4.2448534e+01
  -4.0584310e+01
  -3.9363447e+01
  -3.8944401e+01
  -3.9506433e+01
  -4.1411023e+01
  -4.5543825e+01
  -5.0848897e+01
  -4.4384446e+01
  -3.9424728e+01
  -3.6655339e+01
  -3.5236279e+01
  -3.4857361e+01
  -3.5419758e+01
  -3.6854805e+01
  -3.8633911e+01
  -3.8801929e+01
  -3.6695010e+01
  -3.4421050e+01
  -3.2904193e+01
  -3.2249656e+01
  -3.2472128e+01
  -3.3674863e+01
  -3.6151379e+01
  -4.0459512e+01
  -4.3899544e+01
  -3.9321737e+01
  -3.5497510e+01
  -3.3385437e+01
  -3.2477826e+01
  -3.2565737e+01
  -3.3656265e+01
  -3.6006357e+01
  -4.0512069e+01
  -5.2192466e+01
  -4.6188439e+01
  -3.9171541e+01
  -3.6073704e+01
  -3.4566571e+01
  -3.4029566e+01
  -3.4198966e+01
  -3.4921965e+01
  -3.6076195e+01
  -3.7537287e+01
  -3.9175227e+01
  -4.0849093e+01
  -4.2296125e+01
  -4.2934533e+01
  -4.2316485e+01
  -4.0981525e+01
  -3.9755667e+01
  -3.9058142e+01
  -3.9029326e+01
  -3.9667596e+01
  -4.0714947e+01
  -4.1283670e+01
  -4.0398003e+01
  -3.8697115e+01
  -3.7271137e+01
  -3.6566116e+01
  -3.6743893e+01
  -3.7982016e+01
  -4.0597505e+01
  -4.4339446e+01
  -4.3312342e+01
  -3.8804115e+01
  -3.5636192e+01
  -3.3725847e+01
  -3.2760551e+01
  -3.2584888e+01
  -3.3148397e+01
  -3.4478387e+01
  -3.6676652e+01
  -3.9894732e+01
  -4.3923259e+01
  -4.6172386e+01
  -4.5108236e+01
  -4.4341837e+01
  -4.5204200e+01
  -4.8353666e+01
  -5.6245232e+01
  -5.5045849e+01
  -4.7794712e+01
  -4.4658413e+01
  -4.3196206e+01
  -4.2234216e+01
  -4.0744933e+01
  -3.8545661e+01
  -3.6298474e+01
  -3.4502271e+01
  -3.3326717e+01
  -3.2812777e+01
  -3.2976924e+01
  -3.3824189e+01
  -3.5249717e+01
  -3.6660053e+01
  -3.6735152e+01
  -3.5339897e+01
  -3.3834244e+01
  -3.2983773e+01
  -3.3039051e+01
  -3.4238074e+01
  -3.7202559e+01
  -4.4548424e+01
  -4.7421481e+01
  -3.6860377e+01
  -3.2294203e+01
  -2.9659251e+01
  -2.8097312e+01
  -2.7281229e+01
  -2.7041723e+01
  -2.7255304e+01
  -2.7782395e+01
  -2.8420467e+01
  -2.8910228e+01
  -2.9065363e+01
  -2.8925695e+01
  -2.8696385e+01
  -2.8561803e+01
  -2.8596982e+01
  -2.8771870e+01
  -2.8985019e+01
  -2.9123153e+01
  -2.9142285e+01
  -2.9107797e+01
  -2.9150897e+01
  -2.9396560e+01
  -2.9920398e+01
  -3.0723434e+01
  -3.1687007e+01
  -3.2512300e+01
  -3.2806839e+01
  -3.2464183e+01
  -3.1805895e+01
  -3.1216462e+01
  -3.0921093e+01
  -3.1026467e+01
  -3.1601203e+01
  -3.2732296e+01
  -3.4579060e+01
  -3.7469835e+01
  -4.2085879e+01
  -4.7210501e+01
  -4.2917521e+01
  -3.8682426e+01
  -3.6341917e+01
  -3.5268078e+01
  -3.5229811e+01
  -3.6260694e+01
  -3.8685713e+01
  -4.3332693e+01
  -4.6889311e+01
  -4.0744791e+01
  -3.6481206e+01
  -3.4072006e+01
  -3.2870154e+01
  -3.2636003e+01
  -3.3338080e+01
  -3.5104156e+01
  -3.8151081e+01
  -4.1275124e+01
  -3.9148358e+01
  -3.5341756e+01
  -3.2706826e+01
  -3.1081929e+01
  -3.0180993e+01
  -2.9786465e+01
  -2.9692496e+01
  -2.9675153e+01
  -2.9536589e+01
  -2.9209260e+01
  -2.8790162e+01
  -2.8445606e+01
  -2.8307530e+01
  -2.8436400e+01
  -2.8815642e+01
  -2.9338871e+01
  -2.9800038e+01
  -2.9960656e+01
  -2.9728311e+01
  -2.9243608e+01
  -2.8737497e+01
  -2.8380392e+01
  -2.8256339e+01
  -2.8394575e+01
  -2.8801163e+01
  -2.9480489e+01
  -3.0449346e+01
  -3.1742551e+01
  -3.3395455e+01
  -3.5342848e+01
  -3.7076800e+01
  -3.7412006e+01
  -3.6129239e+01
  -3.4459408e+01
  -3.3151432e+01
  -3.2381701e+01
  -3.2159666e+01
  -3.2468427e+01
  -3.3291805e+01
  -3.4605983e+01
  -3.6347645e+01
  -3.8361417e+01
  -4.0397508e+01
  -4.2348233e+01
  -4.4657534e+01
  -4.8643030e+01
  -5.8488504e+01
  -5.0926946e+01
  -4.3886578e+01
  -4.0183204e+01
  -3.8042544e+01
  -3.6941920e+01
  -3.6683176e+01
  -3.7201666e+01
  -3.8510601e+01
  -4.0671414e+01
  -4.3693643e+01
  -4.7041637e+01
  -4.9013541e+01
  -4.9797740e+01
  -5.2384809e+01
  -6.4182465e+01
  -5.2212825e+01
  -4.4309188e+01
  -3.9973924e+01
  -3.7232517e+01
  -3.5510033e+01
  -3.4562829e+01
  -3.4270201e+01
  -3.4563991e+01
  -3.5383640e+01
  -3.6608993e+01
  -3.7933890e+01
  -3.8794917e+01
  -3.8804971e+01
  -3.8283515e+01
  -3.7779420e+01
  -3.7578974e+01
  -3.7741544e+01
  -3.8211476e+01
  -3.8865605e+01
  -3.9534821e+01
  -4.0040783e+01
  -4.0257096e+01
  -4.0165003e+01
  -3.9866942e+01
  -3.9548276e+01
  -3.9407485e+01
  -3.9576036e+01
  -3.9980096e+01
  -4.0055033e+01
  -3.8887373e+01
  -3.6608105e+01
  -3.4196971e+01
  -3.2201481e+01
  -3.0770210e+01
  -2.9933687e+01
  -2.9718954e+01
  -3.0196537e+01
  -3.1533026e+01
  -3.4132482e+01
  -3.9262584e+01
  -5.9488949e+01
  -4.0928734e+01
  -3.4869450e+01
  -3.1960814e+01
  -3.0526503e+01
  -3.0119865e+01
  -3.0623065e+01
  -3.2106784e+01
  -3.4895053e+01
  -4.0046282e+01
  -5.4929097e+01
  -4.5188506e+01
  -3.9332388e+01
  -3.7381393e+01
  -3.7427539e+01
  -3.9103383e+01
  -4.1260740e+01
  -3.9293844e+01
  -3.5251207e+01
  -3.2251893e+01
  -3.0370592e+01
  -2.9411961e+01
  -2.9285972e+01
  -3.0020540e+01
  -3.1806850e+01
  -3.5218083e+01
  -4.2431420e+01
  -4.7284488e+01
  -3.7187972e+01
  -3.3024542e+01
  -3.0858847e+01
  -2.9800973e+01
  -2.9509343e+01
  -2.9788297e+01
  -3.0447158e+01
  -3.1210228e+01
  -3.1720446e+01
  -3.1762433e+01
  -3.1474837e+01
  -3.1171048e+01
  -3.1078207e+01
  -3.1286941e+01
  -3.1792663e+01
  -3.2528061e+01
  -3.3386358e+01
  -3.4263255e+01
  -3.5120938e+01
  -3.6023648e+01
  -3.7102534e+01
  -3.8483852e+01
  -4.0220483e+01
  -4.2204795e+01
  -4.4068912e+01
  -4.5359693e+01
  -4.6116776e+01
  -4.6792864e+01
  -4.7521357e+01
  -4.7847326e+01
  -4.7398672e+01
  -4.6702888e+01
  -4.6509533e+01
  -4.7057602e+01
  -4.7369174e+01
  -4.5226241e+01
  -4.1660143e+01
  -3.8567634e+01
  -3.6318284e+01
  -3.4866629e+01
  -3.4155778e+01
  -3.4182477e+01
  -3.5020748e+01
  -3.6876065e+01
  -4.0251847e+01
  -4.6332472e+01
  -4.8504859e+01
  -4.2298442e+01
  -3.9068443e+01
  -3.7757145e+01
  -3.7879649e+01
  -3.9492169e+01
  -4.3273830e+01
  -5.0000264e+01
  -4.4838692e+01
  -3.9286622e+01
  -3.6268035e+01
  -3.4652363e+01
  -3.3980617e+01
  -3.3994907e+01
  -3.4421533e+01
  -3.4828304e+01
  -3.4731911e+01
  -3.4086982e+01
  -3.3342000e+01
  -3.2944528e+01
  -3.3171945e+01
  -3.4255380e+01
  -3.6580877e+01
  -4.1230021e+01
  -5.4896538e+01
  -4.4656947e+01
  -3.8186594e+01
  -3.5246734e+01
  -3.3935366e+01
