   2.2444478e+01
   2.2224123e+01
   2.1549670e+01
   2.0376863e+01
   1.8615292e+01
   1.6088203e+01
   1.2416656e+01
   6.5892577e+00
  -3.9711532e+00
   1.9161423e+00
   6.3397939e+00
   7.7530828e+00
   7.4148883e+00
   5.4423516e+00
   1.0355247e+00
  -1.1632285e+01
  -4.0192256e+00
   2.6478035e+00
   5.3320910e+00
   6.1826341e+00
   5.6052931e+00
   3.4053159e+00
  -1.5615160e+00
  -9.0487077e+00
   1.3540638e-01
   5.1872110e+00
   7.9242560e+00
   9.4129087e+00
   1.0053296e+01
   1.0064129e+01
   9.6629113e+00
   9.2054082e+00
   9.1980849e+00
   9.9075822e+00
   1.1044078e+01
   1.2160087e+01
   1.2994335e+01
   1.3443465e+01
   1.3467867e+01
   1.3041076e+01
   1.2135867e+01
   1.0758692e+01
   9.1406046e+00
   8.2387771e+00
   9.2481946e+00
   1.1436490e+01
   1.3580024e+01
   1.5278700e+01
   1.6487712e+01
   1.7226731e+01
   1.7507841e+01
   1.7320572e+01
   1.6628504e+01
   1.5374865e+01
   1.3540650e+01
   1.1477088e+01
   1.0731691e+01
   1.2378486e+01
   1.4706233e+01
   1.6594967e+01
   1.7875932e+01
   1.8585246e+01
   1.8762217e+01
   1.8417708e+01
   1.7534949e+01
   1.6094817e+01
   1.4210392e+01
   1.2637687e+01
   1.2972922e+01
   1.5018677e+01
   1.7232992e+01
   1.9047443e+01
   2.0436952e+01
   2.1488701e+01
   2.2302614e+01
   2.2975515e+01
   2.3595667e+01
   2.4232996e+01
   2.4927689e+01
   2.5686408e+01
   2.6490808e+01
   2.7312695e+01
   2.8126424e+01
   2.8914136e+01
   2.9665133e+01
   3.0372651e+01
   3.1030684e+01
   3.1632271e+01
   3.2169653e+01
   3.2635992e+01
   3.3028096e+01
   3.3349605e+01
   3.3614126e+01
   3.3847420e+01
   3.4086880e+01
   3.4375835e+01
   3.4751629e+01
   3.5231406e+01
   3.5804337e+01
   3.6436226e+01
   3.7082872e+01
   3.7703302e+01
   3.8267386e+01
   3.8757928e+01
   3.9169682e+01
   3.9507237e+01
   3.9782572e+01
   4.0012302e+01
   4.0214439e+01
   4.0404816e+01
   4.0593903e+01
   4.0785075e+01
   4.0975096e+01
   4.1156656e+01
   4.1321955e+01
   4.1466071e+01
   4.1589180e+01
   4.1697133e+01
   4.1800256e+01
   4.1910533e+01
   4.2037852e+01
   4.2186595e+01
   4.2354036e+01
   4.2531338e+01
   4.2706746e+01
   4.2869629e+01
   4.3013981e+01
   4.3140472e+01
   4.3256634e+01
   4.3374996e+01
   4.3509340e+01
   4.3669881e+01
   4.3859018e+01
   4.4069500e+01
   4.4285842e+01
   4.4488184e+01
   4.4656829e+01
   4.4775997e+01
   4.4836227e+01
   4.4835581e+01
   4.4779954e+01
   4.4682542e+01
   4.4562204e+01
   4.4440332e+01
   4.4336270e+01
   4.4262334e+01
   4.4220399e+01
   4.4201793e+01
   4.4190638e+01
   4.4169071e+01
   4.4122269e+01
   4.4041996e+01
   4.3928317e+01
   4.3789561e+01
   4.3640534e+01
   4.3498958e+01
   4.3380538e+01
   4.3293993e+01
   4.3238093e+01
   4.3202177e+01
   4.3169922e+01
   4.3124600e+01
   4.3053880e+01
   4.2953039e+01
   4.2826261e+01
   4.2685975e+01
   4.2550060e+01
   4.2437006e+01
   4.2359970e+01
   4.2321869e+01
   4.2313847e+01
   4.2317900e+01
   4.2312221e+01
   4.2276819e+01
   4.2197734e+01
   4.2069361e+01
   4.1895146e+01
   4.1686877e+01
   4.1462458e+01
   4.1241994e+01
   4.1042591e+01
   4.0873342e+01
   4.0732718e+01
   4.0609771e+01
   4.0488652e+01
   4.0354358e+01
   4.0197615e+01
   4.0017728e+01
   3.9822992e+01
   3.9628557e+01
   3.9451880e+01
   3.9306683e+01
   3.9197600e+01
   3.9118083e+01
   3.9052754e+01
   3.8982997e+01
   3.8893242e+01
   3.8775833e+01
   3.8633550e+01
   3.8479467e+01
   3.8333869e+01
   3.8218226e+01
   3.8147457e+01
   3.8123533e+01
   3.8133735e+01
   3.8154468e+01
   3.8158269e+01
   3.8120581e+01
   3.8024310e+01
   3.7862002e+01
   3.7636371e+01
   3.7359651e+01
   3.7051751e+01
   3.6736740e+01
   3.6437580e+01
   3.6170147e+01
   3.5938840e+01
   3.5736040e+01
   3.5545698e+01
   3.5349123e+01
   3.5130330e+01
   3.4879368e+01
   3.4593323e+01
   3.4275460e+01
   3.3933094e+01
   3.3574868e+01
   3.3208174e+01
   3.2837571e+01
   3.2464743e+01
   3.2089964e+01
   3.1714332e+01
   3.1341616e+01
   3.0978630e+01
   3.0633547e+01
   3.0312474e+01
   3.0015653e+01
   2.9735239e+01
   2.9456027e+01
   2.9158986e+01
   2.8826222e+01
   2.8445813e+01
   2.8015618e+01
   2.7545598e+01
   2.7058033e+01
   2.6584405e+01
   2.6157876e+01
   2.5802555e+01
   2.5524404e+01
   2.5309679e+01
   2.5132196e+01
   2.4964657e+01
   2.4787894e+01
   2.4595003e+01
   2.4390357e+01
   2.4184759e+01
   2.3988521e+01
   2.3804976e+01
   2.3627290e+01
   2.3440069e+01
   2.3224837e+01
   2.2966896e+01
   2.2661302e+01
   2.2316667e+01
   2.1955820e+01
   2.1611871e+01
   2.1318608e+01
   2.1097246e+01
   2.0946228e+01
   2.0841062e+01
   2.0744394e+01
   2.0619518e+01
   2.0440707e+01
   2.0198382e+01
   1.9900093e+01
   1.9568177e+01
   1.9233750e+01
   1.8926752e+01
   1.8664486e+01
   1.8444342e+01
   1.8245643e+01
   1.8039823e+01
   1.7803353e+01
   1.7528252e+01
   1.7227912e+01
   1.6936802e+01
   1.6701489e+01
   1.6562023e+01
   1.6530781e+01
   1.6583307e+01
   1.6668531e+01
   1.6729271e+01
   1.6719056e+01
   1.6609953e+01
   1.6394006e+01
   1.6082016e+01
   1.5701048e+01
   1.5289648e+01
   1.4889083e+01
   1.4531238e+01
   1.4228330e+01
   1.3971348e+01
   1.3738923e+01
   1.3510886e+01
   1.3278833e+01
   1.3049339e+01
   1.2839113e+01
   1.2663985e+01
   1.2526782e+01
   1.2411012e+01
   1.2284301e+01
   1.2108999e+01
   1.1854073e+01
   1.1504690e+01
   1.1069277e+01
   1.0584197e+01
   1.0112543e+01
   9.7290288e+00
   9.4875751e+00
   9.3887103e+00
   9.3762960e+00
   9.3670160e+00
   9.2850627e+00
   9.0816360e+00
   8.7410478e+00
   8.2823568e+00
   7.7597850e+00
   7.2558916e+00
   6.8561584e+00
   6.6063110e+00
   6.4832856e+00
   6.4103976e+00
   6.3012248e+00
   6.0951697e+00
   5.7724284e+00
   5.3563432e+00
   4.9078778e+00
   4.5062202e+00
   4.2105571e+00
   4.0210976e+00
   3.8738944e+00
   3.6740385e+00
   3.3349279e+00
   2.8013838e+00
   2.0624560e+00
   1.1691632e+00
   2.6057380e-01
  -4.3973821e-01
  -7.3800282e-01
  -6.4681213e-01
  -3.7783982e-01
  -1.6471948e-01
  -1.6049340e-01
  -4.4215693e-01
  -1.0397622e+00
  -1.9506876e+00
  -3.1309726e+00
  -4.4610983e+00
  -5.7054284e+00
  -6.5654077e+00
  -6.9173433e+00
  -6.9561971e+00
  -6.9932689e+00
  -7.2461327e+00
  -7.8110928e+00
  -8.6954025e+00
  -9.8291107e+00
  -1.1061518e+01
  -1.2193659e+01
  -1.3073438e+01
  -1.3604345e+01
  -1.3528383e+01
  -1.2437619e+01
  -1.0437270e+01
  -8.1652222e+00
  -6.0998120e+00
  -4.4222449e+00
  -3.1662990e+00
  -2.3098308e+00
  -1.8004474e+00
  -1.5479185e+00
  -1.4031059e+00
  -1.1579193e+00
  -6.2420793e-01
   2.3181992e-01
   1.2694559e+00
   2.3002247e+00
   3.1907199e+00
   3.8787262e+00
   4.3548708e+00
   4.6471354e+00
   4.8137293e+00
   4.9366830e+00
   5.1048494e+00
   5.3821211e+00
   5.7777348e+00
   6.2457985e+00
   6.7149842e+00
   7.1215221e+00
   7.4267980e+00
   7.6212582e+00
   7.7224620e+00
   7.7706797e+00
   7.8201834e+00
   7.9233556e+00
   8.1106193e+00
   8.3778167e+00
   8.6911693e+00
   9.0058880e+00
   9.2852607e+00
   9.5117950e+00
   9.6900723e+00
   9.8434250e+00
   1.0005238e+01
   1.0205673e+01
   1.0458011e+01
   1.0751970e+01
   1.1058317e+01
   1.1341212e+01
   1.1570796e+01
   1.1731376e+01
   1.1824833e+01
   1.1870254e+01
   1.1899789e+01
   1.1949900e+01
   1.2048914e+01
   1.2205879e+01
   1.2407565e+01
   1.2625763e+01
   1.2829910e+01
   1.2998140e+01
   1.3123333e+01
   1.3214136e+01
   1.3291747e+01
   1.3382891e+01
   1.3510197e+01
   1.3683355e+01
   1.3895574e+01
   1.4127391e+01
   1.4355261e+01
   1.4560272e+01
   1.4733770e+01
   1.4879136e+01
   1.5010090e+01
   1.5146042e+01
   1.5305420e+01
   1.5498995e+01
   1.5726104e+01
   1.5975663e+01
   1.6231242e+01
   1.6477440e+01
   1.6704873e+01
   1.6912460e+01
   1.7106887e+01
   1.7299723e+01
   1.7503000e+01
   1.7724661e+01
   1.7965586e+01
   1.8219479e+01
   1.8475485e+01
   1.8722202e+01
   1.8951363e+01
   1.9160075e+01
   1.9351232e+01
   1.9532241e+01
   1.9712494e+01
   1.9900309e+01
   2.0100337e+01
   2.0312356e+01
   2.0531869e+01
   2.0752123e+01
   2.0966629e+01
   2.1171216e+01
   2.1365040e+01
   2.1550394e+01
   2.1731515e+01
   2.1912821e+01
   2.2097179e+01
   2.2284793e+01
   2.2473059e+01
   2.2657391e+01
   2.2832611e+01
   2.2994375e+01
   2.3140162e+01
   2.3269586e+01
   2.3384000e+01
   2.3485568e+01
   2.3576117e+01
   2.3656135e+01
   2.3724247e+01
   2.3777345e+01
   2.3811286e+01
   2.3821920e+01
   2.3806088e+01
   2.3762315e+01
   2.3690988e+01
   2.3593993e+01
   2.3473873e+01
   2.3332755e+01
   2.3171366e+01
   2.2988489e+01
   2.2781113e+01
   2.2545322e+01
   2.2277747e+01
   2.1977276e+01
   2.1646612e+01
   2.1293301e+01
   2.0929778e+01
   2.0572022e+01
   2.0236715e+01
   1.9937445e+01
   1.9681352e+01
   1.9467868e+01
   1.9290339e+01
   1.9139806e+01
   1.9009121e+01
   1.8895661e+01
   1.8801696e+01
   1.8732449e+01
   1.8692731e+01
   1.8683688e+01
   1.8701208e+01
   1.8736791e+01
   1.8780384e+01
   1.8823802e+01
   1.8863332e+01
   1.8900616e+01
   1.8941588e+01
   1.8993797e+01
   1.9063022e+01
   1.9150492e+01
   1.9251902e+01
   1.9358650e+01
   1.9460645e+01
   1.9549463e+01
   1.9620726e+01
   1.9675050e+01
   1.9717413e+01
   1.9755132e+01
   1.9795000e+01
   1.9840468e+01
   1.9889921e+01
   1.9936701e+01
   1.9970852e+01
   1.9981838e+01
   1.9961289e+01
   1.9905048e+01
   1.9814160e+01
   1.9694665e+01
   1.9556179e+01
   1.9409408e+01
   1.9263073e+01
   1.9121145e+01
   1.8981460e+01
   1.8836318e+01
   1.8674873e+01
   1.8486393e+01
   1.8263353e+01
   1.8003600e+01
   1.7711221e+01
   1.7395875e+01
   1.7070516e+01
   1.6747755e+01
   1.6435798e+01
   1.6135487e+01
   1.5839897e+01
   1.5536810e+01
   1.5213059e+01
   1.4859123e+01
   1.4472615e+01
   1.4059837e+01
   1.3634851e+01
   1.3215707e+01
   1.2818199e+01
   1.2449116e+01
   1.2102164e+01
   1.1758972e+01
   1.1394827e+01
   1.0986458e+01
   1.0519232e+01
   9.9925231e+00
   9.4227982e+00
   8.8431577e+00
   8.2967052e+00
   7.8221692e+00
   7.4363117e+00
   7.1245227e+00
   6.8477928e+00
   6.5614709e+00
   6.2343723e+00
   5.8614117e+00
   5.4685604e+00
   5.1082982e+00
   4.8411386e+00
   4.7049832e+00
   4.6906077e+00
   4.7448287e+00
   4.7979800e+00
   4.7924188e+00
   4.6980017e+00
   4.5163392e+00
   4.2789859e+00
   4.0397086e+00
   3.8572399e+00
   3.7698611e+00
   3.7755879e+00
   3.8341088e+00
   3.8886700e+00
   3.8905198e+00
   3.8137946e+00
   3.6607409e+00
   3.4607451e+00
   3.2632559e+00
   3.1219298e+00
   3.0717110e+00
   3.1109448e+00
   3.2024974e+00
   3.2927633e+00
   3.3337952e+00
   3.2975175e+00
   3.1813688e+00
   3.0084965e+00
   2.8229882e+00
   2.6774753e+00
   2.6126506e+00
   2.6373945e+00
   2.7238772e+00
   2.8217410e+00
   2.8797903e+00
   2.8622290e+00
   2.7560631e+00
   2.5724215e+00
   2.3437976e+00
   2.1160916e+00
   1.9338037e+00
   1.8218195e+00
   1.7742584e+00
   1.7590603e+00
   1.7348288e+00
   1.6684805e+00
   1.5460490e+00
   1.3757694e+00
   1.1846568e+00
   1.0088016e+00
   8.7847507e-01
   8.0364358e-01
   7.6858493e-01
   7.3934306e-01
   6.7854135e-01
   5.5910637e-01
   3.7278286e-01
   1.3353257e-01
  -1.2399857e-01
  -3.5285350e-01
  -5.1044063e-01
  -5.7842789e-01
  -5.7324835e-01
  -5.3871919e-01
  -5.2680677e-01
  -5.7937335e-01
  -7.1737995e-01
  -9.3652114e-01
  -1.2072624e+00
  -1.4806531e+00
  -1.7036190e+00
  -1.8426234e+00
  -1.9030236e+00
  -1.9285343e+00
  -1.9812361e+00
  -2.1177699e+00
  -2.3732589e+00
  -2.7526870e+00
  -3.2252354e+00
  -3.7218871e+00
  -4.1461186e+00
  -4.4102953e+00
  -4.4864173e+00
  -4.4259243e+00
  -4.3263455e+00
  -4.2816412e+00
  -4.3543782e+00
  -4.5702986e+00
  -4.9205436e+00
  -5.3631133e+00
  -5.8251191e+00
  -6.2154387e+00
  -6.4569008e+00
  -6.5267469e+00
  -6.4709469e+00
  -6.3773621e+00
  -6.3353346e+00
  -6.4107728e+00
  -6.6383960e+00
  -7.0195535e+00
  -7.5175472e+00
  -8.0518668e+00
  -8.5062927e+00
  -8.7732365e+00
  -8.8236502e+00
  -8.7345602e+00
  -8.6400977e+00
  -8.6653730e+00
  -8.8962130e+00
  -9.3777235e+00
  -1.0116981e+01
  -1.1074551e+01
  -1.2140059e+01
  -1.3110427e+01
  -1.3741602e+01
  -1.3919582e+01
  -1.3765389e+01
  -1.3507030e+01
  -1.3320934e+01
  -1.3297454e+01
  -1.3468063e+01
  -1.3827013e+01
  -1.4327194e+01
  -1.4848709e+01
  -1.5168755e+01
  -1.5034011e+01
  -1.4381744e+01
  -1.3427381e+01
  -1.2465410e+01
  -1.1700051e+01
  -1.1233508e+01
  -1.1102875e+01
  -1.1299423e+01
  -1.1757728e+01
  -1.2317332e+01
  -1.2700432e+01
  -1.2633551e+01
  -1.2104461e+01
  -1.1377687e+01
  -1.0741530e+01
  -1.0371122e+01
  -1.0345647e+01
  -1.0688119e+01
  -1.1375312e+01
  -1.2305611e+01
  -1.3225075e+01
  -1.3715508e+01
  -1.3495275e+01
  -1.2763739e+01
  -1.1944925e+01
  -1.1327981e+01
  -1.1039376e+01
  -1.1120791e+01
  -1.1570990e+01
  -1.2337463e+01
  -1.3250616e+01
  -1.3924822e+01
  -1.3874980e+01
  -1.3042667e+01
  -1.1878379e+01
  -1.0806892e+01
  -1.0025791e+01
  -9.5910282e+00
  -9.4917487e+00
  -9.6693760e+00
  -1.0001921e+01
  -1.0285850e+01
  -1.0286224e+01
  -9.8960369e+00
  -9.2335981e+00
  -8.5231658e+00
  -7.9409344e+00
  -7.5732972e+00
  -7.4344167e+00
  -7.4826554e+00
  -7.6255230e+00
  -7.7307481e+00
  -7.6707332e+00
  -7.3950327e+00
  -6.9625580e+00
  -6.4927974e+00
  -6.0950240e+00
  -5.8337067e+00
  -5.7253730e+00
  -5.7439476e+00
  -5.8258779e+00
  -5.8811874e+00
  -5.8216951e+00
  -5.6027639e+00
  -5.2474827e+00
  -4.8283066e+00
  -4.4254268e+00
  -4.0960861e+00
  -3.8640307e+00
  -3.7203542e+00
  -3.6287216e+00
  -3.5352372e+00
  -3.3860186e+00
  -3.1497010e+00
  -2.8320589e+00
  -2.4709940e+00
  -2.1161670e+00
  -1.8082301e+00
  -1.5669207e+00
  -1.3879428e+00
  -1.2460222e+00
  -1.1034779e+00
  -9.2421483e-01
  -6.8932098e-01
  -4.0591797e-01
  -1.0328238e-01
   1.8053951e-01
   4.1284250e-01
   5.7528974e-01
   6.6735028e-01
   7.0564419e-01
   7.1977883e-01
   7.4425552e-01
   8.0720234e-01
   9.2001141e-01
   1.0737737e+00
   1.2449305e+00
   1.4064269e+00
   1.5382899e+00
   1.6339996e+00
   1.7020290e+00
   1.7628909e+00
   1.8419768e+00
   1.9595034e+00
   2.1213262e+00
   2.3155288e+00
   2.5168015e+00
   2.6957184e+00
   2.8280169e+00
   2.9008521e+00
   2.9155512e+00
   2.8872459e+00
   2.8412292e+00
   2.8056059e+00
   2.8012775e+00
   2.8331740e+00
   2.8877679e+00
   2.9386162e+00
   2.9566357e+00
   2.9201548e+00
   2.8219576e+00
   2.6729017e+00
   2.5018780e+00
   2.3505590e+00
   2.2613193e+00
   2.2608217e+00
   2.3481739e+00
   2.4965035e+00
   2.6668451e+00
   2.8245884e+00
   2.9504584e+00
   3.0443347e+00
   3.1233165e+00
   3.2150611e+00
   3.3471817e+00
   3.5355214e+00
   3.7767062e+00
   4.0492233e+00
   4.3218358e+00
   4.5638877e+00
   4.7528532e+00
   4.8778544e+00
   4.9400171e+00
   4.9506946e+00
   4.9279423e+00
   4.8913662e+00
   4.8561082e+00
   4.8278573e+00
   4.8011394e+00
   4.7618306e+00
   4.6926937e+00
   4.5795890e+00
   4.4164583e+00
   4.2081853e+00
   3.9708920e+00
   3.7290944e+00
   3.5093250e+00
   3.3313758e+00
   3.2007772e+00
   3.1068749e+00
   3.0278761e+00
   2.9398911e+00
   2.8254767e+00
   2.6789101e+00
   2.5075151e+00
   2.3291215e+00
   2.1658601e+00
   2.0354730e+00
   1.9433265e+00
   1.8792683e+00
   1.8212241e+00
   1.7434156e+00
   1.6251486e+00
   1.4573113e+00
   1.2456466e+00
   1.0104260e+00
   7.8161759e-01
   5.8896502e-01
   4.4935269e-01
   3.5787102e-01
   2.8871125e-01
   2.0555550e-01
   7.5216188e-02
  -1.2120289e-01
  -3.8140985e-01
  -6.7931897e-01
  -9.6847790e-01
  -1.1952148e+00
  -1.3213537e+00
  -1.3451564e+00
  -1.3040516e+00
  -1.2568238e+00
  -1.2600512e+00
  -1.3521370e+00
  -1.5465111e+00
  -1.8297277e+00
  -2.1621669e+00
  -2.4839031e+00
  -2.7309778e+00
  -2.8615067e+00
  -2.8770502e+00
  -2.8211580e+00
  -2.7564453e+00
  -2.7391207e+00
  -2.8040968e+00
  -2.9601875e+00
  -3.1903529e+00
  -3.4551239e+00
  -3.7016301e+00
  -3.8809589e+00
  -3.9695109e+00
  -3.9809293e+00
  -3.9586517e+00
  -3.9552493e+00
  -4.0129569e+00
  -4.1529493e+00
  -4.3724607e+00
  -4.6472792e+00
  -4.9396143e+00
  -5.2122042e+00
  -5.4454319e+00
  -5.6481463e+00
  -5.8540573e+00
  -6.1058666e+00
  -6.4366157e+00
  -6.8548903e+00
  -7.3351754e+00
  -7.8155473e+00
  -8.2114153e+00
  -8.4530996e+00
  -8.5304272e+00
  -8.5035811e+00
  -8.4688190e+00
  -8.5147957e+00
  -8.6986734e+00
  -9.0391844e+00
  -9.5130275e+00
  -1.0048638e+01
  -1.0526816e+01
  -1.0814231e+01
  -1.0839578e+01
  -1.0650860e+01
  -1.0383356e+01
  -1.0180805e+01
  -1.0148768e+01
  -1.0347767e+01
  -1.0796502e+01
  -1.1462951e+01
  -1.2234138e+01
  -1.2884724e+01
  -1.3139558e+01
  -1.2896366e+01
  -1.2343133e+01
  -1.1769518e+01
  -1.1380756e+01
  -1.1275933e+01
  -1.1483597e+01
  -1.1981078e+01
  -1.2685754e+01
  -1.3430632e+01
  -1.3976544e+01
  -1.4141961e+01
  -1.3968607e+01
  -1.3679899e+01
  -1.3500320e+01
  -1.3568905e+01
  -1.3948753e+01
  -1.4649483e+01
  -1.5626023e+01
  -1.6745417e+01
  -1.7744696e+01
  -1.8297091e+01
  -1.8280383e+01
  -1.7910579e+01
  -1.7501024e+01
  -1.7253599e+01
  -1.7248190e+01
  -1.7482429e+01
  -1.7882630e+01
  -1.8288066e+01
  -1.8462665e+01
  -1.8220971e+01
  -1.7599566e+01
  -1.6825793e+01
  -1.6135087e+01
  -1.5678361e+01
  -1.5530652e+01
  -1.5716822e+01
  -1.6216637e+01
  -1.6939398e+01
  -1.7674524e+01
  -1.8097408e+01
  -1.7983484e+01
  -1.7457323e+01
  -1.6852182e+01
  -1.6434622e+01
  -1.6340909e+01
  -1.6622775e+01
  -1.7281173e+01
  -1.8260480e+01
  -1.9397577e+01
  -2.0357031e+01
  -2.0737237e+01
  -2.0459472e+01
  -1.9855243e+01
  -1.9280371e+01
  -1.8916998e+01
  -1.8817261e+01
  -1.8965124e+01
  -1.9296083e+01
  -1.9684642e+01
  -1.9930958e+01
  -1.9817198e+01
  -1.9264602e+01
  -1.8415910e+01
  -1.7511204e+01
  -1.6743428e+01
  -1.6224533e+01
  -1.6007506e+01
  -1.6106214e+01
  -1.6495876e+01
  -1.7090308e+01
  -1.7703974e+01
  -1.8060824e+01
  -1.7959372e+01
  -1.7475919e+01
  -1.6884306e+01
  -1.6430976e+01
  -1.6255476e+01
  -1.6417425e+01
  -1.6926964e+01
  -1.7745136e+01
  -1.8744306e+01
  -1.9639084e+01
  -2.0019489e+01
  -1.9684367e+01
  -1.8879803e+01
  -1.7990707e+01
  -1.7255764e+01
  -1.6770331e+01
  -1.6556421e+01
  -1.6599362e+01
  -1.6851972e+01
  -1.7219059e+01
  -1.7542538e+01
  -1.7634231e+01
  -1.7390269e+01
  -1.6884479e+01
  -1.6305730e+01
  -1.5829684e+01
  -1.5560697e+01
  -1.5532762e+01
  -1.5717325e+01
  -1.6019805e+01
  -1.6282044e+01
  -1.6335855e+01
  -1.6115571e+01
  -1.5715182e+01
  -1.5309430e+01
  -1.5047679e+01
  -1.5014128e+01
  -1.5230221e+01
  -1.5656763e+01
  -1.6182742e+01
  -1.6622103e+01
  -1.6776459e+01
  -1.6574056e+01
  -1.6130734e+01
  -1.5641372e+01
  -1.5258579e+01
  -1.5061486e+01
  -1.5071198e+01
  -1.5265208e+01
  -1.5578088e+01
  -1.5895349e+01
  -1.6064888e+01
  -1.5957900e+01
  -1.5555997e+01
  -1.4966138e+01
  -1.4341667e+01
  -1.3805070e+01
  -1.3423242e+01
  -1.3211836e+01
  -1.3142313e+01
  -1.3146688e+01
  -1.3130453e+01
  -1.3007406e+01
  -1.2747954e+01
  -1.2399989e+01
  -1.2059389e+01
  -1.1821971e+01
  -1.1753506e+01
  -1.1879522e+01
  -1.2180020e+01
  -1.2580716e+01
  -1.2950244e+01
  -1.3135203e+01
  -1.3049727e+01
  -1.2745074e+01
  -1.2369012e+01
  -1.2071457e+01
  -1.1954195e+01
  -1.2068557e+01
  -1.2424758e+01
  -1.2991527e+01
  -1.3680150e+01
  -1.4323955e+01
  -1.4702667e+01
  -1.4669807e+01
  -1.4283883e+01
  -1.3752096e+01
  -1.3274781e+01
  -1.2975021e+01
  -1.2906088e+01
  -1.3069636e+01
  -1.3417685e+01
  -1.3839752e+01
  -1.4160587e+01
  -1.4201562e+01
  -1.3907607e+01
  -1.3397271e+01
  -1.2860598e+01
  -1.2446354e+01
  -1.2229264e+01
  -1.2219101e+01
  -1.2369785e+01
  -1.2582695e+01
  -1.2723973e+01
  -1.2680477e+01
  -1.2432541e+01
  -1.2066604e+01
  -1.1711404e+01
  -1.1471707e+01
  -1.1402843e+01
  -1.1510019e+01
  -1.1750486e+01
  -1.2035085e+01
  -1.2243794e+01
  -1.2273709e+01
  -1.2101521e+01
  -1.1798535e+01
  -1.1480170e+01
  -1.1247101e+01
  -1.1158746e+01
  -1.1229874e+01
  -1.1430723e+01
  -1.1684419e+01
  -1.1872856e+01
  -1.1874454e+01
  -1.1634086e+01
  -1.1204295e+01
  -1.0707459e+01
  -1.0265795e+01
  -9.9624389e+00
  -9.8360575e+00
  -9.8854725e+00
  -1.0071003e+01
  -1.0313394e+01
  -1.0503426e+01
  -1.0539686e+01
  -1.0385789e+01
  -1.0095213e+01
  -9.7743746e+00
  -9.5259951e+00
  -9.4179637e+00
  -9.4777898e+00
  -9.6951399e+00
  -1.0023250e+01
  -1.0382093e+01
  -1.0675282e+01
  -1.0829280e+01
  -1.0835874e+01
  -1.0757794e+01
  -1.0691431e+01
  -1.0724410e+01
  -1.0914092e+01
  -1.1281819e+01
  -1.1808699e+01
  -1.2425960e+01
  -1.3008003e+01
  -1.3398982e+01
  -1.3498437e+01
  -1.3343671e+01
  -1.3083503e+01
  -1.2880046e+01
  -1.2847109e+01
  -1.3040543e+01
  -1.3461712e+01
  -1.4048866e+01
  -1.4657202e+01
  -1.5069508e+01
  -1.5109339e+01
  -1.4796982e+01
  -1.4329798e+01
  -1.3916827e+01
  -1.3681892e+01
  -1.3658367e+01
  -1.3802871e+01
  -1.4001571e+01
  -1.4092490e+01
  -1.3941239e+01
  -1.3537533e+01
  -1.3000191e+01
  -1.2485072e+01
  -1.2109275e+01
  -1.1934600e+01
  -1.1977927e+01
  -1.2220645e+01
  -1.2610060e+01
  -1.3057688e+01
  -1.3448786e+01
  -1.3680070e+01
  -1.3715530e+01
  -1.3609162e+01
  -1.3467658e+01
  -1.3394793e+01
  -1.3460145e+01
  -1.3690446e+01
  -1.4064931e+01
  -1.4505701e+01
  -1.4875257e+01
  -1.5018602e+01
  -1.4864306e+01
  -1.4491834e+01
  -1.4074185e+01
  -1.3776452e+01
  -1.3710725e+01
  -1.3938324e+01
  -1.4477181e+01
  -1.5288590e+01
  -1.6229182e+01
  -1.6994194e+01
  -1.7217236e+01
  -1.6826088e+01
  -1.6137403e+01
  -1.5509060e+01
  -1.5141427e+01
  -1.5108028e+01
  -1.5411969e+01
  -1.6003612e+01
  -1.6764447e+01
  -1.7484622e+01
  -1.7910555e+01
  -1.7920254e+01
  -1.7641288e+01
  -1.7321836e+01
  -1.7160563e+01
  -1.7265698e+01
  -1.7678337e+01
  -1.8385481e+01
  -1.9295095e+01
  -2.0170188e+01
  -2.0615309e+01
  -2.0349859e+01
  -1.9549123e+01
  -1.8630272e+01
  -1.7897222e+01
  -1.7497109e+01
  -1.7495955e+01
  -1.7929448e+01
  -1.8814937e+01
  -2.0115516e+01
  -2.1601034e+01
  -2.2609972e+01
  -2.2403721e+01
  -2.1294827e+01
  -2.0124255e+01
  -1.9325855e+01
  -1.9014232e+01
  -1.9188866e+01
  -1.9791817e+01
  -2.0670821e+01
  -2.1491220e+01
  -2.1780232e+01
  -2.1356859e+01
  -2.0565084e+01
  -1.9839964e+01
  -1.9420686e+01
  -1.9396385e+01
  -1.9789102e+01
  -2.0586260e+01
  -2.1724357e+01
  -2.3013553e+01
  -2.4029676e+01
  -2.4260656e+01
  -2.3687085e+01
  -2.2805683e+01
  -2.2048050e+01
  -2.1614028e+01
  -2.1579195e+01
  -2.1975177e+01
  -2.2808076e+01
  -2.4012624e+01
  -2.5293900e+01
  -2.5946127e+01
  -2.5411208e+01
  -2.4172821e+01
  -2.2989687e+01
  -2.2215223e+01
  -2.1943532e+01
  -2.2173863e+01
  -2.2841905e+01
  -2.3752841e+01
  -2.4465964e+01
  -2.4447352e+01
  -2.3690154e+01
  -2.2720735e+01
  -2.1977163e+01
  -2.1650809e+01
  -2.1804425e+01
  -2.2452980e+01
  -2.3577065e+01
  -2.5063747e+01
  -2.6530920e+01
  -2.7214507e+01
  -2.6691321e+01
  -2.5527906e+01
  -2.4375419e+01
  -2.3494460e+01
  -2.2944481e+01
  -2.2740239e+01
  -2.2910278e+01
  -2.3516739e+01
  -2.4665348e+01
  -2.6506451e+01
  -2.9121681e+01
  -3.1549152e+01
  -3.0654391e+01
  -2.7750025e+01
  -2.5399129e+01
  -2.3932051e+01
  -2.3256015e+01
  -2.3301898e+01
  -2.4057898e+01
  -2.5546730e+01
  -2.7706808e+01
  -2.9846279e+01
  -3.0088779e+01
  -2.8461591e+01
  -2.6848078e+01
  -2.5940372e+01
  -2.5818991e+01
  -2.6499652e+01
  -2.8074073e+01
  -3.0807393e+01
  -3.5338293e+01
  -4.1090640e+01
  -3.7079270e+01
  -3.2421101e+01
  -2.9547132e+01
  -2.7630477e+01
  -2.6279903e+01
  -2.5335978e+01
  -2.4753884e+01
  -2.4539927e+01
  -2.4706983e+01
  -2.5225862e+01
  -2.5938708e+01
  -2.6444485e+01
  -2.6236704e+01
  -2.5294946e+01
  -2.4126472e+01
  -2.3171216e+01
  -2.2623985e+01
  -2.2538250e+01
  -2.2894282e+01
  -2.3588851e+01
  -2.4362602e+01
  -2.4777246e+01
  -2.4524562e+01
  -2.3808984e+01
  -2.3080370e+01
  -2.2645280e+01
  -2.2641129e+01
  -2.3122918e+01
  -2.4109180e+01
  -2.5564502e+01
  -2.7263915e+01
  -2.8493761e+01
  -2.8325162e+01
  -2.7012586e+01
  -2.5492041e+01
  -2.4219048e+01
  -2.3296121e+01
  -2.2731914e+01
  -2.2532185e+01
  -2.2719558e+01
  -2.3328826e+01
  -2.4377666e+01
  -2.5760359e+01
  -2.6955782e+01
  -2.6947534e+01
  -2.5590594e+01
  -2.3895592e+01
  -2.2520131e+01
  -2.1635269e+01
  -2.1241456e+01
  -2.1287995e+01
  -2.1681481e+01
  -2.2248665e+01
  -2.2706749e+01
  -2.2763656e+01
  -2.2366553e+01
  -2.1747808e+01
  -2.1183863e+01
  -2.0840370e+01
  -2.0777738e+01
  -2.0989560e+01
  -2.1420089e+01
  -2.1962401e+01
  -2.2458139e+01
  -2.2735817e+01
  -2.2702255e+01
  -2.2408805e+01
  -2.2007742e+01
  -2.1661088e+01
  -2.1495273e+01
  -2.1602153e+01
  -2.2050906e+01
  -2.2886005e+01
  -2.4079375e+01
  -2.5362198e+01
  -2.5982459e+01
  -2.5272363e+01
  -2.3758736e+01
  -2.2289363e+01
  -2.1236197e+01
  -2.0692759e+01
  -2.0676069e+01
  -2.1195246e+01
  -2.2262241e+01
  -2.3856973e+01
  -2.5774612e+01
  -2.7264333e+01
  -2.7298286e+01
  -2.6228318e+01
  -2.5127635e+01
  -2.4473521e+01
  -2.4357492e+01
  -2.4768874e+01
  -2.5682991e+01
  -2.7076873e+01
  -2.8912212e+01
  -3.1049500e+01
  -3.2970993e+01
  -3.3576807e+01
  -3.2519841e+01
  -3.0873878e+01
  -2.9451354e+01
  -2.8525231e+01
  -2.8192411e+01
  -2.8539656e+01
  -2.9717766e+01
  -3.2041264e+01
  -3.6250483e+01
  -4.2928389e+01
  -3.9118151e+01
  -3.4172075e+01
  -3.1750144e+01
  -3.0929139e+01
  -3.1468647e+01
  -3.3611819e+01
  -3.8630258e+01
  -5.3693078e+01
  -3.8613507e+01
  -3.3121140e+01
  -3.0594601e+01
  -2.9685375e+01
  -3.0129468e+01
  -3.2172763e+01
  -3.7099360e+01
  -4.9568055e+01
  -3.6127012e+01
  -3.0525154e+01
  -2.7648590e+01
  -2.6183784e+01
  -2.5734917e+01
  -2.6167498e+01
  -2.7422597e+01
  -2.9235131e+01
  -3.0333459e+01
  -2.9137630e+01
  -2.6930421e+01
  -2.5131407e+01
  -2.4032889e+01
  -2.3615886e+01
  -2.3837498e+01
  -2.4673793e+01
  -2.6097187e+01
  -2.7966801e+01
  -2.9707711e+01
  -3.0189744e+01
  -2.9238724e+01
  -2.7926765e+01
  -2.6904993e+01
  -2.6322240e+01
  -2.6186042e+01
  -2.6505932e+01
  -2.7335498e+01
  -2.8773334e+01
  -3.0845241e+01
  -3.2732463e+01
  -3.1895676e+01
  -2.8970446e+01
  -2.6305212e+01
  -2.4401561e+01
  -2.3217369e+01
  -2.2680795e+01
  -2.2751045e+01
  -2.3401486e+01
  -2.4550311e+01
  -2.5852052e+01
  -2.6421393e+01
  -2.5595175e+01
  -2.4069549e+01
  -2.2703940e+01
  -2.1815823e+01
  -2.1461832e+01
  -2.1628058e+01
  -2.2269910e+01
  -2.3268982e+01
  -2.4306867e+01
  -2.4786245e+01
  -2.4298886e+01
  -2.3194262e+01
  -2.2051254e+01
  -2.1174336e+01
  -2.0656655e+01
  -2.0509077e+01
  -2.0712157e+01
  -2.1215195e+01
  -2.1893309e+01
  -2.2474183e+01
  -2.2558826e+01
  -2.1943080e+01
  -2.0874852e+01
  -1.9758769e+01
  -1.8856887e+01
  -1.8283744e+01
  -1.8077229e+01
  -1.8236444e+01
  -1.8721791e+01
  -1.9420189e+01
  -2.0087405e+01
  -2.0368766e+01
  -2.0060491e+01
  -1.9343805e+01
  -1.8571353e+01
  -1.7992949e+01
  -1.7723847e+01
  -1.7802406e+01
  -1.8229083e+01
  -1.8975812e+01
  -1.9970516e+01
  -2.1059998e+01
  -2.1983644e+01
  -2.2463781e+01
  -2.2435649e+01
  -2.2108387e+01
  -2.1751747e+01
  -2.1541200e+01
  -2.1554344e+01
  -2.1802802e+01
  -2.2238882e+01
  -2.2732062e+01
  -2.3051816e+01
  -2.2957565e+01
  -2.2411326e+01
  -2.1632024e+01
  -2.0899477e+01
  -2.0409229e+01
  -2.0269682e+01
  -2.0540295e+01
  -2.1254320e+01
  -2.2409506e+01
  -2.3895685e+01
  -2.5313300e+01
  -2.5930211e+01
  -2.5487826e+01
  -2.4643919e+01
  -2.4037350e+01
  -2.3938818e+01
  -2.4441915e+01
  -2.5588611e+01
  -2.7363744e+01
  -2.9465064e+01
  -3.0741959e+01
  -3.0096428e+01
  -2.8587563e+01
  -2.7350656e+01
  -2.6661473e+01
  -2.6497873e+01
  -2.6787383e+01
  -2.7468504e+01
  -2.8519127e+01
  -2.9987259e+01
  -3.2006369e+01
  -3.4636452e+01
  -3.6596437e+01
  -3.4789513e+01
  -3.1420468e+01
  -2.8707415e+01
  -2.6814946e+01
  -2.5607712e+01
  -2.4964972e+01
  -2.4784599e+01
  -2.4953870e+01
  -2.5320815e+01
  -2.5694873e+01
  -2.5920921e+01
  -2.5994154e+01
  -2.6071699e+01
  -2.6362478e+01
  -2.7034415e+01
  -2.8177219e+01
  -2.9729642e+01
  -3.1247204e+01
  -3.1817605e+01
  -3.1222980e+01
  -3.0398233e+01
  -3.0093969e+01
  -3.0650531e+01
  -3.2359563e+01
  -3.5780384e+01
  -4.1370383e+01
  -3.9380011e+01
  -3.4149257e+01
  -3.1197111e+01
  -2.9733507e+01
  -2.9365758e+01
  -2.9981515e+01
  -3.1657940e+01
  -3.4716867e+01
  -3.9916351e+01
  -4.4942151e+01
  -4.0447438e+01
  -3.7414559e+01
  -3.6634234e+01
  -3.7755522e+01
  -4.1391672e+01
  -5.2608413e+01
  -4.7124956e+01
  -3.9662391e+01
  -3.6787100e+01
  -3.6023886e+01
  -3.7003316e+01
  -3.9793592e+01
  -4.1416121e+01
  -3.6848126e+01
  -3.2650016e+01
  -2.9960825e+01
  -2.8405189e+01
  -2.7766459e+01
  -2.7972778e+01
  -2.9060412e+01
  -3.1155910e+01
  -3.4254319e+01
  -3.6396508e+01
  -3.4356155e+01
  -3.1599909e+01
  -2.9885948e+01
  -2.9200685e+01
  -2.9437799e+01
  -3.0590423e+01
  -3.2766348e+01
  -3.6170302e+01
  -4.0492387e+01
  -4.1895559e+01
  -4.0131702e+01
  -3.9618861e+01
  -4.1528550e+01
  -4.8575928e+01
  -4.9756953e+01
  -3.9362123e+01
  -3.4877388e+01
  -3.2460055e+01
  -3.1310019e+01
  -3.1164303e+01
  -3.1946752e+01
  -3.3617008e+01
  -3.5750828e+01
  -3.6507557e+01
  -3.4851595e+01
  -3.2865575e+01
  -3.1628763e+01
  -3.1271130e+01
  -3.1782715e+01
  -3.3189006e+01
  -3.5549232e+01
  -3.8747379e+01
  -4.1565513e+01
  -4.2100454e+01
  -4.1921694e+01
  -4.2301026e+01
  -4.1006496e+01
  -3.7035143e+01
  -3.3219369e+01
  -3.0404897e+01
  -2.8518865e+01
  -2.7436872e+01
  -2.7089666e+01
  -2.7458194e+01
  -2.8543106e+01
  -3.0238713e+01
  -3.1858626e+01
  -3.1844705e+01
  -3.0234384e+01
  -2.8597295e+01
  -2.7617450e+01
  -2.7424019e+01
  -2.8061009e+01
  -2.9603365e+01
  -3.2050784e+01
  -3.4333433e+01
  -3.3419983e+01
  -3.0681147e+01
  -2.8513339e+01
  -2.7209333e+01
  -2.6651247e+01
  -2.6727430e+01
  -2.7358450e+01
  -2.8476353e+01
  -2.9992113e+01
  -3.1735633e+01
  -3.3331065e+01
  -3.4082441e+01
  -3.3437796e+01
  -3.1794358e+01
  -2.9942990e+01
  -2.8350588e+01
  -2.7207763e+01
  -2.6596201e+01
  -2.6569443e+01
  -2.7177257e+01
  -2.8424689e+01
  -3.0002206e+01
  -3.0603572e+01
  -2.9073851e+01
  -2.6751601e+01
  -2.4814463e+01
  -2.3506885e+01
  -2.2813627e+01
  -2.2694200e+01
  -2.3123440e+01
  -2.4084585e+01
  -2.5525630e+01
  -2.7222719e+01
  -2.8526988e+01
  -2.8631458e+01
  -2.7750277e+01
  -2.6729611e+01
  -2.6017710e+01
  -2.5716403e+01
  -2.5807277e+01
  -2.6242010e+01
  -2.6968461e+01
  -2.7934684e+01
  -2.9073437e+01
  -3.0247624e+01
  -3.1155637e+01
  -3.1366158e+01
  -3.0735695e+01
  -2.9636222e+01
  -2.8520818e+01
  -2.7633854e+01
  -2.7054886e+01
  -2.6783064e+01
  -2.6779662e+01
  -2.6987128e+01
  -2.7345413e+01
  -2.7814446e+01
  -2.8396406e+01
  -2.9140737e+01
  -3.0120932e+01
  -3.1378811e+01
  -3.2808018e+01
  -3.3960501e+01
  -3.4172099e+01
  -3.3466185e+01
  -3.2574385e+01
  -3.2037380e+01
  -3.2071321e+01
  -3.2758112e+01
  -3.4138334e+01
  -3.6189421e+01
  -3.8633233e+01
  -4.0652294e+01
  -4.1748616e+01
  -4.3142589e+01
  -4.7098467e+01
  -5.2485202e+01
  -4.2029606e+01
  -3.6103203e+01
  -3.2450254e+01
  -3.0060343e+01
  -2.8549835e+01
  -2.7737538e+01
  -2.7522860e+01
  -2.7828712e+01
  -2.8544041e+01
  -2.9433625e+01
  -3.0069010e+01
  -3.0055328e+01
  -2.9491237e+01
  -2.8829649e+01
  -2.8419871e+01
  -2.8420055e+01
  -2.8887444e+01
  -2.9845455e+01
  -3.1317354e+01
  -3.3353150e+01
  -3.6073106e+01
  -3.9693615e+01
  -4.3574785e+01
  -4.2395860e+01
  -3.8203780e+01
  -3.4962464e+01
  -3.2739280e+01
  -3.1333182e+01
  -3.0640021e+01
  -3.0618365e+01
  -3.1238678e+01
  -3.2357690e+01
  -3.3360022e+01
  -3.3041461e+01
  -3.1319419e+01
  -2.9372566e+01
  -2.7845517e+01
  -2.6865803e+01
  -2.6411579e+01
  -2.6430195e+01
  -2.6853171e+01
  -2.7577172e+01
  -2.8433707e+01
  -2.9187825e+01
  -2.9633613e+01
  -2.9741776e+01
  -2.9652820e+01
  -2.9522630e+01
  -2.9433759e+01
  -2.9417635e+01
  -2.9511734e+01
  -2.9794279e+01
  -3.0378197e+01
  -3.1365192e+01
  -3.2707553e+01
  -3.3797636e+01
  -3.3347995e+01
  -3.1415821e+01
  -2.9337133e+01
  -2.7755801e+01
  -2.6792557e+01
  -2.6440120e+01
  -2.6670458e+01
  -2.7421411e+01
  -2.8482911e+01
  -2.9274335e+01
  -2.9022826e+01
  -2.7814519e+01
  -2.6438139e+01
  -2.5388464e+01
  -2.4819738e+01
  -2.4761174e+01
  -2.5215880e+01
  -2.6188784e+01
  -2.7680088e+01
  -2.9621727e+01
  -3.1645269e+01
  -3.2732955e+01
  -3.2135669e+01
  -3.0693391e+01
  -2.9314177e+01
  -2.8289230e+01
  -2.7669484e+01
  -2.7469069e+01
  -2.7713850e+01
  -2.8434953e+01
  -2.9605998e+01
  -3.0918117e+01
  -3.1407117e+01
  -3.0285314e+01
  -2.8385178e+01
  -2.6677811e+01
  -2.5485144e+01
  -2.4857588e+01
  -2.4793593e+01
  -2.5301473e+01
  -2.6416199e+01
  -2.8201987e+01
  -3.0716455e+01
  -3.3749751e+01
  -3.5901011e+01
  -3.5569801e+01
  -3.4433416e+01
  -3.3971460e+01
  -3.4511649e+01
  -3.6193022e+01
  -3.9300433e+01
  -4.4094288e+01
  -4.6065681e+01
  -4.2395189e+01
  -3.9919348e+01
  -3.8887656e+01
  -3.8736009e+01
  -3.8897444e+01
  -3.8865870e+01
  -3.8607846e+01
  -3.8617348e+01
  -3.9535748e+01
  -4.2244356e+01
  -4.9104201e+01
  -4.7246340e+01
  -3.9164994e+01
  -3.4910002e+01
  -3.2399682e+01
  -3.0997987e+01
  -3.0455417e+01
  -3.0646308e+01
  -3.1427816e+01
  -3.2410979e+01
  -3.2727752e+01
  -3.1805120e+01
  -3.0321220e+01
  -2.9080185e+01
  -2.8398819e+01
  -2.8358627e+01
  -2.8974869e+01
  -3.0197104e+01
  -3.1703400e+01
  -3.2493036e+01
  -3.1677250e+01
  -3.0084862e+01
  -2.8734126e+01
  -2.7958203e+01
  -2.7810902e+01
  -2.8302640e+01
  -2.9471989e+01
  -3.1420478e+01
  -3.4341586e+01
  -3.8296991e+01
  -4.0500612e+01
  -3.7441213e+01
  -3.4076529e+01
  -3.1643161e+01
  -2.9925391e+01
  -2.8767168e+01
  -2.8118192e+01
  -2.7993844e+01
  -2.8453664e+01
  -2.9587957e+01
  -3.1442343e+01
  -3.3511522e+01
  -3.3620662e+01
  -3.1243323e+01
  -2.8745104e+01
  -2.6972046e+01
  -2.5956048e+01
  -2.5642626e+01
  -2.6020641e+01
  -2.7151187e+01
  -2.9214721e+01
  -3.2657699e+01
  -3.8651729e+01
  -4.3518779e+01
  -3.6806536e+01
  -3.3087240e+01
  -3.1291910e+01
  -3.0647589e+01
  -3.0850703e+01
  -3.1760595e+01
  -3.3246629e+01
  -3.4897338e+01
  -3.5490181e+01
  -3.4042828e+01
  -3.1644335e+01
  -2.9368139e+01
  -2.7509705e+01
  -2.6106540e+01
  -2.5155653e+01
  -2.4659067e+01
  -2.4629523e+01
