   3.1415927e+00
   2.7622889e+00
   2.3840297e+00
   2.0082326e+00
   1.6373672e+00
   1.2767688e+00
   9.4123762e-01
   6.9286409e-01
   1.1734462e+00
   2.3238099e+00
   2.1461886e+00
   1.8203825e+00
   1.4559562e+00
   1.0707265e+00
   6.5632126e-01
  -7.4466684e-03
  -3.0322530e+00
  -3.5048151e+00
  -3.9215834e+00
  -4.3331385e+00
  -4.7532643e+00
  -5.2041738e+00
  -5.7851808e+00
  -7.5193562e+00
  -8.9154541e+00
  -9.4409054e+00
  -9.8518681e+00
  -1.0217016e+01
  -1.0544653e+01
  -1.0827149e+01
  -1.1048292e+01
  -1.1193654e+01
  -1.1279565e+01
  -1.1370928e+01
  -1.1526940e+01
  -1.1755834e+01
  -1.2038537e+01
  -1.2353818e+01
  -1.2683786e+01
  -1.3011409e+01
  -1.3315324e+01
  -1.3561276e+01
  -1.3692265e+01
  -1.3664688e+01
  -1.3602175e+01
  -1.3684032e+01
  -1.3902907e+01
  -1.4197952e+01
  -1.4530473e+01
  -1.4879202e+01
  -1.5230836e+01
  -1.5574406e+01
  -1.5896890e+01
  -1.6177001e+01
  -1.6372661e+01
  -1.6404954e+01
  -1.6241695e+01
  -1.6123947e+01
  -1.6206732e+01
  -1.6417078e+01
  -1.6687257e+01
  -1.6982602e+01
  -1.7283522e+01
  -1.7574801e+01
  -1.7838613e+01
  -1.8045943e+01
  -1.8142949e+01
  -1.8059070e+01
  -1.7864553e+01
  -1.7794820e+01
  -1.7882897e+01
  -1.8055609e+01
  -1.8263743e+01
  -1.8481697e+01
  -1.8695948e+01
  -1.8899830e+01
  -1.9091737e+01
  -1.9274197e+01
  -1.9452397e+01
  -1.9631974e+01
  -1.9817042e+01
  -2.0009429e+01
  -2.0209119e+01
  -2.0415149e+01
  -2.0626369e+01
  -2.0841807e+01
  -2.1060674e+01
  -2.1282156e+01
  -2.1505156e+01
  -2.1728084e+01
  -2.1948800e+01
  -2.2164711e+01
  -2.2373083e+01
  -2.2571617e+01
  -2.2759274e+01
  -2.2937192e+01
  -2.3109132e+01
  -2.3280858e+01
  -2.3458389e+01
  -2.3646096e+01
  -2.3845717e+01
  -2.4056556e+01
  -2.4276301e+01
  -2.4501894e+01
  -2.4730179e+01
  -2.4958333e+01
  -2.5184159e+01
  -2.5406292e+01
  -2.5624299e+01
  -2.5838633e+01
  -2.6050385e+01
  -2.6260872e+01
  -2.6471182e+01
  -2.6681825e+01
  -2.6892622e+01
  -2.7102824e+01
  -2.7311398e+01
  -2.7517410e+01
  -2.7720380e+01
  -2.7920531e+01
  -2.8118816e+01
  -2.8316677e+01
  -2.8515603e+01
  -2.8716655e+01
  -2.8920156e+01
  -2.9125637e+01
  -2.9332044e+01
  -2.9538113e+01
  -2.9742813e+01
  -2.9945768e+01
  -3.0147523e+01
  -3.0349545e+01
  -3.0553877e+01
  -3.0762561e+01
  -3.0977041e+01
  -3.1197789e+01
  -3.1424228e+01
  -3.1654905e+01
  -3.1887772e+01
  -3.2120521e+01
  -3.2350907e+01
  -3.2577096e+01
  -3.2798003e+01
  -3.3013574e+01
  -3.3224885e+01
  -3.3433927e+01
  -3.3643065e+01
  -3.3854341e+01
  -3.4068909e+01
  -3.4286791e+01
  -3.4506989e+01
  -3.4727820e+01
  -3.4947361e+01
  -3.5163924e+01
  -3.5376487e+01
  -3.5585017e+01
  -3.5790559e+01
  -3.5994967e+01
  -3.6200341e+01
  -3.6408345e+01
  -3.6619703e+01
  -3.6834042e+01
  -3.7050057e+01
  -3.7265903e+01
  -3.7479687e+01
  -3.7689976e+01
  -3.7896260e+01
  -3.8099221e+01
  -3.8300654e+01
  -3.8502982e+01
  -3.8708499e+01
  -3.8918664e+01
  -3.9133728e+01
  -3.9352747e+01
  -3.9573887e+01
  -3.9794838e+01
  -4.0013269e+01
  -4.0227265e+01
  -4.0435732e+01
  -4.0638682e+01
  -4.0837262e+01
  -4.1033426e+01
  -4.1229291e+01
  -4.1426432e+01
  -4.1625400e+01
  -4.1825635e+01
  -4.2025730e+01
  -4.2223922e+01
  -4.2418660e+01
  -4.2609149e+01
  -4.2795711e+01
  -4.2979795e+01
  -4.3163555e+01
  -4.3349099e+01
  -4.3537745e+01
  -4.3729603e+01
  -4.3923604e+01
  -4.4117879e+01
  -4.4310347e+01
  -4.4499375e+01
  -4.4684401e+01
  -4.4866324e+01
  -4.5047439e+01
  -4.5230797e+01
  -4.5419226e+01
  -4.5614445e+01
  -4.5816661e+01
  -4.6024665e+01
  -4.6236237e+01
  -4.6448633e+01
  -4.6659059e+01
  -4.6865109e+01
  -4.7065197e+01
  -4.7258910e+01
  -4.7447183e+01
  -4.7632100e+01
  -4.7816305e+01
  -4.8002201e+01
  -4.8191288e+01
  -4.8383899e+01
  -4.8579331e+01
  -4.8776237e+01
  -4.8973069e+01
  -4.9168469e+01
  -4.9361529e+01
  -4.9551892e+01
  -4.9739664e+01
  -4.9925201e+01
  -5.0108830e+01
  -5.0290655e+01
  -5.0470532e+01
  -5.0648236e+01
  -5.0823762e+01
  -5.0997619e+01
  -5.1170945e+01
  -5.1345322e+01
  -5.1522309e+01
  -5.1702878e+01
  -5.1886986e+01
  -5.2073439e+01
  -5.2260043e+01
  -5.2443987e+01
  -5.2622394e+01
  -5.2793033e+01
  -5.2955083e+01
  -5.3109707e+01
  -5.3260007e+01
  -5.3410090e+01
  -5.3563600e+01
  -5.3722531e+01
  -5.3886904e+01
  -5.4055281e+01
  -5.4225676e+01
  -5.4396454e+01
  -5.4566962e+01
  -5.4737713e+01
  -5.4910051e+01
  -5.5085404e+01
  -5.5264486e+01
  -5.5446780e+01
  -5.5630498e+01
  -5.5812942e+01
  -5.5991197e+01
  -5.6163018e+01
  -5.6327803e+01
  -5.6487256e+01
  -5.6645218e+01
  -5.6806395e+01
  -5.6974544e+01
  -5.7151166e+01
  -5.7335264e+01
  -5.7523960e+01
  -5.7713449e+01
  -5.7899983e+01
  -5.8080795e+01
  -5.8254891e+01
  -5.8423429e+01
  -5.8589314e+01
  -5.8755926e+01
  -5.8925554e+01
  -5.9098354e+01
  -5.9272273e+01
  -5.9443780e+01
  -5.9609115e+01
  -5.9765853e+01
  -5.9914447e+01
  -6.0058951e+01
  -6.0205970e+01
  -6.0361966e+01
  -6.0530678e+01
  -6.0712199e+01
  -6.0903668e+01
  -6.1100536e+01
  -6.1297690e+01
  -6.1490326e+01
  -6.1674713e+01
  -6.1848954e+01
  -6.2013538e+01
  -6.2171255e+01
  -6.2326124e+01
  -6.2481700e+01
  -6.2639741e+01
  -6.2799956e+01
  -6.2960797e+01
  -6.3120768e+01
  -6.3279646e+01
  -6.3439041e+01
  -6.3601930e+01
  -6.3771289e+01
  -6.3948589e+01
  -6.4132931e+01
  -6.4321052e+01
  -6.4507923e+01
  -6.4687696e+01
  -6.4855094e+01
  -6.5007417e+01
  -6.5146782e+01
  -6.5280828e+01
  -6.5419975e+01
  -6.5572406e+01
  -6.5740689e+01
  -6.5921889e+01
  -6.6109533e+01
  -6.6295586e+01
  -6.6472015e+01
  -6.6632535e+01
  -6.6775024e+01
  -6.6903773e+01
  -6.7028969e+01
  -6.7161877e+01
  -6.7309023e+01
  -6.7470040e+01
  -6.7639346e+01
  -6.7809016e+01
  -6.7971453e+01
  -6.8122038e+01
  -6.8261753e+01
  -6.8398064e+01
  -6.8541833e+01
  -6.8701469e+01
  -6.8878924e+01
  -6.9069609e+01
  -6.9264209e+01
  -6.9450302e+01
  -6.9613957e+01
  -6.9743866e+01
  -6.9841030e+01
  -6.9928190e+01
  -7.0040048e+01
  -7.0198167e+01
  -7.0402786e+01
  -7.0642608e+01
  -7.0903667e+01
  -7.1172160e+01
  -7.1434067e+01
  -7.1674173e+01
  -7.1877083e+01
  -7.2034983e+01
  -7.2163832e+01
  -7.2307015e+01
  -7.2504729e+01
  -7.2769317e+01
  -7.3094716e+01
  -7.3471964e+01
  -7.3895103e+01
  -7.4359750e+01
  -7.4856050e+01
  -7.5357214e+01
  -7.5813923e+01
  -7.6168718e+01
  -7.6390493e+01
  -7.6521984e+01
  -7.6662244e+01
  -7.6861727e+01
  -7.7110252e+01
  -7.7384069e+01
  -7.7663887e+01
  -7.7934972e+01
  -7.8184629e+01
  -7.8401107e+01
  -7.8575686e+01
  -7.8709416e+01
  -7.8820288e+01
  -7.8937549e+01
  -7.9082814e+01
  -7.9260310e+01
  -7.9462512e+01
  -7.9678158e+01
  -7.9896251e+01
  -8.0107376e+01
  -8.0304508e+01
  -8.0484367e+01
  -8.0649085e+01
  -8.0806416e+01
  -8.0966744e+01
  -8.1138188e+01
  -8.1323530e+01
  -8.1520490e+01
  -8.1723746e+01
  -8.1926917e+01
  -8.2124054e+01
  -8.2310907e+01
  -8.2486135e+01
  -8.2652054e+01
  -8.2814009e+01
  -8.2978118e+01
  -8.3148582e+01
  -8.3326264e+01
  -8.3509021e+01
  -8.3693022e+01
  -8.3874261e+01
  -8.4049919e+01
  -8.4219395e+01
  -8.4384663e+01
  -8.4549567e+01
  -8.4718171e+01
  -8.4893033e+01
  -8.5074332e+01
  -8.5260034e+01
  -8.5446699e+01
  -8.5630473e+01
  -8.5808101e+01
  -8.5977886e+01
  -8.6140396e+01
  -8.6298498e+01
  -8.6456378e+01
  -8.6617885e+01
  -8.6785080e+01
  -8.6957740e+01
  -8.7133795e+01
  -8.7310266e+01
  -8.7484295e+01
  -8.7654071e+01
  -8.7819476e+01
  -8.7982187e+01
  -8.8145063e+01
  -8.8310976e+01
  -8.8481683e+01
  -8.8657285e+01
  -8.8836379e+01
  -8.9016679e+01
  -8.9195804e+01
  -8.9372004e+01
  -8.9544709e+01
  -8.9714703e+01
  -8.9883824e+01
  -9.0054228e+01
  -9.0227564e+01
  -9.0404419e+01
  -9.0584251e+01
  -9.0765723e+01
  -9.0947250e+01
  -9.1127552e+01
  -9.1306077e+01
  -9.1483182e+01
  -9.1659982e+01
  -9.1837927e+01
  -9.2018261e+01
  -9.2201595e+01
  -9.2387769e+01
  -9.2575977e+01
  -9.2765082e+01
  -9.2954000e+01
  -9.3142020e+01
  -9.3329013e+01
  -9.3515442e+01
  -9.3702180e+01
  -9.3890195e+01
  -9.4080225e+01
  -9.4272569e+01
  -9.4467050e+01
  -9.4663146e+01
  -9.4860210e+01
  -9.5057700e+01
  -9.5255357e+01
  -9.5453268e+01
  -9.5651816e+01
  -9.5851519e+01
  -9.6052844e+01
  -9.6256045e+01
  -9.6461086e+01
  -9.6667674e+01
  -9.6875363e+01
  -9.7083699e+01
  -9.7292351e+01
  -9.7501197e+01
  -9.7710335e+01
  -9.7920018e+01
  -9.8130539e+01
  -9.8342103e+01
  -9.8554729e+01
  -9.8768213e+01
  -9.8982159e+01
  -9.9196065e+01
  -9.9409436e+01
  -9.9621890e+01
  -9.9833226e+01
  -1.0004343e+02
  -1.0025262e+02
  -1.0046089e+02
  -1.0066819e+02
  -1.0087417e+02
  -1.0107812e+02
  -1.0127903e+02
  -1.0147563e+02
  -1.0166672e+02
  -1.0185134e+02
  -1.0202917e+02
  -1.0220066e+02
  -1.0236704e+02
  -1.0253003e+02
  -1.0269138e+02
  -1.0285235e+02
  -1.0301348e+02
  -1.0317464e+02
  -1.0333538e+02
  -1.0349532e+02
  -1.0365453e+02
  -1.0381363e+02
  -1.0397365e+02
  -1.0413564e+02
  -1.0430029e+02
  -1.0446770e+02
  -1.0463736e+02
  -1.0480841e+02
  -1.0498004e+02
  -1.0515176e+02
  -1.0532369e+02
  -1.0549657e+02
  -1.0567144e+02
  -1.0584935e+02
  -1.0603094e+02
  -1.0621625e+02
  -1.0640474e+02
  -1.0659549e+02
  -1.0678753e+02
  -1.0698017e+02
  -1.0717320e+02
  -1.0736700e+02
  -1.0756236e+02
  -1.0776026e+02
  -1.0796146e+02
  -1.0816622e+02
  -1.0837421e+02
  -1.0858451e+02
  -1.0879589e+02
  -1.0900698e+02
  -1.0921667e+02
  -1.0942431e+02
  -1.0962990e+02
  -1.0983408e+02
  -1.1003794e+02
  -1.1024264e+02
  -1.1044901e+02
  -1.1065730e+02
  -1.1086706e+02
  -1.1107724e+02
  -1.1128645e+02
  -1.1149336e+02
  -1.1169697e+02
  -1.1189702e+02
  -1.1209405e+02
  -1.1228931e+02
  -1.1248436e+02
  -1.1268053e+02
  -1.1287843e+02
  -1.1307775e+02
  -1.1327731e+02
  -1.1347546e+02
  -1.1367051e+02
  -1.1386140e+02
  -1.1404810e+02
  -1.1423185e+02
  -1.1441482e+02
  -1.1459936e+02
  -1.1478701e+02
  -1.1497786e+02
  -1.1517035e+02
  -1.1536151e+02
  -1.1554761e+02
  -1.1572497e+02
  -1.1589114e+02
  -1.1604599e+02
  -1.1619240e+02
  -1.1633555e+02
  -1.1648067e+02
  -1.1663070e+02
  -1.1678510e+02
  -1.1694026e+02
  -1.1709101e+02
  -1.1723253e+02
  -1.1736262e+02
  -1.1748365e+02
  -1.1760256e+02
  -1.1772796e+02
  -1.1786589e+02
  -1.1801749e+02
  -1.1817942e+02
  -1.1834580e+02
  -1.1851014e+02
  -1.1866710e+02
  -1.1881422e+02
  -1.1895327e+02
  -1.1908999e+02
  -1.1923169e+02
  -1.1938367e+02
  -1.1954720e+02
  -1.1971958e+02
  -1.1989571e+02
  -1.2006981e+02
  -1.2023706e+02
  -1.2039526e+02
  -1.2054601e+02
  -1.2069454e+02
  -1.2084751e+02
  -1.2100985e+02
  -1.2118287e+02
  -1.2136417e+02
  -1.2154899e+02
  -1.2173170e+02
  -1.2190735e+02
  -1.2207308e+02
  -1.2222953e+02
  -1.2238104e+02
  -1.2253414e+02
  -1.2269459e+02
  -1.2286503e+02
  -1.2304441e+02
  -1.2322897e+02
  -1.2341365e+02
  -1.2359346e+02
  -1.2376477e+02
  -1.2392658e+02
  -1.2408114e+02
  -1.2423339e+02
  -1.2438889e+02
  -1.2455142e+02
  -1.2472166e+02
  -1.2489750e+02
  -1.2507521e+02
  -1.2525098e+02
  -1.2542232e+02
  -1.2558911e+02
  -1.2575393e+02
  -1.2592104e+02
  -1.2609450e+02
  -1.2627630e+02
  -1.2646565e+02
  -1.2665939e+02
  -1.2685304e+02
  -1.2704205e+02
  -1.2722322e+02
  -1.2739607e+02
  -1.2756354e+02
  -1.2773120e+02
  -1.2790484e+02
  -1.2808789e+02
  -1.2828027e+02
  -1.2847877e+02
  -1.2867833e+02
  -1.2887345e+02
  -1.2905965e+02
  -1.2923504e+02
  -1.2940162e+02
  -1.2956520e+02
  -1.2973310e+02
  -1.2991082e+02
  -1.3009984e+02
  -1.3029748e+02
  -1.3049805e+02
  -1.3069436e+02
  -1.3087921e+02
  -1.3104764e+02
  -1.3120003e+02
  -1.3134432e+02
  -1.3149402e+02
  -1.3166151e+02
  -1.3185239e+02
  -1.3206497e+02
  -1.3229291e+02
  -1.3252795e+02
  -1.3276154e+02
  -1.3298611e+02
  -1.3319678e+02
  -1.3339369e+02
  -1.3358341e+02
  -1.3377691e+02
  -1.3398406e+02
  -1.3420907e+02
  -1.3444985e+02
  -1.3470000e+02
  -1.3495093e+02
  -1.3519322e+02
  -1.3541786e+02
  -1.3561844e+02
  -1.3579501e+02
  -1.3595752e+02
  -1.3612348e+02
  -1.3630874e+02
  -1.3652001e+02
  -1.3675483e+02
  -1.3700541e+02
  -1.3726157e+02
  -1.3751170e+02
  -1.3774305e+02
  -1.3794342e+02
  -1.3810777e+02
  -1.3824941e+02
  -1.3840127e+02
  -1.3859418e+02
  -1.3883741e+02
  -1.3912222e+02
  -1.3943274e+02
  -1.3975145e+02
  -1.4006018e+02
  -1.4033999e+02
  -1.4057330e+02
  -1.4075244e+02
  -1.4089398e+02
  -1.4103730e+02
  -1.4121460e+02
  -1.4143178e+02
  -1.4167779e+02
  -1.4193715e+02
  -1.4219445e+02
  -1.4243417e+02
  -1.4263994e+02
  -1.4279701e+02
  -1.4290334e+02
  -1.4298489e+02
  -1.4308660e+02
  -1.4323664e+02
  -1.4343438e+02
  -1.4366493e+02
  -1.4391080e+02
  -1.4415449e+02
  -1.4437705e+02
  -1.4455692e+02
  -1.4467555e+02
  -1.4473936e+02
  -1.4479921e+02
  -1.4491192e+02
  -1.4509168e+02
  -1.4532191e+02
  -1.4558000e+02
  -1.4584512e+02
  -1.4609692e+02
  -1.4631249e+02
  -1.4646611e+02
  -1.4654316e+02
  -1.4657462e+02
  -1.4663345e+02
  -1.4676150e+02
  -1.4694997e+02
  -1.4717382e+02
  -1.4741014e+02
  -1.4763999e+02
  -1.4784662e+02
  -1.4801571e+02
  -1.4814085e+02
  -1.4823358e+02
  -1.4832426e+02
  -1.4844184e+02
  -1.4859546e+02
  -1.4877750e+02
  -1.4897408e+02
  -1.4917087e+02
  -1.4935526e+02
  -1.4951819e+02
  -1.4965758e+02
  -1.4978180e+02
  -1.4990748e+02
  -1.5005019e+02
  -1.5021623e+02
  -1.5040248e+02
  -1.5060057e+02
  -1.5080058e+02
  -1.5099320e+02
  -1.5117161e+02
  -1.5133374e+02
  -1.5148411e+02
  -1.5163281e+02
  -1.5179052e+02
  -1.5196315e+02
  -1.5215028e+02
  -1.5234692e+02
  -1.5254611e+02
  -1.5274102e+02
  -1.5292653e+02
  -1.5310068e+02
  -1.5326555e+02
  -1.5342667e+02
  -1.5359056e+02
  -1.5376171e+02
  -1.5394104e+02
  -1.5412621e+02
  -1.5431308e+02
  -1.5449726e+02
  -1.5467556e+02
  -1.5484713e+02
  -1.5501400e+02
  -1.5518045e+02
  -1.5535124e+02
  -1.5552963e+02
  -1.5571630e+02
  -1.5590950e+02
  -1.5610587e+02
  -1.5630156e+02
  -1.5649322e+02
  -1.5667889e+02
  -1.5685871e+02
  -1.5703491e+02
  -1.5721108e+02
  -1.5739062e+02
  -1.5757546e+02
  -1.5776543e+02
  -1.5795862e+02
  -1.5815220e+02
  -1.5834345e+02
  -1.5853069e+02
  -1.5871397e+02
  -1.5889519e+02
  -1.5907739e+02
  -1.5926355e+02
  -1.5945535e+02
  -1.5965263e+02
  -1.5985355e+02
  -1.6005519e+02
  -1.6025436e+02
  -1.6044841e+02
  -1.6063602e+02
  -1.6081771e+02
  -1.6099585e+02
  -1.6117382e+02
  -1.6135471e+02
  -1.6154004e+02
  -1.6172930e+02
  -1.6192012e+02
  -1.6210897e+02
  -1.6229213e+02
  -1.6246676e+02
  -1.6263208e+02
  -1.6279015e+02
  -1.6294557e+02
  -1.6310386e+02
  -1.6326916e+02
  -1.6344290e+02
  -1.6362375e+02
  -1.6380865e+02
  -1.6399408e+02
  -1.6417733e+02
  -1.6435742e+02
  -1.6453552e+02
  -1.6471467e+02
  -1.6489850e+02
  -1.6508981e+02
  -1.6528966e+02
  -1.6549720e+02
  -1.6571017e+02
  -1.6592564e+02
  -1.6614068e+02
  -1.6635297e+02
  -1.6656119e+02
  -1.6676533e+02
  -1.6696660e+02
  -1.6716689e+02
  -1.6736808e+02
  -1.6757127e+02
  -1.6777636e+02
  -1.6798211e+02
  -1.6818642e+02
  -1.6838697e+02
  -1.6858187e+02
  -1.6877035e+02
  -1.6895325e+02
  -1.6913296e+02
  -1.6931274e+02
  -1.6949554e+02
  -1.6968295e+02
  -1.6987481e+02
  -1.7006947e+02
  -1.7026449e+02
  -1.7045752e+02
  -1.7064707e+02
  -1.7083314e+02
  -1.7101729e+02
  -1.7120207e+02
  -1.7138994e+02
  -1.7158219e+02
  -1.7177842e+02
  -1.7197665e+02
  -1.7217386e+02
  -1.7236683e+02
  -1.7255313e+02
  -1.7273200e+02
  -1.7290493e+02
  -1.7307538e+02
  -1.7324743e+02
  -1.7342412e+02
  -1.7360614e+02
  -1.7379169e+02
  -1.7397707e+02
  -1.7415777e+02
  -1.7432982e+02
  -1.7449140e+02
  -1.7464429e+02
  -1.7479411e+02
  -1.7494840e+02
  -1.7511332e+02
  -1.7529131e+02
  -1.7548074e+02
  -1.7567710e+02
  -1.7587443e+02
  -1.7606667e+02
  -1.7624901e+02
  -1.7641950e+02
  -1.7658046e+02
  -1.7673839e+02
  -1.7690142e+02
  -1.7707565e+02
  -1.7726282e+02
  -1.7746051e+02
  -1.7766367e+02
  -1.7786622e+02
  -1.7806246e+02
  -1.7824845e+02
  -1.7842329e+02
  -1.7858993e+02
  -1.7875431e+02
  -1.7892283e+02
  -1.7909956e+02
  -1.7928491e+02
  -1.7947615e+02
  -1.7966880e+02
  -1.7985814e+02
  -1.8004058e+02
  -1.8021487e+02
  -1.8038278e+02
  -1.8054851e+02
  -1.8071683e+02
  -1.8089069e+02
  -1.8106987e+02
  -1.8125088e+02
  -1.8142814e+02
  -1.8159561e+02
  -1.8174942e+02
  -1.8189082e+02
  -1.8202790e+02
  -1.8217293e+02
  -1.8233607e+02
  -1.8252081e+02
  -1.8272382e+02
  -1.8293736e+02
  -1.8315151e+02
  -1.8335574e+02
  -1.8354092e+02
  -1.8370309e+02
  -1.8384818e+02
  -1.8399236e+02
  -1.8415362e+02
  -1.8434128e+02
  -1.8455369e+02
  -1.8478207e+02
  -1.8501433e+02
  -1.8523642e+02
  -1.8543268e+02
  -1.8558750e+02
  -1.8569329e+02
  -1.8576518e+02
  -1.8584228e+02
  -1.8595868e+02
  -1.8612157e+02
  -1.8631950e+02
  -1.8653587e+02
  -1.8675423e+02
  -1.8695870e+02
  -1.8713414e+02
  -1.8726990e+02
  -1.8736957e+02
  -1.8745880e+02
  -1.8757207e+02
  -1.8772797e+02
  -1.8792412e+02
  -1.8814764e+02
  -1.8838292e+02
  -1.8861362e+02
  -1.8882214e+02
  -1.8899071e+02
  -1.8910985e+02
  -1.8919608e+02
  -1.8929369e+02
  -1.8943912e+02
  -1.8963646e+02
  -1.8986953e+02
  -1.9011726e+02
  -1.9035909e+02
  -1.9057606e+02
  -1.9075426e+02
  -1.9089431e+02
  -1.9101967e+02
  -1.9116425e+02
  -1.9134718e+02
  -1.9156654e+02
  -1.9180974e+02
  -1.9206173e+02
  -1.9230707e+02
  -1.9252933e+02
  -1.9271084e+02
  -1.9283794e+02
  -1.9291692e+02
  -1.9298680e+02
  -1.9309411e+02
  -1.9325621e+02
  -1.9346375e+02
  -1.9369886e+02
  -1.9394343e+02
  -1.9417946e+02
  -1.9438721e+02
  -1.9454604e+02
  -1.9464635e+02
  -1.9471476e+02
  -1.9481072e+02
  -1.9497281e+02
  -1.9519820e+02
  -1.9546621e+02
  -1.9575499e+02
  -1.9604473e+02
  -1.9631708e+02
  -1.9655608e+02
  -1.9675424e+02
  -1.9692263e+02
  -1.9709058e+02
  -1.9728542e+02
  -1.9751551e+02
  -1.9777392e+02
  -1.9804817e+02
  -1.9832518e+02
  -1.9859185e+02
  -1.9883429e+02
  -1.9903787e+02
  -1.9919180e+02
  -1.9930178e+02
  -1.9940004e+02
  -1.9952729e+02
  -1.9970254e+02
  -1.9992087e+02
  -2.0016748e+02
  -2.0042605e+02
  -2.0067990e+02
  -2.0091054e+02
  -2.0109739e+02
  -2.0122572e+02
  -2.0130960e+02
  -2.0140235e+02
  -2.0155213e+02
  -2.0176569e+02
  -2.0202528e+02
  -2.0230975e+02
  -2.0260080e+02
  -2.0288266e+02
  -2.0314093e+02
  -2.0336321e+02
  -2.0354330e+02
  -2.0368883e+02
  -2.0382325e+02
  -2.0397238e+02
  -2.0414803e+02
  -2.0434648e+02
  -2.0455602e+02
  -2.0476261e+02
  -2.0495240e+02
  -2.0511414e+02
  -2.0524421e+02
  -2.0535306e+02
  -2.0546381e+02
  -2.0559797e+02
  -2.0576304e+02
  -2.0595344e+02
  -2.0615716e+02
  -2.0636007e+02
  -2.0654785e+02
  -2.0670842e+02
  -2.0683811e+02
  -2.0694979e+02
  -2.0707099e+02
  -2.0722577e+02
  -2.0742101e+02
  -2.0764957e+02
  -2.0789867e+02
  -2.0815454e+02
  -2.0840378e+02
  -2.0863415e+02
  -2.0883687e+02
  -2.0901153e+02
  -2.0917008e+02
  -2.0933238e+02
  -2.0951391e+02
  -2.0971821e+02
  -2.0993932e+02
  -2.1016715e+02
  -2.1039104e+02
  -2.1060159e+02
  -2.1079256e+02
  -2.1096334e+02
  -2.1112089e+02
  -2.1127778e+02
  -2.1144589e+02
  -2.1163067e+02
  -2.1183020e+02
  -2.1203746e+02
  -2.1224270e+02
  -2.1243523e+02
  -2.1260556e+02
  -2.1274955e+02
  -2.1287427e+02
  -2.1299891e+02
  -2.1314472e+02
  -2.1332268e+02
  -2.1353132e+02
  -2.1376187e+02
  -2.1400273e+02
  -2.1424123e+02
  -2.1446394e+02
  -2.1465770e+02
  -2.1481405e+02
  -2.1493857e+02
  -2.1505588e+02
  -2.1519581e+02
  -2.1537283e+02
  -2.1558316e+02
  -2.1581413e+02
  -2.1605091e+02
  -2.1627882e+02
  -2.1648388e+02
  -2.1665477e+02
  -2.1678857e+02
  -2.1689801e+02
  -2.1700893e+02
  -2.1714346e+02
  -2.1730768e+02
  -2.1749447e+02
  -2.1769130e+02
  -2.1788494e+02
  -2.1806362e+02
  -2.1821958e+02
  -2.1835312e+02
  -2.1847532e+02
  -2.1860395e+02
  -2.1875295e+02
  -2.1892594e+02
  -2.1911768e+02
  -2.1931850e+02
  -2.1951749e+02
  -2.1970461e+02
  -2.1987313e+02
  -2.2002323e+02
  -2.2016446e+02
  -2.2031233e+02
  -2.2047960e+02
  -2.2067014e+02
  -2.2087951e+02
  -2.2109864e+02
  -2.2131669e+02
  -2.2152291e+02
  -2.2170875e+02
  -2.2187148e+02
  -2.2201803e+02
  -2.2216411e+02
  -2.2232577e+02
  -2.2251076e+02
  -2.2271729e+02
  -2.2293775e+02
  -2.2316234e+02
  -2.2338102e+02
  -2.2358466e+02
  -2.2376697e+02
  -2.2392751e+02
  -2.2407435e+02
  -2.2422210e+02
  -2.2438448e+02
  -2.2456777e+02
  -2.2477017e+02
  -2.2498492e+02
  -2.2520332e+02
  -2.2541652e+02
  -2.2561705e+02
  -2.2580074e+02
  -2.2596941e+02
  -2.2613186e+02
  -2.2630068e+02
  -2.2648580e+02
  -2.2669027e+02
  -2.2691046e+02
  -2.2713851e+02
  -2.2736430e+02
  -2.2757674e+02
  -2.2776548e+02
  -2.2792468e+02
  -2.2805905e+02
  -2.2818616e+02
  -2.2832755e+02
  -2.2849532e+02
  -2.2868823e+02
  -2.2889648e+02
  -2.2910662e+02
  -2.2930379e+02
  -2.2947305e+02
  -2.2960321e+02
  -2.2969571e+02
  -2.2977229e+02
  -2.2986431e+02
  -2.2998992e+02
  -2.3014709e+02
  -2.3032261e+02
  -2.3050049e+02
  -2.3066604e+02
  -2.3080933e+02
  -2.3093064e+02
  -2.3104427e+02
  -2.3117238e+02
  -2.3133094e+02
  -2.3152288e+02
  -2.3174173e+02
  -2.3197736e+02
  -2.3221906e+02
  -2.3245668e+02
  -2.3268130e+02
  -2.3288683e+02
  -2.3307295e+02
  -2.3324757e+02
  -2.3342463e+02
  -2.3361679e+02
  -2.3382896e+02
  -2.3405780e+02
  -2.3429457e+02
  -2.3452794e+02
  -2.3474577e+02
  -2.3493746e+02
  -2.3509864e+02
  -2.3523753e+02
  -2.3537504e+02
  -2.3553281e+02
  -2.3572043e+02
  -2.3593450e+02
  -2.3616449e+02
  -2.3639689e+02
  -2.3661603e+02
  -2.3680351e+02
  -2.3693978e+02
  -2.3701567e+02
  -2.3705557e+02
  -2.3711493e+02
  -2.3723161e+02
  -2.3740488e+02
  -2.3761614e+02
  -2.3784529e+02
  -2.3807420e+02
  -2.3828609e+02
  -2.3846590e+02
  -2.3860613e+02
  -2.3871823e+02
  -2.3883479e+02
  -2.3898755e+02
  -2.3918638e+02
  -2.3942260e+02
  -2.3968022e+02
  -2.3994126e+02
  -2.4018592e+02
  -2.4039196e+02
  -2.4053999e+02
  -2.4063389e+02
  -2.4072023e+02
  -2.4085455e+02
  -2.4105329e+02
  -2.4130214e+02
  -2.4158027e+02
  -2.4186892e+02
  -2.4215060e+02
  -2.4240512e+02
  -2.4260408e+02
  -2.4270888e+02
  -2.4270010e+02
  -2.4265461e+02
  -2.4269218e+02
  -2.4283268e+02
  -2.4303799e+02
  -2.4327155e+02
  -2.4350551e+02
  -2.4371498e+02
  -2.4387465e+02
  -2.4396714e+02
  -2.4401146e+02
  -2.4407259e+02
  -2.4420182e+02
  -2.4440100e+02
  -2.4464901e+02
  -2.4492376e+02
  -2.4520599e+02
  -2.4547661e+02
  -2.4571311e+02
  -2.4588947e+02
  -2.4599200e+02
  -2.4605718e+02
  -2.4616273e+02
  -2.4634754e+02
  -2.4659851e+02
  -2.4688847e+02
  -2.4719317e+02
  -2.4749111e+02
  -2.4775874e+02
  -2.4796491e+02
  -2.4807205e+02
  -2.4807532e+02
  -2.4806630e+02
  -2.4814554e+02
  -2.4831643e+02
  -2.4854113e+02
  -2.4878565e+02
  -2.4902255e+02
  -2.4922484e+02
  -2.4936381e+02
  -2.4942452e+02
  -2.4944593e+02
  -2.4951063e+02
  -2.4965890e+02
  -2.4987740e+02
  -2.5013966e+02
  -2.5042269e+02
  -2.5070614e+02
  -2.5096712e+02
  -2.5117482e+02
  -2.5129565e+02
  -2.5134086e+02
  -2.5141400e+02
  -2.5159979e+02
  -2.5189055e+02
  -2.5224977e+02
  -2.5264774e+02
  -2.5306344e+02
  -2.5348076e+02
  -2.5388498e+02
  -2.5425797e+02
  -2.5456745e+02
  -2.5473785e+02
  -2.5461943e+02
  -2.5434159e+02
  -2.5434120e+02
  -2.5454675e+02
  -2.5483437e+02
  -2.5515116e+02
  -2.5547091e+02
  -2.5577265e+02
  -2.5602721e+02
  -2.5617943e+02
  -2.5614272e+02
  -2.5596793e+02
  -2.5593864e+02
  -2.5610230e+02
  -2.5637297e+02
  -2.5669701e+02
  -2.5704685e+02
  -2.5740269e+02
  -2.5773460e+02
  -2.5794502e+02
  -2.5754213e+02
  -2.5693579e+02
  -2.5713035e+02
  -2.5752747e+02
  -2.5798352e+02
  -2.5845522e+02
  -2.5891986e+02
  -2.5936196e+02
  -2.5976914e+02
  -2.6012860e+02
  -2.6042348e+02
  -2.6063244e+02
  -2.6074509e+02
  -2.6080075e+02
  -2.6088132e+02
  -2.6102958e+02
  -2.6123424e+02
  -2.6146860e+02
  -2.6170774e+02
  -2.6192846e+02
  -2.6210671e+02
  -2.6222180e+02
  -2.6227877e+02
  -2.6233054e+02
  -2.6243821e+02
  -2.6261781e+02
  -2.6285294e+02
  -2.6312117e+02
  -2.6340168e+02
  -2.6367251e+02
  -2.6390397e+02
  -2.6405347e+02
  -2.6409127e+02
  -2.6409399e+02
  -2.6420185e+02
  -2.6443894e+02
  -2.6476076e+02
  -2.6512763e+02
  -2.6551326e+02
  -2.6589911e+02
  -2.6626957e+02
  -2.6660755e+02
  -2.6688866e+02
  -2.6707424e+02
  -2.6712172e+02
  -2.6706967e+02
  -2.6707225e+02
  -2.6719540e+02
  -2.6740139e+02
  -2.6764674e+02
  -2.6790218e+02
  -2.6814641e+02
  -2.6836082e+02
  -2.6852955e+02
  -2.6864866e+02
  -2.6874114e+02
  -2.6885102e+02
  -2.6900891e+02
  -2.6921682e+02
  -2.6946153e+02
  -2.6972708e+02
  -2.6999884e+02
  -2.7026391e+02
  -2.7051194e+02
  -2.7073860e+02
  -2.7095078e+02
  -2.7116676e+02
  -2.7140580e+02
  -2.7167634e+02
  -2.7197461e+02
  -2.7228994e+02
  -2.7260884e+02
  -2.7291562e+02
  -2.7318971e+02
  -2.7340067e+02
  -2.7350785e+02
  -2.7350052e+02
  -2.7347808e+02
  -2.7355690e+02
  -2.7374134e+02
  -2.7399164e+02
  -2.7427594e+02
  -2.7457298e+02
  -2.7486566e+02
  -2.7513472e+02
  -2.7535126e+02
  -2.7547000e+02
  -2.7545579e+02
  -2.7539494e+02
  -2.7544686e+02
  -2.7563443e+02
  -2.7591049e+02
  -2.7623807e+02
  -2.7659510e+02
  -2.7696614e+02
  -2.7733531e+02
  -2.7767892e+02
  -2.7795656e+02
  -2.7811522e+02
  -2.7817016e+02
  -2.7827416e+02
  -2.7850778e+02
  -2.7883183e+02
  -2.7919999e+02
  -2.7958481e+02
  -2.7997014e+02
  -2.8034228e+02
  -2.8067796e+02
  -2.8089874e+02
  -2.8052432e+02
  -2.7965162e+02
  -2.7973955e+02
  -2.8003336e+02
  -2.8037764e+02
  -2.8073655e+02
  -2.8109090e+02
  -2.8139561e+02
  -2.8048828e+02
  -2.7938152e+02
  -2.7968840e+02
  -2.8005563e+02
  -2.8044060e+02
  -2.8083784e+02
  -2.8125520e+02
  -2.8174596e+02
  -2.8353037e+02
  -2.8519574e+02
  -2.8567137e+02
  -2.8606829e+02
  -2.8643399e+02
  -2.8677089e+02
  -2.8706629e+02
  -2.8728746e+02
  -2.8736579e+02
  -2.8723900e+02
  -2.8708959e+02
  -2.8713625e+02
  -2.8733247e+02
  -2.8760213e+02
  -2.8790410e+02
  -2.8821460e+02
  -2.8851368e+02
  -2.8877556e+02
  -2.8895954e+02
  -2.8901876e+02
  -2.8899302e+02
  -2.8904924e+02
  -2.8925413e+02
  -2.8956440e+02
  -2.8993363e+02
  -2.9033059e+02
  -2.9073150e+02
  -2.9111200e+02
  -2.9143655e+02
  -2.9163508e+02
  -2.9158534e+02
  -2.9137276e+02
  -2.9137060e+02
  -2.9156626e+02
  -2.9184765e+02
  -2.9215998e+02
  -2.9247617e+02
  -2.9277698e+02
  -2.9304074e+02
  -2.9323501e+02
  -2.9331562e+02
  -2.9327664e+02
  -2.9323795e+02
  -2.9331500e+02
  -2.9349763e+02
  -2.9374027e+02
  -2.9400858e+02
  -2.9427758e+02
  -2.9452378e+02
  -2.9471959e+02
  -2.9483712e+02
  -2.9488115e+02
  -2.9492641e+02
  -2.9505048e+02
  -2.9526107e+02
  -2.9553071e+02
  -2.9583189e+02
  -2.9614290e+02
  -2.9644474e+02
  -2.9671770e+02
  -2.9694031e+02
  -2.9709657e+02
  -2.9719863e+02
  -2.9729905e+02
  -2.9744811e+02
  -2.9765521e+02
  -2.9790437e+02
  -2.9817570e+02
  -2.9845172e+02
  -2.9871644e+02
  -2.9895316e+02
  -2.9914391e+02
  -2.9927598e+02
  -2.9936045e+02
  -2.9944312e+02
  -2.9957128e+02
  -2.9975832e+02
  -2.9999268e+02
  -3.0025714e+02
  -3.0053616e+02
  -3.0081597e+02
  -3.0108299e+02
  -3.0132260e+02
  -3.0152111e+02
  -3.0167482e+02
  -3.0180423e+02
  -3.0194977e+02
  -3.0214051e+02
  -3.0237797e+02
  -3.0264719e+02
  -3.0292891e+02
  -3.0320371e+02
  -3.0345253e+02
  -3.0365892e+02
  -3.0381769e+02
  -3.0394772e+02
  -3.0408737e+02
  -3.0426540e+02
  -3.0448576e+02
  -3.0473738e+02
  -3.0500535e+02
  -3.0527449e+02
  -3.0552799e+02
  -3.0574371e+02
  -3.0589047e+02
  -3.0593716e+02
  -3.0590540e+02
  -3.0590156e+02
  -3.0599677e+02
  -3.0617674e+02
  -3.0640490e+02
  -3.0664968e+02
  -3.0688083e+02
  -3.0705719e+02
  -3.0711481e+02
  -3.0702002e+02
  -3.0693627e+02
  -3.0702999e+02
  -3.0727139e+02
  -3.0760104e+02
  -3.0798495e+02
  -3.0840397e+02
  -3.0884312e+02
  -3.0928477e+02
  -3.0970290e+02
  -3.1005259e+02
  -3.1023871e+02
  -3.1010060e+02
  -3.0985848e+02
  -3.0990675e+02
  -3.1012601e+02
  -3.1040384e+02
  -3.1069461e+02
  -3.1097656e+02
  -3.1123562e+02
  -3.1146057e+02
  -3.1164403e+02
  -3.1178818e+02
  -3.1191012e+02
  -3.1203564e+02
  -3.1218213e+02
  -3.1234939e+02
  -3.1252242e+02
  -3.1267436e+02
  -3.1276503e+02
  -3.1275115e+02
  -3.1265925e+02
  -3.1262789e+02
  -3.1273248e+02
  -3.1294819e+02
  -3.1324304e+02
  -3.1361165e+02
  -3.1410766e+02
  -3.1507236e+02
  -3.1665477e+02
  -3.1740493e+02
  -3.1788638e+02
  -3.1829707e+02
  -3.1867717e+02
  -3.1903517e+02
  -3.1936515e+02
  -3.1963740e+02
  -3.1972060e+02
  -3.1902618e+02
  -3.1852204e+02
  -3.1866007e+02
  -3.1894035e+02
  -3.1926519e+02
  -3.1961123e+02
  -3.2000715e+02
  -3.1710405e+02
  -3.1746502e+02
  -3.1779569e+02
  -3.1809412e+02
  -3.1832115e+02
  -3.1833549e+02
  -3.1779829e+02
  -3.1742395e+02
  -3.1751863e+02
  -3.1776033e+02
  -3.1804936e+02
  -3.1835197e+02
  -3.1864905e+02
  -3.1891925e+02
  -3.1912066e+02
  -3.1914370e+02
  -3.1880948e+02
  -3.1849465e+02
  -3.1853160e+02
  -3.1873522e+02
  -3.1900126e+02
  -3.1928808e+02
  -3.1957086e+02
  -3.1982026e+02
  -3.1997215e+02
  -3.1985006e+02
  -3.1938818e+02
  -3.1924315e+02
  -3.1940442e+02
  -3.1969807e+02
  -3.2015733e+02
  -3.2306958e+02
  -3.2362199e+02
  -3.2400236e+02
  -3.2435699e+02
  -3.2469478e+02
  -3.2500923e+02
  -3.2528141e+02
  -3.2546756e+02
  -3.2547867e+02
  -3.2528430e+02
  -3.2517734e+02
  -3.2530225e+02
  -3.2556885e+02
  -3.2591461e+02
  -3.2631771e+02
  -3.2678101e+02
  -3.2733384e+02
  -3.2805188e+02
  -3.2903201e+02
  -3.3010167e+02
  -3.3104138e+02
  -3.3202962e+02
  -3.3319395e+02
  -3.3415770e+02
  -3.3483276e+02
  -3.3536272e+02
  -3.3581930e+02
  -3.3622947e+02
  -3.3660070e+02
  -3.3692785e+02
  -3.3719043e+02
  -3.3734179e+02
  -3.3731483e+02
  -3.3716622e+02
  -3.3713068e+02
  -3.3725774e+02
  -3.3747577e+02
  -3.3773055e+02
  -3.3798524e+02
  -3.3819812e+02
  -3.3828807e+02
  -3.3810888e+02
  -3.3780360e+02
  -3.3778376e+02
  -3.3797674e+02
  -3.3826545e+02
  -3.3860118e+02
  -3.3896325e+02
  -3.3934052e+02
  -3.3972343e+02
  -3.4009817e+02
  -3.4044035e+02
  -3.4071404e+02
  -3.4090259e+02
  -3.4106679e+02
  -3.4128999e+02
  -3.4158142e+02
  -3.4191149e+02
  -3.4225424e+02
  -3.4259196e+02
  -3.4290927e+02
  -3.4318547e+02
  -3.4338269e+02
  -3.4343261e+02
  -3.4329927e+02
  -3.4317738e+02
  -3.4323674e+02
  -3.4342792e+02
  -3.4368491e+02
  -3.4397142e+02
  -3.4426669e+02
  -3.4455483e+02
  -3.4481812e+02
  -3.4503081e+02
  -3.4515607e+02
  -3.4517147e+02
  -3.4514838e+02
  -3.4521474e+02
  -3.4540113e+02
  -3.4567372e+02
  -3.4599995e+02
  -3.4635841e+02
  -3.4673369e+02
  -3.4711124e+02
  -3.4747376e+02
  -3.4779886e+02
  -3.4805968e+02
  -3.4823601e+02
  -3.4834438e+02
  -3.4844835e+02
  -3.4859929e+02
  -3.4880019e+02
  -3.4903178e+02
  -3.4927488e+02
  -3.4951553e+02
  -3.4974450e+02
  -3.4995687e+02
  -3.5015206e+02
  -3.5033336e+02
  -3.5050555e+02
  -3.5067045e+02
  -3.5082219e+02
  -3.5094330e+02
  -3.5100417e+02
  -3.5098225e+02
  -3.5092253e+02
  -3.5093392e+02
  -3.5106483e+02
  -3.5129646e+02
  -3.5160353e+02
  -3.5197451e+02
  -3.5241388e+02
  -3.5294503e+02
  -3.5360936e+02
  -3.5441349e+02
  -3.5523423e+02
  -3.5596954e+02
  -3.5674173e+02
  -3.5871127e+02
  -3.6004634e+02
  -3.6061241e+02
  -3.6106713e+02
  -3.6147933e+02
  -3.6186477e+02
  -3.6222639e+02
  -3.6256083e+02
  -3.6285908e+02
  -3.6310612e+02
  -3.6328491e+02
  -3.6339636e+02
  -3.6348898e+02
  -3.6363372e+02
  -3.6386114e+02
  -3.6416318e+02
  -3.6452409e+02
  -3.6493328e+02
  -3.6538667e+02
  -3.6588580e+02
  -3.6643857e+02
  -3.6706616e+02
  -3.6783609e+02
  -3.6897325e+02
  -3.7040324e+02
  -3.7135541e+02
  -3.7202062e+02
  -3.7256715e+02
  -3.7304518e+02
  -3.7346953e+02
  -3.7383903e+02
  -3.7413733e+02
  -3.7432714e+02
  -3.7436175e+02
  -3.7429065e+02
  -3.7429514e+02
  -3.7443627e+02
  -3.7466619e+02
  -3.7494044e+02
  -3.7523245e+02
  -3.7552523e+02
  -3.7580561e+02
  -3.7606221e+02
  -3.7628778e+02
  -3.7648726e+02
  -3.7668544e+02
  -3.7691810e+02
  -3.7720933e+02
  -3.7756211e+02
  -3.7796459e+02
  -3.7839732e+02
  -3.7883748e+02
  -3.7926170e+02
  -3.7964632e+02
  -3.7996186e+02
  -3.8016180e+02
  -3.8019149e+02
  -3.8010974e+02
  -3.8011718e+02
  -3.8026529e+02
  -3.8049685e+02
  -3.8076445e+02
  -3.8103832e+02
  -3.8129453e+02
  -3.8150547e+02
  -3.8163520e+02
  -3.8165939e+02
  -3.8163449e+02
  -3.8168014e+02
  -3.8183632e+02
  -3.8207431e+02
  -3.8236139e+02
  -3.8267510e+02
  -3.8299928e+02
  -3.8331855e+02
  -3.8361229e+02
  -3.8384648e+02
  -3.8397117e+02
  -3.8397749e+02
  -3.8400409e+02
  -3.8417290e+02
  -3.8446021e+02
  -3.8481210e+02
  -3.8519107e+02
  -3.8557208e+02
  -3.8593464e+02
  -3.8625551e+02
  -3.8649994e+02
  -3.8661744e+02
  -3.8659433e+02
  -3.8656712e+02
  -3.8666950e+02
  -3.8688619e+02
  -3.8716802e+02
  -3.8748295e+02
  -3.8781221e+02
  -3.8814269e+02
  -3.8846130e+02
  -3.8874857e+02
  -3.8896656e+02
  -3.8903775e+02
  -3.8889496e+02
  -3.8875983e+02
  -3.8885407e+02
  -3.8911381e+02
  -3.8947012e+02
  -3.8990466e+02
  -3.9045182e+02
  -3.9129257e+02
  -3.9274167e+02
  -3.9382475e+02
  -3.9453731e+02
  -3.9518003e+02
  -3.9584604e+02
  -3.9656596e+02
  -3.9731579e+02
  -3.9803332e+02
  -3.9868409e+02
  -3.9928286e+02
  -3.9988585e+02
  -4.0078785e+02
  -4.0307369e+02
  -4.0385416e+02
  -4.0434221e+02
  -4.0475940e+02
  -4.0513523e+02
  -4.0547105e+02
  -4.0575459e+02
  -4.0595879e+02
  -4.0604537e+02
  -4.0601667e+02
  -4.0599017e+02
  -4.0607052e+02
  -4.0624708e+02
  -4.0647590e+02
  -4.0672085e+02
  -4.0694998e+02
  -4.0712342e+02
  -4.0718563e+02
  -4.0711482e+02
  -4.0704690e+02
  -4.0712416e+02
  -4.0733088e+02
  -4.0761510e+02
  -4.0794335e+02
  -4.0829587e+02
  -4.0865741e+02
  -4.0900772e+02
  -4.0930162e+02
  -4.0940239e+02
  -4.0907671e+02
  -4.0890527e+02
  -4.0913925e+02
  -4.0952442e+02
  -4.0995908e+02
  -4.1040454e+02
  -4.1084189e+02
  -4.1125867e+02
  -4.1164168e+02
  -4.1196800e+02
  -4.1218678e+02
  -4.1219556e+02
  -4.1199434e+02
  -4.1192993e+02
  -4.1208917e+02
  -4.1236381e+02
  -4.1269129e+02
  -4.1304383e+02
  -4.1340719e+02
  -4.1377111e+02
  -4.1412228e+02
  -4.1442784e+02
  -4.1453495e+02
  -4.1357179e+02
  -4.1321076e+02
  -4.1345250e+02
  -4.1379748e+02
  -4.1417051e+02
  -4.1454496e+02
  -4.1489702e+02
  -4.1518873e+02
  -4.1535781e+02
  -4.1537845e+02
  -4.1541408e+02
  -4.1560776e+02
  -4.1591999e+02
  -4.1628903e+02
  -4.1667912e+02
  -4.1707104e+02
  -4.1745288e+02
  -4.1781448e+02
