   3.1415927e+00
   2.8021618e+00
   2.4604329e+00
   2.1140931e+00
   1.7606787e+00
   1.3970944e+00
   1.0180679e+00
   6.0995806e-01
   1.0753964e-01
  -1.8494203e+00
  -3.3451315e+00
  -3.8626465e+00
  -4.3293050e+00
  -4.8022059e+00
  -5.3051728e+00
  -5.8686575e+00
  -6.5521691e+00
  -7.4517742e+00
  -8.5060113e+00
  -9.4120821e+00
  -1.0145108e+01
  -1.0803384e+01
  -1.1444096e+01
  -1.2092266e+01
  -1.2752468e+01
  -1.3415348e+01
  -1.4069654e+01
  -1.4719954e+01
  -1.5420852e+01
  -1.6523360e+01
  -1.8473510e+01
  -1.9346872e+01
  -1.9926669e+01
  -2.0431158e+01
  -2.0903580e+01
  -2.1358893e+01
  -2.1804878e+01
  -2.2248468e+01
  -2.2704511e+01
  -2.3285384e+01
  -2.6332958e+01
  -2.6907148e+01
  -2.7340811e+01
  -2.7745963e+01
  -2.8128356e+01
  -2.8465075e+01
  -2.8563190e+01
  -2.6886108e+01
  -2.6918424e+01
  -2.7237407e+01
  -2.7598924e+01
  -2.7972238e+01
  -2.8347952e+01
  -2.8720608e+01
  -2.9083583e+01
  -2.9421757e+01
  -2.9674818e+01
  -2.9206215e+01
  -2.8009790e+01
  -2.8180466e+01
  -2.8489428e+01
  -2.8823929e+01
  -2.9156255e+01
  -2.9464067e+01
  -2.9699463e+01
  -2.9686185e+01
  -2.9036177e+01
  -2.8752601e+01
  -2.8919687e+01
  -2.9214741e+01
  -2.9559548e+01
  -2.9938260e+01
  -3.0409150e+01
  -2.7268265e+01
  -2.7795454e+01
  -2.8209944e+01
  -2.8620021e+01
  -2.9049529e+01
  -2.9556406e+01
  -3.0606753e+01
  -3.2578260e+01
  -3.3213522e+01
  -3.3641304e+01
  -3.4010297e+01
  -3.4342031e+01
  -3.4634341e+01
  -3.4871897e+01
  -3.5025444e+01
  -3.5061974e+01
  -3.5005671e+01
  -3.4976428e+01
  -3.5047821e+01
  -3.5197522e+01
  -3.5381319e+01
  -3.5557174e+01
  -3.5672667e+01
  -3.5643696e+01
  -3.5418153e+01
  -3.5215795e+01
  -3.5215454e+01
  -3.5347390e+01
  -3.5535914e+01
  -3.5738195e+01
  -3.5924627e+01
  -3.6066764e+01
  -3.6136042e+01
  -3.6125820e+01
  -3.6089773e+01
  -3.6106157e+01
  -3.6197300e+01
  -3.6340539e+01
  -3.6505659e+01
  -3.6665714e+01
  -3.6796761e+01
  -3.6881422e+01
  -3.6923894e+01
  -3.6962567e+01
  -3.7044475e+01
  -3.7187935e+01
  -3.7385112e+01
  -3.7620891e+01
  -3.7881948e+01
  -3.8158057e+01
  -3.8441019e+01
  -3.8723059e+01
  -3.8994579e+01
  -3.9239662e+01
  -3.9423673e+01
  -3.9453043e+01
  -3.9123662e+01
  -3.8686766e+01
  -3.8622950e+01
  -3.8753400e+01
  -3.8951023e+01
  -3.9168468e+01
  -3.9383648e+01
  -3.9582823e+01
  -3.9756049e+01
  -3.9897695e+01
  -4.0009817e+01
  -4.0104510e+01
  -4.0199427e+01
  -4.0307705e+01
  -4.0431938e+01
  -4.0565788e+01
  -4.0698368e+01
  -4.0817928e+01
  -4.0915464e+01
  -4.0989632e+01
  -4.1050756e+01
  -4.1117353e+01
  -4.1204728e+01
  -4.1316911e+01
  -4.1447801e+01
  -4.1585773e+01
  -4.1716684e+01
  -4.1825247e+01
  -4.1897434e+01
  -4.1927476e+01
  -4.1928354e+01
  -4.1930596e+01
  -4.1960272e+01
  -4.2022457e+01
  -4.2106082e+01
  -4.2194222e+01
  -4.2269737e+01
  -4.2318619e+01
  -4.2335215e+01
  -4.2328725e+01
  -4.2321823e+01
  -4.2336403e+01
  -4.2381323e+01
  -4.2453723e+01
  -4.2545934e+01
  -4.2649659e+01
  -4.2756550e+01
  -4.2856550e+01
  -4.2934614e+01
  -4.2965924e+01
  -4.2913530e+01
  -4.2753523e+01
  -4.2550629e+01
  -4.2422398e+01
  -4.2390175e+01
  -4.2405001e+01
  -4.2406520e+01
  -4.2332457e+01
  -4.2155382e+01
  -4.1973216e+01
  -4.1909330e+01
  -4.1962901e+01
  -4.2086980e+01
  -4.2245160e+01
  -4.2413059e+01
  -4.2571804e+01
  -4.2703846e+01
  -4.2792575e+01
  -4.2829001e+01
  -4.2826149e+01
  -4.2821849e+01
  -4.2850584e+01
  -4.2919956e+01
  -4.3018295e+01
  -4.3129419e+01
  -4.3240119e+01
  -4.3343317e+01
  -4.3439778e+01
  -4.3537320e+01
  -4.3646062e+01
  -4.3772324e+01
  -4.3915592e+01
  -4.4068973e+01
  -4.4220281e+01
  -4.4351521e+01
  -4.4436727e+01
  -4.4443648e+01
  -4.4360797e+01
  -4.4251318e+01
  -4.4209903e+01
  -4.4258500e+01
  -4.4368618e+01
  -4.4508691e+01
  -4.4654580e+01
  -4.4787550e+01
  -4.4892935e+01
  -4.4962904e+01
  -4.5002734e+01
  -4.5032273e+01
  -4.5073437e+01
  -4.5134505e+01
  -4.5207594e+01
  -4.5275290e+01
  -4.5317797e+01
  -4.5322008e+01
  -4.5295139e+01
  -4.5268212e+01
  -4.5271672e+01
  -4.5311750e+01
  -4.5374753e+01
  -4.5440764e+01
  -4.5492813e+01
  -4.5524317e+01
  -4.5545205e+01
  -4.5577615e+01
  -4.5639538e+01
  -4.5734072e+01
  -4.5852385e+01
  -4.5980488e+01
  -4.6103212e+01
  -4.6206383e+01
  -4.6280415e+01
  -4.6326986e+01
  -4.6363430e+01
  -4.6414178e+01
  -4.6494115e+01
  -4.6602510e+01
  -4.6728550e+01
  -4.6857612e+01
  -4.6974484e+01
  -4.7065867e+01
  -4.7125421e+01
  -4.7161057e+01
  -4.7195237e+01
  -4.7250577e+01
  -4.7335132e+01
  -4.7442313e+01
  -4.7558285e+01
  -4.7667564e+01
  -4.7756723e+01
  -4.7819354e+01
  -4.7862236e+01
  -4.7904992e+01
  -4.7967378e+01
  -4.8056247e+01
  -4.8164705e+01
  -4.8277955e+01
  -4.8378018e+01
  -4.8447704e+01
  -4.8478603e+01
  -4.8483208e+01
  -4.8493938e+01
  -4.8537641e+01
  -4.8616739e+01
  -4.8714887e+01
  -4.8807594e+01
  -4.8868335e+01
  -4.8878763e+01
  -4.8851896e+01
  -4.8839484e+01
  -4.8885639e+01
  -4.8993189e+01
  -4.9140531e+01
  -4.9299095e+01
  -4.9432789e+01
  -4.9484026e+01
  -4.9367461e+01
  -4.9111640e+01
  -4.8976310e+01
  -4.9027881e+01
  -4.9182457e+01
  -4.9376937e+01
  -4.9566365e+01
  -4.9690634e+01
  -4.9608372e+01
  -4.9149494e+01
  -4.8842735e+01
  -4.8881741e+01
  -4.9057504e+01
  -4.9276830e+01
  -4.9496678e+01
  -4.9680583e+01
  -4.9775587e+01
  -4.9708618e+01
  -4.9512435e+01
  -4.9416029e+01
  -4.9487016e+01
  -4.9650608e+01
  -4.9836065e+01
  -4.9952487e+01
  -4.9671393e+01
  -4.8767743e+01
  -4.8651544e+01
  -4.8828886e+01
  -4.9075118e+01
  -4.9332414e+01
  -4.9566595e+01
  -4.9730511e+01
  -4.9732854e+01
  -4.9501397e+01
  -4.9307946e+01
  -4.9357739e+01
  -4.9555753e+01
  -4.9822700e+01
  -5.0121177e+01
  -5.0429146e+01
  -5.0718816e+01
  -5.0866852e+01
  -4.9234358e+01
  -4.9031628e+01
  -4.9303537e+01
  -4.9628218e+01
  -4.9961239e+01
  -5.0278772e+01
  -5.0529002e+01
  -5.0423800e+01
  -4.9312687e+01
  -4.9259580e+01
  -4.9542671e+01
  -4.9906751e+01
  -5.0312560e+01
  -5.0759454e+01
  -5.1277406e+01
  -5.2008531e+01
  -5.3582346e+01
  -5.4897048e+01
  -5.5632442e+01
  -5.6295133e+01
  -5.6993326e+01
  -5.7736106e+01
  -5.8462688e+01
  -5.9111534e+01
  -5.9674048e+01
  -6.0167621e+01
  -6.0605872e+01
  -6.0983376e+01
  -6.1206946e+01
  -5.9809919e+01
  -5.9418676e+01
  -5.9656928e+01
  -5.9932169e+01
  -6.0178222e+01
  -6.0342241e+01
  -6.0333828e+01
  -6.0103413e+01
  -5.9923140e+01
  -5.9962827e+01
  -6.0132265e+01
  -6.0358015e+01
  -6.0604538e+01
  -6.0852670e+01
  -6.1089247e+01
  -6.1302803e+01
  -6.1482194e+01
  -6.1617944e+01
  -6.1707179e+01
  -6.1759525e+01
  -6.1794144e+01
  -6.1824267e+01
  -6.1845550e+01
  -6.1841344e+01
  -6.1803180e+01
  -6.1755203e+01
  -6.1744545e+01
  -6.1797113e+01
  -6.1906163e+01
  -6.2051702e+01
  -6.2213199e+01
  -6.2371887e+01
  -6.2509799e+01
  -6.2610237e+01
  -6.2663952e+01
  -6.2681718e+01
  -6.2696706e+01
  -6.2739539e+01
  -6.2815201e+01
  -6.2906546e+01
  -6.2984824e+01
  -6.3014918e+01
  -6.2968812e+01
  -6.2868529e+01
  -6.2798325e+01
  -6.2811631e+01
  -6.2895824e+01
  -6.3017517e+01
  -6.3145551e+01
  -6.3251688e+01
  -6.3309530e+01
  -6.3304652e+01
  -6.3259662e+01
  -6.3232298e+01
  -6.3260282e+01
  -6.3338087e+01
  -6.3440345e+01
  -6.3538704e+01
  -6.3605760e+01
  -6.3620344e+01
  -6.3585233e+01
  -6.3541369e+01
  -6.3536074e+01
  -6.3581365e+01
  -6.3660296e+01
  -6.3747996e+01
  -6.3821198e+01
  -6.3863110e+01
  -6.3871695e+01
  -6.3866316e+01
  -6.3876037e+01
  -6.3916165e+01
  -6.3981674e+01
  -6.4056631e+01
  -6.4123778e+01
  -6.4171609e+01
  -6.4201405e+01
  -6.4229579e+01
  -6.4277326e+01
  -6.4355510e+01
  -6.4460642e+01
  -6.4580033e+01
  -6.4696449e+01
  -6.4789667e+01
  -6.4838217e+01
  -6.4828770e+01
  -6.4777166e+01
  -6.4731953e+01
  -6.4731852e+01
  -6.4777874e+01
  -6.4849166e+01
  -6.4920782e+01
  -6.4970610e+01
  -6.4985120e+01
  -6.4969096e+01
  -6.4948449e+01
  -6.4951285e+01
  -6.4986671e+01
  -6.5045415e+01
  -6.5111295e+01
  -6.5169155e+01
  -6.5210058e+01
  -6.5235492e+01
  -6.5257395e+01
  -6.5290362e+01
  -6.5341800e+01
  -6.5409159e+01
  -6.5483606e+01
  -6.5554841e+01
  -6.5615041e+01
  -6.5662073e+01
  -6.5700878e+01
  -6.5740721e+01
  -6.5789080e+01
  -6.5847104e+01
  -6.5909645e+01
  -6.5968339e+01
  -6.6015664e+01
  -6.6049158e+01
  -6.6074172e+01
  -6.6101873e+01
  -6.6142322e+01
  -6.6198569e+01
  -6.6266174e+01
  -6.6336309e+01
  -6.6399378e+01
  -6.6448476e+01
  -6.6482781e+01
  -6.6509149e+01
  -6.6539005e+01
  -6.6581627e+01
  -6.6639619e+01
  -6.6709505e+01
  -6.6784982e+01
  -6.6860016e+01
  -6.6930888e+01
  -6.6997036e+01
  -6.7060441e+01
  -6.7123717e+01
  -6.7188035e+01
  -6.7252283e+01
  -6.7314001e+01
  -6.7371601e+01
  -6.7426697e+01
  -6.7484888e+01
  -6.7553771e+01
  -6.7639304e+01
  -6.7743293e+01
  -6.7863335e+01
  -6.7994208e+01
  -6.8129375e+01
  -6.8262104e+01
  -6.8386440e+01
  -6.8498425e+01
  -6.8597571e+01
  -6.8687850e+01
  -6.8776810e+01
  -6.8872487e+01
  -6.8980040e+01
  -6.9100361e+01
  -6.9230831e+01
  -6.9366884e+01
  -6.9503361e+01
  -6.9635421e+01
  -6.9759138e+01
  -6.9871875e+01
  -6.9972368e+01
  -7.0060359e+01
  -7.0135801e+01
  -7.0198089e+01
  -7.0246006e+01
  -7.0278931e+01
  -7.0298972e+01
  -7.0312274e+01
  -7.0327366e+01
  -7.0350934e+01
  -7.0384586e+01
  -7.0425125e+01
  -7.0467536e+01
  -7.0508700e+01
  -7.0550087e+01
  -7.0597625e+01
  -7.0658166e+01
  -7.0735043e+01
  -7.0825949e+01
  -7.0923504e+01
  -7.1016925e+01
  -7.1094097e+01
  -7.1145223e+01
  -7.1169494e+01
  -7.1181080e+01
  -7.1203729e+01
  -7.1254307e+01
  -7.1333587e+01
  -7.1429882e+01
  -7.1525048e+01
  -7.1597535e+01
  -7.1625981e+01
  -7.1601671e+01
  -7.1548934e+01
  -7.1517303e+01
  -7.1536221e+01
  -7.1599609e+01
  -7.1684962e+01
  -7.1767819e+01
  -7.1827426e+01
  -7.1853575e+01
  -7.1856949e+01
  -7.1867729e+01
  -7.1912011e+01
  -7.1993764e+01
  -7.2099398e+01
  -7.2207532e+01
  -7.2293311e+01
  -7.2331939e+01
  -7.2312940e+01
  -7.2265446e+01
  -7.2247294e+01
  -7.2288785e+01
  -7.2378756e+01
  -7.2488200e+01
  -7.2581958e+01
  -7.2617679e+01
  -7.2556080e+01
  -7.2422563e+01
  -7.2334191e+01
  -7.2354908e+01
  -7.2459119e+01
  -7.2604300e+01
  -7.2753542e+01
  -7.2867499e+01
  -7.2889238e+01
  -7.2750925e+01
  -7.2508767e+01
  -7.2373882e+01
  -7.2386630e+01
  -7.2475720e+01
  -7.2583537e+01
  -7.2671686e+01
  -7.2715988e+01
  -7.2717377e+01
  -7.2712289e+01
  -7.2744706e+01
  -7.2827811e+01
  -7.2946150e+01
  -7.3071887e+01
  -7.3167834e+01
  -7.3179288e+01
  -7.3044617e+01
  -7.2816819e+01
  -7.2688588e+01
  -7.2704845e+01
  -7.2803833e+01
  -7.2933889e+01
  -7.3062338e+01
  -7.3167637e+01
  -7.3238965e+01
  -7.3281979e+01
  -7.3318828e+01
  -7.3371468e+01
  -7.3443317e+01
  -7.3516183e+01
  -7.3553354e+01
  -7.3503805e+01
  -7.3346202e+01
  -7.3183074e+01
  -7.3137213e+01
  -7.3205860e+01
  -7.3341763e+01
  -7.3508751e+01
  -7.3683130e+01
  -7.3848062e+01
  -7.3991088e+01
  -7.4105470e+01
  -7.4194122e+01
  -7.4270777e+01
  -7.4352007e+01
  -7.4444706e+01
  -7.4540083e+01
  -7.4614351e+01
  -7.4632330e+01
  -7.4568381e+01
  -7.4464666e+01
  -7.4423517e+01
  -7.4487041e+01
  -7.4631201e+01
  -7.4822283e+01
  -7.5033449e+01
  -7.5240766e+01
  -7.5413872e+01
  -7.5500259e+01
  -7.5414737e+01
  -7.5168959e+01
  -7.5026761e+01
  -7.5073454e+01
  -7.5221484e+01
  -7.5399002e+01
  -7.5545070e+01
  -7.5559839e+01
  -7.5275143e+01
  -7.4905531e+01
  -7.4856039e+01
  -7.4999639e+01
  -7.5216994e+01
  -7.5456435e+01
  -7.5687664e+01
  -7.5881753e+01
  -7.6002997e+01
  -7.6023488e+01
  -7.5987350e+01
  -7.6012440e+01
  -7.6150371e+01
  -7.6377528e+01
  -7.6661914e+01
  -7.6982200e+01
  -7.7325079e+01
  -7.7679722e+01
  -7.8023249e+01
  -7.7812122e+01
  -7.5896928e+01
  -7.6269544e+01
  -7.6707508e+01
  -7.7193856e+01
  -7.7760290e+01
  -7.8514421e+01
  -7.9674387e+01
  -8.0850083e+01
  -8.1644399e+01
  -8.2277967e+01
  -8.2865600e+01
  -8.3451665e+01
  -8.4059856e+01
  -8.4706254e+01
  -8.5399430e+01
  -8.6135576e+01
  -8.6900399e+01
  -8.7689039e+01
  -8.8538004e+01
  -8.9561683e+01
  -9.0830852e+01
  -9.1966421e+01
  -9.2832032e+01
  -9.3565925e+01
  -9.4243878e+01
  -9.4895491e+01
  -9.5532337e+01
  -9.6160652e+01
  -9.6789656e+01
  -9.7442620e+01
  -9.8187436e+01
  -9.9227701e+01
  -1.0058334e+02
  -1.0153651e+02
  -1.0219111e+02
  -1.0272950e+02
  -1.0321022e+02
  -1.0365207e+02
  -1.0405760e+02
  -1.0441424e+02
  -1.0467322e+02
  -1.0464577e+02
  -1.0406099e+02
  -1.0386447e+02
  -1.0404703e+02
  -1.0434028e+02
  -1.0467055e+02
  -1.0501307e+02
  -1.0535565e+02
  -1.0568721e+02
  -1.0598169e+02
  -1.0596617e+02
  -1.0386265e+02
  -1.0403283e+02
  -1.0427953e+02
  -1.0451115e+02
  -1.0470441e+02
  -1.0484770e+02
  -1.0494504e+02
  -1.0502206e+02
  -1.0511078e+02
  -1.0522343e+02
  -1.0534548e+02
  -1.0543968e+02
  -1.0544288e+02
  -1.0529046e+02
  -1.0507668e+02
  -1.0500606e+02
  -1.0508508e+02
  -1.0524176e+02
  -1.0542398e+02
  -1.0559313e+02
  -1.0570836e+02
  -1.0572210e+02
  -1.0562607e+02
  -1.0553244e+02
  -1.0555165e+02
  -1.0567471e+02
  -1.0585608e+02
  -1.0605960e+02
  -1.0625675e+02
  -1.0641735e+02
  -1.0650238e+02
  -1.0647624e+02
  -1.0637707e+02
  -1.0633265e+02
  -1.0640067e+02
  -1.0655213e+02
  -1.0674882e+02
  -1.0696399e+02
  -1.0717893e+02
  -1.0737850e+02
  -1.0754911e+02
  -1.0768050e+02
  -1.0777244e+02
  -1.0784197e+02
  -1.0791744e+02
  -1.0801882e+02
  -1.0814724e+02
  -1.0829040e+02
  -1.0842993e+02
  -1.0854529e+02
  -1.0861824e+02
  -1.0864501e+02
  -1.0865142e+02
  -1.0868043e+02
  -1.0875496e+02
  -1.0886779e+02
  -1.0899599e+02
  -1.0910963e+02
  -1.0917157e+02
  -1.0914390e+02
  -1.0903395e+02
  -1.0893712e+02
  -1.0893017e+02
  -1.0900056e+02
  -1.0910435e+02
  -1.0919764e+02
  -1.0923669e+02
  -1.0918764e+02
  -1.0907723e+02
  -1.0900421e+02
  -1.0902197e+02
  -1.0910904e+02
  -1.0922642e+02
  -1.0933992e+02
  -1.0942107e+02
  -1.0945215e+02
  -1.0944385e+02
  -1.0944107e+02
  -1.0948506e+02
  -1.0958191e+02
  -1.0971465e+02
  -1.0986066e+02
  -1.0999733e+02
  -1.1010221e+02
  -1.1015659e+02
  -1.1015956e+02
  -1.1014356e+02
  -1.1015426e+02
  -1.1020980e+02
  -1.1029713e+02
  -1.1039015e+02
  -1.1046044e+02
  -1.1048522e+02
  -1.1046536e+02
  -1.1044040e+02
  -1.1045796e+02
  -1.1053067e+02
  -1.1064022e+02
  -1.1075600e+02
  -1.1083866e+02
  -1.1083552e+02
  -1.1070585e+02
  -1.1052808e+02
  -1.1045463e+02
  -1.1050521e+02
  -1.1062761e+02
  -1.1077650e+02
  -1.1091775e+02
  -1.1101961e+02
  -1.1105185e+02
  -1.1100869e+02
  -1.1094555e+02
  -1.1093827e+02
  -1.1100525e+02
  -1.1112178e+02
  -1.1125574e+02
  -1.1137618e+02
  -1.1145106e+02
  -1.1145147e+02
  -1.1138114e+02
  -1.1130524e+02
  -1.1128955e+02
  -1.1133753e+02
  -1.1141788e+02
  -1.1149570e+02
  -1.1154172e+02
  -1.1154212e+02
  -1.1151584e+02
  -1.1150833e+02
  -1.1154932e+02
  -1.1163444e+02
  -1.1174109e+02
  -1.1184139e+02
  -1.1190555e+02
  -1.1190821e+02
  -1.1185301e+02
  -1.1179374e+02
  -1.1178769e+02
  -1.1184274e+02
  -1.1193448e+02
  -1.1203271e+02
  -1.1211007e+02
  -1.1214738e+02
  -1.1214714e+02
  -1.1214272e+02
  -1.1217385e+02
  -1.1225360e+02
  -1.1236974e+02
  -1.1250020e+02
  -1.1262007e+02
  -1.1270274e+02
  -1.1272624e+02
  -1.1269693e+02
  -1.1266864e+02
  -1.1269855e+02
  -1.1279841e+02
  -1.1295060e+02
  -1.1313380e+02
  -1.1333055e+02
  -1.1352680e+02
  -1.1371012e+02
  -1.1386874e+02
  -1.1399259e+02
  -1.1407778e+02
  -1.1413323e+02
  -1.1418095e+02
  -1.1424326e+02
  -1.1432952e+02
  -1.1443610e+02
  -1.1455382e+02
  -1.1467392e+02
  -1.1479128e+02
  -1.1490558e+02
  -1.1502028e+02
  -1.1513981e+02
  -1.1526609e+02
  -1.1539662e+02
  -1.1552441e+02
  -1.1563922e+02
  -1.1572999e+02
  -1.1579003e+02
  -1.1582478e+02
  -1.1585439e+02
  -1.1590162e+02
  -1.1597585e+02
  -1.1607043e+02
  -1.1616955e+02
  -1.1625499e+02
  -1.1631279e+02
  -1.1634354e+02
  -1.1636931e+02
  -1.1642035e+02
  -1.1651128e+02
  -1.1663521e+02
  -1.1677146e+02
  -1.1688808e+02
  -1.1693373e+02
  -1.1683418e+02
  -1.1659737e+02
  -1.1643781e+02
  -1.1644867e+02
  -1.1656233e+02
  -1.1671438e+02
  -1.1685976e+02
  -1.1695712e+02
  -1.1696764e+02
  -1.1689741e+02
  -1.1684253e+02
  -1.1688523e+02
  -1.1701864e+02
  -1.1720445e+02
  -1.1740523e+02
  -1.1757491e+02
  -1.1761016e+02
  -1.1723788e+02
  -1.1671507e+02
  -1.1666959e+02
  -1.1683687e+02
  -1.1707206e+02
  -1.1732270e+02
  -1.1755289e+02
  -1.1770455e+02
  -1.1762605e+02
  -1.1716394e+02
  -1.1691484e+02
  -1.1700597e+02
  -1.1722928e+02
  -1.1750333e+02
  -1.1779666e+02
  -1.1809035e+02
  -1.1835398e+02
  -1.1829874e+02
  -1.1619751e+02
  -1.1635302e+02
  -1.1658666e+02
  -1.1680445e+02
  -1.1697780e+02
  -1.1708864e+02
  -1.1714257e+02
  -1.1718529e+02
  -1.1727121e+02
  -1.1741804e+02
  -1.1761299e+02
  -1.1783510e+02
  -1.1806287e+02
  -1.1827107e+02
  -1.1842067e+02
  -1.1844487e+02
  -1.1829315e+02
  -1.1812651e+02
  -1.1813768e+02
  -1.1829428e+02
  -1.1852802e+02
  -1.1880045e+02
  -1.1909134e+02
  -1.1938862e+02
  -1.1968406e+02
  -1.1997336e+02
  -1.2026581e+02
  -1.2064427e+02
  -1.2171074e+02
  -1.2299203e+02
  -1.2342648e+02
  -1.2376294e+02
  -1.2412715e+02
  -1.2454507e+02
  -1.2502971e+02
  -1.2559288e+02
  -1.2623195e+02
  -1.2690521e+02
  -1.2754780e+02
  -1.2812571e+02
  -1.2864214e+02
  -1.2911123e+02
  -1.2954368e+02
  -1.2994305e+02
  -1.3030279e+02
  -1.3059395e+02
  -1.3071067e+02
  -1.3032886e+02
  -1.2987354e+02
  -1.2993718e+02
  -1.3018642e+02
  -1.3049282e+02
  -1.3081496e+02
  -1.3113043e+02
  -1.3141532e+02
  -1.3162785e+02
  -1.3168954e+02
  -1.3156049e+02
  -1.3148292e+02
  -1.3163325e+02
  -1.3195045e+02
  -1.3239059e+02
  -1.3298806e+02
  -1.3392243e+02
  -1.3520832e+02
  -1.3615339e+02
  -1.3683842e+02
  -1.3744374e+02
  -1.3802952e+02
  -1.3861512e+02
  -1.3920379e+02
  -1.3979078e+02
  -1.4036895e+02
  -1.4093345e+02
  -1.4148441e+02
  -1.4202807e+02
  -1.4257944e+02
  -1.4317345e+02
  -1.4390786e+02
  -1.4501228e+02
  -1.4620098e+02
  -1.4695580e+02
  -1.4748323e+02
  -1.4789598e+02
  -1.4820176e+02
  -1.4832233e+02
  -1.4808371e+02
  -1.4776748e+02
  -1.4778509e+02
  -1.4797022e+02
  -1.4819757e+02
  -1.4839945e+02
  -1.4850202e+02
  -1.4841254e+02
  -1.4821352e+02
  -1.4818548e+02
  -1.4834301e+02
  -1.4859985e+02
  -1.4890708e+02
  -1.4924179e+02
  -1.4959258e+02
  -1.4995325e+02
  -1.5031999e+02
  -1.5068993e+02
  -1.5104585e+02
  -1.4829740e+02
  -1.4866638e+02
  -1.4902999e+02
  -1.4937985e+02
  -1.4969557e+02
  -1.4990266e+02
  -1.4957268e+02
  -1.4871717e+02
  -1.4878518e+02
  -1.4909400e+02
  -1.4948272e+02
  -1.4993215e+02
  -1.5047260e+02
  -1.5120619e+02
  -1.5224433e+02
  -1.5320945e+02
  -1.5386929e+02
  -1.5436558e+02
  -1.5477394e+02
  -1.5510438e+02
  -1.5530369e+02
  -1.5516423e+02
  -1.5465233e+02
  -1.5455259e+02
  -1.5473562e+02
  -1.5501004e+02
  -1.5531450e+02
  -1.5562269e+02
  -1.5591366e+02
  -1.5615285e+02
  -1.5624672e+02
  -1.5593894e+02
  -1.5545966e+02
  -1.5543826e+02
  -1.5563219e+02
  -1.5589773e+02
  -1.5618760e+02
  -1.5648076e+02
  -1.5676300e+02
  -1.5701976e+02
  -1.5723217e+02
  -1.5737624e+02
  -1.5743533e+02
  -1.5743521e+02
  -1.5744375e+02
  -1.5748126e+02
  -1.5741584e+02
  -1.5654753e+02
  -1.5593232e+02
  -1.5603370e+02
  -1.5628702e+02
  -1.5659367e+02
  -1.5692764e+02
  -1.5728056e+02
  -1.5765355e+02
  -1.5806550e+02
  -1.5863703e+02
  -1.6058612e+02
  -1.6167351e+02
  -1.6209823e+02
  -1.6240026e+02
  -1.6260873e+02
  -1.6269947e+02
  -1.6267413e+02
  -1.6264055e+02
  -1.6270783e+02
  -1.6287424e+02
  -1.6309898e+02
  -1.6334778e+02
  -1.6359145e+02
  -1.6379078e+02
  -1.6386100e+02
  -1.6362303e+02
  -1.6322060e+02
  -1.6314496e+02
  -1.6328117e+02
  -1.6349150e+02
  -1.6371690e+02
  -1.6392160e+02
  -1.6407024e+02
  -1.6412492e+02
  -1.6408401e+02
  -1.6403998e+02
  -1.6408809e+02
  -1.6422999e+02
  -1.6442994e+02
  -1.6465723e+02
  -1.6488929e+02
  -1.6510663e+02
  -1.6528832e+02
  -1.6541073e+02
  -1.6545783e+02
  -1.6545111e+02
  -1.6545585e+02
  -1.6551866e+02
  -1.6563538e+02
  -1.6577863e+02
  -1.6591788e+02
  -1.6602313e+02
  -1.6607021e+02
  -1.6606237e+02
  -1.6604964e+02
  -1.6608781e+02
  -1.6618836e+02
  -1.6633120e+02
  -1.6648949e+02
  -1.6663685e+02
  -1.6674734e+02
  -1.6680087e+02
  -1.6680392e+02
  -1.6680477e+02
  -1.6685463e+02
  -1.6696377e+02
  -1.6711263e+02
  -1.6727262e+02
  -1.6740932e+02
  -1.6747471e+02
  -1.6741061e+02
  -1.6723843e+02
  -1.6712960e+02
  -1.6716344e+02
  -1.6729132e+02
  -1.6745723e+02
  -1.6761628e+02
  -1.6771656e+02
  -1.6767967e+02
  -1.6746289e+02
  -1.6726453e+02
  -1.6725105e+02
  -1.6736339e+02
  -1.6752703e+02
  -1.6769312e+02
  -1.6781852e+02
  -1.6785167e+02
  -1.6775783e+02
  -1.6762106e+02
  -1.6758670e+02
  -1.6767094e+02
  -1.6782428e+02
  -1.6800419e+02
  -1.6817884e+02
  -1.6831857e+02
  -1.6839270e+02
  -1.6838582e+02
  -1.6833814e+02
  -1.6832980e+02
  -1.6839314e+02
  -1.6850439e+02
  -1.6862045e+02
  -1.6868705e+02
  -1.6863790e+02
  -1.6846899e+02
  -1.6834684e+02
  -1.6838086e+02
  -1.6853097e+02
  -1.6874380e+02
  -1.6898630e+02
  -1.6923685e+02
  -1.6947575e+02
  -1.6967528e+02
  -1.6978138e+02
  -1.6968860e+02
  -1.6937882e+02
  -1.6918604e+02
  -1.6920392e+02
  -1.6930567e+02
  -1.6938791e+02
  -1.6934453e+02
  -1.6910658e+02
  -1.6889342e+02
  -1.6889597e+02
  -1.6904152e+02
  -1.6925277e+02
  -1.6948876e+02
  -1.6972419e+02
  -1.6993611e+02
  -1.7009474e+02
  -1.7015748e+02
  -1.7008960e+02
  -1.6994927e+02
  -1.6986327e+02
  -1.6984774e+02
  -1.6983111e+02
  -1.6974327e+02
  -1.6960622e+02
  -1.6954891e+02
  -1.6962444e+02
  -1.6979648e+02
  -1.7002354e+02
  -1.7027797e+02
  -1.7054077e+02
  -1.7079555e+02
  -1.7102369e+02
  -1.7120023e+02
  -1.7129521e+02
  -1.7130027e+02
  -1.7127761e+02
  -1.7131525e+02
  -1.7142929e+02
  -1.7158132e+02
  -1.7171191e+02
  -1.7172530e+02
  -1.7150511e+02
  -1.7124871e+02
  -1.7125010e+02
  -1.7143092e+02
  -1.7169498e+02
  -1.7199701e+02
  -1.7231256e+02
  -1.7261922e+02
  -1.7287053e+02
  -1.7285173e+02
  -1.7183384e+02
  -1.7162534e+02
  -1.7186072e+02
  -1.7218811e+02
  -1.7254752e+02
  -1.7292135e+02
  -1.7330178e+02
  -1.7368234e+02
  -1.7404486e+02
  -1.7256378e+02
  -1.7182660e+02
  -1.7219822e+02
  -1.7259146e+02
  -1.7299143e+02
  -1.7339523e+02
  -1.7380218e+02
  -1.7421252e+02
  -1.7462743e+02
  -1.7505094e+02
  -1.7556336e+02
  -1.7273808e+02
  -1.7320359e+02
  -1.7370471e+02
  -1.7431309e+02
  -1.7526488e+02
  -1.7664294e+02
  -1.7753196e+02
  -1.7811742e+02
  -1.7860478e+02
  -1.7905105e+02
  -1.7947426e+02
  -1.7987818e+02
  -1.8025088e+02
  -1.8047811e+02
  -1.7849839e+02
  -1.7859671e+02
  -1.7895047e+02
  -1.7933843e+02
  -1.7974106e+02
  -1.8015930e+02
  -1.8061617e+02
  -1.8135569e+02
  -1.8405855e+02
  -1.8466054e+02
  -1.8510763e+02
  -1.8552819e+02
  -1.8594109e+02
  -1.8635327e+02
  -1.8677032e+02
  -1.8720108e+02
  -1.8766632e+02
  -1.8823130e+02
  -1.8914865e+02
  -1.9051364e+02
  -1.9130065e+02
  -1.9174312e+02
  -1.9202347e+02
  -1.9215871e+02
  -1.9216502e+02
  -1.9215998e+02
  -1.9225764e+02
  -1.9245782e+02
  -1.9272292e+02
  -1.9302489e+02
  -1.9334671e+02
  -1.9367684e+02
  -1.9400339e+02
  -1.9429969e+02
  -1.9437906e+02
  -1.9247909e+02
  -1.9254523e+02
  -1.9283238e+02
  -1.9314324e+02
  -1.9344437e+02
  -1.9370763e+02
  -1.9387302e+02
  -1.9376827e+02
  -1.9327279e+02
  -1.9306029e+02
  -1.9315210e+02
  -1.9333211e+02
  -1.9350533e+02
  -1.9360554e+02
  -1.9358730e+02
  -1.9352331e+02
  -1.9357313e+02
  -1.9377146e+02
  -1.9408001e+02
  -1.9447618e+02
  -1.9497159e+02
  -1.9563177e+02
  -1.9656859e+02
  -1.9759903e+02
  -1.9838776e+02
  -1.9900449e+02
  -1.9955064e+02
  -2.0007223e+02
  -2.0059015e+02
  -2.0111325e+02
  -2.0163978e+02
  -2.0215305e+02
  -2.0261493e+02
  -2.0296036e+02
  -2.0311328e+02
  -2.0312804e+02
  -2.0322939e+02
  -2.0347207e+02
  -2.0379684e+02
  -2.0416135e+02
  -2.0454535e+02
  -2.0493961e+02
  -2.0534022e+02
  -2.0574673e+02
  -2.0616578e+02
  -2.0672734e+02
  -2.0372587e+02
  -2.0416894e+02
  -2.0458808e+02
  -2.0500751e+02
  -2.0543710e+02
  -2.0589799e+02
  -2.0649580e+02
  -2.0849019e+02
  -2.0974545e+02
  -2.1026831e+02
  -2.1070674e+02
  -2.1111788e+02
  -2.1151349e+02
  -2.1189453e+02
  -2.1225435e+02
  -2.1257028e+02
  -2.1275625e+02
  -2.1238718e+02
  -2.1168446e+02
  -2.1176130e+02
  -2.1206051e+02
  -2.1243112e+02
  -2.1284340e+02
  -2.1330389e+02
  -2.1389476e+02
  -2.1585066e+02
  -2.1735592e+02
  -2.1800753e+02
  -2.1863778e+02
  -2.1931835e+02
  -2.2003459e+02
  -2.2071733e+02
  -2.2131426e+02
  -2.2182072e+02
  -2.2224779e+02
  -2.2259818e+02
  -2.2285827e+02
  -2.2300047e+02
  -2.2302181e+02
  -2.2301558e+02
  -2.2309275e+02
  -2.2326267e+02
  -2.2348699e+02
  -2.2372726e+02
  -2.2394091e+02
  -2.2404354e+02
  -2.2381433e+02
  -2.2331682e+02
  -2.2322966e+02
  -2.2339846e+02
  -2.2365659e+02
  -2.2394691e+02
  -2.2424349e+02
  -2.2452595e+02
  -2.2476513e+02
  -2.2490135e+02
  -2.2482469e+02
  -2.2458059e+02
  -2.2453114e+02
  -2.2471675e+02
  -2.2504772e+02
  -2.2553288e+02
  -2.2647478e+02
  -2.2806677e+02
  -2.2885932e+02
  -2.2937358e+02
  -2.2982171e+02
  -2.3025182e+02
  -2.3068546e+02
  -2.3115074e+02
  -2.3175211e+02
  -2.3329942e+02
  -2.3474973e+02
  -2.3532232e+02
  -2.3575901e+02
  -2.3614973e+02
  -2.3651094e+02
  -2.3684049e+02
  -2.3712096e+02
  -2.3730295e+02
  -2.3725798e+02
  -2.3690117e+02
  -2.3670045e+02
  -2.3678062e+02
  -2.3697510e+02
  -2.3719781e+02
  -2.3739903e+02
  -2.3752770e+02
  -2.3752670e+02
  -2.3742094e+02
  -2.3738454e+02
  -2.3749907e+02
  -2.3772201e+02
  -2.3800842e+02
  -2.3833406e+02
  -2.3869009e+02
  -2.3909173e+02
  -2.4012254e+02
  -2.4272466e+02
  -2.4316814e+02
  -2.4356545e+02
  -2.4395287e+02
  -2.4433535e+02
  -2.4471172e+02
  -2.4507426e+02
  -2.4538554e+02
  -2.4481050e+02
  -2.4338822e+02
  -2.4367340e+02
  -2.4402481e+02
  -2.4438656e+02
  -2.4474264e+02
  -2.4507413e+02
  -2.4531900e+02
  -2.4495811e+02
  -2.4377312e+02
  -2.4388564e+02
  -2.4417117e+02
  -2.4448511e+02
  -2.4479284e+02
  -2.4507193e+02
  -2.4529464e+02
  -2.4542261e+02
  -2.4543257e+02
  -2.4539559e+02
  -2.4543600e+02
  -2.4557814e+02
  -2.4578049e+02
  -2.4599767e+02
  -2.4618322e+02
  -2.4627146e+02
  -2.4618508e+02
  -2.4600741e+02
  -2.4597883e+02
  -2.4611704e+02
  -2.4634515e+02
  -2.4661352e+02
  -2.4689370e+02
  -2.4716356e+02
  -2.4739560e+02
  -2.4754071e+02
  -2.4751149e+02
  -2.4729392e+02
  -2.4716078e+02
  -2.4723129e+02
  -2.4741865e+02
  -2.4765646e+02
  -2.4790975e+02
  -2.4815575e+02
  -2.4837340e+02
  -2.4853816e+02
  -2.4862612e+02
  -2.4864228e+02
  -2.4865203e+02
  -2.4872761e+02
  -2.4888224e+02
  -2.4909400e+02
  -2.4933777e+02
  -2.4959031e+02
  -2.4981758e+02
  -2.4989653e+02
  -2.4885137e+02
  -2.4823551e+02
  -2.4837451e+02
  -2.4860971e+02
  -2.4885959e+02
  -2.4909706e+02
  -2.4930231e+02
  -2.4945351e+02
  -2.4952843e+02
  -2.4952261e+02
  -2.4947308e+02
  -2.4942612e+02
  -2.4937233e+02
  -2.4924960e+02
  -2.4904118e+02
  -2.4889203e+02
  -2.4890784e+02
  -2.4905269e+02
  -2.4927475e+02
  -2.4954380e+02
  -2.4984550e+02
  -2.5017742e+02
  -2.5055734e+02
  -2.5110579e+02
  -2.5293096e+02
  -2.5405491e+02
  -2.5449691e+02
  -2.5483540e+02
  -2.5512868e+02
  -2.5538607e+02
  -2.5560686e+02
  -2.5578972e+02
  -2.5593897e+02
  -2.5606833e+02
  -2.5619635e+02
  -2.5633462e+02
  -2.5647823e+02
  -2.5659769e+02
  -2.5660790e+02
  -2.5628067e+02
  -2.5572441e+02
  -2.5558855e+02
  -2.5569281e+02
  -2.5587321e+02
  -2.5606619e+02
  -2.5623220e+02
  -2.5633246e+02
  -2.5633947e+02
  -2.5629553e+02
  -2.5631178e+02
  -2.5643851e+02
  -2.5665483e+02
  -2.5693096e+02
  -2.5724767e+02
  -2.5759529e+02
  -2.5797157e+02
  -2.5838291e+02
  -2.5885432e+02
  -2.5947515e+02
  -2.6056676e+02
  -2.6189547e+02
  -2.6265166e+02
  -2.6318736e+02
  -2.6365395e+02
  -2.6409144e+02
  -2.6450909e+02
  -2.6489825e+02
  -2.6522900e+02
  -2.6546750e+02
  -2.6566987e+02
  -2.6595484e+02
  -2.6632722e+02
  -2.6674012e+02
  -2.6716716e+02
  -2.6760161e+02
  -2.6804938e+02
  -2.6853584e+02
  -2.6917130e+02
  -2.7062913e+02
  -2.7203200e+02
  -2.7263456e+02
  -2.7307882e+02
  -2.7346318e+02
  -2.7380224e+02
  -2.7408312e+02
  -2.7426170e+02
  -2.7424758e+02
  -2.7403657e+02
  -2.7393381e+02
  -2.7404367e+02
  -2.7426999e+02
  -2.7454795e+02
  -2.7484393e+02
  -2.7513207e+02
  -2.7536973e+02
  -2.7541409e+02
  -2.7479051e+02
  -2.7435386e+02
  -2.7448400e+02
  -2.7476626e+02
  -2.7510166e+02
  -2.7546316e+02
  -2.7584220e+02
  -2.7623916e+02
  -2.7667173e+02
  -2.7739014e+02
  -2.8028470e+02
  -2.8080924e+02
  -2.8125125e+02
  -2.8168452e+02
  -2.8212169e+02
  -2.8256793e+02
  -2.8302567e+02
  -2.8349375e+02
  -2.8396324e+02
  -2.8441124e+02
  -2.8479650e+02
  -2.8506723e+02
  -2.8520637e+02
  -2.8529756e+02
  -2.8544356e+02
  -2.8565409e+02
  -2.8589322e+02
  -2.8612235e+02
  -2.8629913e+02
  -2.8636834e+02
  -2.8629809e+02
  -2.8620059e+02
  -2.8622767e+02
  -2.8637721e+02
  -2.8659404e+02
  -2.8683454e+02
  -2.8705748e+02
  -2.8718402e+02
  -2.8696259e+02
  -2.8633064e+02
  -2.8621095e+02
  -2.8638643e+02
  -2.8665457e+02
  -2.8695742e+02
  -2.8727274e+02
  -2.8758744e+02
  -2.8788823e+02
  -2.8815307e+02
  -2.8833146e+02
  -2.8829539e+02
  -2.8794584e+02
  -2.8774999e+02
  -2.8785255e+02
  -2.8808064e+02
  -2.8832429e+02
  -2.8828735e+02
  -2.8674706e+02
  -2.8686653e+02
  -2.8729457e+02
  -2.8785295e+02
  -2.8853439e+02
  -2.8928442e+02
  -2.8998232e+02
  -2.9057180e+02
  -2.9107084e+02
  -2.9150583e+02
  -2.9189043e+02
  -2.9222463e+02
  -2.9249269e+02
  -2.9265568e+02
  -2.9265877e+02
  -2.9254507e+02
  -2.9251644e+02
  -2.9264229e+02
  -2.9286944e+02
  -2.9315310e+02
  -2.9347235e+02
  -2.9382797e+02
  -2.9431409e+02
  -2.9712293e+02
  -2.9772620e+02
  -2.9809534e+02
  -2.9842767e+02
  -2.9873851e+02
  -2.9902756e+02
  -2.9928947e+02
  -2.9951560e+02
  -2.9969545e+02
  -2.9982148e+02
  -2.9989971e+02
  -2.9995689e+02
  -3.0002619e+02
  -3.0012321e+02
  -3.0024272e+02
  -3.0037025e+02
  -3.0049216e+02
  -3.0060203e+02
  -3.0070471e+02
  -3.0081433e+02
  -3.0094465e+02
  -3.0110016e+02
  -3.0127464e+02
  -3.0145416e+02
  -3.0161945e+02
  -3.0174887e+02
  -3.0183010e+02
  -3.0188538e+02
  -3.0197308e+02
  -3.0213640e+02
  -3.0237780e+02
  -3.0268133e+02
  -3.0303136e+02
  -3.0341753e+02
  -3.0383531e+02
  -3.0428831e+02
  -3.0479984e+02
  -3.0547511e+02
  -3.0681707e+02
  -3.0821940e+02
  -3.0890981e+02
  -3.0941887e+02
  -3.0986431e+02
  -3.1027125e+02
  -3.1063855e+02
  -3.1093619e+02
  -3.1101522e+02
  -3.1022627e+02
  -3.0980681e+02
  -3.0996898e+02
  -3.1024456e+02
  -3.1054607e+02
  -3.1084494e+02
  -3.1112015e+02
  -3.1133688e+02
  -3.1139972e+02
  -3.1104779e+02
  -3.1052593e+02
  -3.1045571e+02
  -3.1058554e+02
  -3.1077033e+02
  -3.1095961e+02
  -3.1112913e+02
  -3.1126503e+02
  -3.1136419e+02
  -3.1143872e+02
  -3.1151212e+02
  -3.1160387e+02
  -3.1171839e+02
  -3.1184720e+02
  -3.1197541e+02
  -3.1208594e+02
  -3.1216302e+02
  -3.1219953e+02
  -3.1220830e+02
  -3.1222145e+02
  -3.1226751e+02
  -3.1235408e+02
  -3.1247334e+02
  -3.1261325e+02
  -3.1276307e+02
  -3.1291450e+02
  -3.1306094e+02
  -3.1319568e+02
  -3.1330849e+02
  -3.1337962e+02
  -3.1337041e+02
  -3.1322858e+02
  -3.1298658e+02
  -3.1282671e+02
  -3.1282435e+02
  -3.1293058e+02
  -3.1309642e+02
  -3.1329216e+02
  -3.1349863e+02
  -3.1370032e+02
  -3.1388148e+02
  -3.1402441e+02
  -3.1411337e+02
  -3.1415001e+02
  -3.1416919e+02
  -3.1421282e+02
  -3.1426160e+02
  -3.1381040e+02
  -3.1217025e+02
  -3.1226520e+02
  -3.1252430e+02
  -3.1283447e+02
  -3.1317482e+02
  -3.1354013e+02
  -3.1393214e+02
  -3.1435984e+02
  -3.1484538e+02
  -3.1543871e+02
  -3.1622582e+02
  -3.1717362e+02
  -3.1800060e+02
  -3.1866459e+02
  -3.1966745e+02
  -3.2245565e+02
  -3.2296290e+02
  -3.2338050e+02
  -3.2376717e+02
  -3.2413336e+02
  -3.2448056e+02
  -3.2480583e+02
  -3.2510183e+02
  -3.2535522e+02
  -3.2554506e+02
  -3.2564859e+02
  -3.2567321e+02
  -3.2569131e+02
  -3.2577926e+02
  -3.2594850e+02
  -3.2617611e+02
  -3.2643951e+02
  -3.2672446e+02
  -3.2702504e+02
  -3.2734352e+02
  -3.2768911e+02
  -3.2807229e+02
  -3.2849684e+02
  -3.2895799e+02
  -3.2944986e+02
  -3.2997518e+02
  -3.3055205e+02
  -3.3121711e+02
  -3.3200348e+02
  -3.3284929e+02
  -3.3360884e+02
  -3.3424052e+02
  -3.3478243e+02
  -3.3527065e+02
  -3.3572648e+02
  -3.3616170e+02
  -3.3658291e+02
  -3.3699373e+02
  -3.3739529e+02
  -3.3778277e+02
  -3.3790058e+02
  -3.3549643e+02
  -3.3586877e+02
  -3.3625141e+02
  -3.3663471e+02
  -3.3701699e+02
  -3.3739783e+02
  -3.3777734e+02
  -3.3815687e+02
  -3.3854422e+02
  -3.3910198e+02
  -3.3599736e+02
  -3.3637282e+02
  -3.3669213e+02
  -3.3694978e+02
  -3.3706894e+02
  -3.3684012e+02
  -3.3640120e+02
  -3.3635462e+02
  -3.3654063e+02
  -3.3681179e+02
  -3.3711771e+02
  -3.3743819e+02
  -3.3776221e+02
  -3.3807948e+02
  -3.3836859e+02
  -3.3850813e+02
  -3.3667105e+02
  -3.3655167e+02
  -3.3679565e+02
  -3.3707092e+02
  -3.3734086e+02
  -3.3758941e+02
  -3.3780209e+02
  -3.3796328e+02
  -3.3806193e+02
  -3.3810815e+02
  -3.3814320e+02
  -3.3821081e+02
  -3.3832405e+02
  -3.3847127e+02
  -3.3863407e+02
  -3.3879592e+02
  -3.3894489e+02
  -3.3907626e+02
  -3.3919486e+02
  -3.3931333e+02
  -3.3944392e+02
  -3.3958988e+02
  -3.3974268e+02
  -3.3988362e+02
  -3.3998900e+02
  -3.4005062e+02
  -3.4011675e+02
  -3.4028180e+02
  -3.4060891e+02
  -3.4111776e+02
  -3.4178469e+02
  -3.4250923e+02
  -3.4320189e+02
  -3.4387927e+02
  -3.4463474e+02
  -3.4559087e+02
  -3.4661984e+02
  -3.4741942e+02
  -3.4802893e+02
  -3.4854546e+02
  -3.4901671e+02
  -3.4946514e+02
  -3.4990354e+02
  -3.5034249e+02
  -3.5079762e+02
  -3.5131122e+02
  -3.5209551e+02
  -3.5390197e+02
  -3.5487347e+02
  -3.5539689e+02
  -3.5582099e+02
  -3.5619676e+02
  -3.5652066e+02
  -3.5672153e+02
  -3.5626296e+02
  -3.5530764e+02
  -3.5537451e+02
  -3.5561484e+02
  -3.5588201e+02
  -3.5613627e+02
  -3.5635223e+02
  -3.5650610e+02
  -3.5658703e+02
  -3.5662888e+02
  -3.5670386e+02
  -3.5685381e+02
  -3.5707322e+02
  -3.5734151e+02
  -3.5764024e+02
  -3.5795315e+02
  -3.5825081e+02
  -3.5813472e+02
  -3.5612250e+02
  -3.5640778e+02
  -3.5676795e+02
  -3.5715172e+02
