0 -4.518168 0
6250 -4.45156 0.0398728999999998
12500 -4.249278 0.0764031999999997
18750 -3.901929 0.1058605
25000 -3.385632 0.1233115
31250 -2.641519 0.1203256
37500 -1.511664 0.0768302799999999
43750 0.528755 -0.0829060300000001
50000 4.56860619 -1.06590656
56250 -13.8501983 -4.1732302
62500 -6.3384179734 -5.4913201
68750 -3.377738 -5.683029
75000 -1.2156741 -5.7852612
81250 1.2153399 -5.8729324
87500 5.0571881 -5.96149406
93750 16.2397848 -5.8612108316
100000 6.3404491 -3.5199161
106250 -2.624793718 -3.9469591
112500 -5.54492941 -4.5844279
118750 -4.753163 -5.0789436
125000 -2.6187345 -5.3918437
131250 0.4881516 -5.5992102
137500 5.7758208 -5.6589152
143750 13.1691281 -4.5729098
150000 3.63035732 -3.8370139
156250 -1.9891977 -3.9744426
162500 -5.6495364 -4.2177859
168750 -8.79971074 -4.502938
175000 -12.6166735 -4.876199
181250 -18.6649444 -5.696211
187500 -15.7899621 -7.425218
193750 -8.69964053 -8.153218
200000 -4.8374227 -8.647104
206250 -3.2565556 -9.06023
212500 -3.186583 -9.37664
218750 -4.022888 -9.603059
225000 -5.5270165 -9.766341
231250 -7.824511 -9.89465
237500 -11.6002109 -10.020725
243750 -20.1625171 -10.273975
250000 -19.5585622 -13.017634
256250 -9.4283359 -13.345872
262500 -4.4839829 -13.648546
268750 -2.4054898 -14.081275
275000 -3.8970511 -14.526181
281250 -8.6152676 -14.781043
287500 -17.6895228 -14.660283
293750 -19.6594716 -12.688156
300000 -11.7530978 -12.387951
306250 -8.0680461 -12.358205
312500 -5.797695 -12.368088
318750 -4.206095 -12.397832
325000 -3.009528 -12.451062
331250 -2.096915 -12.543607
337500 -1.542658 -12.710922
343750 -2.0232499 -13.016803
350000 -6.0644541 -13.433123
356250 -17.5177617 -13.082268
362500 -12.853902 -11.803058
368750 -9.2498029 -11.763388
375000 -8.0132811 -11.802171
381250 -7.771303 -11.841327
387500 -8.183216 -11.872733
393750 -9.2416246 -11.889266
400000 -11.1891606 -11.86085
406250 -14.4036253 -11.640242
412500 -14.86528825 -10.893228
418750 -9.2467754 -10.693531
425000 -6.8733636 -11.055134
431250 -8.0500165 -11.419921
437500 -11.0579582 -11.676651
443750 -15.798542 -11.882651
450000 -25.1652997 -12.145407
456250 -28.2026048 -8.786568
462500 -19.1343381 -9.099506
468750 -16.1403498 -9.310114
475000 -15.4301672 -9.528284
481250 -16.5639578 -9.775332
487500 -20.099404 -10.104009
493750 -28.0419055 -10.974779
500000 -23.3610228 -12.761218
506250 -17.218689 -13.204093
512500 -14.137763 -13.432185
518750 -12.575353 -13.595148
525000 -12.005433 -13.715662
531250 -12.205432 -13.792534
537500 -13.044982 -13.811223
543750 -14.339574 -13.743288
550000 -15.61454 -13.556818
556250 -16.022142 -13.277587
562500 -15.277426 -13.027628
568750 -14.137807 -12.88311
575000 -13.295737 -12.824439
581250 -13.050879 -12.809702
587500 -13.541799 -12.7979
593750 -14.831521 -12.735475
600000 -16.64795 -12.534564
606250 -17.543887 -12.137295
612500 -16.194092 -11.757406
618750 -14.16173 -11.569358
625000 -12.640845 -11.501673
631250 -11.792631 -11.479358
637500 -11.541749 -11.461894
643750 -11.792488 -11.422733
650000 -12.418342 -11.336585
656250 -13.158716 -11.177709
662500 -13.513871 -10.941661
668750 -13.025109 -10.683481
675000 -11.868471 -10.481858
681250 -10.604968 -10.358667
687500 -9.606155 -10.290154
693750 -8.999488 -10.244787
700000 -8.775083 -10.194532
706250 -8.822239 -10.114936
712500 -8.903987 -9.9888
718750 -8.670619 -9.82107
725000 -7.878229 -9.651169
731250 -6.643871 -9.527065
737500 -5.303548 -9.467555
743750 -4.1298 -9.464581
750000 -3.265201 -9.502075
756250 -2.77069599999999 -9.565271
762500 -2.671429 -9.642454
768750 -2.983989 -9.724364
775000 -3.735043 -9.802903
781250 -4.979364 -9.868942
787500 -6.82227 -9.907618
793750 -9.441628 -9.88556
800000 -12.978739 -9.71023
806250 -16.090748 -9.177894
812500 -14.745804 -8.539243
818750 -11.820792 -8.273405
825000 -9.763943 -8.199523
831250 -8.57608 -8.188462
837500 -8.038755 -8.191427
843750 -7.981435 -8.185859
850000 -8.266672 -8.158595
856250 -8.76198599999999 -8.101144
862500 -9.320889 -8.009923
868750 -9.789133 -7.889296
875000 -10.053829 -7.753603
881250 -10.107721 -7.622331
887500 -10.053185 -7.509702
893750 -10.033835 -7.418364
900000 -10.164259 -7.340903
906250 -10.497006 -7.26444100000001
912500 -11.012788 -7.174863
918750 -11.619378 -7.061123
925000 -12.169914 -6.920723
931250 -12.525916 -6.763965
937500 -12.647106 -6.610364
943750 -12.619674 -6.476908
950000 -12.591727 -6.36955
956250 -12.69828 -6.283877
962500 -13.030418 -6.20928600000001
968750 -13.629945 -6.131667
975000 -14.479677 -6.034688
981250 -15.479225 -5.90246699999999
987500 -16.429281 -5.727135
993750 -17.097324 -5.520009
1000000 -17.389974 -5.310893
1006250 -17.435609 -5.12623000000001
1012500 -17.451053 -4.9724
1018750 -17.597559 -4.840179
1025000 -17.94735 -4.71453500000001
1031250 -18.495534 -4.579761
1037500 -19.16387 -4.422359
1043750 -19.804227 -4.235994
1050000 -20.249238 -4.028071
1056250 -20.422403 -3.818841
1062500 -20.395416 -3.62790399999999
1068750 -20.313085 -3.462659
1075000 -20.296193 -3.319995
1081250 -20.415573 -3.193187
1087500 -20.712569 -3.075772
1093750 -21.22423 -2.961712
1100000 -21.997031 -2.843281
1106250 -23.082579 -2.707349
1112500 -24.496446 -2.530192
1118750 -26.083558 -2.274848
1125000 -27.274422 -1.916261
1131250 -27.342942 -1.517203
1137500 -26.532196 -1.193107
1143750 -25.702429 -0.963743000000001
1150000 -25.328839 -0.779601
1156250 -25.489193 -0.580885000000002
1162500 -25.909973 -0.306726999999995
1168750 -25.764694 0.0685399999999987
1175000 -24.267548 0.445444000000002
1181250 -21.9709 0.699819000000005
1187500 -19.787788 0.832809999999995
1193750 -18.090295 0.892815000000006
1200000 -16.941976 0.918395000000004
1206250 -16.31059 0.936040000000006
1212500 -16.130507 0.965941000000001
1218750 -16.30428 1.025757
1225000 -16.673692 1.131029
1231250 -16.985383 1.288878
1237500 -16.9429 1.484198
1243750 -16.422304 1.677526
1250000 -15.600627 1.833817
1256250 -14.767423 1.946368
1262500 -14.117005 2.029144
1268750 -13.709606 2.101378
1275000 -13.505426 2.179107
1281250 -13.404489 2.271128
1287500 -13.291631 2.37688300000001
1293750 -13.090172 2.487345
1300000 -12.800424 2.590175
1306250 -12.494447 2.676309
1312500 -12.278791 2.743467
1318750 -12.261079 2.796136
1325000 -12.53357 2.844916
1331250 -13.158762 2.907389
1337500 -14.125749 3.010456
1343750 -15.229881 3.188452
1350000 -15.9194 3.455508
1356250 -15.620647 3.750883
1362500 -14.543012 3.981385
1368750 -13.336683 4.125399
1375000 -12.380543 4.21071300000001
1381250 -11.784062 4.267546
1387500 -11.543565 4.318489
1393750 -11.605722 4.380919
1400000 -11.871067 4.468594
1406250 -12.184114 4.588988
1412500 -12.363222 4.73693
1418750 -12.303677 4.892928
1425000 -12.064228 5.035393
1431250 -11.812801 5.15615
1437500 -11.703117 5.262938
1443750 -11.803013 5.372946
1450000 -12.066648 5.505965
1456250 -12.319139 5.675611
1462500 -12.311 5.875806
1468750 -11.913353 6.07711
1475000 -11.254012 6.250637
1481250 -10.571673 6.39112799999999
1487500 -10.02319 6.512233
1493750 -9.634109 6.632675
1500000 -9.318119 6.76723
1506250 -8.913134 6.91967
1512500 -8.265886 7.077189
1518750 -7.356925 7.215418
1525000 -6.334268 7.315545
1531250 -5.407241 7.375635
1537500 -4.735706 7.407622
1543750 -4.392134 7.429602
1550000 -4.364871 7.460388
1556250 -4.566045 7.51614799999999
1562500 -4.836809 7.606489
1568750 -4.977296 7.728295
1575000 -4.842196 7.862246
1581250 -4.449766 7.982276
1587500 -3.964037 8.072847
1593750 -3.570814 8.135203
1600000 -3.391634 8.181501
1606250 -3.467288 8.22779199999999
1612500 -3.7646 8.290002
1618750 -4.178122 8.380913
1625000 -4.535094 8.505077
1631250 -4.648297 8.651885
1637500 -4.438305 8.79596
1643750 -4.011424 8.912441
1650000 -3.581106 8.992671
1656250 -3.337192 9.044943
1662500 -3.381029 9.086933
1668750 -3.713173 9.138831
1675000 -4.236251 9.217821
1681250 -4.772018 9.33181200000001
1687500 -5.123508 9.473028
1693750 -5.19073 9.618968
1700000 -5.042115 9.746071
1706250 -4.852904 9.843736
1712500 -4.796603 9.91609
1718750 -4.986994 9.976936
1725000 -5.455447 10.045411
1731250 -6.124591 10.14161
1737500 -6.790011 10.277323
1743750 -7.194646 10.442346
1750000 -7.233675 10.604416
1756250 -7.057399 10.734632
1762500 -6.919711 10.827041
1768750 -7.017395 10.894228
1775000 -7.4453156 10.958259
1781250 -8.1703423 11.046112
1787500 -8.9709745 11.180188
1793750 -9.4777669 11.354074
1800000 -9.5136229 11.522482
1806250 -9.317006 11.645039
1812500 -9.2448368 11.71901
1818750 -9.5277617 11.763137
1825000 -10.2929367 11.801441
1831250 -11.6258547 11.864901
1837500 -13.5136623 12.0063
1843750 -15.39119614 12.307252
1850000 -15.58277084 12.737314
1856250 -13.92863347 13.037228
1862500 -12.2516663 13.143374
1868750 -11.3620833 13.143667
1875000 -11.4043415 13.104763
1881250 -12.438979 13.073376
1887500 -14.5917743 13.109322
1893750 -17.7641784 13.352425
1900000 -19.196708 13.971274
1906250 -16.4177915 14.436911
1912500 -13.66318549 14.5573
1918750 -12.09819154 14.544426
1925000 -11.58123232 14.494459
1931250 -11.9552561 14.451911
1937500 -13.12493 14.452348
1943750 -14.9453547 14.545465
1950000 -16.7895126 14.799305
1956250 -17.1426964 15.175261
1962500 -15.8635748 15.439065
1968750 -14.6266424 15.520401
1975000 -14.3715113 15.496174
1981250 -15.5048695 15.444763
1987500 -18.5211511 15.467488
1993750 -23.78224 15.901013
2000000 -22.414959 16.972946
2006250 -17.1418994 17.270345
2012500 -13.9738382 17.280647
2018750 -12.202795 17.220468
2025000 -11.4476665 17.139601
2031250 -11.624987 17.06594
2037500 -12.7752384 17.044513
2043750 -14.6802863 17.170919
2050000 -15.6806271 17.527572
2056250 -14.1233857 17.853931
2062500 -12.0051441 17.951284
2068750 -10.6046882 17.914287
2075000 -10.0534871 17.816646
2081250 -10.3672563 17.687839
2087500 -11.7305781 17.542307
2093750 -14.7257587 17.403222
2100000 -21.3483282 17.394901
2106250 -27.2326131 19.163706
2112500 -17.3982266 19.510205
2118750 -13.614056 19.397932
2125000 -12.0624915 19.250706
2131250 -11.8684668 19.10837
2137500 -12.9029078 18.985437
2143750 -15.610084 18.9213
2150000 -21.3358712 19.190157
2156250 -20.2466808 20.431179
2162500 -13.53334179 20.58145
2168750 -10.31633318 20.385519
2175000 -9.27679487 20.133297
2181250 -9.72114418 19.885607
2187500 -11.35390452 19.643332
2193750 -14.2923026 19.365202
2200000 -19.22764107 18.895136
2206250 -23.3237608 17.589814
2212500 -17.4304914 16.537019
2218750 -12.9370804 16.041731
2225000 -10.1044017 15.58195
2231250 -8.1766386 15.041657
2237500 -6.6442633 14.427726
2243750 -5.2186777 13.844327
2250000 -3.9818109 13.393195
2256250 -3.1245581 13.095269
2262500 -2.7854553 12.927095
2268750 -3.1685702 12.866092
2275000 -4.7955955 12.911727
2281250 -9.3922353 13.152804
2287500 -15.632276 15.046131
2293750 -3.66352 15.938538
2300000 1.841339 16.156995
2306250 4.592179 16.236549
2312500 5.2783623 16.212271
2318750 3.8148643 16.179743
2325000 0.7985884 16.328416
2331250 -1.333483 16.758314
2337500 -0.7632978 17.187112
2343750 0.7378308 17.421242
2350000 2.0481589 17.531622
2356250 3.04194824 17.576957
2362500 3.7544282 17.580091
2368750 4.1822365 17.548437
2375000 4.2458688 17.486439
2381250 3.8027074 17.406613
2387500 2.74691543 17.338094
2393750 1.16764858 17.319605
2400000 -0.6238147 17.375635
2406250 -2.272085142 17.500785
2412500 -3.5854704 17.668368
2418750 -4.58459634 17.853891
2425000 -5.3680617 18.050701
2431250 -5.941098 18.266032
2437500 -6.138858 18.501328
2443750 -5.7738843 18.729164
2450000 -4.9578896 18.90454
2456250 -4.0823031 19.009303
2462500 -3.4754539 19.060581
2468750 -3.2641183 19.086486
2475000 -3.4408373 19.110331
2481250 -3.9446205 19.148603
2487500 -4.690303 19.213947
2493750 -5.5519871 19.31668
2500000 -6.3340019 19.460102
2506250 -6.81614431 19.629189
2512500 -6.93833863 19.789429
2518750 -6.911135 19.912515
2525000 -7.0447699 19.998808
2531250 -7.54638184 20.071572
2537500 -8.46327624 20.163758
2543750 -9.65970002 20.311346
2550000 -10.7262292 20.540209
2556250 -11.0502011 20.824493
2562500 -10.47559102 21.075936
2568750 -9.55262905 21.238288
2575000 -8.8335383 21.323571
2581250 -8.5745937 21.367146
2587500 -8.8382798 21.404016
2593750 -9.5662593 21.466483
2600000 -10.5664799 21.583503
2606250 -11.46667445 21.76968
2612500 -11.82631272 22.000372
2618750 -11.54217383 22.214401
2625000 -10.96037028 22.370191
2631250 -10.4796366 22.470014
2637500 -10.3296074 22.537541
2643750 -10.5901035 22.601692
2650000 -11.20914502 22.692738
2656250 -11.96371793 22.836034
2662500 -12.470794792 23.032652
2668750 -12.45178785 23.243711
2675000 -12.02897444 23.421666
2681250 -11.5414695 23.55243
2687500 -11.2356488 23.64997
2693750 -11.2067267 23.736299
2700000 -11.4351755 23.832873
2706250 -11.7984937 23.956366
2712500 -12.0909196 24.110492
2718750 -12.1369365 24.278747
2725000 -11.9445903 24.434939
2731250 -11.6829029 24.565518
2737500 -11.5193597 24.675611
2743750 -11.5271834 24.779748
2750000 -11.6790811 24.892901
2756250 -11.8646949 25.024195
2762500 -11.9346801 25.170599
2768750 -11.7998062 25.31513
2775000 -11.5190839 25.437377
2781250 -11.2624207 25.528314
2787500 -11.1987406 25.593586
2793750 -11.433202 25.647531
2800000 -12.0023519 25.70797
2806250 -12.8754586 25.794584
2812500 -13.9256805 25.927506
2818750 -14.8812354 26.11848
2825000 -15.3910454 26.350386
2831250 -15.3379736 26.574124
2837500 -14.9930615 26.75133
2843750 -14.7141541 26.882108
2850000 -14.7038199 26.988761
2856250 -15.0016038 27.097479
2862500 -15.5216308 27.230985
2868750 -16.0686392 27.402649
2875000 -16.3934309 27.606881
2881250 -16.3539707 27.816633
2887500 -16.0405492 28.002715
2893750 -15.6741424 28.155349
2900000 -15.4332346 28.283598
2906250 -15.3891924 28.404147
2912500 -15.5139167 28.533025
2918750 -15.7039247 28.680137
2925000 -15.8255344 28.844733
2931250 -15.7911987 29.015174
2937500 -15.6174972 29.176688
2943750 -15.4018008 29.321346
2950000 -15.2492053 29.451051
2956250 -15.221442 29.574094
2962500 -15.3226233 29.700516
2968750 -15.5046621 29.838227
2975000 -15.6874969 29.989743
2981250 -15.7984981 30.150641
2987500 -15.8161437 30.312123
2993750 -15.7808891 30.466965
3000000 -15.7619228 30.613982
3006250 -15.8121511 30.758029
3012500 -15.9401693 30.907024
3018750 -16.1027171 31.068035
3025000 -16.2178862 31.243193
3031250 -16.2054552 31.427025
3037500 -16.0407606 31.608462
3043750 -15.7751375 31.777696
3050000 -15.5002283 31.93197
3056250 -15.2946787 32.075929
3062500 -15.1925179 32.21842
3068750 -15.1746715 32.368835
3075000 -15.1737371 32.533683
3081250 -15.0946736 32.713284
3087500 -14.8582305 32.900287
3093750 -14.4483173 33.082885
3100000 -13.9196832 33.251599
3106250 -13.3573403 33.403811
3112500 -12.829337 33.543115
3118750 -12.36437 33.675908
3125000 -11.952565 33.808174
3131250 -11.558776 33.943282
3137500 -11.142254 34.081084
3143750 -10.676829 34.218589
3150000 -10.162111 34.351913
3156250 -9.618791 34.478685
3162500 -9.071537 34.599057
3168750 -8.530618 34.715169
3175000 -7.982903 34.829059
3181250 -7.39897 34.940343
3187500 -6.755781 35.045142
3193750 -6.060473 35.137609
3200000 -5.355104 35.213046
3206250 -4.699926 35.270187
3212500 -4.152201 35.311305
3218750 -3.753794 35.341172
3225000 -3.526866 35.365945
3231250 -3.471732 35.392426
3237500 -3.563959 35.42719
3243750 -3.753049 35.475225
3250000 -3.969127 35.538069
3256250 -4.143128 35.61244
3262500 -4.235299 35.69089
3268750 -4.253172 35.764873
3275000 -4.244566 35.82837
3281250 -4.273631 35.879679
3287500 -4.398509 35.920929
3293750 -4.65921 35.956806
3300000 -5.073568 35.993209
3306250 -5.637516 36.036019
3312500 -6.328376 36.090212
3318750 -7.11136 36.159065
3325000 -7.94869 36.243882
3331250 -8.808658 36.344381
3337500 -9.6701998 36.459689
3343750 -10.5194057 36.589441
3350000 -11.3388565 36.734164
3356250 -12.0969968 36.894269
3362500 -12.749224 37.068028
3368750 -13.2580124 37.250086
3375000 -13.6202717 37.432894
3381250 -13.8738124 37.610526
3387500 -14.0726799 37.781634
3393750 -14.253284 37.949085
3400000 -14.4155152 38.116974
3406250 -14.5264656 38.28719
3412500 -14.5454704 38.456893
3418750 -14.4605293 38.619045
3425000 -14.3115212 38.766144
3431250 -14.1798986 38.894857
3437500 -14.1548932 39.008131
3443750 -14.3014443 39.114436
3450000 -14.6398013 39.225715
3456250 -15.1307331 39.354913
3462500 -15.6633848 39.512077
3468750 -16.0674297 39.697566
3475000 -16.1924568 39.89616
3481250 -16.0277615 40.082721
3487500 -15.7221048 40.239053
3493750 -15.4764008 40.363383
3500000 -15.4470784 40.467138
3506250 -15.714465 40.569002
3512500 -16.26824619 40.691775
3518750 -16.96884118 40.858379
3525000 -17.5124458 41.078859
3531250 -17.5608205 41.329496
3537500 -17.0736132 41.560447
3543750 -16.3507593 41.741089
3550000 -15.7112581 41.875851
3556250 -15.3239741 41.985548
3562500 -15.2220796 42.093581
3568750 -15.3261192 42.220674
3575000 -15.4482737 42.378275
3581250 -15.3610446 42.557871
3587500 -14.974627 42.731631
3593750 -14.424694 42.874999
3600000 -13.9338166 42.984096
3606250 -13.6644467 43.070952
3612500 -13.6878988 43.153978
3618750 -13.9883144 43.254299
3625000 -14.4289458 43.393031
3631250 -14.7049551 43.5782
3637500 -14.4886325 43.780544
3643750 -13.8213236 43.945106
3650000 -13.1107732 44.046765
3656250 -12.719927 44.101914
3662500 -12.8111001 44.1425
3668750 -13.3989443 44.203142
3675000 -14.3466111 44.322581
3681250 -15.1964819 44.53493
3687500 -15.1601018 44.809967
3693750 -14.0921983 45.028429
3700000 -12.8228073 45.128742
3706250 -12.0288648 45.143441
3712500 -11.9453901 45.12366
3718750 -12.5986852 45.112348
3725000 -13.9406123 45.149991
3731250 -15.7935908 45.290182
3737500 -17.4298347 45.594875
3743750 -17.4082432 46.001373
3750000 -15.8397979 46.293218
3756250 -14.2041656 46.42759
3762500 -13.1716905 46.47755
3768750 -12.8286822 46.506453
3775000 -13.0391474 46.560004
3781250 -13.5019486 46.667682
3787500 -13.796594 46.829823
3793750 -13.6309516 47.007291
3800000 -13.1084334 47.151004
3806250 -12.5801787 47.241999
3812500 -12.3634845 47.29091
3818750 -12.6731744 47.323373
3825000 -13.6331228 47.378176
3831250 -15.175731 47.515252
3837500 -16.6420818 47.802893
3843750 -16.6846984 48.193031
3850000 -15.2924203 48.494282
3856250 -13.7174502 48.659325
3862500 -12.5422369 48.745157
3868750 -11.8437024 48.797811
3875000 -11.5685506 48.845012
3881250 -11.6202248 48.905443
3887500 -11.852732 48.990565
3893750 -12.0923381 49.099061
3900000 -12.2444619 49.215312
3906250 -12.3798826 49.323122
3912500 -12.6666312 49.421713
3918750 -13.2462293 49.528227
3925000 -14.147836 49.675616
3931250 -15.1266141 49.909845
3937500 -15.3935185 50.247258
3943750 -14.2253036 50.581696
3950000 -12.2460356 50.789367
3956250 -10.3994297 50.87528
3962500 -9.0614341 50.891627
3968750 -8.2766003 50.880139
3975000 -7.973493 50.86829
3981250 -8.0395694 50.873598
3987500 -8.3412547 50.906412
3993750 -8.7289712 50.96974
4000000 -9.0618106 51.056858
4006250 -9.2741322 51.151543
4012500 -9.4344877 51.237103
4018750 -9.71132727 51.309224
4025000 -10.26790568 51.380957
4031250 -11.16693793 51.480149
4037500 -12.26879606 51.64397
4043750 -13.07826735 51.897269
4050000 -12.91212537 52.194724
4056250 -11.78588986 52.429523
4062500 -10.41180257 52.555009
4068750 -9.33656483 52.592019
4075000 -8.8075309 52.573787
4081250 -8.94135587 52.530091
4087500 -9.80758011 52.490434
4093750 -11.44360565 52.490968
4100000 -13.78661081 52.587631
4106250 -16.25538723 52.865533
4112500 -17.08961865 53.309811
4118750 -15.85354105 53.651569
4125000 -14.40088086 53.799996
4131250 -13.6553106 53.838166
4137500 -13.8505699 53.836038
4143750 -15.127275 53.85655
4150000 -17.5034916 54.005361
4156250 -19.6201064 54.457957
4162500 -18.1493657 55.005289
4168750 -15.2010279 55.243801
4175000 -12.9660951 55.297841
4181250 -11.5576301 55.281056
4187500 -10.837206 55.237925
4193750 -10.7319146 55.191546
4200000 -11.2151329 55.165887
4206250 -12.1793694 55.197033
4212500 -13.1782717 55.320832
4218750 -13.4599527 55.50667
4225000 -12.9389477 55.64907
4231250 -12.2899875 55.702019
4237500 -11.9862188 55.687442
4243750 -12.1944238 55.630996
4250000 -13.0131254 55.54575
4256250 -14.6258444 55.436461
4262500 -17.4715197 55.306388
4268750 -22.8478429 55.173531
4275000 -40.3833073 55.581568
4281250 -26.0668492 57.686482
4287500 -21.0165701 57.507366
4293750 -19.4685971 57.276552
4300000 -19.7290379 57.015214
4306250 -21.4002914 56.68956
4312500 -24.3219962 56.185579
4318750 -26.468915 55.276543
4325000 -23.8255025 54.343137
4331250 -20.3090908 53.773461
4337500 -17.8970122 53.340473
4343750 -16.5704993 52.92941
4350000 -16.2128575 52.505855
4356250 -16.6824078 52.063624
4362500 -17.7421408 51.602486
4368750 -19.0774833 51.12058
4375000 -20.393869 50.619254
4381250 -21.561927 50.105011
4387500 -22.7038345 49.572531
4393750 -24.083517 48.973696
4400000 -25.574856 48.181367
4406250 -25.0827 47.112568
4412500 -21.549664 46.141349
4418750 -18.039764 45.417378
4425000 -15.690637 44.835345
4431250 -14.338155 44.350302
4437500 -13.621213 43.941919
4443750 -13.292098 43.589883
4450000 -13.269451 43.272088
4456250 -13.616817 42.961794
4462500 -14.534015 42.61756
4468750 -16.346782 42.152554
4475000 -18.770046 41.345599
4481250 -17.479189 40.1691
4487500 -13.384779 39.35747
4493750 -10.69863 38.84619
4500000 -9.452722 38.4851
4506250 -9.142802 38.22156
4512500 -9.460172 38.02572
4518750 -10.309746 37.87955
4525000 -11.784077 37.78021
4531250 -14.195228 37.76095
4537500 -17.800644 37.99417
4543750 -18.18224 38.73602
4550000 -13.413271 39.03887
4556250 -10.173159 38.93786
4562500 -8.798187 38.74632
4568750 -8.691481 38.56609
4575000 -9.429079 38.42131
4581250 -10.874393 38.30928
4587500 -13.21956 38.22359
4593750 -17.335772 38.1728
4600000 -28.032854 38.41088
4606250 -21.450865 40.69427
4612500 -13.526052 40.64272
4618750 -9.943984 40.45983
4625000 -8.634513 40.28806
4631250 -8.698329 40.20751
4637500 -9.296855 40.24398
4643750 -9.787297 40.37687
4650000 -9.816688 40.55794
4656250 -9.382279 40.73434
4662500 -8.72691 40.87349
4668750 -8.156887 40.96701
4675000 -7.994616 41.02643
4681250 -8.531249 41.10028
4687500 -9.424984 41.28416
4693750 -9.338277 41.55677
4700000 -8.329687 41.75544
4706250 -7.371166 41.86489
4712500 -6.764503 41.93206
4718750 -6.5174868 41.98616
4725000 -6.6089693 42.04686
4731250 -6.992872 42.13826
4737500 -7.431967 42.29361
4743750 -7.264677 42.51478
4750000 -6.078383 42.70114
4756250 -4.6280681 42.77261
4762500 -3.6313639 42.76713
4768750 -3.1897632 42.73938
4775000 -3.1973146 42.7179
4781250 -3.5673568 42.71733
4787500 -4.2459943 42.75352
4793750 -5.1090606 42.85288
4800000 -5.721352 43.04195
4806250 -5.3430329 43.28051
4812500 -3.9876348 43.44915
4818750 -2.5293068 43.50681
4825000 -1.4927839 43.49806
4831250 -0.933766100000001 43.46741
4837500 -0.7563099 43.43849
4843750 -0.8625267 43.42164
4850000 -1.1804896 43.42208
4856250 -1.6479067 43.44409
4862500 -2.1831797 43.49111
4868750 -2.672555 43.5613
4875000 -3.0219906 43.64214
4881250 -3.2540392 43.71537
4887500 -3.5040307 43.7717
4893750 -3.9062315 43.81591
4900000 -4.5267754 43.85988
4906250 -5.3685253 43.91699
4912500 -6.3763453 44.00082
4918750 -7.4102708 44.12278
4925000 -8.2316604 44.28152
4931250 -8.6377128 44.44926
4937500 -8.7081614 44.58512
4943750 -8.77039 44.67171
4950000 -9.1213901 44.72277
4956250 -9.905677 44.76572
4962500 -11.142259 44.83141
4968750 -12.7229949 44.95464
4975000 -14.2808783 45.16918
4981250 -15.1108612 45.46331
4987500 -14.8711608 45.73844
4993750 -14.1798771 45.91696
5000000 -13.74161217 46.01344
5006250 -13.86052102 46.0761
5012500 -14.57091003 46.1536
5018750 -15.69842362 46.29294
5025000 -16.74963651 46.52866
5031250 -16.9832485 46.83227
5037500 -16.23259474 47.10166
5043750 -15.13089928 47.27959
5050000 -14.23422319 47.38418
5056250 -13.76349783 47.45247
5062500 -13.74967552 47.51879
5068750 -14.09073434 47.61384
5075000 -14.52258241 47.75893
5081250 -14.6687697 47.94677
5087500 -14.3325605 48.13439
5093750 -13.6998899 48.28037
5100000 -13.0978759 48.37671
5106250 -12.7502666 48.43755
5112500 -12.761724 48.48279
5118750 -13.1596599 48.53336
5125000 -13.8938598 48.61176
5131250 -14.7898104 48.7386
5137500 -15.5309662 48.91783
5143750 -15.8407588 49.11999
5150000 -15.7688105 49.30109
5156250 -15.6132724 49.44283
5162500 -15.6281479 49.55642
5168750 -15.9192951 49.66504
5175000 -16.4529732 49.79392
5181250 -17.0398899 49.96319
5187500 -17.3524182 50.17066
5193750 -17.1734559 50.37731
5200000 -16.6838555 50.53789
5206250 -16.277299 50.64315
5212500 -16.2435259 50.71449
5218750 -16.7140082 50.78404
5225000 -17.6972847 50.89064
5231250 -18.9887438 51.0846
5237500 -19.8510336 51.40312
5243750 -19.2841037 51.76405
5250000 -17.643539 52.01213
5256250 -16.031332 52.12687
5262500 -14.9764923 52.16254
5268750 -14.6027367 52.16907
5275000 -14.8826399 52.18611
5281250 -15.6844705 52.24955
5287500 -16.7036131 52.39105
5293750 -17.3919264 52.61506
5300000 -17.2817924 52.8631
5306250 -16.5698877 53.05581
5312500 -15.8265635 53.17208
5318750 -15.4404631 53.23564
5325000 -15.5741897 53.27978
5331250 -16.2549904 53.33849
5337500 -17.3800602 53.44744
5343750 -18.6287983 53.63834
5350000 -19.4327858 53.90852
5356250 -19.4190577 54.19196
5362500 -18.8882802 54.42062
5368750 -18.3580754 54.58811
5375000 -18.1071491 54.7228
5381250 -18.1866176 54.85727
5387500 -18.4813063 55.01947
5393750 -18.7171972 55.22321
5400000 -18.5800102 55.45076
5406250 -18.0175223 55.65856
5412500 -17.3026394 55.81876
5418750 -16.7426026 55.93683
5425000 -16.5057617 56.03527
5431250 -16.630099 56.14072
5437500 -17.0335833 56.28087
5443750 -17.4585713 56.47876
5450000 -17.466705 56.72886
5456250 -16.7888524 56.97661
5462500 -15.696576 57.16556
5468750 -14.6650298 57.29022
5475000 -13.9738492 57.37826
5481250 -13.6851189 57.46283
5487500 -13.7061271 57.57288
5493750 -13.8040121 57.72743
5500000 -13.6488747 57.92233
5506250 -13.0268141 58.12177
5512500 -12.0583284 58.28367
5518750 -11.0651342 58.39347
5525000 -10.3157298 58.4634
5531250 -9.9490933 58.51709
5537500 -9.989202 58.582
5543750 -10.3341925 58.6872
5550000 -10.6959516 58.85595
5556250 -10.6073429 59.08149
5562500 -9.7681898 59.30801
5568750 -8.3991805 59.47531
5575000 -6.9394701 59.56842
5581250 -5.6839698 59.60253
5587500 -4.76934209 59.5982
5593750 -4.24870332 59.57438
5600000 -4.12679619 59.54858
5606250 -4.36441882 59.53731
5612500 -4.87275245 59.55538
5618750 -5.5063626 59.61355
5625000 -6.067088188 59.71391
5631250 -6.35445911 59.84384
5637500 -6.27734965 59.97682
5643750 -5.92509433 60.08656
5650000 -5.4972412 60.16188
5656250 -5.17909 60.20819
5662500 -5.071519 60.24029
5668750 -5.1771083 60.27448
5675000 -5.4220341 60.32204
5681250 -5.7030904 60.38573
5687500 -5.9401288 60.46046
5693750 -6.1088422 60.53729
5700000 -6.2421471 60.60834
5706250 -6.4097391 60.67005
5712500 -6.6919908 60.7246
5718750 -7.1517623 60.78028
5725000 -7.7968782 60.85047
5731250 -8.5412223 60.94836
5737500 -9.2160108 61.07664
5743750 -9.67999 61.22126
5750000 -9.9367797 61.3612
5756250 -10.1091293 61.48466
5762500 -10.3282502 61.59324
5768750 -10.6684875 61.69667
5775000 -11.1284401 61.80747
5781250 -11.6199481 61.93566
5787500 -11.9880529 62.07975
5793750 -12.1288551 62.22062
5800000 -12.1286621 62.33396
5806250 -12.2151377 62.41155
5812500 -12.5985853 62.46435
5818750 -13.4127177 62.51345
5825000 -14.7333341 62.58807
5831250 -16.5343677 62.73507
5837500 -18.3419063 63.02396
5843750 -18.7509568 63.44321
5850000 -17.3281377 63.77706
5856250 -15.6014188 63.93411
5862500 -14.4570171 63.98618
5868750 -14.0459677 64.00245
5875000 -14.3009187 64.03093
5881250 -15.0419244 64.11275
5887500 -15.8544203 64.28324
5893750 -15.9990307 64.53073
5900000 -15.0982566 64.75308
5906250 -13.7832837 64.86419
5912500 -12.8407687 64.87218
5918750 -12.6941154 64.82345
5925000 -13.5456468 64.7677
5931250 -15.5532859 64.76116
5937500 -18.889453 64.91065
5943750 -22.2615703 65.48594
5950000 -20.1519326 66.22229
5956250 -16.3554166 66.48192
5962500 -13.7622805 66.51887
5968750 -12.323252 66.46886
5975000 -11.988532 66.38039
5981250 -12.886864 66.29529
5987500 -15.219307 66.28781
5993750 -18.79233 66.52757
6000000 -20.288827 67.17734
6006250 -17.585785 67.63885
6012500 -15.009472 67.7761
6018750 -13.433849 67.78505
6025000 -12.72532 67.73309
6031250 -12.896585 67.63602
6037500 -14.293888 67.49715
6043750 -18.021928 67.33931
6050000 -29.197753 67.46644
6056250 -23.485714 69.64477
6062500 -17.114168 69.60566
6068750 -14.663013 69.53491
6075000 -13.618431 69.51505
6081250 -13.173486 69.55807
6087500 -12.818546 69.66559
6093750 -12.075015 69.81613
6100000 -10.689147 69.94885
6106250 -8.947265 69.99869
6112500 -7.461559 69.95153
6118750 -6.700347 69.84581
6125000 -6.770868 69.73697
6131250 -7.530447 69.6651
6137500 -8.813874 69.65305
6143750 -10.500887 69.72697
6150000 -12.288398 69.93805
6156250 -13.024754 70.32047
6162500 -11.429839 70.69563
6168750 -8.725258 70.85303
6175000 -6.480232 70.81557
6181250 -5.354722 70.66806
6187500 -5.489435 70.49324
6193750 -6.653938 70.34778
6200000 -8.547709 70.24784
6206250 -11.025094 70.18547
6212500 -14.12668 70.1439
6218750 -18.10705 70.09328
6225000 -23.675104 69.93179
6231250 -30.616198 69.04352
6237500 -25.266483 67.90228
6243750 -20.094632 67.59319
6250000 -17.152827 67.40131
6256250 -15.508033 67.22003
6262500 -14.639908 67.02147
6268750 -14.191467 66.78003
6275000 -13.81241 66.46885
6281250 -13.057863 66.07512
6287500 -11.550191 65.62412
6293750 -9.393499 65.16304
6300000 -7.172542 64.71223
6306250 -5.551751 64.27478
6312500 -4.938777 63.87557
6318750 -5.306938 63.55043
6325000 -6.411541 63.31316
6331250 -8.12272 63.16096
6337500 -10.553715 63.10491
6343750 -14.010049 63.23276
6350000 -16.902396 63.8506
6356250 -13.112275 64.51367
6362500 -8.311761 64.60886
6368750 -5.138738 64.45993
6375000 -3.68192 64.22194
6381250 -3.78704 63.99576
6387500 -5.030527 63.84238
6393750 -7.048197 63.78288
6400000 -9.653532 63.83836
6406250 -12.466181 64.06545
6412500 -13.980563 64.48424
6418750 -13.072258 64.83416
6425000 -11.632493 64.92283
6431250 -11.140716 64.80379
6437500 -12.150687 64.53204
6443750 -14.915931 64.10252
6450000 -18.779952 63.36299
6456250 -19.089886 62.30719
6462500 -16.044258 61.62053
6468750 -13.524612 61.20975
6475000 -11.700962 60.88144
6481250 -10.255573 60.56233
6487500 -8.975031 60.21917
6493750 -7.784728 59.83408
6500000 -6.785093 59.40102
6506250 -6.244622 58.93283
6512500 -6.422483 58.46659
6518750 -7.343077 58.04288
6525000 -8.863488 57.67447
6531250 -10.907768 57.34143
6537500 -13.57345 56.99403
6543750 -17.01958 56.51819
6550000 -19.85959 55.66762
6556250 -17.655433 54.70956
6562500 -13.98721 54.14159
6568750 -11.692479 53.74249
6575000 -11.226635 53.41362
6581250 -12.748557 53.20059
6587500 -15.953833 53.2298
6593750 -18.875877 53.68198
6600000 -17.708225 54.2578
6606250 -15.182449 54.52466
6612500 -13.458 54.63058
6618750 -12.633073 54.68509
6625000 -12.640607 54.74148
6631250 -13.383867 54.86119
6637500 -14.124195 55.13076
6643750 -13.092334 55.47531
6650000 -10.7814 55.63777
6656250 -8.929641 55.62937
6662500 -7.895695 55.54818
6668750 -7.533232 55.4394
6675000 -7.719081 55.31423
6681250 -8.456339 55.17003
6687500 -9.920746 54.99915
6693750 -12.601025 54.79415
6700000 -17.91466 54.55428
6706250 -38.577675 54.30721
6712500 -21.064478 57.16641
6718750 -16.164229 56.93159
6725000 -14.647474 56.73305
6731250 -14.787228 56.57359
6737500 -16.297881 56.46159
6743750 -19.624078 56.45741
6750000 -25.191174 56.97517
6756250 -21.385066 57.99125
6762500 -15.866233 58.05293
6768750 -13.118835 57.85579
6775000 -12.321335 57.58827
6781250 -13.022699 57.29362
6787500 -14.955797 56.94841
6793750 -17.713489 56.44338
6800000 -19.071685 55.65434
6806250 -16.847866 54.94509
6812500 -14.073557 54.53449
6818750 -12.23178 54.26857
6825000 -11.529616 54.06293
6831250 -12.164164 53.90715
6837500 -14.445197 53.86639
6843750 -17.969434 54.16815
6850000 -17.660244 54.86158
6856250 -14.063658 55.16562
6862500 -11.452612 55.2037
6868750 -9.911285 55.15711
6875000 -9.179966 55.07654
6881250 -9.176752 54.9789
6887500 -9.986083 54.8789
6893750 -11.849413 54.81049
6900000 -15.078083 54.87417
6906250 -18.550385 55.33884
6912500 -16.937398 55.98623
6918750 -13.566867 56.19241
6925000 -11.272181 56.19801
6931250 -9.867662 56.13973
6937500 -9.088631 56.0551
6943750 -8.820309 55.95447
6950000 -9.069047 55.84256
6956250 -9.929366 55.72979
6962500 -11.507967 55.6421
6968750 -13.758462 55.62267
6975000 -16.305033 55.70939
6981250 -18.584186 55.88747
6987500 -20.52705 56.08757
6993750 -22.879951 56.28061
7000000 -26.94744 56.58689
7006250 -30.87846 57.6937
7012500 -23.699572 58.53162
7018750 -18.187434 58.624
7025000 -14.783102 58.52703
7031250 -12.951582 58.3449
7037500 -12.554405 58.12824
7043750 -13.475417 57.91525
7050000 -15.637136 57.71928
7056250 -19.295626 57.51766
7062500 -25.822308 57.1771
7068750 -32.407658 55.46479
7075000 -23.55297 54.60531
7081250 -19.331829 54.38565
7087500 -17.260622 54.25451
7093750 -16.519187 54.17984
7100000 -16.621533 54.19854
7106250 -16.67445 54.3348
7112500 -15.873904 54.50291
7118750 -14.56771 54.59985
7125000 -13.395224 54.62023
7131250 -12.62425 54.59232
7137500 -12.357707 54.53716
7143750 -12.722499 54.47217
7150000 -13.941102 54.4288
7156250 -16.237434 54.49212
7162500 -18.694315 54.85229
7168750 -17.652007 55.38335
7175000 -14.745273 55.60799
7181250 -12.591168 55.64477
7187500 -11.295946 55.62618
7193750 -10.652474 55.6016
7200000 -10.525782 55.59589
7206250 -10.801712 55.63437
7212500 -11.206169 55.74821
7218750 -11.118406 55.93922
7225000 -10.103869 56.12448
7231250 -8.664412 56.22424
7237500 -7.441036 56.24961
7243750 -6.641057 56.2402
7250000 -6.245126 56.22228
7256250 -6.196639 56.20935
7262500 -6.45758 56.21006
7268750 -6.999788 56.23459
7275000 -7.748823 56.29802
7281250 -8.484804 56.41365
7287500 -8.865388 56.56692
7293750 -8.804135 56.70826
7300000 -8.624256 56.80711
7306250 -8.639583 56.87538
7312500 -8.954082 56.93866
7318750 -9.5385421 57.01987
7325000 -10.2744705 57.13921
7331250 -10.9088575 57.31081
7337500 -11.053023 57.52229
7343750 -10.500864 57.71733
7350000 -9.5739 57.8397
7356250 -8.809171 57.88599
7362500 -8.532416 57.8909
7368750 -8.804582 57.89499
7375000 -9.5235204 57.93092
7381250 -10.4880379 58.02283
7387500 -11.3772573 58.18405
7393750 -11.7666122 58.3994
7400000 -11.4265001 58.61175
7406250 -10.622043 58.76242
7412500 -9.854994 58.83697
7418750 -9.522229 58.85678
7425000 -9.851936 58.85924
7431250 -10.916378 58.89136
7437500 -12.581969 59.01109
7443750 -14.251995 59.27966
7450000 -14.673588 59.67203
7456250 -13.480507 60.00891
7462500 -11.820571 60.20086
7468750 -10.495238 60.28542
7475000 -9.794643 60.30825
7481250 -9.899033 60.3084
7487500 -10.94962 60.34249
7493750 -12.716227 60.50649
7500000 -13.804009 60.86466
7506250 -12.89034 61.23079
7512500 -11.226791 61.43718
7518750 -9.896149 61.53309
7525000 -9.09245 61.57959
7531250 -8.806874 61.61067
7537500 -9.025493 61.65453
7543750 -9.63403 61.75154
7550000 -10.076195 61.93788
7556250 -9.56478 62.15123
7562500 -8.443788 62.27761
7568750 -7.52358 62.31898
7575000 -7.052181 62.32281
7581250 -7.000614 62.31842
7587500 -7.318929 62.32165
7593750 -7.972489 62.34747
7600000 -8.867042 62.41663
7606250 -9.711052 62.54482
7612500 -10.117646 62.70613
7618750 -10.139806 62.84258
7625000 -10.221063 62.9378
7631250 -10.661795 63.01849
7637500 -11.546959 63.12128
7643750 -12.810327 63.29031
7650000 -14.023006 63.58116
7656250 -14.037412 63.98769
7662500 -12.291688 64.33446
7668750 -9.985536 64.50597
7675000 -8.121669 64.54198
7681250 -7.037376 64.50377
7687500 -6.796202 64.43833
7693750 -7.35166 64.37994
7700000 -8.633023 64.35321
7706250 -10.608486 64.38252
7712500 -13.2526 64.51319
7718750 -16.083552 64.83934
7725000 -17.021385 65.36695
7731250 -15.464592 65.75142
7737500 -13.956634 65.89472
7743750 -13.622215 65.93186
7750000 -14.601774 65.98713
7756250 -16.464421 66.18828
7762500 -17.507192 66.61385
7768750 -16.08802 67.04108
7775000 -13.717742 67.26852
7781250 -11.623241 67.35537
7787500 -9.985525 67.36326
7793750 -8.80134 67.31475
7800000 -8.167207 67.21559
7806250 -8.361195 67.07956
7812500 -9.706187 66.96083
7818750 -12.081585 66.95745
7825000 -14.546958 67.14201
7831250 -15.86896 67.45561
7837500 -16.020603 67.75287
7843750 -15.844689 67.99755
7850000 -15.706037 68.24309
7856250 -15.246903 68.54282
7862500 -13.655322 68.85968
7868750 -11.017903 69.05722
7875000 -8.472467 69.09379
7881250 -6.730007 69.03831
7887500 -5.824591 68.96401
7893750 -5.520014 68.90841
7900000 -5.601327 68.88183
7906250 -5.94552 68.88467
7912500 -6.49115 68.91757
7918750 -7.180325 68.98569
7925000 -7.866347 69.09675
7931250 -8.245366 69.23972
7937500 -8.202976 69.35628
7943750 -8.281426 69.40498
7950000 -8.999067 69.42526
7956250 -10.406528 69.47197
7962500 -12.424164 69.59023
7968750 -14.836088 69.85497
7975000 -16.258258 70.36381
7981250 -14.377758 70.90189
7987500 -10.839163 71.15502
7993750 -7.487825 71.17316
8000000 -4.826035 71.0139
8006250 -3.492933 70.70309
8012500 -4.253087 70.34205
8018750 -6.960952 70.07296
8025000 -11.245647 69.96215
8031250 -17.793332 70.18626
8037500 -19.942363 71.43771
8043750 -13.286764 71.88017
8050000 -8.997883 71.85426
8056250 -6.186328 71.68654
8062500 -4.604553 71.41962
8068750 -4.550277 71.09011
8075000 -6.268819 70.77081
8081250 -9.808322 70.51948
8087500 -16.209395 70.35614
8093750 -39.758265 72.08523
8100000 -16.373977 73.09716
8106250 -10.66011 73.00777
8112500 -7.322653 72.88515
8118750 -5.047024 72.72168
8125000 -3.635839 72.49424
8131250 -3.419926 72.18982
8137500 -5.002752 71.84466
8143750 -8.763957 71.5353
8150000 -15.392999 71.2966
8156250 -34.60098 71.03515
8162500 -21.268108 74.15039
8168750 -16.476804 73.98958
8175000 -15.089698 73.7864
8181250 -15.592478 73.44565
8187500 -17.344368 72.70003
8193750 -14.793281 71.42911
8200000 -9.398486 70.54336
8206250 -6.626627 69.94888
8212500 -5.971063 69.54076
8218750 -6.392763 69.26538
8225000 -7.46505 69.06687
8231250 -9.24641 68.90747
8237500 -12.33948 68.77167
8243750 -19.376915 68.74673
8250000 -21.625723 70.86542
8256250 -11.179052 70.82781
8262500 -7.406139 70.49546
8268750 -6.525375 70.1722
8275000 -7.315003 69.91784
8281250 -9.332655 69.7181
8287500 -13.069344 69.52349
8293750 -22.09579 69.067
8300000 -17.897598 66.64759
8306250 -8.706594 66.30658
8312500 -3.383933 66.06719
8318750 0.204488999999999 65.76746
8325000 1.933521 65.39977
8331250 1.605451 65.06073
8337500 -0.152964999999998 64.82947
8343750 -2.742721 64.68947
8350000 -6.08693 64.58345
8356250 -10.502367 64.41644
8362500 -15.898629 63.91479
8368750 -15.960359 62.96712
8375000 -11.937719 62.58433
8381250 -8.942309 62.51485
8387500 -6.575112 62.54398
8393750 -4.076359 62.57914
8400000 -1.408753 62.45441
8406250 -0.994256 62.18161
8412500 -2.069361 62.08356
8418750 -2.854487 62.08893
8425000 -3.341841 62.11145
8431250 -3.713365 62.12627
8437500 -4.092027 62.1242
8443750 -4.59914 62.09581
8450000 -5.475529 62.02382
8456250 -7.49753 61.87974
8462500 -14.255 61.76366
8468750 -14.761695 63.48884
8475000 -8.4788 63.39341
8481250 -7.05235 63.26992
8487500 -6.876799 63.22973
8493750 -7.233452 63.25264
8500000 -7.984913 63.33922
8506250 -9.144421 63.52967
8512500 -10.197197 63.96633
8518750 -6.692027 64.67223
8525000 1.870898 64.48184
8531250 -0.0276250000000005 63.78369
8537500 -3.867037 63.79824
8543750 -6.977774 64.02214
8550000 -9.834236 64.37798
8556250 -12.032143 64.86792
8562500 -12.648792 65.39655
8568750 -11.95501 65.78883
8575000 -11.018613 65.99768
8581250 -10.374865 66.04859
8587500 -10.228027 65.9473
8593750 -10.819109 65.66085
8600000 -12.464666 65.11332
8606250 -14.435683 64.23216
8612500 -14.227022 63.28229
8618750 -12.832181 62.64182
8625000 -11.78591 62.22975
8631250 -11.155343 61.91796
8637500 -10.780204 61.63551
8643750 -10.555833 61.33831
8650000 -10.470734 60.99346
8656250 -10.671654 60.58202
8662500 -11.498491 60.12572
8668750 -13.202979 59.71561
8675000 -15.492544 59.47785
8681250 -17.335241 59.50453
8687500 -17.071754 59.7249
8693750 -14.713232 59.89178
8700000 -11.745243 59.92961
8706250 -8.840407 59.87567
8712500 -6.164168 59.74262
8718750 -3.961602 59.50812
8725000 -2.992552 59.15166
8731250 -4.321343 58.75377
8737500 -8.038546 58.45512
8743750 -14.24649 58.27316
8750000 -29.400116 58.03342
8756250 -21.043406 61.40176
8762500 -15.02792 61.34432
8768750 -12.522918 61.31103
8775000 -11.445585 61.26206
8781250 -11.392685 61.17045
8787500 -12.597053 60.99067
8793750 -16.536633 60.57844
8800000 -22.51185 58.63153
8806250 -12.343385 57.32422
8812500 -8.803845 56.80394
8818750 -7.894252 56.48866
8825000 -7.960257 56.28351
8831250 -8.504069 56.13325
8837500 -9.435418 56.00765
8843750 -10.866262 55.89206
8850000 -13.13891 55.79054
8856250 -17.019839 55.7733
8862500 -22.524943 56.26148
8868750 -19.831706 57.05668
8875000 -16.324255 57.08972
8881250 -15.223683 56.9484
8887500 -15.631639 56.7857
8893750 -17.209505 56.61813
8900000 -20.183437 56.42319
8906250 -25.88759 56.10408
8912500 -35.387316 54.41325
8918750 -24.741045 53.15602
8925000 -20.01075 52.73107
8931250 -17.819107 52.313
8937500 -16.769089 51.84841
8943750 -15.933185 51.37121
8950000 -14.847297 50.95901
8956250 -13.656555 50.66035
8962500 -12.631431 50.46922
8968750 -11.887888 50.36105
8975000 -11.419473 50.31744
8981250 -11.128772 50.33144
8987500 -10.757188 50.4002
8993750 -9.860081 50.48604
9000000 -8.558881 50.48494
9006250 -7.970744 50.38533
9012500 -8.382758 50.29423
9018750 -9.370724 50.25435
9025000 -10.755419 50.26438
9031250 -12.623927 50.33503
9037500 -15.18036 50.52944
9043750 -17.726093 51.05133
9050000 -15.488426 51.8179
9056250 -10.101731 52.1216
9062500 -5.415969 52.07154
9068750 -2.29757 51.7992
9075000 -1.564747 51.44803
9081250 -2.759532 51.20337
9087500 -4.795232 51.10848
9093750 -7.245147 51.14536
9100000 -10.025553 51.33672
9106250 -12.479385 51.77041
9112500 -12.311077 52.38555
9118750 -9.682822 52.80417
9125000 -7.095279 52.96217
9131250 -5.584506 52.90884
9137500 -6.194854 52.58234
9143750 -10.433334 51.69538
9150000 -9.424424 50.20739
9156250 -5.408878 49.64846
9162500 -3.491608 49.45825
9168750 -2.661342 49.37828
9175000 -2.450392 49.33299
9181250 -2.732033 49.28468
9187500 -3.640827 49.19154
9193750 -5.858044 48.92585
9200000 -8.207009 47.59932
9206250 6.07596700000001 45.77459
9212500 7.329669 44.3293
9218750 5.140075 43.98054
9225000 4.14829 43.88363
9231250 3.772995 43.8667
9237500 3.876498 43.89606
9243750 4.673332 43.96994
9250000 7.341078 44.09266
9256250 19.347036 43.2303
9262500 3.200081 42.48035
9268750 0.0220500000000001 42.98795
9275000 -0.220382000000001 43.27501
9281250 0.133874000000002 43.4655
9287500 0.875066999999998 43.64003
9293750 2.365415 43.85617
9300000 6.064773 44.21826
9306250 17.194287 46.00367
9312500 3.496079 47.7748
9318750 -0.975161 48.28683
9325000 -2.497949 48.56922
9331250 -3.171477 48.71198
9337500 -3.651095 48.76247
9343750 -4.244447 48.73223
9350000 -5.379483 48.59737
9356250 -8.50781 48.27406
9362500 -23.700894 47.11646
9368750 -10.673162 44.36493
9375000 -6.898729 43.96811
9381250 -5.962811 43.76702
9387500 -5.896934 43.64926
9393750 -6.30598 43.56875
9400000 -7.201969 43.50288
9406250 -8.915441 43.43942
9412500 -12.660509 43.39002
9418750 -25.493077 44.14904
9425000 -10.839572 45.63054
9431250 -4.838465 45.31962
9437500 -3.376237 45.02443
9443750 -3.878822 44.86757
9450000 -5.366148 44.82176
9456250 -7.815658 44.8595
9462500 -11.986096 45.01159
9468750 -19.935555 45.77339
9475000 -13.714257 47.33888
9481250 -6.250012 47.55091
9487500 -1.078127 47.46391
9493750 2.430898 47.10023
9500000 2.224647 46.57992
9506250 -0.854112000000001 46.29867
9512500 -4.31327 46.27162
9518750 -7.377884 46.42504
9525000 -9.413567 46.72741
9531250 -9.688759 47.08058
9537500 -8.490099 47.34098
9543750 -6.718812 47.4626
9550000 -4.946123 47.45452
9556250 -3.684582 47.31795
9562500 -3.866992 47.09342
9568750 -6.030093 46.96649
9575000 -8.646056 47.12992
9581250 -9.202018 47.49022
9587500 -7.760395 47.76144
9593750 -5.855144 47.89154
9600000 -4.047838 47.93243
9606250 -2.437635 47.91026
9612500 -1.125008 47.82589
9618750 -0.432359999999999 47.67356
9625000 -0.990209999999998 47.48555
9631250 -3.198976 47.3857
9637500 -6.256359 47.53899
9643750 -7.828812 47.96715
9650000 -6.828351 48.36993
9656250 -5.071819 48.6006
9662500 -3.518558 48.72425
9668750 -2.294029 48.78828
9675000 -1.395536 48.80795
9681250 -0.890341000000003 48.78456
9687500 -0.990327000000001 48.72317
9693750 -1.977053 48.66047
9700000 -3.767209 48.67293
9706250 -5.59537 48.80583
9712500 -6.699932 49.00318
9718750 -7.121654 49.17676
9725000 -7.313062 49.29346
9731250 -7.608262 49.35772
9737500 -8.224825 49.37867
9743750 -9.430324 49.36285
9750000 -11.785781 49.32633
9756250 -16.765631 49.37945
9762500 -23.237584 50.50908
9768750 -15.661088 51.20761
9775000 -12.05925 51.19677
9781250 -10.688207 51.14861
9787500 -10.355359 51.13309
9793750 -10.589381 51.16008
9800000 -11.17295 51.23385
9806250 -11.951245 51.36246
9812500 -12.704507 51.55456
9818750 -13.098928 51.79999
9825000 -12.956364 52.04803
9831250 -12.679248 52.2487
9837500 -12.9236 52.4319
9843750 -13.685197 52.70017
9850000 -13.813397 53.09933
9856250 -12.463622 53.48594
9862500 -10.491658 53.73935
9868750 -8.715865 53.87622
9875000 -7.391056 53.92896
9881250 -6.626917 53.90873
9887500 -6.621152 53.81342
9893750 -7.777786 53.64027
9900000 -10.791525 53.39038
9906250 -17.080499 52.98158
9912500 -23.961485 51.33444
9918750 -15.986544 50.43085
9925000 -11.978205 50.24047
9931250 -9.691505 50.16995
9937500 -8.121168 50.14581
9943750 -6.846905 50.14192
9950000 -5.643325 50.13685
9956250 -4.433579 50.10075
9962500 -3.444059 49.99819
9968750 -3.289392 49.83707
9975000 -4.238016 49.70521
9981250 -5.786009 49.6621500000001
9987500 -7.542001 49.69851
9993750 -9.540386 49.80721
10000000 -12.001537 50.04178
10006250 -14.118436 50.60016
10012500 -11.130907 51.33278
10018750 -5.464315 51.52626
10025000 -1.673198 51.32721
10031250 -0.918652000000002 51.06306
10037500 -1.91614 50.9638
10043750 -3.350346 51.03919
10050000 -4.690771 51.26858
10056250 -5.408644 51.64548
10062500 -4.817023 52.10844
10068750 -2.924953 52.53134
10075000 -0.460536999999999 52.84626
10081250 2.101593 53.04807
10087500 4.705647 53.12163
10093750 7.356282 52.99104
10100000 8.738208 52.50531
10106250 5.693723 51.88691
10112500 0.303950999999998 51.52384
10118750 -5.456124 51.27169
10125000 -11.832937 50.92869
10131250 -18.095582 50.12785
10137500 -17.399514 49.08109
10143750 -14.550674 48.58396
10150000 -12.938624 48.27321
10156250 -12.382787 47.99008
10162500 -12.788382 47.69674
10168750 -14.147801 47.40103
10175000 -16.29877 47.13739
10181250 -18.702525 46.95313
10187500 -20.196422 46.8818900000001
10193750 -19.39848 46.85255
10200000 -16.471953 46.71952
10206250 -12.718892 46.43781
10212500 -9.337106 46.01103
10218750 -7.545842 45.49209
10225000 -7.721421 45.02628
10231250 -9.1082 44.6831
10237500 -11.317054 44.41235
10243750 -14.893294 44.07174
10250000 -18.489334 42.98252
10256250 -8.604062 42.07566
10262500 1.945655 42.4378
10268750 2.72467200000001 43.57595
10275000 -1.087022 43.94175
10281250 -3.66025 44.08414
10287500 -5.686251 44.21395
10293750 -7.489047 44.41547
10300000 -8.652396 44.78759
10306250 -7.143989 45.32858
10312500 -1.978143 45.70359
10318750 5.495301 45.67693
10325000 12.037958 44.75619
10331250 8.197782 43.97409
10337500 4.942431 43.81614
10343750 2.959371 43.80828
10350000 1.604143 43.89546
10356250 0.932160000000003 44.19714
10362500 8.708869 45.21664
10368750 7.803219 42.75019
10375000 4.164881 42.98102
10381250 3.401663 43.02943
10387500 3.54606 42.99246
10393750 4.437579 42.85799
10400000 6.137327 42.49329
10406250 5.409764 41.55913
10412500 -3.663943 40.75222
10418750 -19.54245 40.12849
10425000 -16.227614 37.47563
10431250 -10.766352 37.24012
10437500 -8.307245 37.10072
10443750 -6.593793 36.96453
10450000 -4.969154 36.79756
10456250 -3.043056 36.55273
10462500 -0.667645999999998 36.11803
10468750 0.320312999999999 35.31573
10475000 -3.181132 34.53141
10481250 -7.575318 34.12036
10487500 -10.963145 33.93872
10493750 -13.09544 33.93403
10500000 -13.496734 34.08171
10506250 -11.726062 34.2733
10512500 -8.215177 34.3767
10518750 -3.585365 34.31806
10525000 1.434245 33.95684
10531250 2.866233 33.26583
10537500 0.464105999999994 32.94402
10543750 -1.096086 33.03608
10550000 0.244880000000002 33.39998
10556250 8.17792499999999 33.95674
10562500 11.059838 36.84191
10568750 2.09098599999999 37.24478
10575000 -1.688728 37.40832
10581250 -4.283838 37.52245
10587500 -6.671997 37.6373
10593750 -9.433202 37.82521
10600000 -12.392694 38.31882
10606250 -9.695334 39.13692
10612500 -3.053287 39.26772
10618750 0.871364999999997 38.89787
10625000 1.125748 38.52277
10631250 0.105024 38.34483
10637500 -0.956125 38.29611
10643750 -1.877267 38.32717
10650000 -2.695672 38.42948
10656250 -3.487646 38.62794
10662500 -4.34549999999999 39.00238
10668750 -5.17588 39.75649
10675000 -4.606873 41.08617
10681250 -3.007782 42.35168
10687500 -2.420143 43.18883
10693750 -2.903174 43.94898
10700000 -7.34717 44.86966
10706250 -19.210089 45.87035
10712500 -21.82648 48.0857
10718750 -17.389815 48.49619
10725000 -16.139548 48.52473
10731250 -15.759334 48.37652
10737500 -15.14455 48.06631
10743750 -13.286739 47.64343
10750000 -10.002555 47.20811
10756250 -6.059761 46.76999
10762500 -2.643645 46.24399
10768750 -1.482012 45.66039
10775000 -2.578393 45.24025
10781250 -4.379629 45.03311
10787500 -6.206739 44.98308
10793750 -7.825698 45.07487
10800000 -8.599044 45.32647
10806250 -7.131787 45.65305
10812500 -3.289113 45.77163
10818750 0.499189000000001 45.46659
10825000 0.436210000000003 44.93416
10831250 -2.357904 44.63066
10837500 -5.724735 44.50439
10843750 -9.993226 44.43748
10850000 -17.897177 44.28709
10856250 -20.694051 41.84032
10862500 -9.501927 41.61432
10868750 -3.81785 41.62809
10875000 0.332861999999999 41.6705
10881250 3.638321 41.70184
10887500 6.049836 41.68648
10893750 7.040718 41.61312
10900000 6.182492 41.55119
10906250 4.011963 41.59454
10912500 1.522523 41.75994
10918750 -0.559640000000002 42.01178
10925000 -1.8576 42.29735
10931250 -2.329494 42.56577
10937500 -2.126942 42.78606
10943750 -1.384546 42.94275
10950000 -0.172293 43.01244
10956250 1.230336 42.94045
10962500 1.618553 42.69724
10968750 -0.0493019999999973 42.4726700000001
10975000 -2.390684 42.42241
10981250 -4.293334 42.4832699999999
10987500 -5.644012 42.58475
10993750 -6.582933 42.69678
11000000 -7.226198 42.81253
11006250 -7.599994 42.93538
11012500 -7.602422 43.06925
11018750 -6.98667 43.20071
11025000 -5.58412 43.27069
11031250 -3.937195 43.19839
11037500 -3.174437 43.01198
11043750 -3.466185 42.83694
11050000 -4.191482 42.7198
11056250 -5.008757 42.64236
11062500 -5.8848 42.58242
11068750 -6.925019 42.5231
11075000 -8.33705 42.44538
11081250 -10.501374 42.3114
11087500 -14.151195 41.9986500000001
11093750 -18.137064 40.98179
11100000 -12.669897 39.84028
11106250 -7.526789 39.3262
11112500 -4.975759 38.92551
11118750 -4.532383 38.58404
11125000 -5.593589 38.32804
11131250 -7.739876 38.16164
11137500 -11.051859 38.09559
11143750 -16.277807 38.25966
11150000 -20.106247 39.28926
11156250 -13.965129 39.93769
11162500 -9.494078 39.98789
11168750 -6.726593 39.9075
11175000 -5.055708 39.78729
11181250 -4.239597 39.66061
11187500 -4.197343 39.5503
11193750 -4.983224 39.48531
11200000 -6.77227 39.54358
11206250 -8.467106 39.95638
11212500 -5.187857 40.45632
11218750 -1.16965699999999 40.46682
11225000 0.759359000000003 40.34838
11231250 1.492456 40.2945
11237500 1.856387 40.33685
11243750 2.284856 40.4744
11250000 3.065616 40.70948
11256250 4.463181 41.04969
11262500 6.652832 41.50631
11268750 9.423973 42.09724
11275000 11.862132 42.8096200000001
11281250 13.30301 43.51584
11287500 14.835059 44.12234
11293750 18.662067 44.76632
11300000 23.66956 46.62533
11306250 12.690735 47.88332
11312500 6.303165 48.41288
11318750 2.489598 48.85883
11325000 0.332031999999998 49.25788
11331250 -0.693772999999997 49.59726
11337500 -0.999959 49.87231
11343750 -0.857531999999999 50.08749
11350000 -0.427627000000001 50.24583
11356250 0.149466 50.3430499999999
11362500 0.632462 50.37041
11368750 0.588521 50.33542
11375000 -0.394017999999999 50.2933
11381250 -2.251314 50.32523
11387500 -4.565806 50.48152
11393750 -6.922977 50.79277
11400000 -8.656745 51.29551
11406250 -8.524562 51.9467
11412500 -6.283784 52.55996
11418750 -3.142054 53.06145
11425000 0.201718 53.50799
11431250 3.691405 53.96974
11437500 7.533949 54.54393
11443750 11.106358 55.47462
11450000 9.104055 56.70292
11456250 3.597797 57.47393
11462500 -1.385181 57.99621
11468750 -5.622137 58.4537800000001
11475000 -9.064326 58.89517
11481250 -11.708212 59.30034
11487500 -14.039169 59.62621
11493750 -17.404352 59.87573
11500000 -26.130814 60.51674
11506250 -17.566924 62.1915
11512500 -10.845117 62.02545
11518750 -8.863785 61.77084
11525000 -8.669978 61.6018
11531250 -9.096403 61.49137
11537500 -9.817373 61.40031
11543750 -10.790087 61.30031
11550000 -12.080406 61.16539
11556250 -13.818243 60.96023
11562500 -16.116471 60.6235
11568750 -18.60793 60.06196
11575000 -19.825716 59.31364
11581250 -20.164127 58.68484
11587500 -22.643033 58.25351
11593750 -34.529645 57.54188
11600000 -22.690195 55.10646
11606250 -14.875429 55.00169
11612500 -10.556289 55.01682
11618750 -7.720783 55.07031
11625000 -5.715754 55.12834
11631250 -4.184632 55.16576
11637500 -2.905009 55.15603
11643750 -1.856438 55.05997
11650000 -1.586004 54.83627
11656250 -3.260998 54.56468
11662500 -6.518069 54.46859
11668750 -9.457784 54.59208
11675000 -11.04917 54.80554
11681250 -11.490958 54.98519
11687500 -11.3393 55.08982
11693750 -10.908516 55.11842
11700000 -10.320133 55.06596
11706250 -9.728565 54.91074
11712500 -9.59127 54.63435
11718750 -10.511995 54.29097
11725000 -12.226264 53.99103
11731250 -13.818957 53.76403
11737500 -14.776539 53.57747
11743750 -15.047204 53.4034
11750000 -14.787102 53.22524
11756250 -14.191605 53.0241
11762500 -13.387252 52.7665
11768750 -12.300008 52.39518
11775000 -10.433306 51.843
11781250 -7.242104 51.12188
11787500 -3.87515 50.36865
11793750 -2.061302 49.76357
11800000 -1.50809 49.3904700000001
11806250 -1.456033 49.18956
11812500 -1.644457 49.08562
11818750 -2.04947 49.02937
11825000 -2.727468 48.98917
11831250 -3.819176 48.94091
11837500 -5.697529 48.86022
11843750 -9.656586 48.71717
11850000 -28.570832 48.71686
11856250 -9.521617 51.0979
11862500 -4.584136 50.69835
11868750 -3.575636 50.41809
11875000 -3.848692 50.25148
11881250 -4.634721 50.15103
11887500 -5.765477 50.08512
11893750 -7.313191 50.03487
11900000 -9.59358 49.98582
11906250 -13.630083 49.91708
11912500 -26.72711 49.6465899999999
11918750 -14.472051 52.9692
11925000 -5.582637 52.66493
11931250 -1.48038200000001 52.20283
11937500 -1.857738 51.81005
11943750 -4.669967 51.78513
11950000 -7.28928 52.27369
11956250 -4.782195 53.06892
11962500 0.941814999999998 53.55004
11968750 7.04854 53.91119
11975000 13.723696 54.48078
11981250 16.65372 55.62396
11987500 13.109217 56.38656
11993750 9.898808 56.7751
12000000 7.080806 57.10055
12006250 3.517926 57.47745
12012500 -3.533976 58.05783
12018750 -8.418618 60.64474
12025000 1.419874 61.48165
12031250 5.592806 61.88844
12037500 8.676901 62.21194
12043750 12.443383 62.54499
12050000 19.594858 63.19844
12056250 17.458043 65.2716
12062500 8.717836 65.89088
12068750 3.699774 66.28028
12075000 0.679236 66.65125
12081250 -0.764446000000003 66.99203
12087500 -1.01942 67.26024
12093750 -0.524739999999998 67.43054
12100000 0.349609000000001 67.48752
12106250 1.124038 67.4113
12112500 0.935089000000001 67.22075
12118750 -0.722941000000002 67.04528
12125000 -3.065138 66.99426
12131250 -5.18307 67.05222
12137500 -6.722119 67.16257
12143750 -7.665021 67.27693
12150000 -8.127665 67.3601
12156250 -8.286748 67.38074
12162500 -8.517083 67.30201
12168750 -9.711759 67.12582
12175000 -12.391662 66.99628
12181250 -15.274831 67.00741
12187500 -17.38265 67.04908
12193750 -18.834661 67.00619
12200000 -19.710455 66.82559
12206250 -19.544686 66.51118
12212500 -17.926683 66.14818
12218750 -15.28241 65.80583
12225000 -12.167947 65.42235
12231250 -8.760611 64.76765
12237500 -6.868562 63.48584
12243750 -7.785028 62.28543
12250000 -7.583614 61.71983
12256250 -6.924473 61.49549
12262500 -6.392893 61.41362
12268750 -6.099461 61.38783
12275000 -6.037586 61.37675
12281250 -6.188633 61.35513
12287500 -6.567084 61.29919
12293750 -7.288108 61.17038
12300000 -8.809504 60.87556
12306250 -12.82095 60.10005
12312500 -14.884197 58.09237
12318750 -11.055119 57.05646
12325000 -10.323339 56.69228
12331250 -10.785099 56.54282
12337500 -11.923601 56.49453
12343750 -13.849543 56.52317
12350000 -17.253189 56.68566
12356250 -22.849077 57.50815
12362500 -15.623971 58.81464
12368750 -6.628923 59.05333
12375000 2.38369400000001 58.92011
12381250 8.866416 57.68978
12387500 2.825919 57.07449
12393750 -0.907666999999996 57.10027
12400000 -3.129623 57.29138
12406250 -4.180715 57.58348
12412500 -3.881208 57.91608
12418750 -2.326387 58.19316
12425000 -0.0953710000000001 58.33492
12431250 1.95281 58.28459
12437500 2.318236 58.03694
12443750 -0.212552000000002 57.77384
12450000 -4.936542 57.65461
12456250 -11.861882 57.66918
12462500 -27.386833 58.15431
12468750 -18.550407 60.55662
12475000 -13.030941 60.66326
12481250 -10.587667 60.68493
12487500 -9.305843 60.66276
