431250 -8.0500165 -11.419921
437500 -11.0579582 -11.676651
443750 -15.798542 -11.882651
450000 -25.1652997 -12.145407
456250 -28.2026048 -8.786568
462500 -19.1343381 -9.099506
468750 -16.1403498 -9.310114
475000 -15.4301672 -9.528284
481250 -16.5639578 -9.775332
487500 -20.099404 -10.104009
493750 -28.0419055 -10.974779
500000 -23.3610228 -12.761218
506250 -17.218689 -13.204093
512500 -14.137763 -13.432185
518750 -12.575353 -13.595148
525000 -12.005433 -13.715662
531250 -12.205432 -13.792534
537500 -13.044982 -13.811223
543750 -14.339574 -13.743288
550000 -15.61454 -13.556818
556250 -16.022142 -13.277587
562500 -15.277426 -13.027628
568750 -14.137807 -12.88311
575000 -13.295737 -12.824439
581250 -13.050879 -12.809702
587500 -13.541799 -12.7979
593750 -14.831521 -12.735475
600000 -16.64795 -12.534564
606250 -17.543887 -12.137295
612500 -16.194092 -11.757406
618750 -14.16173 -11.569358
625000 -12.640845 -11.501673
631250 -11.792631 -11.479358
637500 -11.541749 -11.461894
643750 -11.792488 -11.422733
650000 -12.418342 -11.336585
656250 -13.158716 -11.177709
662500 -13.513871 -10.941661
668750 -13.025109 -10.683481
675000 -11.868471 -10.481858
681250 -10.604968 -10.358667
687500 -9.606155 -10.290154
693750 -8.999488 -10.244787
700000 -8.775083 -10.194532
706250 -8.822239 -10.114936
712500 -8.903987 -9.9888
718750 -8.670619 -9.82107
725000 -7.878229 -9.651169
731250 -6.643871 -9.527065
737500 -5.303548 -9.467555
743750 -4.1298 -9.464581
750000 -3.265201 -9.502075
756250 -2.77069599999999 -9.565271
762500 -2.671429 -9.642454
768750 -2.983989 -9.724364
775000 -3.735043 -9.802903
781250 -4.979364 -9.868942
787500 -6.82227 -9.907618
793750 -9.441628 -9.88556
800000 -12.978739 -9.71023
806250 -16.090748 -9.177894
812500 -14.745804 -8.539243
818750 -11.820792 -8.273405
825000 -9.763943 -8.199523
831250 -8.57608 -8.188462
837500 -8.038755 -8.191427
843750 -7.981435 -8.185859
850000 -8.266672 -8.158595
856250 -8.76198599999999 -8.101144
862500 -9.320889 -8.009923
868750 -9.789133 -7.889296
875000 -10.053829 -7.753603
881250 -10.107721 -7.622331
887500 -10.053185 -7.509702
893750 -10.033835 -7.418364
900000 -10.164259 -7.340903
906250 -10.497006 -7.26444100000001
912500 -11.012788 -7.174863
918750 -11.619378 -7.061123
925000 -12.169914 -6.920723
931250 -12.525916 -6.763965
937500 -12.647106 -6.610364
943750 -12.619674 -6.476908
950000 -12.591727 -6.36955
956250 -12.69828 -6.283877
962500 -13.030418 -6.20928600000001
968750 -13.629945 -6.131667
975000 -14.479677 -6.034688
981250 -15.479225 -5.90246699999999
987500 -16.429281 -5.727135
993750 -17.097324 -5.520009
1000000 -17.389974 -5.310893
1006250 -17.435609 -5.12623000000001
1012500 -17.451053 -4.9724
1018750 -17.597559 -4.840179
1025000 -17.94735 -4.71453500000001
1031250 -18.495534 -4.579761
1037500 -19.16387 -4.422359
1043750 -19.804227 -4.235994
1050000 -20.249238 -4.028071
1056250 -20.422403 -3.818841
1062500 -20.395416 -3.62790399999999
1068750 -20.313085 -3.462659
1075000 -20.296193 -3.319995
1081250 -20.415573 -3.193187
1087500 -20.712569 -3.075772
1093750 -21.22423 -2.961712
1100000 -21.997031 -2.843281
1106250 -23.082579 -2.707349
1112500 -24.496446 -2.530192
1118750 -26.083558 -2.274848
1125000 -27.274422 -1.916261
1131250 -27.342942 -1.517203
1137500 -26.532196 -1.193107
1143750 -25.702429 -0.963743000000001
1150000 -25.328839 -0.779601
1156250 -25.489193 -0.580885000000002
1162500 -25.909973 -0.306726999999995
1168750 -25.764694 0.0685399999999987
1175000 -24.267548 0.445444000000002
1181250 -21.9709 0.699819000000005
