   1.4801697e+01
   2.0013409e+01
   2.1173961e+01
   2.1186208e+01
   2.1276038e+01
   2.1376448e+01
   2.2778116e+01
   2.4012017e+01
   2.4829706e+01
   2.4313224e+01
   2.1969576e+01
   1.8578810e+01
   2.0485572e+01
   2.4779855e+01
   2.7205834e+01
   2.7700516e+01
   2.6388065e+01
   2.2738981e+01
   2.2690754e+01
   2.8234050e+01
   3.1790504e+01
   3.3310433e+01
   3.2880124e+01
   2.9440264e+01
   2.4769550e+01
   3.4648033e+01
   4.0802007e+01
   4.4762884e+01
   4.7529389e+01
   4.9490094e+01
   5.0836777e+01
   5.1716399e+01
   5.2221561e+01
   5.2445120e+01
   5.2515192e+01
   5.2535096e+01
   5.2569481e+01
   5.2640267e+01
   5.2689351e+01
   5.2612133e+01
   5.2338110e+01
   5.1852372e+01
   5.1176682e+01
   5.0389390e+01
   4.9649598e+01
   4.9117986e+01
   4.8827112e+01
   4.8663149e+01
   4.8448892e+01
   4.8039125e+01
   4.7392603e+01
   4.6561875e+01
   4.5667460e+01
   4.4895505e+01
   4.4372826e+01
   4.4028824e+01
   4.3676756e+01
   4.3148482e+01
   4.2362830e+01
   4.1415512e+01
   4.0623384e+01
   4.0405966e+01
   4.0904732e+01
   4.1795882e+01
   4.2658259e+01
   4.3267250e+01
   4.3556364e+01
   4.3482764e+01
   4.3010726e+01
   4.2121689e+01
   4.0766133e+01
   3.8844764e+01
   3.6225931e+01
   3.2781782e+01
   2.8627723e+01
   2.5502523e+01
   2.5577251e+01
   2.6204511e+01
   2.5659889e+01
   2.3458494e+01
   1.8891680e+01
   9.0473185e+00
   1.3022989e+01
   1.8250680e+01
   1.9712945e+01
   1.9084547e+01
   1.6285099e+01
   9.2200401e+00
  -1.7373777e+00
   1.1199386e+01
   1.4465661e+01
   1.4875324e+01
   1.3044401e+01
   9.9621073e+00
   9.1479555e+00
   1.1313461e+01
   1.2387408e+01
   9.9617300e+00
   5.3945282e+00
   1.2244383e+01
   1.8288117e+01
   2.1934441e+01
   2.3909379e+01
   2.4980213e+01
   2.5157894e+01
   2.4350626e+01
   2.2769153e+01
   2.0435857e+01
   1.7891827e+01
   1.7001766e+01
   1.7703974e+01
   1.8109409e+01
   1.7483818e+01
   1.5056588e+01
   9.2966480e+00
  -1.5015237e+01
   8.1610120e+00
   1.2725308e+01
   1.3488751e+01
   1.1731316e+01
   6.6532095e+00
   9.0184480e+00
   1.4548482e+01
   1.7537405e+01
   1.8609416e+01
   1.7810203e+01
   1.5689936e+01
   1.7883536e+01
   2.3432997e+01
   2.7721670e+01
   3.0787876e+01
   3.2898157e+01
   3.4311365e+01
   3.5147426e+01
   3.5381750e+01
   3.5051391e+01
   3.4177040e+01
   3.2639130e+01
   3.0320669e+01
   2.7086743e+01
   2.2937036e+01
   2.0431482e+01
   2.1783547e+01
   2.3125787e+01
   2.3212426e+01
   2.1950533e+01
   1.9019620e+01
   1.2991747e+01
   3.8481480e+00
   1.2848607e+01
   1.6671870e+01
   1.7764773e+01
   1.6789349e+01
   1.3659782e+01
   6.3020676e+00
  -2.1549151e+00
   1.0363881e+01
   1.4042962e+01
   1.4813596e+01
   1.3686049e+01
   1.0145597e+01
  -5.5676714e-01
   3.4290586e+00
   1.1432597e+01
   1.4597903e+01
   1.5694767e+01
   1.5743407e+01
   1.4417381e+01
   1.1842008e+01
   8.5180003e+00
   4.6187172e+00
   4.0084777e+00
   5.4538024e+00
   5.4540066e+00
   3.4025476e+00
  -2.8122920e-01
  -1.7620214e+00
   1.8630568e+00
   5.4116925e+00
   6.9898273e+00
   7.1529633e+00
   6.8440630e+00
   5.0106456e+00
   3.3477201e+00
   5.4427192e-01
  -4.4914783e-01
   1.4970360e+00
   2.3283377e+00
   2.9343737e+00
   2.5557278e+00
   9.9869597e-01
  -2.3690428e-01
  -7.5422946e-01
   1.8440363e+00
   3.5310619e+00
   3.8957903e+00
   3.3608689e+00
  -1.0279281e+00
  -1.2784780e+01
  -2.4159573e+00
   3.9667011e+00
   6.8957882e+00
   8.1678376e+00
   7.5751654e+00
   5.4139403e+00
  -1.2367029e-01
  -9.9334661e+00
   9.8672516e-01
   6.1732403e+00
   8.0585082e+00
   8.1009293e+00
   6.8211445e+00
   3.2763405e+00
  -2.1971311e+00
   1.3825244e+00
   5.7387077e+00
   7.3746081e+00
   7.8858858e+00
   5.7433765e+00
   7.4388753e-01
  -1.6366608e+01
   1.9142225e+00
   6.7765760e+00
   8.7473384e+00
   9.5152492e+00
   8.0154681e+00
   4.5936771e+00
   2.0118892e-01
   3.0433451e+00
   7.8122132e+00
   1.0453272e+01
   1.1754249e+01
   1.1882823e+01
   1.0969839e+01
   9.5537637e+00
   8.0492785e+00
   7.1032742e+00
   7.4213403e+00
   8.0493691e+00
   7.4602783e+00
   5.8414476e+00
   2.8986056e+00
  -5.4271804e+00
  -1.1756728e+01
  -1.1812122e+00
   2.2792840e+00
   2.8250876e+00
   2.4120874e+00
  -2.1499505e-01
  -4.3235040e+00
  -3.4368383e+00
  -1.1788473e+00
   3.5239441e-01
  -2.4357362e-01
  -1.7507043e+00
  -3.5779780e+00
  -3.5847807e+00
  -1.5605708e+00
  -4.8079802e-01
   7.7121031e-01
   5.1184614e-01
  -1.6175736e+00
  -1.8432459e+00
  -2.0047168e+00
  -1.5034147e+00
  -4.8937615e-01
  -1.8778270e-01
  -3.8915035e-01
  -4.1114861e-01
  -8.8538155e-01
  -8.7159919e-01
  -1.4691861e+00
  -2.4523124e+00
  -3.7904335e+00
  -5.9192798e+00
  -4.9271664e+00
  -2.4521243e+00
  -1.0338231e+00
  -1.1934046e+00
  -1.5307698e+00
  -1.8437502e+00
  -1.5798902e+00
  -3.8170381e-01
   1.0826454e+00
   1.2029705e+00
   3.2751458e-02
  -2.7372095e+00
  -4.0610872e+00
  -5.3120241e+00
  -3.0567902e+00
  -4.7948657e-01
  -6.7689419e-01
  -8.2507883e-01
  -1.1402567e+00
  -3.4355323e+00
  -4.8475881e+00
  -1.8628337e+00
  -2.7959041e+00
  -3.9730202e+00
  -3.7309412e+00
  -6.7361796e+00
  -2.4087193e+00
   6.5897630e-01
   2.6484867e+00
   3.7817820e+00
   3.5008873e+00
   2.2657667e+00
  -1.4556718e+00
  -9.3180046e+00
  -1.3570770e+01
  -3.3857612e+00
   3.7465323e-01
   1.8418031e+00
   2.4297981e+00
   1.1457878e+00
  -1.7443301e+00
  -4.8900380e+00
  -8.5600418e+00
  -9.6651934e+00
  -1.1491222e+01
  -6.9543843e+00
  -4.0603287e+00
  -3.5445569e+00
  -2.0250360e+00
  -7.6578187e-01
  -2.5064468e-02
  -1.0889148e+00
  -4.0925617e+00
  -7.0224220e+00
  -8.0121233e+00
  -5.8345725e+00
  -1.2449655e+00
  -1.3768180e-01
  -4.0559946e-01
  -1.6649723e+00
  -4.3783023e+00
  -6.4956594e+00
  -1.1258010e+01
  -7.1313788e+00
  -4.4320422e+00
  -2.9456976e+00
  -2.7326137e+00
  -2.2132929e+00
  -2.8864006e+00
  -3.0305690e+00
  -4.5918398e+00
  -4.2716646e+00
  -4.5311816e+00
  -6.4818645e+00
  -3.1781005e+00
  -4.2314190e+00
  -2.4619685e+00
  -2.2634558e+00
  -4.2288895e+00
  -4.9437830e+00
  -6.9853181e+00
  -5.9893323e+00
  -4.4463940e+00
  -3.9781838e+00
  -3.0589882e+00
  -2.3891190e+00
  -2.4062670e+00
  -2.8879875e+00
  -3.9302547e+00
  -5.9184306e+00
  -8.6849974e+00
  -9.0047777e+00
  -5.6724054e+00
  -4.2155253e+00
  -2.6757797e+00
  -1.5255179e+00
  -2.5781031e+00
  -3.8040546e+00
  -5.2877680e+00
  -6.4947836e+00
  -1.0600497e+01
  -5.7863504e+00
  -2.4293091e+00
  -1.9789808e+00
  -2.1107467e+00
  -3.0647929e+00
  -5.8669661e+00
  -7.0496031e+00
  -6.2275707e+00
  -4.4136425e+00
  -3.1026509e+00
  -2.9954389e+00
  -2.6118913e+00
  -5.2732356e+00
  -7.6300818e+00
  -9.2116814e+00
  -1.0249319e+01
  -1.0773452e+01
  -8.4956596e+00
  -8.2070224e+00
  -6.0807362e+00
  -5.4528028e+00
  -4.3708114e+00
  -4.1158098e+00
  -4.8681178e+00
  -5.9529738e+00
  -8.8635835e+00
  -8.1835292e+00
  -7.7621915e+00
  -3.0777841e+00
  -2.7725320e+00
  -2.9411587e+00
  -4.0809126e+00
  -6.6054691e+00
  -9.3088643e+00
  -1.4464914e+01
  -1.0956957e+01
  -6.8030354e+00
  -4.8435157e+00
  -5.8287090e+00
  -6.6746191e+00
  -7.1055019e+00
  -8.9074505e+00
  -6.8557442e+00
  -7.2587841e+00
  -8.7869269e+00
  -7.6026894e+00
  -8.0930144e+00
  -7.1597726e+00
  -9.0189822e+00
  -4.9284392e+00
  -4.6892571e+00
  -7.5140884e+00
  -8.3341757e+00
  -7.9684228e+00
  -4.8835496e+00
  -4.3103756e+00
  -5.2308164e+00
  -4.5718954e+00
  -6.1706492e+00
  -7.3743576e+00
  -6.5391075e+00
  -7.4254524e+00
  -6.0023186e+00
  -5.9420319e+00
  -6.6109390e+00
  -6.5894480e+00
  -6.3936519e+00
  -8.4131326e+00
  -1.0659106e+01
  -7.0698984e+00
  -4.0155312e+00
  -3.7184502e+00
  -4.6796411e+00
  -6.0388880e+00
  -8.0618196e+00
  -9.2729485e+00
  -8.5880733e+00
  -6.3873699e+00
  -5.2105827e+00
  -5.6550079e+00
  -6.3694297e+00
  -7.5220611e+00
  -1.0765003e+01
  -1.2625867e+01
  -1.2690371e+01
  -7.8730173e+00
  -5.9951909e+00
  -6.0760922e+00
  -5.9243917e+00
  -8.7963013e+00
  -1.0059414e+01
  -1.0690013e+01
  -8.7118036e+00
  -5.8155355e+00
  -5.3549747e+00
  -5.4036264e+00
  -5.8790361e+00
  -6.6992895e+00
  -7.9358694e+00
  -8.2956267e+00
  -6.3707325e+00
  -4.3636260e+00
  -5.0530822e+00
  -5.4822560e+00
  -6.2016469e+00
  -7.2622610e+00
  -7.0710854e+00
  -6.8466490e+00
  -7.9793022e+00
  -6.9507270e+00
  -6.7822040e+00
  -7.9669360e+00
  -7.2839444e+00
  -9.9164881e+00
  -9.4782856e+00
  -6.1815837e+00
  -6.1374860e+00
  -8.2020023e+00
  -9.7578850e+00
  -9.9766692e+00
  -6.8936447e+00
  -7.1284283e+00
  -5.8436491e+00
  -5.0357328e+00
  -5.5398645e+00
  -4.9020689e+00
  -6.3601936e+00
  -7.4862899e+00
  -8.1091382e+00
  -1.1140690e+01
  -1.0494712e+01
  -1.0672606e+01
  -1.1366778e+01
  -8.7660735e+00
  -8.7084999e+00
  -7.8608284e+00
  -6.4287944e+00
  -6.4143202e+00
  -6.7878367e+00
  -6.1709865e+00
  -5.6190801e+00
  -6.8790830e+00
  -7.7134041e+00
  -1.0292957e+01
  -9.7087925e+00
  -7.7583505e+00
  -8.4963141e+00
  -5.3554577e+00
  -5.0442452e+00
  -6.0556953e+00
  -6.5848000e+00
  -8.5185076e+00
  -7.9378212e+00
  -1.0534351e+01
  -9.9829039e+00
  -8.5193079e+00
  -1.0549382e+01
  -1.0900945e+01
  -1.2037381e+01
  -8.8123853e+00
  -9.0018732e+00
  -6.8600168e+00
  -7.5700668e+00
  -7.6679632e+00
  -8.3268205e+00
  -1.1240453e+01
  -9.4026769e+00
  -9.4681184e+00
  -6.9241599e+00
  -6.4025362e+00
  -7.0678645e+00
  -8.3018226e+00
  -8.9977792e+00
  -9.9334842e+00
  -1.0456098e+01
  -1.1529160e+01
  -8.5796063e+00
  -9.8780211e+00
  -1.0034616e+01
  -9.0522793e+00
  -1.0124023e+01
  -1.0176564e+01
  -9.7725215e+00
  -8.9488451e+00
  -8.6279931e+00
  -9.3654486e+00
  -9.4149026e+00
  -8.0983449e+00
  -7.7464706e+00
  -7.8821357e+00
  -7.1380112e+00
  -8.2485599e+00
  -1.2840353e+01
  -8.1124177e+00
  -9.3992472e+00
  -6.3211611e+00
  -4.7263783e+00
  -5.7845655e+00
  -6.5637643e+00
  -9.5913622e+00
  -1.9322556e+01
  -1.6790316e+01
  -1.1459302e+01
  -9.5915067e+00
  -7.1819877e+00
  -7.5101257e+00
  -9.0184665e+00
  -1.0624184e+01
  -1.0138893e+01
  -8.7615513e+00
  -8.9083949e+00
  -6.9712594e+00
  -6.1634063e+00
  -7.2359226e+00
  -8.7750910e+00
  -1.4450008e+01
  -1.1043049e+01
  -1.0131413e+01
  -9.4215853e+00
  -8.4052495e+00
  -9.3613480e+00
  -7.8979551e+00
  -9.0889609e+00
  -1.1161118e+01
  -1.3610371e+01
  -1.4966483e+01
  -1.1254000e+01
  -1.1478386e+01
  -9.4383428e+00
  -7.8850988e+00
  -5.4637173e+00
  -6.0694996e+00
  -8.3301725e+00
  -8.8234656e+00
  -1.1235555e+01
  -1.1464903e+01
  -9.7184256e+00
  -7.5536890e+00
  -7.9298378e+00
  -9.8610138e+00
  -1.2321068e+01
  -1.2650496e+01
  -1.1167598e+01
  -1.1901780e+01
  -9.6636671e+00
  -8.5978099e+00
  -1.0029033e+01
  -1.0090417e+01
  -1.1525188e+01
  -9.3348821e+00
  -9.4968973e+00
  -8.5660988e+00
  -9.3195532e+00
  -8.7262319e+00
  -1.1573933e+01
  -1.2146836e+01
  -1.0119685e+01
  -1.0722910e+01
  -7.9243753e+00
  -1.0238873e+01
  -9.1318781e+00
  -1.1541792e+01
  -1.1988387e+01
  -1.1791731e+01
  -9.0948670e+00
  -8.8556831e+00
  -8.6064016e+00
  -8.3507450e+00
  -1.0790078e+01
  -1.3881779e+01
  -1.3271370e+01
  -1.1592109e+01
  -8.6703760e+00
  -8.0430557e+00
  -7.7809890e+00
  -7.3198757e+00
  -1.1125895e+01
  -1.0274375e+01
  -1.0635313e+01
  -9.5821664e+00
  -1.1291497e+01
  -8.5558237e+00
  -8.5020091e+00
  -1.1253281e+01
  -1.5913455e+01
  -1.6547713e+01
  -1.3071716e+01
  -1.0017948e+01
  -7.3674002e+00
  -6.8511273e+00
  -5.6371236e+00
  -6.8679515e+00
  -1.0419323e+01
  -1.2785673e+01
  -1.2482131e+01
  -1.6946940e+01
  -1.1596595e+01
  -1.0747423e+01
  -8.5957373e+00
  -8.7858471e+00
  -9.4129892e+00
  -1.0218466e+01
  -1.0725468e+01
  -1.3094031e+01
  -1.5498752e+01
  -1.3545845e+01
  -1.1143921e+01
  -8.8492704e+00
  -1.1567371e+01
  -7.8853965e+00
  -9.9044664e+00
  -9.8040071e+00
  -1.0740251e+01
  -1.0901356e+01
  -9.3474130e+00
  -9.2136263e+00
  -9.2362257e+00
  -9.4675580e+00
  -8.8707620e+00
  -1.2997788e+01
  -1.0637716e+01
  -1.2761126e+01
  -1.1498897e+01
  -1.1813307e+01
  -1.3935341e+01
  -1.3555183e+01
  -1.3902237e+01
  -1.4471120e+01
  -1.0132116e+01
  -9.9922682e+00
  -1.0247889e+01
  -8.7027872e+00
  -1.0463435e+01
  -1.1782891e+01
  -1.1133752e+01
  -1.0468621e+01
  -1.0416874e+01
  -9.4318721e+00
  -9.6852127e+00
  -8.8250845e+00
  -9.2592994e+00
  -1.0327946e+01
  -1.1301885e+01
  -1.0239892e+01
  -9.6887696e+00
  -1.2285185e+01
  -1.1971330e+01
  -1.1476217e+01
  -1.2524165e+01
  -1.4245196e+01
  -1.4338384e+01
  -1.3375226e+01
  -1.4575602e+01
  -1.1521064e+01
  -1.4443817e+01
  -1.3069369e+01
  -1.0762367e+01
  -1.0925215e+01
  -1.0471065e+01
  -9.0434990e+00
  -7.9762623e+00
  -8.7122581e+00
  -8.8321669e+00
  -8.4784318e+00
  -8.7785292e+00
  -1.2160570e+01
  -1.0324530e+01
  -8.6176417e+00
  -8.4940012e+00
  -1.0064349e+01
  -1.2848393e+01
  -1.3936212e+01
  -1.4763517e+01
  -1.4727535e+01
  -9.5444862e+00
  -1.0780070e+01
  -9.6556238e+00
  -8.9014001e+00
  -1.2981019e+01
  -1.2392853e+01
  -1.1434760e+01
  -9.2536245e+00
  -1.0285933e+01
  -8.6843546e+00
  -9.3504821e+00
  -9.7234441e+00
  -9.8111097e+00
  -1.2101888e+01
  -1.0667841e+01
  -1.1412175e+01
  -1.0330659e+01
  -8.2988722e+00
  -9.0046834e+00
  -9.4755882e+00
  -1.1916852e+01
  -1.5959470e+01
  -2.5160820e+01
  -1.6434214e+01
  -1.4007390e+01
  -1.2146972e+01
  -1.2783792e+01
  -1.4339762e+01
  -1.0797937e+01
  -1.6389639e+01
  -9.5807166e+00
  -1.0452294e+01
  -1.1194329e+01
  -9.2602340e+00
  -1.1136300e+01
  -1.1378645e+01
  -1.3905823e+01
  -1.5236048e+01
  -1.4071971e+01
  -1.0758274e+01
  -9.5153378e+00
  -1.0430206e+01
  -1.3190501e+01
  -1.4689276e+01
  -1.7226396e+01
  -2.1468366e+01
  -1.6054593e+01
  -1.3719555e+01
  -1.3500710e+01
  -1.2045083e+01
  -1.1530319e+01
  -1.2748938e+01
  -1.3016982e+01
  -1.0320882e+01
  -9.5774153e+00
  -1.0800273e+01
  -1.1172434e+01
  -1.5669087e+01
  -1.4210103e+01
  -1.0877747e+01
  -1.2288838e+01
  -1.0249154e+01
  -1.1360502e+01
  -1.2635570e+01
  -1.3438579e+01
  -2.0383445e+01
  -1.4251997e+01
  -1.5689982e+01
  -1.3190172e+01
  -1.2351768e+01
  -1.4528044e+01
  -1.1693629e+01
  -1.1786835e+01
  -1.6655405e+01
  -1.2947323e+01
  -9.1212081e+00
  -9.8413117e+00
  -9.9774009e+00
  -1.1143700e+01
  -1.3786454e+01
  -1.2288395e+01
  -1.1512364e+01
  -9.9364374e+00
  -8.8924898e+00
  -8.1135191e+00
  -1.0409741e+01
  -1.3290414e+01
  -1.6713406e+01
  -2.0513965e+01
  -1.3047596e+01
  -1.2514141e+01
  -1.0708869e+01
  -1.0845374e+01
  -1.2379361e+01
  -1.3834856e+01
  -1.6108133e+01
  -1.2826586e+01
  -1.5408977e+01
  -1.1309901e+01
  -8.2828708e+00
  -9.3329265e+00
  -9.6672479e+00
  -1.1946444e+01
  -1.3249311e+01
  -1.3191809e+01
  -1.4202264e+01
  -1.3320465e+01
  -1.2587984e+01
  -1.2881797e+01
  -1.4029654e+01
  -1.5550877e+01
  -1.4583450e+01
  -1.3938934e+01
  -1.8826454e+01
  -1.4726675e+01
  -1.3804909e+01
  -1.1790491e+01
  -1.3015719e+01
  -1.1766569e+01
  -1.0330520e+01
  -1.3513768e+01
  -1.2480738e+01
  -1.3825631e+01
  -1.7052400e+01
  -1.4366707e+01
  -1.0560447e+01
  -1.0087888e+01
  -8.7765192e+00
  -9.1471032e+00
  -1.2060280e+01
  -1.3077203e+01
  -1.3565357e+01
  -1.0848230e+01
  -1.1211686e+01
  -1.0093578e+01
  -9.7700309e+00
  -1.2600355e+01
  -1.3668675e+01
  -1.4768554e+01
  -1.8969413e+01
  -1.3839252e+01
  -1.4210824e+01
  -1.3777985e+01
  -1.3206515e+01
  -1.6522000e+01
  -1.2981743e+01
  -1.1931829e+01
  -1.0986164e+01
  -1.1400335e+01
  -1.1085731e+01
  -1.1484234e+01
  -1.4782799e+01
  -1.3631972e+01
  -1.3473970e+01
  -1.3038187e+01
  -1.3903757e+01
  -1.4669487e+01
  -1.4595138e+01
  -1.2401756e+01
  -1.3374401e+01
  -1.6223703e+01
  -9.2802703e+00
  -1.0051592e+01
  -1.1827144e+01
  -1.2311985e+01
  -1.4187012e+01
  -1.5461227e+01
  -1.5909571e+01
  -1.0598901e+01
  -1.1030365e+01
  -8.6327716e+00
  -8.2545104e+00
  -1.1362978e+01
  -1.4434815e+01
  -1.8964625e+01
  -3.0194359e+01
  -1.3499090e+01
  -1.0885179e+01
  -1.0145743e+01
  -9.5947050e+00
  -1.1742563e+01
  -1.4309131e+01
  -1.9503497e+01
  -1.4855647e+01
  -1.5906673e+01
  -1.0836336e+01
  -9.3908509e+00
  -1.2653860e+01
  -1.2381707e+01
  -1.4837339e+01
  -1.7566397e+01
  -1.2034821e+01
  -1.1007153e+01
  -1.1433697e+01
  -1.3121713e+01
  -1.4708534e+01
  -1.7717727e+01
  -2.1375995e+01
  -1.4323839e+01
  -1.1445198e+01
  -9.6752289e+00
  -9.9001475e+00
  -9.8618158e+00
  -1.1321918e+01
  -1.2317502e+01
  -1.4668186e+01
  -1.5659561e+01
  -1.3832165e+01
  -1.1184690e+01
  -1.1171453e+01
  -1.3955797e+01
  -1.5721103e+01
  -2.2287840e+01
  -1.6082222e+01
  -1.6819460e+01
  -1.1307745e+01
  -9.6063979e+00
  -1.3277945e+01
  -1.4282598e+01
  -1.5034049e+01
  -2.0347320e+01
  -1.5054716e+01
  -1.5428312e+01
  -1.1490069e+01
  -1.1666157e+01
  -1.1213927e+01
  -1.2509744e+01
  -1.2817890e+01
  -1.1591454e+01
  -1.3139160e+01
  -1.1333536e+01
  -1.2831740e+01
  -1.6014191e+01
  -1.7395103e+01
  -1.9374912e+01
  -1.3398874e+01
  -1.1600381e+01
  -1.3658856e+01
  -1.1497476e+01
  -1.3775372e+01
  -1.7157892e+01
  -1.8539982e+01
  -1.7051313e+01
  -1.6804422e+01
  -1.5055815e+01
  -1.3239265e+01
  -1.1886293e+01
  -1.1809637e+01
  -1.1760261e+01
  -1.1839110e+01
  -1.5300891e+01
  -1.3061115e+01
  -1.4223130e+01
  -1.3601983e+01
  -1.6450442e+01
  -1.5742428e+01
  -1.4147513e+01
  -1.3916952e+01
  -1.2421784e+01
  -1.4377488e+01
  -1.3711436e+01
  -1.4609428e+01
  -1.7940202e+01
  -1.8179109e+01
  -1.4997715e+01
  -1.2800334e+01
  -1.0124439e+01
  -1.0435238e+01
  -1.0407189e+01
  -9.7730570e+00
  -1.2784014e+01
  -1.7168760e+01
  -2.6844073e+01
  -1.6689688e+01
  -1.6798791e+01
  -1.2348298e+01
  -1.1416850e+01
  -1.0386726e+01
  -1.1699076e+01
  -1.5178135e+01
  -1.3974636e+01
  -1.5948786e+01
  -1.4144457e+01
  -1.6018810e+01
  -1.3173888e+01
  -1.6366947e+01
  -1.3100014e+01
  -1.3588000e+01
  -1.6163054e+01
  -1.1587150e+01
  -1.4408737e+01
  -1.6968708e+01
  -1.7010474e+01
  -1.4789267e+01
  -1.2567902e+01
  -1.3524791e+01
  -1.2934034e+01
  -1.5605324e+01
  -1.9723855e+01
  -1.6128371e+01
  -1.3703542e+01
  -1.5241825e+01
  -1.1161326e+01
  -1.0033888e+01
  -1.2713560e+01
  -1.1045383e+01
  -1.2248881e+01
  -1.4461642e+01
  -2.3329631e+01
  -1.5126910e+01
  -1.4926615e+01
  -1.3326444e+01
  -1.1398910e+01
  -1.3736994e+01
  -1.5595305e+01
  -2.1313582e+01
  -1.8555913e+01
  -1.7644337e+01
  -1.1636993e+01
  -1.0748533e+01
  -1.1729630e+01
  -1.0991171e+01
  -1.3414290e+01
  -1.3423135e+01
  -1.4738526e+01
  -1.5393261e+01
  -1.4431992e+01
  -1.4462169e+01
  -1.3107457e+01
  -1.3950305e+01
  -1.6388612e+01
  -2.2534892e+01
  -1.8797468e+01
  -1.6792670e+01
  -1.2858784e+01
  -1.3170013e+01
  -1.1887064e+01
  -1.1372433e+01
  -1.2855180e+01
  -1.4966577e+01
  -2.0955340e+01
  -3.1231423e+01
  -1.5846389e+01
  -1.1299284e+01
  -9.7299062e+00
  -1.0582371e+01
  -1.1522035e+01
  -1.2144117e+01
  -1.6342710e+01
  -1.9252684e+01
  -1.4026755e+01
  -1.2418987e+01
  -1.4980044e+01
  -1.4094482e+01
  -1.4459352e+01
  -1.4700181e+01
  -1.8327836e+01
  -2.0439340e+01
  -1.4725479e+01
  -1.4600200e+01
  -1.3010104e+01
  -1.2499124e+01
  -1.5761230e+01
  -1.4780420e+01
  -1.2483643e+01
  -1.3498490e+01
  -1.3089994e+01
  -1.3691003e+01
  -1.7870331e+01
  -1.4425506e+01
  -2.0663825e+01
  -1.5006243e+01
  -1.1416840e+01
  -1.4216931e+01
  -1.4715787e+01
  -1.6706778e+01
  -1.8507764e+01
  -1.8447204e+01
  -1.6766390e+01
  -1.1780125e+01
  -1.1181717e+01
  -1.3343022e+01
  -1.3663098e+01
  -1.9191361e+01
  -1.7623472e+01
  -1.6245450e+01
  -1.4165802e+01
  -1.5052077e+01
  -1.1295069e+01
  -1.3321131e+01
  -1.7708203e+01
  -1.3205740e+01
  -1.5785563e+01
  -1.6000822e+01
  -1.5476360e+01
  -1.3663218e+01
  -1.5044825e+01
  -1.3204594e+01
  -1.4942904e+01
  -1.4560574e+01
  -1.4842418e+01
  -1.3221277e+01
  -1.2565078e+01
  -1.3229696e+01
  -1.6130470e+01
  -1.5300264e+01
  -1.4606602e+01
  -1.6537505e+01
  -1.5495174e+01
  -1.6141551e+01
  -1.7028901e+01
  -1.5009141e+01
  -1.3007582e+01
  -1.7537929e+01
  -1.4875058e+01
  -1.5399669e+01
  -1.7933580e+01
  -1.7608625e+01
  -1.8439446e+01
  -1.7672863e+01
  -1.5960524e+01
  -1.5126879e+01
  -1.4324726e+01
  -1.3819799e+01
  -1.7669485e+01
  -1.9779003e+01
  -1.7343347e+01
  -1.7898974e+01
  -1.5948936e+01
  -1.5936643e+01
  -1.4062699e+01
  -1.2932705e+01
  -1.1614695e+01
  -1.3059588e+01
  -1.3444676e+01
  -1.3183267e+01
  -1.8005307e+01
  -1.5312154e+01
  -1.5707370e+01
  -1.7286462e+01
  -1.9457934e+01
  -1.5663795e+01
  -1.8046378e+01
  -1.9483776e+01
  -1.7403215e+01
  -2.0571681e+01
  -1.6064338e+01
  -1.2801635e+01
  -1.3950913e+01
  -1.2728573e+01
  -1.2029436e+01
  -1.2257949e+01
  -1.1960351e+01
  -1.5459960e+01
  -1.4504741e+01
  -1.9535804e+01
  -2.0276509e+01
  -1.4710981e+01
  -1.1961169e+01
  -1.0061563e+01
  -1.1769092e+01
  -1.5122761e+01
  -1.5473897e+01
  -1.9124050e+01
  -2.6259846e+01
  -1.5469452e+01
  -1.5854968e+01
  -1.5217997e+01
  -1.4123996e+01
  -1.8545331e+01
  -2.0391018e+01
  -2.2596292e+01
  -1.8661444e+01
  -1.4636457e+01
  -1.3223422e+01
  -1.2936297e+01
  -1.5204775e+01
  -1.4018587e+01
  -1.4974853e+01
  -1.8235239e+01
  -1.5739280e+01
  -1.5123943e+01
  -1.3671321e+01
  -1.4867280e+01
  -1.9654916e+01
  -2.1388917e+01
  -1.8873550e+01
  -1.5994539e+01
  -1.7099136e+01
  -1.5579022e+01
  -1.6946760e+01
  -1.5892093e+01
  -1.5574425e+01
  -1.8091835e+01
  -1.4885180e+01
  -1.8087759e+01
  -1.4148330e+01
  -1.4202673e+01
  -1.8781448e+01
  -1.7808174e+01
  -1.3278012e+01
  -1.3691361e+01
  -1.2068858e+01
  -1.0653567e+01
  -1.5802828e+01
  -1.8309791e+01
  -1.9053221e+01
  -1.9075779e+01
  -1.7710697e+01
  -1.5744855e+01
  -1.3588463e+01
  -1.3702545e+01
  -1.4769180e+01
  -1.5128113e+01
  -2.4487719e+01
  -1.7941540e+01
  -1.5400667e+01
  -1.5077732e+01
  -1.0585817e+01
  -1.0183291e+01
  -1.1889397e+01
  -1.2417343e+01
  -1.7001574e+01
  -2.2657168e+01
  -2.4809384e+01
  -1.6859429e+01
  -1.3235674e+01
  -1.3837852e+01
  -1.2216141e+01
  -1.3409665e+01
  -1.5628212e+01
  -1.9379803e+01
  -1.6413690e+01
  -1.8751120e+01
  -1.4482752e+01
  -1.4187633e+01
  -1.7088186e+01
  -1.9683469e+01
  -2.7208662e+01
  -1.7344282e+01
  -1.6756889e+01
  -1.4337670e+01
  -1.6006222e+01
  -1.6253893e+01
  -1.8873893e+01
  -2.1234820e+01
  -1.5807017e+01
  -1.4690041e+01
  -1.4704134e+01
  -1.2950910e+01
  -1.4132625e+01
  -1.7389714e+01
  -1.7544081e+01
  -2.1680079e+01
  -1.9747688e+01
  -1.6814214e+01
  -1.3882897e+01
  -1.4198169e+01
  -1.4425174e+01
  -1.2884728e+01
  -1.5281401e+01
  -1.7024968e+01
  -3.0831287e+01
  -1.7140625e+01
  -1.5012691e+01
  -1.5520324e+01
  -1.4968198e+01
  -1.3278846e+01
  -1.4060982e+01
  -1.5561498e+01
  -1.6823819e+01
  -2.2774080e+01
  -1.5820421e+01
  -1.7677973e+01
  -1.4273024e+01
  -2.0821725e+01
  -1.5528488e+01
  -1.7139698e+01
  -1.9756175e+01
  -1.4399718e+01
  -1.4943200e+01
  -1.6039168e+01
  -1.5973915e+01
  -1.5547418e+01
  -1.7398860e+01
  -1.5455072e+01
  -1.4719059e+01
  -1.3407924e+01
  -1.5142271e+01
  -1.2121969e+01
  -1.3015933e+01
  -1.4320021e+01
  -1.5166406e+01
  -1.9885747e+01
  -2.5961423e+01
  -1.6593461e+01
  -1.8025650e+01
  -1.3164965e+01
  -1.2032766e+01
  -1.3574080e+01
  -1.2514627e+01
  -1.5698240e+01
  -1.6218785e+01
  -2.2999199e+01
  -1.8205635e+01
  -1.8914836e+01
  -1.4914471e+01
  -1.5844505e+01
  -1.3124268e+01
  -1.2341126e+01
  -1.7902824e+01
  -1.6905046e+01
  -1.7778868e+01
  -1.2988703e+01
  -1.2647804e+01
  -1.4875919e+01
  -1.7031517e+01
  -1.7312753e+01
  -1.9257520e+01
  -2.3700939e+01
  -2.0709665e+01
  -2.0287577e+01
  -2.1840106e+01
  -2.0019574e+01
  -1.6955803e+01
  -1.7294311e+01
  -1.6962100e+01
  -1.5434051e+01
  -1.4734709e+01
  -1.5892322e+01
  -1.9113313e+01
  -1.5517504e+01
  -1.5474653e+01
  -1.6343137e+01
  -1.4845201e+01
  -1.5284152e+01
  -1.5089665e+01
  -2.0891101e+01
  -2.5672776e+01
  -2.3140180e+01
  -1.7104274e+01
  -1.4852543e+01
  -1.6612315e+01
  -1.6223000e+01
  -1.6995795e+01
  -2.0729897e+01
  -2.3017488e+01
  -1.9231601e+01
  -1.6688610e+01
  -1.6311320e+01
  -1.5283601e+01
  -1.3568197e+01
  -1.5684257e+01
  -2.1885667e+01
  -1.7569863e+01
  -1.8157783e+01
  -2.0400167e+01
  -1.7545304e+01
  -2.0932662e+01
  -1.6372092e+01
  -1.5653998e+01
  -1.6907188e+01
  -1.6986889e+01
  -1.6549709e+01
  -1.7485056e+01
  -2.4096461e+01
  -1.8656492e+01
  -1.7194639e+01
  -1.3363385e+01
  -1.2213804e+01
  -1.2198317e+01
  -1.2304006e+01
  -1.5648444e+01
  -1.6450841e+01
  -1.7663786e+01
  -2.4348399e+01
  -2.1725452e+01
  -1.7874675e+01
  -1.5734865e+01
  -1.1946749e+01
  -1.1108173e+01
  -1.1677129e+01
  -1.0479923e+01
  -1.3202544e+01
  -1.6680022e+01
  -2.0272756e+01
  -2.7016390e+01
  -1.7648468e+01
  -1.4596507e+01
  -1.3845875e+01
  -1.5893556e+01
  -1.6970448e+01
  -2.1823816e+01
  -2.5396708e+01
  -1.7268712e+01
  -1.4675627e+01
  -1.2795295e+01
  -1.3524493e+01
  -1.5855455e+01
  -1.8536254e+01
  -3.5502341e+01
  -2.0580591e+01
  -1.7415290e+01
  -1.2249223e+01
  -1.2589247e+01
  -1.2012166e+01
  -1.2980540e+01
  -1.9658116e+01
  -2.1930455e+01
  -1.3695521e+01
  -1.1011237e+01
  -9.7443190e+00
  -8.5623821e+00
  -9.8025121e+00
  -1.0392278e+01
  -1.3355675e+01
  -2.2493479e+01
  -2.3391189e+01
  -1.5625646e+01
  -1.3525877e+01
  -1.2188779e+01
  -1.1110150e+01
  -1.2985068e+01
  -1.4514602e+01
  -1.5540099e+01
  -1.6970627e+01
  -2.7433164e+01
  -1.5279075e+01
  -1.3211230e+01
  -1.5528426e+01
  -1.5316909e+01
  -1.6657262e+01
  -1.6937462e+01
  -2.0541153e+01
  -1.7408185e+01
  -1.7761215e+01
  -1.7107381e+01
  -1.6980029e+01
  -2.0214680e+01
  -1.5996544e+01
  -1.4130932e+01
  -1.4417091e+01
  -1.8119940e+01
  -1.8206735e+01
  -1.8709909e+01
  -2.2086274e+01
  -2.2803727e+01
  -1.6493969e+01
  -1.8157392e+01
  -1.8297226e+01
  -1.4737222e+01
  -1.3605553e+01
  -1.4060688e+01
  -1.6469172e+01
  -2.1098150e+01
  -1.8787690e+01
  -1.8300552e+01
  -1.6475663e+01
  -1.4203397e+01
  -1.6869465e+01
  -1.6369542e+01
  -1.7486458e+01
  -2.9396237e+01
  -2.1539188e+01
  -1.8835145e+01
  -1.8390712e+01
  -1.5400642e+01
  -1.5069176e+01
  -1.8904051e+01
  -2.0758223e+01
  -1.7245552e+01
  -1.9870186e+01
  -1.6844637e+01
  -1.3900573e+01
  -1.6293004e+01
  -1.7426787e+01
  -1.5798884e+01
  -2.2606411e+01
  -2.3349379e+01
  -1.5231239e+01
  -1.1738194e+01
  -1.0640028e+01
  -9.5835487e+00
  -8.7841609e+00
  -1.0998315e+01
  -1.4218982e+01
  -1.6069047e+01
  -1.5362645e+01
  -1.3277742e+01
  -1.0517189e+01
  -8.4230307e+00
  -7.8287910e+00
  -9.1773466e+00
  -1.3938031e+01
  -2.3055243e+01
  -2.0355184e+01
  -1.3205089e+01
  -1.1660202e+01
  -9.5661233e+00
  -9.1488968e+00
  -1.1832015e+01
  -1.4377163e+01
  -2.0242675e+01
  -2.0704344e+01
  -1.4972700e+01
  -1.2098624e+01
  -1.2161418e+01
  -1.3284647e+01
  -1.6779065e+01
  -2.2668422e+01
  -2.7597510e+01
  -1.8186857e+01
  -1.3475655e+01
  -1.2499847e+01
  -1.2820592e+01
  -1.5231588e+01
  -1.7862782e+01
  -1.9538110e+01
  -1.6590451e+01
  -1.4179145e+01
  -1.2442828e+01
  -1.2041139e+01
  -1.2434529e+01
  -1.2944092e+01
  -1.5317412e+01
  -2.0240156e+01
  -2.1121870e+01
  -3.1400197e+01
  -1.8046066e+01
  -1.6334157e+01
  -1.7330077e+01
  -2.0942495e+01
  -1.8703418e+01
  -1.9322539e+01
  -2.2164011e+01
  -1.7588450e+01
  -1.5821549e+01
  -1.7036729e+01
  -1.9725900e+01
  -1.7009451e+01
  -1.9157877e+01
  -2.1317418e+01
  -1.7463937e+01
  -1.8719412e+01
  -1.8100492e+01
  -1.3785181e+01
  -1.4968396e+01
  -1.3560075e+01
  -1.5283228e+01
  -1.5698859e+01
  -1.7240035e+01
  -1.7558565e+01
  -1.9543754e+01
  -1.5644174e+01
  -1.3087696e+01
  -1.6127499e+01
  -1.4647731e+01
  -2.1314685e+01
  -2.0579563e+01
  -2.2940460e+01
  -1.8314111e+01
  -1.8386222e+01
  -1.5910309e+01
  -1.3185359e+01
  -1.5800897e+01
  -1.4755415e+01
  -1.5680941e+01
  -1.9927638e+01
  -1.9062759e+01
  -2.2858156e+01
  -1.6298188e+01
  -1.8526867e+01
  -2.0321652e+01
  -1.6850118e+01
  -2.3931290e+01
  -1.8675288e+01
  -2.1183795e+01
  -2.0279716e+01
  -1.4218409e+01
  -1.3225735e+01
  -1.5520249e+01
  -1.3570210e+01
  -1.5546433e+01
  -2.0301638e+01
  -1.5292139e+01
  -1.8845202e+01
  -2.7779615e+01
  -2.2471126e+01
  -1.6254991e+01
  -1.4598734e+01
  -1.3772226e+01
  -1.3847974e+01
  -1.5121240e+01
  -1.5125533e+01
  -1.4452270e+01
  -2.0415790e+01
  -2.0212432e+01
  -1.9907449e+01
  -2.1028132e+01
  -1.4531301e+01
  -2.0780389e+01
  -2.5114432e+01
  -2.3239133e+01
  -1.9485636e+01
  -1.8901760e+01
  -1.4132656e+01
  -1.3380394e+01
  -1.4220487e+01
  -1.4650072e+01
  -2.6096244e+01
  -1.6310607e+01
  -1.7367835e+01
  -1.9974445e+01
  -1.7301788e+01
  -1.9039045e+01
  -1.8523329e+01
  -1.9014196e+01
  -1.8774554e+01
  -1.9881121e+01
  -2.2669009e+01
  -1.6125977e+01
  -1.6556956e+01
  -1.7005098e+01
  -1.7331012e+01
  -1.8729240e+01
  -2.0246318e+01
  -2.1411203e+01
  -2.0965473e+01
  -2.0752881e+01
  -2.3801753e+01
  -1.7443972e+01
  -1.6120141e+01
  -2.0410677e+01
  -1.7206083e+01
  -1.9434047e+01
  -1.8959465e+01
  -1.9591554e+01
  -2.0368866e+01
  -1.6544745e+01
  -1.6040810e+01
  -1.7550601e+01
  -2.0626417e+01
  -1.9085229e+01
  -1.8014584e+01
  -2.5212372e+01
  -2.4266139e+01
  -2.2058569e+01
  -1.5751583e+01
  -1.5796583e+01
  -1.3167700e+01
  -1.2320796e+01
  -1.5733694e+01
  -1.4620827e+01
  -1.7453089e+01
  -2.2808630e+01
  -3.9504463e+01
  -2.0367562e+01
  -1.8741371e+01
  -1.8248466e+01
  -1.6453297e+01
  -1.8857467e+01
  -1.7638411e+01
  -1.8905918e+01
  -1.9057941e+01
  -1.6698160e+01
  -1.8046559e+01
  -1.6176440e+01
  -1.7680032e+01
  -2.1105595e+01
  -1.8455047e+01
  -2.2642987e+01
  -1.5249104e+01
  -1.4841657e+01
  -1.6823233e+01
  -1.3809602e+01
  -1.4894164e+01
  -1.5888400e+01
  -1.8868085e+01
  -1.9002036e+01
  -1.7407304e+01
  -1.7734334e+01
  -1.6629580e+01
  -1.6828695e+01
  -2.3560456e+01
  -2.0231199e+01
  -2.2514613e+01
  -2.1742715e+01
  -1.6999392e+01
  -2.3252998e+01
  -1.4546454e+01
  -1.4820382e+01
  -1.8177303e+01
  -1.8510365e+01
  -1.6317746e+01
  -1.7616332e+01
  -1.5987786e+01
  -1.5469808e+01
  -1.8676091e+01
  -2.0578688e+01
  -2.4105887e+01
  -2.0155755e+01
  -1.8787589e+01
  -1.8739899e+01
  -1.9097710e+01
  -2.1817201e+01
  -2.1616273e+01
  -1.6807716e+01
  -1.4965238e+01
  -1.6815657e+01
  -1.9375365e+01
  -1.7183003e+01
  -2.4974882e+01
  -2.5538619e+01
  -3.3698166e+01
  -1.9277988e+01
  -2.0509863e+01
  -1.6157311e+01
  -1.4103000e+01
  -1.3017729e+01
  -1.4198602e+01
  -1.9636429e+01
  -2.6284646e+01
  -1.9882614e+01
  -1.4646074e+01
  -1.6710238e+01
  -1.5288317e+01
  -1.5519426e+01
  -1.7983869e+01
  -2.1969744e+01
  -3.5454144e+01
  -1.7866837e+01
  -1.4160502e+01
  -1.3454942e+01
  -1.2586560e+01
  -1.3322249e+01
  -1.6359438e+01
  -2.4914701e+01
  -2.3401851e+01
  -1.5566281e+01
  -1.3193978e+01
  -1.1970312e+01
  -1.0994062e+01
  -1.2652124e+01
  -1.8199886e+01
  -2.5651392e+01
  -2.8219222e+01
  -1.8329357e+01
  -1.3716944e+01
  -1.1972836e+01
  -1.1824691e+01
  -1.3350433e+01
  -1.5927180e+01
  -1.6609677e+01
  -2.2793475e+01
  -3.7035995e+01
  -2.5830907e+01
  -1.9455326e+01
  -1.6554449e+01
  -1.5301869e+01
  -1.7892220e+01
  -2.2613028e+01
  -1.8454627e+01
  -1.7004617e+01
  -2.0679609e+01
  -1.6974947e+01
  -1.6217549e+01
  -1.6173244e+01
  -1.9488275e+01
  -2.6738695e+01
  -2.5321408e+01
  -2.2559233e+01
  -1.8213322e+01
  -1.7161148e+01
  -1.5307273e+01
  -1.9248170e+01
  -1.5406012e+01
  -1.8505483e+01
  -2.4563161e+01
  -1.9866947e+01
  -1.7395922e+01
  -1.6206862e+01
  -1.6624492e+01
  -1.5872524e+01
  -2.0324356e+01
  -2.5408747e+01
  -2.3202021e+01
  -1.7580252e+01
  -1.3618024e+01
  -1.3057349e+01
  -1.4052286e+01
  -1.4124764e+01
  -1.7952686e+01
  -2.5740212e+01
  -2.0450683e+01
  -1.8787239e+01
  -1.6871500e+01
  -1.4601592e+01
  -1.5483603e+01
  -1.9736589e+01
  -2.4196753e+01
  -2.2942658e+01
  -1.7610636e+01
  -1.7300441e+01
  -1.6333723e+01
  -1.4854271e+01
  -1.4788617e+01
  -1.8191883e+01
  -2.1740900e+01
  -2.0925489e+01
  -2.1852297e+01
  -1.6947061e+01
  -1.4405371e+01
  -1.4606407e+01
  -1.9455896e+01
  -2.2738149e+01
  -6.2390533e+01
  -2.0428975e+01
  -1.6735947e+01
  -1.2109141e+01
  -1.2839925e+01
  -1.5868606e+01
  -1.3775146e+01
  -1.9133093e+01
  -2.9423146e+01
  -2.4693147e+01
  -1.5233693e+01
  -1.4126695e+01
  -1.2319547e+01
  -1.2353841e+01
  -1.7136232e+01
  -1.9514454e+01
  -2.7236345e+01
  -2.4526906e+01
  -1.7477982e+01
  -1.5040416e+01
  -1.5944445e+01
  -1.5119753e+01
  -1.5871732e+01
  -2.8142300e+01
  -2.2440598e+01
  -2.2694761e+01
  -1.8078836e+01
  -1.4185561e+01
  -1.7022763e+01
  -1.9096770e+01
  -1.9754923e+01
  -2.9210158e+01
  -1.8523686e+01
  -1.6225990e+01
  -1.5803782e+01
  -1.7639859e+01
  -1.4954035e+01
  -1.6669257e+01
  -2.2606467e+01
  -2.5716117e+01
  -2.3957148e+01
  -1.8213154e+01
  -1.7976236e+01
  -1.4914040e+01
  -1.5554430e+01
  -1.7273295e+01
  -1.8131669e+01
  -1.9521740e+01
  -2.6451135e+01
  -1.7387814e+01
  -2.0333977e+01
  -1.5374360e+01
  -1.3494809e+01
  -1.4256291e+01
  -1.5800371e+01
  -2.2046964e+01
  -2.1368373e+01
  -2.3021290e+01
  -1.6136109e+01
  -1.8193043e+01
  -1.6558234e+01
  -1.5792789e+01
  -2.2068951e+01
  -2.3350234e+01
  -2.1267632e+01
  -2.0946458e+01
  -1.5882569e+01
  -1.9192297e+01
  -2.1224376e+01
  -1.9420915e+01
  -2.4758599e+01
  -2.5503620e+01
  -1.8651026e+01
  -1.6274227e+01
  -1.5454859e+01
  -1.3321931e+01
  -1.4163618e+01
  -2.0242330e+01
  -2.5989513e+01
  -2.9806817e+01
  -2.1811333e+01
  -1.8129136e+01
  -1.6656343e+01
  -1.5011608e+01
  -2.0040958e+01
  -2.0555634e+01
  -1.9486336e+01
  -1.9582276e+01
  -2.2308560e+01
  -2.1016474e+01
  -2.0372485e+01
  -1.6955497e+01
  -1.6720771e+01
  -1.6579562e+01
  -1.9327270e+01
  -1.9386444e+01
  -2.0624913e+01
  -1.8551236e+01
  -1.7969120e+01
  -1.7284802e+01
  -1.5815903e+01
  -1.8917949e+01
  -1.3848926e+01
  -2.1035100e+01
  -1.9740370e+01
  -1.7751286e+01
  -1.7121603e+01
  -1.8953525e+01
  -1.8561225e+01
  -1.8249941e+01
  -2.2520452e+01
  -1.8444955e+01
  -3.3035154e+01
  -2.1418543e+01
  -1.8375376e+01
  -1.7186832e+01
  -1.7257847e+01
  -1.5366919e+01
  -1.8118212e+01
  -2.0031748e+01
  -2.0958577e+01
  -1.8922842e+01
  -1.7304436e+01
  -2.0170359e+01
  -1.7925728e+01
  -1.8366948e+01
  -2.8391992e+01
  -2.2670596e+01
  -2.0811825e+01
  -1.8860636e+01
  -2.4765926e+01
  -1.7768094e+01
  -1.8666987e+01
  -2.8696516e+01
