   3.5204741e+01
   3.4843047e+01
   3.4356445e+01
   3.3927263e+01
   3.3256613e+01
   3.2946382e+01
   3.3442130e+01
   3.4586738e+01
   3.6022561e+01
   3.7377761e+01
   3.8401760e+01
   3.9006760e+01
   3.9185567e+01
   3.8850416e+01
   3.7950140e+01
   3.6462107e+01
   3.4476037e+01
   3.3113382e+01
   3.4071133e+01
   3.6306370e+01
   3.8339767e+01
   3.9855771e+01
   4.0959145e+01
   4.2026426e+01
   4.3421170e+01
   4.5319740e+01
   4.7598745e+01
   4.9926927e+01
   5.2086650e+01
   5.4009379e+01
   5.5672288e+01
   5.7089026e+01
   5.8266070e+01
   5.9220182e+01
   5.9987185e+01
   6.0584010e+01
   6.1025023e+01
   6.1327500e+01
   6.1524509e+01
   6.1656229e+01
   6.1743262e+01
   6.1818895e+01
   6.1911855e+01
   6.2024256e+01
   6.2158603e+01
   6.2296112e+01
   6.2405298e+01
   6.2462076e+01
   6.2433040e+01
   6.2299820e+01
   6.2047222e+01
   6.1648890e+01
   6.1101371e+01
   6.0399473e+01
   5.9531895e+01
   5.8507106e+01
   5.7337331e+01
   5.6047573e+01
   5.4683475e+01
   5.3317336e+01
   5.2038387e+01
   5.0897894e+01
   4.9901549e+01
   4.8990356e+01
   4.8048818e+01
   4.6986249e+01
   4.5724845e+01
   4.4232563e+01
   4.2598108e+01
   4.1031315e+01
   3.9927381e+01
   3.9581194e+01
   3.9753759e+01
   4.0001533e+01
   4.0063061e+01
   3.9844145e+01
   3.9358141e+01
   3.8690049e+01
   3.8044823e+01
   3.7698187e+01
   3.7788772e+01
   3.8213481e+01
   3.8715222e+01
   3.9092309e+01
   3.9257731e+01
   3.9142228e+01
   3.8738116e+01
   3.8075525e+01
   3.7160753e+01
   3.6097693e+01
   3.5081212e+01
   3.4281241e+01
   3.3850258e+01
   3.3824027e+01
   3.4023878e+01
   3.4284618e+01
   3.4494944e+01
   3.4541261e+01
   3.4490645e+01
   3.4348336e+01
   3.4069266e+01
   3.3726159e+01
   3.3310223e+01
   3.2942288e+01
   3.2776538e+01
   3.2863334e+01
   3.3256230e+01
   3.3864548e+01
   3.4557888e+01
   3.5213563e+01
   3.5698379e+01
   3.5969743e+01
   3.6020447e+01
   3.5860687e+01
   3.5480424e+01
   3.4903096e+01
   3.4227797e+01
   3.3508580e+01
   3.2831165e+01
   3.2261179e+01
   3.1737931e+01
   3.1188534e+01
   3.0460832e+01
   2.9306355e+01
   2.7491453e+01
   2.4724920e+01
   2.0296565e+01
   1.4765541e+01
   1.9107480e+01
   2.3767551e+01
   2.6537505e+01
   2.8097360e+01
   2.8716432e+01
   2.8644974e+01
   2.7948402e+01
   2.6225983e+01
   2.3215250e+01
   1.7791815e+01
   9.3523180e+00
   1.8575168e+01
   2.3521177e+01
   2.6251522e+01
   2.7743837e+01
   2.8441020e+01
   2.8444891e+01
   2.7932175e+01
   2.6996067e+01
   2.5836428e+01
   2.5158923e+01
   2.5628545e+01
   2.6957671e+01
   2.8388462e+01
   2.9503903e+01
   3.0237571e+01
   3.0587828e+01
   3.0549838e+01
   3.0182444e+01
   2.9596528e+01
   2.8907246e+01
   2.8347669e+01
   2.8252060e+01
   2.8673469e+01
   2.9363500e+01
   3.0036904e+01
   3.0527895e+01
   3.0821873e+01
   3.0831001e+01
   3.0487617e+01
   2.9881751e+01
   2.9104611e+01
   2.8191657e+01
   2.7191515e+01
   2.6457893e+01
   2.6304285e+01
   2.6552274e+01
   2.7055751e+01
   2.7616870e+01
   2.7975232e+01
   2.8193347e+01
   2.8223053e+01
   2.7958421e+01
   2.7435464e+01
   2.6674406e+01
   2.5728687e+01
   2.4649245e+01
   2.3632851e+01
   2.3070937e+01
   2.3233408e+01
   2.3915682e+01
   2.4701300e+01
   2.5417280e+01
   2.5941385e+01
   2.6163633e+01
   2.6046405e+01
   2.5561732e+01
   2.4779007e+01
   2.3645721e+01
   2.2101028e+01
   2.0383532e+01
   1.8899863e+01
   1.8214493e+01
   1.8615884e+01
   1.9617953e+01
   2.0564736e+01
   2.1254926e+01
   2.1666072e+01
   2.1803928e+01
   2.1858860e+01
   2.1669133e+01
   2.1191539e+01
   2.0611526e+01
   1.9861260e+01
   1.8953081e+01
   1.8092719e+01
   1.7699441e+01
   1.8106076e+01
   1.9297348e+01
   2.0918895e+01
   2.2519843e+01
   2.3841975e+01
   2.4746620e+01
   2.5323453e+01
   2.5635870e+01
   2.5573350e+01
   2.5209699e+01
   2.4539768e+01
   2.3617193e+01
   2.2748029e+01
   2.2152756e+01
   2.2040196e+01
   2.2437366e+01
   2.3106880e+01
   2.3773095e+01
   2.4183090e+01
   2.4245313e+01
   2.3974057e+01
   2.3409569e+01
   2.2443281e+01
   2.0996591e+01
   1.9341993e+01
   1.7770456e+01
   1.6938001e+01
   1.7314005e+01
   1.8177795e+01
   1.8992793e+01
   1.9527981e+01
   1.9604617e+01
   1.9337231e+01
   1.8565777e+01
   1.7370531e+01
   1.5605766e+01
   1.3169086e+01
   1.0235572e+01
   5.3912471e+00
  -2.5354544e+00
  -1.0829544e+01
   1.1168836e+00
   4.8149989e+00
   7.8562621e+00
   1.0126601e+01
   1.1800214e+01
   1.3223367e+01
   1.4601659e+01
   1.5187661e+01
   1.5298872e+01
   1.5284396e+01
   1.4697173e+01
   1.3554115e+01
   1.1592930e+01
   8.3706301e+00
   3.6390960e+00
   7.4625951e-01
   5.9457706e+00
   1.0188028e+01
   1.2703805e+01
   1.4280992e+01
   1.5584937e+01
   1.6119835e+01
   1.6223828e+01
   1.5909337e+01
   1.5030210e+01
   1.4015668e+01
   1.2031866e+01
   9.0956582e+00
   5.6865522e+00
   4.5519845e+00
   8.0820063e+00
   1.1631567e+01
   1.3705476e+01
   1.5289669e+01
   1.6303711e+01
   1.6606948e+01
   1.6738248e+01
   1.6215844e+01
   1.5173238e+01
   1.3759148e+01
   1.1491209e+01
   8.4104113e+00
   5.5180455e+00
   6.5763924e+00
   9.6422374e+00
   1.1966677e+01
   1.3790604e+01
   1.4666108e+01
   1.4858436e+01
   1.5003073e+01
   1.4405121e+01
   1.3447240e+01
   1.2029383e+01
   9.9464984e+00
   7.0937881e+00
   2.1514592e+00
  -6.9720979e+00
  -3.1628513e+00
   3.0479692e+00
   7.4953087e+00
   9.8588103e+00
   1.1495577e+01
   1.2672241e+01
   1.3280059e+01
   1.4037227e+01
   1.3900869e+01
   1.3511902e+01
   1.2784430e+01
   1.1254095e+01
   8.6771481e+00
   3.9954433e+00
  -4.7974936e+00
   1.1975361e-02
   6.3388288e+00
   1.0100962e+01
   1.2209179e+01
   1.3547668e+01
   1.4286995e+01
   1.4226349e+01
   1.4046635e+01
   1.3341335e+01
   1.1895632e+01
   9.2245950e+00
   5.3764687e+00
  -1.1725657e-01
  -2.6822081e+00
   4.0817659e+00
   8.1360867e+00
   1.0431485e+01
   1.1878181e+01
   1.2716652e+01
   1.3180589e+01
   1.3290498e+01
   1.3078510e+01
   1.2409366e+01
   1.0942131e+01
   8.9603102e+00
   5.8359961e+00
   1.0404026e+00
  -4.3123958e+00
   1.5406489e+00
   6.1613182e+00
   9.3676296e+00
   1.1319050e+01
   1.2351733e+01
   1.3094856e+01
   1.3462007e+01
   1.3099577e+01
   1.2331736e+01
   1.1011849e+01
   9.2680909e+00
   6.3649615e+00
   9.8599632e-01
  -7.2808186e+00
  -4.1601041e-01
   4.7212175e+00
   8.2996776e+00
   1.0014850e+01
   1.1208763e+01
   1.2091448e+01
   1.1833071e+01
   1.1939591e+01
   1.1467644e+01
   1.0399707e+01
   8.9921156e+00
   6.6136089e+00
   3.0304051e+00
  -4.6498929e+00
  -1.5325064e+01
   2.7441113e-01
   5.2830993e+00
   8.2387636e+00
   1.0116678e+01
   1.1195214e+01
   1.1886643e+01
   1.2004101e+01
   1.1820878e+01
   1.1139718e+01
   9.7202099e+00
   7.3933523e+00
   3.5484495e+00
  -2.8584960e+00
  -1.5062324e+00
   4.5971062e+00
   8.5006642e+00
   1.0702022e+01
   1.2045107e+01
   1.2961042e+01
   1.3502632e+01
   1.3398143e+01
   1.2835991e+01
   1.1920538e+01
   1.0529685e+01
   8.6462331e+00
   5.6024958e+00
   2.2188312e+00
   2.3754405e+00
   5.4336127e+00
   7.8967879e+00
   9.8223144e+00
   1.1409550e+01
   1.2326104e+01
   1.2533743e+01
   1.2495717e+01
   1.2040259e+01
   1.1170147e+01
   9.7365718e+00
   7.3308226e+00
   4.3499955e+00
   2.0589630e+00
   3.7183339e+00
   7.0696852e+00
   9.7624447e+00
   1.1440694e+01
   1.2531943e+01
   1.3115905e+01
   1.3247027e+01
   1.3213798e+01
   1.2557708e+01
   1.1234175e+01
   9.6686038e+00
   7.0067589e+00
   3.6474722e+00
   3.2265283e+00
   5.9316201e+00
   8.3909539e+00
   1.0419979e+01
   1.1774734e+01
   1.2457627e+01
   1.2759802e+01
   1.2530212e+01
   1.1906514e+01
   1.0934903e+01
   9.2285472e+00
   6.5468019e+00
   2.4886581e+00
  -2.1398302e+00
   1.1839562e-01
   4.4011360e+00
   7.1546811e+00
   9.1374039e+00
   1.0355018e+01
   1.0879339e+01
   1.1026899e+01
   1.0721712e+01
   9.7257534e+00
   8.2956304e+00
   6.4734440e+00
   3.6095225e+00
  -2.1021484e+00
  -9.5808034e+00
  -1.1378596e+00
   3.8350140e+00
   6.4892187e+00
   8.2594265e+00
   9.3845508e+00
   9.6513083e+00
   9.8455832e+00
   9.1158811e+00
   8.4201577e+00
   7.1775072e+00
   4.0695751e+00
   7.2904051e-01
  -6.4801774e+00
  -1.0307937e+01
  -8.8047065e-01
   2.8300514e+00
   5.2853872e+00
   6.8629643e+00
   7.6678688e+00
   8.2969077e+00
   7.9513344e+00
   7.6073746e+00
   6.8094051e+00
   5.5925220e+00
   4.0425659e+00
   1.8061728e+00
  -6.9703240e-01
  -1.8912896e+00
  -1.7401984e+00
   4.4074390e-01
   2.6333972e+00
   4.1640520e+00
   5.4817472e+00
   6.1665884e+00
   6.1972508e+00
   5.9988347e+00
   5.5754843e+00
   4.7191900e+00
   4.1604921e+00
   2.6029531e+00
   2.0792710e+00
  -5.1027086e-03
   1.0233238e-01
   9.9157082e-01
   1.9190608e+00
   2.6410197e+00
   3.1564774e+00
   3.6361622e+00
   3.3352605e+00
   3.5570963e+00
   3.6934238e+00
   3.6000787e+00
   4.3465850e+00
   4.1730846e+00
   4.0616019e+00
   4.4723045e+00
   3.6324532e+00
   2.8678853e+00
   1.3797320e+00
   1.8586559e-01
  -2.2261026e+00
  -1.6699085e+00
  -8.3744940e-01
   1.8461586e+00
   3.7620414e+00
   5.6401348e+00
   6.6321957e+00
   7.4655615e+00
   7.6329296e+00
   7.0544653e+00
   6.3564707e+00
   4.0386853e+00
   9.8670108e-01
  -3.5405404e+00
  -1.8328830e+01
  -4.0189103e+00
   1.8780642e+00
   5.1883246e+00
   7.5817789e+00
   8.7254228e+00
   9.4531993e+00
   9.6931258e+00
   9.5554263e+00
   8.9365258e+00
   7.6511112e+00
   5.7679616e+00
   3.2248959e+00
   7.4442636e-01
   8.0252809e-01
   3.4353468e+00
   6.1090733e+00
   8.2373283e+00
   9.6885569e+00
   1.0449612e+01
   1.0723116e+01
   1.0647768e+01
   1.0057748e+01
   9.0923841e+00
   7.6326368e+00
   5.3547162e+00
   2.6995062e+00
   2.1033710e+00
   4.3246217e+00
   6.7097453e+00
   8.7901886e+00
   1.0307590e+01
   1.1114926e+01
   1.1610415e+01
   1.1742533e+01
   1.1419939e+01
   1.0336148e+01
   9.0137443e+00
   7.4943172e+00
   4.8089585e+00
   2.2607468e+00
   2.2500094e+00
   4.3976086e+00
   6.9251443e+00
   8.9483931e+00
   1.0261227e+01
   1.1136399e+01
   1.1401365e+01
   1.1214819e+01
   1.0720463e+01
   9.8755095e+00
   8.3988697e+00
   6.0847746e+00
   3.6513819e+00
   2.4456953e+00
   3.5018569e+00
   5.6946466e+00
   8.1145635e+00
   9.7142860e+00
   1.0654513e+01
   1.1315783e+01
   1.1418122e+01
   1.1286304e+01
   1.0504354e+01
   9.2012706e+00
   8.0331176e+00
   5.6336536e+00
   2.2346567e+00
   1.0552216e+00
   3.0803273e+00
   5.4862688e+00
   7.5781482e+00
   9.1076921e+00
   9.9826415e+00
   1.0651411e+01
   1.0603188e+01
   9.9296230e+00
   9.3325854e+00
   8.0377727e+00
   6.0229923e+00
   3.2819732e+00
  -7.2217361e-01
  -1.9476708e+00
   1.7302957e+00
   4.7080055e+00
   6.4632715e+00
   7.9030557e+00
   8.7695575e+00
   9.3006590e+00
   9.4404736e+00
   8.6903260e+00
   7.9600257e+00
   6.5534875e+00
   3.6572961e+00
   6.4303536e-01
  -3.1371781e+00
  -2.9669165e+00
   9.5292218e-01
   4.1111798e+00
   6.3549824e+00
   7.5698702e+00
   8.4049860e+00
   8.8402000e+00
   8.1915081e+00
   7.6628765e+00
   6.7062743e+00
   4.7703013e+00
   2.1009465e+00
  -2.8200637e+00
  -9.7358262e+00
  -4.8487182e+00
   2.1395498e-01
   3.6649750e+00
   5.5291167e+00
   6.4575148e+00
   7.0946033e+00
   6.8981974e+00
   6.6028852e+00
   5.9252559e+00
   3.9749825e+00
   8.9323277e-01
  -3.6327234e+00
  -1.1631681e+01
  -1.0089009e+01
  -3.1241237e+00
   4.2679595e-01
   2.9799658e+00
   4.1298964e+00
   4.4680487e+00
   4.7190388e+00
   4.4443825e+00
   3.6840614e+00
   1.5857277e+00
   6.7584501e-02
  -1.9859045e+00
  -3.7154837e+00
  -2.5329786e+00
  -1.1506840e+00
  -3.6652585e-02
   4.3540292e-01
   7.6563672e-01
   7.8364501e-01
   6.0204342e-01
  -6.3473529e-01
  -5.4518733e-02
   4.4865720e-01
   6.6236782e-01
   1.8416797e+00
   3.1410907e+00
   3.4000631e+00
   3.2057362e+00
   3.0202537e+00
   2.2472226e+00
   5.6618731e-01
  -2.1004199e+00
  -9.2432218e+00
  -1.1575363e+01
  -5.4697433e+00
  -1.4930147e-01
   2.7311425e+00
   4.9738199e+00
   6.1129544e+00
   6.7419550e+00
   7.0390371e+00
   6.3860107e+00
   5.6104977e+00
   4.1605414e+00
   1.7334978e+00
  -2.2793369e+00
  -8.2418199e+00
  -4.3974366e+00
   8.4659399e-01
   4.1078510e+00
   6.0497117e+00
   7.1097398e+00
   7.9678149e+00
   8.3376735e+00
   8.0906856e+00
   7.2869066e+00
   5.9310171e+00
   3.9714966e+00
   1.0742409e+00
  -2.3800210e+00
  -2.8866506e+00
   5.9460212e-01
   3.8803312e+00
   5.8279154e+00
   7.2702569e+00
   8.2851324e+00
   8.5644248e+00
   8.3427092e+00
   7.8942850e+00
   7.0397939e+00
   5.3131473e+00
   3.1806714e+00
   2.2677479e-02
  -3.5903659e+00
  -2.2038437e+00
   1.6775821e+00
   4.4620037e+00
   6.1600901e+00
   7.1684449e+00
   7.9589033e+00
   8.1577573e+00
   7.9945550e+00
   7.4044858e+00
   6.1810803e+00
   4.5387568e+00
   1.7578813e+00
  -1.7198434e+00
  -3.0570760e+00
  -2.1076567e-01
   3.2309277e+00
   5.6687802e+00
   7.1364770e+00
   8.1725569e+00
   8.5948554e+00
   8.6983859e+00
   8.4461179e+00
   7.5784867e+00
   6.3824226e+00
   4.7743697e+00
   2.0246773e+00
  -1.1255216e+00
  -1.2091620e+00
   1.5778798e+00
   4.0028796e+00
   5.9230437e+00
   7.2691964e+00
   8.2087543e+00
   8.6051338e+00
   8.6401653e+00
   8.5418879e+00
   7.4934983e+00
   5.9219717e+00
   4.2258588e+00
   1.5116523e+00
  -8.3229959e-01
  -2.9625027e-02
   2.3218003e+00
   4.3390207e+00
   6.1993683e+00
   7.4560894e+00
   8.0393673e+00
   8.1636072e+00
   7.8668195e+00
   7.2286369e+00
   6.0472367e+00
   4.0576012e+00
   9.7614993e-01
  -3.0921955e+00
  -5.6495491e+00
  -2.3558221e+00
   1.4858688e+00
   3.8149064e+00
   5.1575845e+00
   6.4228126e+00
   6.5915959e+00
   6.1454141e+00
   5.3723843e+00
   3.9864685e+00
   2.0386302e+00
  -1.8573444e+00
  -8.2960502e+00
  -1.4352985e+01
  -5.7352242e+00
  -1.1375481e+00
   2.1616027e+00
   3.3584181e+00
   4.5794767e+00
   4.9849221e+00
   4.7301141e+00
   4.2106105e+00
   2.7864227e+00
   6.6376325e-01
  -2.7263389e+00
  -9.6912909e+00
  -1.1011940e+01
  -8.3861755e+00
  -3.4398147e+00
  -2.8536091e-01
   1.0615970e+00
   1.9315374e+00
   2.3733671e+00
   2.3386135e+00
   1.1983097e+00
   4.1445797e-01
  -2.0973048e+00
  -4.4393217e+00
  -7.0311935e+00
  -7.9663269e+00
  -3.7229881e+00
  -1.5479696e+00
   2.1972367e-01
   1.1737481e+00
   1.6832764e+00
   1.4792404e+00
   1.2138602e+00
   3.2157553e-01
  -1.1971987e+00
  -2.8591543e+00
  -5.3847390e+00
  -3.9731411e+00
  -2.6639397e+00
  -1.0468067e+00
   8.0758214e-01
   1.6282876e+00
   1.7409760e+00
   9.0670185e-01
  -2.5745382e-01
  -1.8613620e+00
  -4.5820508e+00
  -1.1919908e+01
  -9.3429539e+00
  -4.3781025e+00
  -9.1649752e-01
   1.6415605e+00
   3.0026545e+00
   3.9391186e+00
   4.1330605e+00
   3.9436642e+00
   3.0332926e+00
   1.0844905e+00
  -4.0035730e-01
  -3.8964202e+00
  -1.3310134e+01
  -1.3035035e+01
  -4.1322864e+00
  -5.8701548e-01
   2.4710492e+00
   4.0295834e+00
   4.9849171e+00
   5.6600437e+00
   5.3751478e+00
   4.8545367e+00
   3.8613592e+00
   2.0428823e+00
  -8.1827550e-01
  -4.4808831e+00
  -7.6082246e+00
  -4.1814367e+00
  -1.3242045e-01
   2.6365066e+00
   4.2978456e+00
   5.5619381e+00
   5.9598614e+00
   6.1679316e+00
   5.7600470e+00
   4.6644665e+00
   3.4418429e+00
   5.8823721e-01
  -2.9912377e+00
  -5.7032494e+00
  -3.5931060e+00
  -1.5322162e-01
   2.8180705e+00
   4.8239791e+00
   5.9894065e+00
   6.4977059e+00
   6.6531403e+00
   6.4241910e+00
   5.7340160e+00
   4.3692674e+00
   2.3073440e+00
  -1.1015284e-01
  -3.2423337e+00
  -4.7681794e+00
  -2.0327439e+00
   1.6082311e+00
   3.9804154e+00
   5.0286042e+00
   6.0123936e+00
   6.4461678e+00
   6.3307494e+00
   5.9575637e+00
   4.9045548e+00
   3.4043097e+00
   8.3425500e-01
  -2.4813686e+00
  -4.9695291e+00
  -3.3859858e+00
   2.6379203e-01
   3.0700773e+00
   4.5364469e+00
   5.8833675e+00
   6.8175493e+00
   7.0918183e+00
   7.0079602e+00
   6.4147197e+00
   5.3841771e+00
   3.7560409e+00
   1.5683178e+00
  -8.0384404e-01
  -2.2873836e+00
  -1.0809145e+00
   1.6669770e+00
   3.8529509e+00
   5.0922117e+00
   6.1636930e+00
   6.6656980e+00
   6.6460629e+00
   6.1990112e+00
   5.1504172e+00
   4.2132302e+00
   2.2709724e+00
  -1.0547535e+00
  -4.3964374e+00
  -5.7617534e+00
  -3.1531983e+00
   6.8153638e-02
   2.5035272e+00
   3.8494875e+00
   4.6106156e+00
   5.2783267e+00
   5.3059065e+00
   4.8369365e+00
   4.0617138e+00
   2.1288779e+00
  -4.5825177e-02
  -3.1760189e+00
  -9.5649547e+00
  -1.0680502e+01
  -4.4473047e+00
  -9.2732871e-01
   1.2008162e+00
   2.8385257e+00
   3.0948365e+00
   3.5279316e+00
   3.5966856e+00
   2.3294534e+00
   1.3625060e+00
  -4.8531833e-01
  -3.5914028e+00
  -7.5109361e+00
  -1.5020215e+01
  -1.0449038e+01
  -4.6754769e+00
  -1.9943822e+00
  -2.4148350e-01
   2.1604574e-01
   4.4232992e-01
   2.0334697e-01
  -9.3185136e-01
  -1.4568043e+00
  -3.5818630e+00
  -5.5395400e+00
  -6.9394742e+00
  -5.8341322e+00
  -3.3330774e+00
  -2.8946881e+00
  -1.8448737e+00
  -8.3895934e-01
  -1.5023458e+00
  -1.6639223e+00
  -2.1784137e+00
  -4.0231117e+00
  -4.7647358e+00
  -4.7229753e+00
  -3.5122658e+00
  -2.1586398e+00
  -1.0815491e+00
  -6.6256391e-01
  -6.1821402e-01
  -4.3068280e-01
  -1.7513735e+00
  -3.3679634e+00
  -4.8343585e+00
  -1.0632280e+01
  -1.1057288e+01
  -7.1126135e+00
  -3.7925451e+00
  -1.6601024e+00
   5.5649025e-01
   1.6884236e+00
   2.3058947e+00
   2.3993994e+00
   1.7901540e+00
   8.8942701e-01
  -9.3279438e-01
  -3.4036262e+00
  -8.1499540e+00
  -2.4674236e+01
  -1.1658052e+01
  -4.6746040e+00
  -9.8973042e-01
   7.2764692e-01
   2.4230414e+00
   3.2680862e+00
   3.3810023e+00
   3.4410712e+00
   2.4344353e+00
   1.2903916e+00
  -5.0543413e-01
  -4.5934125e+00
  -1.0413022e+01
  -9.5194305e+00
  -4.2942686e+00
  -6.5268532e-01
   1.8154878e+00
   3.3976944e+00
   4.1857222e+00
   4.7188020e+00
   4.7954742e+00
   3.9850508e+00
   3.4475838e+00
   1.8644872e+00
  -1.2655462e+00
  -3.8410547e+00
  -5.8806930e+00
  -4.4130420e+00
  -7.2743134e-01
   1.9174300e+00
   3.3501679e+00
   4.5907671e+00
   5.1667152e+00
   5.3157380e+00
   5.0956496e+00
   4.2755546e+00
   3.2344384e+00
   1.3767866e+00
  -1.3128535e+00
  -3.5452503e+00
  -3.5340481e+00
  -1.0645426e+00
   1.8688359e+00
   3.8371112e+00
   5.0698827e+00
   5.7324970e+00
   6.0575348e+00
   6.2200444e+00
   5.8406917e+00
   4.9034489e+00
   3.1715634e+00
   1.1590623e+00
  -5.9308198e-01
  -2.0631345e+00
  -1.4535192e+00
   6.2615708e-01
   2.4294313e+00
   3.8128826e+00
   5.1689776e+00
   5.8792744e+00
   5.6136858e+00
   5.4626431e+00
   4.8696791e+00
   3.3638175e+00
   1.8040564e+00
  -9.0834887e-01
  -3.6531630e+00
  -3.5073339e+00
  -1.3885533e+00
   4.8045069e-01
   2.3096586e+00
   3.8195025e+00
   4.6056297e+00
   4.6892116e+00
   4.4635737e+00
   3.4683713e+00
   2.3193894e+00
   6.1761229e-01
  -3.0635054e+00
  -7.1058237e+00
  -8.9750022e+00
  -5.1899571e+00
  -1.6955870e+00
   8.6482568e-01
   2.5911261e+00
   3.2728309e+00
   3.5499536e+00
   3.5263045e+00
   2.3795705e+00
   1.1109738e+00
  -1.1979335e+00
  -5.6023807e+00
  -1.2644866e+01
  -2.0920832e+01
  -7.4020961e+00
  -2.5648873e+00
  -1.5355018e-02
   1.4372355e+00
   1.9623298e+00
   2.8936527e+00
   2.5757678e+00
   1.8699364e+00
   1.2274213e+00
  -1.4771063e+00
  -3.5587537e+00
  -7.9704544e+00
  -1.4712374e+01
  -1.3287207e+01
  -6.2532972e+00
  -4.8975548e+00
  -2.4365944e+00
  -4.9859160e-01
   4.2840770e-02
  -7.7587352e-02
  -2.4160136e-01
  -1.3020408e+00
  -2.7792721e+00
  -3.4240990e+00
  -4.6199293e+00
  -5.9991326e+00
  -6.6766167e+00
  -6.2977494e+00
  -4.7570270e+00
  -4.6816384e+00
  -5.1346920e+00
  -4.3176462e+00
  -5.3237605e+00
  -5.1389727e+00
  -6.2088258e+00
  -5.1583671e+00
  -4.3352643e+00
  -5.0024302e+00
  -3.6210370e+00
  -2.7831648e+00
  -2.7475230e+00
  -2.2173996e+00
  -2.8307116e+00
  -3.1310133e+00
  -4.3770584e+00
  -4.8078133e+00
  -6.3246833e+00
  -5.4994935e+00
  -5.1324727e+00
  -5.0466478e+00
  -3.6503916e+00
  -2.5388202e+00
  -1.2618431e+00
  -2.3413161e+00
  -1.1950193e+00
  -1.0749196e+00
  -2.2894443e+00
  -2.9469936e+00
  -3.9927975e+00
  -6.7391094e+00
  -1.1913259e+01
  -1.3892787e+01
  -1.1566357e+01
  -6.1256901e+00
  -3.3515559e+00
  -1.9344338e+00
  -4.3844574e-01
   1.7380295e-01
   9.3753691e-01
   9.0504186e-01
  -1.9822623e-01
  -1.3247288e+00
  -3.1852525e+00
  -6.7354735e+00
  -1.3942949e+01
  -1.9192638e+01
  -7.1542266e+00
  -3.6278987e+00
  -1.0978181e+00
   3.8117871e-01
   1.1572640e+00
   2.0655999e+00
   1.5119297e+00
   1.2042628e+00
  -1.2123521e-01
  -2.3470901e+00
  -4.7187215e+00
  -1.0843329e+01
  -1.3063401e+01
  -6.0569975e+00
  -2.7010391e+00
  -3.4665168e-01
   1.3112789e+00
   1.7493580e+00
   2.4435002e+00
   2.6931763e+00
   1.9556176e+00
   7.3120868e-01
  -1.0347097e+00
  -4.0494421e+00
  -7.0982850e+00
  -7.0139553e+00
  -4.3019867e+00
  -1.6590273e+00
   1.1531486e+00
   2.7215403e+00
   3.3110694e+00
   3.6950237e+00
   3.6989525e+00
   3.0978883e+00
   2.3670722e+00
   8.3269213e-01
  -1.4168962e+00
  -4.3836487e+00
  -8.8409346e+00
  -8.6787310e+00
  -4.1135973e+00
  -1.4289625e+00
   3.6604280e-01
   1.7328822e+00
   2.5992995e+00
   2.6683398e+00
   2.7633635e+00
   2.2496102e+00
   5.6415240e-01
  -5.1722520e-01
  -3.8410848e+00
  -7.8241842e+00
  -9.1473567e+00
  -6.9003271e+00
  -3.8939505e+00
  -4.6364400e-01
   6.0613010e-01
   2.1808494e+00
   2.9586655e+00
   2.9080575e+00
   2.9182396e+00
   2.0846922e+00
   1.1835052e+00
  -9.9657955e-01
  -3.7569564e+00
  -7.8850592e+00
  -1.1858767e+01
  -7.2230484e+00
  -2.9948165e+00
  -5.8820925e-01
   1.3939607e+00
   2.3458332e+00
   2.9013782e+00
   2.5027315e+00
   2.0576439e+00
   1.6734360e+00
  -2.6442952e-01
  -3.0090599e+00
  -6.2750532e+00
  -1.1616288e+01
  -1.1776187e+01
  -7.5913877e+00
  -3.3347420e+00
  -5.7016292e-01
   2.3050215e-01
   8.6900302e-01
   1.0507041e+00
   8.2601157e-01
  -5.8256641e-01
  -2.0107443e+00
  -4.5075629e+00
  -1.0203176e+01
  -1.5532703e+01
  -1.3671233e+01
  -8.7059201e+00
  -5.0590942e+00
  -2.5999678e+00
  -2.5157307e+00
  -1.8870000e+00
  -2.4175068e+00
  -2.7410002e+00
  -3.3197742e+00
  -6.4823026e+00
  -6.1668852e+00
  -7.3823622e+00
  -8.1956036e+00
  -6.9879831e+00
  -5.4433380e+00
  -4.3800438e+00
  -4.2943184e+00
  -4.3534997e+00
  -4.7827748e+00
  -4.3935984e+00
  -5.2665602e+00
  -6.1076242e+00
  -4.6930722e+00
  -4.7966070e+00
  -5.1136394e+00
  -3.9607362e+00
  -3.9103584e+00
  -3.3234487e+00
  -3.6913196e+00
  -4.7802304e+00
  -6.3623664e+00
  -7.5855606e+00
  -7.3116377e+00
  -9.1124387e+00
  -9.4224113e+00
  -7.2476690e+00
  -4.8181920e+00
  -4.0511300e+00
  -2.3221392e+00
  -2.1867192e+00
  -2.3621031e+00
  -2.2661891e+00
  -3.9598482e+00
  -5.0370069e+00
  -7.9205617e+00
  -1.1036992e+01
  -1.4317565e+01
  -1.0887044e+01
  -7.5654236e+00
  -4.6766541e+00
  -2.5170193e+00
  -1.2983396e+00
  -6.7376272e-01
  -5.8032541e-01
  -1.2852627e+00
  -2.0147336e+00
  -2.3624659e+00
  -4.9794769e+00
  -8.5488466e+00
  -1.8030222e+01
  -1.7344502e+01
  -1.1907302e+01
  -6.1682896e+00
  -3.2963833e+00
  -1.0583314e+00
  -7.5794820e-01
  -3.2886726e-01
   2.5769554e-01
  -2.2470838e-01
  -3.9257021e-01
  -1.8779962e+00
  -4.0247663e+00
  -7.0233539e+00
  -1.3362659e+01
  -2.7130206e+01
  -1.1740958e+01
  -5.8745777e+00
  -2.4630250e+00
  -7.3392567e-01
   5.5351459e-01
   1.3332139e+00
   1.3432954e+00
   3.6987059e-01
   2.1170743e-01
  -8.2341021e-01
  -3.2082260e+00
  -5.9667936e+00
  -1.2770444e+01
  -1.3777637e+01
  -6.5221252e+00
  -3.2082056e+00
  -6.0555221e-01
   1.3924699e+00
   1.7211203e+00
   2.2701404e+00
   2.2771882e+00
   1.8113387e+00
   3.8477063e-01
  -2.0213132e+00
  -4.0989505e+00
  -8.7057198e+00
  -1.4068148e+01
  -9.6490272e+00
  -4.0853134e+00
  -1.6234208e+00
  -2.9890906e-01
   1.6542566e+00
   2.0779027e+00
   2.0664359e+00
   1.9646554e+00
   8.8220498e-01
   5.2467804e-02
  -2.2858090e+00
  -5.3713094e+00
  -9.7757605e+00
  -1.4671077e+01
  -9.9384142e+00
  -4.8864413e+00
  -2.3890766e+00
  -5.2247521e-01
   3.4392833e-01
   1.0514243e+00
   1.3487424e+00
   6.0010433e-01
  -1.1532154e-01
  -1.7513652e+00
  -4.4518009e+00
  -9.6127277e+00
  -1.9946695e+01
  -1.3542893e+01
  -6.9940469e+00
  -3.6776932e+00
  -8.5987503e-01
  -1.3769590e-01
  -4.7459223e-02
   3.9186595e-01
  -4.1483618e-01
  -1.0236057e+00
  -2.6115434e+00
  -5.7992403e+00
  -8.8155690e+00
  -1.3222298e+01
  -1.8785656e+01
  -1.5089854e+01
  -1.0523201e+01
  -5.4816815e+00
  -4.3345865e+00
  -3.5351123e+00
  -1.7772800e+00
  -1.5388201e+00
  -7.8688965e-01
  -1.4615284e+00
  -1.6091647e+00
  -2.1003692e+00
  -3.6183609e+00
  -5.0251331e+00
  -1.0069532e+01
  -1.5704772e+01
  -1.2130476e+01
  -6.3703796e+00
  -3.0228642e+00
  -5.4879690e-01
   1.3630003e+00
   2.5022536e+00
   3.0296619e+00
   3.5574695e+00
   3.2191753e+00
   2.5873800e+00
   1.5390242e+00
  -3.4497510e-01
  -2.6194900e+00
  -5.9018885e+00
  -7.6192214e+00
  -5.5293522e+00
  -3.2816183e+00
  -1.6966430e+00
  -1.5945747e-01
   7.4993479e-01
   1.0057721e+00
   8.9154971e-01
   5.3168160e-01
  -2.4267939e-01
  -1.4441716e+00
  -3.6230764e+00
  -5.5279014e+00
  -8.1980893e+00
  -1.1246513e+01
  -1.0830087e+01
  -9.6791133e+00
  -9.0161984e+00
  -7.9910924e+00
  -7.6920547e+00
  -5.5940085e+00
  -4.8252287e+00
  -4.8023965e+00
  -3.8739733e+00
  -3.4203693e+00
  -3.5310078e+00
  -3.9344950e+00
  -5.1686218e+00
  -5.9172114e+00
  -6.9565790e+00
  -1.2460407e+01
  -1.2414065e+01
  -1.0046132e+01
  -6.5832823e+00
  -5.0996132e+00
  -4.1689221e+00
  -2.8902396e+00
  -1.7899108e+00
  -2.1126018e+00
  -2.6846875e+00
  -3.4349858e+00
  -5.2919771e+00
  -7.7386934e+00
  -1.2252166e+01
  -2.3434086e+01
  -1.4538955e+01
  -8.7650273e+00
  -5.3808197e+00
  -2.8724122e+00
  -1.2173284e+00
  -1.3968683e+00
  -1.5406605e+00
  -1.4639429e+00
  -2.8927890e+00
  -3.4283884e+00
  -5.4674768e+00
  -9.3037785e+00
  -1.7325292e+01
  -2.0294164e+01
  -1.1473368e+01
  -5.4690923e+00
  -3.2573690e+00
  -1.4920670e+00
  -3.4157475e-01
   1.2944394e-01
   3.9854859e-01
  -1.0485573e-01
  -5.3805238e-01
  -1.4794984e+00
  -3.4233689e+00
  -5.8021472e+00
  -7.6920677e+00
  -1.0642384e+01
  -1.0569751e+01
  -6.1621171e+00
  -3.1717850e+00
  -1.7101254e+00
   3.7828671e-01
   1.3779650e+00
   2.0053127e+00
   2.6082120e+00
   2.3642405e+00
   1.7281242e+00
   8.5445008e-01
  -4.4889685e-01
  -2.3725945e+00
  -4.2168285e+00
  -5.2563224e+00
  -4.6705765e+00
  -2.5212592e+00
  -4.3275498e-01
   6.8326874e-01
   1.6297504e+00
   2.2377584e+00
   2.0472695e+00
   1.0951561e+00
  -2.0783842e-01
  -1.8625771e+00
  -5.3853876e+00
  -1.2068481e+01
  -3.5058880e+01
  -1.1817328e+01
  -5.6316343e+00
  -2.4430132e+00
  -1.2180462e+00
  -6.4938267e-01
   8.4476481e-02
  -5.2931908e-01
  -1.7004593e+00
  -3.6524704e+00
  -8.2963436e+00
  -1.5017788e+01
  -3.1069646e+01
  -1.1620255e+01
  -5.9403844e+00
  -3.1851349e+00
  -1.4436849e+00
  -1.7092196e-01
  -3.3707948e-01
  -7.4749813e-01
  -9.8228512e-01
  -2.2579122e+00
  -4.0410794e+00
  -7.3082533e+00
  -1.3225088e+01
  -1.9154458e+01
  -1.5790813e+01
  -9.0768081e+00
  -6.3653842e+00
  -3.8691444e+00
  -3.5207379e+00
  -2.5958757e+00
  -2.1206329e+00
  -2.6773117e+00
  -3.4367311e+00
  -4.5971233e+00
  -5.1844630e+00
  -7.3325358e+00
  -1.1181487e+01
  -1.2480891e+01
  -1.4841575e+01
  -1.3496418e+01
  -8.2676134e+00
  -7.2349300e+00
  -5.4049167e+00
  -4.6371480e+00
  -3.9445975e+00
  -3.7250083e+00
  -3.8644755e+00
  -4.8001186e+00
  -5.4897288e+00
  -6.0691454e+00
  -6.0760312e+00
  -7.2815425e+00
  -9.1398438e+00
  -9.2379949e+00
  -9.6501618e+00
  -8.8777403e+00
  -8.8864572e+00
  -7.9247894e+00
  -9.6512995e+00
  -6.1342051e+00
  -5.5223245e+00
  -5.1333809e+00
  -4.2411236e+00
  -4.8446937e+00
  -4.6820416e+00
  -5.1634285e+00
  -6.8591807e+00
  -7.3045636e+00
  -9.2552429e+00
  -9.4262381e+00
  -1.0779703e+01
  -8.9945933e+00
  -8.0984340e+00
  -6.9497296e+00
  -4.9770755e+00
  -4.6514095e+00
  -3.7058857e+00
  -4.5584899e+00
  -5.0274565e+00
  -5.9550526e+00
  -6.1833380e+00
  -6.5980881e+00
  -9.2229290e+00
  -1.1873606e+01
  -1.0894024e+01
  -1.1553746e+01
  -9.4682066e+00
  -7.6420663e+00
  -5.4083281e+00
  -4.8239304e+00
  -4.8738393e+00
  -3.7981570e+00
  -3.7877173e+00
  -4.1981901e+00
  -5.7011512e+00
  -7.8714889e+00
  -9.3304602e+00
  -1.2698157e+01
  -1.7360170e+01
  -1.2482872e+01
  -9.3146251e+00
  -5.6659111e+00
  -4.2015106e+00
  -2.4364606e+00
  -1.8732762e+00
  -1.5330860e+00
  -1.6217310e+00
  -2.2641422e+00
  -3.9828573e+00
  -7.4151772e+00
  -1.0230277e+01
  -2.0503736e+01
  -1.8258059e+01
  -1.0235222e+01
  -5.6531669e+00
  -3.2939956e+00
  -2.0540854e+00
  -1.0831782e+00
  -5.3135767e-01
  -1.3452176e+00
  -1.6960979e+00
  -2.9893144e+00
  -5.2955370e+00
  -7.8241561e+00
  -1.6305348e+01
  -2.0538185e+01
  -1.1256406e+01
  -6.2886887e+00
  -3.9232337e+00
  -2.5112230e+00
  -1.2768385e+00
  -6.8731829e-01
  -1.4657282e+00
  -1.4291496e+00
  -2.0985527e+00
  -4.6921588e+00
  -6.7736338e+00
  -1.0928363e+01
  -1.9228877e+01
  -2.1045938e+01
  -1.0061406e+01
  -6.0548149e+00
  -3.7412423e+00
  -2.9248714e+00
  -2.2100990e+00
  -1.6903087e+00
  -2.3013464e+00
  -2.5318579e+00
  -3.4670243e+00
  -5.5387917e+00
  -9.1998038e+00
  -1.4989717e+01
  -2.9122784e+01
  -1.2834681e+01
  -8.7591670e+00
  -5.6607550e+00
  -3.6421345e+00
  -2.6009948e+00
  -1.8746909e+00
  -2.2933346e+00
  -2.7090391e+00
  -3.4576817e+00
  -5.0160057e+00
  -7.3190929e+00
  -1.1083342e+01
  -1.8650863e+01
  -1.7256667e+01
  -1.0431282e+01
  -7.4125911e+00
  -5.4405726e+00
  -4.2286407e+00
  -3.3467413e+00
  -2.7440991e+00
  -3.1163645e+00
  -3.2743400e+00
  -4.3378250e+00
  -6.8328262e+00
  -1.0090201e+01
  -1.5451769e+01
  -1.9526705e+01
  -1.3998593e+01
  -9.3322992e+00
  -6.8355242e+00
  -4.6384069e+00
  -3.5203921e+00
  -3.3819828e+00
  -3.1929777e+00
  -3.2392689e+00
  -5.1671999e+00
  -6.0845630e+00
  -7.8952696e+00
  -8.9721251e+00
  -1.0507025e+01
  -1.3476558e+01
  -1.1716490e+01
  -9.6130799e+00
  -7.0908673e+00
  -6.8606622e+00
  -6.4196424e+00
  -6.0079487e+00
  -5.8732750e+00
  -6.6061842e+00
  -5.5250344e+00
  -6.0253824e+00
  -6.9987420e+00
  -6.9324233e+00
  -8.1018669e+00
  -8.5077595e+00
  -1.1815863e+01
  -1.2980863e+01
  -1.4423683e+01
  -1.1657716e+01
  -7.7037130e+00
  -5.0502810e+00
  -3.2524059e+00
  -2.7102369e+00
  -1.4942535e+00
  -1.8195786e+00
  -2.2475193e+00
  -2.6867181e+00
  -4.8172228e+00
  -6.8186577e+00
  -1.0098810e+01
  -1.3681698e+01
  -1.1225109e+01
  -7.5735951e+00
  -4.4345924e+00
  -2.4868746e+00
  -1.2893040e+00
  -6.7635235e-01
  -1.0875191e+00
  -4.4959261e-01
  -1.2601482e+00
  -2.5358011e+00
  -3.3827642e+00
  -6.1617695e+00
  -9.3487334e+00
  -1.6751125e+01
  -2.5295702e+01
  -1.7355434e+01
  -1.1826367e+01
  -7.2964579e+00
  -4.5059867e+00
  -4.6357784e+00
  -3.0733727e+00
  -2.8252400e+00
  -2.7479015e+00
  -2.3034286e+00
  -3.2524300e+00
  -4.5396951e+00
  -6.4324074e+00
  -9.4935800e+00
  -1.3134235e+01
  -2.3652905e+01
  -1.6259415e+01
  -1.0893234e+01
  -7.0235061e+00
  -5.3910175e+00
  -4.1659220e+00
  -3.0668772e+00
  -3.5170513e+00
  -2.8842206e+00
  -3.6704263e+00
  -4.8695307e+00
  -6.3408380e+00
  -9.8724770e+00
  -1.3496296e+01
  -1.9757441e+01
  -1.6238256e+01
  -1.0573047e+01
  -8.1692191e+00
  -5.7136251e+00
  -3.9468675e+00
  -3.3126867e+00
  -2.6098554e+00
  -2.8565179e+00
  -3.3142930e+00
  -4.1994629e+00
  -6.3829225e+00
  -1.0689250e+01
  -1.6398826e+01
  -2.4724012e+01
  -1.3554975e+01
  -9.1813575e+00
  -5.9799071e+00
  -4.3610443e+00
  -3.2127258e+00
  -2.0438219e+00
  -2.0073428e+00
  -3.1276918e+00
  -3.8756306e+00
  -5.3948512e+00
  -9.5247163e+00
  -1.2525649e+01
  -2.3929519e+01
  -1.3401075e+01
  -8.7962278e+00
  -5.9221412e+00
  -4.4881837e+00
  -3.2554906e+00
  -2.2376661e+00
  -1.8606448e+00
  -1.8517424e+00
  -2.6824106e+00
  -3.9396588e+00
  -5.0754477e+00
  -7.6080781e+00
  -1.1152330e+01
  -1.5336116e+01
  -3.1898183e+01
  -1.7409296e+01
  -1.0190767e+01
  -7.0024704e+00
  -4.4675267e+00
  -3.1837463e+00
  -1.9833239e+00
  -1.0728218e+00
  -1.6001669e+00
  -1.4735913e+00
  -2.0218503e+00
  -3.1184687e+00
  -4.5426703e+00
  -7.9018518e+00
  -1.3092696e+01
  -2.2290494e+01
  -1.4928112e+01
  -8.6850275e+00
  -5.9336324e+00
  -4.1877814e+00
  -3.3122434e+00
  -2.5932266e+00
  -2.2591774e+00
  -4.1197509e+00
  -5.2500284e+00
  -7.6518027e+00
  -1.1507455e+01
  -1.7050956e+01
  -1.6491916e+01
  -1.2105193e+01
  -8.4619052e+00
  -6.4890110e+00
  -5.1681727e+00
  -4.1393382e+00
  -4.5828588e+00
  -5.2177253e+00
  -6.5514067e+00
  -6.6065690e+00
  -9.4293661e+00
  -1.1217580e+01
  -1.1577907e+01
  -1.0835380e+01
  -9.5718747e+00
  -8.7060852e+00
  -7.7089643e+00
  -7.7417685e+00
  -8.3038110e+00
  -7.0343724e+00
  -5.7364776e+00
  -7.1554575e+00
  -7.3597745e+00
  -6.8890104e+00
  -7.9725950e+00
  -1.0382064e+01
  -1.2130977e+01
  -1.4405596e+01
  -1.2110072e+01
  -1.1803721e+01
  -1.0922483e+01
  -7.0916019e+00
  -6.8478998e+00
  -7.3848702e+00
  -6.1180173e+00
  -5.7727048e+00
  -5.8884205e+00
  -6.4417282e+00
  -6.6533470e+00
  -7.6851097e+00
  -1.0305653e+01
  -1.1375567e+01
  -1.1136920e+01
  -1.0905047e+01
  -1.0852566e+01
  -1.0944266e+01
  -8.5422719e+00
  -7.5119715e+00
  -8.0797515e+00
  -6.5762445e+00
  -5.8142568e+00
  -5.4258709e+00
  -5.2298083e+00
  -5.6047960e+00
  -6.0926023e+00
  -7.4143566e+00
  -1.0669768e+01
  -1.4559217e+01
  -1.8079757e+01
  -1.2901705e+01
  -9.6348751e+00
  -8.0270141e+00
  -6.0865239e+00
  -4.8407128e+00
  -4.2727676e+00
  -3.8450113e+00
  -4.3639876e+00
  -5.4024551e+00
  -6.2827607e+00
  -8.8027340e+00
  -1.2194702e+01
  -1.6791205e+01
  -1.8942035e+01
  -1.2709233e+01
  -1.0333723e+01
  -6.6735248e+00
  -5.4672034e+00
  -5.6357777e+00
  -4.9617428e+00
  -5.5114576e+00
  -6.0668501e+00
  -6.7706632e+00
  -8.5973186e+00
  -9.9587145e+00
  -1.1858832e+01
  -1.8128392e+01
  -1.5598830e+01
  -1.2609768e+01
  -9.7086974e+00
  -7.4269344e+00
  -4.9636716e+00
  -4.2355986e+00
  -4.1095397e+00
  -3.6755233e+00
  -4.3460782e+00
  -5.2034560e+00
  -7.3945879e+00
  -1.0401956e+01
  -1.4854795e+01
  -2.6831920e+01
  -1.6748029e+01
  -1.0628794e+01
