   0.0000000e+00
   2.8717845e+00
   7.0930509e-02
  -2.9390122e+00
  -5.9215047e+00
  -9.0330024e+00
  -1.2073687e+01
  -1.5011470e+01
  -1.7852910e+01
  -2.0640874e+01
  -2.3516731e+01
  -2.0512151e+01
  -1.7802702e+01
  -2.0842921e+01
  -2.3605024e+01
  -2.6318653e+01
  -2.9073233e+01
  -3.2095349e+01
  -2.9503123e+01
  -3.2624380e+01
  -3.5334144e+01
  -3.7914465e+01
  -4.0408277e+01
  -4.2712235e+01
  -4.3849823e+01
  -4.5458443e+01
  -4.7794459e+01
  -5.0219610e+01
  -5.2661839e+01
  -5.5099671e+01
  -5.7525785e+01
  -5.9933659e+01
  -6.2316001e+01
  -6.4670425e+01
  -6.6995817e+01
  -6.9294485e+01
  -7.1577591e+01
  -7.3857885e+01
  -7.6142004e+01
  -7.8431559e+01
  -8.0723358e+01
  -8.3007410e+01
  -8.5269903e+01
  -8.7500430e+01
  -8.9697352e+01
  -9.1872199e+01
  -9.4048508e+01
  -9.6245491e+01
  -9.8464638e+01
  -1.0069561e+02
  -1.0292338e+02
  -1.0513001e+02
  -1.0730399e+02
  -1.0944987e+02
  -1.1158686e+02
  -1.1373743e+02
  -1.1591036e+02
  -1.1809409e+02
  -1.2026633e+02
  -1.2240161e+02
  -1.2448032e+02
  -1.2652130e+02
  -1.2858812e+02
  -1.3072569e+02
  -1.3293434e+02
  -1.3519876e+02
  -1.3750178e+02
  -1.3982951e+02
  -1.4217497e+02
  -1.4453199e+02
  -1.4689140e+02
  -1.4924229e+02
  -1.5156786e+02
  -1.5382836e+02
  -1.5592162e+02
  -1.5772990e+02
  -1.5957348e+02
  -1.6170924e+02
  -1.6399697e+02
  -1.6634056e+02
  -1.6866690e+02
  -1.7052037e+02
  -1.7114505e+02
  -1.7337327e+02
  -1.7580174e+02
  -1.7827985e+02
  -1.8077083e+02
  -1.8328632e+02
  -1.8242112e+02
  -1.8512753e+02
  -1.8773024e+02
  -1.9034326e+02
  -1.9306300e+02
  -1.9607642e+02
  -1.9312419e+02
  -1.9623918e+02
  -1.9903752e+02
  -2.0182479e+02
  -1.9915127e+02
  -1.9649007e+02
  -1.9929933e+02
  -2.0188565e+02
  -2.0442625e+02
  -2.0694411e+02
  -2.0941383e+02
  -2.1185237e+02
  -2.1424232e+02
  -2.1651282e+02
  -2.1859407e+02
  -2.2053819e+02
  -2.2261040e+02
  -2.2487867e+02
  -2.2724707e+02
  -2.2964274e+02
  -2.3207409e+02
  -2.3347216e+02
  -2.3407069e+02
  -2.3652447e+02
  -2.3905565e+02
  -2.4168572e+02
  -2.4473226e+02
  -2.4223887e+02
  -2.4511617e+02
  -2.4771672e+02
  -2.5018812e+02
  -2.5252094e+02
  -2.5449086e+02
  -2.5603526e+02
  -2.5806818e+02
  -2.6040461e+02
  -2.6283254e+02
  -2.6530083e+02
  -2.6779576e+02
  -2.7030171e+02
  -2.7281715e+02
  -2.7534977e+02
  -2.7789778e+02
  -2.8046606e+02
  -2.8307815e+02
  -2.8577360e+02
  -2.8867387e+02
  -2.8564797e+02
  -2.8876998e+02
  -2.9156775e+02
  -2.9421935e+02
  -2.9680105e+02
  -2.9931742e+02
  -3.0168381e+02
  -3.0274509e+02
  -3.0434112e+02
  -3.0676290e+02
  -3.0924649e+02
  -3.1175311e+02
  -3.1428667e+02
  -3.1684254e+02
  -3.1620799e+02
  -3.1879702e+02
  -3.2132720e+02
  -3.2385963e+02
  -3.2641842e+02
  -3.2897672e+02
  -3.3169472e+02
  -3.3072008e+02
  -3.3337048e+02
  -3.3590627e+02
  -3.3845333e+02
  -3.4098111e+02
  -3.4346410e+02
  -3.4594530e+02
  -3.4828797e+02
  -3.5024703e+02
  -3.5205474e+02
  -3.5427703e+02
  -3.5674171e+02
  -3.5941526e+02
  -3.6240203e+02
  -3.5966436e+02
  -3.5667956e+02
  -3.5958918e+02
  -3.6231183e+02
  -3.6508813e+02
  -3.6784898e+02
  -3.7066981e+02
  -3.7363420e+02
  -3.7663377e+02
  -3.7379012e+02
  -3.7688261e+02
  -3.7986890e+02
  -3.8278662e+02
  -3.8565878e+02
  -3.8861587e+02
  -3.9174039e+02
  -3.8869359e+02
  -3.8557775e+02
  -3.8837645e+02
  -3.9116135e+02
  -3.9377277e+02
  -3.9624449e+02
  -3.9812099e+02
  -3.9899354e+02
  -4.0142752e+02
  -4.0399465e+02
  -4.0655713e+02
  -4.0913571e+02
  -4.1176492e+02
  -4.1444916e+02
  -4.1243651e+02
  -4.0972241e+02
  -4.1244425e+02
  -4.1504101e+02
  -4.1769044e+02
  -4.2035529e+02
  -4.2313761e+02
  -4.2017320e+02
  -4.1764714e+02
  -4.2047167e+02
  -4.2318008e+02
  -4.2578750e+02
  -4.2832413e+02
  -4.3097081e+02
  -4.3267827e+02
  -4.3306175e+02
  -4.3547266e+02
  -4.3803302e+02
  -4.4051887e+02
  -4.4294040e+02
  -4.4533290e+02
  -4.4723326e+02
  -4.4861243e+02
  -4.5072421e+02
  -4.5309983e+02
  -4.5552663e+02
  -4.5793889e+02
  -4.6033050e+02
  -4.6265853e+02
  -4.6483609e+02
  -4.6693503e+02
  -4.6913814e+02
  -4.7143399e+02
  -4.7381732e+02
  -4.7632138e+02
  -4.7879476e+02
  -4.8119568e+02
  -4.8079778e+02
  -4.8337849e+02
  -4.8594975e+02
  -4.8859501e+02
  -4.9130004e+02
  -4.9402378e+02
  -4.9097168e+02
  -4.8808013e+02
  -4.9117866e+02
  -4.9401366e+02
  -4.9682434e+02
  -4.9977162e+02
  -5.0287350e+02
  -4.9990527e+02
  -5.0299052e+02
  -5.0595615e+02
  -5.0886172e+02
  -5.1162711e+02
  -5.1460961e+02
  -5.1146805e+02
  -5.1452090e+02
  -5.1763172e+02
  -5.2061835e+02
  -5.2353740e+02
  -5.2649826e+02
  -5.2945833e+02
  -5.3242970e+02
  -5.3541947e+02
  -5.3833576e+02
  -5.4133946e+02
  -5.4432165e+02
  -5.4127219e+02
  -5.3833927e+02
  -5.4143500e+02
  -5.4430314e+02
  -5.4720394e+02
  -5.5018695e+02
  -5.5322918e+02
  -5.5631139e+02
  -5.5936956e+02
  -5.6224747e+02
  -5.6503162e+02
  -5.6782783e+02
  -5.7078663e+02
  -5.6771382e+02
  -5.6462179e+02
  -5.6171552e+02
  -5.6454665e+02
  -5.6738027e+02
  -5.7032916e+02
  -5.7320062e+02
  -5.7611095e+02
  -5.7323764e+02
  -5.7624835e+02
  -5.7903308e+02
  -5.7593328e+02
  -5.7888663e+02
  -5.7589774e+02
  -5.7303819e+02
  -5.7589551e+02
  -5.7871330e+02
  -5.8140979e+02
  -5.8409114e+02
  -5.8675223e+02
  -5.8939441e+02
  -5.9239533e+02
  -5.9071413e+02
  -5.8766852e+02
  -5.9034397e+02
  -5.9305833e+02
  -5.9572671e+02
  -5.9837282e+02
  -6.0117748e+02
  -6.0415101e+02
  -6.0105319e+02
  -5.9814105e+02
  -5.9526057e+02
  -5.9249496e+02
  -5.9531999e+02
  -5.9828449e+02
  -6.0126416e+02
  -6.0413905e+02
  -6.0691083e+02
  -6.0962501e+02
  -6.1250259e+02
  -6.0943375e+02
  -6.0648907e+02
  -6.0370260e+02
  -6.0659649e+02
  -6.0926697e+02
  -6.1204044e+02
  -6.1479093e+02
  -6.1773679e+02
  -6.2073453e+02
  -6.1787973e+02
  -6.1514696e+02
  -6.1811701e+02
  -6.2098919e+02
  -6.2389885e+02
  -6.2680442e+02
  -6.2970438e+02
  -6.3267663e+02
  -6.3561736e+02
  -6.3254034e+02
  -6.3534798e+02
  -6.3243977e+02
  -6.3541510e+02
  -6.3833206e+02
  -6.4142226e+02
  -6.4413615e+02
  -6.4709872e+02
  -6.5011265e+02
  -6.5323961e+02
  -6.5026499e+02
  -6.5326158e+02
  -6.5625228e+02
  -6.5924588e+02
  -6.6214176e+02
  -6.6502345e+02
  -6.6790900e+02
  -6.7080713e+02
  -6.7375376e+02
  -6.7064130e+02
  -6.6785173e+02
  -6.6474141e+02
  -6.6766453e+02
  -6.7064200e+02
  -6.7340333e+02
  -6.7619776e+02
  -6.7913236e+02
  -6.8212606e+02
  -6.8513360e+02
  -6.8213262e+02
  -6.7946793e+02
  -6.8220767e+02
  -6.8497629e+02
  -6.8780335e+02
  -6.9061445e+02
  -6.9355904e+02
  -6.9059783e+02
  -6.8746373e+02
  -6.9057211e+02
  -6.9340375e+02
  -6.9630880e+02
  -6.9907462e+02
  -7.0184119e+02
  -6.9869985e+02
  -7.0178871e+02
  -6.9874051e+02
  -6.9575086e+02
  -6.9264241e+02
  -6.9568756e+02
  -6.9877267e+02
  -7.0165635e+02
  -7.0464604e+02
  -7.0743320e+02
  -7.1037127e+02
  -7.1320332e+02
  -7.1014217e+02
  -7.0701153e+02
  -7.0415096e+02
  -7.0702694e+02
  -7.0969594e+02
  -7.1253575e+02
  -7.1526920e+02
  -7.1819991e+02
  -7.2112729e+02
  -7.1834671e+02
  -7.1568038e+02
  -7.1872266e+02
  -7.2143583e+02
  -7.2422457e+02
  -7.2724512e+02
  -7.3018619e+02
  -7.3332329e+02
  -7.3019069e+02
  -7.3296129e+02
  -7.2990041e+02
  -7.3289947e+02
  -7.3599983e+02
  -7.3893951e+02
  -7.3585389e+02
  -7.3895693e+02
  -7.4155962e+02
  -7.4453062e+02
  -7.4142376e+02
  -7.3843572e+02
  -7.4144040e+02
  -7.4419143e+02
  -7.4715471e+02
  -7.5009189e+02
  -7.5292100e+02
  -7.4987239e+02
  -7.5285027e+02
  -7.5594050e+02
  -7.5899901e+02
  -7.6187919e+02
  -7.6487561e+02
  -7.6791908e+02
  -7.7083501e+02
  -7.7374662e+02
  -7.7085964e+02
  -7.6791587e+02
  -7.7072180e+02
  -7.7343655e+02
  -7.7627459e+02
  -7.7917297e+02
  -7.8220503e+02
  -7.7912810e+02
  -7.7610253e+02
  -7.7914794e+02
  -7.8197974e+02
  -7.8481248e+02
  -7.8773512e+02
  -7.9059428e+02
  -7.9360534e+02
  -7.9066245e+02
  -7.8787411e+02
  -7.8477470e+02
  -7.8749989e+02
  -7.9037503e+02
  -7.9318067e+02
  -7.9604144e+02
  -7.9306252e+02
  -7.9619729e+02
  -7.9330596e+02
  -7.9617321e+02
  -7.9900777e+02
  -8.0189588e+02
  -8.0482030e+02
  -8.0776824e+02
  -8.1083697e+02
  -8.0774109e+02
  -8.0464339e+02
  -8.0745995e+02
  -8.1027449e+02
  -8.1325443e+02
  -8.1617160e+02
  -8.1924080e+02
  -8.2231914e+02
  -8.2527839e+02
  -8.2830379e+02
  -8.3143875e+02
  -8.3426927e+02
  -8.3734838e+02
  -8.4029615e+02
  -8.4325412e+02
  -8.4046028e+02
  -8.4338373e+02
  -8.4609908e+02
  -8.4903352e+02
  -8.5214271e+02
  -8.4924328e+02
  -8.5225047e+02
  -8.5514636e+02
  -8.5823375e+02
  -8.6103650e+02
  -8.6399561e+02
  -8.6687242e+02
  -8.6969758e+02
  -8.7276442e+02
  -8.7566512e+02
  -8.7875615e+02
  -8.7578926e+02
  -8.7874912e+02
  -8.7579170e+02
  -8.7885655e+02
  -8.8179512e+02
  -8.8491429e+02
  -8.8783007e+02
  -8.9071507e+02
  -8.9370332e+02
  -8.9672746e+02
  -8.9957302e+02
  -9.0245561e+02
  -9.0544518e+02
  -9.0845025e+02
  -9.0565361e+02
  -9.0853014e+02
  -9.1167164e+02
  -9.1467663e+02
  -9.1737510e+02
  -9.2029681e+02
  -9.2317443e+02
  -9.2621385e+02
  -9.2924288e+02
  -9.3214379e+02
  -9.2931562e+02
  -9.3209611e+02
  -9.3511710e+02
  -9.3817506e+02
  -9.3525322e+02
  -9.3828514e+02
  -9.4126475e+02
  -9.4424051e+02
  -9.4700998e+02
  -9.5008272e+02
  -9.5284519e+02
  -9.4983642e+02
  -9.5294987e+02
  -9.5608594e+02
  -9.5908345e+02
  -9.6187028e+02
  -9.6472573e+02
  -9.6768918e+02
  -9.7070004e+02
  -9.7375542e+02
  -9.7678210e+02
  -9.7377476e+02
  -9.7679208e+02
  -9.7958553e+02
  -9.7656288e+02
  -9.7944565e+02
  -9.8246482e+02
  -9.8554936e+02
  -9.8865043e+02
  -9.9164532e+02
  -9.9459640e+02
  -9.9755300e+02
  -9.9444026e+02
  -9.9743057e+02
  -1.0003600e+03
  -1.0033170e+03
  -1.0062810e+03
  -1.0089717e+03
  -1.0061256e+03
  -1.0092459e+03
  -1.0121568e+03
  -1.0090676e+03
  -1.0116812e+03
  -1.0144283e+03
  -1.0171676e+03
  -1.0197550e+03
  -1.0221636e+03
  -1.0218022e+03
  -1.0243113e+03
  -1.0272573e+03
  -1.0300287e+03
  -1.0327377e+03
  -1.0356433e+03
  -1.0387198e+03
  -1.0356733e+03
  -1.0386376e+03
  -1.0416605e+03
  -1.0446874e+03
  -1.0474198e+03
  -1.0502401e+03
  -1.0530395e+03
  -1.0499128e+03
  -1.0472190e+03
  -1.0500576e+03
  -1.0531827e+03
  -1.0560094e+03
  -1.0590282e+03
  -1.0619703e+03
  -1.0647137e+03
  -1.0677507e+03
  -1.0707348e+03
  -1.0681495e+03
  -1.0711467e+03
  -1.0742091e+03
  -1.0773013e+03
  -1.0802990e+03
  -1.0831029e+03
  -1.0857262e+03
  -1.0886940e+03
  -1.0916526e+03
  -1.0946962e+03
  -1.0917044e+03
  -1.0885930e+03
  -1.0914501e+03
  -1.0941859e+03
  -1.0970729e+03
  -1.1001594e+03
  -1.0972134e+03
  -1.1002555e+03
  -1.1033202e+03
  -1.1002148e+03
  -1.1029599e+03
  -1.1059272e+03
  -1.1089128e+03
  -1.1057920e+03
  -1.1088713e+03
  -1.1117894e+03
  -1.1147734e+03
  -1.1176606e+03
  -1.1206433e+03
  -1.1233730e+03
  -1.1207703e+03
  -1.1235252e+03
  -1.1205153e+03
  -1.1232849e+03
  -1.1261729e+03
  -1.1292131e+03
  -1.1320511e+03
  -1.1291013e+03
  -1.1322293e+03
  -1.1353147e+03
  -1.1380992e+03
  -1.1411191e+03
  -1.1438835e+03
  -1.1467489e+03
  -1.1436387e+03
  -1.1408087e+03
  -1.1439471e+03
  -1.1469693e+03
  -1.1497187e+03
  -1.1527163e+03
  -1.1554090e+03
  -1.1583716e+03
  -1.1553305e+03
  -1.1583443e+03
  -1.1613312e+03
  -1.1643493e+03
  -1.1674781e+03
  -1.1700844e+03
  -1.1729501e+03
  -1.1758790e+03
  -1.1736929e+03
  -1.1766863e+03
  -1.1735907e+03
  -1.1763261e+03
  -1.1791777e+03
  -1.1819267e+03
  -1.1845644e+03
  -1.1874166e+03
  -1.1844477e+03
  -1.1874122e+03
  -1.1845445e+03
  -1.1815792e+03
  -1.1844865e+03
  -1.1874353e+03
  -1.1901755e+03
  -1.1931480e+03
  -1.1960355e+03
  -1.1990585e+03
  -1.2018442e+03
  -1.1992224e+03
  -1.2022451e+03
  -1.1993069e+03
  -1.2019147e+03
  -1.2050271e+03
  -1.2079884e+03
  -1.2106861e+03
  -1.2076162e+03
  -1.2104264e+03
  -1.2074874e+03
  -1.2103591e+03
  -1.2133563e+03
  -1.2162066e+03
  -1.2192963e+03
  -1.2220263e+03
  -1.2250924e+03
  -1.2219869e+03
  -1.2248573e+03
  -1.2218427e+03
  -1.2245938e+03
  -1.2214872e+03
  -1.2246115e+03
  -1.2276759e+03
  -1.2247403e+03
  -1.2278064e+03
  -1.2305070e+03
  -1.2336372e+03
  -1.2364545e+03
  -1.2392889e+03
  -1.2361545e+03
  -1.2330181e+03
  -1.2359849e+03
  -1.2390421e+03
  -1.2419966e+03
  -1.2449656e+03
  -1.2479330e+03
  -1.2507761e+03
  -1.2537617e+03
  -1.2568315e+03
  -1.2599572e+03
  -1.2627401e+03
  -1.2656959e+03
  -1.2626498e+03
  -1.2655497e+03
  -1.2685089e+03
  -1.2715491e+03
  -1.2685885e+03
  -1.2715184e+03
  -1.2684943e+03
  -1.2714463e+03
  -1.2742668e+03
  -1.2715531e+03
  -1.2743724e+03
  -1.2773543e+03
  -1.2803853e+03
  -1.2834282e+03
  -1.2862366e+03
  -1.2891321e+03
  -1.2921229e+03
  -1.2950851e+03
  -1.2978779e+03
  -1.3009338e+03
  -1.2980030e+03
  -1.3008494e+03
  -1.3036510e+03
  -1.3064452e+03
  -1.3094841e+03
  -1.3064329e+03
  -1.3095184e+03
  -1.3068391e+03
  -1.3097018e+03
  -1.3124145e+03
  -1.3093362e+03
  -1.3119510e+03
  -1.3149646e+03
  -1.3119655e+03
  -1.3088722e+03
  -1.3117374e+03
  -1.3146795e+03
  -1.3176945e+03
  -1.3204798e+03
  -1.3235617e+03
  -1.3263850e+03
  -1.3295030e+03
  -1.3326149e+03
  -1.3355579e+03
  -1.3324895e+03
  -1.3352802e+03
  -1.3380516e+03
  -1.3408874e+03
  -1.3436023e+03
  -1.3466032e+03
  -1.3434879e+03
  -1.3416035e+03
  -1.3442726e+03
  -1.3472783e+03
  -1.3498961e+03
  -1.3471383e+03
  -1.3497943e+03
  -1.3466679e+03
  -1.3436144e+03
  -1.3461329e+03
  -1.3431438e+03
  -1.3458774e+03
  -1.3487522e+03
  -1.3517067e+03
  -1.3546512e+03
  -1.3516693e+03
  -1.3487061e+03
  -1.3516927e+03
  -1.3544078e+03
  -1.3571147e+03
  -1.3600041e+03
  -1.3630985e+03
  -1.3660376e+03
  -1.3634211e+03
  -1.3605716e+03
  -1.3634180e+03
  -1.3663998e+03
  -1.3694044e+03
  -1.3722381e+03
  -1.3751792e+03
  -1.3721206e+03
  -1.3751401e+03
  -1.3778616e+03
  -1.3807397e+03
  -1.3836145e+03
  -1.3864928e+03
  -1.3840551e+03
  -1.3867468e+03
  -1.3897018e+03
  -1.3926795e+03
  -1.3953741e+03
  -1.3984722e+03
  -1.4011964e+03
  -1.3984058e+03
  -1.3954159e+03
  -1.3983057e+03
  -1.3953131e+03
  -1.3980063e+03
  -1.3948764e+03
  -1.3979586e+03
  -1.4006363e+03
  -1.4037029e+03
  -1.4011397e+03
  -1.4038119e+03
  -1.4065374e+03
  -1.4094925e+03
  -1.4122785e+03
  -1.4092195e+03
  -1.4061063e+03
  -1.4091665e+03
  -1.4121307e+03
  -1.4150145e+03
  -1.4177323e+03
  -1.4203986e+03
  -1.4234385e+03
  -1.4262729e+03
  -1.4243481e+03
  -1.4271975e+03
  -1.4300599e+03
  -1.4329886e+03
  -1.4357146e+03
  -1.4386586e+03
  -1.4415976e+03
  -1.4387056e+03
  -1.4417618e+03
  -1.4447239e+03
  -1.4419430e+03
  -1.4445298e+03
  -1.4472663e+03
  -1.4501362e+03
  -1.4529689e+03
  -1.4499127e+03
  -1.4528871e+03
  -1.4560239e+03
  -1.4591197e+03
  -1.4620847e+03
  -1.4649668e+03
  -1.4679547e+03
  -1.4710289e+03
  -1.4680115e+03
  -1.4707507e+03
  -1.4677052e+03
  -1.4648128e+03
  -1.4677665e+03
  -1.4707094e+03
  -1.4735326e+03
  -1.4705019e+03
  -1.4731548e+03
  -1.4760866e+03
  -1.4729545e+03
  -1.4757558e+03
  -1.4727744e+03
  -1.4700125e+03
  -1.4728798e+03
  -1.4756986e+03
  -1.4785931e+03
  -1.4812514e+03
  -1.4842067e+03
  -1.4873213e+03
  -1.4843347e+03
  -1.4873234e+03
  -1.4901973e+03
  -1.4932211e+03
  -1.4959213e+03
  -1.4987740e+03
  -1.4956585e+03
  -1.4985345e+03
  -1.4957286e+03
  -1.4926852e+03
  -1.4954546e+03
  -1.4923794e+03
  -1.4951356e+03
  -1.4920969e+03
  -1.4890451e+03
  -1.4919247e+03
  -1.4948365e+03
  -1.4977043e+03
  -1.5007034e+03
  -1.5034597e+03
  -1.5065391e+03
  -1.5034972e+03
  -1.5064641e+03
  -1.5094733e+03
  -1.5123926e+03
  -1.5092572e+03
  -1.5123917e+03
  -1.5154506e+03
  -1.5180978e+03
  -1.5155744e+03
  -1.5183747e+03
  -1.5208906e+03
  -1.5239261e+03
  -1.5267903e+03
  -1.5299006e+03
  -1.5328666e+03
  -1.5303417e+03
  -1.5331380e+03
  -1.5359669e+03
  -1.5389132e+03
  -1.5414404e+03
  -1.5441265e+03
  -1.5470466e+03
  -1.5498376e+03
  -1.5494800e+03
  -1.5516945e+03
  -1.5541721e+03
  -1.5569587e+03
  -1.5596254e+03
  -1.5623659e+03
  -1.5652653e+03
  -1.5624113e+03
  -1.5594647e+03
  -1.5625253e+03
  -1.5594297e+03
  -1.5619028e+03
  -1.5647288e+03
  -1.5678164e+03
  -1.5705723e+03
  -1.5680310e+03
  -1.5710561e+03
  -1.5737647e+03
  -1.5765661e+03
  -1.5794095e+03
  -1.5824426e+03
  -1.5853066e+03
  -1.5831277e+03
  -1.5862333e+03
  -1.5891104e+03
  -1.5918410e+03
  -1.5946371e+03
  -1.5974733e+03
  -1.6003075e+03
  -1.6032956e+03
  -1.6062334e+03
  -1.6033517e+03
  -1.6002110e+03
  -1.6031414e+03
  -1.6057514e+03
  -1.6086564e+03
  -1.6115445e+03
  -1.6088640e+03
  -1.6058860e+03
  -1.6090159e+03
  -1.6121290e+03
  -1.6145835e+03
  -1.6172528e+03
  -1.6142658e+03
  -1.6169699e+03
  -1.6143505e+03
  -1.6174457e+03
  -1.6143098e+03
  -1.6172675e+03
  -1.6200085e+03
  -1.6229688e+03
  -1.6257607e+03
  -1.6227378e+03
  -1.6255329e+03
  -1.6285834e+03
  -1.6315166e+03
  -1.6342145e+03
  -1.6372792e+03
  -1.6341844e+03
  -1.6313663e+03
  -1.6283823e+03
  -1.6309332e+03
  -1.6339122e+03
  -1.6368249e+03
  -1.6394394e+03
  -1.6363866e+03
  -1.6332950e+03
  -1.6303806e+03
  -1.6333748e+03
  -1.6303495e+03
  -1.6332589e+03
  -1.6361871e+03
  -1.6389870e+03
  -1.6419845e+03
  -1.6447127e+03
  -1.6478350e+03
  -1.6509534e+03
  -1.6538409e+03
  -1.6568744e+03
  -1.6597235e+03
  -1.6569978e+03
  -1.6598258e+03
  -1.6629519e+03
  -1.6657498e+03
  -1.6686700e+03
  -1.6717510e+03
  -1.6745521e+03
  -1.6776519e+03
  -1.6749099e+03
  -1.6717792e+03
  -1.6748116e+03
  -1.6776128e+03
  -1.6803171e+03
  -1.6832930e+03
  -1.6859600e+03
  -1.6886261e+03
  -1.6914985e+03
  -1.6893234e+03
  -1.6862898e+03
  -1.6893487e+03
  -1.6923923e+03
  -1.6951100e+03
  -1.6979504e+03
  -1.7005513e+03
  -1.6974878e+03
  -1.7004618e+03
  -1.6973504e+03
  -1.7003289e+03
  -1.7034579e+03
  -1.7064349e+03
  -1.7093162e+03
  -1.7063784e+03
  -1.7089055e+03
  -1.7061619e+03
  -1.7089181e+03
  -1.7115220e+03
  -1.7085868e+03
  -1.7054508e+03
  -1.7024761e+03
  -1.7052306e+03
  -1.7081130e+03
  -1.7110155e+03
  -1.7137413e+03
  -1.7109676e+03
  -1.7080724e+03
  -1.7109142e+03
  -1.7139433e+03
  -1.7108349e+03
  -1.7133561e+03
  -1.7163165e+03
  -1.7192859e+03
  -1.7219977e+03
  -1.7248282e+03
  -1.7217999e+03
  -1.7193115e+03
  -1.7219761e+03
  -1.7189387e+03
  -1.7215489e+03
  -1.7243135e+03
  -1.7272164e+03
  -1.7241918e+03
  -1.7214538e+03
  -1.7185490e+03
  -1.7215013e+03
  -1.7240566e+03
  -1.7269892e+03
  -1.7298006e+03
  -1.7326532e+03
  -1.7357886e+03
  -1.7386484e+03
  -1.7356610e+03
  -1.7385969e+03
  -1.7416976e+03
  -1.7445640e+03
  -1.7473651e+03
  -1.7501497e+03
  -1.7473404e+03
  -1.7445143e+03
  -1.7415092e+03
  -1.7443352e+03
  -1.7471208e+03
  -1.7501120e+03
  -1.7527967e+03
  -1.7555697e+03
  -1.7583236e+03
  -1.7610893e+03
  -1.7599920e+03
  -1.7629754e+03
  -1.7655622e+03
  -1.7681446e+03
  -1.7708125e+03
  -1.7737193e+03
  -1.7764785e+03
  -1.7793354e+03
  -1.7767184e+03
  -1.7736714e+03
  -1.7762896e+03
  -1.7791966e+03
  -1.7823240e+03
  -1.7851869e+03
  -1.7881265e+03
  -1.7908714e+03
  -1.7886776e+03
  -1.7915445e+03
  -1.7944153e+03
  -1.7974199e+03
  -1.8001259e+03
  -1.8030474e+03
  -1.8001864e+03
  -1.8029985e+03
  -1.8058461e+03
  -1.8088741e+03
  -1.8115791e+03
  -1.8085379e+03
  -1.8115821e+03
  -1.8142114e+03
  -1.8121882e+03
  -1.8145437e+03
  -1.8172598e+03
  -1.8203188e+03
  -1.8232040e+03
  -1.8202188e+03
  -1.8171423e+03
  -1.8142881e+03
  -1.8171605e+03
  -1.8196889e+03
  -1.8225631e+03
  -1.8254005e+03
  -1.8283673e+03
  -1.8257280e+03
  -1.8288008e+03
  -1.8317265e+03
  -1.8347759e+03
  -1.8376949e+03
  -1.8401032e+03
  -1.8375232e+03
  -1.8403048e+03
  -1.8431790e+03
  -1.8400586e+03
  -1.8369902e+03
  -1.8398384e+03
  -1.8428697e+03
  -1.8458402e+03
  -1.8487076e+03
  -1.8455971e+03
  -1.8485896e+03
  -1.8516847e+03
  -1.8544733e+03
  -1.8573141e+03
  -1.8602509e+03
  -1.8573471e+03
  -1.8600999e+03
  -1.8632395e+03
  -1.8662590e+03
  -1.8692665e+03
  -1.8723298e+03
  -1.8693455e+03
  -1.8719529e+03
  -1.8748576e+03
  -1.8719077e+03
  -1.8745530e+03
  -1.8714577e+03
  -1.8745222e+03
  -1.8713937e+03
  -1.8682898e+03
  -1.8713534e+03
  -1.8742622e+03
  -1.8772261e+03
  -1.8799525e+03
  -1.8827078e+03
  -1.8800632e+03
  -1.8830604e+03
  -1.8799262e+03
  -1.8829743e+03
  -1.8860037e+03
  -1.8890568e+03
  -1.8919641e+03
  -1.8947785e+03
  -1.8975200e+03
  -1.9006560e+03
  -1.9033418e+03
  -1.9064369e+03
  -1.9034286e+03
  -1.9062250e+03
  -1.9091963e+03
  -1.9062582e+03
  -1.9092948e+03
  -1.9119474e+03
  -1.9092473e+03
  -1.9121050e+03
  -1.9090273e+03
  -1.9062169e+03
  -1.9089014e+03
  -1.9117047e+03
  -1.9148088e+03
  -1.9175645e+03
  -1.9205210e+03
  -1.9232380e+03
  -1.9261659e+03
  -1.9292273e+03
  -1.9317818e+03
  -1.9300476e+03
  -1.9328227e+03
  -1.9357008e+03
  -1.9382890e+03
  -1.9408561e+03
  -1.9438077e+03
  -1.9468141e+03
  -1.9493852e+03
  -1.9480753e+03
  -1.9505927e+03
  -1.9532104e+03
  -1.9563096e+03
  -1.9589461e+03
  -1.9616920e+03
  -1.9588577e+03
  -1.9557341e+03
  -1.9531805e+03
  -1.9559626e+03
  -1.9587630e+03
  -1.9614675e+03
  -1.9644021e+03
  -1.9674852e+03
  -1.9701849e+03
  -1.9671819e+03
  -1.9640552e+03
  -1.9670104e+03
  -1.9698756e+03
  -1.9725101e+03
  -1.9755122e+03
  -1.9727097e+03
  -1.9698609e+03
  -1.9726868e+03
  -1.9756225e+03
  -1.9786655e+03
  -1.9815095e+03
  -1.9784909e+03
  -1.9811682e+03
  -1.9782245e+03
  -1.9811054e+03
  -1.9841161e+03
  -1.9810526e+03
  -1.9836037e+03
  -1.9866400e+03
  -1.9840049e+03
  -1.9868953e+03
  -1.9896352e+03
  -1.9927319e+03
  -1.9952283e+03
  -1.9978233e+03
  -1.9950662e+03
  -1.9980758e+03
  -1.9951938e+03
  -1.9982883e+03
  -2.0014138e+03
  -2.0042482e+03
  -2.0069881e+03
  -2.0099133e+03
  -2.0126626e+03
  -2.0153390e+03
  -2.0136841e+03
  -2.0162274e+03
  -2.0131871e+03
  -2.0159823e+03
  -2.0185110e+03
  -2.0212921e+03
  -2.0240584e+03
  -2.0266541e+03
  -2.0240845e+03
  -2.0210667e+03
  -2.0186953e+03
  -2.0211670e+03
  -2.0240360e+03
  -2.0268518e+03
  -2.0295459e+03
  -2.0324130e+03
  -2.0293962e+03
  -2.0262856e+03
  -2.0292803e+03
  -2.0262263e+03
  -2.0286994e+03
  -2.0316091e+03
  -2.0341904e+03
  -2.0331247e+03
  -2.0354497e+03
  -2.0383558e+03
  -2.0411217e+03
  -2.0438691e+03
  -2.0468954e+03
  -2.0496765e+03
  -2.0471740e+03
  -2.0502180e+03
  -2.0529700e+03
  -2.0559509e+03
  -2.0587963e+03
  -2.0614280e+03
  -2.0644897e+03
  -2.0675132e+03
  -2.0706287e+03
  -2.0679701e+03
  -2.0710523e+03
  -2.0739038e+03
  -2.0766068e+03
  -2.0797031e+03
  -2.0824303e+03
  -2.0851605e+03
  -2.0880263e+03
  -2.0907619e+03
  -2.0892259e+03
  -2.0916939e+03
  -2.0946375e+03
  -2.0976246e+03
  -2.1005300e+03
  -2.1031924e+03
  -2.1062504e+03
  -2.1089008e+03
  -2.1065903e+03
  -2.1093649e+03
  -2.1124061e+03
  -2.1152036e+03
  -2.1179151e+03
  -2.1153242e+03
  -2.1176398e+03
  -2.1154195e+03
  -2.1180680e+03
  -2.1208577e+03
  -2.1237710e+03
  -2.1206787e+03
  -2.1234850e+03
  -2.1204269e+03
  -2.1234676e+03
  -2.1265305e+03
  -2.1293167e+03
  -2.1323824e+03
  -2.1353452e+03
  -2.1379832e+03
  -2.1409812e+03
  -2.1437440e+03
  -2.1465610e+03
  -2.1445695e+03
  -2.1475406e+03
  -2.1504224e+03
  -2.1473530e+03
  -2.1498422e+03
  -2.1528160e+03
  -2.1555665e+03
  -2.1584001e+03
  -2.1613896e+03
  -2.1644846e+03
  -2.1618418e+03
  -2.1648584e+03
  -2.1679560e+03
  -2.1707310e+03
  -2.1676243e+03
  -2.1700699e+03
  -2.1730183e+03
  -2.1700327e+03
  -2.1670255e+03
  -2.1700084e+03
  -2.1725633e+03
  -2.1753642e+03
  -2.1783757e+03
  -2.1814454e+03
  -2.1842396e+03
  -2.1814114e+03
  -2.1784289e+03
  -2.1813813e+03
  -2.1844916e+03
  -2.1816447e+03
  -2.1845138e+03
  -2.1873741e+03
  -2.1904835e+03
  -2.1934349e+03
  -2.1962649e+03
  -2.1990309e+03
  -2.1959874e+03
  -2.1928969e+03
  -2.1955997e+03
  -2.1987343e+03
  -2.2016132e+03
  -2.2044883e+03
  -2.2071983e+03
  -2.2097291e+03
  -2.2076885e+03
  -2.2046674e+03
  -2.2016191e+03
  -2.2041524e+03
  -2.2069745e+03
  -2.2099714e+03
  -2.2127333e+03
  -2.2156801e+03
  -2.2129928e+03
  -2.2100143e+03
  -2.2129107e+03
  -2.2157800e+03
  -2.2188107e+03
  -2.2215350e+03
  -2.2241049e+03
  -2.2211090e+03
  -2.2182002e+03
  -2.2208543e+03
  -2.2179914e+03
  -2.2208814e+03
  -2.2239912e+03
  -2.2209939e+03
  -2.2236396e+03
  -2.2266299e+03
  -2.2296217e+03
  -2.2326324e+03
  -2.2353298e+03
  -2.2324740e+03
  -2.2296519e+03
  -2.2327185e+03
  -2.2356693e+03
  -2.2383331e+03
  -2.2411568e+03
  -2.2438491e+03
  -2.2466571e+03
  -2.2435692e+03
  -2.2463150e+03
  -2.2432803e+03
  -2.2408715e+03
  -2.2439357e+03
  -2.2469947e+03
  -2.2498523e+03
  -2.2524415e+03
  -2.2553167e+03
  -2.2579990e+03
  -2.2605253e+03
  -2.2635034e+03
  -2.2659654e+03
  -2.2658233e+03
  -2.2679482e+03
  -2.2706073e+03
  -2.2731682e+03
  -2.2759362e+03
  -2.2788156e+03
  -2.2815557e+03
  -2.2797082e+03
  -2.2826767e+03
  -2.2854436e+03
  -2.2881405e+03
  -2.2907160e+03
  -2.2935440e+03
  -2.2961647e+03
  -2.2943694e+03
  -2.2974379e+03
  -2.2944006e+03
  -2.2969892e+03
  -2.2995358e+03
  -2.3022960e+03
  -2.3046061e+03
  -2.3067607e+03
  -2.3081830e+03
  -2.3099607e+03
  -2.3122388e+03
  -2.3148819e+03
  -2.3174020e+03
  -2.3199682e+03
  -2.3225640e+03
  -2.3247564e+03
  -2.3266373e+03
  -2.3284492e+03
  -2.3306561e+03
  -2.3330757e+03
  -2.3358395e+03
  -2.3384295e+03
  -2.3411141e+03
  -2.3440628e+03
  -2.3470017e+03
  -2.3498099e+03
  -2.3469416e+03
  -2.3444242e+03
  -2.3468188e+03
  -2.3496618e+03
  -2.3526362e+03
  -2.3555707e+03
  -2.3585280e+03
  -2.3616383e+03
  -2.3587009e+03
  -2.3614839e+03
  -2.3584048e+03
  -2.3611160e+03
  -2.3581841e+03
  -2.3550648e+03
  -2.3578264e+03
  -2.3604654e+03
  -2.3633654e+03
  -2.3603241e+03
  -2.3631996e+03
  -2.3661858e+03
  -2.3638575e+03
  -2.3666670e+03
  -2.3693264e+03
  -2.3664972e+03
  -2.3693953e+03
  -2.3721300e+03
  -2.3748341e+03
  -2.3776080e+03
  -2.3745051e+03
  -2.3717064e+03
  -2.3746034e+03
  -2.3715593e+03
  -2.3741971e+03
  -2.3769707e+03
  -2.3800671e+03
  -2.3826066e+03
  -2.3855860e+03
  -2.3837201e+03
  -2.3864388e+03
  -2.3895273e+03
  -2.3924292e+03
  -2.3950354e+03
  -2.3977969e+03
  -2.3951416e+03
  -2.3980515e+03
  -2.4009720e+03
  -2.3981503e+03
  -2.4007538e+03
  -2.4034085e+03
  -2.4003892e+03
  -2.4030688e+03
  -2.4054034e+03
  -2.4045716e+03
  -2.4071700e+03
  -2.4097990e+03
  -2.4124328e+03
  -2.4151696e+03
  -2.4176669e+03
  -2.4200729e+03
  -2.4225922e+03
  -2.4246372e+03
  -2.4262643e+03
  -2.4284710e+03
  -2.4310332e+03
  -2.4335347e+03
  -2.4359951e+03
  -2.4383829e+03
  -2.4407751e+03
  -2.4430856e+03
  -2.4436483e+03
  -2.4457573e+03
  -2.4483114e+03
  -2.4509994e+03
  -2.4534333e+03
  -2.4559760e+03
  -2.4585838e+03
  -2.4605666e+03
  -2.4613960e+03
  -2.4635933e+03
  -2.4660352e+03
  -2.4685581e+03
  -2.4712036e+03
  -2.4738320e+03
  -2.4707519e+03
  -2.4680799e+03
  -2.4656584e+03
  -2.4681668e+03
  -2.4707283e+03
  -2.4732558e+03
  -2.4757783e+03
  -2.4781788e+03
  -2.4798106e+03
  -2.4814921e+03
  -2.4838531e+03
  -2.4864214e+03
  -2.4890360e+03
  -2.4917545e+03
  -2.4944691e+03
  -2.4971121e+03
  -2.5001700e+03
  -2.5032421e+03
  -2.5008490e+03
  -2.4979154e+03
  -2.5004376e+03
  -2.5031734e+03
  -2.5061840e+03
  -2.5032507e+03
  -2.5059034e+03
  -2.5031760e+03
  -2.5062502e+03
  -2.5090178e+03
  -2.5116877e+03
  -2.5086891e+03
  -2.5116562e+03
  -2.5144282e+03
  -2.5115947e+03
  -2.5146987e+03
  -2.5174168e+03
  -2.5147719e+03
  -2.5174367e+03
  -2.5202477e+03
  -2.5231621e+03
  -2.5258992e+03
  -2.5290083e+03
  -2.5318397e+03
  -2.5288187e+03
  -2.5317336e+03
  -2.5290408e+03
  -2.5314691e+03
  -2.5343543e+03
  -2.5371705e+03
  -2.5397463e+03
  -2.5374126e+03
  -2.5402976e+03
  -2.5375615e+03
  -2.5402626e+03
  -2.5373437e+03
  -2.5398833e+03
  -2.5426647e+03
  -2.5457312e+03
  -2.5483412e+03
  -2.5452139e+03
  -2.5482745e+03
  -2.5453968e+03
  -2.5484588e+03
  -2.5508727e+03
  -2.5483553e+03
  -2.5508753e+03
  -2.5539056e+03
  -2.5510462e+03
  -2.5537211e+03
  -2.5513128e+03
  -2.5540792e+03
  -2.5565765e+03
  -2.5594340e+03
  -2.5623497e+03
  -2.5647699e+03
  -2.5619764e+03
  -2.5645673e+03
  -2.5665226e+03
  -2.5682830e+03
  -2.5703761e+03
  -2.5725991e+03
  -2.5750723e+03
  -2.5777573e+03
  -2.5804423e+03
  -2.5832721e+03
  -2.5862626e+03
  -2.5889198e+03
  -2.5914716e+03
  -2.5892298e+03
  -2.5916195e+03
  -2.5894831e+03
  -2.5917232e+03
  -2.5938414e+03
  -2.5920668e+03
  -2.5950070e+03
  -2.5919431e+03
  -2.5949593e+03
  -2.5979336e+03
  -2.6004389e+03
  -2.6033058e+03
  -2.6058474e+03
  -2.6089864e+03
  -2.6063689e+03
  -2.6088003e+03
  -2.6059398e+03
  -2.6088190e+03
  -2.6117421e+03
  -2.6148581e+03
  -2.6177851e+03
  -2.6208802e+03
  -2.6236491e+03
  -2.6211125e+03
  -2.6239947e+03
  -2.6266283e+03
  -2.6296326e+03
  -2.6324585e+03
  -2.6354380e+03
  -2.6384126e+03
  -2.6353669e+03
  -2.6384623e+03
  -2.6414746e+03
  -2.6384385e+03
  -2.6355156e+03
  -2.6379333e+03
  -2.6410148e+03
  -2.6440846e+03
  -2.6468604e+03
  -2.6438490e+03
  -2.6466630e+03
  -2.6438179e+03
  -2.6467555e+03
  -2.6494519e+03
  -2.6522405e+03
  -2.6552968e+03
  -2.6523502e+03
  -2.6549566e+03
  -2.6578287e+03
  -2.6554072e+03
  -2.6526568e+03
  -2.6554637e+03
  -2.6581772e+03
  -2.6611701e+03
  -2.6636369e+03
  -2.6664815e+03
  -2.6694110e+03
  -2.6719408e+03
  -2.6749747e+03
  -2.6780956e+03
  -2.6764876e+03
  -2.6789673e+03
  -2.6820768e+03
  -2.6847900e+03
  -2.6877011e+03
  -2.6908206e+03
  -2.6936374e+03
  -2.6907312e+03
  -2.6935630e+03
  -2.6965216e+03
  -2.6995260e+03
  -2.7021552e+03
  -2.6993059e+03
  -2.7022395e+03
  -2.6993021e+03
  -2.6962245e+03
  -2.6987061e+03
  -2.6956013e+03
  -2.6984679e+03
  -2.7011715e+03
  -2.7040923e+03
  -2.7069900e+03
  -2.7041654e+03
  -2.7070547e+03
  -2.7100652e+03
  -2.7130046e+03
  -2.7156721e+03
  -2.7184880e+03
  -2.7160067e+03
  -2.7182662e+03
  -2.7167290e+03
  -2.7188678e+03
  -2.7159527e+03
  -2.7189538e+03
  -2.7213639e+03
  -2.7243170e+03
  -2.7213012e+03
  -2.7242538e+03
  -2.7271137e+03
  -2.7239751e+03
  -2.7265798e+03
  -2.7294568e+03
  -2.7324688e+03
  -2.7296406e+03
  -2.7266344e+03
  -2.7295097e+03
  -2.7324016e+03
  -2.7353217e+03
  -2.7382520e+03
  -2.7356567e+03
  -2.7385733e+03
  -2.7412106e+03
  -2.7437731e+03
  -2.7407471e+03
  -2.7433810e+03
  -2.7458978e+03
  -2.7432741e+03
  -2.7431149e+03
  -2.7445545e+03
  -2.7472122e+03
  -2.7440709e+03
  -2.7466706e+03
  -2.7493321e+03
  -2.7517529e+03
  -2.7544500e+03
  -2.7568724e+03
  -2.7566894e+03
  -2.7586834e+03
  -2.7613064e+03
  -2.7642965e+03
  -2.7668975e+03
  -2.7696904e+03
  -2.7723989e+03
  -2.7713067e+03
  -2.7740701e+03
  -2.7765644e+03
  -2.7792494e+03
  -2.7819610e+03
  -2.7845438e+03
  -2.7871541e+03
  -2.7896781e+03
  -2.7890309e+03
  -2.7915198e+03
  -2.7941263e+03
  -2.7968262e+03
  -2.7994008e+03
  -2.8018050e+03
  -2.8043364e+03
  -2.8070002e+03
  -2.8077770e+03
  -2.8098867e+03
  -2.8123608e+03
  -2.8148647e+03
  -2.8174343e+03
  -2.8200217e+03
  -2.8228687e+03
  -2.8255534e+03
  -2.8277863e+03
  -2.8279055e+03
  -2.8305386e+03
  -2.8333165e+03
  -2.8359966e+03
  -2.8385761e+03
  -2.8411686e+03
  -2.8382261e+03
  -2.8352862e+03
  -2.8379115e+03
  -2.8409592e+03
  -2.8379120e+03
  -2.8405888e+03
  -2.8433645e+03
  -2.8458459e+03
  -2.8433800e+03
  -2.8463138e+03
  -2.8441206e+03
  -2.8466940e+03
  -2.8497053e+03
  -2.8522882e+03
  -2.8552634e+03
  -2.8582834e+03
  -2.8606251e+03
  -2.8583510e+03
  -2.8613680e+03
  -2.8644327e+03
  -2.8671316e+03
  -2.8700879e+03
  -2.8727932e+03
  -2.8754559e+03
  -2.8728067e+03
  -2.8701569e+03
  -2.8670838e+03
  -2.8697676e+03
  -2.8723479e+03
  -2.8751496e+03
  -2.8778871e+03
  -2.8804672e+03
  -2.8778610e+03
  -2.8750353e+03
  -2.8780172e+03
  -2.8810506e+03
  -2.8838001e+03
  -2.8863637e+03
  -2.8891988e+03
  -2.8861743e+03
  -2.8838226e+03
  -2.8866913e+03
  -2.8894925e+03
  -2.8925113e+03
  -2.8953336e+03
  -2.8980065e+03
  -2.9006945e+03
  -2.8978444e+03
  -2.9009111e+03
  -2.8980941e+03
  -2.9011666e+03
  -2.9038422e+03
  -2.9063257e+03
  -2.9089923e+03
  -2.9120800e+03
  -2.9108240e+03
  -2.9136318e+03
  -2.9164488e+03
  -2.9190279e+03
  -2.9213557e+03
  -2.9243793e+03
  -2.9269945e+03
  -2.9292245e+03
  -2.9323397e+03
  -2.9327340e+03
  -2.9345435e+03
  -2.9369589e+03
  -2.9396588e+03
  -2.9420322e+03
  -2.9446468e+03
  -2.9476090e+03
  -2.9497960e+03
  -2.9497317e+03
  -2.9521593e+03
  -2.9546535e+03
  -2.9573399e+03
  -2.9602037e+03
  -2.9626004e+03
  -2.9648922e+03
  -2.9636957e+03
  -2.9663799e+03
  -2.9635991e+03
  -2.9660250e+03
  -2.9685196e+03
  -2.9654623e+03
  -2.9681137e+03
  -2.9657810e+03
  -2.9627178e+03
  -2.9654219e+03
  -2.9681067e+03
  -2.9711009e+03
  -2.9740131e+03
  -2.9764432e+03
  -2.9795658e+03
  -2.9824891e+03
  -2.9809627e+03
  -2.9834191e+03
  -2.9864121e+03
  -2.9891971e+03
  -2.9918392e+03
  -2.9947372e+03
  -2.9977508e+03
  -3.0005045e+03
  -2.9981265e+03
  -3.0010762e+03
  -3.0038883e+03
  -3.0009772e+03
  -3.0034778e+03
  -3.0062230e+03
  -3.0088236e+03
  -3.0056853e+03
  -3.0025991e+03
  -3.0001383e+03
  -3.0028554e+03
  -3.0055210e+03
  -3.0024322e+03
  -3.0049312e+03
  -3.0075927e+03
  -3.0052975e+03
  -3.0081211e+03
  -3.0053333e+03
  -3.0079678e+03
  -3.0104132e+03
  -3.0077238e+03
  -3.0103915e+03
  -3.0133763e+03
  -3.0109650e+03
  -3.0078797e+03
  -3.0105331e+03
  -3.0134328e+03
  -3.0161202e+03
  -3.0185558e+03
  -3.0210980e+03
  -3.0185486e+03
  -3.0216471e+03
  -3.0196426e+03
  -3.0221739e+03
  -3.0251071e+03
  -3.0276327e+03
  -3.0302840e+03
  -3.0275702e+03
  -3.0304774e+03
  -3.0334029e+03
  -3.0364568e+03
  -3.0334972e+03
  -3.0303612e+03
  -3.0333362e+03
  -3.0360766e+03
  -3.0389350e+03
  -3.0417380e+03
  -3.0387994e+03
  -3.0416699e+03
  -3.0388294e+03
  -3.0414917e+03
  -3.0385098e+03
  -3.0410461e+03
  -3.0381065e+03
  -3.0407144e+03
  -3.0428745e+03
  -3.0411992e+03
  -3.0436856e+03
  -3.0466709e+03
  -3.0493443e+03
  -3.0464616e+03
  -3.0489443e+03
  -3.0461865e+03
  -3.0487645e+03
  -3.0511272e+03
  -3.0497784e+03
  -3.0524773e+03
  -3.0552270e+03
  -3.0582033e+03
  -3.0609567e+03
  -3.0636085e+03
  -3.0605863e+03
  -3.0636279e+03
  -3.0606685e+03
  -3.0633300e+03
  -3.0662900e+03
  -3.0694203e+03
  -3.0719051e+03
  -3.0749642e+03
  -3.0725857e+03
  -3.0755404e+03
  -3.0782611e+03
  -3.0812476e+03
  -3.0783775e+03
  -3.0805102e+03
  -3.0786853e+03
