   1.1575666e+02
   7.8510758e+01
   9.4863392e+00
   2.1786475e+01
   3.7815711e+00
   1.6516666e+01
   7.0691983e+00
   1.3131020e+01
   1.1188254e+01
   7.2738215e+00
   1.2363401e+01
   4.9495615e+00
   6.0991416e+00
   1.2353485e+01
   7.1965958e+00
   1.4422394e+01
   1.6393143e+01
   1.1710964e+01
   2.0379547e+01
   1.4417672e+01
   2.0781800e+01
   3.6634580e+01
   4.2659712e+01
   3.9360758e+01
   4.2932036e+01
   6.4932541e+01
   7.9536880e+01
   9.2890138e+01
   1.0907272e+02
   1.2865438e+02
   1.8107032e+02
   2.2632351e+02
   2.6464480e+02
   3.5030267e+02
   4.3555038e+02
   5.1213683e+02
   6.2866802e+02
   7.4282526e+02
   8.6965536e+02
   1.0665710e+03
   1.2320669e+03
   1.2719525e+03
   1.2099241e+03
   1.0683331e+03
   8.7544105e+02
   7.2068183e+02
   5.9512460e+02
   4.5550210e+02
   3.7554006e+02
   2.8655063e+02
   1.4324430e+02
   2.4247455e+02
   3.3889046e+02
   3.2282733e+02
   2.9095729e+02
   2.6129628e+02
   2.1298551e+02
   1.7629635e+02
   1.4179129e+02
   1.2385441e+02
   1.2244412e+02
   9.6363729e+01
   7.6950577e+01
   7.4480843e+01
   6.0870659e+01
   5.6734720e+01
   5.3433536e+01
   4.4990517e+01
   3.8521296e+01
   3.0988657e+01
   3.2184566e+01
   3.0753656e+01
   2.9249217e+01
   2.9201167e+01
   1.5231218e+01
   5.4447671e+00
   1.5347526e+01
   1.6244583e+01
   1.7868734e+01
   1.5836946e+01
   1.9899665e+01
   2.4237156e+01
   2.3808959e+01
   2.6035973e+01
   2.6032345e+01
   2.3492089e+01
   2.1899376e+01
   1.6625647e+01
   1.1721825e+01
   9.6107279e+00
   4.9711927e+00
   3.6113135e+00
   3.0234957e+00
   2.3169989e+00
   3.7060854e+00
   2.4769745e+00
   2.2224528e+00
   2.1227828e+00
   9.0625315e-01
   1.3540791e+00
   9.0624250e-01
   1.0203833e+00
   1.4508806e+00
   2.0592886e+00
   1.5742496e+00
   3.3632526e+00
   2.8155653e+00
   1.2748493e+00
   2.2833905e+00
   1.8465283e+00
   2.8791266e+00
   3.1192498e+00
   2.5813882e+00
   4.2373877e+00
   3.8822760e+00
   4.9407371e+00
   5.7436930e+00
   5.7014683e+00
   7.2410881e+00
   7.9320518e+00
   1.0595402e+01
   1.3416698e+01
   1.6797741e+01
   2.3405417e+01
   3.0445373e+01
   3.8942224e+01
   4.6206741e+01
   4.5303839e+01
   3.7579079e+01
   2.9905417e+01
   2.3855529e+01
   1.9663113e+01
   1.8062509e+01
   1.7101743e+01
   1.6562770e+01
   1.5078790e+01
   1.3668494e+01
   1.3118151e+01
   1.1206924e+01
   1.0126795e+01
   1.0571160e+01
   1.0714692e+01
   1.0265397e+01
   8.8687228e+00
   8.6653851e+00
   8.6743825e+00
   7.4446846e+00
   7.0916822e+00
   6.1616624e+00
   5.1770302e+00
   5.4708417e+00
   4.8929764e+00
   4.4415201e+00
   4.4307226e+00
   4.2798232e+00
   4.4407246e+00
   4.0925655e+00
   4.0030573e+00
   3.8317451e+00
   3.7846851e+00
   4.0131671e+00
   3.4661052e+00
   3.5218194e+00
   3.8101830e+00
   3.8839517e+00
   4.7573634e+00
   5.0232629e+00
   5.2444291e+00
   5.3839890e+00
   4.0912102e+00
   2.9236896e+00
   2.7359861e+00
   2.1201188e+00
   1.7712966e+00
   1.3591825e+00
   9.1621261e-01
   1.4554841e+00
   8.7215830e-01
   6.5036302e-01
   7.8022959e-01
   4.3966912e-01
   2.0104467e-01
   5.2739243e-01
   3.9221729e-01
   4.6450812e-01
   1.8230199e-01
   4.9777526e-01
   5.7518845e-01
   5.2892395e-01
   7.0570228e-01
   4.3297199e-01
   3.1285415e-01
   7.6477934e-01
   6.5751419e-01
   5.6876721e-01
   8.6554762e-01
   3.6945196e-01
   6.9174247e-01
   4.7018149e-01
   6.4747300e-02
   5.4637512e-02
   5.8039381e-01
   1.0123159e+00
   1.0761246e+00
   1.4088132e+00
   1.8915010e+00
   2.2992710e+00
   3.2435770e+00
   3.6819937e+00
   3.8760612e+00
   4.1069210e+00
   3.6711230e+00
   3.4356435e+00
   3.5925503e+00
   3.3407544e+00
   3.5179270e+00
   3.2924627e+00
   2.7320472e+00
   3.1423498e+00
   2.9603988e+00
   2.9042893e+00
   3.1680586e+00
   2.8832460e+00
   3.0913278e+00
   3.3186521e+00
   3.4956962e+00
   4.1620477e+00
   3.9335080e+00
   3.1282995e+00
   2.5758996e+00
   1.8197808e+00
   1.2818357e+00
   1.0267605e+00
   7.6763667e-01
   8.1420918e-01
   7.5258399e-01
   1.2097517e+00
   1.1741573e+00
   1.0034115e+00
   9.5338060e-01
   2.7315440e-01
   6.1852359e-01
   6.2848777e-01
   4.3180969e-01
   6.5417551e-01
   4.8649765e-01
   9.7927343e-01
   1.4401794e+00
   1.4396786e+00
   1.6264557e+00
   1.4501039e+00
   1.4856061e+00
   1.7096579e+00
   1.4942046e+00
   1.2811441e+00
   1.1151217e+00
   6.7595629e-01
   8.0536941e-01
   8.0367505e-01
   9.4157715e-01
   9.6904088e-01
   4.9327170e-01
   3.6870915e-01
   4.1539411e-01
   1.8149765e-01
   3.7769252e-01
   3.4792309e-01
   3.1207663e-01
   4.6195077e-01
   2.5935547e-02
   3.5028975e-01
   7.0910638e-02
   2.9371729e-01
   1.2023761e-01
   4.2735682e-01
   2.4768335e-01
   1.1214990e-01
   5.2002899e-02
   4.1799261e-01
   3.2634827e-01
   2.8221341e-01
   3.1058411e-01
   8.7331878e-02
   1.9731151e-01
   4.8228954e-01
   6.2036303e-01
   3.9823577e-01
   4.0155229e-01
   6.3794622e-01
   5.9094527e-01
   5.2083636e-01
   7.8044091e-01
   5.9287355e-01
   4.2932936e-01
   5.9845711e-01
   5.9934271e-01
   3.7723429e-01
   2.8298016e-01
   1.0680471e-02
   2.9099176e-01
   3.1766785e-01
   4.0669814e-01
   3.2015028e-01
   1.9893688e-01
   3.5781716e-01
   5.0513711e-01
   3.2832322e-01
   3.0936250e-01
   2.0830058e-01
   1.6114818e-01
   3.0587420e-01
   7.2653334e-01
   8.3837188e-01
   8.1430340e-01
   1.0316129e+00
   8.4894133e-01
   6.4847622e-01
   1.0165031e+00
   1.1227146e+00
   1.0571730e+00
   1.1787896e+00
   9.3511284e-01
   7.4190967e-01
   6.2336455e-01
   3.7875931e-01
   4.0722411e-01
   3.7068977e-01
   3.1506450e-01
   5.2899443e-01
   2.4518895e-01
   3.2438118e-01
   3.7931259e-01
   3.6438689e-01
   4.1373148e-01
   1.8335304e-01
   2.8454778e-01
   5.2743202e-01
   4.3562804e-01
   2.8409250e-01
   3.5025958e-01
   1.2527169e-01
   2.0795569e-01
   2.0286622e-01
   3.8028213e-01
   2.1075608e-01
   1.2338354e-01
   2.9619643e-01
   5.7380500e-01
   4.4639175e-01
   1.8881563e-01
   3.5536841e-01
   5.0126993e-01
   2.8578788e-01
   5.5395203e-01
   5.8380056e-01
   3.0715730e-01
   2.6713992e-01
   1.9390044e-01
   7.4806127e-02
   3.5798831e-01
   3.8941283e-01
   3.3638851e-01
   4.8779521e-01
   3.4300739e-01
   2.0872316e-01
   3.7903566e-01
   4.1986149e-01
   3.1861513e-01
   3.7696901e-01
   8.4038216e-02
   2.2215049e-01
   1.9967930e-01
   2.9629966e-01
   1.2845653e-01
   2.1965804e-01
   2.5963813e-01
   2.8094906e-01
   3.9990750e-01
   5.9870990e-01
   4.7291442e-01
   8.6773731e-02
   4.1030129e-02
   1.5848552e-01
   1.5360817e-01
   1.3026406e-01
   2.4456632e-01
   1.0688013e-01
   5.9091355e-02
   2.8927033e-01
   3.2115373e-01
   4.4219454e-02
   1.4069772e-01
   1.5012029e-01
   4.2594331e-01
   4.1148866e-01
   4.8309286e-01
   4.0133808e-01
   2.6480655e-01
   4.1249221e-01
   5.3842094e-01
   4.0555470e-01
   4.9490872e-01
   3.7158421e-01
   1.3890235e-01
   1.8918803e-01
   2.1029851e-01
   2.6585259e-01
   2.0157166e-01
   1.0868682e-01
   3.1664060e-01
   3.7756580e-01
   1.2281267e-01
   1.1360346e-01
   2.2125232e-01
   5.0694795e-01
   3.5279839e-01
   1.4712097e-01
   1.5127618e-01
   2.1026573e-01
   1.8844631e-01
   2.6479691e-01
   3.3954973e-01
   4.4924576e-01
   2.5397085e-01
   1.3800554e-01
   1.4978193e-01
   1.0099712e-01
   1.4636354e-01
   2.9009749e-01
   2.2227140e-01
   1.2759753e-01
   2.3853748e-01
   4.7825806e-02
   1.1184711e-01
   3.2555966e-01
   4.6732798e-01
   5.0461956e-01
   5.7019804e-01
   3.7512648e-01
   2.2326101e-01
   3.3796914e-01
   3.5484367e-01
   3.5609210e-01
   4.9855206e-01
   3.9659805e-01
   2.9376004e-01
   2.6433906e-01
   1.8627863e-01
   1.1638572e-01
   2.6196748e-01
   1.2371306e-01
   1.8821996e-01
   1.6924060e-01
   9.2867752e-02
   1.6681618e-01
   2.2267077e-01
   3.5467554e-01
   3.3784950e-01
   3.0641937e-01
   3.8844507e-01
   3.6020819e-01
   8.5037998e-02
   2.1805045e-01
   1.2726883e-01
   3.0750956e-02
   1.6595513e-01
   2.6493348e-01
   1.0164105e-01
   7.3685277e-02
   1.3842527e-01
   2.8796870e-01
   1.3542525e-01
   1.3760958e-01
   9.1536376e-02
   1.0539478e-01
   1.1250495e-01
   2.7894032e-01
   2.8879523e-01
   3.3617072e-01
   3.6602606e-01
   1.2955957e-01
   7.1296419e-02
   2.0612283e-01
   2.4379833e-01
   2.7586856e-01
   3.8412381e-01
   2.0741424e-01
   3.6968485e-02
   1.0113889e-01
   1.9330395e-01
   6.2684725e-02
   1.1578406e-01
   6.5616371e-02
   1.5175665e-01
   5.3276298e-02
   1.3388164e-01
   7.6806581e-02
   2.7825311e-01
   2.9673656e-01
   1.0552920e-01
   1.1903487e-01
   1.5952201e-01
   6.3334394e-02
   2.7430506e-01
   2.8501901e-01
   3.7229074e-01
   4.9244340e-01
   3.1695411e-01
   3.0159022e-01
   3.3529227e-01
   2.0716555e-01
   2.5976153e-01
   3.4987317e-01
   1.1904669e-01
   1.3377331e-01
   1.4527927e-01
   2.0375028e-01
   1.5660233e-01
   7.5670909e-02
   3.5065200e-02
   1.2016866e-01
   1.4597486e-01
   1.7824355e-01
   2.6180708e-01
   4.5410881e-01
   3.7091623e-01
   2.4340167e-01
   3.2783429e-01
   2.1978486e-01
   9.0786904e-02
   6.8715518e-02
   1.0419630e-01
   6.3351544e-02
   1.0434591e-01
   1.9926023e-01
   3.1479370e-01
   1.6970828e-01
   2.1037419e-01
   1.9217012e-01
   4.2938849e-02
   2.2187157e-01
   3.4688878e-01
   2.5411429e-01
   1.0117872e-01
   1.8517253e-01
   3.1261976e-01
   2.9674519e-01
   2.6846539e-01
   3.1863391e-01
   2.8682536e-01
   1.2412939e-01
   2.1567483e-01
   1.4459328e-01
   1.0146564e-01
   8.8965464e-02
   1.8709895e-01
   3.3073677e-01
   2.0003930e-01
   8.6284653e-02
   1.4755197e-01
   1.7464643e-01
   4.2430523e-02
   5.0296087e-02
   7.1303491e-02
   1.3509590e-01
   3.7836609e-02
   1.9599533e-01
   1.2990984e-01
   1.3644815e-01
   9.5540789e-02
   8.7222738e-02
   6.3711084e-02
   2.1237345e-01
   1.9719187e-01
   4.3146101e-02
   7.1982341e-02
   1.7511685e-01
   2.6267108e-01
   2.9825246e-01
   2.5671061e-01
   1.2175034e-01
   5.5898678e-02
   1.3753637e-01
   1.5089025e-01
   6.7744363e-02
   8.2317498e-02
   1.0207970e-01
   1.5036559e-01
   1.5104523e-01
   2.7169600e-01
   1.0978448e-01
   1.3721954e-01
   1.8593858e-01
   1.5245610e-01
   1.4520591e-01
   2.4796054e-01
   1.8968133e-01
   1.2496049e-01
   9.4890334e-02
   9.0687818e-02
   6.0520651e-02
   1.2146980e-01
   1.6663331e-01
   1.1049811e-01
   1.6973679e-01
   2.0463058e-01
   1.9828303e-01
   1.7584474e-01
   1.8212352e-01
   8.5937696e-02
   1.2362895e-01
   5.8447611e-02
   7.5684633e-02
   2.1227463e-01
   2.9131391e-01
   1.4090915e-01
   1.9402751e-01
   1.3645930e-01
   8.8400442e-02
   1.0364933e-01
   1.3570118e-01
   8.6454534e-02
   5.4855001e-02
   9.0685992e-02
   2.3360880e-01
   2.1104557e-01
   2.5886081e-01
   3.1175797e-01
   1.0401116e-01
   1.3848356e-01
   1.9704370e-01
   1.5881105e-01
   1.8729863e-01
   2.5910222e-01
   1.9012750e-01
   2.2916817e-01
   1.6931317e-01
   9.8024823e-02
   8.3634556e-02
   1.7444914e-01
   1.8867428e-01
   1.4328575e-01
   1.8730335e-01
   2.6207130e-01
   2.2554209e-01
   2.7622016e-01
   2.1884103e-01
   4.8571099e-02
   1.9192375e-02
   1.2046234e-01
   1.0172666e-01
   3.6101603e-02
   6.4574333e-02
   1.0552214e-01
   8.2203233e-02
   9.6708952e-02
   1.4346834e-01
   5.5334537e-02
   1.6049787e-01
   7.6854921e-02
   1.2167718e-01
   4.5270944e-02
   6.1363046e-02
   2.7882358e-02
   8.7667996e-02
   1.0185554e-01
   1.9247669e-01
   1.7088867e-01
   3.0095788e-01
   3.3578434e-01
   2.5589069e-01
   2.6384265e-01
   2.3208862e-01
   1.4497134e-01
   1.8272167e-01
   1.3063899e-01
   9.9489972e-02
   8.7822754e-02
   1.3416271e-01
   1.9688485e-01
   9.7844751e-02
   1.6159272e-01
   1.3235078e-01
   6.5153685e-02
   2.0781349e-01
   2.8954836e-01
   2.2866481e-01
   2.5489574e-01
   1.8626857e-01
   2.2757635e-01
   3.1740268e-01
   3.1475291e-01
   3.4480375e-01
   4.1388276e-01
   3.3157912e-01
   2.0487874e-01
   1.9861723e-01
   1.9317604e-01
   1.2746584e-01
   2.5242775e-01
   2.2411545e-01
   3.5225758e-02
   1.2055609e-01
   4.6163729e-02
   1.2086646e-01
   1.5068014e-01
   1.6805020e-01
   1.9527517e-01
   2.3468538e-01
   1.6440055e-01
   1.2483016e-01
   8.3195555e-02
   7.5322604e-02
   6.8566818e-02
   9.5608935e-02
   1.2459144e-01
   2.0867746e-01
   8.5706782e-02
   7.9049934e-02
   5.1898276e-02
   1.8140799e-01
   1.6162097e-01
   6.4660316e-02
   2.2446659e-02
   1.5058367e-01
   1.3355870e-01
   9.0408640e-02
   2.1004282e-01
   1.1458747e-01
   8.9394940e-02
   6.2192887e-02
   9.1933674e-02
   2.3516916e-01
   2.7630200e-01
   1.2957991e-01
   9.5875422e-02
   7.1451019e-02
   1.2455329e-01
   4.1920427e-02
   1.1600831e-01
   1.0950801e-01
   6.6589552e-02
   7.1983796e-02
   1.4359946e-01
   4.5005889e-02
   1.2610154e-01
   1.2853560e-01
   1.2071685e-01
   8.2923328e-02
   8.6627178e-02
   1.1511243e-01
   1.2784171e-01
   2.1804264e-01
   1.5577123e-01
   1.1420337e-01
   1.9935749e-01
   2.8086566e-01
   2.3327655e-01
   2.6088338e-01
   2.1767750e-01
   1.3476016e-01
   1.5257135e-01
   2.1911531e-01
   1.2433608e-01
   9.5210069e-02
   8.6978339e-02
   8.2331893e-02
   9.6656063e-03
   1.7160604e-01
   2.0852182e-01
   2.3385346e-01
   2.1091234e-01
   6.9603302e-02
   7.4140624e-02
   2.0989434e-01
   2.5358227e-01
   2.2226364e-01
   1.8731898e-01
   2.6287549e-02
   9.4785743e-02
   4.0715867e-02
   1.0454320e-01
   8.8479846e-02
   1.5818783e-01
   8.3403381e-02
   3.8292723e-02
   9.1956298e-02
   1.7465766e-01
   1.0302244e-01
   8.3540821e-02
   8.4654581e-02
   2.9031579e-02
   3.6799665e-02
   1.4567632e-01
   1.5093067e-01
   8.4062822e-02
   1.5438267e-01
   1.0716021e-01
   9.4778538e-02
   1.1335878e-01
   5.9952379e-02
   1.6025533e-01
   1.8552064e-01
   1.2502437e-01
   1.4724410e-01
   2.9554482e-02
   1.0094035e-01
   8.0857654e-02
   6.3661490e-02
   1.4645739e-01
   1.3818161e-01
   1.5165325e-01
   2.7088614e-01
   1.6113313e-01
   1.5145221e-01
   1.6683667e-01
   4.0117639e-02
   1.4899733e-01
   1.5846907e-01
   1.3254660e-01
   1.8843822e-01
   1.3520794e-01
   1.6734827e-01
   2.2146318e-01
   1.0526477e-01
   3.1040652e-02
   1.1254323e-01
   1.9398139e-01
   1.4901115e-01
   7.8289371e-02
   5.3801347e-02
   8.1812518e-02
   8.1820805e-02
   1.1096355e-01
   4.2487712e-02
   1.5385328e-01
   9.7909538e-02
   3.0626846e-02
   1.9406296e-02
   8.9320230e-02
   1.1914192e-01
   9.6923456e-02
   1.0648507e-01
   1.5135984e-01
   1.0359497e-01
   1.0218112e-01
   1.0280645e-01
   8.1138990e-02
   7.8290748e-02
   7.2181113e-02
   1.3941478e-01
   6.6485807e-02
   1.8921804e-02
   1.0221721e-01
   1.9317893e-01
   1.3296623e-01
   8.7119549e-02
   6.8265095e-02
   9.5000282e-02
   1.1349168e-01
   8.3521524e-02
   1.4305879e-01
   2.3043108e-01
   1.5526531e-01
   3.4148400e-02
   6.5066256e-02
   5.2305906e-02
   8.4717846e-02
   1.2812034e-01
   8.9842397e-02
   8.1710052e-02
   3.2172736e-02
   1.9239508e-01
   2.0042755e-01
   5.4031402e-02
   4.1803385e-02
   7.5737477e-02
   1.0318655e-01
   7.4145906e-02
   1.2344872e-01
   7.4773808e-02
   1.6376185e-01
   1.2798800e-01
   8.0048135e-02
   1.6114374e-01
   1.9734336e-01
   2.2768740e-01
   2.9140423e-01
   2.1712308e-01
   1.5683321e-01
   1.4897766e-01
   8.9313442e-02
   1.0936886e-01
   1.6072174e-01
   1.6044445e-01
   2.5610587e-01
   2.1896548e-01
   9.5808374e-02
   1.7337366e-01
   1.6358712e-01
   1.3252064e-01
   1.8266694e-01
   1.9953874e-01
   8.1191371e-02
   1.5472359e-01
   9.4614664e-02
   2.6213704e-02
   8.4115322e-02
   1.4201376e-01
   9.0085916e-02
   1.0047686e-01
   8.5921818e-02
   1.1573233e-01
   7.7199097e-02
   1.0091846e-01
   1.1468245e-01
   8.5965330e-02
   3.5751388e-02
   1.5789998e-01
   1.7221976e-01
   3.6390881e-02
   6.9545894e-02
   8.3729744e-02
   1.3164979e-01
   7.9380909e-02
   2.9134504e-02
   6.0650574e-02
   3.5183985e-02
   8.8157634e-02
   1.4209540e-01
   5.4740783e-02
   2.9291757e-02
   5.1696357e-02
   9.5756438e-02
   1.1249984e-01
   1.8598218e-01
   8.1402399e-02
   7.4445752e-02
   4.8702165e-02
   2.0914257e-01
   1.8718056e-01
   1.0995549e-02
   4.9148785e-02
   1.2832427e-01
   1.8048225e-01
   4.6453480e-02
   1.0514724e-01
   1.1156986e-01
   1.2252939e-01
   8.6146955e-02
   2.0336768e-01
   1.5815242e-01
   4.2739245e-02
   2.6606397e-02
   5.9616284e-02
   5.3183339e-02
   1.2698544e-02
   1.3869033e-02
   7.7268568e-02
   9.8461883e-02
   1.1855872e-01
   7.0511664e-02
   4.5862765e-02
   2.9801943e-02
   1.1368355e-01
   1.3472267e-01
   2.8789326e-02
   7.8713997e-02
   8.0284794e-02
   7.1044025e-02
   1.5108767e-01
   1.7017387e-01
   1.0627869e-01
   1.3281310e-01
   1.1137857e-01
   9.7536817e-02
   1.1168345e-01
   8.0882845e-02
   1.2456537e-01
   1.8601444e-01
   1.9408166e-01
   1.7172641e-01
   9.5385799e-02
   4.8957759e-02
   5.5589355e-02
   1.3546026e-01
   1.0729460e-01
   5.0982090e-02
   6.4448341e-02
   1.7561083e-01
   1.5074605e-01
   1.0156921e-01
   6.5804727e-02
   5.1221068e-02
   7.9198982e-02
   1.0430984e-02
   5.3466506e-02
   7.6925588e-02
   9.4243375e-02
   1.5640911e-01
   2.0927239e-01
   1.4381080e-01
   1.2481310e-01
   1.1886657e-01
   1.5989039e-01
   1.4630379e-01
   1.9546338e-01
   1.5655577e-01
   7.8195957e-02
   1.2368613e-01
   1.6875365e-01
   1.5919826e-01
   1.8010623e-01
   1.5723636e-01
   1.0721772e-01
   8.8257845e-02
   2.3018168e-02
   1.0070679e-01
   7.8454284e-02
   2.9069520e-02
   1.3357166e-01
   1.5170910e-01
   1.0626515e-01
   1.6662620e-01
   1.0208321e-01
   5.0079383e-02
   9.6306846e-02
   6.1601686e-02
   7.1332070e-02
   1.1506336e-01
   2.6151535e-02
   1.5817770e-01
   2.0939950e-01
   1.9376262e-01
   1.8492961e-01
   1.8844314e-01
   1.8257921e-01
   1.8433488e-01
   1.4026951e-01
   8.9920449e-02
   1.0613287e-01
   1.3654764e-01
   1.3909882e-01
   1.8508709e-01
   1.7142220e-01
   2.6032693e-02
   7.6583532e-02
   2.2763276e-02
   6.1963491e-02
   9.7842163e-02
   1.0410618e-01
   2.4830604e-02
   7.9457265e-02
   4.8084401e-02
   5.8285435e-02
   4.0861854e-02
   3.2275287e-02
   2.7348163e-02
   3.2530559e-02
   3.2040074e-02
   2.8300860e-02
   1.6335484e-02
   6.0525192e-02
   6.5614422e-02
   3.6595695e-02
   2.7465235e-02
   3.8010220e-02
   4.3989944e-02
   1.0859017e-02
   1.6010528e-02
   8.0332009e-02
   9.2147316e-02
   9.1646426e-03
   5.8066942e-02
   2.0267333e-02
   2.4788586e-02
   7.7318806e-02
   1.4859368e-01
   1.4118037e-01
   1.1186387e-01
   1.2607221e-01
   1.3648552e-01
   1.3305538e-01
   1.3515632e-01
   7.3877319e-02
   1.3513888e-02
   2.8542521e-02
   5.3154659e-02
   4.3889613e-02
   5.2123840e-02
   6.6862513e-02
   1.5045750e-01
   1.1828021e-01
   3.2759501e-02
   7.3313813e-02
   3.3718461e-02
   5.0839748e-02
   3.0015700e-02
   7.7031385e-02
   3.9502095e-02
   2.7575069e-02
   6.5271634e-02
   8.4375552e-02
   1.3399134e-01
   1.8320009e-01
   1.2539201e-01
   1.1599403e-01
   1.4273580e-01
   9.6073092e-02
   1.1452628e-01
   1.5984631e-01
   1.0853041e-01
   9.5796148e-02
   1.6103386e-01
   1.9710177e-01
   1.5236065e-01
   7.3582369e-02
   6.7026064e-02
   6.0617982e-02
   6.0303497e-02
   1.9537028e-01
   2.3364048e-01
   2.9820062e-01
   2.8362232e-01
   1.3317393e-01
   2.0083070e-01
   2.5457882e-01
   2.2684636e-01
   2.2664725e-01
   2.5695255e-01
   1.6782406e-01
   9.9175680e-02
   3.3328458e-02
   8.6323233e-02
   9.4758488e-02
   1.8919911e-02
   1.9688826e-02
   2.8318478e-02
   3.4197253e-02
   1.0146181e-01
   7.5941081e-02
   5.9936031e-02
   7.4248529e-02
   2.3753013e-02
   2.6821236e-02
   6.7906569e-02
   7.0048253e-02
   1.1087975e-01
   1.0188024e-01
   3.9237462e-02
   4.6064346e-02
   5.9205622e-02
   9.3348551e-02
   5.8495388e-02
   1.2422201e-01
   2.5846169e-02
   1.1283787e-01
   9.8298963e-02
   2.7525490e-02
   3.7504001e-02
   1.1451916e-01
   1.0821533e-01
   1.2671546e-01
   1.1072531e-01
   6.8670540e-02
   1.1265009e-01
   1.0009676e-01
   9.0334715e-02
   1.1953143e-01
   8.5883895e-02
   5.8012807e-02
   7.6669271e-02
   6.9578151e-02
   1.1662047e-01
   6.9739315e-02
   1.1234199e-01
   8.2955519e-02
   2.0219099e-02
   6.9689247e-02
   1.1202477e-01
   6.1960373e-02
   1.0213015e-01
   3.9389936e-02
   1.5545211e-01
   1.5902091e-01
   9.9759893e-02
   1.1038797e-01
   8.9445563e-02
   9.9625273e-02
   1.8160933e-01
   1.4239976e-01
   1.1347693e-01
   1.1008779e-01
   6.0181302e-02
   1.3829149e-01
   3.3137761e-02
   9.2584556e-02
   9.0419800e-02
   7.4716128e-02
   4.7541191e-02
   1.2366020e-01
   9.0213754e-02
   2.7286766e-02
   7.5660509e-02
   1.4340051e-01
   8.8384255e-02
   1.4972374e-01
   2.2095006e-01
   2.2217528e-01
   2.2452415e-01
   1.8084084e-01
   1.2698384e-01
   1.5106018e-01
   1.2649881e-01
   8.2729072e-02
   1.4421889e-01
   1.0114358e-01
   8.7582945e-02
   8.1833461e-02
   4.6433110e-02
   1.0828221e-01
   1.2419393e-01
   8.1896083e-02
   9.9197199e-02
   5.0609662e-02
   8.7525553e-02
   8.2556207e-02
   2.7928639e-02
   2.2180017e-02
   3.6047827e-02
   7.1456153e-02
   1.0855348e-01
   8.5877758e-02
   1.5523981e-01
   1.8413308e-01
   1.5945362e-01
   1.6115606e-01
   1.5899145e-01
   1.4282290e-01
   1.6830598e-01
   1.3516610e-01
   5.2198755e-02
   6.4099405e-02
   2.6029160e-02
   7.7769515e-02
   1.1253522e-01
   1.2142519e-01
   1.3443581e-01
   1.5459982e-01
   1.4301207e-01
   1.2446334e-01
   6.8264188e-02
   5.9541411e-02
   1.0481903e-01
   1.2437618e-01
   1.1279136e-01
   1.2890992e-01
   1.0073203e-01
   1.1072717e-01
   8.2542015e-02
   1.4768096e-01
   1.2063417e-01
   1.5136734e-01
   1.4854249e-01
   5.1283048e-02
   5.3191939e-02
   1.5744839e-01
   1.7371641e-01
   7.2645140e-02
   7.2396410e-02
   1.0474294e-01
   1.1492296e-01
   1.1961324e-01
   1.8184359e-01
   1.0425309e-01
   5.7327318e-03
   6.8836182e-02
   1.3371612e-01
   7.8413199e-02
   9.6427914e-02
   7.2175880e-02
   1.3552647e-01
   1.3720829e-01
   1.6589970e-01
   1.8666263e-01
   7.3099990e-02
   5.5674438e-02
   8.9227839e-02
   7.9488697e-02
   6.3357528e-02
   1.3872058e-01
   1.0151291e-01
   1.1264167e-01
   1.2125056e-01
   9.6300820e-02
   9.0328764e-02
   1.3570210e-01
   1.4764322e-01
   1.6456877e-01
   1.7049451e-01
   1.5426691e-01
   1.7770215e-01
   1.8849799e-01
   1.1172372e-01
   1.1628886e-01
   1.2121350e-01
   4.7847135e-02
   3.8719144e-02
   7.0401231e-02
   3.9570004e-02
   7.4168847e-02
   6.6471883e-02
   6.1582160e-02
   2.9634962e-02
   4.8347554e-02
   4.4566328e-02
   6.3830928e-02
   6.8917477e-02
   1.6758837e-02
   3.4127171e-02
   7.3851478e-02
   1.2535944e-01
   8.2080244e-02
   8.9662414e-02
   1.6855790e-02
   9.1065043e-02
   5.4628156e-02
   9.9614387e-02
   1.0694777e-01
   4.2153880e-02
   6.8718718e-02
   1.8082790e-01
   1.6770378e-01
   1.3968408e-01
   1.7642970e-01
   1.3899667e-01
   1.3067106e-01
   1.4770198e-01
   8.8510506e-02
   1.5941558e-01
   1.9314435e-01
   1.1933751e-01
   1.3706615e-01
   1.1324669e-01
   9.7658974e-02
   5.6861789e-02
   1.6949535e-02
   7.7424028e-02
   9.6318957e-02
   3.5538198e-02
   1.1868386e-01
   7.5418522e-02
   5.3038469e-02
   8.3356458e-02
   1.2250721e-01
   1.0123406e-01
   1.1851403e-01
   1.2036593e-01
   5.9788850e-02
   1.7964175e-02
   6.4401774e-02
   5.2041854e-02
   5.8203831e-02
   8.9903477e-02
   7.6240787e-02
   1.6591418e-01
   1.4691609e-01
   1.3035808e-01
   1.7355882e-01
   1.7804622e-01
   2.3637423e-01
   3.1275313e-01
   2.4975300e-01
   2.1633552e-01
   2.0995326e-01
   1.2462976e-01
   1.0805706e-01
   1.3409121e-01
   8.4771257e-02
   1.0790926e-01
   1.0197697e-01
   1.3801578e-01
   1.5413521e-01
   1.5069857e-01
   1.2785841e-01
   5.1487365e-02
   3.8630646e-02
   6.2148531e-02
   8.2633343e-02
   8.3607075e-02
   1.4080776e-01
   9.6393591e-02
   8.6614764e-02
   5.9863859e-02
   4.7591969e-02
   2.0725590e-02
   8.5246038e-02
   8.0452392e-02
   1.7113009e-01
   1.5644672e-01
   5.8477082e-02
   5.7362483e-02
   4.1480148e-02
   5.3709923e-02
   1.5755216e-01
   1.9174339e-01
   1.0787333e-01
   6.5187291e-02
   6.7007495e-02
   5.5766235e-02
   5.5235573e-02
   8.0957204e-02
   1.0531243e-01
   8.8880041e-02
   3.1599917e-02
   4.2528865e-02
   9.7698498e-02
   1.2408651e-01
   1.0426333e-01
   1.0698428e-01
   5.3906307e-02
   8.8264277e-02
   7.6715481e-02
   7.1392228e-02
   5.8482100e-02
   7.3098678e-02
   6.8487860e-02
   2.5451204e-02
   1.9783698e-02
   4.2777415e-02
   9.6516789e-02
   1.3644486e-01
   1.3788569e-01
   1.1545649e-01
   1.3559408e-01
   1.4107493e-01
   1.2274587e-01
   1.4619300e-01
   1.3967119e-01
   1.3428229e-01
   1.1248344e-01
   1.8289540e-02
   1.1042685e-01
   1.0445209e-01
   1.2659726e-01
   1.3997639e-01
   1.2023121e-01
   2.2504731e-01
   2.9817719e-01
   1.9979590e-01
   1.6888580e-01
   2.2202361e-01
   2.2829609e-01
   2.7229978e-01
   3.1767529e-01
   4.3131190e-01
   5.6612092e-01
   6.6254838e-01
   7.9534664e-01
   8.7980002e-01
   8.0136679e-01
   6.5188226e-01
   5.4933121e-01
   5.0852512e-01
   4.6514598e-01
   3.4325961e-01
   2.3026074e-01
   2.0968016e-01
   1.4496850e-01
   1.2291376e-01
   1.0036370e-01
   3.6546257e-02
   2.2255977e-02
   1.4630522e-02
   6.9573337e-02
   1.2513694e-01
   8.4312056e-02
   8.8863962e-02
   8.5450821e-02
   4.8280101e-02
   5.8947595e-02
   1.3155252e-01
   9.4579056e-02
   4.8352040e-02
   6.7705647e-02
   2.5396173e-02
   2.6399079e-02
   8.4067160e-02
   1.3443636e-01
   7.6187432e-02
   4.1519159e-02
   5.2773874e-02
   5.2986597e-02
   1.1388492e-01
   1.6683234e-01
   1.0055893e-01
   1.1439907e-01
   1.2680531e-01
   8.6972094e-02
   8.5498010e-02
   1.2067078e-01
   8.2267326e-02
   1.1491360e-01
   1.4242171e-01
   9.0060043e-02
   7.0599134e-02
   9.6822248e-02
   6.5796621e-02
   4.2135094e-02
   7.7160670e-02
   3.2004985e-02
   1.6806706e-02
   7.1682863e-02
   7.6896285e-02
   5.4607202e-02
   1.0652256e-01
   6.7789433e-02
   3.3652195e-02
   2.6885966e-02
   3.4358771e-02
   3.4824448e-02
   4.4726508e-02
   1.1784028e-02
   5.1443290e-02
   1.5302541e-02
   9.0773379e-02
   6.5140775e-02
   9.3125064e-02
   1.2124361e-01
   6.6967286e-02
   9.8133185e-02
   1.9197527e-01
   2.2705208e-01
   3.1254004e-01
   3.9043457e-01
   4.0954018e-01
   4.3552856e-01
   4.2217292e-01
   4.5465343e-01
   5.8771889e-01
   6.7324062e-01
   7.2153806e-01
   7.3634636e-01
   6.1272367e-01
   4.6226855e-01
   3.6733900e-01
   2.4359121e-01
   2.1323243e-01
   2.3901246e-01
   1.4709154e-01
   1.5672021e-01
   2.4438070e-01
   3.1360523e-01
   2.8181078e-01
   1.8060456e-01
   2.0935949e-01
   2.0549528e-01
   1.1726643e-01
   1.9373359e-01
   2.0920969e-01
   1.5826409e-01
   1.6731261e-01
   6.1524407e-02
   6.4315183e-02
   7.2821052e-02
   8.1491707e-02
   7.7461802e-02
   7.3425523e-02
   4.0225741e-02
   1.2843298e-01
   1.0331076e-01
   9.8322081e-02
   1.2186899e-01
   8.4263517e-02
   9.8524788e-02
   1.4644880e-01
   1.1039931e-01
   7.9276906e-02
   1.3004869e-01
   9.8414028e-02
   8.6078349e-02
   1.2159572e-01
   1.0840381e-01
   7.4012405e-02
   9.2960389e-02
   4.9952396e-02
   6.1330747e-03
   7.5432330e-02
   1.2219105e-01
   5.3347398e-02
   3.1899483e-02
   9.9761256e-03
   4.3521102e-02
   2.4599787e-02
   8.2658128e-02
   6.8404397e-02
   2.3459112e-02
   2.3681911e-02
   3.7761526e-02
   4.1593600e-02
   1.9301057e-02
   5.1137104e-02
   4.5474352e-02
   6.0200154e-02
   1.1462885e-01
   1.0412786e-01
   5.1603003e-02
   7.9746967e-02
   7.8403858e-02
   8.9856463e-02
   4.9779238e-02
   4.7756301e-02
   4.0967832e-02
   5.2634193e-02
   1.1930951e-01
   1.3492688e-01
   6.3106244e-02
   1.4200174e-01
   1.3617507e-01
   8.5611937e-02
   9.6917696e-02
   6.7202895e-02
   4.3033319e-02
   8.6564818e-02
   6.7929722e-02
   1.6436532e-02
   2.4481799e-02
   1.4912435e-02
   1.8006953e-02
   7.9653705e-02
   1.0908426e-01
   6.2679564e-02
   2.5050405e-02
   4.5820937e-02
   5.0647882e-02
   1.9084037e-02
   6.5033241e-02
   1.4572534e-02
   6.0237516e-02
   6.4141911e-02
   2.9120175e-02
   4.9029832e-02
   8.5714288e-02
   7.7753128e-02
   9.2733593e-02
   8.2719841e-02
   8.9654470e-02
   6.3060811e-02
   3.8009462e-02
   3.5853641e-02
   2.7308314e-02
   2.2060659e-02
   5.2818958e-02
   6.5106363e-02
   4.7488911e-02
   5.4086132e-02
   4.9080188e-02
   7.3772295e-02
   4.4431987e-02
   3.5622956e-02
   5.2460648e-02
   6.1452034e-02
   9.2119475e-02
   9.2435086e-02
   3.8110078e-02
   1.1290590e-01
   9.9449106e-02
   9.0638597e-02
   1.0401711e-01
   8.1688897e-02
   3.6209060e-02
   6.4374885e-02
   6.1764488e-02
   6.3219782e-02
   9.4611991e-02
   1.3033733e-01
   1.0344791e-01
   2.6035541e-02
   7.0062466e-02
   5.6200070e-02
   2.3431940e-02
   1.4502034e-02
   5.1688034e-02
   9.8975468e-02
   8.4801404e-02
   6.0448577e-02
   8.6284078e-02
   4.4606353e-02
   3.4248373e-02
   1.3953627e-02
   5.0269572e-02
   5.2590758e-03
   7.4957627e-02
   5.9441778e-02
   1.0445131e-02
   1.9039326e-02
   5.5292680e-02
   3.8047648e-02
   8.2065695e-02
   1.0832597e-01
   1.1992452e-01
   1.0439325e-01
   5.9093419e-02
   6.7058681e-02
   6.7911095e-02
   3.1010550e-02
   1.2320678e-01
   1.2335197e-01
   1.2253059e-01
   1.9507348e-01
   1.4676113e-01
   8.8669891e-02
   1.1627681e-01
   1.1719431e-01
   9.9949771e-02
   1.2220750e-01
   4.9632054e-02
   5.5624562e-02
   6.7039667e-02
   7.3374577e-02
   8.8884199e-02
   7.0910819e-02
   8.7185103e-02
   1.5849828e-01
   1.3965971e-01
   8.0853502e-02
   8.1919792e-02
   3.9317909e-02
   3.4108083e-02
   9.2668369e-02
   8.8721148e-02
   2.5851854e-02
   9.1442735e-02
   6.4276278e-02
   4.6545494e-02
   1.1414913e-02
   5.2027614e-02
   2.6423247e-02
   1.0698896e-01
   1.0101802e-01
   6.0487591e-02
   6.1593436e-02
   3.1041334e-02
   2.8170284e-02
   7.0980631e-02
   2.5614270e-02
   7.6046951e-02
   1.1572832e-01
   1.2791604e-01
   1.2342281e-01
   8.0875718e-02
   1.3889433e-01
   1.7785568e-01
   1.1233086e-01
   1.4009184e-01
   1.7684859e-01
   1.2629674e-01
   1.4733816e-01
   1.0304663e-01
   3.1054398e-02
   3.7674505e-02
   7.1864277e-02
   9.1504183e-02
   1.2765470e-01
   9.3515723e-02
   3.6489897e-02
   3.7405050e-02
   1.9258692e-02
   3.5299398e-02
   6.4736487e-02
   2.8522860e-02
   3.3092418e-02
   3.8047648e-02
   8.1645928e-02
   7.5305799e-02
   3.2421828e-02
   8.5675502e-02
   1.2771294e-01
   1.0746045e-01
   1.0897096e-01
   1.4938593e-01
   9.9199024e-02
   1.3784996e-01
   9.7296531e-02
   1.2395468e-01
   1.8934015e-01
   1.7104082e-01
   1.4290840e-01
   1.2220608e-01
   1.4697024e-01
   2.2945552e-01
   2.3760153e-01
   2.3736327e-01
   2.6926314e-01
   2.2964109e-01
   1.8070164e-01
   1.8796877e-01
   1.4019095e-01
   1.2478504e-01
   1.7367478e-01
   1.3540329e-01
   5.9757771e-02
   1.9332663e-02
   5.8211595e-02
   5.4783497e-02
   3.0380978e-02
   1.0884629e-01
   1.4326026e-01
   8.0999418e-02
   7.0047814e-02
   8.8100278e-02
   5.4802707e-02
   7.9094609e-02
   1.2115590e-01
   1.3097751e-01
   1.4166290e-01
   1.1232676e-01
   1.0687331e-01
   1.0622153e-01
   7.6853452e-02
   8.1883469e-02
   1.1820545e-01
   7.7198997e-02
   6.2533404e-02
   7.8261452e-02
   2.9198985e-02
   2.5537046e-02
   1.0018519e-01
   1.0124268e-01
   7.6529593e-02
   1.4714381e-01
   9.2280972e-02
   4.3314196e-02
   5.8076406e-02
   5.8823542e-02
   7.5307456e-02
   1.5491251e-01
   1.4668625e-01
   7.5382302e-02
   8.8148885e-02
   5.4831890e-02
   3.0547899e-02
   1.7635153e-02
   2.8355690e-02
   5.5543932e-02
   4.2260930e-02
   4.2580459e-02
   5.5756742e-02
   5.0174591e-02
   7.5454710e-02
   1.2393845e-01
   1.2585356e-01
   9.7710377e-02
   1.0135943e-01
   7.1118512e-02
   4.0719543e-02
   5.2663627e-02
   4.5416878e-02
   1.2335640e-02
   5.7040788e-02
   5.7250814e-02
   7.1068993e-02
   7.9244868e-02
   6.3068228e-02
   2.9685336e-02
   6.1564878e-02
   6.0587169e-02
   9.5756362e-02
   1.4070614e-01
   1.3219670e-01
   1.4499315e-01
   1.8486667e-01
   1.8372646e-01
   2.5576916e-01
   2.8693968e-01
   2.1301581e-01
   1.7736722e-01
   1.8365334e-01
   1.3575355e-01
   1.3642770e-01
   1.6583480e-01
   1.2294370e-01
   1.1115456e-01
   6.8603537e-02
   8.0741545e-02
   1.0744840e-01
   8.8963556e-02
   8.4181386e-02
   7.8052786e-02
   4.5992188e-02
   7.6934614e-02
   5.1019157e-02
   4.3755729e-02
   1.0494499e-01
   1.0435531e-01
   9.1525390e-02
   9.4415220e-02
   9.0986932e-02
   1.0975651e-01
   1.0649550e-01
   5.7938977e-02
   3.3210887e-02
   4.7520826e-02
   5.3053948e-02
   1.0795986e-01
   1.2977902e-01
   4.8634451e-02
   5.1907781e-02
   8.4612804e-02
   7.3037736e-02
   8.7436370e-02
   1.0110102e-01
   4.1285522e-02
   4.4974893e-02
   5.9047118e-02
   1.9571023e-02
   5.6756011e-02
   8.7512147e-02
   1.1249852e-01
   1.3638889e-01
   1.0927392e-01
   9.9214089e-02
   1.1646981e-01
   7.7538755e-02
   5.1082452e-02
   7.5161007e-02
   5.5270034e-02
   3.7713572e-02
   8.9187722e-02
   1.1152017e-01
   8.5592671e-02
   6.3378262e-02
   7.9073560e-02
   3.3332451e-02
   3.8002174e-02
   2.0303034e-02
   1.4879618e-02
   7.5874891e-03
   6.1724818e-03
   2.5709534e-02
   4.8375720e-02
   1.0048602e-02
   5.0015184e-02
   4.4265708e-02
   4.3310732e-02
   5.9836943e-02
   5.0814688e-02
   7.6445424e-02
   1.5225448e-01
   1.3519659e-01
   5.3798499e-02
   6.3367289e-02
   5.5472544e-02
   3.7509978e-02
   2.8587830e-02
   8.3493868e-02
   1.1104173e-01
   1.2548079e-01
   1.5113647e-01
   2.0325590e-01
   1.8550905e-01
   1.2838305e-01
   6.6929146e-02
   1.8637104e-02
   2.1937802e-02
   3.8641082e-02
   1.5761484e-02
   6.9022327e-02
   7.0585030e-02
   1.0102834e-01
   1.0280244e-01
   3.4297830e-02
   3.7166799e-02
   6.6210364e-02
   7.5280795e-02
   8.1819313e-02
   9.3146594e-02
   4.2014299e-02
   1.9907901e-02
   2.4868264e-02
   1.9391870e-02
   5.0618804e-03
   3.0318638e-02
   6.0479678e-02
   7.0258178e-02
   7.0129710e-02
   1.2531451e-01
   1.1358403e-01
   6.9002890e-02
   5.7282022e-02
   4.5851501e-02
   4.8104529e-02
   9.1067125e-02
   1.0778247e-01
   1.1003274e-01
   6.3053327e-02
   2.6976223e-02
   4.8898657e-02
   1.5064110e-02
