   2.4477051e+01
   3.1925415e+01
   3.5032321e+01
   3.4895187e+01
   3.6158533e+01
   3.7082046e+01
   3.6752643e+01
   3.7544551e+01
   3.7571057e+01
   3.7395193e+01
   3.8837735e+01
   3.8901543e+01
   3.8786761e+01
   4.0186204e+01
   3.9013955e+01
   3.5521676e+01
   3.7588725e+01
   3.8075487e+01
   3.5629369e+01
   3.4685469e+01
   3.5328224e+01
   3.9263224e+01
   4.1801073e+01
   4.3632307e+01
   4.6455703e+01
   4.8242194e+01
   4.9437784e+01
   5.1246327e+01
   5.2671706e+01
   5.3796350e+01
   5.5533724e+01
   5.7253347e+01
   5.8543432e+01
   5.9667773e+01
   6.0574439e+01
   6.1160619e+01
   6.1556005e+01
   6.1760292e+01
   6.1783513e+01
   6.1893549e+01
   6.2172241e+01
   6.2412577e+01
   6.2512449e+01
   6.2524172e+01
   6.2604004e+01
   6.2764486e+01
   6.2756278e+01
   6.2575675e+01
   6.2497342e+01
   6.2428662e+01
   6.2104415e+01
   6.1577999e+01
   6.0870880e+01
   5.9826552e+01
   5.8592130e+01
   5.7494058e+01
   5.6468691e+01
   5.5391271e+01
   5.4247998e+01
   5.2912695e+01
   5.1492522e+01
   5.0168251e+01
   4.8825789e+01
   4.7556943e+01
   4.6367358e+01
   4.5116468e+01
   4.4084031e+01
   4.3011213e+01
   4.1648052e+01
   4.0634210e+01
   3.9924035e+01
   3.9441188e+01
   3.9283999e+01
   3.8961945e+01
   3.8837870e+01
   3.8915357e+01
   3.8816151e+01
   3.8958712e+01
   3.9122323e+01
   3.9069362e+01
   3.9138592e+01
   3.9111198e+01
   3.8943746e+01
   3.8848025e+01
   3.8575105e+01
   3.8294576e+01
   3.8169125e+01
   3.7763044e+01
   3.7254225e+01
   3.6865884e+01
   3.6208931e+01
   3.5681088e+01
   3.5596245e+01
   3.5291297e+01
   3.4979181e+01
   3.4975607e+01
   3.4732944e+01
   3.4508289e+01
   3.4655033e+01
   3.4580669e+01
   3.4471352e+01
   3.4780254e+01
   3.4939304e+01
   3.4972405e+01
   3.5232990e+01
   3.5316325e+01
   3.5304743e+01
   3.5495874e+01
   3.5498301e+01
   3.5410092e+01
   3.5458775e+01
   3.5243578e+01
   3.4941123e+01
   3.4825165e+01
   3.4460290e+01
   3.4015569e+01
   3.3716206e+01
   3.3018475e+01
   3.2072700e+01
   3.1190620e+01
   2.9765829e+01
   2.7812259e+01
   2.5541466e+01
   2.1491798e+01
   1.3058687e+01
   1.0359144e+01
   2.0569486e+01
   2.4852713e+01
   2.6833238e+01
   2.8208522e+01
   2.9095052e+01
   2.9239972e+01
   2.8959733e+01
   2.8017610e+01
   2.6239307e+01
   2.4669703e+01
   2.3104265e+01
   2.2190404e+01
   2.4291070e+01
   2.6539660e+01
   2.8355010e+01
   2.9474569e+01
   2.9891716e+01
   3.0404587e+01
   3.0850810e+01
   3.0988047e+01
   3.1328296e+01
   3.1545492e+01
   3.1521694e+01
   3.1798645e+01
   3.1907002e+01
   3.1768472e+01
   3.1963477e+01
   3.1991983e+01
   3.1793200e+01
   3.1916133e+01
   3.1835364e+01
   3.1552215e+01
   3.1620981e+01
   3.1496367e+01
   3.1188037e+01
   3.1195389e+01
   3.0995072e+01
   3.0631308e+01
   3.0540312e+01
   3.0225657e+01
   2.9808126e+01
   2.9686196e+01
   2.9338839e+01
   2.8926160e+01
   2.8761525e+01
   2.8254931e+01
   2.7712460e+01
   2.7603037e+01
   2.7235790e+01
   2.6827357e+01
   2.6816457e+01
   2.6471673e+01
   2.6038374e+01
   2.6049476e+01
   2.5762048e+01
   2.5387370e+01
   2.5521404e+01
   2.5354566e+01
   2.5024722e+01
   2.5130374e+01
   2.4899833e+01
   2.4479213e+01
   2.4516701e+01
   2.4247473e+01
   2.3823194e+01
   2.3879639e+01
   2.3537066e+01
   2.2998223e+01
   2.3010109e+01
   2.2643178e+01
   2.2035641e+01
   2.1996917e+01
   2.1530631e+01
   2.0775493e+01
   2.0747347e+01
   2.0448557e+01
   1.9887137e+01
   2.0117683e+01
   2.0045461e+01
   1.9605076e+01
   2.0158022e+01
   2.0672128e+01
   2.0709149e+01
   2.1366402e+01
   2.1917601e+01
   2.2031461e+01
   2.2740334e+01
   2.3367213e+01
   2.3556146e+01
   2.4210487e+01
   2.4736317e+01
   2.4771209e+01
   2.5185196e+01
   2.5537265e+01
   2.5496086e+01
   2.5907964e+01
   2.6330776e+01
   2.6218036e+01
   2.6175618e+01
   2.6083917e+01
   2.5606187e+01
   2.5177138e+01
   2.4422317e+01
   2.2996313e+01
   2.2074898e+01
   2.1538379e+01
   2.0861734e+01
   2.0994114e+01
   2.0877066e+01
   2.0210347e+01
   2.0097341e+01
   1.9615767e+01
   1.8671485e+01
   1.8364456e+01
   1.7456600e+01
   1.6031258e+01
   1.5611448e+01
   1.4597104e+01
   1.3114084e+01
   1.2603750e+01
   1.0441996e+01
   7.1078686e+00
   6.2911692e+00
   3.5589979e+00
  -3.1172117e+00
  -5.4555198e+00
  -7.5371359e-01
   2.2711398e+00
   3.5247390e+00
   7.2233974e+00
   8.6372683e+00
   8.5808504e+00
   1.0385665e+01
   1.1120791e+01
   1.0916680e+01
   1.2166446e+01
   1.2626579e+01
   1.2276395e+01
   1.3163792e+01
   1.3346015e+01
   1.2793551e+01
   1.3425628e+01
   1.3521792e+01
   1.3034125e+01
   1.3755063e+01
   1.3798301e+01
   1.3332901e+01
   1.4086608e+01
   1.4289685e+01
   1.3895887e+01
   1.4507974e+01
   1.4540310e+01
   1.3943984e+01
   1.4190077e+01
   1.3971383e+01
   1.3645570e+01
   1.4413402e+01
   1.4285313e+01
   1.3735630e+01
   1.4382802e+01
   1.4261266e+01
   1.3777059e+01
   1.4458579e+01
   1.4388785e+01
   1.3806014e+01
   1.4240913e+01
   1.3897700e+01
   1.2993379e+01
   1.3217071e+01
   1.2835429e+01
   1.2009275e+01
   1.2349147e+01
   1.1708032e+01
   1.0374962e+01
   1.0725796e+01
   1.0388542e+01
   9.2470052e+00
   9.9845430e+00
   1.0063231e+01
   8.8681429e+00
   9.4669881e+00
   1.0101340e+01
   9.6070191e+00
   1.0599384e+01
   1.1575817e+01
   1.1061601e+01
   1.1625956e+01
   1.2688836e+01
   1.2385089e+01
   1.2712629e+01
   1.3845210e+01
   1.3803213e+01
   1.3698451e+01
   1.3954583e+01
   1.3113349e+01
   1.2141949e+01
   1.2093014e+01
   1.1167262e+01
   1.0704721e+01
   1.1263789e+01
   1.0835920e+01
   1.1105643e+01
   1.1773495e+01
   1.1207601e+01
   1.1344469e+01
   1.1869766e+01
   1.1119655e+01
   1.1074360e+01
   1.1654734e+01
   1.0957329e+01
   1.0653588e+01
   1.0964844e+01
   1.0095236e+01
   9.9309866e+00
   1.0505252e+01
   9.9860108e+00
   1.0218160e+01
   1.1086226e+01
   1.0564074e+01
   1.0533658e+01
   1.1405483e+01
   1.1130176e+01
   1.0999436e+01
   1.1642611e+01
   1.1305766e+01
   1.1169738e+01
   1.1682133e+01
   1.1212327e+01
   1.1243995e+01
   1.2140494e+01
   1.1862703e+01
   1.1634291e+01
   1.2124192e+01
   1.1612844e+01
   1.1247481e+01
   1.1633680e+01
   1.1176670e+01
   1.1118698e+01
   1.1550084e+01
   1.0684211e+01
   1.0309413e+01
   1.0820918e+01
   1.0098739e+01
   9.8383143e+00
   1.0561976e+01
   9.7868852e+00
   9.1437681e+00
   9.5720880e+00
   8.5671270e+00
   7.7423737e+00
   8.6773916e+00
   8.0393962e+00
   6.9488307e+00
   7.6499820e+00
   6.8243491e+00
   5.3612233e+00
   6.0555690e+00
   5.6889390e+00
   4.8591632e+00
   5.9389209e+00
   5.6604450e+00
   4.7351449e+00
   5.8145156e+00
   5.8549667e+00
   5.0271695e+00
   5.8390260e+00
   5.4970315e+00
   3.9466793e+00
   4.7075464e+00
   4.9862112e+00
   3.6606419e+00
   4.7305949e+00
   5.1261865e+00
   3.3734992e+00
   4.1628063e+00
   5.2249090e+00
   4.4448628e+00
   5.6095189e+00
   6.7469591e+00
   6.0994913e+00
   7.3209720e+00
   8.8176592e+00
   8.7355322e+00
   9.2636423e+00
   1.0068345e+01
   9.8112991e+00
   1.0167159e+01
   1.0636983e+01
   1.0017869e+01
   1.0298284e+01
   1.0905942e+01
   1.0231747e+01
   1.0374764e+01
   1.1064446e+01
   1.0648265e+01
   1.0689420e+01
   1.1071714e+01
   1.0775557e+01
   1.1355116e+01
   1.1785637e+01
   1.1178206e+01
   1.1399083e+01
   1.1874686e+01
   1.1504472e+01
   1.1657282e+01
   1.1774926e+01
   1.1090589e+01
   1.1095588e+01
   1.1063845e+01
   1.0271868e+01
   1.0517058e+01
   1.0778927e+01
   1.0006298e+01
   1.0024883e+01
   9.9223104e+00
   8.8593756e+00
   9.0908586e+00
   9.4275574e+00
   8.5279922e+00
   8.4137259e+00
   8.2717298e+00
   6.9058805e+00
   6.7146354e+00
   6.7975685e+00
   5.8089378e+00
   6.3090045e+00
   6.5939743e+00
   5.2109560e+00
   5.1114113e+00
   5.1676586e+00
   3.7616801e+00
   4.0369466e+00
   4.0808316e+00
   1.8916257e+00
   1.9472809e+00
   2.3163498e+00
   4.6689650e-01
   1.0844785e+00
   1.8108415e+00
  -1.4723849e-01
   6.3459421e-01
   1.5628441e+00
  -3.4308357e-01
  -5.5080220e-02
   1.4934614e+00
  -5.7815886e-02
  -9.8558931e-01
  -1.3712299e-01
  -2.1077880e+00
  -3.4742983e+00
  -8.7520785e-01
  -1.5830836e+00
  -3.2872796e+00
  -8.3802794e-01
  -1.1446273e+00
  -2.8786876e+00
  -9.4403399e-01
  -2.6590392e-01
  -1.9907903e-01
   1.1868295e+00
   5.1006781e-01
  -5.8971097e-02
   1.7977623e+00
   1.5399926e+00
   7.1042703e-02
   1.1907182e+00
   5.0011190e-01
  -1.0322934e+00
   2.9711985e-01
  -1.8514285e-01
  -6.8543419e-01
   1.2883326e+00
   5.9115599e-01
  -6.4388104e-01
   1.0877926e+00
   4.7104583e-01
  -1.0966170e+00
   2.7852114e-01
  -6.3465063e-01
  -3.5220322e+00
  -2.1351784e+00
  -2.9295698e+00
  -6.0488634e+00
  -4.7737290e+00
  -5.3427854e+00
  -9.4221540e+00
  -7.9826063e+00
  -1.1172124e+01
  -2.2806756e+01
  -2.0943335e+01
  -1.3004988e+01
  -1.5069666e+01
  -1.7799535e+01
  -1.1309501e+01
  -1.0130343e+01
  -1.2877985e+01
  -5.7257950e+00
  -4.2227862e+00
  -6.9478547e+00
  -3.1795146e+00
  -1.0192201e+00
  -2.1379102e+00
  -1.3436540e+00
  -1.4371216e-01
  -6.2233031e-01
   1.2242370e+00
   1.9681983e+00
   8.6357824e-01
   2.2962824e+00
   3.2845726e+00
   2.4997939e+00
   3.7483312e+00
   4.4895435e+00
   3.6202003e+00
   4.5470382e+00
   5.3756921e+00
   4.8621074e+00
   5.5646889e+00
   6.0938924e+00
   5.6700524e+00
   6.4162870e+00
   6.9592650e+00
   6.7251440e+00
   7.3513004e+00
   7.4045226e+00
   6.7678248e+00
   7.5110707e+00
   7.8860356e+00
   7.5428865e+00
   8.2952783e+00
   8.5185739e+00
   7.9460139e+00
   8.4568231e+00
   8.4714908e+00
   7.9175773e+00
   8.8267607e+00
   9.3357262e+00
   9.0380497e+00
   9.5747311e+00
   9.6391690e+00
   8.9243355e+00
   9.1206678e+00
   9.1919502e+00
   8.8790710e+00
   9.5205522e+00
   9.5028066e+00
   8.6677704e+00
   8.9710228e+00
   9.0063865e+00
   8.3121938e+00
   8.6331119e+00
   8.6559951e+00
   8.0445099e+00
   8.5641843e+00
   8.7097754e+00
   8.1038914e+00
   8.4680582e+00
   8.5620483e+00
   7.9877573e+00
   8.2969116e+00
   8.2082739e+00
   7.4254865e+00
   7.6457650e+00
   7.5936424e+00
   6.8586014e+00
   7.2383354e+00
   7.2425545e+00
   6.5213279e+00
   7.0006870e+00
   7.1940133e+00
   6.6670969e+00
   7.0042472e+00
   6.8506274e+00
   5.8605579e+00
   6.0113980e+00
   5.9284813e+00
   4.9370727e+00
   5.2581893e+00
   5.3084949e+00
   4.0466139e+00
   4.1525956e+00
   4.4299163e+00
   3.6608279e+00
   4.1531922e+00
   4.4397664e+00
   3.2212545e+00
   3.2969815e+00
   3.6105770e+00
   2.3331968e+00
   2.4389834e+00
   3.1001631e+00
   1.8197724e+00
   2.0317424e+00
   2.9885478e+00
   1.8124530e+00
   1.7257721e+00
   3.0534430e+00
   2.5606214e+00
   2.3709221e+00
   2.8525486e+00
   1.8384756e+00
   1.5436150e+00
   2.2386594e+00
   1.5549431e+00
   1.3785675e+00
   1.8547341e+00
   8.8318389e-01
   1.2147736e+00
   2.0538243e+00
   1.4058663e+00
   1.9091825e+00
   2.5818687e+00
   1.4016909e+00
   1.4491889e+00
   2.1327214e+00
   9.9690144e-01
   7.1386794e-01
   1.3867919e+00
   5.3471631e-01
   5.5207665e-01
   6.6703100e-01
  -1.0759730e+00
  -1.0335580e+00
  -3.1975510e-01
  -1.9716789e+00
  -1.7532709e+00
  -1.1124821e+00
  -3.6260326e+00
  -4.1451136e+00
  -3.6307647e+00
  -6.3873934e+00
  -7.1300837e+00
  -6.8735419e+00
  -1.1161511e+01
  -1.0148219e+01
  -1.2302469e+01
  -1.9242339e+01
  -1.1732840e+01
  -1.2969749e+01
  -1.1989785e+01
  -8.0032870e+00
  -1.1258848e+01
  -1.0964065e+01
  -9.0073237e+00
  -1.5204653e+01
  -9.9023187e+00
  -7.0151924e+00
  -1.0317863e+01
  -7.0302540e+00
  -5.9310936e+00
  -7.8644691e+00
  -4.1766043e+00
  -3.4423712e+00
  -3.4683901e+00
  -4.2445060e-01
   5.0974243e-01
   6.7135048e-01
   2.3596962e+00
   2.3406611e+00
   1.7391309e+00
   2.9619624e+00
   3.1426280e+00
   2.7484174e+00
   3.9745426e+00
   4.0831276e+00
   3.5715404e+00
   4.4096631e+00
   4.2945268e+00
   3.9514868e+00
   5.3996974e+00
   5.6687483e+00
   4.9527444e+00
   5.5045250e+00
   5.4856838e+00
   4.8099573e+00
   5.2276239e+00
   5.2090985e+00
   4.9769055e+00
   5.7414011e+00
   5.5917360e+00
   5.2244753e+00
   5.8779492e+00
   5.5533256e+00
   5.0202353e+00
   5.9072090e+00
   5.6599086e+00
   4.9207648e+00
   5.7339394e+00
   5.5938193e+00
   4.9734339e+00
   5.9454466e+00
   6.1023232e+00
   5.6977843e+00
   6.4448841e+00
   6.6152412e+00
   6.4368837e+00
   7.1153521e+00
   7.0809898e+00
   6.5217190e+00
   6.8021308e+00
   6.5446505e+00
   5.9277671e+00
   6.2925093e+00
   6.1215490e+00
   5.6412953e+00
   6.0999557e+00
   5.7708168e+00
   5.3083147e+00
   6.1951260e+00
   6.2737788e+00
   5.9200931e+00
   6.6180692e+00
   6.5318978e+00
   5.8397462e+00
   6.2616955e+00
   6.3286249e+00
   5.8433146e+00
   6.1181479e+00
   6.1297018e+00
   5.8534849e+00
   6.1131750e+00
   5.8828208e+00
   5.6883792e+00
   6.2457084e+00
   5.9897460e+00
   5.4774785e+00
   5.9714566e+00
   5.9064172e+00
   5.5801143e+00
   6.0550318e+00
   5.8387440e+00
   5.2513417e+00
   5.6464703e+00
   5.4892516e+00
   5.1975062e+00
   5.8103543e+00
   5.7273301e+00
   5.3774590e+00
   6.0810844e+00
   6.0992768e+00
   5.5023582e+00
   5.6724455e+00
   5.4073715e+00
   4.8355474e+00
   5.3173114e+00
   5.1924335e+00
   4.4629610e+00
   4.6829016e+00
   4.3685124e+00
   3.7600909e+00
   4.4594371e+00
   4.4980799e+00
   3.9611123e+00
   4.4727968e+00
   4.1722239e+00
   3.1962829e+00
   3.4906073e+00
   3.3729343e+00
   2.7675775e+00
   3.3215163e+00
   3.0609987e+00
   2.2176039e+00
   2.6023081e+00
   1.8711177e+00
   5.2084808e-01
   1.6414259e+00
   1.4336623e+00
  -3.8473218e-01
   2.9896408e-01
   3.5379589e-01
  -1.3621765e+00
  -3.9717669e-01
   3.1987305e-01
  -1.0966241e+00
  -1.3921101e+00
  -1.3314693e+00
  -1.7822863e+00
  -1.4016758e+00
  -2.4805880e+00
  -4.3182136e+00
  -2.9313659e+00
  -3.8110275e+00
  -6.8704203e+00
  -5.1167031e+00
  -5.2674023e+00
  -7.8818652e+00
  -5.8901914e+00
  -6.1490890e+00
  -7.5267981e+00
  -6.3608558e+00
  -7.6322763e+00
  -8.8090939e+00
  -7.2280538e+00
  -9.3798651e+00
  -8.6903387e+00
  -6.7211292e+00
  -1.1076191e+01
  -1.0107058e+01
  -7.6987315e+00
  -1.1150972e+01
  -9.4135038e+00
  -6.5266526e+00
  -9.5097287e+00
  -1.0041563e+01
  -9.6043086e+00
  -1.3005509e+01
  -1.0001256e+01
  -1.0145747e+01
  -9.0886421e+00
  -5.8981441e+00
  -6.8632271e+00
  -6.4512813e+00
  -3.5790828e+00
  -3.9271918e+00
  -3.9540428e+00
  -2.3438566e+00
  -3.3033932e+00
  -2.9021678e+00
  -1.0668512e+00
  -2.1493811e+00
  -1.9871762e+00
   2.0941818e-01
  -1.9057186e-02
  -1.7535371e-01
   1.1055649e+00
   7.0259840e-01
   5.9008362e-01
   1.3521030e+00
   5.9302738e-01
   7.7544952e-01
   1.9936303e+00
   1.4202656e+00
   1.7069832e+00
   3.0918262e+00
   3.0165098e+00
   3.2974042e+00
   4.1107165e+00
   3.7880010e+00
   4.0414525e+00
   4.6425085e+00
   3.8439584e+00
   3.7038365e+00
   4.4542658e+00
   3.9594285e+00
   3.9705917e+00
   4.6215021e+00
   3.9774354e+00
   3.9800464e+00
   4.6265516e+00
   3.9727101e+00
   3.9691341e+00
   4.5985489e+00
   3.7884352e+00
   3.7059485e+00
   4.5742023e+00
   3.8060910e+00
   3.3648753e+00
   4.1942313e+00
   3.7059893e+00
   3.3837200e+00
   3.9371882e+00
   3.4430901e+00
   3.4138351e+00
   4.0467356e+00
   3.4398869e+00
   3.1960551e+00
   3.7426518e+00
   3.1673924e+00
   3.0924359e+00
   3.6542286e+00
   2.8660440e+00
   2.6483007e+00
   3.3313371e+00
   2.6646225e+00
   2.4730666e+00
   3.2785292e+00
   2.7548771e+00
   2.5557146e+00
   3.4170521e+00
   2.8395012e+00
   2.3458849e+00
   3.0419997e+00
   2.6218928e+00
   2.2860346e+00
   2.8722659e+00
   2.4055287e+00
   2.3997832e+00
   3.2990447e+00
   2.8578000e+00
   2.6208234e+00
   3.5143730e+00
   3.1162361e+00
   2.5286030e+00
   3.1264600e+00
   2.9551685e+00
   2.9136416e+00
   3.6084157e+00
   3.1911457e+00
   2.7533975e+00
   3.2955479e+00
   2.8149923e+00
   2.2426451e+00
   2.9105004e+00
   2.8321658e+00
   2.4702716e+00
   2.7687242e+00
   1.9441628e+00
   1.0416033e+00
   1.5941937e+00
   1.2877572e+00
   6.2110607e-01
   1.0956881e+00
   8.4392521e-01
   5.6414021e-01
   1.2952784e+00
   9.1482330e-01
   4.9489931e-01
   1.5010487e+00
   1.5759601e+00
   1.1671031e+00
   1.4909671e+00
   8.3774188e-01
  -2.2012492e-01
   1.0027577e-02
  -1.8870561e-01
  -6.3264897e-01
  -4.0390078e-01
  -1.4402357e+00
  -2.5792668e+00
  -2.2414683e+00
  -3.2118835e+00
  -3.8363671e+00
  -2.6291677e+00
  -3.0735317e+00
  -3.7650510e+00
  -3.6239672e+00
  -5.1707090e+00
  -5.4831104e+00
  -4.7416583e+00
  -7.0070692e+00
  -7.5636354e+00
  -6.1406264e+00
  -9.8192173e+00
  -1.1169505e+01
  -7.8753662e+00
  -1.0181380e+01
  -1.1799490e+01
  -9.9485026e+00
  -1.5107519e+01
  -1.2969770e+01
  -1.0304706e+01
  -1.3034904e+01
  -1.0664374e+01
  -9.8514449e+00
  -1.0779409e+01
  -8.2590930e+00
  -8.4746529e+00
  -1.0871735e+01
  -9.4909317e+00
  -1.0951145e+01
  -1.0476925e+01
  -7.1238378e+00
  -8.2930924e+00
  -8.6232602e+00
  -6.2558194e+00
  -6.7146346e+00
  -5.9458464e+00
  -4.1212752e+00
  -4.4807139e+00
  -4.2333162e+00
  -3.4380894e+00
  -3.8710423e+00
  -2.6434548e+00
  -2.0092770e+00
  -3.4960172e+00
  -2.6100457e+00
  -1.4505523e+00
  -2.5929292e+00
  -2.2807446e+00
  -1.4056391e+00
  -2.0187630e+00
  -8.6684104e-01
   1.7228356e-01
  -8.1392559e-01
  -5.9581454e-01
   3.0953639e-01
  -2.4609199e-01
   3.5149282e-01
   1.0766801e+00
   1.1778152e-01
   3.7528666e-01
   1.4384873e+00
   1.0023471e+00
   7.3218559e-01
   9.1129685e-01
   2.6681133e-01
   5.3287625e-01
   1.0685446e+00
   5.5830003e-01
   7.4328290e-01
   9.9536316e-01
   2.2764105e-01
   3.4338760e-01
   7.7668837e-01
   5.4181752e-01
   1.3577720e+00
   1.9391378e+00
   1.3221853e+00
   1.5614629e+00
   2.2076930e+00
   1.8141533e+00
   1.6824891e+00
   1.7578401e+00
   1.4262045e+00
   1.8955813e+00
   2.1161172e+00
   1.3336931e+00
   1.7718500e+00
   2.3951001e+00
   1.6372688e+00
   1.5276867e+00
   2.0164200e+00
   1.5269083e+00
   1.6559873e+00
   2.0922869e+00
   1.3897454e+00
   1.2678885e+00
   1.6502776e+00
   1.0562897e+00
   1.1005539e+00
   1.6247510e+00
   1.1108681e+00
   1.1156920e+00
   1.5490909e+00
   1.1888638e+00
   1.2178252e+00
   1.3596809e+00
   8.8494930e-01
   1.2531784e+00
   1.3352158e+00
   2.3277527e-01
   4.3917886e-01
   1.2131815e+00
   7.9736846e-01
   7.1830210e-01
   1.0000524e+00
   6.1541546e-01
   6.0247385e-01
   4.3854960e-01
  -4.2511986e-01
  -2.7261604e-01
  -2.0423727e-01
  -1.2673775e+00
  -1.2317717e+00
  -1.4648134e+00
  -2.9602042e+00
  -2.2051240e+00
  -1.5381138e+00
  -2.9944721e+00
  -2.4651210e+00
  -1.4691863e+00
  -2.6106362e+00
  -2.7071306e+00
  -2.0467182e+00
  -2.7964684e+00
  -1.9608662e+00
  -1.3264059e+00
  -3.0346262e+00
  -3.2657535e+00
  -2.2617713e+00
  -3.1880673e+00
  -3.3140654e+00
  -2.2421578e+00
  -2.5047526e+00
  -2.2907716e+00
  -2.1154737e+00
  -3.2802909e+00
  -3.0765140e+00
  -2.7835719e+00
  -4.3346354e+00
  -3.9524391e+00
  -3.3056141e+00
  -4.9155227e+00
  -5.3851044e+00
  -4.2983825e+00
  -4.5595648e+00
  -4.4454981e+00
  -4.2153733e+00
  -4.7656008e+00
  -4.3561892e+00
  -4.5721407e+00
  -5.8624203e+00
  -5.2091503e+00
  -5.3134088e+00
  -7.2385230e+00
  -6.3463070e+00
  -6.2014236e+00
  -8.6071261e+00
  -7.7970542e+00
  -7.9080950e+00
  -1.2227622e+01
  -1.3114906e+01
  -1.3697276e+01
  -2.1318256e+01
  -1.6530256e+01
  -1.4182694e+01
  -2.2617324e+01
  -1.8919722e+01
  -1.9114302e+01
  -1.7548456e+01
  -1.6454322e+01
  -1.5222191e+01
  -1.0460766e+01
  -1.0008773e+01
  -1.1461822e+01
  -8.2852318e+00
  -7.8286717e+00
  -9.5065739e+00
  -6.9463694e+00
  -5.9587624e+00
  -6.7731410e+00
  -5.5493570e+00
  -4.9827860e+00
  -5.1507630e+00
  -3.8196939e+00
  -4.3031082e+00
  -5.2894665e+00
  -3.8177874e+00
  -4.0276831e+00
  -4.8601411e+00
  -2.3075014e+00
  -1.7421143e+00
  -3.0217288e+00
  -2.5433697e+00
  -2.4314161e+00
  -3.2356182e+00
  -2.0612945e+00
  -1.6520661e+00
  -2.6713389e+00
  -2.0702483e+00
  -1.7236685e+00
  -2.2974236e+00
  -1.8417231e+00
  -1.7793257e+00
  -1.9482781e+00
  -1.0602088e+00
  -1.4226072e+00
  -2.3619088e+00
  -1.3374317e+00
  -1.2676471e+00
  -2.1987674e+00
  -1.3425840e+00
  -1.4057129e+00
  -2.3168821e+00
  -1.1810842e+00
  -1.0543165e+00
  -2.4311558e+00
  -1.8937714e+00
  -1.5266175e+00
  -2.3670688e+00
  -1.7120822e+00
  -1.4179386e+00
  -1.8107830e+00
  -7.2917815e-01
  -5.3158591e-01
  -1.4488523e+00
  -9.3551038e-01
  -9.7067827e-01
  -1.8714802e+00
  -1.2125700e+00
  -1.1078504e+00
  -1.8133592e+00
  -8.8524194e-01
  -6.0757981e-01
  -9.4637353e-01
   4.2234499e-02
  -2.8220543e-02
  -7.1014469e-01
   8.6586728e-02
  -1.4094261e-01
  -1.2112802e+00
  -2.4024507e-01
   2.1105478e-01
  -3.3196195e-01
   2.7054673e-01
   9.7788677e-02
  -6.2868030e-01
   1.5993446e-01
   2.0843109e-02
  -9.3876149e-01
   1.6792183e-01
   5.6155045e-01
  -5.0807636e-01
  -3.4976588e-01
  -5.2968044e-01
  -1.8404011e+00
  -1.2724890e+00
  -8.7843708e-01
  -1.8124392e+00
  -1.1760315e+00
  -1.0174052e+00
  -2.1417978e+00
  -1.5731086e+00
  -1.2939979e+00
  -1.9107821e+00
  -7.6868281e-01
  -4.0289901e-01
  -1.5795144e+00
  -1.0552741e+00
  -5.5299958e-01
  -1.4770059e+00
  -1.0807277e+00
  -7.4152508e-01
  -1.9532710e+00
  -1.9314204e+00
  -1.1587012e+00
  -1.2988918e+00
  -7.8738494e-01
  -5.5715259e-01
  -1.5002706e+00
  -1.4404519e+00
  -1.0719369e+00
  -1.6689304e+00
  -1.9695981e+00
  -2.3491765e+00
  -2.8242594e+00
  -2.0427134e+00
  -2.2967000e+00
  -3.8005558e+00
  -3.5565596e+00
  -3.8921469e+00
  -5.7252247e+00
  -4.6291140e+00
  -4.4974192e+00
  -6.7974817e+00
  -6.8879013e+00
  -6.4815964e+00
  -8.0839301e+00
  -7.2080932e+00
  -6.9483310e+00
  -9.6954902e+00
  -8.9665393e+00
  -8.4815739e+00
  -1.1012209e+01
  -1.0188914e+01
  -9.9386230e+00
  -1.3505343e+01
  -1.2711469e+01
  -1.3264585e+01
  -1.8960386e+01
  -2.0511215e+01
  -1.9210694e+01
  -2.0435157e+01
  -1.6054752e+01
  -1.9570557e+01
  -3.1744227e+01
  -4.4152673e+01
  -1.9931289e+01
  -1.8468417e+01
  -3.0371419e+01
  -2.7821962e+01
  -2.0026283e+01
  -1.9539123e+01
  -1.7245010e+01
  -1.1814569e+01
  -1.1921075e+01
  -1.2367053e+01
  -1.1588460e+01
  -1.4010529e+01
  -1.2847153e+01
  -1.0174833e+01
  -1.1814516e+01
  -1.1304017e+01
  -8.5182876e+00
  -8.7164033e+00
  -8.7680557e+00
  -7.9556879e+00
  -8.8789803e+00
  -7.8871046e+00
  -6.8973159e+00
  -8.3046376e+00
  -8.4349666e+00
  -7.3506016e+00
  -7.7856225e+00
  -6.4366344e+00
  -5.8895391e+00
  -8.3268937e+00
  -8.6890962e+00
  -6.8192425e+00
  -7.3673090e+00
  -6.6589468e+00
  -5.1125428e+00
  -6.2419024e+00
  -6.9117943e+00
  -6.2146187e+00
  -7.0868361e+00
  -6.7280574e+00
  -5.7944532e+00
  -6.2544821e+00
  -4.9425605e+00
  -4.1481029e+00
  -5.9919900e+00
  -6.3407380e+00
  -4.4340960e+00
  -4.8636987e+00
  -5.4492065e+00
  -4.3921826e+00
  -4.4874677e+00
  -4.5960067e+00
  -4.1842561e+00
  -4.8831045e+00
  -4.6628296e+00
  -3.9563046e+00
  -4.9148850e+00
  -4.9223974e+00
  -3.2782341e+00
  -3.3159602e+00
  -3.7444163e+00
  -3.0595846e+00
  -3.5060738e+00
  -3.7234855e+00
  -3.0211910e+00
  -3.5830375e+00
  -3.6908345e+00
  -2.1748668e+00
  -2.4158184e+00
  -3.2983097e+00
  -2.4606130e+00
  -2.2929932e+00
  -2.3896230e+00
  -1.6510727e+00
  -1.6424149e+00
  -1.6781681e+00
  -1.3393598e+00
  -2.2767644e+00
  -3.0892980e+00
  -2.3045266e+00
  -2.3414465e+00
  -2.4878050e+00
  -2.1128047e+00
  -2.8499841e+00
  -2.7723626e+00
  -1.5779242e+00
  -1.9356734e+00
  -2.4096532e+00
  -1.4683489e+00
  -1.5988595e+00
  -2.0600321e+00
  -1.5952740e+00
  -2.0563937e+00
  -2.4654652e+00
  -1.7696380e+00
  -2.2584212e+00
  -2.8120411e+00
  -1.9988764e+00
  -2.3652286e+00
  -3.2539385e+00
  -2.4059350e+00
  -2.5383810e+00
  -3.5898835e+00
  -3.3979654e+00
  -4.0967193e+00
  -5.1294868e+00
  -3.9492152e+00
  -3.9125605e+00
  -4.5139134e+00
  -3.6202976e+00
  -4.2861157e+00
  -5.6882903e+00
  -4.6260374e+00
  -4.5736270e+00
  -5.1681973e+00
  -4.3069330e+00
  -5.0028084e+00
  -6.1740250e+00
  -4.7396078e+00
  -4.6880677e+00
  -5.9007089e+00
  -5.6336697e+00
  -6.5166939e+00
  -7.6426055e+00
  -6.1546093e+00
  -6.4475072e+00
  -7.8995561e+00
  -6.9857696e+00
  -7.2367370e+00
  -9.1237365e+00
  -8.2736981e+00
  -7.9413410e+00
  -8.0194142e+00
  -6.4751332e+00
  -6.7849886e+00
  -8.7629762e+00
  -7.9063690e+00
  -8.4450401e+00
  -1.1620607e+01
  -9.3542584e+00
  -7.9258088e+00
  -9.6683208e+00
  -9.6382510e+00
  -9.8815553e+00
  -1.1267902e+01
  -9.3711068e+00
  -8.9550571e+00
  -9.9682160e+00
  -8.7369054e+00
  -9.7820632e+00
  -1.1478880e+01
  -1.0274420e+01
  -1.2611982e+01
  -1.3894457e+01
  -1.1607474e+01
  -1.4133795e+01
  -1.1696949e+01
  -8.5695509e+00
  -1.0417530e+01
  -8.5736071e+00
  -6.8416592e+00
  -7.4970465e+00
  -6.0998505e+00
  -5.1615136e+00
  -4.6368865e+00
  -2.4651149e+00
  -1.7713240e+00
  -2.3213736e+00
  -1.8345931e+00
  -2.1180843e+00
  -3.0836754e+00
  -1.9303932e+00
  -2.0118162e+00
  -3.9966030e+00
  -3.9615816e+00
  -3.8507065e+00
  -5.1613722e+00
  -4.6632008e+00
  -4.5491531e+00
  -5.7726655e+00
  -5.7631129e+00
  -6.9453908e+00
  -8.9480322e+00
  -8.5889369e+00
  -1.0178884e+01
  -1.2638832e+01
  -1.0583770e+01
  -1.2330749e+01
  -1.0984301e+01
  -8.6753798e+00
  -9.7386405e+00
  -8.9744800e+00
  -8.0639731e+00
  -9.6074302e+00
  -8.6614661e+00
  -7.3129744e+00
  -8.3908352e+00
  -8.4813579e+00
  -8.4693105e+00
  -1.0050974e+01
  -9.1857098e+00
  -8.8435400e+00
  -1.0731103e+01
  -9.6285327e+00
  -8.9582577e+00
  -9.9310058e+00
  -7.7037011e+00
  -6.7607637e+00
  -8.2981979e+00
  -7.6077835e+00
  -7.2132680e+00
  -8.5037133e+00
  -6.8837555e+00
  -5.7884924e+00
  -7.7222618e+00
  -7.2957517e+00
  -5.7112058e+00
  -6.9344008e+00
  -7.7114394e+00
  -7.0168908e+00
  -7.5150705e+00
  -6.6348155e+00
  -5.8570667e+00
  -7.5751614e+00
  -8.4919905e+00
  -7.4348347e+00
  -7.8787680e+00
  -7.5053867e+00
  -6.7438784e+00
  -8.1036607e+00
  -8.8448638e+00
  -7.7750772e+00
  -7.6356638e+00
  -6.9205248e+00
  -6.0535224e+00
  -6.7973772e+00
  -7.0920123e+00
  -7.1285969e+00
  -8.3568525e+00
  -8.0820641e+00
  -7.2657121e+00
  -8.1484118e+00
  -7.4870677e+00
  -6.8341777e+00
  -8.2055481e+00
  -7.2806897e+00
  -6.1683398e+00
  -7.3741308e+00
  -6.3706076e+00
  -4.5214828e+00
  -4.3763051e+00
  -3.4801070e+00
  -2.5501427e+00
  -2.2906287e+00
  -1.5354111e+00
  -1.1704056e+00
  -1.3292893e+00
  -7.1544506e-01
  -4.2755348e-01
  -5.7462877e-01
   1.4258946e-02
   4.1519670e-01
   5.4944336e-01
   1.1789829e+00
   1.3658487e+00
   1.1924520e+00
   1.3940430e+00
   1.1056315e+00
   6.2957874e-01
   9.6023647e-01
   5.1035700e-01
  -1.0658879e+00
  -1.6746285e+00
  -2.0360343e+00
  -3.2863815e+00
  -3.9351519e+00
  -4.5483520e+00
  -5.9723591e+00
  -6.6398630e+00
  -8.0971311e+00
  -1.0748353e+01
  -1.1336522e+01
  -1.3126109e+01
  -1.8900025e+01
  -1.7451833e+01
  -1.7079762e+01
  -1.9763093e+01
  -1.8815085e+01
  -1.5154437e+01
  -1.6350004e+01
  -1.7074774e+01
  -1.3724322e+01
  -1.3065985e+01
  -1.4163358e+01
  -1.2894710e+01
  -1.2010033e+01
  -1.2017652e+01
  -1.0163244e+01
  -1.1071726e+01
  -1.3259634e+01
  -1.0062559e+01
  -8.9389885e+00
  -1.1204221e+01
  -9.8039078e+00
  -8.2495046e+00
  -9.7946928e+00
  -9.2550418e+00
  -7.9769687e+00
  -9.6082913e+00
  -1.0545653e+01
  -9.2332950e+00
  -9.8960554e+00
  -9.7415774e+00
  -8.1689788e+00
  -9.2038033e+00
  -1.0444207e+01
  -9.3281947e+00
  -1.0306734e+01
  -1.0986093e+01
  -9.9260251e+00
  -1.1241861e+01
  -1.1488757e+01
  -9.3504426e+00
  -1.0511871e+01
  -1.1496021e+01
  -1.0550032e+01
  -1.2406448e+01
  -1.3106861e+01
  -1.1457655e+01
  -1.2208020e+01
  -1.1716820e+01
  -1.0833164e+01
  -1.2689330e+01
  -1.0967477e+01
  -9.6124644e+00
  -1.2363541e+01
  -1.3116105e+01
  -1.1088992e+01
  -1.2589397e+01
  -1.2779884e+01
  -1.0358187e+01
  -1.1800361e+01
  -1.2619314e+01
  -1.0834222e+01
  -1.2410389e+01
  -1.3470832e+01
  -1.0221641e+01
  -1.0179786e+01
  -1.2241678e+01
  -1.0826191e+01
  -1.1246911e+01
  -1.2324791e+01
  -9.7204745e+00
  -8.9912394e+00
  -8.9963287e+00
  -7.4185136e+00
  -7.2649330e+00
  -7.2787905e+00
  -6.0490385e+00
  -6.3633024e+00
  -6.6840820e+00
  -5.3536317e+00
  -5.5207904e+00
  -6.0499044e+00
  -5.4925318e+00
  -6.2066459e+00
  -6.2762862e+00
  -4.6452369e+00
  -5.0738987e+00
  -6.3169320e+00
  -5.3736256e+00
  -5.7995464e+00
  -7.2424361e+00
  -6.6352933e+00
  -6.9523661e+00
  -7.6769678e+00
  -6.3728213e+00
  -6.9860946e+00
  -9.0675414e+00
  -7.8025918e+00
  -7.7306373e+00
  -9.2366850e+00
  -8.3200741e+00
  -7.8194419e+00
  -8.0992982e+00
  -7.2163640e+00
  -7.3155125e+00
  -7.7699003e+00
  -6.9847788e+00
  -7.8973101e+00
  -9.9233755e+00
  -9.1024262e+00
  -9.1621180e+00
  -9.6539250e+00
  -7.3005200e+00
  -7.4091857e+00
  -1.0450376e+01
  -9.8005224e+00
  -8.9617463e+00
  -1.0474210e+01
  -1.0063201e+01
  -9.2582303e+00
  -1.0051400e+01
  -9.7578155e+00
  -1.0476088e+01
  -1.3087556e+01
  -1.1798070e+01
  -1.1278562e+01
  -1.3215526e+01
  -1.1456980e+01
  -1.1122577e+01
  -1.4204177e+01
  -1.2587573e+01
  -1.1025833e+01
  -1.2539287e+01
  -1.2424929e+01
  -1.1346102e+01
  -1.1226901e+01
  -9.5449353e+00
  -9.3171716e+00
  -1.1570182e+01
  -1.0937788e+01
  -1.0205649e+01
  -1.1063561e+01
  -1.0650949e+01
  -1.1332005e+01
  -1.3016470e+01
  -1.0663936e+01
  -1.0819929e+01
  -1.4968530e+01
  -1.2334606e+01
  -1.1274221e+01
  -1.3347912e+01
  -1.1667280e+01
  -1.0283698e+01
  -1.1995499e+01
  -1.1876578e+01
  -1.2514934e+01
  -1.6799641e+01
  -1.5220808e+01
  -1.3945325e+01
  -1.7463236e+01
  -1.9295029e+01
  -1.5537283e+01
  -1.5843014e+01
  -1.6960637e+01
  -1.7160892e+01
  -1.9176827e+01
  -1.7808157e+01
  -1.5931182e+01
  -1.9010254e+01
  -2.0655477e+01
  -1.4223089e+01
  -1.3564414e+01
  -1.8619072e+01
  -1.5627029e+01
  -1.4444698e+01
  -1.7235841e+01
  -1.4990676e+01
  -1.4288252e+01
  -1.6630084e+01
  -1.3962058e+01
  -1.3155682e+01
  -1.5877754e+01
  -1.4861091e+01
  -1.3003998e+01
  -1.4776347e+01
  -1.2623740e+01
  -1.0350210e+01
  -1.0566555e+01
  -9.9432911e+00
  -1.0176721e+01
  -1.1006480e+01
  -8.7899344e+00
  -7.6038739e+00
  -8.3578767e+00
  -7.3257388e+00
  -6.8638072e+00
  -8.0168644e+00
  -6.6301760e+00
  -5.8476391e+00
  -7.0828686e+00
  -5.9731995e+00
  -4.9003530e+00
  -5.8657302e+00
  -5.2925177e+00
  -4.5804468e+00
  -6.0547865e+00
  -6.0874890e+00
  -5.0424668e+00
  -5.8544744e+00
  -6.0802041e+00
  -5.2754620e+00
  -5.3456503e+00
  -5.3777725e+00
  -5.4625150e+00
  -5.4083418e+00
  -4.5723505e+00
  -4.7106142e+00
  -5.1150107e+00
  -4.4216764e+00
  -4.7966375e+00
  -5.6659556e+00
  -4.9637673e+00
  -5.0480059e+00
  -5.4792032e+00
  -4.8711074e+00
  -5.3834258e+00
  -6.5100759e+00
  -5.9850575e+00
  -6.6188791e+00
  -8.3876036e+00
  -6.9291555e+00
  -6.5124490e+00
  -8.5482272e+00
  -8.8752405e+00
  -8.5679609e+00
  -9.4493553e+00
  -8.8260678e+00
  -8.1793828e+00
  -9.1214895e+00
  -8.6198420e+00
  -7.7920011e+00
  -9.3748812e+00
  -9.6331993e+00
  -8.3851131e+00
  -8.9135100e+00
  -8.6296891e+00
  -7.6817294e+00
  -9.1588858e+00
  -9.7248024e+00
  -8.4449833e+00
  -9.9550527e+00
  -1.0676854e+01
  -8.8092658e+00
  -9.5007396e+00
  -1.0064267e+01
  -8.7163964e+00
  -9.4479304e+00
  -9.8995151e+00
  -9.2519953e+00
  -1.0584687e+01
  -1.0911960e+01
  -9.6142835e+00
  -1.0716242e+01
  -1.1212300e+01
  -9.4809475e+00
  -1.0976626e+01
  -1.2205542e+01
  -1.0072042e+01
  -1.0367292e+01
  -1.2061185e+01
  -1.1459376e+01
  -1.1114789e+01
  -1.0174163e+01
  -8.5196676e+00
  -9.6407015e+00
  -1.0596396e+01
  -8.2939007e+00
  -7.9762591e+00
  -8.6908239e+00
  -7.6202026e+00
  -7.8262339e+00
  -8.8859076e+00
  -8.8445551e+00
  -1.0520543e+01
  -1.2130605e+01
  -9.3105824e+00
  -9.0789020e+00
  -1.1317670e+01
  -1.0527595e+01
  -1.0288615e+01
  -1.2620510e+01
  -1.1096523e+01
  -1.0519588e+01
  -1.2426551e+01
  -1.1107345e+01
  -1.0472980e+01
  -1.2262044e+01
  -1.0842447e+01
  -9.3342092e+00
  -1.0782849e+01
  -9.5470982e+00
  -8.1831820e+00
  -9.4079847e+00
  -9.5444537e+00
  -7.9213878e+00
  -7.8289769e+00
  -7.0515570e+00
  -6.5984039e+00
  -7.9047994e+00
  -7.2421632e+00
  -5.9504763e+00
  -6.6543553e+00
  -6.3651372e+00
  -5.0050115e+00
  -5.5544602e+00
  -5.9791899e+00
  -5.4141287e+00
  -5.8626673e+00
  -6.0299064e+00
  -5.4679907e+00
  -5.8039391e+00
  -6.1194061e+00
  -6.4560999e+00
  -7.8863414e+00
  -8.2591723e+00
  -7.8064270e+00
  -8.8257406e+00
  -9.6854998e+00
  -9.9050033e+00
  -1.0689689e+01
  -9.3034238e+00
  -8.9563612e+00
  -1.2077991e+01
  -1.2489446e+01
  -1.0796148e+01
  -1.2637214e+01
  -1.3304618e+01
  -1.0225629e+01
  -1.0840822e+01
  -1.2929740e+01
  -1.0369384e+01
  -1.0479194e+01
  -1.2234628e+01
  -1.2037179e+01
  -1.3032999e+01
  -1.2308695e+01
  -9.4648256e+00
  -9.9387025e+00
  -1.1589851e+01
  -8.8103463e+00
  -8.7550237e+00
  -1.0189850e+01
  -8.1573459e+00
  -9.0725685e+00
  -1.1259742e+01
  -9.2728065e+00
  -9.3958943e+00
  -9.6189429e+00
  -7.8302285e+00
  -8.8081117e+00
  -1.0369493e+01
  -8.2095134e+00
  -8.4336469e+00
  -1.0197243e+01
  -9.5178829e+00
  -9.5436233e+00
  -1.0122574e+01
  -9.1197303e+00
  -1.0614367e+01
  -1.3526559e+01
  -1.1295719e+01
  -1.1098279e+01
  -1.3077752e+01
  -1.1031294e+01
  -1.1032273e+01
  -1.4870231e+01
  -1.4824192e+01
  -1.3759558e+01
  -1.5865167e+01
  -1.3089163e+01
  -1.1394754e+01
  -1.4797507e+01
  -1.6566261e+01
  -1.3968512e+01
  -1.5794815e+01
  -1.8642542e+01
  -1.7314610e+01
  -1.7320564e+01
  -1.5376089e+01
  -1.5311983e+01
  -1.8900538e+01
  -1.6513418e+01
  -1.6326153e+01
  -2.1316811e+01
  -1.8314383e+01
  -1.9175598e+01
  -2.5291007e+01
  -2.2366755e+01
  -1.9984318e+01
  -2.2498333e+01
  -1.7982338e+01
  -1.4898212e+01
  -1.7437711e+01
  -1.7673831e+01
  -1.5523388e+01
  -1.8029846e+01
  -1.5808941e+01
  -1.4077938e+01
  -1.6163904e+01
  -1.6170320e+01
  -1.3134522e+01
  -1.4057102e+01
  -1.4195734e+01
  -1.2206291e+01
  -1.4948672e+01
  -1.5513684e+01
  -1.0978086e+01
  -1.0807883e+01
  -1.1809207e+01
  -1.0483821e+01
  -1.1753594e+01
  -1.2024530e+01
  -9.7179962e+00
  -1.0554350e+01
  -1.2680763e+01
  -1.0144762e+01
  -9.3965790e+00
  -1.0853940e+01
  -1.0962329e+01
  -1.1396722e+01
  -1.2026238e+01
  -1.1648099e+01
  -1.2306918e+01
  -1.1670712e+01
