   4.1270920e+01
   3.7898583e+01
   1.9541973e+01
   2.6763739e+01
   1.1553445e+01
   2.4358447e+01
   1.6987403e+01
   2.2365969e+01
   2.0975246e+01
   1.7235253e+01
   2.1842759e+01
   1.3891335e+01
   1.5705374e+01
   2.1835790e+01
   1.7142542e+01
   2.3180747e+01
   2.4293244e+01
   2.1371853e+01
   2.6183891e+01
   2.3177903e+01
   2.6353663e+01
   3.1277824e+01
   3.2600358e+01
   3.1901269e+01
   3.2655630e+01
   3.6249248e+01
   3.8011371e+01
   3.9359392e+01
   4.0754323e+01
   4.2188492e+01
   4.5156946e+01
   4.7094593e+01
   4.8453267e+01
   5.0888869e+01
   5.2780768e+01
   5.4187720e+01
   5.5968427e+01
   5.7417733e+01
   5.8786944e+01
   6.0559796e+01
   6.1812686e+01
   6.2089418e+01
   6.1655162e+01
   6.0574133e+01
   5.8844538e+01
   5.7154871e+01
   5.5492158e+01
   5.3169808e+01
   5.1493125e+01
   4.9144027e+01
   4.3121547e+01
   4.7693323e+01
   5.0601187e+01
   5.0179406e+01
   4.9276585e+01
   4.8342664e+01
   4.6567001e+01
   4.4924866e+01
   4.3032991e+01
   4.1858229e+01
   4.1758758e+01
   3.9678272e+01
   3.7724238e+01
   3.7440892e+01
   3.5688160e+01
   3.5076978e+01
   3.4556278e+01
   3.3062420e+01
   3.1714018e+01
   2.9824055e+01
   3.0152953e+01
   2.9757935e+01
   2.9322285e+01
   2.9308004e+01
   2.3654692e+01
   1.4719586e+01
   2.3720768e+01
   2.4214172e+01
   2.5041876e+01
   2.3993429e+01
   2.5976915e+01
   2.7689633e+01
   2.7534808e+01
   2.8311476e+01
   2.8310266e+01
   2.7418433e+01
   2.6808635e+01
   2.4415571e+01
   2.1379905e+01
   1.9655126e+01
   1.3929212e+01
   1.1153304e+01
   9.6101870e+00
   7.2985167e+00
   1.1378308e+01
   7.8784308e+00
   6.9366509e+00
   6.5381114e+00
  -8.5500937e-01
   2.6328806e+00
  -8.5511148e-01
   1.7526642e-01
   3.2326332e+00
   6.2743444e+00
   3.9414719e+00
   1.0535190e+01
   8.9913122e+00
   2.1091770e+00
   7.1716037e+00
   5.3271192e+00
   9.1852152e+00
   9.8810032e+00
   8.2370664e+00
   1.2541964e+01
   1.1781728e+01
   1.3875835e+01
   1.5183824e+01
   1.5119734e+01
   1.7196077e+01
   1.7987711e+01
   2.0502349e+01
   2.2552913e+01
   2.4505018e+01
   2.7386328e+01
   2.9670426e+01
   3.1808415e+01
   3.3294107e+01
   3.3122700e+01
   3.1498923e+01
   2.9514997e+01
   2.7551781e+01
   2.5873045e+01
   2.5135562e+01
   2.4660807e+01
   2.4382659e+01
   2.3567330e+01
   2.2714413e+01
   2.2357453e+01
   2.0989729e+01
   2.0109441e+01
   2.0482453e+01
   2.0599594e+01
   2.0227515e+01
   1.8957222e+01
   1.8755757e+01
   1.8764771e+01
   1.7436926e+01
   1.7014985e+01
   1.5793958e+01
   1.4281614e+01
   1.4761083e+01
   1.3791462e+01
   1.2950633e+01
   1.2929491e+01
   1.2628517e+01
   1.2949077e+01
   1.2239913e+01
   1.2047836e+01
   1.1667932e+01
   1.1560595e+01
   1.2069745e+01
   1.0796835e+01
   1.0935342e+01
   1.1618917e+01
   1.1785476e+01
   1.3547327e+01
   1.4019718e+01
   1.4393964e+01
   1.4622083e+01
   1.2237036e+01
   9.3186254e+00
   8.7422776e+00
   6.5272038e+00
   4.9658256e+00
   2.6655556e+00
  -7.6007470e-01
   3.2601493e+00
  -1.1880936e+00
  -3.7368832e+00
  -2.1555517e+00
  -7.1374807e+00
  -1.3934149e+01
  -5.5573222e+00
  -8.1294652e+00
  -6.6601337e+00
  -1.4784172e+01
  -6.0593338e+00
  -4.8037968e+00
  -5.5321353e+00
  -3.0275695e+00
  -7.2708040e+00
  -1.0093162e+01
  -2.3292771e+00
  -3.6418974e+00
  -4.9013089e+00
  -1.2541807e+00
  -8.6488404e+00
  -3.2011112e+00
  -6.5546895e+00
  -2.3775567e+01
  -2.5250182e+01
  -4.7255446e+00
   1.0632145e-01
   6.3725132e-01
   2.9770680e+00
   5.5361317e+00
   7.2318032e+00
   1.0220484e+01
   1.1321661e+01
   1.1767813e+01
   1.2270327e+01
   1.1295979e+01
   1.0720162e+01
   1.1108057e+01
   1.0476891e+01
   1.0925737e+01
   1.0350417e+01
   8.7297641e+00
   9.9450906e+00
   9.4270044e+00
   9.2607976e+00
   1.0015864e+01
   9.1976339e+00
   9.8029011e+00
   1.0419235e+01
   1.0870674e+01
   1.2386141e+01
   1.1895601e+01
   9.9061665e+00
   8.2185786e+00
   5.2003817e+00
   2.1566471e+00
   2.2938347e-01
  -2.2968858e+00
  -1.7852801e+00
  -2.4689005e+00
   1.6539247e+00
   1.3945258e+00
   2.9581914e-02
  -4.1467384e-01
  -1.1271836e+01
  -4.1728747e+00
  -4.0340634e+00
  -7.2941523e+00
  -3.6861143e+00
  -6.2583850e+00
  -1.8192057e-01
   3.1683317e+00
   3.1653110e+00
   4.2248446e+00
   3.2279823e+00
   3.4380737e+00
   4.6581841e+00
   3.4882013e+00
   2.1519595e+00
   9.4644518e-01
  -3.4016277e+00
  -1.8800975e+00
  -1.8983903e+00
  -5.2288177e-01
  -2.7315803e-01
  -6.1382760e+00
  -8.6663217e+00
  -7.6307933e+00
  -1.4822580e+01
  -8.4572323e+00
  -9.1703350e+00
  -1.0114775e+01
  -6.7080861e+00
  -3.1722092e+01
  -9.1114514e+00
  -2.2985772e+01
  -1.0641410e+01
  -1.8399194e+01
  -7.3841871e+00
  -1.2122064e+01
  -1.9004022e+01
  -2.5679449e+01
  -7.5766279e+00
  -9.7263737e+00
  -1.0988447e+01
  -1.0156415e+01
  -2.1176544e+01
  -1.4096952e+01
  -6.3338432e+00
  -4.1470818e+00
  -7.9971948e+00
  -7.9251579e+00
  -3.9043187e+00
  -4.5690547e+00
  -5.6659741e+00
  -2.1531995e+00
  -4.5407585e+00
  -7.3441883e+00
  -4.4593394e+00
  -4.4464954e+00
  -8.4677768e+00
  -1.0964880e+01
  -3.9428192e+01
  -1.0722386e+01
  -9.9605346e+00
  -7.8145563e+00
  -9.8929223e+00
  -1.4025694e+01
  -8.9267766e+00
  -5.9318145e+00
  -9.6739680e+00
  -1.0190647e+01
  -1.3626190e+01
  -1.5855492e+01
  -1.0289143e+01
  -2.7748891e+00
  -1.5312660e+00
  -1.7842750e+00
   2.7033504e-01
  -1.4224464e+00
  -3.7621188e+00
   1.4217413e-01
   1.0053876e+00
   4.8292090e-01
   1.4287256e+00
  -5.8271962e-01
  -2.5929794e+00
  -4.1051580e+00
  -8.4327337e+00
  -7.8033303e+00
  -8.6197881e+00
  -1.0032011e+01
  -5.5309780e+00
  -1.2209982e+01
  -9.7788871e+00
  -8.4200549e+00
  -8.7687451e+00
  -7.6656286e+00
  -1.4734238e+01
  -1.0916896e+01
  -5.5566701e+00
  -7.2176835e+00
  -1.0930805e+01
  -9.1121994e+00
  -1.8042941e+01
  -1.3640584e+01
  -1.3855805e+01
  -8.3978816e+00
  -1.3524398e+01
  -1.8174855e+01
  -1.0568404e+01
  -4.8247135e+00
  -7.0056767e+00
  -1.4479241e+01
  -8.9864236e+00
  -5.9985670e+00
  -1.0879124e+01
  -5.1305568e+00
  -4.6747098e+00
  -1.0252783e+01
  -1.1465224e+01
  -1.4248424e+01
  -2.2521257e+01
  -8.9226231e+00
  -8.1917949e+00
  -9.4631770e+00
  -6.2352494e+00
  -9.2939304e+00
  -1.3608587e+01
  -8.4263986e+00
  -7.5378792e+00
  -9.9346720e+00
  -8.4738870e+00
  -2.1510464e+01
  -1.3067054e+01
  -1.3993339e+01
  -1.0565377e+01
  -1.7824876e+01
  -1.3165058e+01
  -1.1712630e+01
  -1.1027448e+01
  -7.9608091e+00
  -4.4556711e+00
  -6.5043488e+00
  -2.1232235e+01
  -2.7737942e+01
  -1.6000208e+01
  -1.6271714e+01
  -1.7703508e+01
  -1.2232067e+01
  -1.9422061e+01
  -2.4569521e+01
  -1.0773922e+01
  -9.8657406e+00
  -2.7087732e+01
  -1.7034259e+01
  -1.6471212e+01
  -7.4129639e+00
  -7.7128425e+00
  -6.3193875e+00
  -7.9297927e+00
  -1.1541426e+01
  -7.6916850e+00
  -5.3775611e+00
  -7.8390112e+00
  -6.1094979e+00
  -8.5988550e+00
  -1.7145808e+01
  -1.4462127e+01
  -1.3543276e+01
  -1.1507182e+01
  -1.3911411e+01
  -1.9276462e+01
  -9.9886679e+00
  -8.4601470e+00
  -1.8215137e+01
  -1.8892169e+01
  -1.3102243e+01
  -5.9007325e+00
  -9.0494681e+00
  -1.6646508e+01
  -1.6404589e+01
  -1.3544630e+01
  -1.4496247e+01
  -1.1541742e+01
  -9.3819323e+00
  -6.9503203e+00
  -1.1904323e+01
  -1.7202069e+01
  -1.6490812e+01
  -1.9913820e+01
  -1.6691342e+01
  -1.0749121e+01
  -1.3062328e+01
  -1.7883154e+01
  -1.2448867e+01
  -2.6406754e+01
  -1.9027505e+01
  -9.7473882e+00
  -6.6075643e+00
  -5.9407185e+00
  -4.8794856e+00
  -8.5164456e+00
  -1.3023742e+01
  -9.4224591e+00
  -8.9992587e+00
  -8.9687533e+00
  -6.0457897e+00
  -8.0329885e+00
  -1.0640146e+01
  -1.1556773e+01
  -1.4596739e+01
  -1.8682006e+01
  -1.1635052e+01
  -1.8151689e+01
  -1.4506687e+01
  -1.5429909e+01
  -2.0642701e+01
  -1.5555237e+01
  -1.3046736e+01
  -9.0033751e+00
  -9.4255344e+00
  -1.0273676e+01
  -8.2134077e+00
  -8.8689284e+00
  -2.1407739e+01
  -1.3228860e+01
  -1.7905559e+01
  -3.0242828e+01
  -1.5600187e+01
  -1.1537263e+01
  -1.9858617e+01
  -2.2652386e+01
  -1.7175692e+01
  -1.0813094e+01
  -1.7366007e+01
  -1.7227027e+01
  -2.0768126e+01
  -1.9543618e+01
  -1.8976568e+01
  -1.1089774e+01
  -1.0788200e+01
  -9.4688024e+00
  -8.7297599e+00
  -1.7750610e+01
  -2.2938646e+01
  -1.3717478e+01
  -1.2259385e+01
  -1.1185956e+01
  -8.3105755e+00
  -1.3663229e+01
  -2.8643367e+01
  -1.9901636e+01
  -1.4275185e+01
  -2.4056765e+01
  -1.8727024e+01
  -2.3659756e+01
  -1.6377045e+01
  -2.5469319e+01
  -1.7465579e+01
  -2.2292031e+01
  -1.1111199e+01
  -1.0552579e+01
  -1.9532547e+01
  -1.8486516e+01
  -1.5943588e+01
  -2.3967208e+01
  -1.1235323e+01
  -1.0902524e+01
  -8.5823554e+00
  -6.1528735e+00
  -9.9800722e+00
  -1.0411655e+01
  -9.4915291e+00
  -1.3673649e+01
  -1.1708503e+01
  -9.1217871e+00
  -1.8485653e+01
  -1.7472611e+01
  -1.6755927e+01
  -1.3818036e+01
  -1.6104036e+01
  -2.2421421e+01
  -2.9102473e+01
  -1.8404176e+01
  -1.6714439e+01
  -1.4979724e+01
  -1.1640372e+01
  -6.8568015e+00
  -8.6144832e+00
  -1.2273529e+01
  -9.6869125e+00
  -1.3160045e+01
  -2.0839536e+01
  -2.3258904e+01
  -1.9642954e+01
  -2.3964856e+01
  -1.9630492e+01
  -1.4011587e+01
  -1.0039479e+01
  -1.5405939e+01
  -1.3540151e+01
  -1.4326283e+01
  -2.7342992e+01
  -1.3077967e+01
  -9.1961950e+00
  -1.1899418e+01
  -1.9898216e+01
  -1.4648469e+01
  -1.0099672e+01
  -1.0552326e+01
  -1.1422234e+01
  -9.9341601e+00
  -1.0847649e+01
  -1.8122507e+01
  -1.3324011e+01
  -1.6797038e+01
  -1.9873620e+01
  -2.1015571e+01
  -1.4558573e+01
  -9.6103505e+00
  -1.3977694e+01
  -2.1281329e+01
  -1.6621100e+01
  -1.5156806e+01
  -2.7446432e+01
  -2.5969316e+01
  -2.2937784e+01
  -1.7387156e+01
  -2.8441756e+01
  -1.4155086e+01
  -1.7727159e+01
  -1.7300647e+01
  -2.0396223e+01
  -2.1187406e+01
  -2.3915700e+01
  -1.3457995e+01
  -1.4102220e+01
  -2.7301169e+01
  -2.2855481e+01
  -1.5133441e+01
  -1.1611755e+01
  -1.0508319e+01
  -1.1811124e+01
  -1.8290596e+01
  -2.5051969e+01
  -1.7231649e+01
  -1.6426776e+01
  -2.3382537e+01
  -2.1690157e+01
  -1.9821212e+01
  -1.6457031e+01
  -1.6417860e+01
  -1.1318335e+01
  -1.9189181e+01
  -1.7251681e+01
  -1.4612610e+01
  -1.6337104e+01
  -1.6760314e+01
  -1.2112349e+01
  -1.4439508e+01
  -1.8064546e+01
  -2.0455560e+01
  -2.0849021e+01
  -2.4361928e+01
  -1.8310634e+01
  -1.5564763e+01
  -1.9132903e+01
  -1.5404480e+01
  -1.3780589e+01
  -1.4054289e+01
  -1.5097413e+01
  -1.4792679e+01
  -2.1316326e+01
  -1.8157597e+01
  -2.4664665e+01
  -2.2419846e+01
  -1.3462038e+01
  -1.0712776e+01
  -1.7021216e+01
  -1.4242734e+01
  -1.7299937e+01
  -2.1070911e+01
  -1.9688670e+01
  -1.7348328e+01
  -2.1264245e+01
  -2.5215675e+01
  -2.0849196e+01
  -1.2630216e+01
  -1.3512475e+01
  -1.1738674e+01
  -1.0123649e+01
  -1.9658401e+01
  -1.7172036e+01
  -1.4108749e+01
  -1.5982386e+01
  -1.4549308e+01
  -1.1730577e+01
  -1.4419101e+01
  -1.2796914e+01
  -1.5426185e+01
  -2.0173279e+01
  -2.1552285e+01
  -1.5166624e+01
  -1.4485746e+01
  -1.6875940e+01
  -1.4549089e+01
  -1.1631611e+01
  -1.2935448e+01
  -1.1174893e+01
  -1.3197425e+01
  -2.6272441e+01
  -3.4337426e+01
  -1.8382974e+01
  -1.9851304e+01
  -2.8849470e+01
  -2.3798801e+01
  -1.9533128e+01
  -2.1702222e+01
  -2.0290666e+01
  -1.6864878e+01
  -2.5140074e+01
  -1.5890615e+01
  -2.2286566e+01
  -1.8295817e+01
  -2.6883609e+01
  -2.4241862e+01
  -3.1093410e+01
  -2.1143178e+01
  -1.9840307e+01
  -1.4312437e+01
  -1.5345735e+01
  -1.0429886e+01
  -9.4787913e+00
  -1.1838910e+01
  -1.1573100e+01
  -1.2686923e+01
  -1.6774357e+01
  -1.4764199e+01
  -1.7678544e+01
  -2.0044414e+01
  -2.1127859e+01
  -1.7447363e+01
  -1.4115754e+01
  -2.0189249e+01
  -1.5831564e+01
  -1.7565470e+01
  -2.3721220e+01
  -1.3646525e+01
  -1.0765578e+01
  -1.2816013e+01
  -1.1872749e+01
  -1.4597209e+01
  -1.2857457e+01
  -9.9677883e+00
  -1.0040605e+01
  -9.2485604e+00
  -7.6624533e+00
  -9.5882566e+00
  -1.3770062e+01
  -1.4039662e+01
  -1.4280935e+01
  -1.7892123e+01
  -1.1957258e+01
  -1.2990564e+01
  -2.9062793e+01
  -1.8376217e+01
  -2.6713982e+01
  -1.8353884e+01
  -1.6438880e+01
  -1.5491219e+01
  -1.4187060e+01
  -1.2590279e+01
  -1.5681934e+01
  -1.8073610e+01
  -2.1597997e+01
  -2.2461494e+01
  -2.3277720e+01
  -2.0390030e+01
  -1.8090236e+01
  -1.3610489e+01
  -2.1339696e+01
  -2.2041970e+01
  -2.5696941e+01
  -1.4826872e+01
  -1.5830046e+01
  -2.3787244e+01
  -3.2976966e+01
  -1.6444442e+01
  -1.7486557e+01
  -2.0875801e+01
  -1.3553843e+01
  -1.8817257e+01
  -2.0973741e+01
  -2.4125186e+01
  -2.0730508e+01
  -1.2572392e+01
  -1.1172320e+01
  -1.7749246e+01
  -2.0365854e+01
  -2.2919832e+01
  -1.8092896e+01
  -2.7551486e+01
  -1.8710218e+01
  -1.9211082e+01
  -2.3531878e+01
  -2.2855305e+01
  -1.6856944e+01
  -2.6934613e+01
  -1.7985592e+01
  -1.7819531e+01
  -1.8364642e+01
  -2.1626466e+01
  -2.1246917e+01
  -1.8777555e+01
  -1.7866548e+01
  -1.3229171e+01
  -1.6150255e+01
  -1.8846421e+01
  -1.4007349e+01
  -1.1030027e+01
  -1.2642578e+01
  -1.1671072e+01
  -1.3243729e+01
  -1.7408770e+01
  -1.6330540e+01
  -1.3186545e+01
  -1.8108057e+01
  -2.0426342e+01
  -2.1211778e+01
  -2.1688638e+01
  -4.0295418e+01
  -1.5309349e+01
  -1.3616970e+01
  -1.2621124e+01
  -1.3517960e+01
  -2.3147403e+01
  -2.2598875e+01
  -1.3559985e+01
  -1.1917622e+01
  -1.3062632e+01
  -1.4548364e+01
  -3.1604998e+01
  -2.0465140e+01
  -2.7804726e+01
  -1.9614084e+01
  -2.1063113e+01
  -1.6016539e+01
  -2.1576327e+01
  -2.8337675e+01
  -2.0728370e+01
  -1.5156247e+01
  -1.9741364e+01
  -2.1562025e+01
  -2.1446991e+01
  -3.0742587e+01
  -2.8683123e+01
  -1.6732221e+01
  -1.6424450e+01
  -2.1507921e+01
  -1.6228029e+01
  -1.9399329e+01
  -2.0465800e+01
  -1.8910897e+01
  -2.4443872e+01
  -1.5903751e+01
  -1.4632155e+01
  -1.8060107e+01
  -1.6639242e+01
  -3.0587533e+01
  -1.9918704e+01
  -2.1845577e+01
  -2.3922464e+01
  -1.6685774e+01
  -1.7190995e+01
  -1.6382966e+01
  -1.1344264e+01
  -1.5856303e+01
  -1.6394488e+01
  -1.5554170e+01
  -2.7933293e+01
  -1.6536430e+01
  -1.6001110e+01
  -1.7552628e+01
  -1.4496620e+01
  -1.7379956e+01
  -1.5527575e+01
  -1.3093969e+01
  -1.9554339e+01
  -3.0161383e+01
  -1.8973613e+01
  -1.4244799e+01
  -1.6535625e+01
  -2.2125944e+01
  -2.5384137e+01
  -2.1743605e+01
  -2.1742725e+01
  -1.9096393e+01
  -2.7434733e+01
  -1.6257865e+01
  -2.0183500e+01
  -3.0277954e+01
  -3.4241147e+01
  -2.0981003e+01
  -1.8478708e+01
  -2.0271422e+01
  -1.9454225e+01
  -1.6399787e+01
  -1.9693227e+01
  -1.9812587e+01
  -1.9759593e+01
  -2.1815408e+01
  -2.2125791e+01
  -2.2831528e+01
  -1.7113823e+01
  -2.3545421e+01
  -3.4460749e+01
  -1.9809519e+01
  -1.4280805e+01
  -1.7525173e+01
  -2.1197688e+01
  -2.3316026e+01
  -2.0445502e+01
  -1.8900720e+01
  -2.1564032e+01
  -1.6889709e+01
  -1.2749179e+01
  -1.6178511e+01
  -2.9332593e+01
  -2.3732884e+01
  -2.5628985e+01
  -2.1440502e+01
  -1.7847638e+01
  -2.0930373e+01
  -2.1754490e+01
  -2.9850240e+01
  -1.4316121e+01
  -1.3960852e+01
  -2.5347075e+01
  -2.7575771e+01
  -2.2413783e+01
  -1.9727538e+01
  -2.2598256e+01
  -1.8170269e+01
  -2.2525010e+01
  -1.5715745e+01
  -1.7856615e+01
  -2.1932976e+01
  -1.5855731e+01
  -1.4095550e+01
  -1.2853220e+01
  -1.0710083e+01
  -1.3265880e+01
  -1.6091239e+01
  -1.6537577e+01
  -2.0981663e+01
  -1.9222126e+01
  -1.5878508e+01
  -1.5893506e+01
  -1.1831609e+01
  -1.3192487e+01
  -2.0371931e+01
  -1.5220338e+01
  -1.5725018e+01
  -1.7554330e+01
  -1.4766801e+01
  -1.3999456e+01
  -2.1809803e+01
  -1.6208869e+01
  -2.0480831e+01
  -3.1629432e+01
  -2.1502498e+01
  -1.6953391e+01
  -2.0906862e+01
  -1.9958679e+01
  -2.1317931e+01
  -1.8730906e+01
  -2.2247756e+01
  -1.9920588e+01
  -1.8810061e+01
  -2.1313533e+01
  -2.8934142e+01
  -1.6032358e+01
  -1.5278341e+01
  -2.8780149e+01
  -2.3154570e+01
  -2.1542405e+01
  -1.7611596e+01
  -2.2005679e+01
  -3.0711847e+01
  -2.4343302e+01
  -2.9073099e+01
  -2.1094802e+01
  -1.6948400e+01
  -2.5233780e+01
  -3.0665092e+01
  -2.5730801e+01
  -2.0376640e+01
  -1.8976962e+01
  -1.4610573e+01
  -2.1787256e+01
  -2.2563202e+01
  -2.6249035e+01
  -1.3591151e+01
  -1.4554785e+01
  -3.9175662e+01
  -2.6169744e+01
  -1.7833824e+01
  -1.4871310e+01
  -2.6659635e+01
  -1.9564043e+01
  -1.9049062e+01
  -1.8235195e+01
  -2.1295201e+01
  -1.3834361e+01
  -1.6018483e+01
  -2.7383463e+01
  -3.1500279e+01
  -2.4492702e+01
  -2.5484488e+01
  -3.7924921e+01
  -3.7159076e+01
  -2.2239943e+01
  -2.0134637e+01
  -1.8521330e+01
  -2.3034781e+01
  -2.6770795e+01
  -3.0515109e+01
  -1.8886047e+01
  -1.7411186e+01
  -3.0815370e+01
  -2.2078961e+01
  -2.1907334e+01
  -2.2969449e+01
  -1.6415420e+01
  -1.5382142e+01
  -1.9471076e+01
  -1.7535182e+01
  -1.9063967e+01
  -2.0216628e+01
  -1.9040224e+01
  -2.1842872e+01
  -1.8092054e+01
  -1.4609067e+01
  -1.4240310e+01
  -1.5303258e+01
  -2.0410326e+01
  -2.6203569e+01
  -2.5100167e+01
  -1.7363762e+01
  -1.9388442e+01
  -2.5851647e+01
  -2.3815765e+01
  -1.5108974e+01
  -1.6435081e+01
  -1.9864759e+01
  -2.3634858e+01
  -2.5811027e+01
  -2.2025608e+01
  -3.9633494e+01
  -2.5438364e+01
  -2.2278583e+01
  -2.0514983e+01
  -1.6114759e+01
  -1.3585761e+01
  -1.6844170e+01
  -1.8074796e+01
  -1.8498806e+01
  -1.5923553e+01
  -1.6694888e+01
  -1.4178692e+01
  -1.6106618e+01
  -2.2136314e+01
  -1.8153580e+01
  -1.5454936e+01
  -1.5961234e+01
  -1.4889425e+01
  -1.6068940e+01
  -1.9394669e+01
  -2.1084934e+01
  -3.2758585e+01
  -1.9938825e+01
  -2.2107667e+01
  -3.0731243e+01
  -1.7485713e+01
  -1.6379768e+01
  -1.9472183e+01
  -1.5565134e+01
  -1.9820913e+01
  -2.6006821e+01
  -2.0326857e+01
  -2.4208148e+01
  -2.2934303e+01
  -1.8781259e+01
  -3.1650056e+01
  -1.6017095e+01
  -1.3580487e+01
  -1.4254600e+01
  -1.4659871e+01
  -1.4496393e+01
  -1.4770974e+01
  -1.4687850e+01
  -1.7060734e+01
  -2.0922831e+01
  -1.9483002e+01
  -1.7294316e+01
  -1.7133531e+01
  -1.4652478e+01
  -1.5318659e+01
  -3.1689618e+01
  -2.2317292e+01
  -3.2855305e+01
  -2.4157282e+01
  -2.0189479e+01
  -1.9650470e+01
  -3.2100254e+01
  -2.1997328e+01
  -2.6359916e+01
  -2.4688799e+01
  -2.7773639e+01
  -2.9822598e+01
  -3.1261437e+01
  -2.9754169e+01
  -2.9886130e+01
  -3.0964007e+01
  -3.5737360e+01
  -2.4361277e+01
  -2.3660014e+01
  -2.8731400e+01
  -3.1224334e+01
  -2.8401992e+01
  -2.7132932e+01
  -3.9284190e+01
  -3.5911887e+01
  -2.1902227e+01
  -2.0710346e+01
  -4.0757689e+01
  -2.4721421e+01
  -3.3864068e+01
  -3.2114965e+01
  -2.2234297e+01
  -1.6559993e+01
  -1.7004514e+01
  -1.9026204e+01
  -1.7987613e+01
  -1.7298268e+01
  -1.7519351e+01
  -1.7383273e+01
  -2.2629777e+01
  -3.7384394e+01
  -3.0890153e+01
  -2.5489173e+01
  -2.7152765e+01
  -2.5659272e+01
  -2.3496346e+01
  -1.6451723e+01
  -1.8541759e+01
  -2.9693255e+01
  -2.2696284e+01
  -2.9442645e+01
  -2.5875932e+01
  -3.0453030e+01
  -2.2266646e+01
  -2.8067597e+01
  -3.1189668e+01
  -2.3705510e+01
  -2.1475667e+01
  -1.7458465e+01
  -1.4741486e+01
  -1.8034603e+01
  -1.8711287e+01
  -1.6909342e+01
  -2.0347965e+01
  -1.8821897e+01
  -1.5925947e+01
  -1.9288971e+01
  -2.0373039e+01
  -1.5861656e+01
  -1.4106190e+01
  -1.6342544e+01
  -2.2664525e+01
  -2.3475126e+01
  -2.4347971e+01
  -2.4393150e+01
  -1.4182830e+01
  -1.2629038e+01
  -1.0509829e+01
  -1.0945192e+01
  -1.7511615e+01
  -1.3943398e+01
  -1.1883555e+01
  -1.2885364e+01
  -1.2892991e+01
  -1.1802942e+01
  -1.5502916e+01
  -2.0071896e+01
  -2.9543696e+01
  -2.1277446e+01
  -2.0467638e+01
  -3.4461618e+01
  -3.4115604e+01
  -3.0958602e+01
  -2.9320176e+01
  -1.9873948e+01
  -2.2390464e+01
  -2.4446240e+01
  -2.2586243e+01
  -3.2485626e+01
  -3.1430424e+01
  -2.3361764e+01
  -2.3092054e+01
  -1.9102955e+01
  -1.9838201e+01
  -2.8125982e+01
  -2.6732702e+01
  -2.4552741e+01
  -2.0597848e+01
  -2.4657568e+01
  -1.8116029e+01
  -3.1752076e+01
  -1.8950902e+01
  -2.0149021e+01
  -3.1205299e+01
  -2.8518448e+01
  -1.8822437e+01
  -1.9314225e+01
  -1.7943408e+01
  -1.9115062e+01
  -2.3264591e+01
  -1.8965369e+01
  -1.9991600e+01
  -2.0882906e+01
  -1.8450358e+01
  -2.1321765e+01
  -2.4729522e+01
  -2.2307573e+01
  -2.3150542e+01
  -1.8664504e+01
  -2.3130446e+01
  -1.8989158e+01
  -2.1623094e+01
  -3.3884764e+01
  -2.3136685e+01
  -1.9013719e+01
  -2.4157719e+01
  -1.9816921e+01
  -2.8092294e+01
  -1.6168068e+01
  -1.5970915e+01
  -2.0020880e+01
  -1.9141565e+01
  -2.0968824e+01
  -2.0032609e+01
  -1.4817237e+01
  -1.6929815e+01
  -1.8901848e+01
  -1.9165217e+01
  -2.4410768e+01
  -1.7184091e+01
  -2.9593537e+01
  -2.0669229e+01
  -2.0874729e+01
  -2.2531713e+01
  -2.6458599e+01
  -1.8155401e+01
  -2.0894545e+01
  -3.1280959e+01
  -2.2422615e+01
  -1.6868986e+01
  -2.1072502e+01
  -1.6494187e+01
  -1.3114118e+01
  -1.3066085e+01
  -1.2974739e+01
  -1.4854070e+01
  -1.7925031e+01
  -1.6417000e+01
  -1.7958271e+01
  -2.1646837e+01
  -1.6819557e+01
  -1.9901234e+01
  -2.1151609e+01
  -2.1741382e+01
  -2.6663444e+01
  -1.9308858e+01
  -1.8117993e+01
  -2.1734737e+01
  -2.0070012e+01
  -2.5915331e+01
  -2.1157303e+01
  -2.1665005e+01
  -3.1079005e+01
  -3.3080763e+01
  -2.8862418e+01
  -2.2919207e+01
  -1.9287125e+01
  -2.1322386e+01
  -1.6179938e+01
  -1.4697363e+01
  -1.5947312e+01
  -1.5855067e+01
  -1.5972525e+01
  -1.6904043e+01
  -1.5478009e+01
  -1.7382644e+01
  -2.5646797e+01
  -2.3862920e+01
  -3.1690797e+01
  -2.2183812e+01
  -1.8974231e+01
  -1.8313824e+01
  -1.7429700e+01
  -1.6215820e+01
  -1.6892546e+01
  -1.8099171e+01
  -2.3316141e+01
  -2.4503618e+01
  -1.9591197e+01
  -1.8105256e+01
  -1.8954484e+01
  -1.7794273e+01
  -1.9936648e+01
  -1.9114916e+01
  -2.1666499e+01
  -1.6613510e+01
  -1.8370593e+01
  -1.6399356e+01
  -1.6562986e+01
  -2.5800523e+01
  -2.5483084e+01
  -1.6057235e+01
  -1.5203183e+01
  -2.2775869e+01
  -2.2805659e+01
  -1.9597504e+01
  -1.8791864e+01
  -1.8444415e+01
  -1.4806040e+01
  -1.9638222e+01
  -4.4832767e+01
  -2.3243664e+01
  -1.7476325e+01
  -2.2112217e+01
  -2.0315945e+01
  -2.2832158e+01
  -1.7359517e+01
  -1.7252393e+01
  -1.5603088e+01
  -1.4578852e+01
  -2.2721654e+01
  -2.5086883e+01
  -2.0989993e+01
  -2.1993892e+01
  -2.3964036e+01
  -1.7157182e+01
  -1.9869574e+01
  -1.8966019e+01
  -1.8326325e+01
  -2.0327400e+01
  -2.0883479e+01
  -1.7348269e+01
  -1.6615730e+01
  -1.5673051e+01
  -1.5365792e+01
  -1.6234544e+01
  -1.5006146e+01
  -1.4493865e+01
  -1.9037092e+01
  -1.8689238e+01
  -1.8328980e+01
  -2.6402881e+01
  -2.8241485e+01
  -2.3048395e+01
  -2.8052678e+01
  -2.2595569e+01
  -2.3547240e+01
  -2.4210902e+01
  -3.0563912e+01
  -2.6312510e+01
  -2.7019863e+01
  -2.3899377e+01
  -2.3233413e+01
  -3.5515122e+01
  -2.9337994e+01
  -2.2632816e+01
  -1.8036859e+01
  -2.1715227e+01
  -2.0947791e+01
  -3.5465018e+01
  -2.0812966e+01
  -2.5251669e+01
  -2.0033559e+01
  -1.9416565e+01
  -2.7503249e+01
  -2.3258499e+01
  -1.4854691e+01
  -1.5509143e+01
  -1.7097062e+01
  -1.5068566e+01
  -1.7139912e+01
  -1.7676412e+01
  -1.6612274e+01
  -2.1060104e+01
  -1.5949385e+01
  -1.4282360e+01
  -1.8464460e+01
  -1.7261396e+01
  -1.8919490e+01
  -2.0205757e+01
  -2.4903590e+01
  -3.5416844e+01
  -2.2222485e+01
  -2.0325765e+01
  -2.8986092e+01
  -1.8512167e+01
  -2.2450440e+01
  -2.5508180e+01
  -2.1581215e+01
  -1.8236767e+01
  -1.9893467e+01
  -1.8524605e+01
  -1.8389929e+01
  -2.4467596e+01
  -3.4911854e+01
  -2.3822043e+01
  -2.5672945e+01
  -2.4700969e+01
  -2.0924470e+01
  -2.2356253e+01
  -1.5602330e+01
  -1.6658613e+01
  -1.7697241e+01
  -1.5211066e+01
  -1.4989345e+01
  -1.2527997e+01
  -1.0095967e+01
  -1.2049786e+01
  -1.3297444e+01
  -1.3557547e+01
  -1.8087565e+01
  -1.9326937e+01
  -1.7451994e+01
  -2.1435028e+01
  -1.9338826e+01
  -1.9829958e+01
  -1.7201425e+01
  -1.6241963e+01
  -1.6437817e+01
  -1.7865414e+01
  -2.5765987e+01
  -2.8261361e+01
  -2.4131383e+01
  -2.1656894e+01
  -2.1555139e+01
  -1.7027468e+01
  -2.0319037e+01
  -2.1248161e+01
  -2.4456706e+01
  -2.6449326e+01
  -3.3669862e+01
  -2.1386516e+01
  -2.1889221e+01
  -1.5333472e+01
  -1.6112671e+01
  -2.4660286e+01
  -2.4827441e+01
  -2.7643194e+01
  -2.5398909e+01
  -1.6051513e+01
  -1.4345592e+01
  -1.9341719e+01
  -2.3716741e+01
  -2.3477532e+01
  -2.5072574e+01
  -2.5155623e+01
  -2.1834890e+01
  -1.9550407e+01
  -2.1023915e+01
  -3.0006281e+01
  -2.7426324e+01
  -2.0202242e+01
  -1.8125509e+01
  -1.9637368e+01
  -1.9413601e+01
  -2.5367208e+01
  -2.1084301e+01
  -2.2302340e+01
  -2.2926981e+01
  -2.4659541e+01
  -2.2721810e+01
  -2.3287728e+01
  -3.1885833e+01
  -3.4073850e+01
  -2.7375709e+01
  -2.0307943e+01
  -1.7300857e+01
  -1.7209616e+01
  -1.8751633e+01
  -1.7355185e+01
  -1.7011003e+01
  -1.8219862e+01
  -1.6701469e+01
  -1.7097863e+01
  -1.7439625e+01
  -1.8978228e+01
  -3.4755944e+01
  -1.9138506e+01
  -1.9621657e+01
  -1.7951514e+01
  -1.7078905e+01
  -1.8399656e+01
  -1.2954524e+01
  -1.0510512e+01
  -1.3988268e+01
  -1.5448137e+01
  -1.3072017e+01
  -1.2830030e+01
  -1.1299054e+01
  -9.9603313e+00
  -7.3041712e+00
  -4.9418159e+00
  -3.5756481e+00
  -1.9888709e+00
  -1.1123206e+00
  -1.9233731e+00
  -3.7166168e+00
  -5.2033146e+00
  -5.8737518e+00
  -6.6482145e+00
  -9.2875459e+00
  -1.2755602e+01
  -1.3568853e+01
  -1.6774527e+01
  -1.8207990e+01
  -1.9968467e+01
  -2.8743142e+01
  -3.3051067e+01
  -3.6694804e+01
  -2.3151143e+01
  -1.8052289e+01
  -2.1482206e+01
  -2.1025487e+01
  -2.1365675e+01
  -2.6324637e+01
  -2.4590678e+01
  -1.7618016e+01
  -2.0484100e+01
  -2.6311704e+01
  -2.3387502e+01
  -3.1904634e+01
  -3.1568224e+01
  -2.1507472e+01
  -1.7429665e+01
  -2.2362333e+01
  -2.7635029e+01
  -2.5551620e+01
  -2.5516679e+01
  -1.8870676e+01
  -1.5554395e+01
  -1.9951587e+01
  -1.8831550e+01
  -1.7937251e+01
  -2.1212401e+01
  -2.1360880e+01
  -1.8367957e+01
  -2.1695452e+01
  -1.8792571e+01
  -1.6928476e+01
  -2.0909357e+01
  -2.3024012e+01
  -2.0280497e+01
  -2.3635928e+01
  -2.7507121e+01
  -2.2252080e+01
  -2.9895648e+01
  -3.5490348e+01
  -2.2891693e+01
  -2.2281893e+01
  -2.5255002e+01
  -1.9451168e+01
  -2.3376760e+01
  -2.9459732e+01
  -3.1409487e+01
  -2.9279248e+01
  -2.9162315e+01
  -2.6988700e+01
  -3.8574124e+01
  -2.5773425e+01
  -3.6304729e+01
  -2.0840830e+01
  -2.3722942e+01
  -2.0618668e+01
  -1.8326823e+01
  -2.3482746e+01
  -2.0163682e+01
  -1.4335094e+01
  -1.2877490e+01
  -1.0101887e+01
  -8.1690348e+00
  -7.7540696e+00
  -7.2196673e+00
  -7.4901926e+00
  -6.8463906e+00
  -4.6166070e+00
  -3.4365938e+00
  -2.8348151e+00
  -2.6583571e+00
  -4.2547069e+00
  -6.7021131e+00
  -8.6986593e+00
  -1.2266768e+01
  -1.3422935e+01
  -1.2431589e+01
  -1.6648246e+01
  -1.6097500e+01
  -1.2238662e+01
  -1.0072334e+01
  -1.1000848e+01
  -1.4865426e+01
  -1.3582147e+01
  -1.3743963e+01
  -1.8616526e+01
  -1.4255902e+01
  -1.3588364e+01
  -1.6012352e+01
  -1.5529427e+01
  -2.4219051e+01
  -2.3833730e+01
  -2.2754861e+01
  -2.1777732e+01
  -2.2218248e+01
  -2.2683059e+01
  -2.7909919e+01
  -1.7826469e+01
  -1.9717089e+01
  -2.0146979e+01
  -1.8282136e+01
  -2.1487208e+01
  -2.0129090e+01
  -1.6686283e+01
  -1.9140672e+01
  -2.2017066e+01
  -1.7717880e+01
  -2.0138860e+01
  -2.1302121e+01
  -1.8301634e+01
  -1.9299109e+01
  -2.2613910e+01
  -2.0634041e+01
  -2.6028874e+01
  -4.4246435e+01
  -2.2448850e+01
  -1.8259212e+01
  -2.5457735e+01
  -2.9924327e+01
  -4.0020762e+01
  -2.7226002e+01
  -3.2181373e+01
  -2.1654289e+01
  -2.3298320e+01
  -3.2593769e+01
  -3.2511665e+01
  -2.8459009e+01
  -2.7619470e+01
  -3.4288378e+01
  -2.5825277e+01
  -2.6844670e+01
  -2.4408048e+01
  -1.8814121e+01
  -1.9648661e+01
  -2.5746501e+01
  -2.1965717e+01
  -2.2113251e+01
  -2.0929014e+01
  -2.6059035e+01
  -2.6419386e+01
  -2.7751140e+01
  -2.5574641e+01
  -1.8466499e+01
  -1.7398030e+01
  -2.3998553e+01
  -1.6954127e+01
  -1.7318048e+01
  -2.1349313e+01
  -2.0271938e+01
  -2.3452240e+01
  -2.7323903e+01
  -2.1253172e+01
  -2.3358803e+01
  -3.5683796e+01
  -3.2223133e+01
  -3.6529029e+01
  -3.4891195e+01
  -2.1975880e+01
  -1.9244758e+01
  -2.4057481e+01
  -3.2023705e+01
  -2.6778721e+01
  -2.5908774e+01
  -3.4386595e+01
  -2.3737292e+01
  -3.6729298e+01
  -2.4402659e+01
  -2.3857162e+01
  -3.0716120e+01
  -2.6190792e+01
  -2.1338936e+01
  -2.2185643e+01
  -2.0655258e+01
  -2.1647806e+01
  -2.0948561e+01
  -2.4004809e+01
  -2.8402166e+01
  -2.8909335e+01
  -3.1274102e+01
  -3.3127630e+01
  -2.5544203e+01
  -2.3727531e+01
  -2.6468156e+01
  -2.5338282e+01
  -2.6181876e+01
  -2.2642134e+01
  -2.7046085e+01
  -2.8965401e+01
  -2.5603327e+01
  -2.4229275e+01
  -2.0712971e+01
  -2.0683263e+01
  -2.8379203e+01
  -1.8945667e+01
  -2.0047982e+01
  -2.0853737e+01
  -1.9657905e+01
  -2.1756739e+01
  -2.8823655e+01
  -2.3825671e+01
  -2.4185223e+01
  -2.3982940e+01
  -2.0481076e+01
  -1.7698623e+01
  -1.9705566e+01
  -3.1688668e+01
  -2.3090292e+01
  -2.5005263e+01
  -3.2603835e+01
  -3.6771422e+01
  -2.5732200e+01
  -2.0089449e+01
  -2.1431939e+01
  -2.4372278e+01
  -2.1281387e+01
  -2.7012066e+01
  -2.9307201e+01
  -3.7106258e+01
  -2.5973896e+01
  -4.5581811e+01
  -2.2503683e+01
  -2.4518164e+01
  -3.9621723e+01
  -3.4406969e+01
  -2.5146647e+01
  -2.8393444e+01
  -2.1716767e+01
  -1.9305348e+01
  -1.8421840e+01
  -1.9626552e+01
  -2.4569218e+01
  -2.3470900e+01
  -2.3361185e+01
  -3.0169811e+01
  -1.8187308e+01
  -1.8177078e+01
  -1.8235109e+01
  -1.4196035e+01
  -1.6667779e+01
  -2.1044477e+01
  -1.8690138e+01
  -1.8621870e+01
  -2.0004364e+01
  -1.8258043e+01
  -2.6084755e+01
  -2.5094668e+01
  -2.3473363e+01
  -2.2689088e+01
  -2.1023509e+01
  -2.2985750e+01
  -2.1191154e+01
  -1.5999509e+01
  -1.7098577e+01
  -2.1846023e+01
  -2.1732223e+01
  -2.8108192e+01
  -2.9342854e+01
  -2.0661370e+01
  -2.1039457e+01
  -3.1750166e+01
  -2.0777016e+01
  -2.3838986e+01
  -2.6642447e+01
  -3.8850548e+01
  -2.5675322e+01
  -3.1560276e+01
  -1.9413221e+01
  -1.9912023e+01
  -2.4366674e+01
  -2.4209311e+01
  -3.0161193e+01
  -3.1004175e+01
  -2.2977203e+01
  -3.1830360e+01
  -2.2378364e+01
  -1.8731207e+01
  -1.7861500e+01
  -1.8172091e+01
  -2.1843637e+01
  -1.7146310e+01
  -1.4998645e+01
  -1.8990018e+01
  -1.7071743e+01
  -1.5047968e+01
  -1.7972157e+01
  -1.6633695e+01
  -1.9739324e+01
  -3.0157538e+01
  -2.8479049e+01
  -2.2869739e+01
  -2.0771181e+01
  -1.7879264e+01
  -2.0582307e+01
  -2.8756547e+01
  -2.8541395e+01
  -3.4307464e+01
  -2.9044654e+01
  -2.3777017e+01
  -3.0896139e+01
  -2.9605430e+01
  -2.8393444e+01
  -2.1761309e+01
  -2.2463432e+01
  -2.9783250e+01
  -2.1342867e+01
  -1.7875302e+01
  -1.9375027e+01
  -1.9253785e+01
  -1.6513806e+01
  -2.0069852e+01
  -1.7211867e+01
  -2.0238053e+01
  -1.8134742e+01
  -1.4455146e+01
  -1.5338005e+01
  -1.6898845e+01
  -1.8258144e+01
  -1.6655412e+01
  -1.2786030e+01
  -1.2483015e+01
  -1.2491730e+01
  -1.1396462e+01
  -1.2779008e+01
  -1.4860758e+01
  -1.4518286e+01
  -1.7065601e+01
  -1.8076749e+01
  -1.5205265e+01
  -1.7367416e+01
  -2.4472112e+01
  -3.4274167e+01
  -2.4699810e+01
  -2.5227005e+01
  -3.0347965e+01
  -1.9263727e+01
  -1.6877486e+01
  -2.1830362e+01
  -2.3092108e+01
  -2.1100454e+01
  -2.5223960e+01
  -2.2037062e+01
  -1.8333108e+01
  -1.7656065e+01
  -1.6974877e+01
  -1.8990336e+01
  -1.9422615e+01
  -1.9475749e+01
  -2.2286732e+01
  -2.1736075e+01
  -1.8547250e+01
  -2.2247767e+01
  -2.4077759e+01
  -2.2129042e+01
  -3.0692645e+01
  -3.1856587e+01
  -1.9983929e+01
  -1.9892727e+01
  -2.2323412e+01
  -1.6645160e+01
  -2.0697757e+01
  -2.7267395e+01
  -2.4720005e+01
  -2.4608977e+01
  -2.2463240e+01
  -1.6198270e+01
  -1.6672212e+01
  -2.2454612e+01
  -2.1095664e+01
  -2.5219336e+01
  -3.0300373e+01
  -3.5072415e+01
  -3.0947196e+01
  -2.5107268e+01
  -2.7481219e+01
  -2.7415793e+01
  -2.5074052e+01
  -2.5990323e+01
  -2.2446273e+01
  -1.8135879e+01
  -1.8002690e+01
  -2.0201186e+01
  -1.9882717e+01
  -2.2960347e+01
  -2.7803942e+01
  -2.5569785e+01
  -2.6855655e+01
  -3.8176767e+01
  -2.4876290e+01
  -2.4844367e+01
  -2.2966397e+01
  -2.2020577e+01
  -2.4003787e+01
  -3.0549161e+01
  -2.4213340e+01
  -2.4352387e+01
  -2.0376647e+01
  -1.7033739e+01
  -1.7575588e+01
  -1.6773050e+01
  -1.4662828e+01
  -1.4716566e+01
  -1.1843036e+01
  -1.0844188e+01
  -1.3431763e+01
  -1.5022533e+01
  -1.4720023e+01
  -1.7344976e+01
  -1.7301949e+01
  -1.5606487e+01
  -1.8205874e+01
  -1.9081454e+01
  -2.3273070e+01
  -2.1858059e+01
  -1.9376001e+01
  -2.1015757e+01
  -2.1495679e+01
  -2.2152232e+01
  -2.6746319e+01
  -2.2277564e+01
  -2.5845334e+01
  -2.7179301e+01
  -1.9580766e+01
  -1.9629709e+01
  -2.0769168e+01
  -2.0499160e+01
  -2.0820420e+01
  -1.9191394e+01
  -1.9453375e+01
  -2.4740584e+01
  -2.9574390e+01
  -2.6462320e+01
  -2.5505646e+01
  -1.9334754e+01
  -1.7735910e+01
  -2.6261120e+01
  -2.5695351e+01
  -2.1451278e+01
  -2.2729054e+01
  -2.1166158e+01
  -1.9904889e+01
  -2.7684044e+01
  -2.6940597e+01
  -2.4576026e+01
  -3.4167730e+01
  -2.4919763e+01
  -2.1158633e+01
  -1.8977064e+01
  -1.7304420e+01
  -1.9229670e+01
  -2.0068533e+01
  -1.8675732e+01
  -2.2209623e+01
  -2.5834565e+01
  -2.2480148e+01
  -2.5150205e+01
  -2.8470047e+01
  -2.0993899e+01
  -1.9052932e+01
  -2.1351268e+01
  -2.3961193e+01
  -2.2039374e+01
  -2.9542655e+01
  -2.8403831e+01
  -3.3848781e+01
  -3.6548164e+01
  -4.2398038e+01
  -4.4190804e+01
  -3.1798116e+01
  -2.6307451e+01
  -3.9957887e+01
  -2.6017963e+01
  -2.7078652e+01
  -2.7268089e+01
  -2.4460612e+01
  -2.5880215e+01
  -2.2332970e+01
  -1.6348598e+01
  -1.7380685e+01
  -2.5384597e+01
  -2.3962697e+01
  -2.5118438e+01
  -2.8517064e+01
  -3.0876376e+01
  -2.1566908e+01
  -1.9090276e+01
  -1.8028455e+01
  -1.6412615e+01
  -1.3839137e+01
  -1.4632698e+01
  -1.7829846e+01
  -2.3487694e+01
  -3.4592432e+01
  -3.3176138e+01
  -2.8259014e+01
  -3.6048058e+01
  -2.3220208e+01
  -2.3025748e+01
  -1.9911136e+01
  -1.9759931e+01
  -2.9294667e+01
  -2.8596897e+01
  -2.3581480e+01
  -2.2466316e+01
  -2.1742883e+01
  -2.0616660e+01
  -2.7532058e+01
  -3.4019490e+01
  -3.2087091e+01
  -3.4247606e+01
  -4.5913762e+01
  -3.0365806e+01
  -2.4367811e+01
  -2.3066062e+01
  -2.3081959e+01
  -1.8039973e+01
  -1.8893655e+01
  -2.3222654e+01
  -2.4839633e+01
  -2.6772929e+01
  -2.6356281e+01
  -2.0812767e+01
  -1.9349037e+01
  -1.9169562e+01
  -2.4005840e+01
  -3.1380377e+01
  -2.6214061e+01
  -3.6441130e+01
