   3.1415927e+00
   1.6784493e+00
   4.5168197e-01
   1.7128985e+00
  -2.3230148e-01
   2.1458374e+00
   1.0523311e+00
   1.8931419e+00
   7.0151192e-01
   1.2232065e+00
  -2.9995306e-02
  -1.7112780e+00
  -7.4032528e-01
  -2.3348923e+00
  -3.1651629e+00
  -3.0909142e+00
  -4.0759737e+00
  -4.0867513e+00
  -4.5935013e+00
  -5.2104127e+00
  -4.9628641e+00
  -5.7159360e+00
  -6.5695871e+00
  -7.2577308e+00
  -7.5783786e+00
  -8.1521526e+00
  -8.8709295e+00
  -9.4718938e+00
  -1.0083603e+01
  -1.0588455e+01
  -1.1184269e+01
  -1.1935949e+01
  -1.2581524e+01
  -1.3260911e+01
  -1.4053008e+01
  -1.4801534e+01
  -1.5563456e+01
  -1.6373709e+01
  -1.7160026e+01
  -1.8007252e+01
  -1.8962674e+01
  -1.9946039e+01
  -2.0910028e+01
  -2.1850721e+01
  -2.2722923e+01
  -2.3509802e+01
  -2.4301217e+01
  -2.5032503e+01
  -2.5679954e+01
  -2.6460770e+01
  -2.6771195e+01
  -2.6754344e+01
  -2.7673366e+01
  -2.8577044e+01
  -2.9337293e+01
  -3.0119293e+01
  -3.0858423e+01
  -3.1520750e+01
  -3.2162275e+01
  -3.2676531e+01
  -3.3361479e+01
  -3.4104983e+01
  -3.4576651e+01
  -3.5171798e+01
  -3.5776357e+01
  -3.6253498e+01
  -3.6903156e+01
  -3.7502646e+01
  -3.8092985e+01
  -3.8574833e+01
  -3.9043289e+01
  -3.9730247e+01
  -4.0316772e+01
  -4.1200539e+01
  -4.2346091e+01
  -4.0763950e+01
  -4.1672009e+01
  -4.2315411e+01
  -4.2920154e+01
  -4.3445420e+01
  -4.3828120e+01
  -4.4619361e+01
  -4.5350793e+01
  -4.6061858e+01
  -4.6906839e+01
  -4.7665382e+01
  -4.8455819e+01
  -4.9294377e+01
  -4.9879244e+01
  -5.0598357e+01
  -5.1348455e+01
  -5.1396676e+01
  -5.2149805e+01
  -5.2124132e+01
  -5.2974952e+01
  -5.3937025e+01
  -5.4077212e+01
  -5.5011028e+01
  -5.5119678e+01
  -5.5876089e+01
  -5.8305062e+01
  -6.0122449e+01
  -6.0222962e+01
  -6.1123139e+01
  -6.1179208e+01
  -6.1829703e+01
  -6.3023883e+01
  -6.3129547e+01
  -6.3646216e+01
  -6.4319566e+01
  -6.4700025e+01
  -6.5641827e+01
  -6.5808779e+01
  -6.6327395e+01
  -6.6914282e+01
  -6.7162050e+01
  -6.7819059e+01
  -6.8202294e+01
  -6.8705809e+01
  -6.9229875e+01
  -6.9731535e+01
  -7.0411101e+01
  -7.1001784e+01
  -7.1688830e+01
  -7.2467705e+01
  -7.3292216e+01
  -7.4246891e+01
  -7.5255545e+01
  -7.6176607e+01
  -7.6964500e+01
  -7.7669359e+01
  -7.8260166e+01
  -7.8820278e+01
  -7.9401703e+01
  -8.0009745e+01
  -8.0645511e+01
  -8.1204138e+01
  -8.1827531e+01
  -8.2465850e+01
  -8.2956277e+01
  -8.3531953e+01
  -8.4190621e+01
  -8.4880670e+01
  -8.5485565e+01
  -8.5969114e+01
  -8.6613753e+01
  -8.7204069e+01
  -8.7746627e+01
  -8.8409783e+01
  -8.8880177e+01
  -8.9464678e+01
  -9.0160366e+01
  -9.0671362e+01
  -9.1230650e+01
  -9.1731637e+01
  -9.2270688e+01
  -9.2815511e+01
  -9.3278232e+01
  -9.3828801e+01
  -9.4311347e+01
  -9.4988734e+01
  -9.5666073e+01
  -9.6164064e+01
  -9.6837338e+01
  -9.7380188e+01
  -9.7994147e+01
  -9.8730325e+01
  -9.9402156e+01
  -1.0027376e+02
  -1.0120990e+02
  -1.0186457e+02
  -1.0262770e+02
  -1.0348010e+02
  -1.0408860e+02
  -1.0484337e+02
  -1.0480398e+02
  -1.0543274e+02
  -1.0640399e+02
  -1.0624990e+02
  -1.0752721e+02
  -1.0940075e+02
  -1.0990351e+02
  -1.1054262e+02
  -1.1131964e+02
  -1.1144076e+02
  -1.1260783e+02
  -1.1072620e+02
  -1.1182149e+02
  -1.1197849e+02
  -1.1308571e+02
  -1.1471512e+02
  -1.1534864e+02
  -1.1632825e+02
  -1.1745791e+02
  -1.1721251e+02
  -1.1808362e+02
  -1.1851799e+02
  -1.1857981e+02
  -1.1995341e+02
  -1.1774408e+02
  -1.1800713e+02
  -1.1853392e+02
  -1.2006999e+02
  -1.2118517e+02
  -1.2179581e+02
  -1.2253411e+02
  -1.2307879e+02
  -1.2375368e+02
  -1.2457570e+02
  -1.2532465e+02
  -1.2618413e+02
  -1.2705438e+02
  -1.2773342e+02
  -1.2847867e+02
  -1.2915279e+02
  -1.2974012e+02
  -1.3045953e+02
  -1.3089764e+02
  -1.3141093e+02
  -1.3211720e+02
  -1.3265801e+02
  -1.3340410e+02
  -1.3411149e+02
  -1.3467378e+02
  -1.3536174e+02
  -1.3592818e+02
  -1.3664664e+02
  -1.3752342e+02
  -1.3828255e+02
  -1.3904288e+02
  -1.3985633e+02
  -1.4044952e+02
  -1.4107751e+02
  -1.4142489e+02
  -1.4178367e+02
  -1.4194088e+02
  -1.4234451e+02
  -1.4312051e+02
  -1.4351246e+02
  -1.4429415e+02
  -1.4486002e+02
  -1.4436395e+02
  -1.4556251e+02
  -1.4601344e+02
  -1.4672787e+02
  -1.4729898e+02
  -1.4734309e+02
  -1.4822814e+02
  -1.4886120e+02
  -1.4948293e+02
  -1.5018571e+02
  -1.5071416e+02
  -1.5166256e+02
  -1.5274291e+02
  -1.5361828e+02
  -1.5449025e+02
  -1.5498031e+02
  -1.5507966e+02
  -1.5561548e+02
  -1.5599462e+02
  -1.5697012e+02
  -1.5796985e+02
  -1.5842733e+02
  -1.5984041e+02
  -1.6086418e+02
  -1.6057095e+02
  -1.6164699e+02
  -1.6110634e+02
  -1.6217726e+02
  -1.6138591e+02
  -1.6193941e+02
  -1.6242409e+02
  -1.6217158e+02
  -1.6507488e+02
  -1.6774778e+02
  -1.6938050e+02
  -1.6763605e+02
  -1.6519657e+02
  -1.6726387e+02
  -1.6842472e+02
  -1.6812240e+02
  -1.6925970e+02
  -1.7219623e+02
  -1.7362275e+02
  -1.7411549e+02
  -1.7534153e+02
  -1.7651439e+02
  -1.7744153e+02
  -1.7887840e+02
  -1.8011134e+02
  -1.8041716e+02
  -1.8126791e+02
  -1.8240553e+02
  -1.8307593e+02
  -1.8424277e+02
  -1.8564684e+02
  -1.8654361e+02
  -1.8708214e+02
  -1.8711044e+02
  -1.8616206e+02
  -1.8678512e+02
  -1.8732360e+02
  -1.8835754e+02
  -1.8911152e+02
  -1.9047001e+02
  -1.9198404e+02
  -1.9296595e+02
  -1.9314459e+02
  -1.9444513e+02
  -1.9745412e+02
  -1.9802135e+02
  -1.9870250e+02
  -1.9964445e+02
  -2.0017583e+02
  -2.0105487e+02
  -2.0221531e+02
  -2.0283334e+02
  -2.0360226e+02
  -2.0460623e+02
  -2.0523258e+02
  -2.0594133e+02
  -2.0673439e+02
  -2.0726974e+02
  -2.0813861e+02
  -2.0896359e+02
  -2.0967739e+02
  -2.1074295e+02
  -2.1082024e+02
  -2.1160905e+02
  -2.1255886e+02
  -2.1161840e+02
  -2.1246403e+02
  -2.1264748e+02
  -2.1362666e+02
  -2.1465228e+02
  -2.1513870e+02
  -2.1672816e+02
  -2.1806816e+02
  -2.1824621e+02
  -2.1922147e+02
  -2.2175073e+02
  -2.2417547e+02
  -2.2418990e+02
  -2.2520960e+02
  -2.2698852e+02
  -2.2934094e+02
  -2.2979889e+02
  -2.3110771e+02
  -2.3262314e+02
  -2.3370929e+02
  -2.3456105e+02
  -2.3599367e+02
  -2.3663062e+02
  -2.3678183e+02
  -2.3790951e+02
  -2.3865798e+02
  -2.3947176e+02
  -2.4134183e+02
  -2.4179291e+02
  -2.4221981e+02
  -2.4335271e+02
  -2.4359334e+02
  -2.4456228e+02
  -2.4606236e+02
  -2.4716386e+02
  -2.4804418e+02
  -2.4917901e+02
  -2.4957499e+02
  -2.5032246e+02
  -2.5139650e+02
  -2.5036346e+02
  -2.5274958e+02
  -2.5525347e+02
  -2.5663656e+02
  -2.5598556e+02
  -2.5780960e+02
  -2.5997473e+02
  -2.6108145e+02
  -2.6211638e+02
  -2.6348684e+02
  -2.6521712e+02
  -2.6355218e+02
  -2.6111859e+02
  -2.6281621e+02
  -2.6077766e+02
  -2.6228355e+02
  -2.6325360e+02
  -2.6521993e+02
  -2.6721487e+02
  -2.6862393e+02
  -2.6878653e+02
  -2.6860412e+02
  -2.6684954e+02
  -2.6801733e+02
  -2.6874277e+02
  -2.6936624e+02
  -2.7049006e+02
  -2.7151032e+02
  -2.7263750e+02
  -2.7393846e+02
  -2.7470361e+02
  -2.7521641e+02
  -2.7656255e+02
  -2.7948787e+02
  -2.8133992e+02
  -2.8155029e+02
  -2.8295503e+02
  -2.8521417e+02
  -2.8643422e+02
  -2.8641085e+02
  -2.8766119e+02
  -2.8815475e+02
  -2.8813994e+02
  -2.8643969e+02
  -2.8780424e+02
  -2.8909970e+02
  -2.8971448e+02
  -2.9135461e+02
  -2.9372060e+02
  -2.9618958e+02
  -2.9827476e+02
  -2.9917453e+02
  -3.0013810e+02
  -3.0128468e+02
  -3.0069953e+02
  -3.0214017e+02
  -2.9945987e+02
  -3.0236299e+02
  -3.0495484e+02
  -3.0662683e+02
  -3.0580058e+02
  -3.0716298e+02
  -3.0917621e+02
  -3.0792377e+02
  -3.1022859e+02
  -3.1161874e+02
  -3.1241588e+02
  -3.1336537e+02
  -3.1450010e+02
  -3.1503365e+02
  -3.1613432e+02
  -3.1741207e+02
  -3.1796458e+02
  -3.1878291e+02
  -3.1976213e+02
  -3.2042839e+02
  -3.2178225e+02
  -3.2358979e+02
  -3.2391277e+02
  -3.2479499e+02
  -3.2656111e+02
  -3.2415854e+02
  -3.2579236e+02
  -3.2401552e+02
  -3.2513192e+02
  -3.2527396e+02
  -3.2659201e+02
  -3.2836776e+02
  -3.2971019e+02
  -3.3053901e+02
  -3.3167060e+02
  -3.3200787e+02
  -3.3183613e+02
  -3.3316093e+02
  -3.3455922e+02
  -3.3615325e+02
  -3.3764382e+02
  -3.3931329e+02
  -3.3654844e+02
  -3.3649213e+02
  -3.3749755e+02
  -3.3861632e+02
  -3.3763634e+02
  -3.3879865e+02
  -3.3769444e+02
  -3.4010101e+02
  -3.4255671e+02
  -3.4368102e+02
  -3.4405874e+02
  -3.4516066e+02
  -3.4651659e+02
  -3.4633354e+02
  -3.4832368e+02
  -3.4961708e+02
  -3.4994126e+02
  -3.5095312e+02
  -3.5239648e+02
  -3.5464050e+02
  -3.5544057e+02
  -3.5678392e+02
  -3.5874937e+02
  -3.5595658e+02
  -3.5636312e+02
  -3.5650640e+02
  -3.5719190e+02
  -3.5638149e+02
  -3.5650975e+02
  -3.5667950e+02
  -3.5804880e+02
  -3.5918895e+02
  -3.5950547e+02
  -3.6116441e+02
  -3.6130776e+02
  -3.6160661e+02
  -3.6248760e+02
  -3.6270486e+02
  -3.6369186e+02
  -3.6462267e+02
  -3.6512430e+02
  -3.6646250e+02
  -3.6767638e+02
  -3.6787557e+02
  -3.6910787e+02
  -3.7063030e+02
  -3.6854057e+02
  -3.6933467e+02
  -3.6984244e+02
  -3.7137969e+02
  -3.7402494e+02
  -3.7511754e+02
  -3.7552075e+02
  -3.7757899e+02
  -3.7941908e+02
  -3.8008986e+02
  -3.8107597e+02
  -3.8218372e+02
  -3.8243331e+02
  -3.8343080e+02
  -3.8530863e+02
  -3.8757212e+02
  -3.8598635e+02
  -3.8750820e+02
  -3.8683500e+02
  -3.8731625e+02
  -3.8711736e+02
  -3.8815837e+02
  -3.8894568e+02
  -3.8898375e+02
  -3.9030897e+02
  -3.9073738e+02
  -3.9123635e+02
  -3.9275663e+02
  -3.9395478e+02
  -3.9409673e+02
  -3.9368912e+02
  -3.9444106e+02
  -3.9538610e+02
  -3.9618405e+02
  -3.9745032e+02
  -3.9896227e+02
  -3.9968813e+02
  -3.9977976e+02
  -4.0090881e+02
  -3.9988520e+02
  -4.0094384e+02
  -3.9961129e+02
  -4.0101602e+02
  -4.0255020e+02
  -4.0433008e+02
  -4.0570292e+02
  -4.0711012e+02
  -4.0900090e+02
  -4.0629745e+02
  -4.0536682e+02
  -4.0657416e+02
  -4.0550051e+02
  -4.0637972e+02
  -4.0725784e+02
  -4.0730369e+02
  -4.0889408e+02
  -4.1179369e+02
  -4.1217293e+02
  -4.1263976e+02
  -4.1395199e+02
  -4.1451598e+02
  -4.1521749e+02
  -4.1747487e+02
  -4.1874061e+02
  -4.1968287e+02
  -4.2093892e+02
  -4.2274838e+02
  -4.2425327e+02
  -4.2472753e+02
  -4.2628311e+02
  -4.2910799e+02
  -4.3113055e+02
  -4.3067889e+02
  -4.3153514e+02
  -4.3133290e+02
  -4.3226683e+02
  -4.3358649e+02
  -4.3230159e+02
  -4.3410001e+02
  -4.3606894e+02
  -4.3686257e+02
  -4.3766702e+02
  -4.3868230e+02
  -4.3887296e+02
  -4.4016378e+02
  -4.3710535e+02
  -4.3907749e+02
  -4.3702466e+02
  -4.3840358e+02
  -4.3881446e+02
  -4.3992624e+02
  -4.4191289e+02
  -4.4338835e+02
  -4.4390111e+02
  -4.4464226e+02
  -4.4482268e+02
  -4.4504536e+02
  -4.4572660e+02
  -4.4657794e+02
  -4.4875368e+02
  -4.5029287e+02
  -4.5109873e+02
  -4.5113253e+02
  -4.5263226e+02
  -4.4950660e+02
  -4.5074012e+02
  -4.5120371e+02
  -4.5271188e+02
  -4.5031791e+02
  -4.5344800e+02
  -4.5561614e+02
  -4.5674253e+02
  -4.5696922e+02
  -4.5809201e+02
  -4.5923547e+02
  -4.5869193e+02
  -4.6044434e+02
  -4.6187632e+02
  -4.6222491e+02
  -4.6315586e+02
  -4.6378030e+02
  -4.6439823e+02
  -4.6596077e+02
  -4.6823572e+02
  -4.6918884e+02
  -4.7005750e+02
  -4.7162954e+02
  -4.7306875e+02
  -4.7384811e+02
  -4.7487476e+02
  -4.7558288e+02
  -4.7619670e+02
  -4.7747498e+02
  -4.7928524e+02
  -4.7912580e+02
  -4.8121218e+02
  -4.8280278e+02
  -4.8169179e+02
  -4.8361562e+02
  -4.8666362e+02
  -4.8836565e+02
  -4.8705835e+02
  -4.8837604e+02
  -4.8768941e+02
  -4.8844759e+02
  -4.8898025e+02
  -4.8906688e+02
  -4.9058420e+02
  -4.8867282e+02
  -4.9165175e+02
  -4.9473527e+02
  -4.9761609e+02
  -4.9961236e+02
  -5.0032682e+02
  -5.0080641e+02
  -5.0187836e+02
  -5.0273310e+02
  -5.0371514e+02
  -5.0509071e+02
  -5.0594913e+02
  -5.0644242e+02
  -5.0738719e+02
  -5.0718663e+02
  -5.0860103e+02
  -5.0571748e+02
  -5.0730814e+02
  -5.0787251e+02
  -5.0836464e+02
  -5.0995320e+02
  -5.1073361e+02
  -5.1134521e+02
  -5.1257220e+02
  -5.1325998e+02
  -5.1377009e+02
  -5.1443812e+02
  -5.1467841e+02
  -5.1590087e+02
  -5.1724341e+02
  -5.1825283e+02
  -5.1934474e+02
  -5.2052841e+02
  -5.2145955e+02
  -5.2265666e+02
  -5.2420287e+02
  -5.2480091e+02
  -5.2528455e+02
  -5.2652699e+02
  -5.2634806e+02
  -5.2651183e+02
  -5.2674369e+02
  -5.2725141e+02
  -5.2921022e+02
  -5.3071579e+02
  -5.3138198e+02
  -5.3223055e+02
  -5.3301450e+02
  -5.3367386e+02
  -5.3541052e+02
  -5.3732480e+02
  -5.3746248e+02
  -5.3792431e+02
  -5.3772659e+02
  -5.3860924e+02
  -5.3970039e+02
  -5.3838447e+02
  -5.3843940e+02
  -5.3867044e+02
  -5.4023655e+02
  -5.4295119e+02
  -5.4425488e+02
  -5.4403137e+02
  -5.4543435e+02
  -5.4395314e+02
  -5.4523550e+02
  -5.4618281e+02
  -5.4627105e+02
  -5.4728185e+02
  -5.4801638e+02
  -5.4952796e+02
  -5.5100432e+02
  -5.5206549e+02
  -5.5223084e+02
  -5.5453541e+02
  -5.5694148e+02
  -5.5800534e+02
  -5.5751581e+02
  -5.5927397e+02
  -5.6155459e+02
  -5.6211266e+02
  -5.6308577e+02
  -5.6443315e+02
  -5.6266015e+02
  -5.6364823e+02
  -5.6373690e+02
  -5.6482697e+02
  -5.6266348e+02
  -5.6385019e+02
  -5.6358720e+02
  -5.6478380e+02
  -5.6658419e+02
  -5.6813770e+02
  -5.6875081e+02
  -5.6977957e+02
  -5.7050262e+02
  -5.7122734e+02
  -5.7263935e+02
  -5.7419139e+02
  -5.7494088e+02
  -5.7603601e+02
  -5.7707707e+02
  -5.7699827e+02
  -5.7865977e+02
  -5.8126667e+02
  -5.8047582e+02
  -5.8130644e+02
  -5.8225558e+02
  -5.8285431e+02
  -5.8395916e+02
  -5.8526395e+02
  -5.8540865e+02
  -5.8699586e+02
  -5.8820025e+02
  -5.8884792e+02
  -5.8963566e+02
  -5.9000069e+02
  -5.8908970e+02
  -5.8892739e+02
  -5.8890976e+02
  -5.8893278e+02
  -5.8940247e+02
  -5.9047786e+02
  -5.8863348e+02
  -5.8874060e+02
  -5.8961465e+02
  -5.9121593e+02
  -5.8846413e+02
  -5.9032954e+02
  -5.8757156e+02
  -5.8822831e+02
  -5.8857801e+02
  -5.8972688e+02
  -5.8965670e+02
  -5.9031717e+02
  -5.9138237e+02
  -5.9200157e+02
  -5.9330525e+02
  -5.9390802e+02
  -5.9403252e+02
  -5.9512689e+02
  -5.9549853e+02
  -5.9615911e+02
  -5.9721640e+02
  -5.9594697e+02
  -5.9732235e+02
  -5.9750098e+02
  -5.9890360e+02
  -6.0022218e+02
  -6.0023189e+02
  -6.0121467e+02
  -6.0222515e+02
  -6.0194712e+02
  -6.0305210e+02
  -6.0302569e+02
  -6.0359447e+02
  -6.0514091e+02
  -6.0600582e+02
  -6.0679610e+02
  -6.0766742e+02
  -6.0760832e+02
  -6.0881557e+02
  -6.1047946e+02
  -6.1230839e+02
  -6.1309317e+02
  -6.1472083e+02
  -6.1660362e+02
  -6.1853081e+02
  -6.1883403e+02
  -6.1956791e+02
  -6.1969909e+02
  -6.2070371e+02
  -6.1758689e+02
  -6.1994343e+02
  -6.2153158e+02
  -6.1987420e+02
  -6.2157304e+02
  -6.1985057e+02
  -6.2163028e+02
  -6.2358975e+02
  -6.2473908e+02
  -6.2560943e+02
  -6.2641240e+02
  -6.2615168e+02
  -6.2681693e+02
  -6.2660990e+02
  -6.2729259e+02
  -6.2631542e+02
  -6.2754679e+02
  -6.2943023e+02
  -6.3177671e+02
  -6.3121823e+02
  -6.3256295e+02
  -6.3357668e+02
  -6.3373029e+02
  -6.3406066e+02
  -6.3435767e+02
  -6.3575409e+02
  -6.3696163e+02
  -6.3736628e+02
  -6.3858405e+02
  -6.3987775e+02
  -6.3984266e+02
  -6.4000509e+02
  -6.4105235e+02
  -6.4267708e+02
  -6.4414460e+02
  -6.4497757e+02
  -6.4519575e+02
  -6.4431990e+02
  -6.4487308e+02
  -6.4621384e+02
  -6.4722923e+02
  -6.4717898e+02
  -6.5030493e+02
  -6.5234012e+02
  -6.5544915e+02
  -6.5746186e+02
  -6.5776800e+02
  -6.5833443e+02
  -6.5957249e+02
  -6.5988093e+02
  -6.6097296e+02
  -6.6222797e+02
  -6.6293649e+02
  -6.6380789e+02
  -6.6471393e+02
  -6.6506022e+02
  -6.6594748e+02
  -6.6712106e+02
  -6.6805486e+02
  -6.6915517e+02
  -6.6968185e+02
  -6.7029019e+02
  -6.7137133e+02
  -6.7150461e+02
  -6.7223775e+02
  -6.7400576e+02
  -6.7537786e+02
  -6.7598507e+02
  -6.7705846e+02
  -6.7737275e+02
  -6.7759032e+02
  -6.7892255e+02
  -6.7854864e+02
  -6.8061539e+02
  -6.8245891e+02
  -6.8349873e+02
  -6.8387049e+02
  -6.8584931e+02
  -6.8835585e+02
  -6.8963290e+02
  -6.8967488e+02
  -6.9132846e+02
  -6.9367004e+02
  -6.9440604e+02
  -6.9466474e+02
  -6.9601315e+02
  -6.9666244e+02
  -6.9581933e+02
  -6.9589567e+02
  -6.9681281e+02
  -6.9825101e+02
  -6.9927103e+02
  -7.0039943e+02
  -7.0183866e+02
  -7.0052824e+02
  -7.0196915e+02
  -7.0317817e+02
  -7.0296214e+02
  -7.0014264e+02
  -7.0228917e+02
  -7.0524448e+02
  -7.0727137e+02
  -7.0853925e+02
  -7.0773186e+02
  -7.0736963e+02
  -7.0791681e+02
  -7.0938208e+02
  -7.1233339e+02
  -7.0970188e+02
  -7.0692586e+02
  -7.0860865e+02
  -7.0945128e+02
  -7.0938238e+02
  -7.1167326e+02
  -7.1366506e+02
  -7.1379534e+02
  -7.1451125e+02
  -7.1570312e+02
  -7.1603127e+02
  -7.1553959e+02
  -7.1508631e+02
  -7.1643190e+02
  -7.1940732e+02
  -7.1871974e+02
  -7.1986271e+02
  -7.2065828e+02
  -7.2143421e+02
  -7.2289876e+02
  -7.1980473e+02
  -7.2071037e+02
  -7.2060046e+02
  -7.2196160e+02
  -7.2282178e+02
  -7.2237984e+02
  -7.2395791e+02
  -7.2478525e+02
  -7.2569691e+02
  -7.2690763e+02
  -7.2749804e+02
  -7.2788815e+02
  -7.2877075e+02
  -7.2930703e+02
  -7.3036669e+02
  -7.3122655e+02
  -7.3149132e+02
  -7.3242404e+02
  -7.3334507e+02
  -7.3448374e+02
  -7.3624350e+02
  -7.3843803e+02
  -7.3821758e+02
  -7.3961411e+02
  -7.4149231e+02
  -7.4365191e+02
  -7.4332249e+02
  -7.4459520e+02
  -7.4572959e+02
  -7.4609697e+02
  -7.4700128e+02
  -7.4508742e+02
  -7.4655908e+02
  -7.4550919e+02
  -7.4703814e+02
  -7.4960154e+02
  -7.5081291e+02
  -7.5115896e+02
  -7.5213553e+02
  -7.5293269e+02
  -7.5367563e+02
  -7.5564953e+02
  -7.5747085e+02
  -7.5826167e+02
  -7.5889219e+02
  -7.5997624e+02
  -7.6048524e+02
  -7.6151426e+02
  -7.6309828e+02
  -7.6410680e+02
  -7.6469568e+02
  -7.6551235e+02
  -7.6584424e+02
  -7.6663394e+02
  -7.6498282e+02
  -7.6656316e+02
  -7.6840516e+02
  -7.6869741e+02
  -7.6948000e+02
  -7.7077566e+02
  -7.7110985e+02
  -7.7184374e+02
  -7.7310088e+02
  -7.7278648e+02
  -7.7409586e+02
  -7.7556476e+02
  -7.7533120e+02
  -7.7651727e+02
  -7.7662402e+02
  -7.7648868e+02
  -7.7762872e+02
  -7.7870078e+02
  -7.8007664e+02
  -7.8161852e+02
  -7.8274346e+02
  -7.8359709e+02
  -7.8452387e+02
  -7.8509990e+02
  -7.8632993e+02
  -7.8804665e+02
  -7.8909621e+02
  -7.8979392e+02
  -7.9102368e+02
  -7.9285401e+02
  -7.9065419e+02
  -7.9213933e+02
  -7.9124569e+02
  -7.9350824e+02
  -7.9552733e+02
  -7.9638904e+02
  -7.9624787e+02
  -7.9822947e+02
  -7.9537005e+02
  -7.9729336e+02
  -7.9516253e+02
  -7.9667308e+02
  -7.9545943e+02
  -7.9650337e+02
  -7.9610751e+02
  -7.9805604e+02
  -7.9491950e+02
  -7.9622865e+02
  -7.9655941e+02
  -7.9762910e+02
  -7.9465714e+02
  -7.9617941e+02
  -7.9569021e+02
  -7.9490358e+02
  -7.9517230e+02
  -7.9651958e+02
  -7.9896675e+02
  -7.9597482e+02
  -7.9726926e+02
  -7.9497346e+02
  -7.9515282e+02
  -7.9620618e+02
  -7.9737853e+02
  -7.9837372e+02
  -7.9954070e+02
  -8.0076409e+02
  -8.0162042e+02
  -8.0253150e+02
  -8.0370274e+02
  -8.0346897e+02
  -8.0500964e+02
  -8.0698112e+02
  -8.0765286e+02
  -8.0776477e+02
  -8.0747646e+02
  -8.0819922e+02
  -8.0935028e+02
  -8.0877761e+02
  -8.0928177e+02
  -8.0935622e+02
  -8.0994359e+02
  -8.0699202e+02
  -8.0906781e+02
  -8.1055103e+02
  -8.1027449e+02
  -8.1198456e+02
  -8.1319607e+02
  -8.1381503e+02
  -8.1487488e+02
  -8.1582835e+02
  -8.1609029e+02
  -8.1715915e+02
  -8.1819005e+02
  -8.1851128e+02
  -8.1951566e+02
  -8.2034506e+02
  -8.2018810e+02
  -8.2066351e+02
  -8.2160974e+02
  -8.2284567e+02
  -8.2403890e+02
  -8.2480283e+02
  -8.2620281e+02
  -8.2404780e+02
  -8.2545393e+02
  -8.2631690e+02
  -8.2698433e+02
  -8.2799899e+02
  -8.2860186e+02
  -8.2887092e+02
  -8.3029663e+02
  -8.3162273e+02
  -8.3239250e+02
  -8.3329822e+02
  -8.3418627e+02
  -8.3453240e+02
  -8.3576042e+02
  -8.3315021e+02
  -8.3449094e+02
  -8.3549276e+02
  -8.3328123e+02
  -8.3344868e+02
  -8.3248382e+02
  -8.3325605e+02
  -8.3421366e+02
  -8.3384954e+02
  -8.3474921e+02
  -8.3557979e+02
  -8.3654461e+02
  -8.3839224e+02
  -8.3922930e+02
  -8.3967349e+02
  -8.4103476e+02
  -8.4392811e+02
  -8.4607337e+02
  -8.4526676e+02
  -8.4677393e+02
  -8.4376266e+02
  -8.4588403e+02
  -8.4702437e+02
  -8.4606275e+02
  -8.4764585e+02
  -8.4994926e+02
  -8.5051803e+02
  -8.5148708e+02
  -8.5228180e+02
  -8.5256054e+02
  -8.5340148e+02
  -8.5333496e+02
  -8.5427462e+02
  -8.5595520e+02
  -8.5716668e+02
  -8.5796052e+02
  -8.5891867e+02
  -8.5828204e+02
  -8.5892880e+02
  -8.5843545e+02
  -8.5919901e+02
  -8.5953804e+02
  -8.6005081e+02
  -8.6171535e+02
  -8.6371979e+02
  -8.6280908e+02
  -8.6421998e+02
  -8.6456425e+02
  -8.6485161e+02
  -8.6483932e+02
  -8.6482903e+02
  -8.6593095e+02
  -8.6645216e+02
  -8.6738837e+02
  -8.6886985e+02
  -8.6948234e+02
  -8.7041252e+02
  -8.7139474e+02
  -8.7136581e+02
  -8.7216675e+02
  -8.7118947e+02
  -8.7221253e+02
  -8.7327323e+02
  -8.7243643e+02
  -8.7446475e+02
  -8.7669478e+02
  -8.7690831e+02
  -8.7772250e+02
  -8.7912145e+02
  -8.8003171e+02
  -8.8149770e+02
  -8.8302962e+02
  -8.8386064e+02
  -8.8360138e+02
  -8.8450564e+02
  -8.8535386e+02
  -8.8644859e+02
  -8.8783935e+02
  -8.8885779e+02
  -8.8953409e+02
  -8.9049486e+02
  -8.9034534e+02
  -8.9099710e+02
  -8.9187506e+02
  -8.9226094e+02
  -8.9338864e+02
  -8.9392368e+02
  -8.9445972e+02
  -8.9560134e+02
  -8.9602262e+02
  -8.9642811e+02
  -8.9681304e+02
  -8.9663204e+02
  -8.9774649e+02
  -8.9913999e+02
  -9.0094902e+02
  -9.0150614e+02
  -9.0159256e+02
  -9.0232808e+02
  -9.0259757e+02
  -9.0284207e+02
  -9.0377644e+02
  -9.0466963e+02
  -9.0576099e+02
  -9.0706086e+02
  -9.0795597e+02
  -9.0867915e+02
  -9.0967087e+02
  -9.0988779e+02
  -9.1008736e+02
  -9.1010813e+02
  -9.1064450e+02
  -9.1231706e+02
  -9.1358527e+02
  -9.1423790e+02
  -9.1492637e+02
  -9.1554278e+02
  -9.1626278e+02
  -9.1706402e+02
  -9.1770458e+02
  -9.1922077e+02
  -9.2045085e+02
  -9.2094037e+02
  -9.2147691e+02
  -9.2188649e+02
  -9.2257725e+02
  -9.2479978e+02
  -9.2693128e+02
  -9.2787694e+02
  -9.2813240e+02
  -9.2924708e+02
  -9.3048959e+02
  -9.3164009e+02
  -9.3325417e+02
  -9.3468429e+02
  -9.3560566e+02
  -9.3610187e+02
  -9.3816595e+02
  -9.3962286e+02
  -9.3986247e+02
  -9.4072769e+02
  -9.4188387e+02
  -9.4313936e+02
  -9.4579990e+02
  -9.4684928e+02
  -9.4756006e+02
  -9.4763302e+02
  -9.4960727e+02
  -9.5217189e+02
  -9.5327854e+02
  -9.5358833e+02
  -9.5464299e+02
  -9.5573434e+02
  -9.5577132e+02
  -9.5773734e+02
  -9.5936037e+02
  -9.5891961e+02
  -9.5985157e+02
  -9.6069640e+02
  -9.6115034e+02
  -9.6256656e+02
  -9.6414382e+02
  -9.6490369e+02
  -9.6566525e+02
  -9.6652686e+02
  -9.6738543e+02
  -9.6857162e+02
  -9.6971630e+02
  -9.7065751e+02
  -9.7177033e+02
  -9.7262728e+02
  -9.7284113e+02
  -9.7407520e+02
  -9.7553898e+02
  -9.7514382e+02
  -9.7652213e+02
  -9.7715309e+02
  -9.7721307e+02
  -9.7797536e+02
  -9.7816831e+02
  -9.7917602e+02
  -9.7726667e+02
  -9.7824184e+02
  -9.7776102e+02
  -9.7897166e+02
  -9.7713979e+02
  -9.7896477e+02
  -9.7648438e+02
  -9.7790465e+02
  -9.7849143e+02
  -9.7903465e+02
  -9.8158895e+02
  -9.8445473e+02
  -9.8530375e+02
  -9.8532427e+02
  -9.8692533e+02
  -9.8888459e+02
  -9.8809276e+02
  -9.8963198e+02
  -9.9084665e+02
  -9.9127812e+02
  -9.9217408e+02
  -9.9331748e+02
  -9.9423685e+02
  -9.9540345e+02
  -9.9610457e+02
  -9.9615107e+02
  -9.9720918e+02
  -9.9784219e+02
  -9.9849081e+02
  -1.0002658e+03
  -1.0024289e+03
  -1.0039954e+03
  -1.0062202e+03
  -1.0082499e+03
  -1.0095263e+03
  -1.0092134e+03
  -1.0097318e+03
  -1.0108948e+03
  -1.0106783e+03
  -1.0125247e+03
  -1.0146051e+03
  -1.0157797e+03
  -1.0162347e+03
  -1.0176185e+03
  -1.0197865e+03
  -1.0215592e+03
  -1.0210675e+03
  -1.0224439e+03
  -1.0210248e+03
  -1.0221641e+03
  -1.0219130e+03
  -1.0227621e+03
  -1.0239019e+03
  -1.0246870e+03
  -1.0257812e+03
  -1.0267576e+03
  -1.0273168e+03
  -1.0282632e+03
  -1.0291643e+03
  -1.0297044e+03
  -1.0306975e+03
  -1.0317721e+03
  -1.0322018e+03
  -1.0331688e+03
  -1.0337589e+03
  -1.0337941e+03
  -1.0341839e+03
  -1.0342899e+03
  -1.0348949e+03
  -1.0353845e+03
  -1.0364200e+03
  -1.0384777e+03
  -1.0405016e+03
  -1.0401682e+03
  -1.0409681e+03
  -1.0407542e+03
  -1.0414739e+03
  -1.0422012e+03
  -1.0426674e+03
  -1.0444227e+03
  -1.0468392e+03
  -1.0454304e+03
  -1.0466660e+03
  -1.0469083e+03
  -1.0474689e+03
  -1.0486244e+03
  -1.0492386e+03
  -1.0496473e+03
  -1.0514192e+03
  -1.0519821e+03
  -1.0529681e+03
  -1.0542705e+03
  -1.0553531e+03
  -1.0556760e+03
  -1.0568737e+03
  -1.0582865e+03
  -1.0588457e+03
  -1.0593194e+03
  -1.0600278e+03
  -1.0610192e+03
  -1.0617571e+03
  -1.0623462e+03
  -1.0641768e+03
  -1.0654751e+03
  -1.0660765e+03
  -1.0666581e+03
  -1.0670064e+03
  -1.0671062e+03
  -1.0687660e+03
  -1.0711393e+03
  -1.0723157e+03
  -1.0724793e+03
  -1.0733746e+03
  -1.0734394e+03
  -1.0739967e+03
  -1.0710780e+03
  -1.0720576e+03
  -1.0728526e+03
  -1.0737386e+03
  -1.0744292e+03
  -1.0752819e+03
  -1.0764432e+03
  -1.0772395e+03
  -1.0778194e+03
  -1.0785108e+03
  -1.0789217e+03
  -1.0797566e+03
  -1.0787844e+03
  -1.0792323e+03
  -1.0800355e+03
  -1.0806231e+03
  -1.0817750e+03
  -1.0825131e+03
  -1.0831553e+03
  -1.0842998e+03
  -1.0852033e+03
  -1.0851882e+03
  -1.0857412e+03
  -1.0862840e+03
  -1.0869318e+03
  -1.0876818e+03
  -1.0884878e+03
  -1.0894279e+03
  -1.0902935e+03
  -1.0911262e+03
  -1.0920820e+03
  -1.0930769e+03
  -1.0940086e+03
  -1.0948926e+03
  -1.0958083e+03
  -1.0967983e+03
  -1.0977293e+03
  -1.0982657e+03
  -1.0988118e+03
  -1.0994735e+03
  -1.0999562e+03
  -1.1011460e+03
  -1.1026559e+03
  -1.1022454e+03
  -1.1039889e+03
  -1.1018844e+03
  -1.1033635e+03
  -1.1043410e+03
  -1.1047155e+03
  -1.1061681e+03
  -1.1079662e+03
  -1.1082594e+03
  -1.1094338e+03
  -1.1106994e+03
  -1.1103263e+03
  -1.1114127e+03
  -1.1142849e+03
  -1.1160362e+03
  -1.1156609e+03
  -1.1169547e+03
  -1.1181495e+03
  -1.1186213e+03
  -1.1202081e+03
  -1.1213204e+03
  -1.1216579e+03
  -1.1227834e+03
  -1.1236261e+03
  -1.1237760e+03
  -1.1250898e+03
  -1.1266717e+03
  -1.1276161e+03
  -1.1285920e+03
  -1.1293391e+03
  -1.1293794e+03
  -1.1305141e+03
  -1.1318860e+03
  -1.1334270e+03
  -1.1350493e+03
  -1.1367882e+03
  -1.1342723e+03
  -1.1362731e+03
  -1.1380800e+03
  -1.1382722e+03
  -1.1400176e+03
  -1.1414522e+03
  -1.1414499e+03
  -1.1424685e+03
  -1.1443116e+03
  -1.1473458e+03
  -1.1502993e+03
  -1.1526996e+03
  -1.1532520e+03
  -1.1542240e+03
  -1.1520207e+03
  -1.1538692e+03
  -1.1514583e+03
  -1.1534256e+03
  -1.1544179e+03
  -1.1544048e+03
  -1.1557061e+03
  -1.1569242e+03
  -1.1570707e+03
  -1.1581754e+03
  -1.1590067e+03
  -1.1596227e+03
  -1.1604563e+03
  -1.1612536e+03
  -1.1621011e+03
  -1.1630012e+03
  -1.1637615e+03
  -1.1646341e+03
  -1.1655671e+03
  -1.1664211e+03
  -1.1673381e+03
  -1.1682905e+03
  -1.1691279e+03
  -1.1700192e+03
  -1.1708798e+03
  -1.1713012e+03
  -1.1721082e+03
  -1.1727564e+03
  -1.1725512e+03
  -1.1730420e+03
  -1.1738200e+03
  -1.1748108e+03
  -1.1755101e+03
  -1.1761646e+03
  -1.1773836e+03
  -1.1780489e+03
  -1.1783260e+03
  -1.1793124e+03
  -1.1798051e+03
  -1.1805618e+03
  -1.1816498e+03
  -1.1809209e+03
  -1.1830468e+03
  -1.1857644e+03
  -1.1883555e+03
  -1.1905898e+03
  -1.1905381e+03
  -1.1913130e+03
  -1.1923190e+03
  -1.1923798e+03
  -1.1933696e+03
  -1.1945598e+03
  -1.1958407e+03
  -1.1973290e+03
  -1.1985655e+03
  -1.1985127e+03
  -1.1994127e+03
  -1.2006610e+03
  -1.2017508e+03
  -1.2031337e+03
  -1.2044329e+03
  -1.2048809e+03
  -1.2058334e+03
  -1.2077377e+03
  -1.2106003e+03
  -1.2089994e+03
  -1.2106967e+03
  -1.2124282e+03
  -1.2102232e+03
  -1.2114651e+03
  -1.2103357e+03
  -1.2105336e+03
  -1.2108116e+03
  -1.2123487e+03
  -1.2092792e+03
  -1.2112026e+03
  -1.2103862e+03
  -1.2117285e+03
  -1.2104127e+03
  -1.2119776e+03
  -1.2138164e+03
  -1.2148137e+03
  -1.2157846e+03
  -1.2168637e+03
  -1.2168745e+03
  -1.2170132e+03
  -1.2172971e+03
  -1.2178428e+03
  -1.2184124e+03
  -1.2184185e+03
  -1.2194614e+03
  -1.2205597e+03
  -1.2218884e+03
  -1.2231826e+03
  -1.2234885e+03
  -1.2236697e+03
  -1.2247371e+03
  -1.2252393e+03
  -1.2261269e+03
  -1.2276135e+03
  -1.2281807e+03
  -1.2290821e+03
  -1.2304318e+03
  -1.2302609e+03
  -1.2308582e+03
  -1.2294382e+03
  -1.2321123e+03
  -1.2349717e+03
  -1.2367468e+03
  -1.2386392e+03
  -1.2404120e+03
  -1.2409510e+03
  -1.2423852e+03
  -1.2407153e+03
  -1.2422656e+03
  -1.2434012e+03
  -1.2425041e+03
  -1.2441872e+03
  -1.2456652e+03
  -1.2457991e+03
  -1.2469208e+03
  -1.2475556e+03
  -1.2479562e+03
  -1.2484369e+03
  -1.2487822e+03
  -1.2495288e+03
  -1.2493156e+03
  -1.2504090e+03
  -1.2534382e+03
  -1.2546225e+03
  -1.2541609e+03
  -1.2551147e+03
  -1.2552502e+03
  -1.2557178e+03
  -1.2557882e+03
  -1.2568520e+03
  -1.2589677e+03
  -1.2560229e+03
  -1.2589512e+03
  -1.2616864e+03
  -1.2643506e+03
  -1.2661903e+03
  -1.2662088e+03
  -1.2668010e+03
  -1.2678647e+03
  -1.2684459e+03
  -1.2698230e+03
  -1.2716101e+03
  -1.2726006e+03
  -1.2729304e+03
  -1.2746558e+03
  -1.2769973e+03
  -1.2782657e+03
  -1.2791879e+03
  -1.2802637e+03
  -1.2801587e+03
  -1.2801486e+03
  -1.2810664e+03
  -1.2817786e+03
  -1.2810295e+03
  -1.2826268e+03
  -1.2842913e+03
  -1.2855187e+03
  -1.2855262e+03
  -1.2861864e+03
  -1.2868001e+03
  -1.2868750e+03
  -1.2849765e+03
  -1.2862728e+03
  -1.2846754e+03
  -1.2860589e+03
  -1.2876266e+03
  -1.2897158e+03
  -1.2897763e+03
  -1.2911562e+03
  -1.2916297e+03
  -1.2915670e+03
  -1.2922876e+03
  -1.2929207e+03
  -1.2938468e+03
  -1.2945945e+03
  -1.2954735e+03
  -1.2969730e+03
  -1.2968916e+03
  -1.2974147e+03
  -1.2984400e+03
  -1.2985230e+03
  -1.2994379e+03
  -1.3006523e+03
  -1.3014262e+03
  -1.3024844e+03
  -1.3037600e+03
  -1.3043471e+03
  -1.3051833e+03
  -1.3065804e+03
  -1.3044094e+03
  -1.3054850e+03
  -1.3058568e+03
  -1.3071558e+03
  -1.3086697e+03
  -1.3093027e+03
  -1.3103069e+03
  -1.3114092e+03
  -1.3117922e+03
  -1.3123425e+03
  -1.3133905e+03
  -1.3150557e+03
  -1.3166925e+03
  -1.3182135e+03
  -1.3154835e+03
  -1.3174118e+03
  -1.3182818e+03
  -1.3186061e+03
  -1.3175396e+03
  -1.3183236e+03
  -1.3152858e+03
  -1.3174950e+03
  -1.3188315e+03
  -1.3194655e+03
  -1.3205425e+03
  -1.3224746e+03
  -1.3208864e+03
  -1.3226585e+03
  -1.3237982e+03
  -1.3227378e+03
  -1.3237265e+03
  -1.3244532e+03
  -1.3254030e+03
  -1.3260092e+03
  -1.3266128e+03
  -1.3279224e+03
  -1.3288617e+03
  -1.3288820e+03
  -1.3297787e+03
  -1.3303040e+03
  -1.3308235e+03
  -1.3319646e+03
  -1.3330488e+03
  -1.3341229e+03
  -1.3353510e+03
  -1.3359546e+03
  -1.3367308e+03
  -1.3377658e+03
  -1.3380109e+03
  -1.3385797e+03
  -1.3400487e+03
  -1.3409005e+03
  -1.3421962e+03
  -1.3435143e+03
  -1.3418211e+03
  -1.3422736e+03
  -1.3425795e+03
  -1.3437506e+03
  -1.3437134e+03
  -1.3448911e+03
  -1.3467559e+03
  -1.3480381e+03
  -1.3481537e+03
  -1.3489285e+03
  -1.3493077e+03
  -1.3495546e+03
  -1.3502065e+03
  -1.3500112e+03
  -1.3510248e+03
  -1.3522201e+03
  -1.3532868e+03
  -1.3541100e+03
  -1.3544816e+03
  -1.3552645e+03
  -1.3561630e+03
  -1.3568368e+03
  -1.3577695e+03
  -1.3588669e+03
  -1.3596740e+03
  -1.3604947e+03
  -1.3613535e+03
  -1.3615087e+03
  -1.3623000e+03
  -1.3634017e+03
  -1.3645673e+03
  -1.3614577e+03
  -1.3635931e+03
  -1.3652946e+03
  -1.3656303e+03
  -1.3663890e+03
  -1.3678132e+03
  -1.3689445e+03
  -1.3690401e+03
  -1.3702058e+03
  -1.3712187e+03
  -1.3714800e+03
  -1.3724394e+03
  -1.3732015e+03
  -1.3739477e+03
  -1.3746782e+03
  -1.3752123e+03
  -1.3763767e+03
  -1.3777429e+03
  -1.3785372e+03
  -1.3795995e+03
  -1.3806539e+03
  -1.3804794e+03
  -1.3816323e+03
  -1.3834051e+03
  -1.3835733e+03
  -1.3850304e+03
  -1.3862974e+03
  -1.3861604e+03
  -1.3869826e+03
  -1.3881400e+03
  -1.3880648e+03
  -1.3894046e+03
  -1.3912578e+03
  -1.3917768e+03
  -1.3926421e+03
  -1.3937654e+03
  -1.3942332e+03
  -1.3946809e+03
  -1.3961891e+03
  -1.3987763e+03
  -1.4008081e+03
  -1.3980312e+03
  -1.3992752e+03
  -1.4000646e+03
  -1.4000527e+03
  -1.4009587e+03
  -1.4022288e+03
  -1.4035478e+03
  -1.4048447e+03
  -1.4059876e+03
  -1.4066670e+03
  -1.4074288e+03
  -1.4086017e+03
  -1.4095486e+03
  -1.4107781e+03
  -1.4123909e+03
  -1.4116713e+03
  -1.4130958e+03
  -1.4154680e+03
  -1.4181635e+03
  -1.4204905e+03
  -1.4225061e+03
  -1.4232176e+03
  -1.4236728e+03
  -1.4245193e+03
  -1.4250501e+03
  -1.4262946e+03
  -1.4274375e+03
  -1.4280984e+03
  -1.4289476e+03
  -1.4296038e+03
  -1.4302575e+03
  -1.4313508e+03
  -1.4324125e+03
  -1.4332089e+03
  -1.4342779e+03
  -1.4352401e+03
  -1.4355700e+03
  -1.4363593e+03
  -1.4370020e+03
  -1.4373993e+03
  -1.4379201e+03
  -1.4377446e+03
  -1.4387809e+03
  -1.4400875e+03
  -1.4413803e+03
  -1.4425808e+03
  -1.4430118e+03
  -1.4433550e+03
  -1.4445210e+03
  -1.4432318e+03
  -1.4445870e+03
  -1.4460216e+03
  -1.4471837e+03
  -1.4481169e+03
  -1.4488337e+03
  -1.4494956e+03
  -1.4506143e+03
  -1.4519293e+03
  -1.4530375e+03
  -1.4541171e+03
  -1.4547026e+03
  -1.4552700e+03
  -1.4565467e+03
  -1.4580216e+03
  -1.4564575e+03
  -1.4580893e+03
  -1.4594960e+03
  -1.4604886e+03
  -1.4617657e+03
  -1.4630821e+03
  -1.4618866e+03
  -1.4632608e+03
  -1.4637610e+03
  -1.4640916e+03
  -1.4654144e+03
  -1.4664181e+03
  -1.4674028e+03
  -1.4682905e+03
  -1.4686761e+03
  -1.4696208e+03
  -1.4708167e+03
  -1.4713508e+03
  -1.4722621e+03
  -1.4733440e+03
  -1.4728104e+03
  -1.4732739e+03
  -1.4740584e+03
  -1.4748051e+03
  -1.4748569e+03
  -1.4756471e+03
  -1.4774800e+03
  -1.4743572e+03
  -1.4760405e+03
  -1.4743550e+03
  -1.4758645e+03
  -1.4736673e+03
  -1.4729179e+03
  -1.4742842e+03
  -1.4765237e+03
  -1.4737101e+03
  -1.4748742e+03
  -1.4751296e+03
  -1.4765053e+03
  -1.4779341e+03
  -1.4782840e+03
  -1.4793570e+03
  -1.4805453e+03
  -1.4809751e+03
  -1.4808383e+03
  -1.4812628e+03
  -1.4818530e+03
  -1.4805471e+03
  -1.4819585e+03
  -1.4837792e+03
  -1.4851590e+03
  -1.4858627e+03
  -1.4866940e+03
  -1.4876264e+03
  -1.4884586e+03
  -1.4894739e+03
  -1.4910823e+03
  -1.4920624e+03
  -1.4930148e+03
  -1.4925091e+03
  -1.4927826e+03
  -1.4934125e+03
  -1.4937586e+03
  -1.4948534e+03
  -1.4958875e+03
  -1.4957932e+03
  -1.4976116e+03
  -1.4989587e+03
  -1.4995838e+03
  -1.5005855e+03
  -1.5020357e+03
  -1.4992440e+03
  -1.5003971e+03
  -1.5010580e+03
  -1.4990337e+03
  -1.5011815e+03
  -1.5033370e+03
  -1.5047595e+03
  -1.5050520e+03
  -1.5058361e+03
  -1.5069522e+03
  -1.5077934e+03
  -1.5087724e+03
  -1.5100622e+03
  -1.5104208e+03
  -1.5110988e+03
  -1.5118791e+03
  -1.5126393e+03
  -1.5136060e+03
  -1.5124853e+03
  -1.5134104e+03
  -1.5135309e+03
