0 16.793869 3.1415927
24000 5.973168 2.21238034
47999.999 -15.490348 2.28935927
71999.999 -8.131448 4.5495206
95999.998 -24.605088 3.37165702
120000 -12.723599 6.6925279
144000 -19.76524 6.4455885
168000 -15.178582 8.1352047
192000 -16.595811 7.91126312
216000 -20.15994 9.2334351
240000 -16.994976 8.842999394
264000 -25.010208 8.1208534
288000 -23.081387 9.84049772
311999.99 -18.350414 9.1449037
335999.99 -21.871413 9.3864181
359999.99 -12.340929 10.0923178
383999.99 -13.295481 9.6324303
407999.99 -16.703634 10.6143067
431999.99 -9.445478 10.8728817
455999.99 -11.507566 10.7083483
479999.99 -8.974561 11.3000439
503999.99 -7.9854 11.065933
527999.99 -9.200715 11.0288579
551999.99 -11.731038 11.0570972
575999.99 -13.800073 11.5427434
599999.99 -11.992946 11.8894184
623999.99 -11.426413 12.0061225
647999.99 -11.886935 12.2424902
671999.99 -11.917383 12.529259
695999.99 -11.607858 12.869278
719999.99 -10.376778 13.119878
743999.99 -10.158754 13.295776
767999.99 -10.090165 13.601478
791999.99 -8.778904 13.877134
815999.99 -7.793671 14.057859
839999.99 -6.972899 14.281105
863999.99 -5.587578 14.47979
887999.99 -4.342559 14.623496
911999.98 -2.996569 14.767191
935999.98 -1.333753 14.822822
959999.98 -0.359555 14.774872
983999.98 -0.323158999999997 14.715077
1008000 -0.857286999999999 14.677175
1032000 -1.950039 14.65217
1056000 -3.759466 14.687011
1080000 -5.609615 14.823152
1104000 -7.26412 14.973065
1128000 -9.40586699999999 15.170926
1152000 -11.004217 15.44532
1176000 -13.284635 15.612113
1200000 -18.982868 16.264975
1224000 -13.884676 17.241214
1248000 -10.269693 17.285162
1272000 -9.647146 17.335234
1296000 -9.315545 17.48726
1320000 -9.151394 17.588328
1344000 -9.90169 17.732898
1368000 -10.466405 17.951905
1392000 -11.215007 18.191248
1416000 -11.054466 18.549952
1440000 -9.733764 18.707224
1464000 -10.489979 18.788369
1488000 -11.101551 19.130071
1512000 -10.116051 19.326581
1536000 -10.679198 19.512588
1560000 -10.03949 19.809799
1584000 -9.527753 19.921009
1608000 -9.94879299999999 20.106294
1632000 -9.934034 20.266022
1656000 -10.810155 20.484349
1680000 -9.771082 20.722604
1704000 -9.683253 20.730543
1728000 -9.961714 20.868178
1752000 -9.653941 20.726517
1776000 -15.183178 20.305997
1800000 -24.195771 22.65417
1824000 -15.095383 22.521137
1848000 -14.74454 22.651026
1872000 -14.080447 22.862534
1896000 -15.075933 23.153819
1920000 -13.161677 23.589423
1944000 -11.421565 23.645097
1968000 -11.408938 23.758037
1992000 -10.536549 23.905036
2016000 -10.264839 23.93537
2040000 -10.876143 24.037201
2064000 -11.36049 24.130487
2088000 -13.347473 24.197689
2112000 -15.87432 24.49679
2136000 -17.210758 24.678724
2160000 -22.279719 24.840259
2184000 -24.527784 25.666497
2208000 -25.986058 25.819743
2232000 -27.9927803 26.787422
2256000 -23.600873 26.850466
2280000 -27.0971762 26.825729
2304000 -27.7962931 27.650141
2328000 -27.9701776 27.647742
2352000 -35.51004237 28.487224
2376000 -31.9477884 28.69871
2400000 -35.32646348 27.186443
2424000 -34.60498758 26.284656
2448000 -31.7066708 27.128225
2472000 -28.6980606 27.144361
2496000 -31.2915181 28.007068
2520000 -24.781135 28.291516
2544000 -26.3134308 27.998777
2568000 -33.386697 28.792583
2592000 -28.3266973 29.188337
2616000 -30.0829728 29.402097
2640000 -26.2735598 29.920058
2664000 -25.3625748 29.892083
2688000 -26.7040566 30.607788
2712000 -22.283201 30.978899
2736000 -22.678562 31.295613
2760000 -20.139734 31.92265
2784000 -18.532382 32.161924
2808000 -17.898741 32.704086
2832000 -14.876623 33.100161
2856000 -13.202909 33.494375
2880000 -9.26348 33.942495
2904000 -5.259346 34.179639
2928000 -1.036448 34.533656
2952000 5.89453 34.88019
2976000 16.611739 35.254645
2999999.9 21.449271 37.473014
3023999.9 12.724621 37.882839
3047999.9 8.269987 38.000195
3071999.9 4.665685 38.107163
3095999.9 1.306475 38.28451
3119999.9 -1.543271 38.559651
3143999.9 -3.366927 38.933084
3167999.9 -3.824171 39.310232
3191999.9 -3.356803 39.660907
3215999.9 -1.856648 39.894805
3239999.9 -1.102373 39.979569
3263999.9 -0.389852000000001 40.091312
3287999.9 0.167048999999999 39.910919
3311999.9 -3.301341 39.77322
3335999.9 -6.430219 40.011363
3359999.9 -7.872557 40.257387
3383999.9 -8.874975 40.488299
3407999.9 -9.664201 40.66569
3431999.9 -11.447365 40.899955
3455999.9 -12.095053 41.288796
3479999.9 -12.223276 41.497997
3503999.9 -13.89137 41.745791
3527999.9 -14.530507 42.069363
3551999.9 -15.727736 42.242867
3575999.9 -17.517031 42.604773
3599999.9 -17.145919 42.893122
3623999.9 -17.97701 43.041524
3647999.9 -19.012844 43.371788
3671999.9 -19.062492 43.69164
3695999.9 -19.164683 44.036423
3719999.9 -18.967056 44.340772
3743999.9 -19.595451 44.675529
3767999.9 -19.504379 45.059008
3791999.9 -19.953049 45.359029
3815999.9 -19.935772 45.766743
3839999.9 -19.118292 45.948736
3863999.9 -20.398554 46.135097
3887999.9 -20.05973 46.534956
3911999.9 -19.012391 46.731312
3935999.9 -18.754836 47.068782
3959999.9 -16.67833 47.366943
3983999.9 -15.788408 47.513215
4007999.9 -15.292232 47.735084
4031999.9 -14.716756 47.78284
4055999.9 -16.689124 47.7357
4079999.9 -19.4428996 47.99274
4103999.9 -19.5126534 48.16899
4127999.9 -21.1852562 48.2146
4151999.9 -22.6372114 48.52531
4175999.9 -24.5702344 48.72256
4199999.9 -27.5874317 49.6693
4223999.9 -23.5563077 49.96677
4247999.9 -27.6597666 49.95701
4271999.9 -29.7752572 51.02918
4295999.9 -28.2050277 50.69016
4319999.9 -32.8995287 49.7894
4343999.9 -39.321519 50.19978
4367999.9 -31.0787262 50.47753
4391999.9 -33.4840312 50.65397
4415999.9 -31.6848557 51.43823
4439999.9 -39.914546 51.19426
4463999.9 -30.9591668 54.04431
4487999.9 -29.2830098 53.8649
4511999.9 -30.0488363 54.62327
4535999.9 -27.2750425 54.4623
4559999.9 -31.093998 53.7214
4583999.9 -33.972801 53.99465
4607999.9 -25.8663431 53.97432
4631999.9 -26.6401204 53.75134
4655999.9 -27.9114179 54.91885
4679999.9 -23.8973587 55.0189
4703999.9 -30.6844814 55.49154
4727999.9 -25.1980282 56.35131
4751999.9 -28.0853205 55.96645
4775999.9 -44.55106 59.10954
4799999.9 -45.997529 59.79494
4823999.9 -25.1741016 60.2873
4847999.9 -19.78081555 59.70171
4871999.9 -19.48043168 59.53614
4895999.9 -17.068393 59.95269
4919999.9 -14.0689443 60.16987
4943999.9 -12.9262188 60.5624
4967999.9 -10.451644 60.90956
4991999.9 -9.387488 61.04874
5015999.9 -9.598589 61.21857
5039999.9 -9.647274 61.33643
5063999.9 -10.735482 61.3943
5087999.9 -12.020172 61.61915
5111999.9 -12.259156 61.84093
5135999.9 -13.079255 62.08892
5159999.9 -13.28475 62.39264
5183999.9 -14.3859 62.6192
5207999.9 -16.0414449 63.09245
5231999.9 -15.2401054 63.46506
5255999.9 -16.1102606 63.69928
5279999.9 -16.2352884 64.06782
5303999.9 -15.8921 64.20354
5327999.9 -17.1331421 64.43952
5351999.9 -16.4151349 64.814
5375999.9 -15.756383 65.03469
5399999.9 -15.213243 65.41266
5423999.9 -13.220046 65.63326
5447999.9 -13.281537 65.68205
5471999.9 -14.5161505 65.87557
5495999.9 -14.7777344 65.99778
5519999.9 -16.8745163 65.96871
5543999.9 -19.3817319 66.19843
5567999.9 -20.63235053 66.36294
5591999.9 -23.2909998 66.82181
5615999.9 -22.6623461 67.37029
5639999.9 -22.6792475 68.07276
5663999.9 -18.4434163 68.51353
5687999.9 -18.2212412 68.64789
5711999.9 -18.641903086 69.10216
5735999.9 -18.77912984 69.18229
5759999.9 -28.728436 69.56763
5783999.9 -20.2041327 70.9235
5807999.9 -19.6455114 70.58224
5831999.9 -21.8912563 71.07551
5855999.9 -16.8001983 71.18227
5879999.9 -18.862135 71.48953
5903999.9 -10.62391657 72.46468
5927999.9 -3.9395369 72.39072
5951999.9 -3.1258582 72.68926
5975999.9 0.6658467 73.42554
5999999.9 6.345194 74.04183
6023999.9 8.8935935 74.61738
6047999.9 5.41189769 75.5026
6071999.9 1.2170615 75.95324
6095999.9 -1.3727795 75.96273
6119999.9 -6.27695222 75.93994
6143999.9 -12.038896 76.5068
6167999.9 -10.4609479 77.24503
6191999.9 -12.2840553 77.57072
6215999.9 -11.64367277 78.23909
6239999.9 -11.18983803 78.15351
6263999.9 -18.304722 78.02052
6287999.9 -21.2929007 78.5571
6311999.9 -19.9071883 78.00897
6335999.9 -27.986372 77.86233
6359999.9 -21.8032473 79.1722
6383999.9 -21.963886 79.00007
6407999.9 -23.540403 80.41683
6431999.9 -20.2298781 80.3158
6455999.9 -44.756217 81.94916
6479999.9 -22.8665144 82.25041
6503999.9 -36.784073 82.7514
6527999.9 -23.974311 83.89399
6551999.9 -32.485802 81.8975
6575999.9 -21.6738721 80.23236
6599999.9 -26.017951 79.48475
6623999.9 -33.511996 82.094
6647999.9 -40.219759 85.49881
6671999.9 -21.5206119 84.31506
6695999.9 -23.9164507 84.04495
6719999.9 -24.95983 85.31416
6743999.9 -23.801985 85.03166
6767999.9 -35.589946 82.98546
6791999.9 -28.382265 82.53054
6815999.9 -20.0694732 82.8737
6839999.9 -18.5298838 82.52143
6863999.9 -22.2584608 82.33596
6887999.9 -21.7022169 82.28238
6911999.9 -18.3628977 81.74414
6935999.9 -18.9578397 81.50138
6959999.9 -19.4719881 82.06313
6983999.9 -16.3941125 82.10069
7007999.9 -18.4384585 81.9625
7031999.9 -20.3375673 82.1874
7055999.9 -17.6764104 81.92546
7079999.9 -17.2819244 81.52183
7103999.9 -20.4770518 81.4975
7127999.9 -23.314027 81.85865
7151999.9 -51.136224 82.85614
7175999.9 -21.097348 84.69403
7199999.9 -20.6863306 84.98946
7223999.9 -18.2030983 85.53708
7247999.9 -19.1399275 85.43071
7271999.9 -24.010237 85.57885
7295999.9 -18.9900076 85.31846
7319999.9 -14.7999574 84.78632
7343999.9 -19.1409561 84.72368
7367999.9 -20.291987 85.65796
7391999.9 -23.2332091 85.36175
7415999.9 -26.454876 83.24387
7439999.9 -21.86496 83.74219
7463999.9 -13.8364901 84.06559
7487999.9 -13.157222 84.00276
7511999.9 -14.473111 84.51471
7535999.9 -12.11475396 84.65541
7559999.9 -14.1350754 84.35174
7583999.9 -17.6073288 84.70944
7607999.9 -13.66103887 84.96493
7631999.9 -12.6930634 84.90277
7655999.9 -13.4716621 85.29294
7679999.9 -11.6846234 85.61821
7703999.9 -12.72466862 85.6963
7727999.9 -14.6859934 86.04369
7751999.9 -15.27242 86.07109
7775999.9 -19.1374547 85.99525
7799999.9 -19.0671193 86.15494
7823999.9 -19.4557081 85.9989
7847999.9 -21.137654 86.74244
7871999.9 -17.304473 86.90943
7895999.9 -23.417583 86.89397
7919999.9 -21.1233561 88.65575
7943999.9 -20.2898209 88.78045
7967999.9 -19.8884001 89.5685
7991999.9 -18.7399886 89.44507
8015999.9 -26.388972 89.40768
8039999.9 -21.874225 89.90572
8063999.9 -16.2102581 89.15304
8087999.9 -18.1825275 88.75789
8111999.9 -21.026041 89.53798
8135999.9 -19.043186 89.41535
8159999.9 -28.548193 87.88615
8183999.9 -23.6265948 86.45834
8207999.9 -24.073965 87.2971
8231999.9 -19.4841076 87.25715
8255999.9 -24.088472 86.4638
8279999.9 -28.708513 84.95813
8303999.9 -21.973887 85.4837
8327999.9 -15.9548895 85.20375
8351999.9 -18.0051127 84.57847
8375999.9 -26.121852 84.43977
8399999.9 -20.2921896 84.55648
8423999.9 -17.168305 83.98117
8447999.9 -22.561257 84.29741
8471999.9 -16.3428838 85.12146
8495999.9 -15.9187048 84.8375
8519999.9 -22.393277 85.0319
8543999.9 -23.327927 85.19004
8567999.9 -25.882715 84.16046
8591999.9 -34.645449 84.63547
8615999.9 -20.5354671 85.18657
8639999.9 -19.4392759 84.92728
8663999.9 -21.096857 85.62703
8687999.9 -17.4119194 85.60482
8711999.9 -20.4126284 84.9338
8735999.9 -25.158671 84.77047
8759999.9 -19.1106096 84.84625
8783999.9 -17.8472922 84.54395
8807999.9 -20.75559 85.12392
8831999.9 -18.572626 85.38209
8855999.9 -31.3487783 85.14329
8879999.9 -23.62903 87.12582
8903999.9 -23.7802242 85.73465
8927999.9 -19.7091451 84.07227
8951999.9 -27.396964 83.67493
8975999.9 -21.732185 85.39231
8999999.8 -19.4550037 84.42303
9023999.8 -19.7048396 83.20332
9047999.8 -16.0002053 83.1365
9071999.8 -11.4045018 82.91246
9095999.8 -14.1543308 82.44784
9119999.8 -28.0565841 81.7939
9143999.8 -33.0991653 84.33734
9167999.8 -22.055777 87.68557
9191999.8 -21.960653 87.04706
9215999.8 -22.5626712 89.93439
9239999.8 -18.1709879 89.35281
9263999.8 -25.082506 89.47794
9287999.8 -29.3046659 88.41994
9311999.8 -16.5884376 87.36252
9335999.8 -15.7207073 87.04308
9359999.8 -32.1149015 87.78932
9383999.8 -22.873285 88.9093
9407999.8 -21.9682435 91.79986
9431999.8 -11.3596432 91.60606
9455999.8 -12.4203889 91.79549
9479999.8 -11.3055987 92.2902
9503999.8 -11.5904346 92.077
9527999.8 -16.2720209 91.86028
9551999.8 -12.8178715 91.8285
9575999.8 -8.7510603 91.48284
9599999.8 -12.0018175 91.51544
9623999.8 -11.3344069 92.09282
9647999.8 -13.0437178 91.70747
9671999.8 -22.7553269 89.57477
9695999.8 -21.2090861 88.75292
9719999.8 -19.6427673 89.46738
9743999.8 -18.828154 88.86117
9767999.8 -22.7290702 87.64554
9791999.8 -28.0119942 87.43817
9815999.8 -19.2523102 88.34615
9839999.8 -18.528492 88.08833
9863999.8 -28.0264361 88.56143
9887999.8 -29.059328 89.46289
9911999.8 -23.739226 92.15977
9935999.8 -15.9186015 91.73677
9959999.8 -19.3477521 91.26228
9983999.8 -27.55245 91.60192
10008000 -26.636336 90.88528
10032000 -23.919394 89.32429
10056000 -25.560693 87.80539
10080000 -22.190007 86.67057
10104000 -20.0713523 86.61124
10128000 -18.0220343 86.55565
10152000 -22.67988 86.27066
10176000 -28.557185 87.67958
10200000 -28.276449 87.20599
10224000 -31.092026 90.81579
10248000 -28.090425 88.76694
10272000 -22.623807 87.13883
10296000 -24.5668 86.39583
10320000 -29.540436 88.08118
10344000 -24.223793 87.66657
10368000 -37.497343 86.56755
10392000 -30.123093 88.69824
10416000 -20.8112332 87.38017
10440000 -16.8794323 86.90903
10464000 -16.4577765 86.95195
10488000 -15.6584126 86.95989
10512000 -18.5227436 86.72705
10536000 -23.048625 87.0383
10560000 -19.3447695 86.91852
10584000 -17.8586343 86.55702
10608000 -18.0596119 86.8459
10632000 -15.4733471 87.02359
10656000 -16.5609807 86.98354
10680000 -19.0538719 87.16422
10704000 -19.8285028 86.80027
10728000 -21.5026195 85.93334
10752000 -25.3966414 86.45569
10776000 -18.4326205 86.57066
10800000 -23.9606268 85.71108
10824000 -20.8156915 88.93062
10848000 -22.0238833 88.31342
10872000 -25.853657 91.03405
10896000 -20.6666483 90.74706
10920000 -18.2143946 91.63095
10944000 -12.7650552 91.24616
10968000 -13.462481 90.2795
10992000 -14.3545076 89.97919
11016000 -10.1050334 90.07111
11040000 -10.8162093 89.67844
11064000 -23.7240888 90.41848
11088000 -13.6957565 91.56479
11112000 -18.9900375 91.00334
11136000 -32.0536695 90.68131
11160000 -15.45294851 90.0183
11184000 -12.17185721 89.25451
11208000 -21.4214611 88.73547
11232000 -22.30930243 92.58706
11256000 -17.12061178 93.4142900000001
11280000 -12.3065554 93.51786
11304000 -17.308191114 93.51131
11328000 -16.24143769 95.28376
11352000 -20.63100301 95.23133
11376000 -17.43583 97.57449
11400000 -15.5022697 95.94306
11424000 -10.21456615 94.49449
11448000 -9.2051164 94.54791
11472000 -6.1815228 94.85906
11496000 -7.89173196 94.65909
11520000 -16.6059827 94.52512
11544000 -20.0599584 95.58774
11568000 -12.77344401 94.4273
11592000 -11.99348108 94.16691
11616000 -10.98687697 94.65802
11640000 -9.497405 94.59292
11664000 -14.17329681 94.21659
11688000 -28.584395903 92.78379
11712000 -21.6993983 92.97272
11736000 -15.8151776 92.77053
11760000 -24.127807703 91.61837
11784000 -19.9177422 95.22633
11808000 -24.1598679 95.84907
11832000 -15.3447516 96.46282
11856000 -25.76643885 96.66208
11880000 -17.28043615 98.54508
11904000 -21.60659681 99.16837
11928000 -12.3995316 99.91866
11952000 -11.14373499 99.61822
11976000 -18.88866596 99.19741
12000000 -19.5743086 99.80032
12024000 -16.41463383 99.30025
12048000 -22.870591 100.00705
12072000 -11.51384414 100.61588
12096000 -10.26787337 100.8721
12120000 -5.0603232 101.40431
12144000 -4.0176951 101.22141
12168000 -7.0505024 101.52915
12192000 -4.3627916 101.97375
12216000 -4.7178001 101.47225
12240000 -8.3308636 101.46195
12264000 -2.286349 101.99541
12288000 -1.1391808 101.53127
12312000 -7.313529 101.64246
12336000 5.334145 106.44142
12360000 4.187408 103.75888
12384000 -0.813047999999998 105.62567
12408000 -1.03437 105.74285
12432000 -4.621886 103.48516
12456000 -17.792972 103.90658
12480000 -8.273833 105.22657
12504000 -3.836454 103.82496
12528000 -9.253929 102.67895
12552000 -7.4175858 103.32433
12576000 0.0910531999999993 103.1677
12600000 -5.4349686 102.76224
12624000 -11.2543089 103.80067
12648000 -7.5490023 103.8833
12672000 -11.816391 102.74395
12696000 -20.69582384 101.45567
12720000 -22.63657369 103.8693
12744000 -20.867191 103.16945
12768000 -25.9330543 104.94618
12792000 -20.49407024 105.37301
12816000 -16.3078694 106.34803
12840000 -13.3240516 106.33788
12864000 -17.9057329 106.41982
12888000 -17.2884822 107.16596
12912000 -18.8158265 106.87344
12936000 -30.9631923 107.35424
12960000 -17.6250052 107.65955
12984000 -14.5718871 107.14377
13008000 -16.7615254 106.85681
13032000 -25.4629049 107.5478
13056000 -20.7423614 108.94346
13080000 -15.7697244 109.10155
13104000 -16.968613 109.01823
13128000 -18.381499 109.20306
13152000 -16.6593041 108.83431
13176000 -18.1989494 108.19533
13200000 -25.5270296 108.44752
13224000 -20.0918358 109.22553
13248000 -24.3081087 108.9571
13272000 -27.7596556 110.97844
13296000 -28.5584575 110.81277
13320000 -22.8538513 113.00451
13344000 -18.1289244 112.56666
13368000 -21.9237079 111.89622
13392000 -29.7381521 110.97043
13416000 -25.0925908 110.57639
13440000 -23.0743833 110.03563
13464000 -36.2731927 108.99819
13488000 -35.3050422 112.68738
13512000 -31.9758337 114.5169
13536000 -26.9618871 114.18953
13560000 -38.080925 116.25604
13584000 -23.0794215 116.29668
13608000 -26.8478268 116.29899
13632000 -26.4925972 117.21627
13656000 -29.275294 116.50174
13680000 -30.7079582 114.48093
13704000 -33.4185066 115.0874
13728000 -22.1257654 115.50433
13752000 -23.0732428 115.0487
13776000 -36.3075555 115.47053
13800000 -31.1676748 115.67397
13824000 -23.7665529 114.28275
13848000 -20.2677501 113.98465
13872000 -18.5528289 113.91808
13896000 -20.3753083 113.52678
13920000 -27.0003714 112.71098
13944000 -33.1558604 112.11884
13968000 -25.6997072 112.51886
13992000 -24.9888243 111.93688
14016000 -31.3702943 110.00825
14040000 -29.9870686 108.86979
14064000 -28.0294859 110.32057
14088000 -23.8825175 110.38765
14112000 -24.063625 111.48129
14136000 -18.9119774 111.53634
14160000 -26.0477824 111.10327
14184000 -24.4900164 113.24104
14208000 -21.8551645 112.41857
14232000 -22.8584319 111.33808
14256000 -23.761001 111.41603
14280000 -19.3063623 111.61368
14304000 -21.1066049 111.52618
14328000 -25.0687932 112.24544
14352000 -27.3061874 111.97696
14376000 -26.7095789 115.97124
14400000 -30.373326 114.90102
14424000 -24.2391153 117.98838
14448000 -20.5018357 117.54188
14472000 -24.3910923 117.99551
14496000 -20.7129749 117.90592
14520000 -17.8272029 116.85298
14544000 -18.2068846 116.2212
14568000 -19.5273293 116.73311
14592000 -18.4535069 116.9515
14616000 -25.4695182 117.65688
14640000 -22.5973634 118.48316
14664000 -27.8859195 118.76761
14688000 -25.7168275 118.76807
14712000 -17.072615 117.65188
14736000 -13.0459728 117.11605
14760000 -19.4601994 117.13305
14784000 -17.3428971 118.11541
14808000 -19.1197094 117.56811
14832000 -23.1026534 121.44857
14856000 -22.6772178 121.2432
14880000 -19.160781 121.8044
14904000 -22.9900171 121.0696
14928000 -28.269118 124.42894
14952000 -23.4098174 122.29101
14976000 -15.0011381 120.94258
15000000 -16.3650236 120.78719
15024000 -13.5771496 121.56486
15048000 -11.667264 121.30677
15072000 -21.8970604 121.17378
15096000 -18.7269791 122.71905
15120000 -15.4873165 121.77515
15144000 -17.8371201 121.26607
15168000 -15.43249189 121.81051
15192000 -12.9453506 121.64971
15216000 -16.4729253 122.02153
15240000 -14.2027803 122.36658
15264000 -17.3353675 121.63039
15288000 -22.7551477 120.35897
15312000 -22.9539759 120.34811
15336000 -16.6158129 120.2559
15360000 -16.6184674 119.70045
15384000 -17.87284144 119.28021
15408000 -15.26295694 119.3168
15432000 -13.0184029 119.24821
15456000 -13.47016431 119.47456
15480000 -11.72696965 119.66947
15504000 -13.864456 119.40797
15528000 -25.196468 118.56587
15552000 -33.303868 119.51176
15576000 -18.0632189 118.46694
15600000 -17.8796251 117.81834
15624000 -27.0961991 119.59855
15648000 -22.6863189 118.67933
15672000 -15.9070954 116.58872
15696000 -17.5571084 115.56957
15720000 -16.6599013 117.97416
15744000 -10.4774846 117.70898
15768000 -18.0099903 119.0049
15792000 -9.0170731 119.23593
15816000 -11.125055 119.4486
15840000 -8.147598 119.82062
15864000 -14.58114 119.48714
15888000 -4.999523 121.39901
15912000 -19.36057 119.31188
15936000 -8.173429 117.46893
15960000 -7.850522 114.90219
15984000 -6.30915 114.00106
16008000 -4.086887 114.34447
16032000 0.534179 114.07574
16056000 -0.471467599999999 114.18228
16080000 3.365743 114.24778
16104000 -1.6707813 113.41503
16128000 -5.6717306 113.36972
16152000 -6.456494 113.36918
16176000 -7.733945 113.25578
16200000 -11.7474504 113.37257
16224000 -12.1799449 114.14658
16248000 -16.9512547 113.47192
16272000 -14.0049918 117.48864
16296000 -10.6473639 116.67693
16320000 -19.7647984 116.99307
16344000 -16.34130643 117.54332
16368000 -18.23682048 116.75282
16392000 -26.0809162 116.87212
16416000 -15.9871861 117.31648
16440000 -12.5047089 116.96813
16464000 -15.7779754 117.21001
16488000 -15.015377 117.74849
16512000 -17.3456264 117.92167
16536000 -16.8319996 118.53996
16560000 -14.0509159 118.31457
16584000 -13.6121454 117.83257
16608000 -13.6582235 117.7348
16632000 -11.9569801 117.6606
16656000 -13.5397434 117.30006
16680000 -19.1697594 117.2377
16704000 -19.7084103 117.05548
16728000 -19.2336794 116.38156
16752000 -23.396648 116.65212
16776000 -17.4429418 117.17825
16800000 -17.8005213 116.84531
16824000 -34.2904169 117.90548
16848000 -23.5853155 118.68974
16872000 -31.6908875 119.28789
16896000 -24.0952851 119.66393
16920000 -22.030616 118.68578
16944000 -20.7156943 118.05644
16968000 -20.0650092 118.32818
16992000 -18.1436046 118.48677
17016000 -20.7021693 118.53494
17040000 -23.980819 118.75419
17064000 -27.2579056 118.00775
17088000 -27.3822588 116.92029
17112000 -29.0116594 117.65357
17136000 -25.9838493 118.18935
17160000 -23.0636699 119.21866
17184000 -19.5559356 119.18977
17208000 -27.4420192 119.0836
17232000 -27.7397543 121.26888
17256000 -32.1418251 122.10791
17280000 -21.4421132 122.87611
17304000 -22.2669297 122.21607
17328000 -30.9025961 120.4252
17352000 -40.0579558 120.11998
17376000 -22.966161 121.23982
17400000 -24.2886878 120.74016
17424000 -27.4204515 123.21161
17448000 -19.4816101 122.82544
17472000 -25.1097663 122.77785
17496000 -27.09529 123.65829
17520000 -29.7664813 123.50295
17544000 -26.8304637 123.6502
17568000 -18.3432088 123.09902
17592000 -16.4806347 122.45484
17616000 -23.944372 122.28352
17640000 -26.6396328 123.11391
17664000 -28.8399251 121.68033
17688000 -24.7109652 120.1658
17712000 -34.0833838 120.09648
17736000 -24.5499642 121.47473
17760000 -25.4727775 120.60489
17784000 -29.8605029 119.32142
17808000 -28.6986196 119.68105
17832000 -22.9750919 119.59604
17856000 -33.0643148 119.19858
17880000 -23.8390769 121.86476
17904000 -23.932706 121.79405
17928000 -24.2474628 122.66965
17952000 -27.3148452 122.46136
17976000 -27.4926254 125.55604
18000000 -24.767301 125.35705
18024000 -23.3440265 126.49316
18048000 -19.2006276 126.20296
18072000 -22.0566722 125.40042
18096000 -24.4265353 124.7592
18120000 -20.0623808 125.07283
18144000 -16.868771 125.02203
18168000 -17.8939197 125.15159
18192000 -17.3175423 125.29399
18216000 -18.7329806 124.84303
18240000 -22.6062762 124.18341
18264000 -22.1408943 124.38407
18288000 -18.9138751 124.30632
18312000 -23.485516 124.15166
18336000 -26.5074264 125.12891
18360000 -27.3110548 124.46682
18384000 -27.1909962 122.78311
18408000 -45.9678635 124.50446
18432000 -20.7167205 124.67969
18456000 -18.4525174 124.6266
18480000 -17.9384354 124.91742
18504000 -18.7103935 124.79049
18528000 -27.610364 124.36467
18552000 -27.2817766 125.11015
18576000 -17.9284974 124.51507
18600000 -15.6777129 124.18991
18624000 -17.5220691 124.43089
18648000 -19.0464439 124.62726
18672000 -35.5661103 125.1223
18696000 -24.9379368 126.9153
18720000 -31.9769499 128.08866
18744000 -22.8103669 129.01682
18768000 -24.5537203 129.90009
18792000 -19.3894733 130.44046
18816000 -24.3439045 130.24732
18840000 -31.6591913 132.97376
18864000 -23.7893687 133.85886
18888000 -17.3738509 133.85712
18912000 -22.3436721 133.17353
18936000 -23.4331427 136.96472
18960000 -21.96783908 135.91085
18984000 -32.3840129 139.51344
19008000 -30.1167853 139.93429
19032000 -16.34748882 140.46258
19056000 -16.72341408 140.13337
19080000 -21.86171689 141.29241
19104000 -14.8658525 141.52693
19128000 -19.00215231 141.20625
19152000 -20.78567305 141.61795
19176000 -17.8142729 141.25299
19200000 -23.0517619 141.44151
19224000 -14.5722817 142.27802
19248000 -12.8498687 142.11903
19272000 -16.6584312 142.73263
19296000 -14.158654 143.1327
19320000 -26.2693194 142.80882
19344000 -16.9873381 144.89332
19368000 -18.0345495 144.64051
19392000 -17.0520437 145.22587
19416000 -11.5690709 144.55551
19440000 -11.9235927 144.36301
19464000 -8.5011008 145.06132
19488000 -5.4540726 144.72763
19512000 -9.707214 144.72269
19536000 -8.8676899 145.72203
19560000 -9.1933142 145.55292
19584000 -20.3010167 146.72161
19608000 -7.7273361 146.91772
19632000 -8.7730562 146.30552
19656000 -8.1727629 146.36449
19680000 -5.8062813 145.92657
19704000 -10.6588268 146.09363
19728000 -4.451384 147.12112
19752000 -2.986911 146.16255
19776000 -11.8556075 145.73506
19800000 -19.010411 144.9964
19824000 -9.5601092 144.55399
19848000 -7.7181464 144.06573
19872000 -7.0258963 143.18959
19896000 -12.084381 141.64268
19920000 -15.7798284 142.28351
19944000 -8.738096 142.12081
19968000 -11.741469 142.58227
19992000 -8.950646 142.56667
20016000 -18.3460909 146.23741
20040000 -10.3597209 144.89892
20064000 -13.3202729 144.36089
20088000 -23.8266727 146.59998
20112000 -30.6620642 145.91039
20136000 -17.0538112 148.73357
20160000 -14.5246652 147.72949
20184000 -17.9275654 146.73046
20208000 -16.1508318 146.54335
20232000 -13.4976192 146.31575
20256000 -18.6263758 146.49905
20280000 -17.6632059 147.78144
20304000 -17.7724168 147.80986
20328000 -22.02482618 149.00261
20352000 -22.106733814 149.37228
20376000 -22.65617429 151.13159
20400000 -18.2193879 150.81096
20424000 -24.2480194 149.90442
20448000 -35.05083262 148.37732
20472000 -21.161622 149.90449
20496000 -14.87383238 149.53307
20520000 -18.30062252 149.29046
20544000 -23.1913183 150.08481
20568000 -24.7362916 150.70246
20592000 -22.1524852 151.15582
20616000 -21.9925462 150.7026
20640000 -24.5805418 150.48421
20664000 -20.1871132 150.94393
20688000 -16.8598955 150.69093
20712000 -19.966512 150.3488
20736000 -33.3740455 151.22397
20760000 -28.3753925 152.03787
20784000 -29.4729434 151.96121
20808000 -25.1443385 151.15601
20832000 -22.3019038 150.64176
20856000 -24.8898015 150.77368
20880000 -25.7250817 151.37623
20904000 -34.4717421 153.19096
20928000 -18.2935564 153.57769
20952000 -17.9408984 153.04868
20976000 -29.9736266 152.99487
21000000 -31.5484811 154.01648
21024000 -26.3829171 151.73019
21048000 -24.3260869 150.67322
21072000 -26.3866912 148.53592
21096000 -21.8762175 147.32175
21120000 -27.0992123 147.97399
21144000 -19.521836 148.39609
21168000 -21.2214903 147.9475
21192000 -26.1272073 148.54919
21216000 -19.5617203 148.42921
21240000 -17.47927 148.00673
21264000 -16.7904082 148.23258
21288000 -14.1531731 148.32837
21312000 -16.6797151 148.27363
21336000 -20.1379746 148.89588
21360000 -19.9774639 148.99175
21384000 -24.1777181 148.65929
21408000 -22.9647778 148.67178
21432000 -19.0459004 148.5368
21456000 -18.9859419 148.85003
21480000 -15.4858376 149.20448
21504000 -16.058531 149.09115
21528000 -23.0202317 149.7722
21552000 -18.5516751 150.00216
21576000 -18.3896405 149.23785
21600000 -20.0273966 148.72173
21624000 -18.0453302 149.09226
21648000 -16.7543331 149.02007
21672000 -24.3655176 149.52469
21696000 -19.6259211 150.23973
21720000 -23.3203322 149.89692
21744000 -33.9753169 151.09805
21768000 -24.5444977 149.96243
21792000 -19.5752838 149.12003
21816000 -23.1928966 148.94126
21840000 -22.8309449 149.50511
21864000 -23.7234597 148.49027
21888000 -21.1306892 146.81248
21912000 -25.5468007 146.49721
21936000 -22.778388 147.46075
21960000 -21.4308844 146.64474
21984000 -24.827906 145.23751
22008000 -32.0503781 145.504
22032000 -18.560961 146.09089
22056000 -18.404801 145.6465
22080000 -31.7353175 145.97717
22104000 -26.0682116 147.70011
22128000 -25.1508207 148.58281
22152000 -20.8027417 148.66136
22176000 -24.7590765 148.07808
22200000 -34.0073949 147.99475
22224000 -27.1582943 147.88656
22248000 -31.3157441 147.33733
22272000 -24.0053024 149.5798
22296000 -19.7805658 149.13771
22320000 -27.7040516 148.80327
22344000 -33.4338162 149.93268
22368000 -27.6749638 153.72352
22392000 -21.4182433 152.40973
22416000 -20.5711557 150.3849
22440000 -15.8983302 149.41169
22464000 -22.40836207 149.05485
22488000 -23.6588901 150.76146
22512000 -27.09296021 152.07509
22536000 -14.15529121 152.35408
22560000 -15.8500634 151.81307
22584000 -40.0904853 149.87386
22608000 -26.66464331 153.36134
22632000 -19.3348727 157.04469
22656000 -16.4472701 156.35991
22680000 -27.8267381 156.39851
22704000 -21.0550101 157.39662
22728000 -19.88680388 156.13332
22752000 -18.01507008 155.05848
22776000 -21.305228577 155.85562
22800000 -13.64565539 156.13969
22824000 -15.38583403 155.82486
22848000 -26.97956222 156.4035
22872000 -30.0600433 157.85046
22896000 -21.9134352 159.08866
22920000 -23.2430197 158.64359
22944000 -34.7130375 156.66682
22968000 -33.3227089 158.13003
22992000 -19.6107753 157.88689
23016000 -17.0611053 158.08206
23040000 -14.756279 158.11839
23064000 -19.4108138 157.58259
23088000 -21.600086 161.6327
23112000 -25.0319986 161.49044
23136000 -14.1443887 162.6445
23160000 -10.4041168 162.30741
23184000 -23.2517346 162.02193
23208000 -15.9383346 163.4958
23232000 -12.0881167 163.00936
23256000 -11.799944 162.433
23280000 -8.5400538 162.59937
23304000 -5.200762 162.5883
23328000 -7.671586 162.50998
23352000 -7.5866794 163.11551
23376000 -3.956448 163.17966
23400000 -7.246858 162.55339
23424000 -8.735518 162.61466
23448000 -8.807968 162.5653
23472000 -7.42768 162.89971
23496000 -4.7576221 163.07038
23520000 -3.460901 162.9221
23544000 -7.044165 162.65386
23568000 -11.9356731 162.04139
23592000 -15.331834 160.58752
23616000 -15.6092353 161.53351
23640000 -6.412617 161.05687
23664000 -8.911517 159.55082
23688000 -18.7278092 158.36707
23712000 -15.5226726 159.75117
23736000 -6.4857138 159.05316
23760000 -10.1792616 158.84965
23784000 -13.1501244 159.47486
23808000 -17.6890116 159.30915
23832000 -21.6897518 162.22208
23856000 -17.5448941 161.74539
23880000 -35.4001778 163.58751
23904000 -22.0002746 162.99119
23928000 -18.4075407 161.28969
23952000 -17.8715282 160.89091
23976000 -14.105482 161.59652
24000000 -10.0897438 161.52025
24024000 -14.2341243 161.42376
24048000 -16.6242437 161.69881
24072000 -15.9058768 160.67805
24096000 -13.6428084 159.6166
24120000 -15.2892489 159.81214
24144000 -12.159929 160.09491
24168000 -15.23977696 159.82184
24192000 -22.30859756 160.36009
24216000 -17.33965441 160.29754
24240000 -14.85912146 159.47919
24264000 -16.27077039 159.42899
24288000 -14.64333301 159.76679
24312000 -16.42043282 159.76753
24336000 -20.4713491 160.43996
24360000 -21.20271552 160.59417
24384000 -33.13387166 163.01609
24408000 -21.3773123 162.40893
24432000 -23.1100141 161.57325
24456000 -31.46342859 162.16423
24480000 -18.39700985 162.32807
24504000 -16.64657933 161.93738
24528000 -20.00505925 162.41417
24552000 -16.6336786 162.62917
24576000 -20.37921303 162.30312
24600000 -26.7501039 163.48601
24624000 -21.32222016 163.16777
24648000 -24.43578905 162.63962
24672000 -23.2776906 163.70935
24696000 -19.55794737 163.46697
24720000 -32.19187352 164.25861
24744000 -17.374867 165.27219
24768000 -15.5196248 165.16077
24792000 -15.5767853 165.05444
24816000 -16.2213339 164.52488
24840000 -16.704086 163.94784
24864000 -16.5851273 163.78751
24888000 -16.3703391 163.82721
24912000 -18.8185741 163.86515
24936000 -22.3490355 164.22935
24960000 -21.3785833 163.9204
24984000 -19.4104332 163.22117
25008000 -18.4672241 163.08875
25032000 -16.424328 163.20703
25056000 -17.7137591 162.9658
25080000 -33.3268868 162.10752
25104000 -23.8449787 165.15721
25128000 -34.871725 164.63388
25152000 -25.6841903 166.47424
25176000 -21.8454663 165.05588
25200000 -21.7427569 163.99724
25224000 -33.4899994 164.08713
25248000 -23.2652165 165.08037
25272000 -28.0101936 164.06522
25296000 -25.7450887 167.87629
25320000 -28.8741929 166.78511
25344000 -31.447349 169.84865
25368000 -32.3723051 169.26292
25392000 -30.869861 171.31424
25416000 -31.4352209 171.22282
25440000 -32.1528708 172.58131
25464000 -36.9551852 171.52692
25488000 -25.7209579 175.61054
25512000 -24.5449633 175.18588
25536000 -29.9845784 175.7019
25560000 -32.5595498 175.61711
25584000 -28.63476727 179.50686
25608000 -27.57211086 178.79496
25632000 -40.4973715 180.26549
25656000 -36.70925546 182.02786
25680000 -22.6205291 182.62342
25704000 -21.7103984 182.21671
25728000 -41.37310446 180.72054
25752000 -25.32389485 184.64946
25776000 -34.3026176 184.37506
25800000 -31.68984514 187.61138
25824000 -21.96168096 188.28821
25848000 -16.35575573 188.20558
25872000 -15.7371365 187.92812
25896000 -17.7944323 187.77207
25920000 -16.5227996 187.62433
25944000 -14.3380638 187.30298
25968000 -15.314227 187.24357
25992000 -15.8451592 187.38205
26016000 -19.6353049 187.133
26040000 -34.919273 188.08589
26064000 -29.4209667 187.56621
26088000 -22.8785368 186.59702
26112000 -24.4456344 186.73566
26136000 -23.6125538 187.59796
26160000 -20.6998776 188.78333
26184000 -14.4908568 188.84258
26208000 -17.2153531 188.72743
26232000 -26.6586288 190.27511
26256000 -19.4305305 190.51681
26280000 -27.1808737 191.45458
26304000 -22.6878647 191.88751
26328000 -27.1389646 195.62148
26352000 -20.0244882 194.47179
26376000 -25.5628444 193.93557
26400000 -28.8988964 195.07661
26424000 -21.5900363 194.36514
26448000 -18.1953761 194.07563
26472000 -14.381951 194.24537
26496000 -11.9579141 194.16682
26520000 -13.6999676 194.09285
26544000 -14.7588479 194.56161
26568000 -13.6037279 194.53875
26592000 -15.4324423 194.54005
26616000 -13.4367926 195.00272
26640000 -11.6275645 194.95444
26664000 -14.7294062 195.09504
26688000 -15.9275409 196.1002
26712000 -11.6462827 196.56809
26736000 -9.3405892 196.52496
26760000 -11.9863548 196.19783
26784000 -18.0923843 196.0567
26808000 -17.6127057 196.19047
26832000 -19.1388207 195.62679
26856000 -19.0797412 198.8375
26880000 -6.944307 198.29237
26904000 -6.282731 198.1957
26928000 -4.3084054 198.62527
26952000 -2.3380659 198.49481
26976000 -9.7145608 198.59994
27000000 -6.035303 199.47458
27024000 0.344067000000001 199.04127
27048000 0.229542 198.34937
27072000 0.804285 198.9118
27096000 9.515314 199.12108
27120000 1.02734 198.33923
27144000 -5.889202 199.5704
27168000 -6.926372 200.50938
27192000 -2.357724 200.23199
27216000 -1.353336 200.10176
27240000 -16.913162 199.41884
27264000 -17.661282 202.51267
27288000 -15.736411 202.80472
27312000 -18.85941 204.87168
27336000 -9.865175 205.42425
27360000 -10.928642 205.26124
27384000 -16.1610082 206.40716
27408000 -14.7575713 206.63209
27432000 -22.9790521 206.55421
27456000 -24.4840546 206.39259
27480000 -17.4030016 205.72426
27504000 -16.318913 205.8508
27528000 -13.553598 206.22291
27552000 -14.855415 205.81504
27576000 -22.975219 203.68899
27600000 -22.9130081 202.41673
27624000 -20.2496328 204.26954
27648000 -15.3083815 203.59067
27672000 -20.8397806 207.53004
27696000 -14.0883459 206.48847
27720000 -26.8919349 206.06093
27744000 -16.6434006 207.83255
27768000 -18.4069067 207.34825
27792000 -28.1835702 205.97744
27816000 -25.9750783 206.28037
27840000 -16.3910209 206.37022
27864000 -16.0786068 206.4679
27888000 -15.8821135 207.02966
27912000 -17.4629959 207.21152
27936000 -20.5932521 208.15334
27960000 -16.8951207 208.02638
27984000 -18.2679315 207.3515
28008000 -18.5854824 207.07142
28032000 -16.6086349 207.17028
28056000 -19.5424393 207.18163
28080000 -22.7812439 208.67316
28104000 -21.2473642 208.9547
28128000 -21.7279348 210.49355
28152000 -16.3025952 210.59349
28176000 -21.7930143 211.13986
28200000 -17.7215109 211.67229
28224000 -19.4243266 210.86515
28248000 -32.54218 209.69581
28272000 -21.7309721 211.61492
28296000 -16.6968369 211.04682
28320000 -22.9766348 211.58255
28344000 -18.7626045 212.38819
28368000 -25.6611382 213.32258
28392000 -14.2742966 214.13577
28416000 -14.4442975 214.03335
28440000 -17.6538112 214.40334
28464000 -17.4294828 214.31003
28488000 -19.5508854 213.82595
28512000 -18.221826 214.08536
28536000 -14.08805885 214.03018
28560000 -16.39822909 214.07096
28584000 -17.4529957 214.98099
28608000 -18.22970662 215.02695
28632000 -23.44008973 217.01413
28656000 -15.3126108 216.88317
28680000 -28.380967 216.69527
28704000 -19.5613786 218.54787
28728000 -19.0613698 217.37985
28752000 -21.64647106 215.97932
28776000 -25.85101919 216.73159
28800000 -17.20902747 216.7454
28824000 -20.936779499 216.21165
28848000 -31.252738457 216.29919
28872000 -21.71247031 215.6895
28896000 -16.955572728 215.06708
28920000 -20.93155939 215.29946
28944000 -15.2829068 216.44182
28968000 -12.87387293 216.37636
28992000 -13.27713978 216.53014
29016000 -12.64277705 216.30701
29040000 -15.12461673 215.76885
29064000 -18.022819677 215.73221
29088000 -15.7883197 215.91981
29112000 -18.11820546 215.88034
29136000 -21.667680109 217.10136
29160000 -15.88079551 217.3297
29184000 -20.06915583 217.29384
29208000 -21.71315945 217.94846
29232000 -21.23330564 217.75056
29256000 -26.31367812 218.08482
29280000 -18.77917756 218.59018
29304000 -16.2775919 218.36676
29328000 -20.462248 218.76898
29352000 -19.19157492 219.36829
29376000 -24.1028918 219.85766
29400000 -19.9812715 220.84316
29424000 -20.6475998 220.73181
29448000 -28.9372072 220.23041
29472000 -31.5076544 219.25808
29496000 -27.5684201 219.71586
29520000 -21.0084249 220.50894
29544000 -18.51844219 220.63602
29568000 -20.91948699 221.42543
29592000 -14.6004236 222.10343
29616000 -13.6420889 221.98056
29640000 -15.39431242 222.10287
29664000 -14.3780611 221.94311
29688000 -14.8917973 221.47914
29712000 -16.16251792 221.61253
29736000 -13.524738 221.85585
29760000 -15.4512236 221.68093
29784000 -24.4880958 222.43641
29808000 -22.5640282 223.18804
29832000 -30.90341206 224.05597
29856000 -21.62665941 224.5133
29880000 -17.4739604 223.76004
29904000 -16.8733721 223.32243
29928000 -16.3577631 223.656
29952000 -14.5468896 223.95473
29975999 -14.9229479 224.25672
29999999 -15.7499945 224.48002
30023999 -20.4918816 224.52138
30047999 -22.4609046 224.78332
30071999 -17.294497 224.32983
30095999 -14.3047002 224.01245
30119999 -15.3979244 224.35393
30143999 -13.9021261 224.82809
30167999 -14.2114233 225.21101
30191999 -14.485802 225.26785
30215999 -17.1690798 224.15282
30239999 -9.8160283 223.01992
30263999 -11.4826917 222.88666
30287999 -9.9177596 223.7147
30311999 -8.4790559 223.51892
30335999 -18.5924298 223.00731
30359999 -18.534753 222.91111
30383999 -6.3617448 222.15933
30407999 -6.2366437 221.38811
30431999 -14.2942951 221.59204
30455999 -11.79345 222.03733
30479999 -9.40859 220.64225
30503999 -8.853241 220.26654
30527999 -4.939072 220.84873
30551999 -2.094571 220.60961
30575999 -6.373637 220.75853
30599999 -25.872381 220.76714
30623999 -2.732449 218.5403
30647999 1.734369 218.52232
30671999 -1.67706 218.19904
30695999 -4.261193 219.04348
30719999 -3.261601 218.66583
30743999 14.38471 213.07551
30767999 26.90028 209.19686
30791999 4.328201 206.24077
30815999 3.889565 206.90731
30839999 7.649765 207.55616
30863999 2.735079 206.90918
30887999 -0.963709999999999 207.18316
30911999 -2.454769 206.97393
30935999 -6.719026 207.62859
30959999 -5.342613 207.74133
30983999 -7.948499 208.0282
31007999 -6.598966 208.38546
31031999 -6.737865 208.01024
31055999 -6.316871 207.40918
31079999 -8.036326 207.13611
31103999 -7.173436 207.45945
31127999 -4.801214 207.64664
31151999 -4.369034 207.37117
31175999 -6.8475044 207.22268
31199999 -7.5181407 207.1691
31223999 -6.2380903 207.04049
31247999 -6.5381771 206.85257
31271999 -10.1581117 206.85502
31295999 -10.8021334 207.38797
31319999 -11.4316641 207.2416
31343999 -18.0982434 206.83322
31367999 -19.8065184 208.00868
31391999 -15.6977934 207.58037
31415999 -20.2670555 207.81411
31439999 -16.1589346 208.55613
31463999 -17.6577009 208.91784
31487999 -15.8840083 209.78009
31511999 -21.8748158 209.47058
31535999 -19.4932675 212.41283
31559999 -19.652554 212.44926
31583999 -17.2404302 213.65168
31607999 -18.1208702 213.42294
31631999 -29.2732196 216.25541
31655999 -22.4261997 215.18683
31679999 -16.4181973 218.61992
31703999 -10.9500229 218.16645
31727999 -14.9871696 218.36727
31751999 -15.1533378 218.78905
31775999 -29.2105359 217.11955
31799999 -15.8704055 215.09457
31823999 -21.1035661 215.38455
31847999 -14.041569 216.43773
31871999 -13.075827 215.54927
31895999 -23.069153 214.57631
31919999 -18.3948003 216.44254
31943999 -9.4054845 215.72952
31967999 -11.1169604 215.43895
31991999 -12.6095943 216.02618
32015999 -10.4725593 216.02792
32039999 -12.9556559 215.84662
32063999 -12.7933075 215.86515
32087999 -11.9494444 215.52735
32111999 -17.1037994 215.86963
32135999 -11.0345 216.88913
32159999 -9.3599626 216.67962
32183999 -15.1862259 217.04161
32207999 -13.9454358 217.43679
32231999 -15.1750737 216.4896
32255999 -17.1461724 215.2126
32279999 -21.3975162 214.622
32303999 -31.6933585 213.2871
32327999 -19.201294 212.2844
32351999 -16.7427275 212.0544
32375999 -25.2952575 213.1657
32399999 -16.3373002 213.5588
32423999 -20.0346216 213.4143
32447999 -22.2098703 214.4519
32471999 -19.120602 213.4715
32495999 -15.9437738 212.3967
32519999 -17.503844 212.1246
32543999 -16.8735323 212.5901
32567999 -16.7475141 212.1635
32591999 -22.7894279 210.8673
32615999 -33.5724942 210.0587
32639999 -21.5452786 211.5542
32663999 -22.583647 211.0054
32687999 -22.3964424 213.3176
32711999 -18.5830235 213.1541
32735999 -19.868448 214.2699
32759999 -13.4895253 214.3533
32783999 -13.8086289 214.1553
32807999 -14.9248784 214.1741
32831999 -13.6331418 214.0656
32855999 -13.0536716 214.1399
32879999 -10.1183438 214.4313
32903999 -8.6276181 214.394
32927999 -10.4509265 214.5007
32951999 -11.2374119 214.846
32975999 -11.962273 214.7902
32999999 -16.0311713 214.7115
33023999 -16.8614718 215.1346
33047999 -15.682356 215.1064
33071999 -19.1766068 215.5387
33095999 -16.5267849 216.3818
33119999 -17.8310816 216.9649
33143999 -14.8361964 217.9362
33167999 -12.9880245 218.2054
33191999 -14.031882 218.5906
33215999 -15.327033 218.5743
33239999 -22.1761035 217.4014
33263999 -24.8633956 216.2781
33287999 -20.0346637 217.6353
33311999 -16.5274072 217.6561
33335999 -17.6059238 218.7238
33359999 -13.1149075 219.0054
33383999 -15.8051236 219.0929
33407999 -17.6278634 219.5156
33431999 -20.1705903 218.8023
33455999 -20.7610357 217.2038
33479999 -29.0438246 219.4636
33503999 -16.812889 219.2579
33527999 -16.7210237 219.8644
33551999 -11.026539 220.2059
33575999 -11.1098626 220.0807
33599999 -18.486261 220.2533
33623999 -20.0878332 220.7294
33647999 -22.9551263 220.0574
33671999 -19.4982001 220.4025
33695999 -10.4178433 220.2734
33719999 -7.8288981 219.944
33743999 -11.6991135 219.5935
33767999 -17.5621317 220.182
33791999 -17.0300248 220.1414
33815999 -17.1730179 219.6604
33839999 -18.1698534 219.9928
33863999 -14.598153 220.6094
33887999 -10.4266705 220.7513
33911999 -12.7502169 220.5484
33935999 -22.06494 220.853
33959999 -19.4069098 221.1711
33983999 -13.7271088 220.3414
34007999 -11.3405204 220.1934
34031999 -10.8743918 220.4646
34055999 -11.507232 220.7176
34079999 -16.9221679 221.5315
34103999 -9.463694 222.268
34127999 -12.9480816 221.2369
34151999 -15.0011722 219.992
34175999 -14.9912202 219.7638
34199999 -13.083559 220.321
34223999 -13.4061727 220.4044
34247999 -20.617931 221.1214
34271999 -24.7027432 221.4165
34295999 -18.4206519 225.438
34319999 -10.339727 225.262
34343999 -8.5639516 225.2439
34367999 -7.4275528 225.3
34391999 -7.272753 225.1745
34415999 -7.080765 225.1701
34439999 -4.399021 225.0682
34463999 -4.325405 224.8393
34487999 -5.093995 225.252
34511999 -2.964068 225.4699
34535999 -5.742676 225.2702
34559999 -10.4086771 225.4333
34583999 -24.338414 227.2079
34607999 -10.5648989 227.2278
34631999 -12.7799978 227.4052
34655999 -10.4544675 227.6799
34679999 -10.9790545 227.3058
34703999 -13.2381424 227.5286
34727999 -8.3176375 227.6824
34751999 -8.0453971 227.4309
34775999 -12.216944 227.596
34799999 -13.1267634 228.5476
34823999 -11.2374239 228.8938
34847999 -10.7119457 229.3494
34871999 -8.2153786 229.5012
34895999 -8.0299381 229.5742
34919999 -5.292355 229.8262
34943999 -0.9452129 229.7891
34967999 0.3859335 229.6979
34991999 1.8618356 229.877
35015999 4.0490516 229.8046
35039999 2.7398277 229.5739
35063999 0.8325363 229.5865
35087999 0.5693509 229.5209
35111999 -0.1106389 229.4245
35135999 0.2971763 229.4365
35159999 -0.339513699999999 229.3284
35183999 -4.1666651 229.6827
35207999 -3.389969 230.1867
35231999 -4.135695 230.0358
35255999 -7.62422 230.2195
35279999 -7.637718 229.8001
35303999 -17.758841 228.6318
35327999 -24.3756872 230.0079
35351999 -26.9561635 229.2127
35375999 -14.176663 232.0979
35399999 -9.9883159 231.6967
35423999 -11.8747758 231.6495
35447999 -12.3640209 231.9429
35471999 -14.0527006 231.5062
35495999 -17.9338018 230.6931
35519999 -16.1093201 231.2409
35543999 -9.1487055 231.1001
35567999 -10.433126 230.7255
35591999 -17.1259942 231.8614
35615999 -14.543962 231.8307
35639999 -21.173531 229.8316
35663999 -21.9396913 228.8284
35687999 -12.5492143 230.2807
35711999 -7.4986592 229.8309
35735999 -14.6586319 229.422
35759999 -20.8742653 230.0501
35783999 -17.2534221 229.3778
35807999 -17.9088955 229.0451
35831999 -11.657408 229.7987
35855999 -7.0506817 229.6161
35879999 -13.0678315 229.611
35903999 -13.0430576 230.6037
35927999 -10.2149892 230.2618
35951999 -13.9166493 229.3001
35975999 -15.6496742 229.3836
35999999 -11.4335562 229.4852
36023999 -13.9840126 229.5687
36047999 -11.7756802 230.4875
36071999 -9.4134055 230.2837
36095999 -14.2745415 229.7336
36119999 -17.1669453 229.2666
36143999 -12.7053356 228.6969
36167999 -15.1439375 227.7205
36191999 -20.0722863 231.182
36215999 -14.373312 230.1592
36239999 -22.3902613 229.1717
36263999 -28.7464696 229.9984
36287999 -14.7880323 229.2883
36311999 -13.4370292 228.672
36335999 -17.4799248 229.6466
36359999 -11.8155042 229.6311
36383999 -16.4562352 228.6494
36407999 -23.4062096 226.5779
36431999 -24.6121098 224.5572
36455999 -22.1872357 222.9848
36479999 -22.0337181 223.4364
36503999 -18.6318475 223.4548
36527999 -30.4920599 226.5113
36551999 -18.5077129 225.6702
36575999 -28.1563172 228.9732
36599999 -13.3537623 227.7238
36623999 -16.8887643 227.7018
36647999 -12.4131199 228.5929
36671999 -11.0461333 228.0271
36695999 -17.3144062 227.8408
36719999 -12.7895512 228.5859
36743999 -7.9644864 228.0865
36767999 -8.3560072 228.1409
36791999 -5.7255819 228.3983
36815999 -4.6889278 228.3759
36839999 -5.2039269 228.5311
36863999 -4.9290386 228.6144
36887999 -5.9547815 228.6209
36911999 -5.675985 228.8147
36935999 -3.2873177 228.8041
36959999 -2.72114874 228.7184
36983999 -2.40726162 228.807
37007999 -2.08372833 228.7842
37031999 -4.268965846 228.7251
37055999 -7.1173098 228.8443
37079999 -9.24810266 228.8506
37103999 -13.4457509 228.8933
37127999 -14.7887837 229.4351
37151999 -13.624041 229.5509
37175999 -18.042289 229.8467
37199999 -17.2031315 231.0395
37223999 -12.86824074 231.4479
37247999 -11.03257047 231.5918
37271999 -11.511205 231.6282
37295999 -13.7995381 231.865
37319999 -11.9075185 232.0699
37343999 -11.7079287 231.8516
37367999 -15.3301445 232.1627
37391999 -10.3207501 232.7704
37415999 -9.040012 232.7313
37439999 -10.0399929 233.1142
37463999 -8.889564 233.2205
37487999 -16.1219199 233.1579
37511999 -13.085377 234.8042
37535999 -11.418339 233.5956
37559999 -8.651623 232.0781
37583999 -3.318223 230.3209
37607999 -5.231226 228.599
37631999 -10.830157 230.1357
37655999 1.936624 230.9238
37679999 -0.902004000000002 230.8482
37703999 -4.992542 231.9488
37727999 -1.932132 232.1199
37751999 -4.412434 231.5297
37775999 -6.404768 231.4392
37799999 -3.620298 231.4781
37823999 -4.977314 231.4082
37847999 -9.122356 232.2484
37871999 -5.707847 232.2783
37895999 -8.121208 231.746
37919999 -11.138877 231.58
37943999 -7.229908 231.3821
37967999 -6.039475 230.881
37991999 -12.551351 231.3173
38015999 -11.6950525 231.6455
38039999 -14.824653 230.7173
38063999 -34.4425272 228.4922
38087999 -14.1993454 231.2102
38111999 -8.4645192 230.547
38135999 -16.2026932 229.603
38159999 -21.9473583 232.947
38183999 -30.4124707 232.8435
38207999 -16.680349 234.7683
38231999 -22.948078 235.5976
38255999 -11.7582336 236.4236
38279999 -13.5567426 235.7309
38303999 -24.4247902 239.8378
38327999 -23.3078617 238.9946
38351999 -18.014802 240.5407
38375999 -18.2912753 240.0999
38399999 -23.981644 242.4732
38423999 -14.839184 241.7449
38447999 -16.9186449 240.9281
38471999 -13.166187 240.9684
38495999 -7.325364 240.6051
38519999 -10.2982184 240.4472
38543999 -15.23463 241.4553
38567999 -10.469696 241.9992
38591999 -11.563219 242.6691
38615999 -8.522566 243.1653
38639999 -12.952174 243.2856
38663999 -14.961731 244.2717
38687999 -15.54312 244.2454
38711999 -13.857821 243.9174
38735999 -7.633335 243.6072
38759999 -4.7087 243.1659
38783999 -13.031076 243.4947
38807999 -7.3416626 244.4738
38831999 -4.954507 244.5202
38855999 -8.233208 244.6575
38879999 -9.182946 244.8879
38903999 -10.862843 244.5635
38927999 -14.544019 244.6474
38951999 -10.894985 244.7581
38975999 -11.558442 244.4948
38999999 -23.064482 245.3243
39023999 -21.388911 245.7927
39047999 -24.11864 248.4504
39071999 -21.420363 246.5266
39095999 -11.754239 244.683
39119999 -9.064972 244.1379
39143999 -11.815803 243.0662
39167999 -21.197514 242.0712
39191999 -15.53181 242.5939
39215999 -13.583983 241.884
39239999 -24.6661205 244.431
39263999 -14.7460526 243.9774
39287999 -27.7329693 243.6995
39311999 -16.9841454 245.5002
39335999 -16.592229 244.8232
39359999 -23.4373295 244.1783
39383999 -20.1417535 244.9871
39407999 -14.9756336 244.8818
39431999 -15.501561 245.0399
39455999 -15.3016263 245.5394
39479999 -16.1270156 246.0759
39503999 -14.8986566 246.5957
39527999 -18.5122772 246.7995
39551999 -22.1955201 248.018
39575999 -22.6330488 247.7164
39599999 -26.6288651 245.659
39623999 -28.0537313 245.5612
39647999 -19.227271 246.846
39671999 -18.3539054 246.7615
39695999 -20.6686096 247.6958
39719999 -18.0958459 248.1095
39743999 -19.5465827 248.9198
39767999 -15.6897679 248.8902
39791999 -19.3691172 247.5933
39815999 -22.5925797 251.4481
39839999 -18.6172324 249.612
39863999 -15.1617336 247.6661
39887999 -12.9103792 245.7726
39911999 -12.9526257 245.0095
39935999 -19.142518 245.8735
39959999 -10.6255929 246.1071
39983999 -12.2285401 246.0855
40007999 -12.7544388 246.4293
40031999 -12.441541 245.9832
40055999 -14.4412265 245.215
40079999 -21.0537547 245.0885
40103999 -16.8408922 245.7262
40127999 -16.2879129 245.1268
40151999 -14.0595645 243.6761
40175999 -11.3786498 243.2676
40199999 -8.536505 243.3994
40223999 -10.051641 243.0825
40247999 -24.388148 244.0817
40271999 -15.6811063 245.2672
40295999 -14.554887 245.2527
40319999 -22.8033126 245.2141
40343999 -27.8096757 247.0857
40367999 -15.25799 246.5136
40391999 -10.026248 245.6565
40415999 -12.1737087 245.4545
40439999 -14.320878 246.3933
40463999 -11.5235715 246.6354
40487999 -16.535978 247.1225
40511999 -16.219645 247.9061
40535999 -25.308188 250.5348
40559999 -14.695334 250.3514
40583999 -32.366285 252.7934
40607999 -11.046703 252.1486
40631999 -13.395587 251.7379
40655999 -25.417546 250.5391
40679999 -21.819396 251.092
40703999 -14.120814 250.8722
40727999 -15.854157 251.4615
40751999 -9.291838 252.3041
40775999 -7.959246 252.573
40799999 -7.194939 252.8425
40823999 -10.0816167 252.83
40847999 -15.2520464 253.1878
40871999 -11.900718 253.1669
40895999 -12.423397 252.2942
40919999 -19.964162 253.3609
40943999 -7.123747 253.787
40967999 -7.526129 253.7482
40991999 -6.903104 254.8116
41015999 -1.179565 254.6884
41039999 -6.003843 254.2743
41063999 -10.224548 254.6648
41087999 -3.721608 254.3405
41111999 -6.287264 253.5901
41135999 -8.730143 254.2236
41159999 -4.910131 254.39
41183999 -14.417475 253.7538
41207999 -14.81097 257.0568
41231999 -11.477864 256.9363
41255999 -10.81251 257.2961
41279999 -8.508575 257.0847
41303999 -6.186109 256.4334
41327999 -5.970346 256.4606
41351999 -2.054184 256.8455
41375999 0.364659 257.0554
41399999 -2.550994 257.0719
41423999 -6.19494 257.5791
41447999 -12.265178 257.8645
41471999 -12.382217 257.3678
41495999 -3.500478 256.9086
41519999 -1.86263 256.392
41543999 -13.942009 259.7951
41567999 -4.845834 259.1584
41591999 -4.828732 259.7025
41615999 -5.98697 259.8379
41639999 -24.627459 262.0647
41663999 -12.110908 262.7443
41687999 -12.941204 266.6727
41711999 -3.786192 264.8216
41735999 -5.467325 264.7025
41759999 -7.130833 264.971
41783999 -9.218635 264.6522
41807999 -15.872941 263.9485
41831999 -14.374091 266.3795
41855999 -9.015145 265.3567
41879999 -18.674678 265.5087
41903999 -6.50061 267.6827
41927999 -3.870116 267.4381
41951999 -4.857502 267.8568
41975999 -3.395744 267.7876
41999999 -9.219897 267.6589
42023999 -6.7961 268.023
42047999 -4.43209 267.6363
42071999 -9.0467269 267.6186
42095999 -6.895022 268.7049
42119999 -4.041488 268.7095
42143999 -9.1822226 269.0763
42167999 -9.0298211 269.6789
42191999 -11.3814473 269.4622
42215999 -22.8317992 269.1776
42239999 -21.6152418 269.1285
42263999 -14.8528746 268.7579
42287999 -14.141005 268.9426
42311999 -12.0316249 269.2384
42335999 -13.4994384 269.1103
42359999 -22.7833475 269.6132
42383999 -23.641042 270.0801
42407999 -28.4417338 269.5564
42431999 -23.7521363 269.4929
42455999 -19.1965702 269.2187
42479999 -24.8413525 268.8455
42503999 -23.517941 271.2401
42527999 -23.3509772 271.7355
42551999 -15.9068346 272.4001
42575999 -16.3832279 272.0253
42599999 -24.507788 272.976
42623999 -15.9972167 272.7397
42647999 -12.4975295 271.7432
42671999 -13.912512 271.3308
42695999 -13.8454432 272.0172
42719999 -11.9414555 272.1255
42743999 -15.3592378 272.7156
42767999 -12.0968563 273.3161
42791999 -15.8163766 273.563
42815999 -13.3381045 274.7477
42839999 -8.7891904 274.5515
42863999 -10.3742377 274.2033
42887999 -11.8508391 274.1253
42911999 -12.7789408 274.1988
42935999 -11.7843046 274.8046
42959999 -7.4026042 275.1092
42983999 -5.9729391 275.1269
43007999 -6.5066725 275.3815
43031999 -4.7775829 275.5288
43055999 -4.3914044 275.2495
43079999 -7.9316025 275.2382
43103999 -8.005837 275.5364
43127999 -8.5173738 275.6578
43151999 -9.2015085 276.2779
43175999 -6.6373041 276.5314
43199999 -7.9180607 276.482
43223999 -15.6460442 276.3456
43247999 -26.0947842 280.6493
43271999 -15.5783205 279.5625
43295999 -16.607163 278.6843
43319999 -22.5559639 279.3926
43343999 -9.8888458 279.6412
43367999 -7.2442867 278.9805
43391999 -13.4452489 278.8912
43415999 -14.178598 279.8739
43439999 -12.4707649 279.5905
43463999 -17.5422306 279.6255
43487999 -12.8781762 280.3828
43511999 -8.6083056 280.1121
43535999 -9.2110817 280.3219
43559999 -7.0198243 280.6254
43583999 -8.313482 280.58
43607999 -10.6133492 281.0045
43631999 -9.9750094 280.9024
43655999 -12.222465 280.2854
43679999 -13.0196786 280.4076
43703999 -9.0993196 280.348
43727999 -12.3482519 280.0932
43751999 -14.8257637 281.2708
43775999 -11.544355 281.1783
43799999 -19.780685 280.2426
43823999 -22.2423035 281.1449
43847999 -9.267687 280.7798
43871999 -8.680427 280.2114
43895999 -12.8424645 281.292
43919999 -5.668534 281.5243
43943999 -8.492215 281.0231
43967999 -17.195353 282.1169
43991999 -14.352713 282.0819
44015999 -12.547792 281.2715
44039999 -11.003864 281.5945
44063999 -5.083481 281.6231
44087999 -6.498049 281.2352
44111999 -13.9349444 281.7613
44135999 -11.4549625 282.3938
44159999 -14.62294 281.6201
44183999 -22.0064723 279.9725
44207999 -27.0961559 279.0743
44231999 -22.2563721 282.7303
44255999 -17.4870654 282.3661
44279999 -19.6549851 282.6211
44303999 -18.5298854 283.553
44327999 -16.2294969 283.6508
44351999 -15.46978 283.4922
44375999 -10.315668 282.8689
44399999 -8.8252966 282.4853
44423999 -8.923788 282.59
44447999 -8.883516 282.896
44471999 -9.355122 282.9506
44495999 -12.671732 282.9118
44519999 -15.183432 282.8231
44543999 -14.473262 282.2591
44567999 -16.336067 281.7328
44591999 -25.750216 283.3488
44615999 -13.768945 282.7889
44639999 -14.371387 281.6714
44663999 -10.704353 280.0124
44687999 -11.17813 278.3987
44711999 -14.6695778 277.4451
44735999 -19.766312 277.639
44759999 -14.6662418 277.9081
44783999 -16.169205 278.2181
44807999 -10.9686623 278.8283
44831999 -7.4892853 278.3967
44855999 -9.6542002 278.193
44879999 -8.9440731 278.4533
44903999 -7.611271 278.4203
44927999 -8.1181621 278.7721
44951999 -3.9382366 279.0561
44975999 -3.6020248 278.7683
44999999 -7.4812867 278.7813
45023999 -8.3681777 279.0035
45047999 -8.3548858 278.6921
45071999 -12.3399645 278.6743
45095999 -11.7474888 279.337
45119999 -9.6272971 279.3878
45143999 -12.7917453 279.712
45167999 -13.2187867 280.3352
45191999 -17.2431636 280.7096
45215999 -16.3900683 281.8435
45239999 -13.5720619 281.7876
45263999 -14.8963509 281.3969
45287999 -15.0395791 281.1084
45311999 -14.2658906 280.8822
45335999 -18.4871467 281.3016
45359999 -14.471137 281.9836
45383999 -17.0195934 281.866
45407999 -17.4938012 284.037
45431999 -9.6757627 283.6154
45455999 -8.94002 283.0173
45479999 -11.4657442 282.6942
45503999 -11.5427988 282.9138
45527999 -8.742429 283.2226
45551999 -6.701948 283.1561
45575999 -8.657227 283.1953
45599999 -12.10337 283.1326
45623999 -16.269772 282.7633
45647999 -16.236691 282.7302
45671999 -14.664824 283.3402
45695999 -6.405014 283.4277
45719999 -7.366526 282.9395
45743999 -15.781926 282.6072
45767999 -13.460723 285.1021
45791999 -9.414099 284.4133
45815999 -9.696055 284.0335
45839999 -8.857463 283.7762
45863999 -10.4400634 283.6068
45887999 -17.7453415 283.5225
45911999 -15.350746 285.4505
45935999 -15.7656797 284.871
45959999 -25.4127063 285.4404
45983999 -14.729913 285.7674
46007999 -13.0012871 285.2218
46031999 -9.9044955 285.2715
46055999 -6.044678 284.9368
46079999 -9.9568635 284.8629
46103999 -10.6726387 285.5624
46127999 -9.0567891 285.4272
46151999 -14.3793945 285.2044
46175999 -17.0264533 285.7567
46199999 -12.110655 285.5094
46223999 -16.9406916 285.3063
46247999 -20.0364001 287.035
46271999 -10.796656 287.544
46295999 -9.5350491 287.6498
46319999 -11.8076447 287.944
46343999 -13.838619 288.7235
46367999 -12.9196437 288.8951
46391999 -18.928288 288.2218
46415999 -14.877272 292.111
46439999 -22.553062 291.272
46463999 -25.449885 294.1792
46487999 -29.320286 293.5212
46511999 -33.15951 296.5321
46535999 -20.765843 298.5355
46559999 -11.43722 298.2299
46583999 -25.133695 296.6849
46607999 -12.258405 300.7065
46631999 -11.213485 300.4852
46655999 -14.178926 300.9063
46679999 -13.065858 300.7884
46703999 -11.082708 300.5428
46727999 -5.766709 300.6623
46751999 -2.380086 300.6692
46775999 -1.58587 300.741
46799999 -6.742055 301.0146
46823999 -6.648087 301.914
46847999 -7.797874 302.32
46871999 -13.140975 302.5899
46895999 -15.564393 305.0741
46919999 -2.66637 304.4612
46943999 -2.576858 303.1681
46967999 -1.702302 302.9431
46991999 4.904196 302.8931
47015999 4.475246 302.5843
47039999 4.5429 303.0026
47063999 7.461161 303.2085
47087999 -1.120939 303.0332
47111999 -14.608114 302.9941
47135999 -10.677805 303.0654
47159999 -10.276676 302.6397
47183999 -21.149846 304.4587
47207999 -5.782497 305.3394
47231999 -5.351917 305.1517
47255999 -4.387748 305.826
47279999 -1.730085 305.6094
47303999 -13.485726 305.194
47327999 -14.518959 306.6233
47351999 -7.417576 306.1253
47375999 -6.295996 305.5543
47399999 -8.608361 306.0258
47423999 -6.559558 306.1247
47447999 -13.336324 305.2792
47471999 -21.813199 309.1057
47495999 -17.138419 309.0843
47519999 -18.733922 308.7983
47543999 -34.935676 311.8873
47567999 -19.557923 310.963
47591999 -12.558604 309.608
47615999 -12.582241 309.0518
47639999 -11.328365 309.7392
47663999 -6.015443 309.5931
47687999 -9.1756588 309.5402
47711999 -12.668304 309.9559
47735999 -12.15887 309.7686
47759999 -16.628167 309.2463
47783999 -16.959702 309.9871
47807999 -9.958827 310.2226
47831999 -8.386708 310.254
47855999 -7.77284 310.4539
47879999 -11.979602 310.3574
47903999 -19.732278 312.4216
47927999 -13.907143 312.439
47951999 -24.770418 313.1175
