   2.1862272e+01
   2.1632814e+01
   2.0930494e+01
   1.9709581e+01
   1.7878637e+01
   1.5268797e+01
   1.1577077e+01
   6.5097795e+00
   3.2201797e+00
   5.8693204e+00
   8.0325682e+00
   8.6578811e+00
   7.9475992e+00
   5.8185823e+00
   1.6320300e+00
  -6.1498066e+00
  -3.0223943e+00
   2.4796581e+00
   5.0959860e+00
   6.2516011e+00
   6.5819336e+00
   6.5725003e+00
   6.6922712e+00
   7.1494648e+00
   7.7091819e+00
   7.9659264e+00
   7.5906263e+00
   6.3345146e+00
   4.1855211e+00
   3.0384753e+00
   5.9356531e+00
   9.6896662e+00
   1.2592963e+01
   1.4687883e+01
   1.6164767e+01
   1.7173918e+01
   1.7835720e+01
   1.8257008e+01
   1.8534254e+01
   1.8741659e+01
   1.8912050e+01
   1.9028269e+01
   1.9036507e+01
   1.8874311e+01
   1.8501255e+01
   1.7934629e+01
   1.7302194e+01
   1.6883457e+01
   1.6988955e+01
   1.7641177e+01
   1.8529197e+01
   1.9318754e+01
   1.9817626e+01
   1.9954094e+01
   1.9747029e+01
   1.9338830e+01
   1.9078225e+01
   1.9445425e+01
   2.0580598e+01
   2.2103599e+01
   2.3592738e+01
   2.4840446e+01
   2.5790455e+01
   2.6456086e+01
   2.6885041e+01
   2.7149980e+01
   2.7343866e+01
   2.7563960e+01
   2.7878531e+01
   2.8294840e+01
   2.8759400e+01
   2.9191764e+01
   2.9521907e+01
   2.9712043e+01
   2.9767246e+01
   2.9744092e+01
   2.9754066e+01
   2.9938154e+01
   3.0393097e+01
   3.1098790e+01
   3.1933806e+01
   3.2757319e+01
   3.3466576e+01
   3.4007130e+01
   3.4363506e+01
   3.4550934e+01
   3.4613013e+01
   3.4621514e+01
   3.4668754e+01
   3.4842098e+01
   3.5185663e+01
   3.5679394e+01
   3.6258037e+01
   3.6851010e+01
   3.7410987e+01
   3.7922168e+01
   3.8395649e+01
   3.8858739e+01
   3.9341111e+01
   3.9860866e+01
   4.0415928e+01
   4.0984942e+01
   4.1536051e+01
   4.2037550e+01
   4.2465553e+01
   4.2807544e+01
   4.3063077e+01
   4.3242939e+01
   4.3367304e+01
   4.3462614e+01
   4.3556850e+01
   4.3673702e+01
   4.3827477e+01
   4.4021103e+01
   4.4248220e+01
   4.4497936e+01
   4.4759526e+01
   4.5024968e+01
   4.5288798e+01
   4.5546141e+01
   4.5790333e+01
   4.6011456e+01
   4.6196464e+01
   4.6330786e+01
   4.6400775e+01
   4.6396325e+01
   4.6313283e+01
   4.6155531e+01
   4.5936569e+01
   4.5680061e+01
   4.5418177e+01
   4.5186420e+01
   4.5014924e+01
   4.4919259e+01
   4.4895948e+01
   4.4925819e+01
   4.4982938e+01
   4.5043729e+01
   4.5092402e+01
   4.5122005e+01
   4.5132338e+01
   4.5126415e+01
   4.5107015e+01
   4.5074557e+01
   4.5026940e+01
   4.4961186e+01
   4.4875998e+01
   4.4773994e+01
   4.4662555e+01
   4.4552575e+01
   4.4455166e+01
   4.4377337e+01
   4.4318569e+01
   4.4270156e+01
   4.4217821e+01
   4.4146477e+01
   4.4045210e+01
   4.3910983e+01
   4.3750263e+01
   4.3578190e+01
   4.3415106e+01
   4.3280836e+01
   4.3188440e+01
   4.3140211e+01
   4.3128042e+01
   4.3137798e+01
   4.3155074e+01
   4.3169552e+01
   4.3176558e+01
   4.3175997e+01
   4.3169742e+01
   4.3158890e+01
   4.3142170e+01
   4.3116163e+01
   4.3077126e+01
   4.3023469e+01
   4.2957716e+01
   4.2886948e+01
   4.2821297e+01
   4.2770753e+01
   4.2741500e+01
   4.2733551e+01
   4.2741078e+01
   4.2755513e+01
   4.2770072e+01
   4.2783810e+01
   4.2803655e+01
   4.2843464e+01
   4.2919926e+01
   4.3046364e+01
   4.3226933e+01
   4.3454109e+01
   4.3710756e+01
   4.3975286e+01
   4.4227110e+01
   4.4450286e+01
   4.4634844e+01
   4.4776322e+01
   4.4874315e+01
   4.4930739e+01
   4.4948276e+01
   4.4929332e+01
   4.4875609e+01
   4.4788240e+01
   4.4668267e+01
   4.4517103e+01
   4.4336719e+01
   4.4129364e+01
   4.3896857e+01
   4.3639728e+01
   4.3356601e+01
   4.3044244e+01
   4.2698513e+01
   4.2316144e+01
   4.1897076e+01
   4.1446775e+01
   4.0977810e+01
   4.0509674e+01
   4.0065810e+01
   3.9667585e+01
   3.9326885e+01
   3.9040999e+01
   3.8793070e+01
   3.8558053e+01
   3.8310916e+01
   3.8033450e+01
   3.7717974e+01
   3.7367835e+01
   3.6995110e+01
   3.6615952e+01
   3.6244479e+01
   3.5887167e+01
   3.5540226e+01
   3.5191354e+01
   3.4824964e+01
   3.4428457e+01
   3.3997240e+01
   3.3537192e+01
   3.3064052e+01
   3.2599538e+01
   3.2164842e+01
   3.1773683e+01
   3.1428319e+01
   3.1120755e+01
   3.0838178e+01
   3.0569110e+01
   3.0307029e+01
   3.0050267e+01
   2.9799114e+01
   2.9552305e+01
   2.9305172e+01
   2.9050686e+01
   2.8782924e+01
   2.8501164e+01
   2.8212420e+01
   2.7930697e+01
   2.7672279e+01
   2.7448395e+01
   2.7258775e+01
   2.7090133e+01
   2.6920810e+01
   2.6729033e+01
   2.6500838e+01
   2.6234955e+01
   2.5943597e+01
   2.5648796e+01
   2.5374599e+01
   2.5137386e+01
   2.4938939e+01
   2.4766487e+01
   2.4599689e+01
   2.4420173e+01
   2.4218736e+01
   2.3997751e+01
   2.3768633e+01
   2.3545655e+01
   2.3338738e+01
   2.3148714e+01
   2.2967673e+01
   2.2784006e+01
   2.2589059e+01
   2.2381786e+01
   2.2169226e+01
   2.1962518e+01
   2.1770221e+01
   2.1592418e+01
   2.1419237e+01
   2.1235010e+01
   2.1025897e+01
   2.0787313e+01
   2.0528032e+01
   2.0268942e+01
   2.0035670e+01
   1.9846900e+01
   1.9704141e+01
   1.9589792e+01
   1.9475133e+01
   1.9333131e+01
   1.9149336e+01
   1.8927247e+01
   1.8687167e+01
   1.8458341e+01
   1.8265877e+01
   1.8117890e+01
   1.8000825e+01
   1.7886471e+01
   1.7745930e+01
   1.7562715e+01
   1.7340177e+01
   1.7101740e+01
   1.6883228e+01
   1.6717970e+01
   1.6620480e+01
   1.6578967e+01
   1.6562333e+01
   1.6536073e+01
   1.6476651e+01
   1.6378281e+01
   1.6251616e+01
   1.6115959e+01
   1.5987766e+01
   1.5870245e+01
   1.5749648e+01
   1.5600331e+01
   1.5395269e+01
   1.5116678e+01
   1.4763336e+01
   1.4353304e+01
   1.3920665e+01
   1.3504509e+01
   1.3131509e+01
   1.2800546e+01
   1.2480505e+01
   1.2123249e+01
   1.1682599e+01
   1.1129888e+01
   1.0463645e+01
   9.7144069e+00
   8.9422263e+00
   8.2192315e+00
   7.5946029e+00
   7.0613849e+00
   6.5557394e+00
   5.9894594e+00
   5.2857527e+00
   4.3983298e+00
   3.3155612e+00
   2.0549166e+00
   6.4371938e-01
  -9.2336717e-01
  -2.7502558e+00
  -5.1265663e+00
  -8.7374422e+00
  -1.5865472e+01
  -2.1601464e+01
  -1.0413380e+01
  -5.6771709e+00
  -2.8636029e+00
  -1.0020360e+00
   3.1472752e-01
   1.3357980e+00
   2.2367492e+00
   3.1207232e+00
   4.0091807e+00
   4.8615069e+00
   5.6163807e+00
   6.2251708e+00
   6.6656664e+00
   6.9430204e+00
   7.0858721e+00
   7.1397482e+00
   7.1562230e+00
   7.1780990e+00
   7.2270402e+00
   7.3031992e+00
   7.3992706e+00
   7.5199781e+00
   7.6934413e+00
   7.9640463e+00
   8.3660759e+00
   8.8948434e+00
   9.5009235e+00
   1.0112258e+01
   1.0662859e+01
   1.1109764e+01
   1.1437261e+01
   1.1654820e+01
   1.1792561e+01
   1.1893946e+01
   1.2004025e+01
   1.2154644e+01
   1.2353473e+01
   1.2584339e+01
   1.2818690e+01
   1.3030237e+01
   1.3205074e+01
   1.3344757e+01
   1.3463286e+01
   1.3579905e+01
   1.3710343e+01
   1.3860157e+01
   1.4023452e+01
   1.4187343e+01
   1.4339198e+01
   1.4472743e+01
   1.4590625e+01
   1.4702885e+01
   1.4822300e+01
   1.4958625e+01
   1.5114458e+01
   1.5284795e+01
   1.5460249e+01
   1.5631864e+01
   1.5794953e+01
   1.5950403e+01
   1.6103272e+01
   1.6259683e+01
   1.6423628e+01
   1.6595307e+01
   1.6771788e+01
   1.6949443e+01
   1.7126729e+01
   1.7305779e+01
   1.7491965e+01
   1.7691560e+01
   1.7908563e+01
   1.8142253e+01
   1.8386734e+01
   1.8632624e+01
   1.8869952e+01
   1.9090878e+01
   1.9291253e+01
   1.9470724e+01
   1.9631682e+01
   1.9777643e+01
   1.9911774e+01
   2.0036091e+01
   2.0151520e+01
   2.0258585e+01
   2.0358197e+01
   2.0452021e+01
   2.0542172e+01
   2.0630387e+01
   2.0717146e+01
   2.0801312e+01
   2.0880632e+01
   2.0952985e+01
   2.1017873e+01
   2.1077481e+01
   2.1136726e+01
   2.1202089e+01
   2.1279531e+01
   2.1372277e+01
   2.1479503e+01
   2.1596581e+01
   2.1716800e+01
   2.1833752e+01
   2.1943367e+01
   2.2044842e+01
   2.2140237e+01
   2.2233016e+01
   2.2326197e+01
   2.2420931e+01
   2.2516139e+01
   2.2609340e+01
   2.2698213e+01
   2.2782122e+01
   2.2862875e+01
   2.2944324e+01
   2.3030939e+01
   2.3125953e+01
   2.3229947e+01
   2.3340587e+01
   2.3453693e+01
   2.3565135e+01
   2.3672690e+01
   2.3777039e+01
   2.3881460e+01
   2.3990313e+01
   2.4106883e+01
   2.4231529e+01
   2.4360980e+01
   2.4489120e+01
   2.4608902e+01
   2.4714541e+01
   2.4803161e+01
   2.4875361e+01
   2.4934591e+01
   2.4985616e+01
   2.5032620e+01
   2.5077694e+01
   2.5120284e+01
   2.5157799e+01
   2.5187013e+01
   2.5205583e+01
   2.5212989e+01
   2.5210486e+01
   2.5200084e+01
   2.5182988e+01
   2.5158201e+01
   2.5121965e+01
   2.5068387e+01
   2.4991064e+01
   2.4885132e+01
   2.4749037e+01
   2.4585464e+01
   2.4401058e+01
   2.4204892e+01
   2.4006022e+01
   2.3810963e+01
   2.3622171e+01
   2.3438342e+01
   2.3256494e+01
   2.3074895e+01
   2.2895440e+01
   2.2724247e+01
   2.2569935e+01
   2.2440028e+01
   2.2337072e+01
   2.2256574e+01
   2.2188111e+01
   2.2119236e+01
   2.2040372e+01
   2.1948631e+01
   2.1849136e+01
   2.1753228e+01
   2.1673813e+01
   2.1619405e+01
   2.1589535e+01
   2.1574079e+01
   2.1557007e+01
   2.1522675e+01
   2.1461924e+01
   2.1375990e+01
   2.1277197e+01
   2.1185966e+01
   2.1124278e+01
   2.1107407e+01
   2.1137627e+01
   2.1203492e+01
   2.1285063e+01
   2.1361875e+01
   2.1419680e+01
   2.1453835e+01
   2.1469090e+01
   2.1476482e+01
   2.1488416e+01
   2.1513532e+01
   2.1553284e+01
   2.1601622e+01
   2.1647653e+01
   2.1679733e+01
   2.1689109e+01
   2.1671955e+01
   2.1629501e+01
   2.1566608e+01
   2.1489463e+01
   2.1403200e+01
   2.1310282e+01
   2.1210162e+01
   2.1100204e+01
   2.0977316e+01
   2.0839555e+01
   2.0687067e+01
   2.0522132e+01
   2.0348433e+01
   2.0169948e+01
   1.9989978e+01
   1.9810682e+01
   1.9633216e+01
   1.9458200e+01
   1.9286109e+01
   1.9117207e+01
   1.8951010e+01
   1.8785573e+01
   1.8617119e+01
   1.8440413e+01
   1.8249921e+01
   1.8041429e+01
   1.7813513e+01
   1.7568257e+01
   1.7310810e+01
   1.7047686e+01
   1.6784264e+01
   1.6522398e+01
   1.6259273e+01
   1.5988171e+01
   1.5700978e+01
   1.5391444e+01
   1.5058014e+01
   1.4705170e+01
   1.4342690e+01
   1.3982722e+01
   1.3635457e+01
   1.3305142e+01
   1.2988542e+01
   1.2676890e+01
   1.2360533e+01
   1.2034129e+01
   1.1700157e+01
   1.1369268e+01
   1.1056953e+01
   1.0777426e+01
   1.0537311e+01
   1.0332610e+01
   1.0150815e+01
   9.9768329e+00
   9.7992822e+00
   9.6141229e+00
   9.4243908e+00
   9.2365780e+00
   9.0555451e+00
   8.8806307e+00
   8.7051703e+00
   8.5197940e+00
   8.3177749e+00
   8.0997513e+00
   7.8754760e+00
   7.6612337e+00
   7.4731502e+00
   7.3190094e+00
   7.1931078e+00
   7.0776251e+00
   6.9499102e+00
   6.7916980e+00
   6.5962496e+00
   6.3712661e+00
   6.1367416e+00
   5.9176708e+00
   5.7333639e+00
   5.5881453e+00
   5.4690906e+00
   5.3524169e+00
   5.2144325e+00
   5.0412358e+00
   4.8336990e+00
   4.6068376e+00
   4.3838276e+00
   4.1862105e+00
   4.0242834e+00
   3.8931257e+00
   3.7769728e+00
   3.6591462e+00
   3.5317015e+00
   3.4001230e+00
   3.2810608e+00
   3.1936139e+00
   3.1477662e+00
   3.1363982e+00
   3.1360804e+00
   3.1159439e+00
   3.0490448e+00
   2.9210977e+00
   2.7346476e+00
   2.5085286e+00
   2.2723377e+00
   2.0559954e+00
   1.8772691e+00
   1.7336773e+00
   1.6042630e+00
   1.4601984e+00
   1.2777771e+00
   1.0480083e+00
   7.8054926e-01
   5.0151828e-01
   2.4492976e-01
   3.9225659e-02
  -1.0533733e-01
  -2.0055589e-01
  -2.7277690e-01
  -3.4977674e-01
  -4.5018522e-01
  -5.7959577e-01
  -7.3309422e-01
  -9.0184346e-01
  -1.0804545e+00
  -1.2715788e+00
  -1.4853852e+00
  -1.7343445e+00
  -2.0261234e+00
  -2.3579081e+00
  -2.7147360e+00
  -3.0734448e+00
  -3.4120962e+00
  -3.7212450e+00
  -4.0102952e+00
  -4.3039809e+00
  -4.6305485e+00
  -5.0077978e+00
  -5.4323040e+00
  -5.8749902e+00
  -6.2865821e+00
  -6.6162929e+00
  -6.8389366e+00
  -6.9726031e+00
  -7.0716212e+00
  -7.2018100e+00
  -7.4172602e+00
  -7.7477967e+00
  -8.1937503e+00
  -8.7223394e+00
  -9.2652347e+00
  -9.7258227e+00
  -1.0009726e+01
  -1.0074611e+01
  -9.9594792e+00
  -9.7614236e+00
  -9.5859651e+00
  -9.5131722e+00
  -9.5869404e+00
  -9.8130669e+00
  -1.0154881e+01
  -1.0526878e+01
  -1.0802860e+01
  -1.0864436e+01
  -1.0677926e+01
  -1.0321537e+01
  -9.9269876e+00
  -9.6061562e+00
  -9.4194582e+00
  -9.3756945e+00
  -9.4403161e+00
  -9.5461325e+00
  -9.6127039e+00
  -9.5775073e+00
  -9.4237160e+00
  -9.1803974e+00
  -8.8946211e+00
  -8.6011672e+00
  -8.3098798e+00
  -8.0118968e+00
  -7.6963525e+00
  -7.3664431e+00
  -7.0449977e+00
  -6.7670755e+00
  -6.5656434e+00
  -6.4578970e+00
  -6.4356458e+00
  -6.4608999e+00
  -6.4704373e+00
  -6.3958396e+00
  -6.1971556e+00
  -5.8885163e+00
  -5.5319780e+00
  -5.2063058e+00
  -4.9777634e+00
  -4.8863841e+00
  -4.9432387e+00
  -5.1309739e+00
  -5.4050794e+00
  -5.6995308e+00
  -5.9435154e+00
  -6.0893708e+00
  -6.1353802e+00
  -6.1225285e+00
  -6.1070627e+00
  -6.1310691e+00
  -6.2065725e+00
  -6.3144327e+00
  -6.4155097e+00
  -6.4717615e+00
  -6.4691820e+00
  -6.4278232e+00
  -6.3910946e+00
  -6.4031761e+00
  -6.4889252e+00
  -6.6430180e+00
  -6.8291743e+00
  -6.9913921e+00
  -7.0785862e+00
  -7.0728339e+00
  -6.9996767e+00
  -6.9102717e+00
  -6.8505460e+00
  -6.8378681e+00
  -6.8530460e+00
  -6.8481933e+00
  -6.7704442e+00
  -6.5936005e+00
  -6.3362818e+00
  -6.0509290e+00
  -5.7947234e+00
  -5.6049394e+00
  -5.4885056e+00
  -5.4237305e+00
  -5.3712694e+00
  -5.2924655e+00
  -5.1687179e+00
  -5.0101771e+00
  -4.8471525e+00
  -4.7108790e+00
  -4.6160918e+00
  -4.5529449e+00
  -4.4903753e+00
  -4.3906797e+00
  -4.2304453e+00
  -4.0154935e+00
  -3.7782380e+00
  -3.5594968e+00
  -3.3876450e+00
  -3.2651365e+00
  -3.1654755e+00
  -3.0419927e+00
  -2.8490204e+00
  -2.5679499e+00
  -2.2205159e+00
  -1.8582670e+00
  -1.5380197e+00
  -1.3007368e+00
  -1.1608995e+00
  -1.1040722e+00
  -1.0903523e+00
  -1.0653427e+00
  -9.8025489e-01
  -8.1440408e-01
  -5.8465268e-01
  -3.3340264e-01
  -1.0481703e-01
   7.5223056e-02
   2.0863050e-01
   3.2439144e-01
   4.6795386e-01
   6.8133715e-01
   9.8135276e-01
   1.3501573e+00
   1.7453585e+00
   2.1206749e+00
   2.4430709e+00
   2.7004567e+00
   2.9014705e+00
   3.0699147e+00
   3.2351491e+00
   3.4203244e+00
   3.6328648e+00
   3.8622865e+00
   4.0864772e+00
   4.2822471e+00
   4.4346104e+00
   4.5417512e+00
   4.6151765e+00
   4.6754562e+00
   4.7444285e+00
   4.8362052e+00
   4.9509974e+00
   5.0751489e+00
   5.1871554e+00
   5.2660390e+00
   5.2982057e+00
   5.2809219e+00
   5.2222765e+00
   5.1380796e+00
   5.0463974e+00
   4.9611940e+00
   4.8875279e+00
   4.8206173e+00
   4.7491795e+00
   4.6611084e+00
   4.5486709e+00
   4.4112163e+00
   4.2547373e+00
   4.0887184e+00
   3.9216126e+00
   3.7569852e+00
   3.5922992e+00
   3.4210564e+00
   3.2372078e+00
   3.0396319e+00
   2.8345483e+00
   2.6345721e+00
   2.4543803e+00
   2.3046619e+00
   2.1875325e+00
   2.0963604e+00
   2.0203903e+00
   1.9515439e+00
   1.8897004e+00
   1.8437670e+00
   1.8277626e+00
   1.8534517e+00
   1.9233470e+00
   2.0283864e+00
   2.1518190e+00
   2.2767303e+00
   2.3928273e+00
   2.4993196e+00
   2.6029559e+00
   2.7121825e+00
   2.8300349e+00
   2.9493530e+00
   3.0529826e+00
   3.1188239e+00
   3.1271880e+00
   3.0677127e+00
   2.9442781e+00
   2.7770233e+00
   2.6000169e+00
   2.4527057e+00
   2.3656455e+00
   2.3467405e+00
   2.3773454e+00
   2.4215071e+00
   2.4417291e+00
   2.4122355e+00
   2.3256879e+00
   2.1936466e+00
   2.0416615e+00
   1.8994248e+00
   1.7880973e+00
   1.7103812e+00
   1.6494378e+00
   1.5774437e+00
   1.4683639e+00
   1.3086764e+00
   1.1029666e+00
   8.7359559e-01
   6.5384710e-01
   4.7494340e-01
   3.5146141e-01
   2.7373562e-01
   2.1281612e-01
   1.3440612e-01
   1.3143743e-02
  -1.5850790e-01
  -3.6794222e-01
  -5.8643670e-01
  -7.7944360e-01
  -9.2099914e-01
  -1.0056622e+00
  -1.0503260e+00
  -1.0848126e+00
  -1.1381084e+00
  -1.2279678e+00
  -1.3570443e+00
  -1.5149838e+00
  -1.6847088e+00
  -1.8504974e+00
  -2.0044741e+00
  -2.1482062e+00
  -2.2885989e+00
  -2.4307747e+00
  -2.5723419e+00
  -2.7026535e+00
  -2.8083011e+00
  -2.8827257e+00
  -2.9345174e+00
  -2.9887856e+00
  -3.0804565e+00
  -3.2434161e+00
  -3.5001646e+00
  -3.8539955e+00
  -4.2839619e+00
  -4.7443776e+00
  -5.1739454e+00
  -5.5186686e+00
  -5.7603990e+00
  -5.9288142e+00
  -6.0842294e+00
  -6.2852646e+00
  -6.5620407e+00
  -6.9017925e+00
  -7.2468867e+00
  -7.5117153e+00
  -7.6254600e+00
  -7.5806264e+00
  -7.4419303e+00
  -7.3062059e+00
  -7.2550213e+00
  -7.3302946e+00
  -7.5291220e+00
  -7.8070311e+00
  -8.0898790e+00
  -8.3020606e+00
  -8.4070712e+00
  -8.4319138e+00
  -8.4514443e+00
  -8.5488476e+00
  -8.7837107e+00
  -9.1766481e+00
  -9.7021059e+00
  -1.0284897e+01
  -1.0811606e+01
  -1.1176535e+01
  -1.1349613e+01
  -1.1400686e+01
  -1.1449880e+01
  -1.1601210e+01
  -1.1908469e+01
  -1.2366639e+01
  -1.2910198e+01
  -1.3420855e+01
  -1.3767989e+01
  -1.3885113e+01
  -1.3817204e+01
  -1.3680330e+01
  -1.3584477e+01
  -1.3591095e+01
  -1.3709369e+01
  -1.3908617e+01
  -1.4136952e+01
  -1.4345790e+01
  -1.4514590e+01
  -1.4661716e+01
  -1.4833487e+01
  -1.5080561e+01
  -1.5436050e+01
  -1.5900484e+01
  -1.6431900e+01
  -1.6944146e+01
  -1.7328332e+01
  -1.7507926e+01
  -1.7493900e+01
  -1.7380362e+01
  -1.7286392e+01
  -1.7304865e+01
  -1.7483683e+01
  -1.7824152e+01
  -1.8280635e+01
  -1.8761730e+01
  -1.9149372e+01
  -1.9351407e+01
  -1.9360577e+01
  -1.9257421e+01
  -1.9153303e+01
  -1.9135717e+01
  -1.9249318e+01
  -1.9501323e+01
  -1.9875639e+01
  -2.0350323e+01
  -2.0916314e+01
  -2.1592037e+01
  -2.2426637e+01
  -2.3488700e+01
  -2.4837631e+01
  -2.6452204e+01
  -2.8042357e+01
  -2.8837707e+01
  -2.8267595e+01
  -2.6924382e+01
  -2.5584584e+01
  -2.4546087e+01
  -2.3842319e+01
  -2.3424759e+01
  -2.3227016e+01
  -2.3187348e+01
  -2.3260293e+01
  -2.3422403e+01
  -2.3670303e+01
  -2.4011928e+01
  -2.4455854e+01
  -2.5003188e+01
  -2.5641427e+01
  -2.6332572e+01
  -2.6983541e+01
  -2.7405068e+01
  -2.7340633e+01
  -2.6670089e+01
  -2.5576813e+01
  -2.4387352e+01
  -2.3351374e+01
  -2.2598097e+01
  -2.2172543e+01
  -2.2058731e+01
  -2.2170656e+01
  -2.2324183e+01
  -2.2254420e+01
  -2.1775486e+01
  -2.0962374e+01
  -2.0070864e+01
  -1.9329535e+01
  -1.8861704e+01
  -1.8702018e+01
  -1.8813509e+01
  -1.9079266e+01
  -1.9294002e+01
  -1.9231240e+01
  -1.8812581e+01
  -1.8184497e+01
  -1.7580781e+01
  -1.7178234e+01
  -1.7066060e+01
  -1.7262226e+01
  -1.7716324e+01
  -1.8286492e+01
  -1.8726610e+01
  -1.8787328e+01
  -1.8433266e+01
  -1.7881652e+01
  -1.7396808e+01
  -1.7149768e+01
  -1.7215165e+01
  -1.7598373e+01
  -1.8237549e+01
  -1.8976749e+01
  -1.9554623e+01
  -1.9721247e+01
  -1.9464643e+01
  -1.9023633e+01
  -1.8665345e+01
  -1.8556343e+01
  -1.8771240e+01
  -1.9326160e+01
  -2.0188352e+01
  -2.1256371e+01
  -2.2327745e+01
  -2.3130607e+01
  -2.3510522e+01
  -2.3593532e+01
  -2.3655596e+01
  -2.3908685e+01
  -2.4426878e+01
  -2.5132471e+01
  -2.5770115e+01
  -2.5977502e+01
  -2.5596595e+01
  -2.4849724e+01
  -2.4055617e+01
  -2.3381460e+01
  -2.2839973e+01
  -2.2361366e+01
  -2.1866345e+01
  -2.1328025e+01
  -2.0793196e+01
  -2.0352026e+01
  -2.0091408e+01
  -2.0063733e+01
  -2.0268180e+01
  -2.0628746e+01
  -2.0974180e+01
  -2.1079381e+01
  -2.0826386e+01
  -2.0332630e+01
  -1.9849627e+01
  -1.9594619e+01
  -1.9693638e+01
  -2.0180518e+01
  -2.0950882e+01
  -2.1621366e+01
  -2.1532448e+01
  -2.0448012e+01
  -1.8917317e+01
  -1.7494334e+01
  -1.6400563e+01
  -1.5665996e+01
  -1.5240500e+01
  -1.5029136e+01
  -1.4903612e+01
  -1.4730125e+01
  -1.4427377e+01
  -1.4013727e+01
  -1.3588801e+01
  -1.3271076e+01
  -1.3152087e+01
  -1.3282150e+01
  -1.3666661e+01
  -1.4252935e+01
  -1.4903027e+01
  -1.5386723e+01
  -1.5482470e+01
  -1.5167763e+01
  -1.4640415e+01
  -1.4134076e+01
  -1.3792388e+01
  -1.3662070e+01
  -1.3717729e+01
  -1.3878762e+01
  -1.4028223e+01
  -1.4055857e+01
  -1.3918361e+01
  -1.3662950e+01
  -1.3385109e+01
  -1.3166374e+01
  -1.3039019e+01
  -1.2979144e+01
  -1.2918015e+01
  -1.2773287e+01
  -1.2497101e+01
  -1.2110048e+01
  -1.1688721e+01
  -1.1321887e+01
  -1.1074248e+01
  -1.0970941e+01
  -1.0993246e+01
  -1.1078047e+01
  -1.1126933e+01
  -1.1039489e+01
  -1.0767241e+01
  -1.0344808e+01
  -9.8635932e+00
  -9.4183588e+00
  -9.0730756e+00
  -8.8535081e+00
  -8.7523351e+00
  -8.7373797e+00
  -8.7621692e+00
  -8.7807615e+00
  -8.7647507e+00
  -8.7140550e+00
  -8.6538550e+00
  -8.6199642e+00
  -8.6424142e+00
  -8.7346112e+00
  -8.8894843e+00
  -9.0816378e+00
  -9.2751057e+00
  -9.4358653e+00
  -9.5448197e+00
  -9.6039582e+00
  -9.6316507e+00
  -9.6510409e+00
  -9.6796057e+00
  -9.7250688e+00
  -9.7878651e+00
  -9.8671658e+00
  -9.9663308e+00
  -1.0094258e+01
  -1.0261394e+01
  -1.0471904e+01
  -1.0715214e+01
  -1.0960987e+01
  -1.1162636e+01
  -1.1273491e+01
  -1.1271316e+01
  -1.1174529e+01
  -1.1035533e+01
  -1.0917056e+01
  -1.0869364e+01
  -1.0917793e+01
  -1.1058894e+01
  -1.1261746e+01
  -1.1475153e+01
  -1.1644187e+01
  -1.1734447e+01
  -1.1750714e+01
  -1.1734821e+01
  -1.1744352e+01
  -1.1828246e+01
  -1.2010352e+01
  -1.2280856e+01
  -1.2593200e+01
  -1.2870501e+01
  -1.3031073e+01
  -1.3031241e+01
  -1.2895341e+01
  -1.2702906e+01
  -1.2547827e+01
  -1.2506077e+01
  -1.2624443e+01
  -1.2920724e+01
  -1.3384508e+01
  -1.3973634e+01
  -1.4608066e+01
  -1.5172158e+01
  -1.5544602e+01
  -1.5657733e+01
  -1.5538322e+01
  -1.5282581e+01
  -1.4996221e+01
  -1.4756327e+01
  -1.4604724e+01
  -1.4554371e+01
  -1.4595299e+01
  -1.4696879e+01
  -1.4809522e+01
  -1.4872498e+01
  -1.4833470e+01
  -1.4674505e+01
  -1.4425739e+01
  -1.4153821e+01
  -1.3935797e+01
  -1.3838003e+01
  -1.3907222e+01
  -1.4169697e+01
  -1.4631729e+01
  -1.5278368e+01
  -1.6070098e+01
  -1.6941838e+01
  -1.7813816e+01
  -1.8621933e+01
  -1.9354208e+01
  -2.0057525e+01
  -2.0797478e+01
  -2.1591917e+01
  -2.2343972e+01
  -2.2820743e+01
  -2.2792491e+01
  -2.2286326e+01
  -2.1577798e+01
  -2.0942715e+01
  -2.0536717e+01
  -2.0415959e+01
  -2.0575295e+01
  -2.0964071e+01
  -2.1486038e+01
  -2.2005427e+01
  -2.2389823e+01
  -2.2588630e+01
  -2.2673508e+01
  -2.2789127e+01
  -2.3075964e+01
  -2.3629317e+01
  -2.4480925e+01
  -2.5553890e+01
  -2.6554971e+01
  -2.6944633e+01
  -2.6406920e+01
  -2.5299407e+01
  -2.4150724e+01
  -2.3234487e+01
  -2.2621787e+01
  -2.2289006e+01
  -2.2163286e+01
  -2.2137641e+01
  -2.2091479e+01
  -2.1934454e+01
  -2.1651680e+01
  -2.1302662e+01
  -2.0971475e+01
  -2.0715404e+01
  -2.0540715e+01
  -2.0402970e+01
  -2.0228543e+01
  -1.9957464e+01
  -1.9587577e+01
  -1.9182428e+01
  -1.8837052e+01
  -1.8636765e+01
  -1.8633846e+01
  -1.8837154e+01
  -1.9201014e+01
  -1.9611278e+01
  -1.9894560e+01
  -1.9897785e+01
  -1.9608548e+01
  -1.9169488e+01
  -1.8766406e+01
  -1.8536893e+01
  -1.8553693e+01
  -1.8838078e+01
  -1.9367891e+01
  -2.0071670e+01
  -2.0817767e+01
  -2.1430718e+01
  -2.1773859e+01
  -2.1851379e+01
  -2.1800672e+01
  -2.1785635e+01
  -2.1920912e+01
  -2.2261615e+01
  -2.2818496e+01
  -2.3570977e+01
  -2.4471446e+01
  -2.5441076e+01
  -2.6360979e+01
  -2.7075087e+01
  -2.7438798e+01
  -2.7414056e+01
  -2.7114199e+01
  -2.6733048e+01
  -2.6449459e+01
  -2.6391749e+01
  -2.6648178e+01
  -2.7289909e+01
  -2.8395303e+01
  -3.0082087e+01
  -3.2574090e+01
  -3.6406169e+01
  -4.3416605e+01
  -5.0765195e+01
  -3.9955669e+01
  -3.5247144e+01
  -3.2373162e+01
  -3.0323573e+01
  -2.8708413e+01
  -2.7322242e+01
  -2.6038037e+01
  -2.4782944e+01
  -2.3536693e+01
  -2.2324723e+01
  -2.1198990e+01
  -2.0216569e+01
  -1.9426410e+01
  -1.8865489e+01
  -1.8560108e+01
  -1.8528105e+01
  -1.8778958e+01
  -1.9308665e+01
  -2.0084009e+01
  -2.1008408e+01
  -2.1874546e+01
  -2.2377438e+01
  -2.2313079e+01
  -2.1791890e+01
  -2.1109198e+01
  -2.0499354e+01
  -2.0073272e+01
  -1.9858218e+01
  -1.9836386e+01
  -1.9964953e+01
  -2.0187146e+01
  -2.0443737e+01
  -2.0688477e+01
  -2.0902251e+01
  -2.1095651e+01
  -2.1295583e+01
  -2.1522719e+01
  -2.1770163e+01
  -2.1991387e+01
  -2.2107280e+01
  -2.2042471e+01
  -2.1777303e+01
  -2.1368086e+01
  -2.0912526e+01
  -2.0497760e+01
  -2.0169846e+01
  -1.9926435e+01
  -1.9721916e+01
  -1.9484285e+01
  -1.9148309e+01
  -1.8694686e+01
  -1.8165503e+01
  -1.7642323e+01
  -1.7210478e+01
  -1.6936499e+01
  -1.6862165e+01
  -1.7005432e+01
  -1.7359506e+01
  -1.7885463e+01
  -1.8498883e+01
  -1.9063310e+01
  -1.9423273e+01
  -1.9493456e+01
  -1.9328300e+01
  -1.9080843e+01
  -1.8908453e+01
  -1.8924508e+01
  -1.9200315e+01
  -1.9782356e+01
  -2.0706035e+01
  -2.2000061e+01
  -2.3672757e+01
  -2.5650105e+01
  -2.7604935e+01
  -2.8811439e+01
  -2.8804510e+01
  -2.8138490e+01
  -2.7518226e+01
  -2.7222766e+01
  -2.7247087e+01
  -2.7408112e+01
  -2.7371121e+01
  -2.6816645e+01
  -2.5746339e+01
  -2.4458995e+01
  -2.3243903e+01
  -2.2254437e+01
  -2.1546094e+01
  -2.1127217e+01
  -2.0984593e+01
  -2.1090749e+01
  -2.1400850e+01
  -2.1844389e+01
  -2.2320070e+01
  -2.2710706e+01
  -2.2931245e+01
  -2.2983077e+01
  -2.2956552e+01
  -2.2977978e+01
  -2.3157316e+01
  -2.3565777e+01
  -2.4228049e+01
  -2.5104562e+01
  -2.6051499e+01
  -2.6796482e+01
  -2.7066088e+01
  -2.6861940e+01
  -2.6478226e+01
  -2.6233815e+01
  -2.6336133e+01
  -2.6911060e+01
  -2.8059107e+01
  -2.9880658e+01
  -3.2383816e+01
  -3.4807952e+01
  -3.4756950e+01
  -3.2544812e+01
  -3.0439182e+01
  -2.8991158e+01
  -2.8144171e+01
  -2.7782659e+01
  -2.7806737e+01
  -2.8129878e+01
  -2.8668986e+01
  -2.9336712e+01
  -3.0039835e+01
  -3.0690892e+01
  -3.1239927e+01
  -3.1715941e+01
  -3.2247742e+01
  -3.3056603e+01
  -3.4470028e+01
  -3.7074444e+01
  -4.2574245e+01
  -5.6141744e+01
  -3.9788699e+01
  -3.4008438e+01
  -3.0679139e+01
  -2.8557477e+01
  -2.7216468e+01
  -2.6427745e+01
  -2.5994914e+01
  -2.5676218e+01
  -2.5189942e+01
  -2.4357839e+01
  -2.3249176e+01
  -2.2092721e+01
  -2.1094581e+01
  -2.0373493e+01
  -1.9980165e+01
  -1.9922243e+01
  -2.0168673e+01
  -2.0629354e+01
  -2.1118523e+01
  -2.1361181e+01
  -2.1150104e+01
  -2.0548698e+01
  -1.9822955e+01
  -1.9219671e+01
  -1.8881516e+01
  -1.8870724e+01
  -1.9198683e+01
  -1.9826336e+01
  -2.0627841e+01
  -2.1335855e+01
  -2.1594193e+01
  -2.1256437e+01
  -2.0562947e+01
  -1.9868773e+01
  -1.9400100e+01
  -1.9245300e+01
  -1.9399509e+01
  -1.9770399e+01
  -2.0151660e+01
  -2.0247376e+01
  -1.9866983e+01
  -1.9124622e+01
  -1.8315441e+01
  -1.7684149e+01
  -1.7364090e+01
  -1.7411586e+01
  -1.7832614e+01
  -1.8570877e+01
  -1.9446270e+01
  -2.0086243e+01
  -2.0085299e+01
  -1.9452603e+01
  -1.8604182e+01
  -1.7916155e+01
  -1.7574419e+01
  -1.7645575e+01
  -1.8136737e+01
  -1.8999226e+01
  -2.0073487e+01
  -2.1001955e+01
  -2.1326612e+01
  -2.0959862e+01
  -2.0304871e+01
  -1.9779049e+01
  -1.9591969e+01
  -1.9809609e+01
  -2.0421835e+01
  -2.1351483e+01
  -2.2422340e+01
  -2.3349366e+01
  -2.3886428e+01
  -2.4075905e+01
  -2.4215470e+01
  -2.4597983e+01
  -2.5382086e+01
  -2.6554427e+01
  -2.7796191e+01
  -2.8360806e+01
  -2.7782868e+01
  -2.6643129e+01
  -2.5652606e+01
  -2.5099882e+01
  -2.5027111e+01
  -2.5361841e+01
  -2.5916471e+01
  -2.6352209e+01
  -2.6304661e+01
  -2.5727901e+01
  -2.4935189e+01
  -2.4257698e+01
  -2.3876459e+01
  -2.3857039e+01
  -2.4198620e+01
  -2.4839740e+01
  -2.5620260e+01
  -2.6240049e+01
  -2.6367972e+01
  -2.5956384e+01
  -2.5304620e+01
  -2.4754308e+01
  -2.4515612e+01
  -2.4690002e+01
  -2.5312602e+01
  -2.6333661e+01
  -2.7490163e+01
  -2.8140066e+01
  -2.7715580e+01
  -2.6599424e+01
  -2.5542508e+01
  -2.4956168e+01
  -2.5015910e+01
  -2.5864616e+01
  -2.7760951e+01
  -3.1366463e+01
  -3.9241691e+01
  -4.1624414e+01
  -3.2517481e+01
  -2.8770806e+01
  -2.7040440e+01
  -2.6622542e+01
  -2.7391974e+01
  -2.9555208e+01
  -3.3575493e+01
  -3.5979551e+01
  -3.0984687e+01
  -2.6989207e+01
  -2.4583379e+01
  -2.3265985e+01
  -2.2777213e+01
  -2.2969263e+01
  -2.3674515e+01
  -2.4505170e+01
  -2.4704055e+01
  -2.3797612e+01
  -2.2319338e+01
  -2.0955987e+01
  -2.0001489e+01
  -1.9522425e+01
  -1.9509085e+01
  -1.9917835e+01
  -2.0652616e+01
  -2.1503837e+01
  -2.2106122e+01
  -2.2117553e+01
  -2.1578081e+01
  -2.0845704e+01
  -2.0231121e+01
  -1.9881361e+01
  -1.9835818e+01
  -2.0079835e+01
  -2.0566543e+01
  -2.1220912e+01
  -2.1941606e+01
  -2.2615855e+01
  -2.3153460e+01
  -2.3518449e+01
  -2.3723313e+01
  -2.3789304e+01
  -2.3716444e+01
  -2.3492691e+01
  -2.3130007e+01
  -2.2688370e+01
  -2.2264255e+01
  -2.1960503e+01
  -2.1864709e+01
  -2.2041786e+01
  -2.2528998e+01
  -2.3314361e+01
  -2.4270819e+01
  -2.5046223e+01
  -2.5133869e+01
  -2.4414284e+01
  -2.3345615e+01
  -2.2404497e+01
  -2.1828812e+01
  -2.1705217e+01
  -2.2052505e+01
  -2.2827879e+01
  -2.3843210e+01
  -2.4609751e+01
  -2.4502181e+01
  -2.3548523e+01
  -2.2391764e+01
  -2.1511327e+01
  -2.1098055e+01
  -2.1216075e+01
  -2.1892779e+01
  -2.3127069e+01
  -2.4792907e+01
  -2.6331113e+01
  -2.6661119e+01
  -2.5663019e+01
  -2.4417766e+01
  -2.3603174e+01
  -2.3417790e+01
  -2.3931886e+01
  -2.5242234e+01
  -2.7564242e+01
  -3.1387235e+01
  -3.7363539e+01
  -3.7708787e+01
  -3.2848731e+01
  -3.0205723e+01
  -2.9147298e+01
  -2.9285092e+01
  -3.0588784e+01
  -3.3404310e+01
  -3.9123610e+01
  -4.9893448e+01
  -3.8143241e+01
  -3.3213946e+01
  -3.0744480e+01
  -2.9555962e+01
  -2.9278492e+01
  -2.9806417e+01
  -3.1202715e+01
  -3.3755719e+01
  -3.8210128e+01
  -4.3354145e+01
  -3.7843961e+01
  -3.2931196e+01
  -2.9872372e+01
  -2.7875305e+01
  -2.6583020e+01
  -2.5820768e+01
  -2.5489865e+01
  -2.5523592e+01
  -2.5864742e+01
  -2.6452555e+01
  -2.7217610e+01
  -2.8087291e+01
  -2.8997800e+01
  -2.9887261e+01
  -3.0630515e+01
  -3.0940927e+01
  -3.0475848e+01
  -2.9261788e+01
  -2.7731920e+01
  -2.6288344e+01
  -2.5132170e+01
  -2.4334819e+01
  -2.3912363e+01
  -2.3860324e+01
  -2.4165431e+01
  -2.4806580e+01
  -2.5750544e+01
  -2.6946716e+01
  -2.8329205e+01
  -2.9838833e+01
  -3.1464548e+01
  -3.3258693e+01
  -3.5219570e+01
  -3.6868297e+01
  -3.7002079e+01
  -3.5586340e+01
  -3.4006935e+01
  -3.3036889e+01
  -3.2928364e+01
  -3.3893211e+01
  -3.6400770e+01
  -4.1518934e+01
  -4.2435060e+01
  -3.5422882e+01
  -3.1067178e+01
  -2.8333727e+01
  -2.6598627e+01
  -2.5590271e+01
  -2.5179869e+01
  -2.5309102e+01
  -2.5962718e+01
  -2.7155035e+01
  -2.8906255e+01
  -3.1134327e+01
  -3.3228947e+01
  -3.3677422e+01
  -3.2288960e+01
  -3.0571397e+01
  -2.9245446e+01
  -2.8409895e+01
  -2.8024436e+01
  -2.8032100e+01
  -2.8361161e+01
  -2.8881965e+01
  -2.9342167e+01
  -2.9384978e+01
  -2.8814127e+01
  -2.7826003e+01
  -2.6787704e+01
  -2.5963756e+01
  -2.5490755e+01
  -2.5442012e+01
  -2.5877195e+01
  -2.6869314e+01
  -2.8504771e+01
  -3.0751382e+01
  -3.2664805e+01
  -3.1849633e+01
  -2.9120979e+01
  -2.6584388e+01
  -2.4664724e+01
  -2.3297007e+01
  -2.2381992e+01
  -2.1845091e+01
  -2.1633690e+01
  -2.1707768e+01
  -2.2029564e+01
  -2.2550689e+01
  -2.3195240e+01
  -2.3844149e+01
  -2.4343250e+01
  -2.4565603e+01
  -2.4499675e+01
  -2.4260431e+01
  -2.4007222e+01
  -2.3869279e+01
  -2.3926648e+01
  -2.4220456e+01
  -2.4764966e+01
  -2.5551713e+01
  -2.6544045e+01
  -2.7663921e+01
  -2.8782805e+01
  -2.9748617e+01
  -3.0472843e+01
  -3.1012694e+01
  -3.1545986e+01
  -3.2281776e+01
  -3.3417128e+01
  -3.5155458e+01
  -3.7713719e+01
  -4.0820896e+01
  -4.1104305e+01
  -3.7557152e+01
  -3.4147440e+01
  -3.1550485e+01
  -2.9573002e+01
  -2.8036691e+01
  -2.6821854e+01
  -2.5846281e+01
  -2.5050027e+01
  -2.4387533e+01
  -2.3824500e+01
  -2.3337435e+01
  -2.2914061e+01
  -2.2552914e+01
  -2.2261149e+01
  -2.2050510e+01
  -2.1932208e+01
  -2.1911589e+01
  -2.1983326e+01
  -2.2128171e+01
  -2.2313494e+01
  -2.2500929e+01
  -2.2662577e+01
  -2.2799907e+01
  -2.2953065e+01
  -2.3193864e+01
  -2.3609481e+01
  -2.4288067e+01
  -2.5307508e+01
  -2.6709664e+01
  -2.8402031e+01
  -2.9887819e+01
  -3.0211729e+01
  -2.9239393e+01
  -2.7940100e+01
  -2.6980168e+01
  -2.6566530e+01
  -2.6743554e+01
  -2.7499720e+01
  -2.8702924e+01
  -2.9810965e+01
  -2.9744200e+01
  -2.8286309e+01
  -2.6469177e+01
  -2.4970834e+01
  -2.3961814e+01
  -2.3444948e+01
  -2.3389599e+01
  -2.3759576e+01
  -2.4503984e+01
  -2.5522941e+01
  -2.6610464e+01
  -2.7437096e+01
  -2.7734061e+01
  -2.7576934e+01
  -2.7298439e+01
  -2.7191921e+01
  -2.7421485e+01
  -2.8072081e+01
  -2.9204706e+01
  -3.0893265e+01
  -3.3256909e+01
  -3.6499670e+01
  -4.0868740e+01
  -4.5117978e+01
  -4.3944349e+01
  -4.0947747e+01
  -3.8837035e+01
  -3.7375712e+01
  -3.6255062e+01
  -3.5333056e+01
  -3.4598379e+01
  -3.4106604e+01
  -3.3923836e+01
  -3.4082815e+01
  -3.4513815e+01
  -3.4893017e+01
  -3.4562212e+01
  -3.3148499e+01
  -3.1151879e+01
  -2.9205518e+01
  -2.7599822e+01
  -2.6416567e+01
  -2.5670227e+01
  -2.5363919e+01
  -2.5506282e+01
  -2.6110958e+01
  -2.7172422e+01
  -2.8569966e+01
  -2.9808656e+01
  -2.9940454e+01
  -2.8756350e+01
  -2.7163998e+01
  -2.5824844e+01
  -2.4936909e+01
  -2.4526260e+01
  -2.4580297e+01
  -2.5078708e+01
  -2.5981130e+01
  -2.7172257e+01
  -2.8352180e+01
  -2.9007838e+01
  -2.8839455e+01
  -2.8180179e+01
  -2.7555888e+01
  -2.7279785e+01
  -2.7495826e+01
  -2.8298556e+01
  -2.9813523e+01
  -3.2283594e+01
  -3.6283848e+01
  -4.3592397e+01
  -4.7950063e+01
  -4.0314194e+01
  -3.7225345e+01
  -3.6274092e+01
  -3.6756729e+01
  -3.8204153e+01
  -3.8799396e+01
  -3.6372708e+01
  -3.3122027e+01
  -3.0556628e+01
  -2.8781624e+01
  -2.7692105e+01
  -2.7209515e+01
  -2.7303599e+01
  -2.7995933e+01
  -2.9378585e+01
  -3.1675538e+01
  -3.5442328e+01
  -4.2207593e+01
  -4.4083971e+01
  -3.6962634e+01
  -3.3159789e+01
  -3.0959659e+01
  -2.9666324e+01
  -2.8980646e+01
  -2.8737007e+01
  -2.8808441e+01
  -2.9054137e+01
  -2.9290726e+01
  -2.9320436e+01
  -2.9039464e+01
  -2.8520879e+01
  -2.7948354e+01
  -2.7492623e+01
  -2.7256109e+01
  -2.7272818e+01
  -2.7514207e+01
  -2.7885310e+01
  -2.8232009e+01
  -2.8406306e+01
  -2.8384106e+01
  -2.8308475e+01
  -2.8401565e+01
  -2.8869364e+01
  -2.9866175e+01
  -3.1420699e+01
  -3.3005627e+01
  -3.2895060e+01
  -3.0713079e+01
  -2.8264405e+01
  -2.6355783e+01
  -2.5063268e+01
  -2.4323112e+01
