   2.1121852e+01
   2.0933327e+01
   2.0357731e+01
   1.9362422e+01
   1.7882789e+01
   1.5799244e+01
   1.2877941e+01
   8.5863630e+00
   1.3166952e+00
  -5.6582149e+00
   2.4599598e+00
   5.7034825e+00
   6.7612909e+00
   6.4276988e+00
   4.8206925e+00
   1.6289478e+00
  -3.8540191e+00
  -5.0917400e+00
   4.4918445e-01
   3.8679871e+00
   5.7992631e+00
   6.8025101e+00
   7.1318892e+00
   6.8872906e+00
   6.0534217e+00
   4.4719604e+00
   1.6975290e+00
  -3.6978967e+00
  -1.6699848e+01
  -2.8346718e+00
   2.8172484e+00
   5.8339381e+00
   7.4988505e+00
   8.1805037e+00
   7.9661615e+00
   6.7681758e+00
   4.2702947e+00
  -2.2748095e-01
  -4.2256659e+00
   9.2866052e-01
   4.9523713e+00
   7.1108352e+00
   8.0031210e+00
   7.8535913e+00
   6.6642209e+00
   4.2433308e+00
   2.7493193e-01
  -3.2085260e+00
  -3.9272793e-01
   2.6909358e+00
   4.1882937e+00
   4.4375121e+00
   3.7666935e+00
   2.6974996e+00
   2.1776097e+00
   2.6052495e+00
   3.0429635e+00
   2.4481760e+00
  -1.1782545e-01
  -4.9042450e+00
   1.3550015e-01
   6.2052230e+00
   9.8998425e+00
   1.2120274e+01
   1.3228974e+01
   1.3303651e+01
   1.2187738e+01
   9.2679121e+00
   1.8245382e+00
  -9.7928823e-01
   9.6741753e+00
   1.4134699e+01
   1.6579723e+01
   1.7849251e+01
   1.8263323e+01
   1.8049872e+01
   1.7598202e+01
   1.7635064e+01
   1.8671706e+01
   2.0248098e+01
   2.1664384e+01
   2.2577339e+01
   2.2865965e+01
   2.2472989e+01
   2.1372623e+01
   1.9733853e+01
   1.8559873e+01
   1.9452234e+01
   2.1595132e+01
   2.3471148e+01
   2.4654050e+01
   2.5129240e+01
   2.4975608e+01
   2.4398284e+01
   2.3937934e+01
   2.4408731e+01
   2.5892874e+01
   2.7634034e+01
   2.9089535e+01
   3.0094114e+01
   3.0648685e+01
   3.0825180e+01
   3.0759710e+01
   3.0664712e+01
   3.0778348e+01
   3.1210929e+01
   3.1855357e+01
   3.2509587e+01
   3.3037623e+01
   3.3428767e+01
   3.3794620e+01
   3.4320278e+01
   3.5137856e+01
   3.6203873e+01
   3.7337952e+01
   3.8356390e+01
   3.9139810e+01
   3.9628758e+01
   3.9802977e+01
   3.9670370e+01
   3.9270020e+01
   3.8686870e+01
   3.8064000e+01
   3.7572249e+01
   3.7305433e+01
   3.7187151e+01
   3.7018079e+01
   3.6602786e+01
   3.5851372e+01
   3.4931449e+01
   3.4552560e+01
   3.5572545e+01
   3.7599573e+01
   3.9686083e+01
   4.1404335e+01
   4.2668528e+01
   4.3491014e+01
   4.3900670e+01
   4.3924772e+01
   4.3590986e+01
   4.2940648e+01
   4.2056672e+01
   4.1106785e+01
   4.0361400e+01
   4.0073716e+01
   4.0250780e+01
   4.0652242e+01
   4.1021872e+01
   4.1214652e+01
   4.1186013e+01
   4.0955561e+01
   4.0584033e+01
   4.0154824e+01
   3.9745305e+01
   3.9389439e+01
   3.9057243e+01
   3.8671150e+01
   3.8143975e+01
   3.7412338e+01
   3.6462975e+01
   3.5368699e+01
   3.4336584e+01
   3.3684897e+01
   3.3607915e+01
   3.3952480e+01
   3.4392663e+01
   3.4689845e+01
   3.4738576e+01
   3.4518216e+01
   3.4054936e+01
   3.3404682e+01
   3.2643604e+01
   3.1853208e+01
   3.1096332e+01
   3.0396321e+01
   2.9738473e+01
   2.9093641e+01
   2.8441558e+01
   2.7774350e+01
   2.7079545e+01
   2.6318525e+01
   2.5420773e+01
   2.4303833e+01
   2.2923661e+01
   2.1385270e+01
   2.0132205e+01
   1.9833506e+01
   2.0499253e+01
   2.1436487e+01
   2.2153190e+01
   2.2527754e+01
   2.2648203e+01
   2.2717584e+01
   2.2950688e+01
   2.3416860e+01
   2.3990001e+01
   2.4482563e+01
   2.4784690e+01
   2.4919050e+01
   2.5053241e+01
   2.5443903e+01
   2.6240701e+01
   2.7326377e+01
   2.8439396e+01
   2.9368937e+01
   3.0004729e+01
   3.0307405e+01
   3.0281367e+01
   2.9969632e+01
   2.9467891e+01
   2.8941927e+01
   2.8600653e+01
   2.8577679e+01
   2.8817697e+01
   2.9131707e+01
   2.9338806e+01
   2.9333841e+01
   2.9085892e+01
   2.8625548e+01
   2.8040499e+01
   2.7464697e+01
   2.7030771e+01
   2.6789660e+01
   2.6675447e+01
   2.6563175e+01
   2.6351407e+01
   2.6004535e+01
   2.5559487e+01
   2.5111096e+01
   2.4767631e+01
   2.4580736e+01
   2.4506808e+01
   2.4445199e+01
   2.4309732e+01
   2.4073902e+01
   2.3780703e+01
   2.3522678e+01
   2.3388244e+01
   2.3396455e+01
   2.3481659e+01
   2.3546188e+01
   2.3525303e+01
   2.3421963e+01
   2.3309868e+01
   2.3301559e+01
   2.3477088e+01
   2.3819679e+01
   2.4228957e+01
   2.4593020e+01
   2.4844145e+01
   2.4975074e+01
   2.5032846e+01
   2.5098098e+01
   2.5246212e+01
   2.5502034e+01
   2.5823234e+01
   2.6127382e+01
   2.6333236e+01
   2.6385438e+01
   2.6260348e+01
   2.5963798e+01
   2.5527506e+01
   2.5003802e+01
   2.4454355e+01
   2.3930829e+01
   2.3455256e+01
   2.3015404e+01
   2.2581052e+01
   2.2129174e+01
   2.1661291e+01
   2.1203976e+01
   2.0791496e+01
   2.0439051e+01
   2.0125647e+01
   1.9801427e+01
   1.9413022e+01
   1.8928791e+01
   1.8353625e+01
   1.7731047e+01
   1.7128766e+01
   1.6605072e+01
   1.6172112e+01
   1.5788720e+01
   1.5391717e+01
   1.4936811e+01
   1.4420412e+01
   1.3873712e+01
   1.3330698e+01
   1.2784886e+01
   1.2166890e+01
   1.1362464e+01
   1.0257601e+01
   8.8083737e+00
   7.2036906e+00
   6.1343740e+00
   6.3554877e+00
   7.4271861e+00
   8.4274225e+00
   8.9061660e+00
   8.7091748e+00
   7.7343692e+00
   5.8144348e+00
   2.6343181e+00
  -1.9426432e+00
  -3.2653297e+00
   4.1967893e-01
   2.9936417e+00
   4.1316507e+00
   4.1175338e+00
   3.0281459e+00
   7.4193174e-01
  -2.9923530e+00
  -6.7844616e+00
  -4.8670527e+00
  -1.7657255e+00
  -1.0717129e-01
   3.2980638e-01
  -2.0332916e-01
  -1.4694955e+00
  -2.9554345e+00
  -3.6884998e+00
  -3.3145750e+00
  -2.7297466e+00
  -2.7093553e+00
  -3.5420155e+00
  -5.1875818e+00
  -6.7587875e+00
  -6.2497364e+00
  -4.2239254e+00
  -2.5663051e+00
  -1.8366605e+00
  -2.1417181e+00
  -3.6441899e+00
  -6.7888052e+00
  -1.2195501e+01
  -1.2061123e+01
  -6.7993842e+00
  -3.8183576e+00
  -2.4795875e+00
  -2.3888320e+00
  -3.5069341e+00
  -6.1541175e+00
  -1.1582461e+01
  -2.2231240e+01
  -1.1724585e+01
  -6.9249854e+00
  -4.8028752e+00
  -4.1707109e+00
  -4.7170324e+00
  -6.4789857e+00
  -9.8840738e+00
  -1.6239648e+01
  -1.8524782e+01
  -1.1581242e+01
  -7.7295123e+00
  -5.4087206e+00
  -3.9045173e+00
  -2.9576475e+00
  -2.5169986e+00
  -2.6508264e+00
  -3.5171315e+00
  -5.3679149e+00
  -8.3591459e+00
  -1.0111935e+01
  -6.7894103e+00
  -3.1868104e+00
  -8.3592467e-01
   4.3549020e-01
   7.8206577e-01
   2.7441510e-01
  -9.5158562e-01
  -2.1522748e+00
  -1.5678781e+00
   7.3301074e-01
   3.0346834e+00
   4.6890591e+00
   5.6307000e+00
   5.8816047e+00
   5.4346174e+00
   4.2201448e+00
   2.0685776e+00
  -1.3432837e+00
  -6.0398332e+00
  -6.9688587e+00
  -3.4269736e+00
  -1.0664528e+00
  -3.9660844e-02
   3.4301536e-02
  -4.7620969e-01
  -1.0079918e+00
  -8.6990199e-01
   4.7944626e-02
   1.2188928e+00
   2.2571150e+00
   3.1218792e+00
   3.9540074e+00
   4.8946085e+00
   5.9509489e+00
   6.9999612e+00
   7.8941218e+00
   8.5369861e+00
   8.8987483e+00
   9.0125853e+00
   8.9739289e+00
   8.9290571e+00
   9.0185633e+00
   9.2836020e+00
   9.6313677e+00
   9.9067264e+00
   9.9805792e+00
   9.7905422e+00
   9.3576204e+00
   8.8108515e+00
   8.3941748e+00
   8.3485292e+00
   8.6825409e+00
   9.1521018e+00
   9.4809422e+00
   9.4941029e+00
   9.1172078e+00
   8.3618737e+00
   7.3604649e+00
   6.4388586e+00
   6.0349034e+00
   6.2652753e+00
   6.7679024e+00
   7.1417105e+00
   7.2046338e+00
   6.9747873e+00
   6.6388033e+00
   6.5020322e+00
   6.7775202e+00
   7.3619109e+00
   7.9592430e+00
   8.3355804e+00
   8.3985437e+00
   8.1858944e+00
   7.8667659e+00
   7.7189903e+00
   7.9626851e+00
   8.5436739e+00
   9.1991378e+00
   9.6918221e+00
   9.9060882e+00
   9.8353850e+00
   9.5660260e+00
   9.2690294e+00
   9.1448723e+00
   9.2899140e+00
   9.6136575e+00
   9.9298551e+00
   1.0093301e+01
   1.0057534e+01
   9.8811268e+00
   9.7146964e+00
   9.7365270e+00
   1.0022751e+01
   1.0477424e+01
   1.0919422e+01
   1.1201608e+01
   1.1254619e+01
   1.1083201e+01
   1.0756453e+01
   1.0392138e+01
   1.0110544e+01
   9.9590405e+00
   9.8742241e+00
   9.7301428e+00
   9.4192680e+00
   8.9083360e+00
   8.2748401e+00
   7.7250880e+00
   7.5133796e+00
   7.7221338e+00
   8.1716937e+00
   8.6142039e+00
   8.9122076e+00
   9.0674659e+00
   9.1858681e+00
   9.4085688e+00
   9.8085189e+00
   1.0328828e+01
   1.0833457e+01
   1.1200536e+01
   1.1372461e+01
   1.1366301e+01
   1.1271096e+01
   1.1226266e+01
   1.1355901e+01
   1.1683734e+01
   1.2121230e+01
   1.2545762e+01
   1.2877864e+01
   1.3108179e+01
   1.3289046e+01
   1.3503757e+01
   1.3816935e+01
   1.4231208e+01
   1.4688298e+01
   1.5111415e+01
   1.5448038e+01
   1.5689750e+01
   1.5871956e+01
   1.6058091e+01
   1.6308877e+01
   1.6647700e+01
   1.7047506e+01
   1.7450792e+01
   1.7803463e+01
   1.8078880e+01
   1.8286128e+01
   1.8466125e+01
   1.8677098e+01
   1.8970759e+01
   1.9369112e+01
   1.9857962e+01
   2.0401253e+01
   2.0962072e+01
   2.1515021e+01
   2.2046576e+01
   2.2548570e+01
   2.3011107e+01
   2.3418963e+01
   2.3752357e+01
   2.3990566e+01
   2.4116127e+01
   2.4118137e+01
   2.3994238e+01
   2.3751373e+01
   2.3405249e+01
   2.2978071e+01
   2.2494137e+01
   2.1973857e+01
   2.1428547e+01
   2.0859395e+01
   2.0262560e+01
   1.9639066e+01
   1.9005008e+01
   1.8395717e+01
   1.7857050e+01
   1.7422225e+01
   1.7086882e+01
   1.6803879e+01
   1.6503464e+01
   1.6121709e+01
   1.5620435e+01
   1.4996202e+01
   1.4281664e+01
   1.3537743e+01
   1.2830142e+01
   1.2192863e+01
   1.1603391e+01
   1.0994666e+01
   1.0294986e+01
   9.4679755e+00
   8.5396387e+00
   7.6069911e+00
   6.8042003e+00
   6.2090900e+00
   5.7645159e+00
   5.3187662e+00
   4.7375573e+00
   3.9857915e+00
   3.1670077e+00
   2.5038591e+00
   2.1728455e+00
   2.0867545e+00
   1.9410821e+00
   1.4312443e+00
   3.5936000e-01
  -1.2666523e+00
  -2.7422661e+00
  -2.3701156e+00
  -3.2236451e-01
   1.7198953e+00
   3.1414957e+00
   3.8936926e+00
   4.0309744e+00
   3.6238853e+00
   2.7864569e+00
   1.7638883e+00
   1.0028617e+00
   9.0363279e-01
   1.3408550e+00
   1.8393389e+00
   2.0495871e+00
   1.8267001e+00
   1.1504679e+00
   1.0037848e-01
  -1.0987306e+00
  -2.0597841e+00
  -2.4863266e+00
  -2.5275076e+00
  -2.5925333e+00
  -2.9649220e+00
  -3.6902530e+00
  -4.5437251e+00
  -5.0363709e+00
  -4.8296076e+00
  -4.2193169e+00
  -3.7481594e+00
  -3.7568519e+00
  -4.3962022e+00
  -5.6990719e+00
  -7.4571936e+00
  -8.7724865e+00
  -8.4763358e+00
  -7.2156018e+00
  -6.2284678e+00
  -5.9865344e+00
  -6.6117434e+00
  -8.1343022e+00
  -1.0276365e+01
  -1.1443622e+01
  -1.0056657e+01
  -8.0054505e+00
  -6.6529078e+00
  -6.1947675e+00
  -6.5925376e+00
  -7.7299422e+00
  -9.1531987e+00
  -9.6545787e+00
  -8.5703777e+00
  -7.0512324e+00
  -6.0309128e+00
  -5.7689633e+00
  -6.2986056e+00
  -7.5094199e+00
  -8.7825136e+00
  -8.6474795e+00
  -6.8852263e+00
  -4.9522541e+00
  -3.5906415e+00
  -2.9380511e+00
  -3.0097579e+00
  -3.8497118e+00
  -5.5968974e+00
  -8.6101324e+00
  -1.3970557e+01
  -2.7436249e+01
  -1.8315226e+01
  -1.2820800e+01
  -1.0687396e+01
  -1.0104954e+01
  -1.0428935e+01
  -1.1020903e+01
  -1.1010163e+01
  -1.0083398e+01
  -8.8869657e+00
  -8.0253707e+00
  -7.7109137e+00
  -7.9299641e+00
  -8.4915800e+00
  -8.9599312e+00
  -8.8132171e+00
  -8.0315606e+00
  -7.1161162e+00
  -6.5006486e+00
  -6.3821409e+00
  -6.8152738e+00
  -7.7450737e+00
  -8.8960776e+00
  -9.6020995e+00
  -9.2644095e+00
  -8.2634955e+00
  -7.3559958e+00
  -6.9420654e+00
  -7.1702206e+00
  -8.1234577e+00
  -9.8879534e+00
  -1.2468484e+01
  -1.5083357e+01
  -1.5269299e+01
  -1.3465035e+01
  -1.2032415e+01
  -1.1581692e+01
  -1.2200162e+01
  -1.4070186e+01
  -1.7781628e+01
  -2.5009492e+01
  -2.4654495e+01
  -1.8376284e+01
  -1.5515998e+01
  -1.4529796e+01
  -1.4993967e+01
  -1.7068048e+01
  -2.1890413e+01
  -3.6093040e+01
  -2.2687408e+01
  -1.6921223e+01
  -1.4156579e+01
  -1.2888708e+01
  -1.2700853e+01
  -1.3499720e+01
  -1.5401263e+01
  -1.8816437e+01
  -2.4551747e+01
  -2.6560190e+01
  -2.1400630e+01
  -1.8559351e+01
  -1.7539950e+01
  -1.7947936e+01
  -1.9899368e+01
  -2.4334391e+01
  -3.5191448e+01
  -2.6286000e+01
  -2.0283459e+01
  -1.7334694e+01
  -1.5879358e+01
  -1.5462124e+01
  -1.5950219e+01
  -1.7392471e+01
  -2.0055273e+01
  -2.4654836e+01
  -3.1284806e+01
  -2.7356899e+01
  -2.2929261e+01
  -2.0848593e+01
  -2.0261284e+01
  -2.0891979e+01
  -2.2756763e+01
  -2.5825316e+01
  -2.7782287e+01
  -2.5210041e+01
  -2.2310819e+01
  -2.0683451e+01
  -2.0294509e+01
  -2.1183435e+01
  -2.3766698e+01
  -2.9495634e+01
  -3.2685470e+01
  -2.4547665e+01
  -2.0338201e+01
  -1.8142320e+01
  -1.7246785e+01
  -1.7467777e+01
  -1.8919493e+01
  -2.2170975e+01
  -2.9413417e+01
  -3.1209390e+01
  -2.2777254e+01
  -1.9058175e+01
  -1.7352766e+01
  -1.7003246e+01
  -1.7901603e+01
  -2.0249767e+01
  -2.4170040e+01
  -2.4855571e+01
  -2.0423352e+01
  -1.7215736e+01
  -1.5497162e+01
  -1.4966015e+01
  -1.5556770e+01
  -1.7468736e+01
  -2.1413075e+01
  -2.8791068e+01
  -2.5013092e+01
  -1.9476976e+01
  -1.6865367e+01
  -1.5993017e+01
  -1.6595963e+01
  -1.8991948e+01
  -2.4650429e+01
  -2.8185523e+01
  -1.9614130e+01
  -1.5252355e+01
  -1.2922525e+01
  -1.1835392e+01
  -1.1690271e+01
  -1.2288364e+01
  -1.3219647e+01
  -1.3491130e+01
  -1.2333225e+01
  -1.0516895e+01
  -8.9543783e+00
  -7.9398287e+00
  -7.4756025e+00
  -7.4396987e+00
  -7.5718442e+00
  -7.4618625e+00
  -6.7948646e+00
  -5.6914601e+00
  -4.5320644e+00
  -3.5975790e+00
  -3.0008526e+00
  -2.7451759e+00
  -2.7581088e+00
  -2.8941633e+00
  -2.9535530e+00
  -2.7757483e+00
  -2.3634026e+00
  -1.8762346e+00
  -1.5036914e+00
  -1.3770307e+00
  -1.5560337e+00
  -2.0346039e+00
  -2.7294277e+00
  -3.4567495e+00
  -3.9643404e+00
  -4.1020853e+00
  -3.9807261e+00
  -3.8682953e+00
  -3.9939068e+00
  -4.4775217e+00
  -5.3223513e+00
  -6.3613864e+00
  -7.1665514e+00
  -7.2406342e+00
  -6.6228773e+00
  -5.8371012e+00
  -5.2960102e+00
  -5.1659713e+00
  -5.4707309e+00
  -6.1448234e+00
  -7.0194856e+00
  -7.8098053e+00
  -8.2472870e+00
  -8.3425256e+00
  -8.3891817e+00
  -8.7062051e+00
  -9.5093993e+00
  -1.0931765e+01
  -1.3038294e+01
  -1.5701127e+01
  -1.8202422e+01
  -1.9535484e+01
  -2.0471279e+01
  -2.3103687e+01
  -3.1904200e+01
  -2.5337453e+01
  -1.7206290e+01
  -1.2907833e+01
  -1.0304961e+01
  -8.8042883e+00
  -8.1881531e+00
  -8.3988162e+00
  -9.4917992e+00
  -1.1642199e+01
  -1.5032160e+01
  -1.7900088e+01
  -1.5571018e+01
  -1.2352821e+01
  -1.0388288e+01
  -9.5401249e+00
  -9.6423350e+00
  -1.0641156e+01
  -1.2518762e+01
  -1.4949640e+01
  -1.6271994e+01
  -1.5102595e+01
  -1.3406761e+01
  -1.2469776e+01
  -1.2505601e+01
  -1.3547178e+01
  -1.5560586e+01
  -1.7778977e+01
  -1.7624569e+01
  -1.5364499e+01
  -1.3462208e+01
  -1.2512729e+01
  -1.2486648e+01
  -1.3241573e+01
  -1.4329518e+01
  -1.4581972e+01
  -1.3245541e+01
  -1.1362071e+01
  -9.8725317e+00
  -9.0392412e+00
  -8.9000314e+00
  -9.4730618e+00
  -1.0814410e+01
  -1.3035331e+01
  -1.6233883e+01
  -1.9757593e+01
  -2.0547297e+01
  -1.8955855e+01
  -1.7964444e+01
  -1.8098570e+01
  -1.9000917e+01
  -1.9430386e+01
  -1.8030116e+01
  -1.5767574e+01
  -1.3840464e+01
  -1.2491287e+01
  -1.1604142e+01
  -1.0975235e+01
  -1.0412690e+01
  -9.8349399e+00
  -9.3185741e+00
  -9.0414445e+00
  -9.2056904e+00
  -1.0028275e+01
  -1.1812793e+01
  -1.5139623e+01
  -2.0796407e+01
  -1.9775754e+01
  -1.4076950e+01
  -1.0759302e+01
  -8.9714337e+00
  -8.2590989e+00
  -8.4444082e+00
  -9.4369209e+00
  -1.0980662e+01
  -1.2027028e+01
  -1.1138096e+01
  -9.1465421e+00
  -7.4223415e+00
  -6.3474127e+00
  -5.9085303e+00
  -5.9703961e+00
  -6.2522467e+00
  -6.2724162e+00
  -5.6211742e+00
  -4.4380764e+00
  -3.1940423e+00
  -2.2190988e+00
  -1.6449768e+00
  -1.4992787e+00
  -1.7569038e+00
  -2.3399289e+00
  -3.0844260e+00
  -3.7225274e+00
  -3.9970741e+00
  -3.8968879e+00
  -3.6741766e+00
  -3.6118366e+00
  -3.8841114e+00
  -4.5497434e+00
  -5.5409863e+00
  -6.5839892e+00
  -7.1763256e+00
  -7.0031369e+00
  -6.3789644e+00
  -5.8283357e+00
  -5.6604010e+00
  -5.9909872e+00
  -6.8273191e+00
  -8.0507523e+00
  -9.2829573e+00
  -9.8745578e+00
  -9.5754139e+00
  -8.9349461e+00
  -8.5493994e+00
  -8.7021170e+00
  -9.4923402e+00
  -1.0903837e+01
  -1.2638003e+01
  -1.3716450e+01
  -1.3237512e+01
  -1.2021600e+01
  -1.1123876e+01
  -1.0922616e+01
  -1.1525809e+01
  -1.3002834e+01
  -1.5337178e+01
  -1.7711459e+01
  -1.7621895e+01
  -1.5550125e+01
  -1.3836337e+01
  -1.3037905e+01
  -1.3167550e+01
  -1.4241355e+01
  -1.6359589e+01
  -1.9558522e+01
  -2.2325287e+01
  -2.1085030e+01
  -1.8683815e+01
  -1.7358775e+01
  -1.7247782e+01
  -1.8385507e+01
  -2.1123656e+01
  -2.6809663e+01
  -3.5177453e+01
  -2.5444122e+01
  -2.0968012e+01
  -1.8864931e+01
  -1.8071604e+01
  -1.8195849e+01
  -1.9006064e+01
  -2.0234313e+01
  -2.1471074e+01
  -2.2349732e+01
  -2.3001633e+01
  -2.4000420e+01
  -2.5931008e+01
  -2.8902029e+01
  -2.9615346e+01
  -2.6044386e+01
  -2.2952000e+01
  -2.1206700e+01
  -2.0677167e+01
  -2.1378929e+01
  -2.3666900e+01
  -2.8822516e+01
  -3.4899908e+01
  -2.5930526e+01
  -2.1143869e+01
  -1.8566375e+01
  -1.7270439e+01
  -1.6942989e+01
  -1.7503029e+01
  -1.9029260e+01
  -2.1829430e+01
  -2.6800776e+01
  -3.5428890e+01
  -2.9889515e+01
  -2.5021761e+01
  -2.2836620e+01
  -2.2063593e+01
  -2.2193380e+01
  -2.2855283e+01
  -2.3584337e+01
  -2.3910877e+01
  -2.3803389e+01
  -2.3686407e+01
  -2.3968395e+01
  -2.4847316e+01
  -2.6280278e+01
  -2.7731143e+01
  -2.8051932e+01
  -2.7047778e+01
  -2.5803029e+01
  -2.4901394e+01
  -2.4294195e+01
  -2.3675529e+01
  -2.2805546e+01
  -2.1764655e+01
  -2.0851726e+01
  -2.0343460e+01
  -2.0437265e+01
  -2.1321792e+01
  -2.3304601e+01
  -2.7142104e+01
  -3.5838750e+01
  -3.5091893e+01
  -2.7198849e+01
  -2.3842217e+01
  -2.2374218e+01
  -2.2167412e+01
  -2.3034738e+01
  -2.4826996e+01
  -2.6636597e+01
  -2.6129316e+01
  -2.3833917e+01
  -2.1886719e+01
  -2.0823917e+01
  -2.0663909e+01
  -2.1421054e+01
  -2.3213862e+01
  -2.6331280e+01
  -3.1036981e+01
  -3.3438304e+01
  -3.0185908e+01
  -2.7887253e+01
  -2.6966034e+01
  -2.6446468e+01
  -2.5069632e+01
  -2.2695416e+01
  -2.0275466e+01
  -1.8367500e+01
  -1.7099888e+01
  -1.6477589e+01
  -1.6503011e+01
  -1.7217408e+01
  -1.8735541e+01
  -2.1318528e+01
  -2.5551722e+01
  -3.1663590e+01
  -2.9508454e+01
  -2.4881227e+01
  -2.2352910e+01
  -2.1126331e+01
  -2.0785053e+01
  -2.1150853e+01
  -2.2186756e+01
  -2.4008755e+01
  -2.7017098e+01
  -3.2242614e+01
  -3.5588181e+01
  -2.8638072e+01
  -2.4103644e+01
  -2.1343577e+01
  -1.9692539e+01
  -1.8897911e+01
  -1.8875032e+01
  -1.9617792e+01
  -2.1108027e+01
  -2.2968216e+01
  -2.3657547e+01
  -2.2157997e+01
  -2.0174932e+01
  -1.8845492e+01
  -1.8411121e+01
  -1.8978641e+01
  -2.0821706e+01
  -2.4821941e+01
  -3.6162475e+01
  -3.0562225e+01
  -2.2839288e+01
  -1.9457507e+01
  -1.7851572e+01
  -1.7443830e+01
  -1.8086555e+01
  -1.9789693e+01
  -2.2313567e+01
  -2.3407747e+01
  -2.1039226e+01
  -1.8315109e+01
  -1.6535945e+01
  -1.5714567e+01
  -1.5786164e+01
  -1.6787163e+01
  -1.8926274e+01
  -2.2801492e+01
  -3.0039942e+01
  -3.0409352e+01
  -2.4201264e+01
  -2.1414813e+01
  -2.0515659e+01
  -2.1059288e+01
  -2.3164220e+01
  -2.7771361e+01
  -3.9616278e+01
  -3.1028729e+01
  -2.5273920e+01
  -2.2949611e+01
  -2.2437622e+01
  -2.3429190e+01
  -2.6049005e+01
  -2.9672141e+01
  -2.8255269e+01
  -2.4274112e+01
  -2.1819646e+01
  -2.0829326e+01
  -2.1184311e+01
  -2.3147967e+01
  -2.8014259e+01
  -4.5966284e+01
  -2.7659969e+01
  -2.1840459e+01
  -1.8966735e+01
  -1.7588031e+01
  -1.7313867e+01
  -1.8082964e+01
  -2.0088172e+01
  -2.4044744e+01
  -3.3436768e+01
  -3.3789722e+01
  -2.5153320e+01
  -2.2023918e+01
  -2.1000634e+01
  -2.1513375e+01
  -2.3701167e+01
  -2.8638630e+01
  -3.7137218e+01
  -2.8341764e+01
  -2.3590731e+01
  -2.1494806e+01
  -2.1030567e+01
  -2.2036286e+01
  -2.4889781e+01
  -3.0688529e+01
  -3.0866608e+01
  -2.4594330e+01
  -2.1292970e+01
  -1.9863375e+01
  -1.9891793e+01
  -2.1506378e+01
  -2.5652631e+01
  -3.4245261e+01
  -2.5707673e+01
  -1.9939723e+01
  -1.6892397e+01
  -1.5306659e+01
  -1.4791548e+01
  -1.5242727e+01
  -1.6692003e+01
  -1.9078125e+01
  -2.0899346e+01
  -1.9137936e+01
  -1.6145584e+01
  -1.3944703e+01
  -1.2660626e+01
  -1.2170044e+01
  -1.2373193e+01
  -1.3161112e+01
  -1.4270280e+01
  -1.5046979e+01
  -1.4742430e+01
  -1.3589905e+01
  -1.2400334e+01
  -1.1626565e+01
  -1.1409740e+01
  -1.1788819e+01
  -1.2780293e+01
  -1.4364786e+01
  -1.6332869e+01
  -1.7893356e+01
  -1.7972101e+01
  -1.7005906e+01
  -1.6141218e+01
  -1.5883872e+01
  -1.6382929e+01
  -1.7746838e+01
  -2.0175047e+01
  -2.3970882e+01
  -2.7935149e+01
  -2.6056640e+01
  -2.2668369e+01
  -2.0622505e+01
  -1.9667058e+01
  -1.9534585e+01
  -2.0090121e+01
  -2.1298691e+01
  -2.3235247e+01
  -2.6149786e+01
  -3.0433724e+01
  -3.3202897e+01
  -2.8934085e+01
  -2.4975038e+01
  -2.2436967e+01
  -2.0944959e+01
  -2.0316848e+01
  -2.0525690e+01
  -2.1682986e+01
  -2.4119608e+01
  -2.8654596e+01
  -3.4184414e+01
  -2.8710736e+01
  -2.4319751e+01
  -2.2118162e+01
  -2.1376750e+01
  -2.1929485e+01
  -2.4037849e+01
  -2.8805350e+01
  -3.5339280e+01
  -2.6860985e+01
  -2.1851497e+01
  -1.9121643e+01
  -1.7703377e+01
  -1.7274949e+01
  -1.7766277e+01
  -1.9296332e+01
  -2.2305796e+01
  -2.8350412e+01
  -3.8989140e+01
  -2.6880535e+01
  -2.2242621e+01
  -2.0076944e+01
  -1.9287502e+01
  -1.9574053e+01
  -2.0937843e+01
  -2.3674971e+01
  -2.8820169e+01
  -4.0365563e+01
  -3.2228579e+01
  -2.7077004e+01
  -2.5175758e+01
  -2.5123977e+01
  -2.6819533e+01
  -3.1191887e+01
  -4.2772445e+01
  -3.2474760e+01
  -2.6551503e+01
  -2.3715068e+01
  -2.2450503e+01
  -2.2352943e+01
  -2.3373268e+01
  -2.5727698e+01
  -2.9946626e+01
  -3.4077824e+01
  -3.0034216e+01
  -2.6331783e+01
  -2.4524026e+01
  -2.4153217e+01
  -2.5150140e+01
  -2.7936008e+01
  -3.4381700e+01
  -3.9150797e+01
  -2.9346588e+01
  -2.5120252e+01
  -2.3050555e+01
  -2.2319793e+01
  -2.2729370e+01
  -2.4402993e+01
  -2.7976550e+01
  -3.6513794e+01
  -3.8996433e+01
  -2.9200419e+01
  -2.5677298e+01
  -2.4356129e+01
  -2.4612311e+01
  -2.6624883e+01
  -3.1882650e+01
  -4.8666935e+01
  -2.9618888e+01
  -2.4107941e+01
  -2.1264482e+01
  -1.9818557e+01
  -1.9398125e+01
  -1.9895211e+01
  -2.1304003e+01
  -2.3460780e+01
  -2.4971392e+01
  -2.3609434e+01
  -2.1110331e+01
  -1.9221532e+01
  -1.8187259e+01
  -1.7956025e+01
  -1.8475335e+01
  -1.9673068e+01
  -2.1245854e+01
  -2.2215822e+01
  -2.1594133e+01
  -2.0167706e+01
  -1.9048300e+01
  -1.8650990e+01
  -1.9131243e+01
  -2.0704493e+01
  -2.3939988e+01
  -3.0952287e+01
  -3.5616977e+01
  -2.5712374e+01
  -2.1603749e+01
  -1.9574032e+01
  -1.8787426e+01
  -1.8991187e+01
  -2.0158140e+01
  -2.2408386e+01
  -2.5820263e+01
  -2.8498042e+01
  -2.6488778e+01
  -2.3701497e+01
  -2.2083940e+01
  -2.1564728e+01
  -2.2015658e+01
  -2.3427985e+01
  -2.5919774e+01
  -2.9735246e+01
  -3.4821965e+01
  -3.7943333e+01
  -3.7950079e+01
  -3.9908571e+01
  -3.8710544e+01
  -3.1637513e+01
  -2.6725402e+01
  -2.3561903e+01
  -2.1601063e+01
  -2.0595845e+01
  -2.0464510e+01
  -2.1255046e+01
  -2.3199649e+01
  -2.7002703e+01
  -3.5895580e+01
  -3.7630706e+01
  -2.8269537e+01
  -2.4863128e+01
  -2.3582872e+01
  -2.3784688e+01
  -2.5498754e+01
  -2.9333376e+01
  -3.4951506e+01
  -3.0178145e+01
  -2.5325007e+01
  -2.2749901e+01
  -2.1636615e+01
  -2.1709740e+01
  -2.3025851e+01
  -2.6089004e+01
  -3.3146277e+01
  -4.1371721e+01
  -2.8486634e+01
  -2.4226254e+01
  -2.2295829e+01
  -2.1771683e+01
  -2.2460540e+01
  -2.4547934e+01
  -2.8919124e+01
  -4.1168681e+01
  -3.4691275e+01
  -2.7748064e+01
  -2.5032439e+01
  -2.4218483e+01
  -2.4848195e+01
  -2.6894209e+01
  -2.9835287e+01
  -2.9542597e+01
  -2.6080067e+01
  -2.3491798e+01
  -2.2217724e+01
  -2.2174798e+01
  -2.3506711e+01
  -2.6949916e+01
  -3.6519196e+01
  -3.3350846e+01
  -2.4892216e+01
  -2.1074320e+01
  -1.9059085e+01
  -1.8198663e+01
  -1.8301695e+01
  -1.9391385e+01
  -2.1729019e+01
  -2.6182364e+01
  -3.7647271e+01
  -3.3436278e+01
  -2.6154923e+01
  -2.3459942e+01
  -2.2768607e+01
  -2.3686285e+01
  -2.6570582e+01
  -3.2596520e+01
  -3.1302432e+01
  -2.4825973e+01
  -2.1272782e+01
  -1.9370015e+01
  -1.8601789e+01
  -1.8804424e+01
  -2.0007730e+01
  -2.2436386e+01
  -2.6503170e+01
  -3.0187433e+01
  -2.6817444e+01
  -2.3370903e+01
  -2.1627203e+01
  -2.1244642e+01
  -2.2149282e+01
  -2.4650704e+01
  -2.9782072e+01
  -3.3429937e+01
  -2.6468263e+01
  -2.2322389e+01
  -2.0124038e+01
  -1.9173617e+01
  -1.9242142e+01
  -2.0340504e+01
  -2.2733478e+01
  -2.7241902e+01
  -3.4830410e+01
  -2.9651226e+01
  -2.4630246e+01
  -2.2244888e+01
  -2.1418507e+01
  -2.1873914e+01
  -2.3781974e+01
  -2.8119292e+01
  -4.1160645e+01
  -3.0879657e+01
  -2.4207785e+01
  -2.0962496e+01
  -1.9254634e+01
  -1.8575262e+01
  -1.8764856e+01
  -1.9840704e+01
  -2.2014374e+01
  -2.5943529e+01
  -3.4238450e+01
  -3.5514029e+01
  -2.7218947e+01
  -2.3709448e+01
  -2.2042384e+01
  -2.1496082e+01
  -2.1821485e+01
  -2.2929968e+01
  -2.4759474e+01
  -2.7004096e+01
  -2.8490616e+01
  -2.8013872e+01
  -2.6667483e+01
  -2.5666499e+01
  -2.5312731e+01
  -2.5596531e+01
  -2.6435186e+01
  -2.7680752e+01
  -2.9060883e+01
  -3.0193417e+01
  -3.0849264e+01
  -3.1161492e+01
  -3.1330929e+01
  -3.1282113e+01
  -3.0742993e+01
  -2.9672126e+01
  -2.8381457e+01
  -2.7191563e+01
  -2.6243860e+01
  -2.5542554e+01
  -2.5030998e+01
  -2.4652250e+01
  -2.4394722e+01
  -2.4310669e+01
  -2.4501668e+01
  -2.5087455e+01
  -2.6162285e+01
  -2.7662447e+01
  -2.8931675e+01
  -2.8615545e+01
  -2.6863356e+01
  -2.5093366e+01
  -2.3966503e+01
  -2.3662296e+01
  -2.4324496e+01
  -2.6300205e+01
  -3.0709431e+01
  -4.5877390e+01
  -3.2690722e+01
  -2.5934838e+01
  -2.2538129e+01
  -2.0644300e+01
  -1.9749531e+01
  -1.9682492e+01
  -2.0424326e+01
  -2.2089455e+01
  -2.5021248e+01
  -3.0259730e+01
  -4.3169509e+01
  -3.5225425e+01
  -2.9761164e+01
  -2.7980455e+01
  -2.8249298e+01
  -3.0618301e+01
  -3.6905740e+01
  -4.1195859e+01
  -3.1181675e+01
  -2.6849502e+01
  -2.4664752e+01
  -2.3780668e+01
  -2.3920093e+01
  -2.4976680e+01
  -2.6763394e+01
  -2.8390929e+01
  -2.8186375e+01
  -2.6670760e+01
  -2.5506183e+01
  -2.5324640e+01
  -2.6415103e+01
  -2.9391264e+01
  -3.6650526e+01
  -3.7909890e+01
  -2.9038470e+01
  -2.5080530e+01
  -2.3120565e+01
  -2.2473422e+01
  -2.3001002e+01
  -2.4910831e+01
  -2.9115402e+01
  -4.1402710e+01
  -3.3900290e+01
  -2.6828005e+01
  -2.3780825e+01
  -2.2529722e+01
  -2.2608888e+01
  -2.4063940e+01
  -2.7508060e+01
  -3.5260996e+01
  -3.3444575e+01
  -2.6261238e+01
  -2.2813731e+01
  -2.1120976e+01
  -2.0605081e+01
  -2.1078902e+01
  -2.2478171e+01
  -2.4545499e+01
  -2.5884819e+01
  -2.4749709e+01
  -2.2707652e+01
  -2.1252903e+01
  -2.0627933e+01
  -2.0734565e+01
  -2.1281744e+01
  -2.1603057e+01
  -2.0937692e+01
  -1.9481131e+01
  -1.8025083e+01
  -1.7027978e+01
  -1.6645026e+01
  -1.6942263e+01
  -1.7997202e+01
  -1.9938357e+01
  -2.2882727e+01
  -2.6066477e+01
  -2.6018021e+01
  -2.3658264e+01
  -2.2055058e+01
  -2.1668819e+01
  -2.2537856e+01
  -2.4847389e+01
  -2.8423908e+01
  -2.8269309e+01
  -2.4047843e+01
  -2.0953274e+01
  -1.9176243e+01
  -1.8435498e+01
  -1.8611405e+01
  -1.9737307e+01
  -2.2050242e+01
  -2.6300393e+01
  -3.6155978e+01
  -3.6358985e+01
  -2.7962907e+01
  -2.5063116e+01
  -2.4262897e+01
  -2.5001303e+01
  -2.7409758e+01
  -3.2332704e+01
  -3.7107231e+01
  -3.0952752e+01
  -2.7096934e+01
  -2.5372704e+01
  -2.5035515e+01
  -2.5684916e+01
  -2.6582556e+01
  -2.6176192e+01
  -2.4182724e+01
  -2.2063362e+01
  -2.0562770e+01
  -1.9812192e+01
  -1.9820840e+01
  -2.0623963e+01
  -2.2329998e+01
  -2.5139623e+01
  -2.9037893e+01
  -3.1121842e+01
  -2.8806671e+01
  -2.6716285e+01
  -2.6034353e+01
  -2.6765621e+01
  -2.9143572e+01
  -3.3846404e+01
  -3.6555799e+01
  -3.1032020e+01
  -2.7474550e+01
  -2.5797834e+01
  -2.5486321e+01
  -2.6411536e+01
  -2.8649220e+01
  -3.1820123e+01
  -3.2067701e+01
  -2.8866112e+01
  -2.6412722e+01
  -2.5278646e+01
  -2.5385755e+01
  -2.6854780e+01
  -3.0282212e+01
  -3.7293819e+01
  -3.5250696e+01
  -2.8933320e+01
  -2.5809816e+01
  -2.4438056e+01
  -2.4375001e+01
  -2.5605652e+01
  -2.8432901e+01
  -3.2662500e+01
  -3.1203666e+01
  -2.6522150e+01
  -2.3526479e+01
  -2.1896958e+01
  -2.1313849e+01
  -2.1675856e+01
  -2.3062511e+01
  -2.5833810e+01
  -3.1239692e+01
  -4.7821717e+01
  -3.3062064e+01
  -2.7595799e+01
  -2.5151701e+01
  -2.4144650e+01
  -2.4072856e+01
  -2.4643897e+01
  -2.5511041e+01
  -2.6170130e+01
  -2.6245834e+01
  -2.5926799e+01
  -2.5689434e+01
  -2.5847663e+01
  -2.6497382e+01
  -2.7557368e+01
  -2.8745768e+01
  -2.9664223e+01
  -3.0235961e+01
  -3.0958773e+01
  -3.2606394e+01
  -3.6380884e+01
  -4.5944201e+01
  -3.8621938e+01
  -3.1970584e+01
  -2.8653701e+01
  -2.7016777e+01
  -2.6634983e+01
  -2.7497695e+01
  -2.9993431e+01
  -3.5543974e+01
  -4.0717634e+01
  -3.1834314e+01
  -2.7369702e+01
  -2.5069621e+01
  -2.4097665e+01
  -2.4211772e+01
  -2.5436028e+01
  -2.8035591e+01
  -3.2327386e+01
  -3.3951842e+01
  -2.9535692e+01
  -2.6280697e+01
  -2.4531533e+01
  -2.3873701e+01
  -2.4060165e+01
  -2.4850907e+01
  -2.5770017e+01
  -2.6035001e+01
  -2.5376430e+01
  -2.4478171e+01
  -2.4020236e+01
  -2.4358978e+01
  -2.5792683e+01
  -2.8908687e+01
  -3.5320853e+01
  -3.6251031e+01
  -2.8968289e+01
  -2.5230668e+01
  -2.3305742e+01
  -2.2570336e+01
  -2.2823214e+01
  -2.4038692e+01
  -2.6204424e+01
  -2.8584957e+01
  -2.8402953e+01
  -2.5909121e+01
  -2.3756409e+01
  -2.2523719e+01
  -2.2178770e+01
  -2.2695989e+01
  -2.4159896e+01
  -2.6865948e+01
  -3.1710970e+01
  -4.2342321e+01
  -3.7147585e+01
  -3.1236147e+01
  -2.8813957e+01
  -2.8023979e+01
  -2.8329387e+01
  -2.9492185e+01
  -3.1282436e+01
  -3.3250625e+01
  -3.4752240e+01
  -3.5668968e+01
  -3.6423813e+01
  -3.6537677e+01
  -3.4717615e+01
  -3.1841487e+01
  -2.9346458e+01
  -2.7632566e+01
  -2.6722862e+01
  -2.6606170e+01
  -2.7320855e+01
  -2.8992479e+01
  -3.1865396e+01
  -3.5963178e+01
  -3.7625834e+01
  -3.4573311e+01
  -3.2081576e+01
  -3.0758682e+01
  -3.0064148e+01
  -2.9344433e+01
  -2.8171071e+01
  -2.6719487e+01
  -2.5443763e+01
  -2.4660898e+01
  -2.4546878e+01
  -2.5262167e+01
  -2.7093905e+01
  -3.0797713e+01
  -3.9905143e+01
  -4.0136861e+01
  -3.0893638e+01
  -2.7223575e+01
  -2.5539181e+01
  -2.5161592e+01
  -2.5983249e+01
  -2.8281847e+01
  -3.3232063e+01
  -4.6678829e+01
  -3.4285620e+01
  -2.8646279e+01
  -2.6001895e+01
  -2.4886393e+01
  -2.4912806e+01
  -2.6030492e+01
  -2.8396823e+01
  -3.2093457e+01
  -3.3986933e+01
  -3.0729622e+01
  -2.7800773e+01
  -2.6259270e+01
  -2.5901451e+01
  -2.6670515e+01
  -2.8779992e+01
  -3.3081288e+01
  -4.4333875e+01
  -3.9185487e+01
  -3.2089768e+01
  -2.9186423e+01
  -2.8101019e+01
  -2.8320677e+01
  -2.9825664e+01
  -3.3020748e+01
  -3.9124547e+01
  -4.1394567e+01
  -3.4902051e+01
  -3.1560454e+01
  -3.0087249e+01
  -2.9871128e+01
  -3.0730604e+01
  -3.2713993e+01
  -3.6116507e+01
  -4.1579729e+01
  -4.6378121e+01
  -4.2588746e+01
  -3.9728139e+01
  -3.8159925e+01
  -3.6775677e+01
  -3.5167389e+01
  -3.3629742e+01
  -3.2522073e+01
  -3.1950027e+01
  -3.1731095e+01
  -3.1343137e+01
  -3.0223881e+01
  -2.8506197e+01
  -2.6803956e+01
  -2.5540392e+01
  -2.4904520e+01
  -2.5017868e+01
  -2.6064153e+01
  -2.8470246e+01
  -3.3593040e+01
  -4.6668157e+01
  -3.3046922e+01
  -2.7394469e+01
  -2.4458304e+01
  -2.2891052e+01
  -2.2284260e+01
  -2.2497164e+01
  -2.3508290e+01
  -2.5342957e+01
  -2.7844431e+01
  -2.9742346e+01
  -2.9044967e+01
  -2.7232084e+01
  -2.6024029e+01
  -2.5787318e+01
  -2.6636743e+01
  -2.8881858e+01
  -3.3611459e+01
  -4.8738483e+01
  -3.6464419e+01
  -3.0194228e+01
  -2.7342726e+01
  -2.6073286e+01
  -2.5913076e+01
  -2.6744606e+01
  -2.8634918e+01
  -3.1740934e+01
  -3.5265210e+01
  -3.4663122e+01
  -3.1649199e+01
  -2.9647348e+01
  -2.8809026e+01
  -2.8965285e+01
  -3.0042960e+01
  -3.2011552e+01
  -3.4547900e+01
  -3.5987134e+01
  -3.4835595e+01
  -3.3022135e+01
  -3.1812856e+01
  -3.1328917e+01
  -3.1450057e+01
  -3.1991365e+01
  -3.2652360e+01
  -3.2958280e+01
  -3.2477515e+01
  -3.1270141e+01
  -2.9779354e+01
  -2.8384746e+01
  -2.7294421e+01
  -2.6623152e+01
  -2.6460603e+01
  -2.6916198e+01
  -2.8170756e+01
  -3.0587616e+01
  -3.5020778e+01
  -4.1191709e+01
  -3.5585289e+01
  -3.0679092e+01
  -2.8012279e+01
  -2.6695037e+01
  -2.6412441e+01
  -2.7115108e+01
  -2.8961678e+01
  -3.2396248e+01
  -3.7344599e+01
  -3.5569442e+01
  -3.0930642e+01
  -2.8187182e+01
  -2.6836784e+01
  -2.6551473e+01
  -2.7231145e+01
  -2.8890320e+01
  -3.1378056e+01
  -3.3029472e+01
  -3.1399957e+01
  -2.8863406e+01
  -2.7136129e+01
  -2.6375869e+01
  -2.6555450e+01
  -2.7740199e+01
  -3.0136630e+01
  -3.3722176e+01
  -3.4628166e+01
  -3.0827075e+01
  -2.7644132e+01
  -2.5702981e+01
  -2.4738242e+01
  -2.4594651e+01
  -2.5230169e+01
  -2.6688206e+01
  -2.9041142e+01
  -3.1944369e+01
  -3.3003402e+01
  -3.0989403e+01
  -2.8851075e+01
  -2.7640115e+01
  -2.7404196e+01
  -2.8170039e+01
  -3.0157878e+01
  -3.4119389e+01
  -4.3780791e+01
  -4.2562478e+01
  -3.4269022e+01
  -3.0996777e+01
  -2.9689896e+01
  -2.9744963e+01
  -3.1052678e+01
  -3.3424373e+01
  -3.4514339e+01
  -3.1612622e+01
  -2.8334623e+01
  -2.6101815e+01
  -2.4860029e+01
  -2.4505656e+01
  -2.5047830e+01
  -2.6664222e+01
  -2.9917365e+01
  -3.7059380e+01
  -4.4394618e+01
  -3.2280041e+01
  -2.7975896e+01
  -2.5891118e+01
  -2.5100094e+01
  -2.5349581e+01
  -2.6652946e+01
  -2.9263731e+01
  -3.3702522e+01
  -3.7384816e+01
  -3.3259315e+01
  -2.9811102e+01
  -2.8166104e+01
  -2.7904758e+01
  -2.8975014e+01
  -3.1797846e+01
  -3.8244497e+01
  -4.4051826e+01
  -3.3612562e+01
  -2.9252956e+01
  -2.7055156e+01
  -2.6115551e+01
  -2.6136396e+01
  -2.7014942e+01
  -2.8687058e+01
  -3.0825565e+01
  -3.2147851e+01
  -3.1473185e+01
  -3.0126886e+01
  -2.9373168e+01
  -2.9590349e+01
  -3.1014904e+01
  -3.4211158e+01
  -4.0835227e+01
  -4.0948960e+01
  -3.3772266e+01
  -3.0028438e+01
  -2.7973476e+01
  -2.6972515e+01
  -2.6780447e+01
  -2.7311962e+01
  -2.8579073e+01
  -3.0670715e+01
  -3.3631260e+01
  -3.6408671e+01
  -3.5682417e+01
