   1.2391207e+01
   1.2068150e+01
   1.1130757e+01
   9.6711708e+00
   7.8330675e+00
   5.8001583e+00
   3.7918738e+00
   2.1158700e+00
   1.4488018e+00
   1.9654682e+00
   2.5213226e+00
   2.7095306e+00
   2.4967782e+00
   1.9540205e+00
   1.2067061e+00
   4.9261731e-01
   7.0612289e-01
   1.3304021e+00
   1.7980398e+00
   2.0539036e+00
   2.1335198e+00
   2.1312040e+00
   2.1607950e+00
   2.2775779e+00
   2.4291766e+00
   2.5020519e+00
   2.3962455e+00
   2.0736036e+00
   1.6191089e+00
   1.4188085e+00
   1.9805356e+00
   3.0512888e+00
   4.2623407e+00
   5.4249300e+00
   6.4304055e+00
   7.2226392e+00
   7.7944594e+00
   8.1818287e+00
   8.4471985e+00
   8.6513318e+00
   8.8227200e+00
   8.9415630e+00
   8.9500481e+00
   8.7844701e+00
   8.4151674e+00
   7.8837247e+00
   7.3300966e+00
   6.9851039e+00
   7.0704609e+00
   7.6218231e+00
   8.4422820e+00
   9.2456548e+00
   9.7922236e+00
   9.9472887e+00
   9.7129571e+00
   9.2670501e+00
   8.9931374e+00
   9.3814781e+00
   1.0691285e+01
   1.2740309e+01
   1.5122963e+01
   1.7459118e+01
   1.9477032e+01
   2.1028307e+01
   2.2092866e+01
   2.2777130e+01
   2.3291277e+01
   2.3889002e+01
   2.4770031e+01
   2.5986153e+01
   2.7413848e+01
   2.8812983e+01
   2.9929216e+01
   3.0591598e+01
   3.0786641e+01
   3.0704682e+01
   3.0739962e+01
   3.1398412e+01
   3.3086808e+01
   3.5887194e+01
   3.9508477e+01
   4.3437612e+01
   4.7133403e+01
   5.0159881e+01
   5.2260710e+01
   5.3400671e+01
   5.3783700e+01
   5.3836360e+01
   5.4129957e+01
   5.5221083e+01
   5.7449093e+01
   6.0809256e+01
   6.4998279e+01
   6.9590587e+01
   7.4224856e+01
   7.8724230e+01
   8.3134721e+01
   8.7687349e+01
   9.2694835e+01
   9.8410921e+01
   1.0490506e+02
   1.1200750e+02
   1.1934453e+02
   1.2643797e+02
   1.3282433e+02
   1.3815837e+02
   1.4228328e+02
   1.4526030e+02
   1.4735511e+02
   1.4898094e+02
   1.5060608e+02
   1.5264589e+02
   1.5537238e+02
   1.5887485e+02
   1.6308387e+02
   1.6784051e+02
   1.7297220e+02
   1.7833985e+02
   1.8383994e+02
   1.8936820e+02
   1.9476757e+02
   1.9978956e+02
   2.0409068e+02
   2.0727137e+02
   2.0894827e+02
   2.0884123e+02
   2.0685412e+02
   2.0313117e+02
   1.9807445e+02
   1.9231051e+02
   1.8659880e+02
   1.8168580e+02
   1.7813375e+02
   1.7618258e+02
   1.7571036e+02
   1.7631568e+02
   1.7747897e+02
   1.7872547e+02
   1.7972979e+02
   1.8034339e+02
   1.8055807e+02
   1.8043498e+02
   1.8003243e+02
   1.7936093e+02
   1.7838034e+02
   1.7703508e+02
   1.7530725e+02
   1.7326055e+02
   1.7105184e+02
   1.6889966e+02
   1.6701609e+02
   1.6552623e+02
   1.6441008e+02
   1.6349626e+02
   1.6251411e+02
   1.6118471e+02
   1.5931640e+02
   1.5687335e+02
   1.5399731e+02
   1.5097655e+02
   1.4816830e+02
   1.4589547e+02
   1.4435174e+02
   1.4355244e+02
   1.4335146e+02
   1.4351255e+02
   1.4379828e+02
   1.4403818e+02
   1.4415441e+02
   1.4414510e+02
   1.4404132e+02
   1.4386147e+02
   1.4358481e+02
   1.4315554e+02
   1.4251359e+02
   1.4163594e+02
   1.4056778e+02
   1.3942717e+02
   1.3837730e+02
   1.3757441e+02
   1.3711186e+02
   1.3698643e+02
   1.3710519e+02
   1.3733324e+02
   1.3756362e+02
   1.3778137e+02
   1.3809653e+02
   1.3873090e+02
   1.3995753e+02
   1.4200977e+02
   1.4499287e+02
   1.4883513e+02
   1.5329847e+02
   1.5803901e+02
   1.6268799e+02
   1.6692228e+02
   1.7050700e+02
   1.7330700e+02
   1.7527330e+02
   1.7641558e+02
   1.7677213e+02
   1.7638702e+02
   1.7529940e+02
   1.7354497e+02
   1.7116436e+02
   1.6821129e+02
   1.6475400e+02
   1.6086746e+02
   1.5661843e+02
   1.5205000e+02
   1.4717365e+02
   1.4197511e+02
   1.3643496e+02
   1.3055912e+02
   1.2440958e+02
   1.1812417e+02
   1.1191557e+02
   1.0604341e+02
   1.0076054e+02
   9.6245236e+01
   9.2543141e+01
   8.9546779e+01
   8.7026897e+01
   8.4703757e+01
   8.2327665e+01
   7.9739310e+01
   7.6895105e+01
   7.3857014e+01
   7.0754736e+01
   6.7732579e+01
   6.4896903e+01
   6.2281398e+01
   5.9842719e+01
   5.7486743e+01
   5.5112255e+01
   5.2652970e+01
   5.0102802e+01
   4.7518160e+01
   4.4998971e+01
   4.2655684e+01
   4.0573466e+01
   3.8786818e+01
   3.7274853e+01
   3.5978062e+01
   3.4826426e+01
   3.3764125e+01
   3.2760570e+01
   3.1806314e+01
   3.0899802e+01
   3.0034145e+01
   2.9191648e+01
   2.8348774e+01
   2.7488193e+01
   2.6610815e+01
   2.5740740e+01
   2.4919242e+01
   2.4188780e+01
   2.3573265e+01
   2.3064218e+01
   2.2620732e+01
   2.2184033e+01
   2.1699597e+01
   2.1136931e+01
   2.0499712e+01
   1.9823478e+01
   1.9161955e+01
   1.8566496e+01
   1.8066304e+01
   1.7658222e+01
   1.7311087e+01
   1.6981829e+01
   1.6634458e+01
   1.6253122e+01
   1.5844830e+01
   1.5432335e+01
   1.5041209e+01
   1.4687128e+01
   1.4369304e+01
   1.4072901e+01
   1.3778448e+01
   1.3472647e+01
   1.3154954e+01
   1.2836933e+01
   1.2535044e+01
   1.2260581e+01
   1.2012154e+01
   1.1775026e+01
   1.1527908e+01
   1.1253687e+01
   1.0948779e+01
   1.0626778e+01
   1.0314474e+01
   1.0041151e+01
   9.8252809e+00
   9.6651158e+00
   9.5387090e+00
   9.4136201e+00
   9.2609719e+00
   9.0670661e+00
   8.8381705e+00
   8.5972257e+00
   8.3736929e+00
   8.1901879e+00
   8.0518280e+00
   7.9440370e+00
   7.8401352e+00
   7.7142997e+00
   7.5532832e+00
   7.3622207e+00
   7.1628685e+00
   6.9849191e+00
   6.8532803e+00
   6.7767892e+00
   6.7444784e+00
   6.7315743e+00
   6.7112538e+00
   6.6654969e+00
   6.5904343e+00
   6.4950244e+00
   6.3943730e+00
   6.3006925e+00
   6.2160175e+00
   6.1303093e+00
   6.0258256e+00
   5.8852305e+00
   5.6994625e+00
   5.4722610e+00
   5.2199361e+00
   4.9663033e+00
   4.7339697e+00
   4.5349806e+00
   4.3654327e+00
   4.2075109e+00
   4.0379639e+00
   3.8382209e+00
   3.6015912e+00
   3.3356638e+00
   3.0599924e+00
   2.7996988e+00
   2.5760932e+00
   2.3973428e+00
   2.2545987e+00
   2.1270954e+00
   1.9928425e+00
   1.8377551e+00
   1.6592678e+00
   1.4647991e+00
   1.2669102e+00
   1.0769263e+00
   8.9914895e-01
   7.2859672e-01
   5.5420659e-01
   3.6570247e-01
   1.6096313e-01
   8.3162356e-02
   3.0153032e-01
   5.2016539e-01
   7.1915061e-01
   8.9104205e-01
   1.0368988e+00
   1.1662453e+00
   1.2937116e+00
   1.4323072e+00
   1.5865693e+00
   1.7501503e+00
   1.9090576e+00
   2.0476633e+00
   2.1541866e+00
   2.2240832e+00
   2.2609638e+00
   2.2750315e+00
   2.2793507e+00
   2.2850986e+00
   2.2980105e+00
   2.3182484e+00
   2.3440320e+00
   2.3768343e+00
   2.4247784e+00
   2.5015104e+00
   2.6200151e+00
   2.7844676e+00
   2.9857001e+00
   3.2034127e+00
   3.4130525e+00
   3.5932563e+00
   3.7313248e+00
   3.8259652e+00
   3.8871209e+00
   3.9327589e+00
   3.9829171e+00
   4.0525856e+00
   4.1464234e+00
   4.2581105e+00
   4.3745614e+00
   4.4824128e+00
   4.5735526e+00
   4.6476974e+00
   4.7115554e+00
   4.7752405e+00
   4.8474925e+00
   4.9318271e+00
   5.0254225e+00
   5.1211462e+00
   5.2114657e+00
   5.2922111e+00
   5.3645245e+00
   5.4343078e+00
   5.5095358e+00
   5.5966903e+00
   5.6980062e+00
   5.8108511e+00
   5.9294231e+00
   6.0477409e+00
   6.1623686e+00
   6.2736481e+00
   6.3850397e+00
   6.5010597e+00
   6.6249313e+00
   6.7571779e+00
   6.8958751e+00
   7.0383708e+00
   7.1835058e+00
   7.3331227e+00
   7.4920084e+00
   7.6661623e+00
   7.8601013e+00
   8.0744447e+00
   8.3049436e+00
   8.5434087e+00
   8.7800622e+00
   9.0062481e+00
   9.2164278e+00
   9.4088423e+00
   9.5848227e+00
   9.7472511e+00
   9.8989407e+00
   1.0041638e+01
   1.0175974e+01
   1.0302183e+01
   1.0421011e+01
   1.0534188e+01
   1.0644092e+01
   1.0752746e+01
   1.0860687e+01
   1.0966438e+01
   1.1067043e+01
   1.1159616e+01
   1.1243297e+01
   1.1320720e+01
   1.1398200e+01
   1.1484298e+01
   1.1587148e+01
   1.1711535e+01
   1.1857009e+01
   1.2017913e+01
   1.2185406e+01
   1.2350587e+01
   1.2507438e+01
   1.2654416e+01
   1.2794163e+01
   1.2931557e+01
   1.3071032e+01
   1.3214373e+01
   1.3360016e+01
   1.3504142e+01
   1.3643023e+01
   1.3775460e+01
   1.3904129e+01
   1.4035122e+01
   1.4175779e+01
   1.4331699e+01
   1.4504320e+01
   1.4690256e+01
   1.4882800e+01
   1.5074980e+01
   1.5262811e+01
   1.5447278e+01
   1.5634105e+01
   1.5831266e+01
   1.6045163e+01
   1.6277079e+01
   1.6521482e+01
   1.6767025e+01
   1.6999851e+01
   1.7207868e+01
   1.7384334e+01
   1.7529440e+01
   1.7649384e+01
   1.7753369e+01
   1.7849703e+01
   1.7942572e+01
   1.8030767e+01
   1.8108812e+01
   1.8169821e+01
   1.8208709e+01
   1.8224241e+01
   1.8218990e+01
   1.8197184e+01
   1.8161404e+01
   1.8109650e+01
   1.8034257e+01
   1.7923357e+01
   1.7764510e+01
   1.7549170e+01
   1.7276344e+01
   1.6954039e+01
   1.6597891e+01
   1.6227238e+01
   1.5859924e+01
   1.5507728e+01
   1.5174297e+01
   1.4856520e+01
   1.4548717e+01
   1.4247700e+01
   1.3956355e+01
   1.3683977e+01
   1.3443017e+01
   1.3243458e+01
   1.3087407e+01
   1.2966677e+01
   1.2864874e+01
   1.2763265e+01
   1.2647905e+01
   1.2515020e+01
   1.2372482e+01
   1.2236618e+01
   1.2125249e+01
   1.2049534e+01
   1.2008168e+01
   1.1986819e+01
   1.1963282e+01
   1.1916089e+01
   1.1833037e+01
   1.1716543e+01
   1.1584035e+01
   1.1463001e+01
   1.1381878e+01
   1.1359791e+01
   1.1399383e+01
   1.1486153e+01
   1.1594531e+01
   1.1697519e+01
   1.1775626e+01
   1.1822021e+01
   1.1842803e+01
   1.1852886e+01
   1.1869183e+01
   1.1903553e+01
   1.1958155e+01
   1.2024889e+01
   1.2088785e+01
   1.2133515e+01
   1.2146620e+01
   1.2122655e+01
   1.2063548e+01
   1.1976514e+01
   1.1870614e+01
   1.1753305e+01
   1.1628243e+01
   1.1494977e+01
   1.1350374e+01
   1.1190921e+01
   1.1014829e+01
   1.0823142e+01
   1.0619562e+01
   1.0409303e+01
   1.0197586e+01
   9.9884679e+00
   9.7843982e+00
   9.5865158e+00
   9.3952864e+00
   9.2109720e+00
   9.0335897e+00
   8.8623825e+00
   8.6951811e+00
   8.5281725e+00
   8.3564277e+00
   8.1751562e+00
   7.9812601e+00
   7.7745566e+00
   7.5581038e+00
   7.3373712e+00
   7.1184315e+00
   6.9057871e+00
   6.7006957e+00
   6.5007525e+00
   6.3009868e+00
   6.0960551e+00
   5.8826393e+00
   5.6610983e+00
   5.4357376e+00
   5.2135613e+00
   5.0019127e+00
   4.8058790e+00
   4.6265484e+00
   4.4609476e+00
   4.3037248e+00
   4.1497951e+00
   3.9967449e+00
   3.8459872e+00
   3.7022298e+00
   3.5714754e+00
   3.4583686e+00
   3.3640740e+00
   3.2857198e+00
   3.2176645e+00
   3.1538544e+00
   3.0900401e+00
   3.0248660e+00
   2.9595082e+00
   2.8962023e+00
   2.8364639e+00
   2.7799151e+00
   2.7243225e+00
   2.6667954e+00
   2.6054860e+00
   2.5408999e+00
   2.4761320e+00
   2.4158039e+00
   2.3640546e+00
   2.3224719e+00
   2.2890506e+00
   2.2588181e+00
   2.2258480e+00
   2.1856716e+00
   2.1370392e+00
   2.0823959e+00
   2.0269222e+00
   1.9764396e+00
   1.9349431e+00
   1.9028619e+00
   1.8769579e+00
   1.8519141e+00
   1.8227270e+00
   1.7867418e+00
   1.7445561e+00
   1.6995811e+00
   1.6564998e+00
   1.6192374e+00
   1.5893303e+00
   1.5655116e+00
   1.5447160e+00
   1.5239030e+00
   1.5017065e+00
   1.4791293e+00
   1.4589924e+00
   1.4443774e+00
   1.4367735e+00
   1.4348943e+00
   1.4348418e+00
   1.4315193e+00
   1.4205360e+00
   1.3997642e+00
   1.3700373e+00
   1.3348315e+00
   1.2990231e+00
   1.2670676e+00
   1.2412620e+00
   1.2209106e+00
   1.2028546e+00
   1.1830686e+00
   1.1584808e+00
   1.1282372e+00
   1.0940255e+00
   1.0594389e+00
   1.0285999e+00
   1.0045262e+00
   9.8794583e-01
   9.7717468e-01
   9.6908340e-01
   9.6053051e-01
   9.4949075e-01
   9.3544921e-01
   9.1906301e-01
   9.0137981e-01
   8.8303369e-01
   8.6381564e-01
   8.4281205e-01
   8.1899787e-01
   7.9194283e-01
   7.6226257e-01
   7.3158232e-01
   7.0198489e-01
   6.7514210e-01
   6.5153500e-01
   6.3020993e-01
   6.0925760e-01
   5.8677632e-01
   5.6183671e-01
   5.3503821e-01
   5.0845262e-01
   4.8492089e-01
   4.6685859e-01
   4.5504377e-01
   4.4809474e-01
   4.4301552e-01
   4.3642488e-01
   4.2573268e-01
   4.0983606e-01
   3.8932517e-01
   3.6633889e-01
   3.4414246e-01
   3.2636897e-01
   3.1587385e-01
   3.1352302e-01
   3.1770645e-01
   3.2503402e-01
   3.3166660e-01
   3.3445785e-01
   3.3162936e-01
   3.2310722e-01
   3.1063899e-01
   2.9761588e-01
   2.8830821e-01
   2.8627154e-01
   2.9248505e-01
   3.0473558e-01
   3.1889714e-01
   3.3089651e-01
   3.3808592e-01
   3.3979366e-01
   3.3727503e-01
   3.3319109e-01
   3.3064717e-01
   3.3198972e-01
   3.3792024e-01
   3.4752026e-01
   3.5914427e-01
   3.7148531e-01
   3.8415457e-01
   3.9756227e-01
   4.1227061e-01
   4.2823075e-01
   4.4437551e-01
   4.5882410e-01
   4.6958891e-01
   4.7545032e-01
   4.7666988e-01
   4.7528598e-01
   4.7476439e-01
   4.7885941e-01
   4.8993923e-01
   5.0766145e-01
   5.2893353e-01
   5.4914206e-01
   5.6378281e-01
   5.6974536e-01
   5.6602819e-01
   5.5392543e-01
   5.3671784e-01
   5.1882807e-01
   5.0445709e-01
   4.9605686e-01
   4.9343618e-01
   4.9416681e-01
   4.9504749e-01
   4.9368115e-01
   4.8940835e-01
   4.8336852e-01
   4.7777620e-01
   4.7469202e-01
   4.7483300e-01
   4.7709937e-01
   4.7912107e-01
   4.7845511e-01
   4.7375493e-01
   4.6542435e-01
   4.5555549e-01
   4.4712648e-01
   4.4266042e-01
   4.4295367e-01
   4.4670022e-01
   4.5132191e-01
   4.5443597e-01
   4.5509975e-01
   4.5430519e-01
   4.5455908e-01
   4.5864619e-01
   4.6807988e-01
   4.8215415e-01
   4.9825716e-01
   5.1317304e-01
   5.2450910e-01
   5.3158745e-01
   5.3556659e-01
   5.3881110e-01
   5.4372178e-01
   5.5152361e-01
   5.6168282e-01
   5.7232455e-01
   5.8137459e-01
   5.8775375e-01
   5.9204233e-01
   5.9632255e-01
   6.0320650e-01
   6.1443753e-01
   6.2983287e-01
   6.4727391e-01
   6.6378152e-01
   6.7704533e-01
   6.8666226e-01
   6.9458632e-01
   7.0453142e-01
   7.2035899e-01
   7.4405065e-01
   7.7441580e-01
   8.0739610e-01
   8.3772025e-01
   8.6092072e-01
   8.7489317e-01
   8.8063591e-01
   8.8202802e-01
   8.8457134e-01
   8.9327927e-01
   9.1049968e-01
   9.3490475e-01
   9.6234295e-01
   9.8800501e-01
   1.0086980e+00
   1.0243103e+00
   1.0380531e+00
   1.0553529e+00
   1.0816004e+00
   1.1196122e+00
   1.1681749e+00
   1.2225536e+00
   1.2765380e+00
   1.3248098e+00
   1.3646549e+00
   1.3966048e+00
   1.4239533e+00
   1.4513009e+00
   1.4825735e+00
   1.5192990e+00
   1.5599631e+00
   1.6007513e+00
   1.6372400e+00
   1.6662130e+00
   1.6868931e+00
   1.7012135e+00
   1.7130609e+00
   1.7267180e+00
   1.7450596e+00
   1.7682753e+00
   1.7937315e+00
   1.8170119e+00
   1.8335888e+00
   1.8403918e+00
   1.8367333e+00
   1.8243738e+00
   1.8067746e+00
   1.7878039e+00
   1.7703523e+00
   1.7554012e+00
   1.7419307e+00
   1.7276628e+00
   1.7102336e+00
   1.6882375e+00
   1.6617314e+00
   1.6320628e+00
   1.6011644e+00
   1.5706544e+00
   1.5411654e+00
   1.5122199e+00
   1.4826984e+00
   1.4516449e+00
   1.4189974e+00
   1.3858857e+00
   1.3543428e+00
   1.3265359e+00
   1.3038664e+00
   1.2864018e+00
   1.2729696e+00
   1.2618842e+00
   1.2519218e+00
   1.2430398e+00
   1.2364836e+00
   1.2342073e+00
   1.2378630e+00
   1.2478643e+00
   1.2630464e+00
   1.2811234e+00
   1.2996802e+00
   1.3171686e+00
   1.3334170e+00
   1.3494220e+00
   1.3664984e+00
   1.3851658e+00
   1.4043251e+00
   1.4211801e+00
   1.4319940e+00
   1.4333736e+00
   1.4235923e+00
   1.4035048e+00
   1.3767376e+00
   1.3489655e+00
   1.3262802e+00
   1.3130531e+00
   1.3101983e+00
   1.3148229e+00
   1.3215249e+00
   1.3246052e+00
   1.3201150e+00
   1.3070265e+00
   1.2873076e+00
   1.2649783e+00
   1.2444322e+00
   1.2285840e+00
   1.2176404e+00
   1.2091269e+00
   1.1991463e+00
   1.1841813e+00
   1.1626094e+00
   1.1353985e+00
   1.1058081e+00
   1.0781827e+00
   1.0562024e+00
   1.0412933e+00
   1.0320168e+00
   1.0248040e+00
   1.0155944e+00
   1.0015144e+00
   9.8191661e-01
   9.5852377e-01
   9.3471275e-01
   9.1417180e-01
   8.9939412e-01
   8.9067013e-01
   8.8610197e-01
   8.8259075e-01
   8.7719183e-01
   8.6816368e-01
   8.5535773e-01
   8.3994492e-01
   8.2369146e-01
   8.0811865e-01
   7.9391918e-01
   7.8088969e-01
   7.6836939e-01
   7.5589464e-01
   7.4367452e-01
   7.3260069e-01
   7.2374395e-01
   7.1756908e-01
   7.1330313e-01
   7.0886041e-01
   7.0141843e-01
   6.8838151e-01
   6.6833126e-01
   6.4165299e-01
   6.1066342e-01
   5.7913675e-01
   5.5119177e-01
   5.2974464e-01
   5.1520498e-01
   5.0531163e-01
   4.9635057e-01
   4.8499445e-01
   4.6978372e-01
   4.5176270e-01
   4.3416585e-01
   4.2112811e-01
   4.1564925e-01
   4.1780024e-01
   4.2452521e-01
   4.3121087e-01
   4.3375944e-01
   4.3001665e-01
   4.2028501e-01
   4.0705064e-01
   3.9400892e-01
   3.8450055e-01
   3.7988001e-01
   3.7879506e-01
   3.7794429e-01
   3.7372971e-01
   3.6375960e-01
   3.4767030e-01
   3.2726134e-01
   3.0602375e-01
   2.8801804e-01
   2.7616793e-01
   2.7071937e-01
   2.6913223e-01
   2.6761225e-01
   2.6299015e-01
   2.5384963e-01
   2.4080643e-01
   2.2619870e-01
   2.1328350e-01
   2.0492764e-01
   2.0218286e-01
   2.0376979e-01
   2.0700627e-01
   2.0930333e-01
   2.0914392e-01
   2.0631535e-01
   2.0163649e-01
   1.9640493e-01
   1.9173902e-01
   1.8804878e-01
   1.8489034e-01
   1.8126989e-01
   1.7618622e-01
   1.6912098e-01
   1.6031560e-01
   1.5080127e-01
   1.4216501e-01
   1.3601393e-01
   1.3323051e-01
   1.3344583e-01
   1.3520163e-01
   1.3667227e-01
   1.3638191e-01
   1.3360288e-01
   1.2846725e-01
   1.2189005e-01
   1.1532236e-01
   1.1028880e-01
   1.0775307e-01
   1.0763938e-01
   1.0892534e-01
   1.1023890e-01
   1.1046232e-01
   1.0902701e-01
   1.0590924e-01
   1.0144205e-01
   9.6047012e-02
   8.9987936e-02
   8.3252663e-02
   7.5625483e-02
   6.6921398e-02
   5.7295228e-02
   4.7576205e-02
   3.9617049e-02
   3.6150527e-02
   3.8602928e-02
   4.5058932e-02
   5.2573972e-02
   5.9250997e-02
   6.4251614e-02
   6.7415852e-02
   6.8968247e-02
   6.9283946e-02
   6.8704529e-02
   6.7434145e-02
   6.5536745e-02
   6.3009144e-02
   5.9869727e-02
   5.6213499e-02
   5.2231038e-02
   4.8236011e-02
   4.4753082e-02
   4.2633068e-02
   4.2950514e-02
   4.6397604e-02
   5.2621030e-02
   6.0343765e-02
   6.7987845e-02
   7.4147264e-02
   7.7870477e-02
   7.8897534e-02
   7.7887398e-02
   7.6522799e-02
   7.7139891e-02
   8.1512783e-02
   8.9512006e-02
   9.9187472e-02
   1.0802475e-01
   1.1400261e-01
   1.1611788e-01
   1.1463693e-01
   1.1118257e-01
   1.0846756e-01
   1.0925416e-01
   1.1464918e-01
   1.2324665e-01
   1.3211769e-01
   1.3838477e-01
   1.4018353e-01
   1.3705306e-01
   1.3007200e-01
   1.2180789e-01
   1.1578958e-01
   1.1498300e-01
   1.1976687e-01
   1.2761961e-01
   1.3494586e-01
   1.3883904e-01
   1.3779764e-01
   1.3185036e-01
   1.2249619e-01
   1.1250259e-01
   1.0526133e-01
   1.0326131e-01
   1.0635743e-01
   1.1189697e-01
   1.1660918e-01
   1.1808177e-01
   1.1519616e-01
   1.0806673e-01
   9.7854856e-02
   8.6532934e-02
   7.6491428e-02
   6.9738029e-02
   6.6753479e-02
   6.6118561e-02
   6.5647807e-02
   6.3762563e-02
   6.0069787e-02
   5.5382999e-02
   5.1462899e-02
   5.0248706e-02
   5.2501325e-02
   5.7215515e-02
   6.2693013e-02
   6.7752764e-02
   7.2110969e-02
   7.6195917e-02
   8.0664557e-02
   8.5822028e-02
   9.1272558e-02
   9.6028182e-02
   9.8953148e-02
   9.9268934e-02
   9.6959640e-02
   9.3017080e-02
   8.9390421e-02
   8.8314279e-02
   9.0924457e-02
   9.6242857e-02
   1.0174631e-01
   1.0477774e-01
   1.0359007e-01
   9.7943155e-02
   8.9630516e-02
   8.2972029e-02
   8.3825779e-02
   9.4972837e-02
   1.1327502e-01
   1.3343915e-01
   1.5134632e-01
   1.6470250e-01
   1.7297168e-01
   1.7723244e-01
   1.7981230e-01
   1.8343989e-01
   1.8994643e-01
   1.9921115e-01
   2.0919918e-01
   2.1699324e-01
   2.1998632e-01
   2.1671676e-01
   2.0733230e-01
   1.9379976e-01
   1.7982440e-01
   1.7008415e-01
   1.6821957e-01
   1.7442625e-01
   1.8534431e-01
   1.9646997e-01
   2.0435280e-01
   2.0744190e-01
   2.0611688e-01
   2.0233076e-01
   1.9887896e-01
   1.9824723e-01
   2.0141044e-01
   2.0742089e-01
   2.1416306e-01
   2.1962476e-01
   2.2286868e-01
   2.2441030e-01
   2.2599522e-01
   2.2979239e-01
   2.3721653e-01
   2.4802623e-01
   2.6035382e-01
   2.7158491e-01
   2.7943937e-01
   2.8278279e-01
   2.8205754e-01
   2.7931719e-01
   2.7774953e-01
   2.8055988e-01
   2.8949292e-01
   3.0392021e-01
   3.2123314e-01
   3.3812872e-01
   3.5184082e-01
   3.6084824e-01
   3.6507597e-01
   3.6570510e-01
   3.6466287e-01
   3.6388313e-01
   3.6455450e-01
   3.6668846e-01
   3.6923873e-01
   3.7068225e-01
   3.6972540e-01
   3.6582168e-01
   3.5935673e-01
   3.5149416e-01
   3.4375159e-01
   3.3744790e-01
   3.3324145e-01
   3.3098026e-01
   3.2992670e-01
   3.2919100e-01
   3.2811019e-01
   3.2639730e-01
   3.2404606e-01
   3.2110104e-01
   3.1745594e-01
   3.1281465e-01
   3.0685296e-01
   2.9950551e-01
   2.9123213e-01
   2.8310703e-01
   2.7661019e-01
   2.7310237e-01
   2.7317076e-01
   2.7623173e-01
   2.8068767e-01
   2.8454255e-01
   2.8610920e-01
   2.8451840e-01
   2.7993377e-01
   2.7347188e-01
   2.6683473e-01
   2.6169212e-01
   2.5898683e-01
   2.5850223e-01
   2.5897566e-01
   2.5869164e-01
   2.5620505e-01
   2.5088944e-01
   2.4319643e-01
   2.3460648e-01
   2.2723486e-01
   2.2307266e-01
   2.2306834e-01
   2.2658593e-01
   2.3166194e-01
   2.3583522e-01
   2.3697152e-01
   2.3376413e-01
   2.2592474e-01
   2.1417788e-01
   2.0013281e-01
   1.8603587e-01
   1.7433801e-01
   1.6702054e-01
   1.6485926e-01
   1.6714135e-01
   1.7213571e-01
   1.7790532e-01
   1.8288733e-01
   1.8610747e-01
   1.8718948e-01
   1.8630951e-01
   1.8414335e-01
   1.8177070e-01
   1.8045758e-01
   1.8127023e-01
   1.8461830e-01
   1.8998226e-01
   1.9602387e-01
   2.0100652e-01
   2.0328242e-01
   2.0166888e-01
   1.9566591e-01
   1.8552975e-01
   1.7221921e-01
   1.5721540e-01
   1.4220278e-01
   1.2862020e-01
   1.1719345e-01
   1.0771833e-01
   9.9339911e-02
   9.1227573e-02
   8.3253814e-02
   7.6348661e-02
   7.2270799e-02
   7.2506248e-02
   7.6857050e-02
   8.3389252e-02
   8.9714829e-02
   9.4007860e-02
   9.5323950e-02
   9.3591255e-02
   8.9494520e-02
   8.4274870e-02
   7.9383209e-02
   7.5946694e-02
   7.4228128e-02
   7.3506304e-02
   7.2534337e-02
   7.0178129e-02
   6.5846719e-02
   5.9697172e-02
   5.2760087e-02
   4.7016624e-02
   4.4954001e-02
   4.7824891e-02
   5.4328739e-02
   6.2010292e-02
   6.8908951e-02
   7.3945313e-02
   7.6833342e-02
   7.7953517e-02
   7.8184013e-02
   7.8600638e-02
   8.0034516e-02
   8.2682960e-02
   8.6072994e-02
   8.9418267e-02
   9.2093670e-02
   9.3964591e-02
   9.5466609e-02
   9.7403113e-02
   1.0049091e-01
   1.0486273e-01
   1.0986986e-01
   1.1432663e-01
   1.1699351e-01
   1.1703283e-01
   1.1432529e-01
   1.0963502e-01
   1.0457698e-01
   1.0122132e-01
   1.0118375e-01
   1.0460985e-01
   1.1003367e-01
   1.1526029e-01
   1.1834648e-01
   1.1811781e-01
   1.1431313e-01
   1.0754878e-01
   9.9178263e-02
   9.1014718e-02
   8.4813327e-02
   8.1528053e-02
   8.0803668e-02
   8.1276766e-02
   8.1417589e-02
   8.0159392e-02
   7.7076011e-02
   7.2289497e-02
   6.6290478e-02
   5.9762358e-02
   5.3449816e-02
   4.8078517e-02
   4.4283876e-02
   4.2467833e-02
   4.2588974e-02
   4.4084921e-02
   4.6062511e-02
   4.7591245e-02
   4.7908495e-02
   4.6514796e-02
   4.3202071e-02
   3.8039505e-02
   3.1325328e-02
   2.3512322e-02
   1.5124867e-02
   6.7479172e-03
   2.8956111e-03
   1.0051168e-02
   1.7283943e-02
   2.4062563e-02
   3.0466416e-02
   3.6692672e-02
   4.3041548e-02
   4.9899727e-02
   5.7657102e-02
   6.6552646e-02
   7.6518046e-02
   8.7106487e-02
   9.7537485e-02
   1.0682662e-01
   1.1395294e-01
   1.1803060e-01
   1.1846628e-01
   1.1509385e-01
   1.0828462e-01
   9.9037471e-02
   8.9038860e-02
   8.0588434e-02
   7.6055056e-02
   7.6620691e-02
   8.1358979e-02
   8.8011637e-02
   9.4413108e-02
   9.9159977e-02
   1.0164572e-01
   1.0190153e-01
   1.0040430e-01
   9.7868453e-02
   9.5019588e-02
   9.2379616e-02
   9.0133753e-02
   8.8149017e-02
   8.6143171e-02
   8.3919726e-02
   8.1562752e-02
   7.9511625e-02
   7.8457781e-02
   7.9045372e-02
   8.1495729e-02
   8.5427105e-02
   9.0027187e-02
   9.4430440e-02
   9.8063566e-02
   1.0085055e-01
   1.0325336e-01
   1.0611719e-01
   1.1030230e-01
   1.1621594e-01
   1.2351647e-01
   1.3118490e-01
   1.3787201e-01
   1.4229022e-01
   1.4351317e-01
   1.4116544e-01
   1.3552665e-01
   1.2756362e-01
   1.1886551e-01
   1.1138700e-01
   1.0686521e-01
   1.0600520e-01
   1.0804010e-01
   1.1116238e-01
   1.1339068e-01
   1.1318128e-01
   1.0964384e-01
   1.0253738e-01
   9.2193064e-02
   7.9432268e-02
   6.5518231e-02
   5.2178881e-02
   4.1663260e-02
   3.6260020e-02
   3.6288960e-02
   3.9180997e-02
   4.2081259e-02
   4.3537321e-02
   4.3415587e-02
   4.2618131e-02
   4.2800017e-02
   4.5621308e-02
   5.1603960e-02
   5.9848087e-02
   6.8834288e-02
   7.7139739e-02
   8.3694190e-02
   8.7829241e-02
   8.9283321e-02
   8.8198776e-02
   8.5105480e-02
   8.0868715e-02
   7.6559040e-02
   7.3192180e-02
   7.1357191e-02
   7.0932643e-02
   7.1149592e-02
   7.0974297e-02
   6.9523914e-02
   6.6330174e-02
   6.1460708e-02
   5.5561238e-02
   4.9822446e-02
   4.5727336e-02
   4.4329781e-02
   4.5384026e-02
   4.7433887e-02
   4.8787576e-02
   4.8216239e-02
   4.5128094e-02
   3.9540727e-02
   3.2060264e-02
   2.4033068e-02
   1.8180357e-02
   1.8287423e-02
   2.3591709e-02
   3.0063595e-02
   3.5517475e-02
   3.9155380e-02
   4.0819442e-02
   4.0706445e-02
   3.9219864e-02
   3.6859608e-02
   3.4132208e-02
   3.1478080e-02
   2.9204878e-02
   2.7415972e-02
   2.5953918e-02
   2.4412536e-02
   2.2241796e-02
   1.8901601e-02
   1.4004828e-02
   7.4351158e-03
   1.5592394e-03
   1.0246253e-02
   1.9933250e-02
   2.9244424e-02
   3.7335858e-02
   4.3568898e-02
   4.7710365e-02
   5.0148078e-02
   5.2022247e-02
   5.5017758e-02
   6.0549151e-02
   6.8792520e-02
   7.8589394e-02
   8.8159869e-02
   9.5791142e-02
   1.0022862e-01
   1.0089923e-01
   9.8076816e-02
   9.3010572e-02
   8.7917199e-02
   8.5495045e-02
   8.7598121e-02
   9.3878271e-02
   1.0205922e-01
   1.0939978e-01
   1.1374288e-01
   1.1388429e-01
   1.0966445e-01
   1.0201951e-01
   9.3026769e-02
   8.5744695e-02
   8.3231999e-02
   8.6532276e-02
   9.3724396e-02
   1.0152227e-01
   1.0715069e-01
   1.0907746e-01
   1.0715799e-01
   1.0267863e-01
   9.8269102e-02
   9.7192147e-02
   1.0154320e-01
   1.1060350e-01
   1.2140259e-01
   1.3055471e-01
   1.3545515e-01
   1.3471647e-01
   1.2834215e-01
   1.1788435e-01
   1.0658264e-01
   9.9012001e-02
   9.9022762e-02
   1.0650497e-01
   1.1743321e-01
   1.2711367e-01
   1.3221448e-01
   1.3113580e-01
   1.2392620e-01
   1.1221184e-01
   9.9157513e-02
   8.9105041e-02
   8.5835984e-02
   8.9537900e-02
   9.6550923e-02
   1.0257642e-01
   1.0480971e-01
   1.0221616e-01
   9.5259488e-02
   8.5590559e-02
   7.5662904e-02
   6.8003570e-02
   6.3926159e-02
   6.2546753e-02
   6.1549781e-02
   5.8898042e-02
   5.3814054e-02
   4.7019570e-02
   4.0755897e-02
   3.8190882e-02
   4.0818461e-02
   4.6541840e-02
   5.2163857e-02
   5.5591183e-02
   5.6058884e-02
   5.3939627e-02
   5.0603023e-02
   4.8127084e-02
   4.8391260e-02
   5.1713619e-02
   5.6655303e-02
   6.1251272e-02
   6.3999567e-02
   6.4142822e-02
   6.1669295e-02
   5.7281319e-02
   5.2358478e-02
   4.8752575e-02
   4.8039822e-02
   5.0371024e-02
   5.4296148e-02
   5.7847501e-02
   5.9459249e-02
   5.8277365e-02
   5.4246271e-02
   4.8229967e-02
   4.2217436e-02
   3.9173891e-02
   4.1135898e-02
   4.6776615e-02
   5.2829268e-02
   5.6518630e-02
   5.6131223e-02
   5.0906026e-02
   4.0921584e-02
   2.7019471e-02
   1.0912279e-02
   8.2942915e-03
   2.3666059e-02
   3.6430046e-02
   4.4460873e-02
   4.6652284e-02
   4.2697388e-02
   3.3284313e-02
   2.0951994e-02
   1.5886289e-02
   2.8233560e-02
   4.4723896e-02
   5.8997155e-02
   6.8659520e-02
   7.2633894e-02
   7.1045542e-02
   6.5504968e-02
   5.9530772e-02
   5.8183154e-02
   6.4583173e-02
   7.6565493e-02
   8.9577851e-02
   9.9982856e-02
   1.0565225e-01
   1.0581463e-01
   1.0095045e-01
   9.2761807e-02
   8.4102356e-02
   7.8468239e-02
   7.8365035e-02
   8.3386539e-02
   9.0722457e-02
   9.7374209e-02
   1.0137525e-01
   1.0190819e-01
   9.9085081e-02
   9.3685600e-02
   8.6886915e-02
   7.9968634e-02
   7.3995831e-02
   6.9554780e-02
   6.6692585e-02
   6.5137992e-02
   6.4644977e-02
   6.5189520e-02
   6.6890657e-02
   6.9742843e-02
   7.3380639e-02
   7.7052589e-02
   7.9794849e-02
   8.0679753e-02
   7.9051606e-02
   7.4739486e-02
   6.8278181e-02
   6.1158813e-02
   5.5935668e-02
   5.5374085e-02
   6.0156949e-02
   6.8032941e-02
   7.5818491e-02
   8.1013871e-02
   8.2174891e-02
   7.8954115e-02
   7.2211451e-02
   6.4245026e-02
   5.8818300e-02
   5.9551259e-02
   6.6462072e-02
   7.5929717e-02
   8.4029861e-02
   8.8124623e-02
   8.6935318e-02
   8.0419446e-02
   6.9766439e-02
   5.7591007e-02
   4.8244116e-02
   4.6445544e-02
   5.2101356e-02
   6.0132839e-02
   6.6045206e-02
   6.7469964e-02
   6.3592473e-02
   5.4687529e-02
   4.1858907e-02
   2.6954933e-02
   1.3546373e-02
   1.3018492e-02
   2.2780511e-02
   3.0882599e-02
   3.4884708e-02
   3.4335661e-02
   2.9550226e-02
   2.1369016e-02
   1.1061639e-02
   3.2013091e-03
   1.2383344e-02
   2.1842518e-02
   2.9025253e-02
   3.3281425e-02
   3.4361761e-02
   3.2335469e-02
   2.7533680e-02
   2.0521733e-02
   1.2288351e-02
   6.7966164e-03
   1.2817459e-02
   2.2565252e-02
   3.2090864e-02
   4.0386364e-02
   4.6865040e-02
   5.1163659e-02
   5.3150428e-02
   5.2944448e-02
   5.0905291e-02
   4.7574282e-02
   4.3563171e-02
   3.9412635e-02
   3.5490325e-02
   3.2035903e-02
   2.9408594e-02
   2.8376161e-02
   2.9936953e-02
   3.4427904e-02
   4.1058586e-02
   4.8482251e-02
   5.5384919e-02
   6.0709834e-02
   6.3735567e-02
   6.4118563e-02
   6.1905389e-02
   5.7500418e-02
   5.1578987e-02
   4.4943219e-02
   3.8330082e-02
   3.2215017e-02
   2.6716071e-02
   2.1730281e-02
   1.7338899e-02
   1.4341188e-02
   1.4121994e-02
   1.6621990e-02
   1.9936698e-02
   2.2292334e-02
   2.2572611e-02
   2.0199446e-02
   1.5134271e-02
   8.3956299e-03
   7.5552177e-03
   1.6937757e-02
   2.7966693e-02
   3.8310133e-02
   4.6780908e-02
   5.2539560e-02
   5.5081601e-02
   5.4268138e-02
   5.0334309e-02
   4.3878145e-02
   3.5866357e-02
   2.7751320e-02
   2.1804827e-02
   2.0707559e-02
   2.4296963e-02
   2.9609437e-02
   3.4492741e-02
   3.7975652e-02
   3.9698877e-02
   3.9663861e-02
   3.8189324e-02
   3.5966794e-02
   3.4110782e-02
   3.3943067e-02
   3.6248800e-02
   4.0616251e-02
   4.5773573e-02
   5.0328294e-02
   5.3144983e-02
   5.3444053e-02
   5.0832357e-02
   4.5345509e-02
   3.7563102e-02
   2.9002197e-02
   2.3268036e-02
   2.5557500e-02
   3.4990573e-02
   4.6857663e-02
   5.8447209e-02
   6.8414737e-02
   7.6015195e-02
   8.0862182e-02
   8.2854384e-02
   8.2150760e-02
   7.9162917e-02
   7.4553070e-02
   6.9221017e-02
   6.4238081e-02
   6.0650936e-02
   5.9118019e-02
   5.9568440e-02
   6.1232002e-02
   6.3043292e-02
   6.4052498e-02
   6.3630832e-02
   6.1514459e-02
   5.7776564e-02
   5.2773313e-02
   4.7075807e-02
   4.1381281e-02
   3.6379755e-02
   3.2551360e-02
   2.9947314e-02
   2.8142671e-02
   2.6466754e-02
   2.4317067e-02
   2.1337503e-02
   1.7467353e-02
   1.3011102e-02
   9.0981940e-03
   8.8061226e-03
   1.3247758e-02
   1.9616792e-02
   2.6453049e-02
   3.3216197e-02
   3.9642905e-02
   4.5593960e-02
   5.1013595e-02
   5.5911178e-02
   6.0342505e-02
   6.4383564e-02
   6.8097040e-02
   7.1498507e-02
   7.4533981e-02
   7.7080149e-02
   7.8972245e-02
   8.0055206e-02
   8.0245471e-02
   7.9585459e-02
   7.8269297e-02
   7.6617027e-02
   7.4981399e-02
   7.3598870e-02
   7.2444371e-02
   7.1178161e-02
   6.9231990e-02
   6.5997263e-02
   6.1037490e-02
   5.4278098e-02
   4.6186688e-02
   3.8010052e-02
   3.2033843e-02
   3.0861252e-02
   3.4516786e-02
   4.0086211e-02
   4.4770465e-02
   4.6954096e-02
   4.6006829e-02
   4.2171008e-02
   3.6715869e-02
   3.2318541e-02
   3.2567920e-02
   3.8519847e-02
   4.7483329e-02
   5.6423276e-02
   6.3373732e-02
   6.7259340e-02
   6.7689303e-02
   6.4866609e-02
   5.9538901e-02
   5.2948416e-02
   4.6717201e-02
   4.2476158e-02
   4.1048466e-02
   4.1797786e-02
   4.3159662e-02
   4.3692202e-02
   4.2552567e-02
   3.9481709e-02
   3.4654904e-02
   2.8532298e-02
   2.1734744e-02
   1.4962926e-02
   9.0482164e-03
   5.5475486e-03
   6.3501290e-03
   8.9662875e-03
   1.1432685e-02
   1.3527403e-02
   1.5390294e-02
   1.7113830e-02
   1.8624347e-02
   1.9709236e-02
   2.0128352e-02
   1.9763290e-02
   1.8806555e-02
   1.8003177e-02
   1.8702057e-02
   2.2007720e-02
   2.7695297e-02
   3.4651665e-02
   4.1687791e-02
   4.7771804e-02
   5.2058142e-02
   5.3926725e-02
   5.3050061e-02
   4.9482551e-02
   4.3790400e-02
   3.7282214e-02
   3.2327132e-02
   3.1840310e-02
   3.6490726e-02
   4.3832889e-02
   5.1139654e-02
   5.6644086e-02
   5.9386403e-02
   5.9018093e-02
   5.5726862e-02
   5.0227722e-02
   4.3791232e-02
   3.8228829e-02
   3.5449337e-02
   3.6143254e-02
   3.8993396e-02
   4.1899189e-02
   4.3252452e-02
   4.2189919e-02
   3.8465572e-02
   3.2309025e-02
   2.4311978e-02
   1.5339373e-02
   6.6127201e-03
   4.0040256e-03
   9.6447348e-03
   1.3763622e-02
   1.5356612e-02
   1.4526586e-02
   1.2296807e-02
   1.1482335e-02
   1.5183244e-02
   2.2074896e-02
   2.9659825e-02
   3.6384699e-02
   4.1247226e-02
   4.3603792e-02
   4.3134033e-02
   3.9829363e-02
   3.3968061e-02
   2.6074926e-02
   1.6899878e-02
   7.7556879e-03
   6.2488695e-03
   1.4186273e-02
   2.1979133e-02
   2.8315032e-02
   3.2861228e-02
   3.5560488e-02
   3.6572080e-02
   3.6272539e-02
   3.5260882e-02
   3.4313396e-02
   3.4196228e-02
   3.5320496e-02
   3.7493506e-02
   4.0048135e-02
   4.2205481e-02
   4.3370511e-02
   4.3287159e-02
   4.2100734e-02
   4.0339871e-02
   3.8761410e-02
   3.7991349e-02
   3.8088574e-02
   3.8421671e-02
   3.8012092e-02
   3.6019013e-02
   3.2113768e-02
   2.6851282e-02
   2.2372714e-02
   2.2659327e-02
   2.9130374e-02
   3.8617110e-02
   4.8107283e-02
   5.5826015e-02
   6.0791718e-02
