   3.1415927e+00
   2.7817718e+00
   2.4248608e+00
   2.0748737e+00
   1.7389625e+00
   1.4328365e+00
   1.1995001e+00
   1.1885035e+00
   1.7109903e+00
   2.0166615e+00
   1.8737382e+00
   1.5779086e+00
   1.2136043e+00
   7.9247967e-01
   2.6480434e-01
  -7.9447272e-01
  -2.7209074e+00
  -3.4758232e+00
  -4.0320634e+00
  -4.5736790e+00
  -5.1471335e+00
  -5.7706547e+00
  -6.4292213e+00
  -7.0701276e+00
  -7.6428763e+00
  -8.1295218e+00
  -8.5256668e+00
  -8.8068704e+00
  -8.8792001e+00
  -8.5859768e+00
  -8.2875879e+00
  -8.3092139e+00
  -8.4825557e+00
  -8.7069365e+00
  -8.9436108e+00
  -9.1750392e+00
  -9.3919371e+00
  -9.5897641e+00
  -9.7683021e+00
  -9.9316153e+00
  -1.0086530e+01
  -1.0239272e+01
  -1.0391952e+01
  -1.0540695e+01
  -1.0675396e+01
  -1.0780484e+01
  -1.0838593e+01
  -1.0843400e+01
  -1.0820065e+01
  -1.0818422e+01
  -1.0869318e+01
  -1.0968803e+01
  -1.1096143e+01
  -1.1226952e+01
  -1.1335267e+01
  -1.1393650e+01
  -1.1384035e+01
  -1.1328660e+01
  -1.1294920e+01
  -1.1329982e+01
  -1.1431001e+01
  -1.1575369e+01
  -1.1741812e+01
  -1.1914203e+01
  -1.2080601e+01
  -1.2232642e+01
  -1.2366313e+01
  -1.2483504e+01
  -1.2592173e+01
  -1.2703019e+01
  -1.2823998e+01
  -1.2956883e+01
  -1.3097486e+01
  -1.3237680e+01
  -1.3367492e+01
  -1.3477388e+01
  -1.3562009e+01
  -1.3625409e+01
  -1.3683127e+01
  -1.3754981e+01
  -1.3853515e+01
  -1.3979875e+01
  -1.4127594e+01
  -1.4287338e+01
  -1.4449457e+01
  -1.4604941e+01
  -1.4746043e+01
  -1.4867484e+01
  -1.4968474e+01
  -1.5054416e+01
  -1.5135794e+01
  -1.5223442e+01
  -1.5323620e+01
  -1.5436688e+01
  -1.5559023e+01
  -1.5685707e+01
  -1.5812634e+01
  -1.5937814e+01
  -1.6061879e+01
  -1.6187626e+01
  -1.6318679e+01
  -1.6457889e+01
  -1.6606298e+01
  -1.6762984e+01
  -1.6925539e+01
  -1.7090736e+01
  -1.7255148e+01
  -1.7415651e+01
  -1.7569876e+01
  -1.7716589e+01
  -1.7855940e+01
  -1.7989416e+01
  -1.8119405e+01
  -1.8248486e+01
  -1.8378760e+01
  -1.8511510e+01
  -1.8647278e+01
  -1.8786209e+01
  -1.8928410e+01
  -1.9074151e+01
  -1.9223833e+01
  -1.9377779e+01
  -1.9535947e+01
  -1.9697699e+01
  -1.9861704e+01
  -2.0025961e+01
  -2.0187942e+01
  -2.0344833e+01
  -2.0493883e+01
  -2.0632898e+01
  -2.0760852e+01
  -2.0878450e+01
  -2.0988306e+01
  -2.1094403e+01
  -2.1200898e+01
  -2.1310882e+01
  -2.1425730e+01
  -2.1545233e+01
  -2.1668216e+01
  -2.1793242e+01
  -2.1919133e+01
  -2.2045215e+01
  -2.2171279e+01
  -2.2297339e+01
  -2.2423322e+01
  -2.2548847e+01
  -2.2673186e+01
  -2.2795449e+01
  -2.2914910e+01
  -2.3031378e+01
  -2.3145419e+01
  -2.3258306e+01
  -2.3371634e+01
  -2.3486733e+01
  -2.3604147e+01
  -2.3723395e+01
  -2.3843067e+01
  -2.3961199e+01
  -2.4075812e+01
  -2.4185482e+01
  -2.4289840e+01
  -2.4389786e+01
  -2.4487276e+01
  -2.4584685e+01
  -2.4684021e+01
  -2.4786385e+01
  -2.4891871e+01
  -2.4999870e+01
  -2.5109529e+01
  -2.5220154e+01
  -2.5331418e+01
  -2.5443312e+01
  -2.5555928e+01
  -2.5669184e+01
  -2.5782642e+01
  -2.5895522e+01
  -2.6006905e+01
  -2.6116066e+01
  -2.6222783e+01
  -2.6327505e+01
  -2.6431232e+01
  -2.6535137e+01
  -2.6640065e+01
  -2.6746170e+01
  -2.6852843e+01
  -2.6958984e+01
  -2.7063513e+01
  -2.7165958e+01
  -2.7266918e+01
  -2.7368160e+01
  -2.7472231e+01
  -2.7581719e+01
  -2.7698506e+01
  -2.7823375e+01
  -2.7956031e+01
  -2.8095420e+01
  -2.8240133e+01
  -2.8388742e+01
  -2.8540020e+01
  -2.8693036e+01
  -2.8847147e+01
  -2.9001920e+01
  -2.9157033e+01
  -2.9312185e+01
  -2.9467059e+01
  -2.9621336e+01
  -2.9774743e+01
  -2.9927118e+01
  -3.0078429e+01
  -3.0228743e+01
  -3.0378107e+01
  -3.0526396e+01
  -3.0673148e+01
  -3.0817478e+01
  -3.0958096e+01
  -3.1093497e+01
  -3.1222300e+01
  -3.1343748e+01
  -3.1458205e+01
  -3.1567437e+01
  -3.1674379e+01
  -3.1782341e+01
  -3.1893968e+01
  -3.2010470e+01
  -3.2131451e+01
  -3.2255255e+01
  -3.2379606e+01
  -3.2502299e+01
  -3.2621816e+01
  -3.2737729e+01
  -3.2850770e+01
  -3.2962464e+01
  -3.3074423e+01
  -3.3187595e+01
  -3.3301817e+01
  -3.3415802e+01
  -3.3527516e+01
  -3.3634798e+01
  -3.3736036e+01
  -3.3830751e+01
  -3.3919842e+01
  -3.4005314e+01
  -3.4089540e+01
  -3.4174414e+01
  -3.4260855e+01
  -3.4348858e+01
  -3.4437944e+01
  -3.4527680e+01
  -3.4617987e+01
  -3.4709090e+01
  -3.4801190e+01
  -3.4894074e+01
  -3.4986918e+01
  -3.5078442e+01
  -3.5167384e+01
  -3.5253138e+01
  -3.5336256e+01
  -3.5418493e+01
  -3.5502220e+01
  -3.5589434e+01
  -3.5680876e+01
  -3.5775703e+01
  -3.5871787e+01
  -3.5966438e+01
  -3.6057312e+01
  -3.6143263e+01
  -3.6224849e+01
  -3.6304175e+01
  -3.6384001e+01
  -3.6466521e+01
  -3.6552493e+01
  -3.6641127e+01
  -3.6730660e+01
  -3.6819221e+01
  -3.6905656e+01
  -3.6989971e+01
  -3.7073225e+01
  -3.7156899e+01
  -3.7242071e+01
  -3.7328871e+01
  -3.7416490e+01
  -3.7503684e+01
  -3.7589508e+01
  -3.7673901e+01
  -3.7757809e+01
  -3.7842718e+01
  -3.7929803e+01
  -3.8019176e+01
  -3.8109625e+01
  -3.8198999e+01
  -3.8285053e+01
  -3.8366502e+01
  -3.8443853e+01
  -3.8519509e+01
  -3.8596851e+01
  -3.8678669e+01
  -3.8765874e+01
  -3.8857180e+01
  -3.8949724e+01
  -3.9040242e+01
  -3.9126374e+01
  -3.9207737e+01
  -3.9286244e+01
  -3.9365288e+01
  -3.9448037e+01
  -3.9535829e+01
  -3.9627572e+01
  -3.9720278e+01
  -3.9810298e+01
  -3.9894836e+01
  -3.9973304e+01
  -4.0047935e+01
  -4.0123019e+01
  -4.0202942e+01
  -4.0290199e+01
  -4.0384629e+01
  -4.0484013e+01
  -4.0585403e+01
  -4.0686504e+01
  -4.0786658e+01
  -4.0887075e+01
  -4.0990140e+01
  -4.1098065e+01
  -4.1211623e+01
  -4.1329595e+01
  -4.1449040e+01
  -4.1566157e+01
  -4.1677487e+01
  -4.1781254e+01
  -4.1878462e+01
  -4.1972971e+01
  -4.2070012e+01
  -4.2173731e+01
  -4.2285261e+01
  -4.2402280e+01
  -4.2519789e+01
  -4.2631478e+01
  -4.2731475e+01
  -4.2816630e+01
  -4.2888868e+01
  -4.2955773e+01
  -4.3027496e+01
  -4.3111492e+01
  -4.3209283e+01
  -4.3316898e+01
  -4.3427237e+01
  -4.3532615e+01
  -4.3627237e+01
  -4.3709699e+01
  -4.3784429e+01
  -4.3859651e+01
  -4.3940801e+01
  -4.4018113e+01
  -4.3994193e+01
  -4.1877281e+01
  -4.1607952e+01
  -4.1705369e+01
  -4.1835785e+01
  -4.1964734e+01
  -4.2080329e+01
  -4.2178880e+01
  -4.2263812e+01
  -4.2344350e+01
  -4.2431098e+01
  -4.2530828e+01
  -4.2644362e+01
  -4.2767827e+01
  -4.2895019e+01
  -4.3019335e+01
  -4.3135136e+01
  -4.3238816e+01
  -4.3329558e+01
  -4.3409273e+01
  -4.3481282e+01
  -4.3548216e+01
  -4.3610552e+01
  -4.3666924e+01
  -4.3716192e+01
  -4.3760113e+01
  -4.3804621e+01
  -4.3858017e+01
  -4.3927000e+01
  -4.4013773e+01
  -4.4115973e+01
  -4.4228354e+01
  -4.4344626e+01
  -4.4458833e+01
  -4.4566428e+01
  -4.4665199e+01
  -4.4755831e+01
  -4.4841612e+01
  -4.4926970e+01
  -4.5015497e+01
  -4.5108591e+01
  -4.5205352e+01
  -4.5303446e+01
  -4.5400288e+01
  -4.5494098e+01
  -4.5584506e+01
  -4.5672560e+01
  -4.5760079e+01
  -4.5848698e+01
  -4.5939097e+01
  -4.6030793e+01
  -4.6122493e+01
  -4.6212765e+01
  -4.6300702e+01
  -4.6386328e+01
  -4.6470561e+01
  -4.6554767e+01
  -4.6640120e+01
  -4.6727124e+01
  -4.6815507e+01
  -4.6904492e+01
  -4.6993235e+01
  -4.7081233e+01
  -4.7168506e+01
  -4.7255501e+01
  -4.7342784e+01
  -4.7430706e+01
  -4.7519220e+01
  -4.7607953e+01
  -4.7696477e+01
  -4.7784639e+01
  -4.7872788e+01
  -4.7961763e+01
  -4.8052641e+01
  -4.8146360e+01
  -4.8243398e+01
  -4.8343647e+01
  -4.8446513e+01
  -4.8551144e+01
  -4.8656697e+01
  -4.8762530e+01
  -4.8868281e+01
  -4.8973833e+01
  -4.9079194e+01
  -4.9184370e+01
  -4.9289301e+01
  -4.9393869e+01
  -4.9497977e+01
  -4.9601633e+01
  -4.9704979e+01
  -4.9808240e+01
  -4.9911603e+01
  -5.0015079e+01
  -5.0118439e+01
  -5.0221249e+01
  -5.0323021e+01
  -5.0423428e+01
  -5.0522489e+01
  -5.0620650e+01
  -5.0718688e+01
  -5.0817471e+01
  -5.0917675e+01
  -5.1019570e+01
  -5.1122979e+01
  -5.1227400e+01
  -5.1332237e+01
  -5.1437025e+01
  -5.1541581e+01
  -5.1646015e+01
  -5.1750604e+01
  -5.1855603e+01
  -5.1961070e+01
  -5.2066814e+01
  -5.2172461e+01
  -5.2277630e+01
  -5.2382122e+01
  -5.2486052e+01
  -5.2589828e+01
  -5.2694013e+01
  -5.2799093e+01
  -5.2905287e+01
  -5.3012475e+01
  -5.3120284e+01
  -5.3228285e+01
  -5.3336226e+01
  -5.3444198e+01
  -5.3552654e+01
  -5.3662265e+01
  -5.3773676e+01
  -5.3887255e+01
  -5.4002951e+01
  -5.4120317e+01
  -5.4238660e+01
  -5.4357269e+01
  -5.4475635e+01
  -5.4593582e+01
  -5.4711279e+01
  -5.4829112e+01
  -5.4947498e+01
  -5.5066695e+01
  -5.5186712e+01
  -5.5307344e+01
  -5.5428297e+01
  -5.5549367e+01
  -5.5670561e+01
  -5.5792121e+01
  -5.5914419e+01
  -5.6037761e+01
  -5.6162185e+01
  -5.6287327e+01
  -5.6412429e+01
  -5.6536460e+01
  -5.6658355e+01
  -5.6777272e+01
  -5.6892806e+01
  -5.7005075e+01
  -5.7114616e+01
  -5.7222121e+01
  -5.7328111e+01
  -5.7432707e+01
  -5.7535613e+01
  -5.7636335e+01
  -5.7734542e+01
  -5.7830412e+01
  -5.7924776e+01
  -5.8018944e+01
  -5.8114240e+01
  -5.8211472e+01
  -5.8310598e+01
  -5.8410745e+01
  -5.8510566e+01
  -5.8608789e+01
  -5.8704784e+01
  -5.8798916e+01
  -5.8892482e+01
  -5.8987211e+01
  -5.9084494e+01
  -5.9184749e+01
  -5.9287185e+01
  -5.9390043e+01
  -5.9491160e+01
  -5.9588715e+01
  -5.9681941e+01
  -5.9771563e+01
  -5.9859699e+01
  -5.9949128e+01
  -6.0042248e+01
  -6.0140247e+01
  -6.0242874e+01
  -6.0348776e+01
  -6.0456141e+01
  -6.0563377e+01
  -6.0669633e+01
  -6.0775037e+01
  -6.0880570e+01
  -6.0987615e+01
  -6.1097389e+01
  -6.1210494e+01
  -6.1326767e+01
  -6.1445424e+01
  -6.1565373e+01
  -6.1685572e+01
  -6.1805304e+01
  -6.1924303e+01
  -6.2042716e+01
  -6.2160923e+01
  -6.2279300e+01
  -6.2398019e+01
  -6.2516965e+01
  -6.2635782e+01
  -6.2754009e+01
  -6.2871240e+01
  -6.2987243e+01
  -6.3102004e+01
  -6.3215682e+01
  -6.3328531e+01
  -6.3440806e+01
  -6.3552739e+01
  -6.3664558e+01
  -6.3776539e+01
  -6.3889027e+01
  -6.4002399e+01
  -6.4116952e+01
  -6.4232765e+01
  -6.4349606e+01
  -6.4466925e+01
  -6.4583975e+01
  -6.4700013e+01
  -6.4814541e+01
  -6.4927488e+01
  -6.5039244e+01
  -6.5150508e+01
  -6.5261974e+01
  -6.5373992e+01
  -6.5486337e+01
  -6.5598196e+01
  -6.5708377e+01
  -6.5815684e+01
  -6.5919332e+01
  -6.6019264e+01
  -6.6116208e+01
  -6.6211387e+01
  -6.6305976e+01
  -6.6400550e+01
  -6.6494805e+01
  -6.6587679e+01
  -6.6677818e+01
  -6.6764224e+01
  -6.6846823e+01
  -6.6926681e+01
  -6.7005701e+01
  -6.7085879e+01
  -6.7168516e+01
  -6.7253823e+01
  -6.7341066e+01
  -6.7429102e+01
  -6.7517016e+01
  -6.7604556e+01
  -6.7692171e+01
  -6.7780638e+01
  -6.7870474e+01
  -6.7961468e+01
  -6.8052598e+01
  -6.8142390e+01
  -6.8229593e+01
  -6.8313890e+01
  -6.8396306e+01
  -6.8478976e+01
  -6.8564278e+01
  -6.8653744e+01
  -6.8747354e+01
  -6.8843527e+01
  -6.8939716e+01
  -6.9033361e+01
  -6.9122883e+01
  -6.9208431e+01
  -6.9291958e+01
  -6.9376420e+01
  -6.9464405e+01
  -6.9556956e+01
  -6.9653211e+01
  -6.9750865e+01
  -6.9847150e+01
  -6.9939908e+01
  -7.0028462e+01
  -7.0113898e+01
  -7.0198526e+01
  -7.0284688e+01
  -7.0373593e+01
  -7.0464840e+01
  -7.0556841e+01
  -7.0647845e+01
  -7.0737085e+01
  -7.0825517e+01
  -7.0915676e+01
  -7.1010590e+01
  -7.1112336e+01
  -7.1221061e+01
  -7.1334903e+01
  -7.1450631e+01
  -7.1564637e+01
  -7.1674028e+01
  -7.1777607e+01
  -7.1876400e+01
  -7.1973306e+01
  -7.2071790e+01
  -7.2174236e+01
  -7.2280902e+01
  -7.2389910e+01
  -7.2498057e+01
  -7.2602026e+01
  -7.2699671e+01
  -7.2791026e+01
  -7.2878546e+01
  -7.2966199e+01
  -7.3057753e+01
  -7.3155282e+01
  -7.3258742e+01
  -7.3366591e+01
  -7.3476869e+01
  -7.3588166e+01
  -7.3700135e+01
  -7.3813387e+01
  -7.3928858e+01
  -7.4047002e+01
  -7.4167252e+01
  -7.4288020e+01
  -7.4407247e+01
  -7.4523300e+01
  -7.4635903e+01
  -7.4746630e+01
  -7.4858491e+01
  -7.4974620e+01
  -7.5096719e+01
  -7.5224177e+01
  -7.5354228e+01
  -7.5483025e+01
  -7.5607342e+01
  -7.5726592e+01
  -7.5844293e+01
  -7.5967583e+01
  -7.6104273e+01
  -7.6259282e+01
  -7.6432895e+01
  -7.6621246e+01
  -7.6817726e+01
  -7.7014328e+01
  -7.7202928e+01
  -7.7377114e+01
  -7.7534993e+01
  -7.7681768e+01
  -7.7828829e+01
  -7.7987900e+01
  -7.8164785e+01
  -7.8357765e+01
  -7.8559806e+01
  -7.8761220e+01
  -7.8951362e+01
  -7.9119957e+01
  -7.9259422e+01
  -7.9369050e+01
  -7.9458813e+01
  -7.9546650e+01
  -7.9648196e+01
  -7.9768847e+01
  -7.9904464e+01
  -8.0046133e+01
  -8.0184044e+01
  -8.0309894e+01
  -8.0418857e+01
  -8.0511320e+01
  -8.0593092e+01
  -8.0672667e+01
  -8.0756806e+01
  -8.0847920e+01
  -8.0944773e+01
  -8.1045020e+01
  -8.1147533e+01
  -8.1253337e+01
  -8.1364862e+01
  -8.1484138e+01
  -8.1611148e+01
  -8.1743245e+01
  -8.1875637e+01
  -8.2002591e+01
  -8.2119186e+01
  -8.2223560e+01
  -8.2318894e+01
  -8.2413290e+01
  -8.2516340e+01
  -8.2634505e+01
  -8.2768815e+01
  -8.2915618e+01
  -8.3068530e+01
  -8.3220138e+01
  -8.3363245e+01
  -8.3492129e+01
  -8.3604153e+01
  -8.3701260e+01
  -8.3789888e+01
  -8.3878173e+01
  -8.3971865e+01
  -8.4072009e+01
  -8.4175528e+01
  -8.4277469e+01
  -8.4373540e+01
  -8.4462202e+01
  -8.4545607e+01
  -8.4628559e+01
  -8.4715762e+01
  -8.4809109e+01
  -8.4906735e+01
  -8.5003903e+01
  -8.5094889e+01
  -8.5175234e+01
  -8.5243935e+01
  -8.5304526e+01
  -8.5363648e+01
  -8.5427351e+01
  -8.5497789e+01
  -8.5572574e+01
  -8.5646545e+01
  -8.5714563e+01
  -8.5774330e+01
  -8.5828205e+01
  -8.5882530e+01
  -8.5944223e+01
  -8.6016986e+01
  -8.6099919e+01
  -8.6188682e+01
  -8.6277726e+01
  -8.6362470e+01
  -8.6440985e+01
  -8.6514693e+01
  -8.6587457e+01
  -8.6663270e+01
  -8.6743942e+01
  -8.6828264e+01
  -8.6912851e+01
  -8.6993953e+01
  -8.7069452e+01
  -8.7140260e+01
  -8.7210191e+01
  -8.7283986e+01
  -8.7364636e+01
  -8.7451816e+01
  -8.7542180e+01
  -8.7630963e+01
  -8.7714143e+01
  -8.7790571e+01
  -8.7863189e+01
  -8.7938130e+01
  -8.8021684e+01
  -8.8117139e+01
  -8.8223590e+01
  -8.8336770e+01
  -8.8450737e+01
  -8.8559599e+01
  -8.8659203e+01
  -8.8748664e+01
  -8.8831052e+01
  -8.8912213e+01
  -8.8997853e+01
  -8.9090740e+01
  -8.9189799e+01
  -8.9291123e+01
  -8.9389880e+01
  -8.9482376e+01
  -8.9567830e+01
  -8.9649177e+01
  -8.9732017e+01
  -8.9821963e+01
  -8.9922066e+01
  -9.0031953e+01
  -9.0148623e+01
  -9.0267933e+01
  -9.0386049e+01
  -9.0500572e+01
  -9.0611211e+01
  -9.0719740e+01
  -9.0829089e+01
  -9.0941931e+01
  -9.1059501e+01
  -9.1181206e+01
  -9.1305031e+01
  -9.1428390e+01
  -9.1549083e+01
  -9.1666118e+01
  -9.1780127e+01
  -9.1893168e+01
  -9.2007884e+01
  -9.2126387e+01
  -9.2249447e+01
  -9.2376316e+01
  -9.2505110e+01
  -9.2633483e+01
  -9.2759352e+01
  -9.2881498e+01
  -9.2999904e+01
  -9.3115666e+01
  -9.3230482e+01
  -9.3345899e+01
  -9.3462684e+01
  -9.3580605e+01
  -9.3698647e+01
  -9.3815509e+01
  -9.3930156e+01
  -9.4042204e+01
  -9.4151994e+01
  -9.4260309e+01
  -9.4367854e+01
  -9.4474787e+01
  -9.4580521e+01
  -9.4683925e+01
  -9.4783818e+01
  -9.4879562e+01
  -9.4971472e+01
  -9.5060794e+01
  -9.5149181e+01
  -9.5237923e+01
  -9.5327369e+01
  -9.5416876e+01
  -9.5505309e+01
  -9.5591822e+01
  -9.5676560e+01
  -9.5760874e+01
  -9.5846875e+01
  -9.5936521e+01
  -9.6030788e+01
  -9.6129390e+01
  -9.6231140e+01
  -9.6334700e+01
  -9.6439339e+01
  -9.6545376e+01
  -9.6654053e+01
  -9.6766878e+01
  -9.6884745e+01
  -9.7007268e+01
  -9.7132596e+01
  -9.7257713e+01
  -9.7379083e+01
  -9.7493570e+01
  -9.7599511e+01
  -9.7697662e+01
  -9.7791388e+01
  -9.7885585e+01
  -9.7984672e+01
  -9.8090827e+01
  -9.8203456e+01
  -9.8319827e+01
  -9.8436270e+01
  -9.8549456e+01
  -9.8657525e+01
  -9.8760787e+01
  -9.8861625e+01
  -9.8963404e+01
  -9.9068847e+01
  -9.9178773e+01
  -9.9291804e+01
  -9.9404977e+01
  -9.9514866e+01
  -9.9618878e+01
  -9.9716417e+01
  -9.9809422e+01
  -9.9901754e+01
  -9.9997481e+01
  -1.0009901e+02
  -1.0020617e+02
  -1.0031652e+02
  -1.0042641e+02
  -1.0053239e+02
  -1.0063245e+02
  -1.0072700e+02
  -1.0081883e+02
  -1.0091200e+02
  -1.0100997e+02
  -1.0111422e+02
  -1.0122396e+02
  -1.0133685e+02
  -1.0145013e+02
  -1.0156161e+02
  -1.0167036e+02
  -1.0177679e+02
  -1.0188210e+02
  -1.0198745e+02
  -1.0209326e+02
  -1.0219902e+02
  -1.0230387e+02
  -1.0240746e+02
  -1.0251066e+02
  -1.0261574e+02
  -1.0272549e+02
  -1.0284196e+02
  -1.0296530e+02
  -1.0309338e+02
  -1.0322214e+02
  -1.0334631e+02
  -1.0346063e+02
  -1.0356143e+02
  -1.0364852e+02
  -1.0372625e+02
  -1.0380220e+02
  -1.0388334e+02
  -1.0397242e+02
  -1.0406695e+02
  -1.0416065e+02
  -1.0424602e+02
  -1.0431768e+02
  -1.0437588e+02
  -1.0442830e+02
  -1.0448699e+02
  -1.0456151e+02
  -1.0465428e+02
  -1.0476096e+02
  -1.0487350e+02
  -1.0498312e+02
  -1.0508281e+02
  -1.0516991e+02
  -1.0524803e+02
  -1.0532612e+02
  -1.0541380e+02
  -1.0551610e+02
  -1.0563164e+02
  -1.0575392e+02
  -1.0587370e+02
  -1.0598121e+02
  -1.0606901e+02
  -1.0613594e+02
  -1.0619038e+02
  -1.0624769e+02
  -1.0632120e+02
  -1.0641496e+02
  -1.0652388e+02
  -1.0663763e+02
  -1.0674432e+02
  -1.0683374e+02
  -1.0690153e+02
  -1.0695362e+02
  -1.0700562e+02
  -1.0707385e+02
  -1.0716591e+02
  -1.0727945e+02
  -1.0740671e+02
  -1.0753909e+02
  -1.0767012e+02
  -1.0779719e+02
  -1.0792218e+02
  -1.0805005e+02
  -1.0818580e+02
  -1.0833139e+02
  -1.0848455e+02
  -1.0863937e+02
  -1.0878778e+02
  -1.0892172e+02
  -1.0903642e+02
  -1.0913435e+02
  -1.0922673e+02
  -1.0932855e+02
  -1.0944985e+02
  -1.0959154e+02
  -1.0974725e+02
  -1.0990700e+02
  -1.1005982e+02
  -1.1019579e+02
  -1.1030869e+02
  -1.1039981e+02
  -1.1047981e+02
  -1.1056427e+02
  -1.1066490e+02
  -1.1078463e+02
  -1.1091935e+02
  -1.1106208e+02
  -1.1120619e+02
  -1.1134718e+02
  -1.1148341e+02
  -1.1161562e+02
  -1.1174510e+02
  -1.1187086e+02
  -1.1198632e+02
  -1.1207573e+02
  -1.1210987e+02
  -1.1204890e+02
  -1.1188912e+02
  -1.1173551e+02
  -1.1169192e+02
  -1.1175382e+02
  -1.1188149e+02
  -1.1204567e+02
  -1.1222987e+02
  -1.1242622e+02
  -1.1263258e+02
  -1.1285051e+02
  -1.1308319e+02
  -1.1333330e+02
  -1.1360121e+02
  -1.1388376e+02
  -1.1417346e+02
  -1.1445805e+02
  -1.1472056e+02
  -1.1494146e+02
  -1.1510668e+02
  -1.1522363e+02
  -1.1532816e+02
  -1.1545831e+02
  -1.1562623e+02
  -1.1582252e+02
  -1.1603085e+02
  -1.1623448e+02
  -1.1641691e+02
  -1.1656211e+02
  -1.1665888e+02
  -1.1671252e+02
  -1.1675303e+02
  -1.1681744e+02
  -1.1692214e+02
  -1.1706086e+02
  -1.1721746e+02
  -1.1737394e+02
  -1.1751274e+02
  -1.1761880e+02
  -1.1768617e+02
  -1.1772816e+02
  -1.1777589e+02
  -1.1785616e+02
  -1.1797496e+02
  -1.1812229e+02
  -1.1828204e+02
  -1.1843662e+02
  -1.1856810e+02
  -1.1866088e+02
  -1.1871087e+02
  -1.1873830e+02
  -1.1878150e+02
  -1.1886697e+02
  -1.1899569e+02
  -1.1915371e+02
  -1.1932313e+02
  -1.1948565e+02
  -1.1962301e+02
  -1.1971971e+02
  -1.1977308e+02
  -1.1980631e+02
  -1.1985951e+02
  -1.1995807e+02
  -1.2010127e+02
  -1.2027475e+02
  -1.2046129e+02
  -1.2064383e+02
  -1.2080511e+02
  -1.2092813e+02
  -1.2100164e+02
  -1.2103310e+02
  -1.2105463e+02
  -1.2110001e+02
  -1.2117787e+02
  -1.2127343e+02
  -1.2136154e+02
  -1.2141513e+02
  -1.2141593e+02
  -1.2137497e+02
  -1.2133751e+02
  -1.2134213e+02
  -1.2139141e+02
  -1.2146768e+02
  -1.2155310e+02
  -1.2163822e+02
  -1.2172381e+02
  -1.2181757e+02
  -1.2192696e+02
  -1.2205340e+02
  -1.2219119e+02
  -1.2232929e+02
  -1.2245339e+02
  -1.2254867e+02
  -1.2260606e+02
  -1.2263345e+02
  -1.2265923e+02
  -1.2271311e+02
  -1.2280451e+02
  -1.2292291e+02
  -1.2304743e+02
  -1.2315077e+02
  -1.2319897e+02
  -1.2316174e+02
  -1.2305848e+02
  -1.2298112e+02
  -1.2299261e+02
  -1.2308184e+02
  -1.2321602e+02
  -1.2336810e+02
  -1.2351886e+02
  -1.2365538e+02
  -1.2377171e+02
  -1.2387135e+02
  -1.2396699e+02
  -1.2407388e+02
  -1.2420108e+02
  -1.2434826e+02
  -1.2450802e+02
  -1.2466899e+02
  -1.2481745e+02
  -1.2493835e+02
  -1.2501859e+02
  -1.2505616e+02
  -1.2507114e+02
  -1.2509847e+02
  -1.2516156e+02
  -1.2526080e+02
  -1.2538319e+02
  -1.2551281e+02
  -1.2563539e+02
  -1.2574077e+02
  -1.2582577e+02
  -1.2589654e+02
  -1.2596607e+02
  -1.2604627e+02
  -1.2614107e+02
  -1.2624626e+02
  -1.2635328e+02
  -1.2645360e+02
  -1.2654265e+02
  -1.2662266e+02
  -1.2670246e+02
  -1.2679260e+02
  -1.2689916e+02
  -1.2702128e+02
  -1.2715270e+02
  -1.2728439e+02
  -1.2740694e+02
  -1.2751289e+02
  -1.2759990e+02
  -1.2767355e+02
  -1.2774631e+02
  -1.2783118e+02
  -1.2793498e+02
  -1.2805696e+02
  -1.2819146e+02
  -1.2833114e+02
  -1.2846915e+02
  -1.2860046e+02
  -1.2872290e+02
  -1.2883761e+02
  -1.2894847e+02
  -1.2906023e+02
  -1.2917620e+02
  -1.2929701e+02
  -1.2942062e+02
  -1.2954339e+02
  -1.2966140e+02
  -1.2977178e+02
  -1.2987373e+02
  -1.2996894e+02
  -1.3006092e+02
  -1.3015355e+02
  -1.3024944e+02
  -1.3034937e+02
  -1.3045267e+02
  -1.3055818e+02
  -1.3066505e+02
  -1.3077309e+02
  -1.3088244e+02
  -1.3099283e+02
  -1.3110301e+02
  -1.3121051e+02
  -1.3131220e+02
  -1.3140552e+02
  -1.3149022e+02
  -1.3156973e+02
  -1.3165075e+02
  -1.3174054e+02
  -1.3184366e+02
  -1.3196033e+02
  -1.3208701e+02
  -1.3221798e+02
  -1.3234705e+02
  -1.3246912e+02
  -1.3258186e+02
  -1.3268690e+02
  -1.3278963e+02
  -1.3289679e+02
  -1.3301302e+02
  -1.3313888e+02
  -1.3327082e+02
  -1.3340259e+02
  -1.3352700e+02
  -1.3363808e+02
  -1.3373373e+02
  -1.3381816e+02
  -1.3390151e+02
  -1.3399527e+02
  -1.3410652e+02
  -1.3423578e+02
  -1.3437843e+02
  -1.3452708e+02
  -1.3467318e+02
  -1.3480776e+02
  -1.3492218e+02
  -1.3500969e+02
  -1.3506850e+02
  -1.3510524e+02
  -1.3513469e+02
  -1.3517303e+02
  -1.3523002e+02
  -1.3530700e+02
  -1.3539987e+02
  -1.3550244e+02
  -1.3560828e+02
  -1.3571154e+02
  -1.3580749e+02
  -1.3589347e+02
  -1.3597032e+02
  -1.3604328e+02
  -1.3612094e+02
  -1.3621196e+02
  -1.3632166e+02
  -1.3645070e+02
  -1.3659592e+02
  -1.3675185e+02
  -1.3691185e+02
  -1.3706871e+02
  -1.3721515e+02
  -1.3734455e+02
  -1.3745251e+02
  -1.3753899e+02
  -1.3760939e+02
  -1.3767196e+02
  -1.3773189e+02
  -1.3778623e+02
  -1.3782356e+02
  -1.3782978e+02
  -1.3780236e+02
  -1.3776629e+02
  -1.3776305e+02
  -1.3781600e+02
  -1.3792117e+02
  -1.3806232e+02
  -1.3822201e+02
  -1.3838478e+02
  -1.3853749e+02
  -1.3867044e+02
  -1.3878078e+02
  -1.3887643e+02
  -1.3897431e+02
  -1.3909028e+02
  -1.3922961e+02
  -1.3938589e+02
  -1.3954428e+02
  -1.3968329e+02
  -1.3977502e+02
  -1.3979283e+02
  -1.3974429e+02
  -1.3969923e+02
  -1.3972393e+02
  -1.3982211e+02
  -1.3996705e+02
  -1.4013235e+02
  -1.4029820e+02
  -1.4045067e+02
  -1.4058192e+02
  -1.4069195e+02
  -1.4078909e+02
  -1.4088574e+02
  -1.4099075e+02
  -1.4110527e+02
  -1.4122395e+02
  -1.4133909e+02
  -1.4144481e+02
  -1.4154080e+02
  -1.4163370e+02
  -1.4173410e+02
  -1.4185035e+02
  -1.4198434e+02
  -1.4213143e+02
  -1.4228260e+02
  -1.4242641e+02
  -1.4255081e+02
  -1.4264662e+02
  -1.4271427e+02
  -1.4276991e+02
  -1.4283949e+02
  -1.4294187e+02
  -1.4308023e+02
  -1.4324677e+02
  -1.4342963e+02
  -1.4361628e+02
  -1.4379443e+02
  -1.4395295e+02
  -1.4408500e+02
  -1.4419425e+02
  -1.4429913e+02
  -1.4442532e+02
  -1.4459040e+02
  -1.4479778e+02
  -1.4504165e+02
  -1.4531290e+02
  -1.4560186e+02
  -1.4589847e+02
  -1.4619174e+02
  -1.4646966e+02
  -1.4672104e+02
  -1.4694066e+02
  -1.4713573e+02
  -1.4732529e+02
  -1.4752845e+02
  -1.4775358e+02
  -1.4799864e+02
  -1.4825691e+02
  -1.4852103e+02
  -1.4878435e+02
  -1.4904089e+02
  -1.4928442e+02
  -1.4950623e+02
  -1.4968620e+02
  -1.4972000e+02
  -1.4793643e+02
  -1.4749721e+02
  -1.4757099e+02
  -1.4768489e+02
  -1.4780122e+02
  -1.4791232e+02
  -1.4801768e+02
  -1.4812080e+02
  -1.4822832e+02
  -1.4834812e+02
  -1.4848662e+02
  -1.4864688e+02
  -1.4882834e+02
  -1.4902784e+02
  -1.4924067e+02
  -1.4946122e+02
  -1.4968304e+02
  -1.4989846e+02
  -1.5009786e+02
  -1.5026892e+02
  -1.5039720e+02
  -1.5047191e+02
  -1.5050092e+02
  -1.5052124e+02
  -1.5057560e+02
  -1.5068043e+02
  -1.5082801e+02
  -1.5100306e+02
  -1.5119144e+02
  -1.5138212e+02
  -1.5156721e+02
  -1.5174205e+02
  -1.5190544e+02
  -1.5205938e+02
  -1.5220754e+02
  -1.5235287e+02
  -1.5249540e+02
  -1.5263176e+02
  -1.5275644e+02
  -1.5286452e+02
  -1.5295550e+02
  -1.5303606e+02
  -1.5311828e+02
  -1.5321299e+02
  -1.5332411e+02
  -1.5344827e+02
  -1.5357791e+02
  -1.5370475e+02
  -1.5382278e+02
  -1.5393095e+02
  -1.5403460e+02
  -1.5414365e+02
  -1.5426758e+02
  -1.5441107e+02
  -1.5457321e+02
  -1.5474905e+02
  -1.5493153e+02
  -1.5511242e+02
  -1.5528273e+02
  -1.5543306e+02
  -1.5555518e+02
  -1.5564610e+02
  -1.5571394e+02
  -1.5577897e+02
  -1.5586349e+02
  -1.5597964e+02
  -1.5612731e+02
  -1.5629954e+02
  -1.5648717e+02
  -1.5668059e+02
  -1.5686928e+02
  -1.5704002e+02
  -1.5717360e+02
  -1.5724072e+02
  -1.5720606e+02
  -1.5707304e+02
  -1.5693919e+02
  -1.5689345e+02
  -1.5692820e+02
  -1.5700030e+02
  -1.5707063e+02
  -1.5711040e+02
  -1.5711103e+02
  -1.5709984e+02
  -1.5712527e+02
  -1.5721384e+02
  -1.5736122e+02
  -1.5755114e+02
  -1.5776775e+02
  -1.5799819e+02
  -1.5823198e+02
  -1.5845990e+02
  -1.5867350e+02
  -1.5886562e+02
  -1.5903253e+02
  -1.5917732e+02
  -1.5931156e+02
  -1.5945108e+02
  -1.5960747e+02
  -1.5978324e+02
  -1.5997278e+02
  -1.6016537e+02
  -1.6034690e+02
  -1.6050081e+02
  -1.6061148e+02
  -1.6067630e+02
  -1.6072245e+02
  -1.6079791e+02
  -1.6093367e+02
  -1.6113204e+02
  -1.6138351e+02
  -1.6168085e+02
  -1.6202584e+02
  -1.6243710e+02
  -1.6296957e+02
  -1.6372960e+02
  -1.6464771e+02
  -1.6536332e+02
  -1.6585975e+02
  -1.6624097e+02
  -1.6655754e+02
  -1.6682944e+02
  -1.6706421e+02
  -1.6726421e+02
  -1.6742992e+02
  -1.6756202e+02
  -1.6766351e+02
  -1.6774202e+02
  -1.6781097e+02
  -1.6788739e+02
  -1.6798664e+02
  -1.6811814e+02
  -1.6828604e+02
  -1.6849557e+02
  -1.6878628e+02
  -1.7099346e+02
  -1.7208623e+02
  -1.7238951e+02
  -1.7265101e+02
  -1.7289368e+02
  -1.7311547e+02
  -1.7330805e+02
  -1.7346091e+02
  -1.7356750e+02
  -1.7363673e+02
  -1.7369911e+02
  -1.7378932e+02
  -1.7392278e+02
  -1.7409494e+02
  -1.7429279e+02
  -1.7450187e+02
  -1.7470779e+02
  -1.7489558e+02
  -1.7504972e+02
  -1.7515842e+02
  -1.7522581e+02
  -1.7528210e+02
  -1.7536685e+02
  -1.7549902e+02
  -1.7567360e+02
  -1.7587528e+02
  -1.7608699e+02
  -1.7629137e+02
  -1.7646972e+02
  -1.7660235e+02
  -1.7667696e+02
  -1.7670874e+02
  -1.7674585e+02
  -1.7682961e+02
  -1.7696495e+02
  -1.7713433e+02
  -1.7731527e+02
  -1.7748579e+02
  -1.7762539e+02
  -1.7771989e+02
  -1.7777498e+02
  -1.7782490e+02
  -1.7790936e+02
  -1.7804309e+02
  -1.7821729e+02
  -1.7841473e+02
  -1.7861705e+02
  -1.7880507e+02
  -1.7895711e+02
  -1.7905053e+02
  -1.7907703e+02
  -1.7907117e+02
  -1.7909785e+02
  -1.7919048e+02
  -1.7933997e+02
  -1.7952325e+02
  -1.7971781e+02
  -1.7990252e+02
  -1.8005475e+02
  -1.8014995e+02
  -1.8017387e+02
  -1.8015334e+02
  -1.8015587e+02
  -1.8022423e+02
  -1.8035275e+02
  -1.8051715e+02
  -1.8069329e+02
  -1.8085954e+02
  -1.8099548e+02
  -1.8108429e+02
  -1.8112428e+02
  -1.8114254e+02
  -1.8118050e+02
  -1.8125773e+02
  -1.8136309e+02
  -1.8146745e+02
  -1.8153077e+02
  -1.8150951e+02
  -1.8140339e+02
  -1.8131097e+02
  -1.8132018e+02
  -1.8142166e+02
  -1.8157348e+02
  -1.8173917e+02
  -1.8188889e+02
  -1.8199779e+02
  -1.8205597e+02
  -1.8208902e+02
  -1.8214990e+02
  -1.8227109e+02
  -1.8244874e+02
  -1.8266315e+02
  -1.8289303e+02
  -1.8311799e+02
  -1.8331730e+02
  -1.8347117e+02
  -1.8357157e+02
  -1.8364199e+02
  -1.8373216e+02
  -1.8387480e+02
  -1.8406798e+02
  -1.8429248e+02
  -1.8452539e+02
  -1.8474155e+02
  -1.8490970e+02
  -1.8499339e+02
  -1.8498416e+02
  -1.8496185e+02
  -1.8502723e+02
  -1.8519372e+02
  -1.8542998e+02
  -1.8570742e+02
  -1.8600645e+02
  -1.8631089e+02
  -1.8659390e+02
  -1.8670309e+02
  -1.8480130e+02
  -1.8480279e+02
  -1.8507971e+02
  -1.8538805e+02
  -1.8569463e+02
  -1.8597758e+02
  -1.8619328e+02
  -1.8618287e+02
  -1.8549759e+02
  -1.8509445e+02
  -1.8518987e+02
  -1.8540923e+02
  -1.8565741e+02
  -1.8589873e+02
  -1.8610671e+02
  -1.8624978e+02
  -1.8629295e+02
  -1.8624163e+02
  -1.8619420e+02
  -1.8624016e+02
  -1.8637612e+02
  -1.8656612e+02
  -1.8678002e+02
  -1.8699533e+02
  -1.8719231e+02
  -1.8735053e+02
  -1.8745096e+02
  -1.8749119e+02
  -1.8750722e+02
  -1.8755567e+02
  -1.8766369e+02
  -1.8782354e+02
  -1.8801617e+02
  -1.8822387e+02
  -1.8843236e+02
  -1.8863014e+02
  -1.8880837e+02
  -1.8896201e+02
  -1.8909175e+02
  -1.8920450e+02
  -1.8931002e+02
  -1.8941565e+02
  -1.8952435e+02
  -1.8963746e+02
  -1.8975876e+02
  -1.8989524e+02
  -1.9005366e+02
  -1.9023645e+02
  -1.9044043e+02
  -1.9065773e+02
  -1.9087696e+02
  -1.9108296e+02
  -1.9125545e+02
  -1.9136907e+02
  -1.9140590e+02
  -1.9139152e+02
  -1.9140143e+02
  -1.9148523e+02
  -1.9163643e+02
  -1.9182827e+02
  -1.9203461e+02
  -1.9223102e+02
  -1.9239011e+02
  -1.9247945e+02
  -1.9247942e+02
  -1.9243485e+02
  -1.9244273e+02
  -1.9254360e+02
  -1.9271658e+02
  -1.9293035e+02
  -1.9315909e+02
  -1.9337923e+02
  -1.9356192e+02
  -1.9366429e+02
  -1.9363930e+02
  -1.9352722e+02
  -1.9349014e+02
  -1.9359191e+02
  -1.9379134e+02
  -1.9404525e+02
  -1.9432625e+02
  -1.9461434e+02
  -1.9488489e+02
  -1.9507734e+02
  -1.9491813e+02
  -1.9403152e+02
  -1.9390415e+02
  -1.9412231e+02
  -1.9442756e+02
  -1.9476376e+02
  -1.9510928e+02
  -1.9544288e+02
  -1.9568848e+02
  -1.9451861e+02
  -1.9386689e+02
  -1.9415620e+02
  -1.9452242e+02
  -1.9490993e+02
  -1.9530403e+02
  -1.9569542e+02
  -1.9607133e+02
  -1.9640181e+02
  -1.9657344e+02
  -1.9599835e+02
  -1.9540900e+02
  -1.9556211e+02
  -1.9586498e+02
  -1.9620243e+02
  -1.9654380e+02
  -1.9687610e+02
  -1.9719134e+02
  -1.9748315e+02
  -1.9774565e+02
  -1.9797352e+02
  -1.9816268e+02
  -1.9831096e+02
  -1.9841713e+02
  -1.9847748e+02
  -1.9848375e+02
  -1.9843500e+02
  -1.9836640e+02
  -1.9834326e+02
  -1.9840199e+02
  -1.9853572e+02
  -1.9872316e+02
  -1.9894538e+02
  -1.9918845e+02
  -1.9944214e+02
  -1.9969850e+02
  -1.9995102e+02
  -2.0019460e+02
  -2.0042679e+02
  -2.0065051e+02
  -2.0087791e+02
  -2.0113323e+02
  -2.0145386e+02
  -2.0189342e+02
  -2.0251183e+02
  -2.0326326e+02
  -2.0394476e+02
  -2.0448505e+02
  -2.0493133e+02
  -2.0532081e+02
  -2.0566221e+02
  -2.0592354e+02
  -2.0589076e+02
  -2.0487767e+02
  -2.0466940e+02
  -2.0488608e+02
  -2.0519039e+02
  -2.0552332e+02
  -2.0586701e+02
  -2.0621297e+02
  -2.0655469e+02
  -2.0688435e+02
  -2.0718935e+02
  -2.0744598e+02
  -2.0760768e+02
  -2.0760635e+02
  -2.0747914e+02
  -2.0745237e+02
  -2.0759345e+02
  -2.0783384e+02
  -2.0811849e+02
  -2.0841501e+02
  -2.0870089e+02
  -2.0895605e+02
  -2.0916050e+02
  -2.0930030e+02
  -2.0938630e+02
  -2.0946471e+02
  -2.0958287e+02
  -2.0975384e+02
  -2.0996597e+02
  -2.1020225e+02
  -2.1044718e+02
  -2.1068591e+02
  -2.1089977e+02
  -2.1105637e+02
  -2.1108694e+02
  -2.1087960e+02
  -2.1054601e+02
  -2.1042669e+02
  -2.1049856e+02
  -2.1065882e+02
  -2.1085750e+02
  -2.1107192e+02
  -2.1129017e+02
  -2.1150458e+02
  -2.1170887e+02
  -2.1189681e+02
  -2.1206163e+02
  -2.1219657e+02
  -2.1229754e+02
  -2.1236837e+02
  -2.1242496e+02
  -2.1249047e+02
  -2.1258264e+02
  -2.1270673e+02
  -2.1285840e+02
  -2.1302926e+02
  -2.1320996e+02
  -2.1339115e+02
  -2.1356332e+02
  -2.1371677e+02
  -2.1384273e+02
  -2.1393699e+02
  -2.1400583e+02
  -2.1406799e+02
  -2.1414545e+02
  -2.1424985e+02
  -2.1437820e+02
  -2.1451559e+02
  -2.1463347e+02
  -2.1466944e+02
  -2.1446354e+02
  -2.1392524e+02
  -2.1363871e+02
  -2.1365722e+02
  -2.1379561e+02
  -2.1398104e+02
  -2.1418565e+02
  -2.1439678e+02
  -2.1460785e+02
  -2.1481529e+02
  -2.1501743e+02
  -2.1521394e+02
  -2.1540549e+02
  -2.1559330e+02
  -2.1577861e+02
  -2.1596213e+02
  -2.1614371e+02
  -2.1632212e+02
  -2.1649522e+02
  -2.1666037e+02
  -2.1681516e+02
  -2.1695852e+02
  -2.1709189e+02
  -2.1721971e+02
  -2.1734843e+02
  -2.1748396e+02
  -2.1762904e+02
  -2.1778175e+02
  -2.1793486e+02
  -2.1807461e+02
  -2.1817731e+02
  -2.1820436e+02
  -2.1811402e+02
  -2.1794204e+02
  -2.1783261e+02
  -2.1784883e+02
  -2.1795357e+02
  -2.1810088e+02
  -2.1825504e+02
  -2.1838127e+02
  -2.1843427e+02
  -2.1836457e+02
  -2.1820388e+02
  -2.1810987e+02
  -2.1815278e+02
  -2.1829330e+02
  -2.1848705e+02
  -2.1870592e+02
  -2.1893154e+02
  -2.1914911e+02
  -2.1934369e+02
  -2.1949876e+02
  -2.1960005e+02
  -2.1965051e+02
  -2.1968651e+02
  -2.1975813e+02
  -2.1988872e+02
  -2.2007241e+02
  -2.2029350e+02
  -2.2053679e+02
  -2.2078910e+02
  -2.2103706e+02
  -2.2126228e+02
  -2.2142863e+02
  -2.2143721e+02
  -2.2102431e+02
  -2.2044514e+02
  -2.2030643e+02
  -2.2035829e+02
  -2.2046650e+02
  -2.2059702e+02
  -2.2074477e+02
  -2.2090953e+02
  -2.2108642e+02
  -2.2126308e+02
  -2.2141878e+02
  -2.2152323e+02
  -2.2154406e+02
  -2.2148933e+02
  -2.2144854e+02
  -2.2150075e+02
  -2.2164437e+02
  -2.2184818e+02
  -2.2208614e+02
  -2.2234050e+02
  -2.2259814e+02
  -2.2284685e+02
  -2.2307170e+02
  -2.2325000e+02
  -2.2334558e+02
  -2.2331884e+02
  -2.2320187e+02
  -2.2313559e+02
  -2.2319034e+02
  -2.2333565e+02
  -2.2353076e+02
  -2.2374824e+02
  -2.2396925e+02
  -2.2417743e+02
  -2.2435437e+02
  -2.2447706e+02
  -2.2452443e+02
  -2.2450754e+02
  -2.2449510e+02
  -2.2455455e+02
  -2.2469602e+02
  -2.2489989e+02
  -2.2514661e+02
  -2.2542368e+02
  -2.2572540e+02
  -2.2605425e+02
  -2.2643394e+02
  -2.2702770e+02
  -2.2908805e+02
  -2.2995557e+02
  -2.3034679e+02
  -2.3063540e+02
  -2.3082919e+02
  -2.3084947e+02
  -2.3060064e+02
  -2.3036423e+02
  -2.3039536e+02
  -2.3058704e+02
  -2.3085254e+02
  -2.3115484e+02
  -2.3147718e+02
  -2.3181053e+02
  -2.3214839e+02
  -2.3248360e+02
  -2.3280300e+02
  -2.3306752e+02
  -2.3305768e+02
  -2.3183574e+02
  -2.3167391e+02
  -2.3191573e+02
  -2.3222560e+02
  -2.3254959e+02
  -2.3286800e+02
  -2.3316794e+02
  -2.3343786e+02
  -2.3366755e+02
  -2.3385255e+02
  -2.3400165e+02
  -2.3413838e+02
  -2.3428770e+02
  -2.3446063e+02
  -2.3465318e+02
  -2.3485363e+02
  -2.3504792e+02
  -2.3522225e+02
  -2.3536574e+02
  -2.3547600e+02
  -2.3556520e+02
  -2.3565662e+02
  -2.3576882e+02
  -2.3590374e+02
  -2.3604681e+02
  -2.3616786e+02
  -2.3621165e+02
  -2.3609089e+02
  -2.3582040e+02
  -2.3566374e+02
  -2.3570206e+02
  -2.3585209e+02
  -2.3605374e+02
  -2.3627534e+02
