   3.1415927e+00
   2.7850285e+00
   2.4287249e+00
   2.0731649e+00
   1.7194316e+00
   1.3701084e+00
   1.0320489e+00
   7.2810130e-01
   5.8615851e-01
   1.8804403e+00
   2.2128566e+00
   1.9368418e+00
   1.5705447e+00
   1.1607818e+00
   7.0483363e-01
   1.5860131e-01
  -7.0331131e-01
  -2.3946577e+00
  -3.4114842e+00
  -4.0350629e+00
  -4.5763159e+00
  -5.0964087e+00
  -5.6121648e+00
  -6.1282993e+00
  -6.6453936e+00
  -7.1641193e+00
  -7.6920917e+00
  -8.2803439e+00
  -1.0206683e+01
  -1.1923875e+01
  -1.2466764e+01
  -1.2930701e+01
  -1.3364369e+01
  -1.3776570e+01
  -1.4166698e+01
  -1.4525444e+01
  -1.4820869e+01
  -1.4918256e+01
  -1.4261390e+01
  -1.3796473e+01
  -1.3943476e+01
  -1.4228396e+01
  -1.4550820e+01
  -1.4879239e+01
  -1.5191542e+01
  -1.5449112e+01
  -1.5531829e+01
  -1.5107303e+01
  -1.4713519e+01
  -1.4843474e+01
  -1.5175486e+01
  -1.5612773e+01
  -1.6152054e+01
  -1.6819407e+01
  -1.7592918e+01
  -1.8332792e+01
  -1.8935419e+01
  -1.9396964e+01
  -1.9674550e+01
  -1.9322553e+01
  -1.8529325e+01
  -1.8612460e+01
  -1.8893191e+01
  -1.9221175e+01
  -1.9563160e+01
  -1.9907183e+01
  -2.0245347e+01
  -2.0563642e+01
  -2.0775271e+01
  -1.8508342e+01
  -1.8612510e+01
  -1.8890418e+01
  -1.9172765e+01
  -1.9434582e+01
  -1.9656072e+01
  -1.9810126e+01
  -1.9864510e+01
  -1.9821292e+01
  -1.9770789e+01
  -1.9805092e+01
  -1.9926836e+01
  -2.0100621e+01
  -2.0292899e+01
  -2.0472827e+01
  -2.0600442e+01
  -2.0609046e+01
  -2.0428097e+01
  -2.0183762e+01
  -2.0104279e+01
  -2.0172464e+01
  -2.0306880e+01
  -2.0453555e+01
  -2.0571486e+01
  -2.0618132e+01
  -2.0559754e+01
  -2.0434910e+01
  -2.0360458e+01
  -2.0387540e+01
  -2.0488123e+01
  -2.0623735e+01
  -2.0765094e+01
  -2.0889786e+01
  -2.0980300e+01
  -2.1028082e+01
  -2.1042534e+01
  -2.1051078e+01
  -2.1079002e+01
  -2.1131397e+01
  -2.1196142e+01
  -2.1255390e+01
  -2.1295742e+01
  -2.1318055e+01
  -2.1341712e+01
  -2.1392484e+01
  -2.1484027e+01
  -2.1614130e+01
  -2.1772290e+01
  -2.1946070e+01
  -2.2123302e+01
  -2.2292100e+01
  -2.2440564e+01
  -2.2557729e+01
  -2.2637583e+01
  -2.2685998e+01
  -2.2722822e+01
  -2.2769652e+01
  -2.2832992e+01
  -2.2898982e+01
  -2.2935168e+01
  -2.2893067e+01
  -2.2742180e+01
  -2.2566553e+01
  -2.2501255e+01
  -2.2560903e+01
  -2.2701093e+01
  -2.2885846e+01
  -2.3092963e+01
  -2.3307947e+01
  -2.3519544e+01
  -2.3717006e+01
  -2.3888315e+01
  -2.4019662e+01
  -2.4098576e+01
  -2.4124842e+01
  -2.4124026e+01
  -2.4137733e+01
  -2.4191388e+01
  -2.4283999e+01
  -2.4401668e+01
  -2.4529023e+01
  -2.4653376e+01
  -2.4766147e+01
  -2.4864232e+01
  -2.4950990e+01
  -2.5034746e+01
  -2.5124029e+01
  -2.5222485e+01
  -2.5326764e+01
  -2.5427093e+01
  -2.5508545e+01
  -2.5553119e+01
  -2.5547017e+01
  -2.5497981e+01
  -2.5445790e+01
  -2.5433604e+01
  -2.5474313e+01
  -2.5556475e+01
  -2.5662398e+01
  -2.5776259e+01
  -2.5885571e+01
  -2.5981256e+01
  -2.6058176e+01
  -2.6116002e+01
  -2.6159064e+01
  -2.6193960e+01
  -2.6225985e+01
  -2.6257184e+01
  -2.6287309e+01
  -2.6316214e+01
  -2.6345170e+01
  -2.6375546e+01
  -2.6405255e+01
  -2.6424634e+01
  -2.6412829e+01
  -2.6337032e+01
  -2.6170626e+01
  -2.5952052e+01
  -2.5783089e+01
  -2.5705297e+01
  -2.5689392e+01
  -2.5694819e+01
  -2.5691311e+01
  -2.5664585e+01
  -2.5621908e+01
  -2.5586745e+01
  -2.5577406e+01
  -2.5592801e+01
  -2.5616708e+01
  -2.5627937e+01
  -2.5611173e+01
  -2.5571197e+01
  -2.5538274e+01
  -2.5545654e+01
  -2.5604360e+01
  -2.5705575e+01
  -2.5833653e+01
  -2.5972839e+01
  -2.6108421e+01
  -2.6226261e+01
  -2.6313391e+01
  -2.6362166e+01
  -2.6378558e+01
  -2.6385907e+01
  -2.6411717e+01
  -2.6469112e+01
  -2.6554248e+01
  -2.6654588e+01
  -2.6755492e+01
  -2.6843183e+01
  -2.6907087e+01
  -2.6943721e+01
  -2.6960668e+01
  -2.6974403e+01
  -2.6999776e+01
  -2.7040995e+01
  -2.7091788e+01
  -2.7140728e+01
  -2.7176739e+01
  -2.7194157e+01
  -2.7196734e+01
  -2.7196522e+01
  -2.7205679e+01
  -2.7228192e+01
  -2.7258776e+01
  -2.7287259e+01
  -2.7304252e+01
  -2.7306526e+01
  -2.7300064e+01
  -2.7296814e+01
  -2.7305964e+01
  -2.7327800e+01
  -2.7354621e+01
  -2.7375662e+01
  -2.7383046e+01
  -2.7377463e+01
  -2.7369929e+01
  -2.7375289e+01
  -2.7402125e+01
  -2.7448949e+01
  -2.7507465e+01
  -2.7567518e+01
  -2.7621188e+01
  -2.7666112e+01
  -2.7707195e+01
  -2.7754474e+01
  -2.7817372e+01
  -2.7899866e+01
  -2.7999860e+01
  -2.8111337e+01
  -2.8226704e+01
  -2.8338380e+01
  -2.8439955e+01
  -2.8527349e+01
  -2.8599960e+01
  -2.8660961e+01
  -2.8715800e+01
  -2.8769249e+01
  -2.8823011e+01
  -2.8875536e+01
  -2.8923894e+01
  -2.8966473e+01
  -2.9004974e+01
  -2.9044234e+01
  -2.9089537e+01
  -2.9143295e+01
  -2.9203531e+01
  -2.9264701e+01
  -2.9319921e+01
  -2.9363843e+01
  -2.9395561e+01
  -2.9419936e+01
  -2.9445270e+01
  -2.9478124e+01
  -2.9519617e+01
  -2.9565914e+01
  -2.9611680e+01
  -2.9654174e+01
  -2.9695762e+01
  -2.9742649e+01
  -2.9799595e+01
  -2.9863953e+01
  -2.9921651e+01
  -2.9943933e+01
  -2.9887528e+01
  -2.9729908e+01
  -2.9557644e+01
  -2.9496017e+01
  -2.9556488e+01
  -2.9696137e+01
  -2.9878140e+01
  -3.0074997e+01
  -3.0256685e+01
  -3.0362387e+01
  -3.0193052e+01
  -2.9503657e+01
  -2.9216981e+01
  -2.9300573e+01
  -2.9494158e+01
  -2.9719581e+01
  -2.9940078e+01
  -3.0113357e+01
  -3.0133360e+01
  -2.9705617e+01
  -2.9154246e+01
  -2.9091546e+01
  -2.9217695e+01
  -2.9387590e+01
  -2.9540889e+01
  -2.9628342e+01
  -2.9601248e+01
  -2.9474719e+01
  -2.9381875e+01
  -2.9400665e+01
  -2.9493167e+01
  -2.9591441e+01
  -2.9609882e+01
  -2.9445233e+01
  -2.9188338e+01
  -2.9126849e+01
  -2.9262996e+01
  -2.9509735e+01
  -2.9824825e+01
  -3.0202553e+01
  -3.0687586e+01
  -3.1544375e+01
  -3.3142333e+01
  -3.3991732e+01
  -3.4502613e+01
  -3.4929833e+01
  -3.5324428e+01
  -3.5697661e+01
  -3.6041060e+01
  -3.6285675e+01
  -3.5335576e+01
  -3.4513723e+01
  -3.4769170e+01
  -3.5116397e+01
  -3.5488192e+01
  -3.5867297e+01
  -3.6239249e+01
  -3.6566490e+01
  -3.6643079e+01
  -3.5591436e+01
  -3.5501061e+01
  -3.5865578e+01
  -3.6322035e+01
  -3.6805687e+01
  -3.7288762e+01
  -3.7753013e+01
  -3.8183661e+01
  -3.8562301e+01
  -3.8848373e+01
  -3.8917792e+01
  -3.8534526e+01
  -3.8219779e+01
  -3.8296352e+01
  -3.8515800e+01
  -3.8772535e+01
  -3.9021747e+01
  -3.9225710e+01
  -3.9326753e+01
  -3.9244247e+01
  -3.9035285e+01
  -3.8960044e+01
  -3.9062058e+01
  -3.9261961e+01
  -3.9507902e+01
  -3.9772986e+01
  -4.0040460e+01
  -4.0294654e+01
  -4.0510795e+01
  -4.0626586e+01
  -4.0428756e+01
  -3.9730096e+01
  -3.9453637e+01
  -3.9494212e+01
  -3.9604672e+01
  -3.9699248e+01
  -3.9727750e+01
  -3.9660591e+01
  -3.9529204e+01
  -3.9421581e+01
  -3.9378473e+01
  -3.9377910e+01
  -3.9388607e+01
  -3.9396218e+01
  -3.9407564e+01
  -3.9439944e+01
  -3.9504032e+01
  -3.9597207e+01
  -3.9708021e+01
  -3.9821921e+01
  -3.9924617e+01
  -4.0005026e+01
  -4.0059988e+01
  -4.0098920e+01
  -4.0140821e+01
  -4.0201746e+01
  -4.0285106e+01
  -4.0382393e+01
  -4.0478186e+01
  -4.0554048e+01
  -4.0593188e+01
  -4.0591191e+01
  -4.0569332e+01
  -4.0566213e+01
  -4.0606024e+01
  -4.0686273e+01
  -4.0789486e+01
  -4.0893309e+01
  -4.0972814e+01
  -4.1001438e+01
  -4.0961956e+01
  -4.0874758e+01
  -4.0800576e+01
  -4.0780283e+01
  -4.0806437e+01
  -4.0849580e+01
  -4.0878821e+01
  -4.0871500e+01
  -4.0827050e+01
  -4.0776353e+01
  -4.0757737e+01
  -4.0783200e+01
  -4.0838957e+01
  -4.0901324e+01
  -4.0945809e+01
  -4.0953430e+01
  -4.0922832e+01
  -4.0880715e+01
  -4.0864657e+01
  -4.0891328e+01
  -4.0952367e+01
  -4.1028557e+01
  -4.1099353e+01
  -4.1147156e+01
  -4.1162689e+01
  -4.1152794e+01
  -4.1140421e+01
  -4.1148048e+01
  -4.1181578e+01
  -4.1231138e+01
  -4.1279871e+01
  -4.1311451e+01
  -4.1317463e+01
  -4.1305204e+01
  -4.1296746e+01
  -4.1313134e+01
  -4.1360308e+01
  -4.1430351e+01
  -4.1509243e+01
  -4.1582365e+01
  -4.1637975e+01
  -4.1671090e+01
  -4.1687126e+01
  -4.1700066e+01
  -4.1722810e+01
  -4.1757966e+01
  -4.1796575e+01
  -4.1822067e+01
  -4.1816027e+01
  -4.1768319e+01
  -4.1691473e+01
  -4.1619603e+01
  -4.1579613e+01
  -4.1572210e+01
  -4.1581159e+01
  -4.1587869e+01
  -4.1580963e+01
  -4.1562477e+01
  -4.1547002e+01
  -4.1550300e+01
  -4.1577633e+01
  -4.1622519e+01
  -4.1672004e+01
  -4.1711873e+01
  -4.1731173e+01
  -4.1727518e+01
  -4.1710704e+01
  -4.1697955e+01
  -4.1701891e+01
  -4.1723517e+01
  -4.1754931e+01
  -4.1785581e+01
  -4.1807669e+01
  -4.1820005e+01
  -4.1828857e+01
  -4.1843930e+01
  -4.1871812e+01
  -4.1912416e+01
  -4.1960149e+01
  -4.2007272e+01
  -4.2047355e+01
  -4.2078148e+01
  -4.2102966e+01
  -4.2129049e+01
  -4.2163220e+01
  -4.2208056e+01
  -4.2261148e+01
  -4.2316902e+01
  -4.2369098e+01
  -4.2413312e+01
  -4.2448828e+01
  -4.2479255e+01
  -4.2511010e+01
  -4.2550291e+01
  -4.2600704e+01
  -4.2662997e+01
  -4.2736323e+01
  -4.2819660e+01
  -4.2912566e+01
  -4.3015133e+01
  -4.3127467e+01
  -4.3249108e+01
  -4.3378706e+01
  -4.3514009e+01
  -4.3652091e+01
  -4.3789691e+01
  -4.3923604e+01
  -4.4051113e+01
  -4.4170407e+01
  -4.4280874e+01
  -4.4383059e+01
  -4.4478139e+01
  -4.4567026e+01
  -4.4649545e+01
  -4.4724199e+01
  -4.4788892e+01
  -4.4842573e+01
  -4.4887182e+01
  -4.4928466e+01
  -4.4974239e+01
  -4.5030722e+01
  -4.5099706e+01
  -4.5178220e+01
  -4.5260036e+01
  -4.5337713e+01
  -4.5404783e+01
  -4.5458162e+01
  -4.5500087e+01
  -4.5537607e+01
  -4.5578504e+01
  -4.5626161e+01
  -4.5677223e+01
  -4.5722826e+01
  -4.5752106e+01
  -4.5757757e+01
  -4.5742871e+01
  -4.5722782e+01
  -4.5714920e+01
  -4.5725046e+01
  -4.5743967e+01
  -4.5753516e+01
  -4.5736227e+01
  -4.5689675e+01
  -4.5637661e+01
  -4.5614298e+01
  -4.5632449e+01
  -4.5676112e+01
  -4.5707118e+01
  -4.5660454e+01
  -4.5450692e+01
  -4.5137329e+01
  -4.4970440e+01
  -4.4982382e+01
  -4.5090997e+01
  -4.5240876e+01
  -4.5399324e+01
  -4.5541335e+01
  -4.5641803e+01
  -4.5676372e+01
  -4.5641135e+01
  -4.5582569e+01
  -4.5568132e+01
  -4.5620275e+01
  -4.5720600e+01
  -4.5840704e+01
  -4.5952861e+01
  -4.6029953e+01
  -4.6048821e+01
  -4.6008473e+01
  -4.5949956e+01
  -4.5925390e+01
  -4.5946697e+01
  -4.5989020e+01
  -4.6014273e+01
  -4.5987246e+01
  -4.5905105e+01
  -4.5825850e+01
  -4.5814045e+01
  -4.5876517e+01
  -4.5983917e+01
  -4.6098868e+01
  -4.6176619e+01
  -4.6155241e+01
  -4.5986761e+01
  -4.5780635e+01
  -4.5710704e+01
  -4.5772205e+01
  -4.5897486e+01
  -4.6030225e+01
  -4.6110629e+01
  -4.6043786e+01
  -4.5756563e+01
  -4.5495007e+01
  -4.5459633e+01
  -4.5559986e+01
  -4.5708128e+01
  -4.5848703e+01
  -4.5927908e+01
  -4.5879901e+01
  -4.5698447e+01
  -4.5553731e+01
  -4.5558465e+01
  -4.5666891e+01
  -4.5815207e+01
  -4.5950934e+01
  -4.6013747e+01
  -4.5930552e+01
  -4.5732911e+01
  -4.5637423e+01
  -4.5714871e+01
  -4.5902467e+01
  -4.6149876e+01
  -4.6431087e+01
  -4.6733218e+01
  -4.7050770e+01
  -4.7386004e+01
  -4.7768316e+01
  -4.8739128e+01
  -5.1097123e+01
  -5.1499436e+01
  -5.1781664e+01
  -5.1995204e+01
  -5.2122362e+01
  -5.2135799e+01
  -5.2060237e+01
  -5.2005671e+01
  -5.2040706e+01
  -5.2144878e+01
  -5.2274471e+01
  -5.2388998e+01
  -5.2452064e+01
  -5.2444236e+01
  -5.2399148e+01
  -5.2393011e+01
  -5.2462828e+01
  -5.2592706e+01
  -5.2750944e+01
  -5.2904885e+01
  -5.3018429e+01
  -5.3051524e+01
  -5.2992765e+01
  -5.2921835e+01
  -5.2940463e+01
  -5.3059819e+01
  -5.3244481e+01
  -5.3460071e+01
  -5.3676831e+01
  -5.3857825e+01
  -5.3934704e+01
  -5.3788716e+01
  -5.3488852e+01
  -5.3399930e+01
  -5.3524110e+01
  -5.3748707e+01
  -5.4014525e+01
  -5.4285096e+01
  -5.4504035e+01
  -5.4374000e+01
  -5.3107892e+01
  -5.3049906e+01
  -5.3303850e+01
  -5.3621049e+01
  -5.3957361e+01
  -5.4291643e+01
  -5.4578396e+01
  -5.3902328e+01
  -5.2570737e+01
  -5.2847700e+01
  -5.3194622e+01
  -5.3556478e+01
  -5.3919799e+01
  -5.4275002e+01
  -5.4605919e+01
  -5.4866109e+01
  -5.4841261e+01
  -5.3978288e+01
  -5.3776242e+01
  -5.4004201e+01
  -5.4329557e+01
  -5.4683925e+01
  -5.5036865e+01
  -5.5330561e+01
  -5.4890072e+01
  -5.3598902e+01
  -5.3855599e+01
  -5.4236496e+01
  -5.4652048e+01
  -5.5087004e+01
  -5.5539519e+01
  -5.6015544e+01
  -5.6536526e+01
  -5.7188424e+01
  -5.8483693e+01
  -6.0130305e+01
  -6.0891624e+01
  -6.1470147e+01
  -6.2013994e+01
  -6.2570873e+01
  -6.3192291e+01
  -6.4002581e+01
  -6.5207028e+01
  -6.6340893e+01
  -6.7095815e+01
  -6.7690376e+01
  -6.8227357e+01
  -6.8750723e+01
  -6.9305607e+01
  -7.0070919e+01
  -7.2117459e+01
  -7.3189604e+01
  -7.3759691e+01
  -7.4246834e+01
  -7.4707664e+01
  -7.5160054e+01
  -7.5617519e+01
  -7.6110110e+01
  -7.6827235e+01
  -7.9207767e+01
  -8.0031344e+01
  -8.0507727e+01
  -8.0919253e+01
  -8.1293291e+01
  -8.1621129e+01
  -8.1853130e+01
  -8.1793831e+01
  -8.1182456e+01
  -8.0983649e+01
  -8.1156631e+01
  -8.1437256e+01
  -8.1751760e+01
  -8.2070942e+01
  -8.2368564e+01
  -8.2576202e+01
  -8.2235872e+01
  -8.1138242e+01
  -8.1185038e+01
  -8.1442162e+01
  -8.1740573e+01
  -8.2038385e+01
  -8.2295371e+01
  -8.2343643e+01
  -8.1035717e+01
  -8.0727201e+01
  -8.0917301e+01
  -8.1167878e+01
  -8.1415583e+01
  -8.1628772e+01
  -8.1770291e+01
  -8.1789709e+01
  -8.1674577e+01
  -8.1553993e+01
  -8.1551279e+01
  -8.1647703e+01
  -8.1788631e+01
  -8.1931771e+01
  -8.2044310e+01
  -8.2101720e+01
  -8.2103479e+01
  -8.2091341e+01
  -8.2119316e+01
  -8.2204958e+01
  -8.2333747e+01
  -8.2482848e+01
  -8.2631070e+01
  -8.2760670e+01
  -8.2859720e+01
  -8.2928444e+01
  -8.2984364e+01
  -8.3053796e+01
  -8.3153407e+01
  -8.3282947e+01
  -8.3431129e+01
  -8.3582249e+01
  -8.3719048e+01
  -8.3824494e+01
  -8.3887305e+01
  -8.3913819e+01
  -8.3933850e+01
  -8.3980569e+01
  -8.4064951e+01
  -8.4175509e+01
  -8.4289427e+01
  -8.4378035e+01
  -8.4410134e+01
  -8.4370297e+01
  -8.4297823e+01
  -8.4270334e+01
  -8.4320891e+01
  -8.4431722e+01
  -8.4572819e+01
  -8.4716986e+01
  -8.4840316e+01
  -8.4923453e+01
  -8.4961895e+01
  -8.4980718e+01
  -8.5023655e+01
  -8.5116153e+01
  -8.5253903e+01
  -8.5416991e+01
  -8.5578820e+01
  -8.5703208e+01
  -8.5736445e+01
  -8.5633600e+01
  -8.5490297e+01
  -8.5490728e+01
  -8.5682877e+01
  -8.6366304e+01
  -8.8753572e+01
  -8.9231381e+01
  -8.9581118e+01
  -8.9910723e+01
  -9.0232402e+01
  -9.0545556e+01
  -9.0844019e+01
  -9.1113460e+01
  -9.1317963e+01
  -9.1349162e+01
  -9.0953571e+01
  -9.0519061e+01
  -9.0515143e+01
  -9.0689114e+01
  -9.0917857e+01
  -9.1153570e+01
  -9.1362308e+01
  -9.1495814e+01
  -9.1464689e+01
  -9.1211339e+01
  -9.0996800e+01
  -9.1000771e+01
  -9.1130377e+01
  -9.1299860e+01
  -9.1448953e+01
  -9.1499972e+01
  -9.1324619e+01
  -9.0972310e+01
  -9.0822332e+01
  -9.0880099e+01
  -9.1019547e+01
  -9.1165773e+01
  -9.1259465e+01
  -9.1234360e+01
  -9.1078098e+01
  -9.0950723e+01
  -9.0975072e+01
  -9.1116560e+01
  -9.1320728e+01
  -9.1553299e+01
  -9.1791701e+01
  -9.2014758e+01
  -9.2190568e+01
  -9.2250160e+01
  -9.2044912e+01
  -9.1607098e+01
  -9.1397397e+01
  -9.1389397e+01
  -9.1411995e+01
  -9.1343887e+01
  -9.1115149e+01
  -9.0870221e+01
  -9.0787273e+01
  -9.0830288e+01
  -9.0926591e+01
  -9.1033968e+01
  -9.1134914e+01
  -9.1232365e+01
  -9.1344049e+01
  -9.1489261e+01
  -9.1677996e+01
  -9.1911544e+01
  -9.2189991e+01
  -9.2523186e+01
  -9.2962858e+01
  -9.3806421e+01
  -9.5408571e+01
  -9.6159988e+01
  -9.6593360e+01
  -9.6939723e+01
  -9.7237839e+01
  -9.7486113e+01
  -9.7658553e+01
  -9.7697670e+01
  -9.7548567e+01
  -9.7345447e+01
  -9.7294075e+01
  -9.7376031e+01
  -9.7515839e+01
  -9.7662059e+01
  -9.7777164e+01
  -9.7831275e+01
  -9.7819623e+01
  -9.7790853e+01
  -9.7812698e+01
  -9.7906205e+01
  -9.8053746e+01
  -9.8230416e+01
  -9.8414503e+01
  -9.8586907e+01
  -9.8729353e+01
  -9.8826179e+01
  -9.8874278e+01
  -9.8896720e+01
  -9.8934014e+01
  -9.9010965e+01
  -9.9124092e+01
  -9.9253685e+01
  -9.9373621e+01
  -9.9453896e+01
  -9.9467399e+01
  -9.9418867e+01
  -9.9371331e+01
  -9.9389184e+01
  -9.9478871e+01
  -9.9613560e+01
  -9.9761815e+01
  -9.9891988e+01
  -9.9968933e+01
  -9.9961737e+01
  -9.9887144e+01
  -9.9834737e+01
  -9.9868870e+01
  -9.9978383e+01
  -1.0012567e+02
  -1.0027162e+02
  -1.0037079e+02
  -1.0036360e+02
  -1.0022306e+02
  -1.0007936e+02
  -1.0007434e+02
  -1.0018991e+02
  -1.0036723e+02
  -1.0056045e+02
  -1.0072465e+02
  -1.0078696e+02
  -1.0062544e+02
  -1.0031252e+02
  -1.0021383e+02
  -1.0032555e+02
  -1.0053330e+02
  -1.0077647e+02
  -1.0101737e+02
  -1.0121045e+02
  -1.0125589e+02
  -1.0096800e+02
  -1.0062096e+02
  -1.0063169e+02
  -1.0083650e+02
  -1.0111826e+02
  -1.0142916e+02
  -1.0173370e+02
  -1.0192794e+02
  -1.0080600e+02
  -1.0027151e+02
  -1.0056496e+02
  -1.0096581e+02
  -1.0141869e+02
  -1.0192035e+02
  -1.0248238e+02
  -1.0312179e+02
  -1.0384190e+02
  -1.0460384e+02
  -1.0534759e+02
  -1.0605986e+02
  -1.0679921e+02
  -1.0773841e+02
  -1.0906092e+02
  -1.1012997e+02
  -1.1083813e+02
  -1.1140976e+02
  -1.1192983e+02
  -1.1243539e+02
  -1.1296290e+02
  -1.1363823e+02
  -1.1554247e+02
  -1.1684193e+02
  -1.1742218e+02
  -1.1790448e+02
  -1.1835619e+02
  -1.1879307e+02
  -1.1921913e+02
  -1.1963177e+02
  -1.2001604e+02
  -1.2030207e+02
  -1.1987782e+02
  -1.1895270e+02
  -1.1919514e+02
  -1.1962577e+02
  -1.2013274e+02
  -1.2070749e+02
  -1.2136191e+02
  -1.2210117e+02
  -1.2289075e+02
  -1.2366484e+02
  -1.2439090e+02
  -1.2508603e+02
  -1.2579182e+02
  -1.2656540e+02
  -1.2746862e+02
  -1.2847445e+02
  -1.2942158e+02
  -1.3025238e+02
  -1.3102358e+02
  -1.3178874e+02
  -1.3256477e+02
  -1.3332796e+02
  -1.3404085e+02
  -1.3468774e+02
  -1.3527538e+02
  -1.3581693e+02
  -1.3632250e+02
  -1.3679449e+02
  -1.3721358e+02
  -1.3736687e+02
  -1.3564666e+02
  -1.3584168e+02
  -1.3626019e+02
  -1.3672889e+02
  -1.3723782e+02
  -1.3780859e+02
  -1.3850176e+02
  -1.3942276e+02
  -1.4048346e+02
  -1.4134742e+02
  -1.4201646e+02
  -1.4259419e+02
  -1.4313591e+02
  -1.4367244e+02
  -1.4423287e+02
  -1.4487256e+02
  -1.4576918e+02
  -1.4723990e+02
  -1.4842362e+02
  -1.4924016e+02
  -1.5001817e+02
  -1.5087858e+02
  -1.5179515e+02
  -1.5262165e+02
  -1.5330868e+02
  -1.5389743e+02
  -1.5442759e+02
  -1.5492189e+02
  -1.5539177e+02
  -1.5584146e+02
  -1.5626796e+02
  -1.5665364e+02
  -1.5692630e+02
  -1.5670402e+02
  -1.5598269e+02
  -1.5609519e+02
  -1.5646469e+02
  -1.5691403e+02
  -1.5740492e+02
  -1.5792599e+02
  -1.5847416e+02
  -1.5905374e+02
  -1.5969191e+02
  -1.6054517e+02
  -1.6236122e+02
  -1.6360239e+02
  -1.6426391e+02
  -1.6479670e+02
  -1.6527224e+02
  -1.6570640e+02
  -1.6609832e+02
  -1.6643348e+02
  -1.6667412e+02
  -1.6674532e+02
  -1.6662082e+02
  -1.6654124e+02
  -1.6665868e+02
  -1.6690345e+02
  -1.6721095e+02
  -1.6754935e+02
  -1.6790244e+02
  -1.6825783e+02
  -1.6855585e+02
  -1.6593229e+02
  -1.6626913e+02
  -1.6662306e+02
  -1.6696987e+02
  -1.6729782e+02
  -1.6758743e+02
  -1.6779376e+02
  -1.6780440e+02
  -1.6750858e+02
  -1.6730202e+02
  -1.6739313e+02
  -1.6762978e+02
  -1.6792702e+02
  -1.6824983e+02
  -1.6857911e+02
  -1.6889532e+02
  -1.6915109e+02
  -1.6907180e+02
  -1.6784317e+02
  -1.6777819e+02
  -1.6804469e+02
  -1.6837595e+02
  -1.6872570e+02
  -1.6907202e+02
  -1.6936926e+02
  -1.6903440e+02
  -1.6752676e+02
  -1.6778407e+02
  -1.6816474e+02
  -1.6859355e+02
  -1.6908017e+02
  -1.6969686e+02
  -1.7070352e+02
  -1.7204073e+02
  -1.7286681e+02
  -1.7343289e+02
  -1.7391541e+02
  -1.7436656e+02
  -1.7480983e+02
  -1.7528106e+02
  -1.7696098e+02
  -1.7899408e+02
  -1.7945526e+02
  -1.7987260e+02
  -1.8027727e+02
  -1.8067525e+02
  -1.8106784e+02
  -1.8145366e+02
  -1.8182488e+02
  -1.8210902e+02
  -1.7967448e+02
  -1.7995271e+02
  -1.8031074e+02
  -1.8067342e+02
  -1.8102610e+02
  -1.8134755e+02
  -1.8154910e+02
  -1.8067769e+02
  -1.7990347e+02
  -1.8010635e+02
  -1.8041230e+02
  -1.8073505e+02
  -1.8104241e+02
  -1.8128067e+02
  -1.8118687e+02
  -1.8012255e+02
  -1.7999103e+02
  -1.8021983e+02
  -1.8052052e+02
  -1.8083623e+02
  -1.8113498e+02
  -1.8133756e+02
  -1.8066353e+02
  -1.7965488e+02
  -1.7981806e+02
  -1.8010414e+02
  -1.8041233e+02
  -1.8071495e+02
  -1.8098996e+02
  -1.8119911e+02
  -1.8125084e+02
  -1.8099380e+02
  -1.8067919e+02
  -1.8066946e+02
  -1.8083502e+02
  -1.8106481e+02
  -1.8130921e+02
  -1.8153719e+02
  -1.8171713e+02
  -1.8181033e+02
  -1.8179611e+02
  -1.8174416e+02
  -1.8177217e+02
  -1.8190595e+02
  -1.8211089e+02
  -1.8235197e+02
  -1.8260252e+02
  -1.8283743e+02
  -1.8302357e+02
  -1.8311110e+02
  -1.8306082e+02
  -1.8296499e+02
  -1.8298881e+02
  -1.8314799e+02
  -1.8338921e+02
  -1.8367044e+02
  -1.8396026e+02
  -1.8421838e+02
  -1.8434387e+02
  -1.8404165e+02
  -1.8359395e+02
  -1.8367367e+02
  -1.8398400e+02
  -1.8438611e+02
  -1.8484083e+02
  -1.8533614e+02
  -1.8587047e+02
  -1.8645170e+02
  -1.8711231e+02
  -1.8798777e+02
  -1.8945315e+02
  -1.9072753e+02
  -1.9149018e+02
  -1.9208851e+02
  -1.9261897e+02
  -1.9310947e+02
  -1.9356845e+02
  -1.9399309e+02
  -1.9436066e+02
  -1.9456365e+02
  -1.9398491e+02
  -1.9340858e+02
  -1.9360163e+02
  -1.9395060e+02
  -1.9434994e+02
  -1.9478114e+02
  -1.9525808e+02
  -1.9588512e+02
  -1.9759895e+02
  -1.9900230e+02
  -1.9958719e+02
  -2.0005974e+02
  -2.0049877e+02
  -2.0092192e+02
  -2.0133378e+02
  -2.0173271e+02
  -2.0210619e+02
  -2.0238137e+02
  -2.0104563e+02
  -2.0055204e+02
  -2.0086355e+02
  -2.0123696e+02
  -2.0162558e+02
  -2.0201744e+02
  -2.0240498e+02
  -2.0277511e+02
  -2.0307666e+02
  -2.0263914e+02
  -2.0134531e+02
  -2.0159614e+02
  -2.0197019e+02
  -2.0238087e+02
  -2.0282238e+02
  -2.0333836e+02
  -2.0467817e+02
  -2.0679753e+02
  -2.0736898e+02
  -2.0784468e+02
  -2.0830439e+02
  -2.0876795e+02
  -2.0925183e+02
  -2.0979056e+02
  -2.1050744e+02
  -2.1186533e+02
  -2.1317794e+02
  -2.1387933e+02
  -2.1441763e+02
  -2.1490791e+02
  -2.1538723e+02
  -2.1588835e+02
  -2.1654842e+02
  -2.1893489e+02
  -2.1990863e+02
  -2.2042380e+02
  -2.2087933e+02
  -2.2131492e+02
  -2.2174047e+02
  -2.2215901e+02
  -2.2256944e+02
  -2.2295049e+02
  -2.2034310e+02
  -2.2070401e+02
  -2.2110156e+02
  -2.2150025e+02
  -2.2189480e+02
  -2.2227871e+02
  -2.2262318e+02
  -2.2085230e+02
  -2.2045672e+02
  -2.2079755e+02
  -2.2115663e+02
  -2.2150946e+02
  -2.2184375e+02
  -2.2214213e+02
  -2.2236880e+02
  -2.2244280e+02
  -2.2226022e+02
  -2.2203440e+02
  -2.2205163e+02
  -2.2223002e+02
  -2.2247339e+02
  -2.2273252e+02
  -2.2297340e+02
  -2.2315676e+02
  -2.2322669e+02
  -2.2315355e+02
  -2.2306667e+02
  -2.2312061e+02
  -2.2330422e+02
  -2.2356264e+02
  -2.2385934e+02
  -2.2417022e+02
  -2.2446566e+02
  -2.2461336e+02
  -2.2287602e+02
  -2.2277101e+02
  -2.2306006e+02
  -2.2339511e+02
  -2.2373856e+02
  -2.2407464e+02
  -2.2438523e+02
  -2.2463182e+02
  -2.2470538e+02
  -2.2438874e+02
  -2.2407201e+02
  -2.2415599e+02
  -2.2442592e+02
  -2.2477472e+02
  -2.2516983e+02
  -2.2560605e+02
  -2.2609790e+02
  -2.2669782e+02
  -2.2756711e+02
  -2.2885627e+02
  -2.2997907e+02
  -2.3106893e+02
  -2.3276339e+02
  -2.3381949e+02
  -2.3444402e+02
  -2.3495207e+02
  -2.3541456e+02
  -2.3585400e+02
  -2.3627956e+02
  -2.3669531e+02
  -2.3710234e+02
  -2.3749716e+02
  -2.3784065e+02
  -2.3529954e+02
  -2.3561810e+02
  -2.3599088e+02
  -2.3636129e+02
  -2.3671530e+02
  -2.3702757e+02
  -2.3720446e+02
  -2.3671645e+02
  -2.3598385e+02
  -2.3609381e+02
  -2.3638825e+02
  -2.3673424e+02
  -2.3710054e+02
  -2.3747578e+02
  -2.3785298e+02
  -2.3821420e+02
  -2.3562622e+02
  -2.3592458e+02
  -2.3630506e+02
  -2.3669295e+02
  -2.3708332e+02
  -2.3747534e+02
  -2.3787023e+02
  -2.3827606e+02
  -2.3881461e+02
  -2.3574850e+02
  -2.3617253e+02
  -2.3654268e+02
  -2.3688233e+02
  -2.3717320e+02
  -2.3735317e+02
  -2.3724048e+02
  -2.3679914e+02
  -2.3669145e+02
  -2.3687031e+02
  -2.3715524e+02
  -2.3748237e+02
  -2.3782510e+02
  -2.3815914e+02
  -2.3833274e+02
  -2.3607652e+02
  -2.3633124e+02
  -2.3668926e+02
  -2.3706554e+02
  -2.3744838e+02
  -2.3783399e+02
  -2.3822027e+02
  -2.3860501e+02
  -2.3898265e+02
  -2.3929624e+02
  -2.3670221e+02
  -2.3704818e+02
  -2.3741502e+02
  -2.3777395e+02
  -2.3810672e+02
  -2.3836060e+02
  -2.3822778e+02
  -2.3714190e+02
  -2.3709714e+02
  -2.3735982e+02
  -2.3768637e+02
  -2.3803012e+02
  -2.3837205e+02
  -2.3869403e+02
  -2.3895903e+02
  -2.3904408e+02
  -2.3856457e+02
  -2.3811342e+02
  -2.3821040e+02
  -2.3847563e+02
  -2.3879019e+02
  -2.3911051e+02
  -2.3939105e+02
  -2.3946558e+02
  -2.3852356e+02
  -2.3818165e+02
  -2.3841620e+02
  -2.3876159e+02
  -2.3914739e+02
  -2.3955749e+02
  -2.3999160e+02
  -2.4046559e+02
  -2.4105477e+02
  -2.4233573e+02
  -2.4408064e+02
  -2.4476587e+02
  -2.4527714e+02
  -2.4574685e+02
  -2.4620473e+02
  -2.4666609e+02
  -2.4716154e+02
  -2.4814544e+02
  -2.5083787e+02
  -2.5137901e+02
  -2.5184318e+02
  -2.5229086e+02
  -2.5273207e+02
  -2.5316913e+02
  -2.5360106e+02
  -2.5402204e+02
  -2.5440844e+02
  -2.5457713e+02
  -2.5287655e+02
  -2.5300461e+02
  -2.5340974e+02
  -2.5386806e+02
  -2.5435744e+02
  -2.5487965e+02
  -2.5544923e+02
  -2.5609936e+02
  -2.5689219e+02
  -2.5786775e+02
  -2.5886171e+02
  -2.5969826e+02
  -2.6041349e+02
  -2.6107694e+02
  -2.6173318e+02
  -2.6241351e+02
  -2.6314502e+02
  -2.6394804e+02
  -2.6481880e+02
  -2.6572008e+02
  -2.6661809e+02
  -2.6751685e+02
  -2.6843502e+02
  -2.6936172e+02
  -2.7025250e+02
  -2.7107882e+02
  -2.7184831e+02
  -2.7258267e+02
  -2.7330040e+02
  -2.7401151e+02
  -2.7471754e+02
  -2.7541483e+02
  -2.7610005e+02
  -2.7677579e+02
  -2.7745446e+02
  -2.7816332e+02
  -2.7895320e+02
  -2.7988592e+02
  -2.8089961e+02
  -2.8178782e+02
  -2.8250875e+02
  -2.8312465e+02
  -2.8368189e+02
  -2.8420595e+02
  -2.8471339e+02
  -2.8522818e+02
  -2.8612901e+02
  -2.8910173e+02
  -2.8961293e+02
  -2.9007568e+02
  -2.9052420e+02
  -2.9096475e+02
  -2.9139918e+02
  -2.9182760e+02
  -2.9224813e+02
  -2.9265371e+02
  -2.9301211e+02
  -2.9284218e+02
  -2.9116082e+02
  -2.9145867e+02
  -2.9186162e+02
  -2.9229863e+02
  -2.9277809e+02
  -2.9342885e+02
  -2.9587946e+02
  -2.9682947e+02
  -2.9736291e+02
  -2.9785488e+02
  -2.9834929e+02
  -2.9886913e+02
  -2.9944559e+02
  -3.0013646e+02
  -3.0101417e+02
  -3.0198150e+02
  -3.0279281e+02
  -3.0343772e+02
  -3.0399434e+02
  -3.0451473e+02
  -3.0504585e+02
  -3.0577944e+02
  -3.0830765e+02
  -3.0911281e+02
  -3.0961066e+02
  -3.1005796e+02
  -3.1048560e+02
  -3.1090135e+02
  -3.1130565e+02
  -3.1168720e+02
  -3.1185885e+02
  -3.0956240e+02
  -3.0989505e+02
  -3.1028249e+02
  -3.1068252e+02
  -3.1109239e+02
  -3.1152064e+02
  -3.1200569e+02
  -3.1284930e+02
  -3.1505988e+02
  -3.1576782e+02
  -3.1621056e+02
  -3.1658892e+02
  -3.1692577e+02
  -3.1721322e+02
  -3.1741836e+02
  -3.1746577e+02
  -3.1728061e+02
  -3.1707034e+02
  -3.1706451e+02
  -3.1719140e+02
  -3.1735840e+02
  -3.1750490e+02
  -3.1758002e+02
  -3.1755705e+02
  -3.1749999e+02
  -3.1752368e+02
  -3.1765539e+02
  -3.1786190e+02
  -3.1810915e+02
  -3.1837198e+02
  -3.1862725e+02
  -3.1884127e+02
  -3.1893964e+02
  -3.1875673e+02
  -3.1836249e+02
  -3.1826407e+02
  -3.1839749e+02
  -3.1861305e+02
  -3.1883462e+02
  -3.1897957e+02
  -3.1882923e+02
  -3.1824178e+02
  -3.1808494e+02
  -3.1825906e+02
  -3.1854367e+02
  -3.1887405e+02
  -3.1922804e+02
  -3.1959637e+02
  -3.1997471e+02
  -3.2036124e+02
  -3.2075868e+02
  -3.1799996e+02
  -3.1841083e+02
  -3.1882697e+02
  -3.1925633e+02
  -3.1971004e+02
  -3.2021957e+02
  -3.2092327e+02
  -3.2255282e+02
  -3.2385177e+02
  -3.2450896e+02
  -3.2507020e+02
  -3.2564382e+02
  -3.2629631e+02
  -3.2710119e+02
  -3.2802765e+02
  -3.2885396e+02
  -3.2950465e+02
  -3.3004135e+02
  -3.3051214e+02
  -3.3093879e+02
  -3.3132628e+02
  -3.3166367e+02
  -3.3190802e+02
  -3.3192166e+02
  -3.3152205e+02
  -3.3128790e+02
  -3.3140653e+02
  -3.3165424e+02
  -3.3193281e+02
  -3.3217359e+02
  -3.3219219e+02
  -3.3140688e+02
  -3.3109634e+02
  -3.3130991e+02
  -3.3165582e+02
  -3.3206504e+02
  -3.3253701e+02
  -3.3312233e+02
  -3.3398829e+02
  -3.3520567e+02
  -3.3612120e+02
  -3.3673391e+02
  -3.3722838e+02
  -3.3766576e+02
  -3.3805612e+02
  -3.3835889e+02
  -3.3823404e+02
  -3.3708251e+02
  -3.3713806e+02
  -3.3746749e+02
  -3.3786502e+02
  -3.3830320e+02
  -3.3879368e+02
  -3.3940404e+02
  -3.4041838e+02
  -3.4188272e+02
  -3.4274079e+02
  -3.4331970e+02
  -3.4381775e+02
  -3.4428636e+02
  -3.4474407e+02
  -3.4520095e+02
  -3.4566796e+02
  -3.4617884e+02
  -3.4759622e+02
  -3.4994222e+02
  -3.5049406e+02
  -3.5100933e+02
  -3.5153817e+02
  -3.5210178e+02
  -3.5272181e+02
  -3.5341921e+02
  -3.5419139e+02
  -3.5498497e+02
  -3.5573551e+02
  -3.5642880e+02
  -3.5708902e+02
  -3.5774982e+02
  -3.5844411e+02
  -3.5919373e+02
  -3.5998304e+02
  -3.6075254e+02
  -3.6145759e+02
  -3.6210682e+02
  -3.6276548e+02
  -3.6397845e+02
  -3.6627058e+02
  -3.6693630e+02
  -3.6744186e+02
  -3.6790122e+02
  -3.6833331e+02
  -3.6873787e+02
  -3.6909306e+02
  -3.6926511e+02
  -3.6809788e+02
  -3.6776657e+02
  -3.6804006e+02
  -3.6839205e+02
  -3.6876102e+02
  -3.6912603e+02
  -3.6946619e+02
  -3.6973256e+02
  -3.6974366e+02
  -3.6915335e+02
  -3.6895403e+02
  -3.6919230e+02
  -3.6957232e+02
  -3.7002692e+02
  -3.7055001e+02
  -3.7116066e+02
  -3.7188400e+02
  -3.7269391e+02
  -3.7347917e+02
  -3.7416668e+02
  -3.7477055e+02
  -3.7532733e+02
  -3.7587150e+02
  -3.7645564e+02
  -3.7732114e+02
  -3.7940937e+02
  -3.8036477e+02
  -3.8094462e+02
  -3.8146067e+02
  -3.8196611e+02
  -3.8248636e+02
  -3.8305264e+02
  -3.8372972e+02
  -3.8464774e+02
  -3.8576033e+02
  -3.8664999e+02
  -3.8731034e+02
  -3.8786635e+02
  -3.8837650e+02
  -3.8886674e+02
  -3.8935240e+02
  -3.8985017e+02
  -3.9040521e+02
  -3.9145953e+02
  -3.9386478e+02
  -3.9455173e+02
  -3.9510034e+02
  -3.9563930e+02
  -3.9620165e+02
  -3.9681443e+02
  -3.9751142e+02
  -3.9832357e+02
  -3.9923274e+02
  -4.0016913e+02
  -4.0113423e+02
  -4.0220004e+02
  -4.0326110e+02
  -4.0411826e+02
  -4.0479620e+02
  -4.0537174e+02
  -4.0588793e+02
  -4.0636405e+02
  -4.0680507e+02
  -4.0720097e+02
  -4.0750762e+02
  -4.0756711e+02
  -4.0718173e+02
  -4.0709067e+02
  -4.0740309e+02
  -4.0789834e+02
  -4.0851594e+02
  -4.0922186e+02
  -4.0994668e+02
  -4.1061937e+02
  -4.1122031e+02
  -4.1176354e+02
  -4.1226722e+02
  -4.1274462e+02
  -4.1320433e+02
  -4.1365174e+02
  -4.1409042e+02
  -4.1138041e+02
  -4.1180729e+02
  -4.1222967e+02
  -4.1264785e+02
  -4.1306114e+02
  -4.1346687e+02
  -4.1385602e+02
  -4.1418462e+02
  -4.1355250e+02
  -4.1231780e+02
  -4.1263202e+02
  -4.1303048e+02
  -4.1345780e+02
  -4.1391002e+02
  -4.1440027e+02
  -4.1497231e+02
  -4.1577260e+02
  -4.1704746e+02
  -4.1812659e+02
  -4.1880493e+02
  -4.1934198e+02
  -4.1982718e+02
  -4.2029145e+02
  -4.2075133e+02
  -4.2123105e+02
  -4.2195466e+02
  -4.2492120e+02
  -4.2547547e+02
  -4.2593981e+02
  -4.2639239e+02
  -4.2684952e+02
  -4.2732684e+02
  -4.2786495e+02
  -4.2867283e+02
  -4.3056594e+02
  -4.3158154e+02
  -4.3215406e+02
  -4.3264099e+02
  -4.3309796e+02
  -4.3353764e+02
  -4.3395691e+02
  -4.3432818e+02
  -4.3451997e+02
  -4.3401925e+02
  -4.3377952e+02
  -4.3419918e+02
  -4.3485027e+02
  -4.3560952e+02
  -4.3637824e+02
  -4.3710360e+02
  -4.3779673e+02
  -4.3849646e+02
  -4.3924547e+02
  -4.4006323e+02
  -4.4089937e+02
  -4.4166620e+02
  -4.4233584e+02
  -4.4293015e+02
  -4.4347611e+02
  -4.4399347e+02
  -4.4449716e+02
  -4.4500499e+02
  -4.4557344e+02
  -4.4739204e+02
  -4.4920210e+02
  -4.4976162e+02
  -4.5025396e+02
  -4.5073400e+02
  -4.5121722e+02
  -4.5171544e+02
  -4.5224603e+02
  -4.5284379e+02
  -4.5358375e+02
  -4.5455577e+02
  -4.5557022e+02
  -4.5635717e+02
  -4.5697554e+02
  -4.5751131e+02
  -4.5800401e+02
  -4.5846812e+02
  -4.5889392e+02
  -4.5887685e+02
  -4.5689777e+02
  -4.5728850e+02
  -4.5773307e+02
  -4.5819667e+02
  -4.5867899e+02
  -4.5919009e+02
  -4.5975694e+02
  -4.6045651e+02
  -4.6149812e+02
  -4.6279068e+02
  -4.6369971e+02
  -4.6437344e+02
  -4.6497331e+02
  -4.6556146e+02
  -4.6617684e+02
  -4.6686975e+02
  -4.6773126e+02
  -4.6882586e+02
  -4.6989584e+02
  -4.7075312e+02
  -4.7149077e+02
  -4.7219254e+02
  -4.7290527e+02
  -4.7366166e+02
  -4.7448674e+02
  -4.7538293e+02
  -4.7630362e+02
  -4.7717717e+02
  -4.7796943e+02
  -4.7868631e+02
  -4.7934509e+02
  -4.7996149e+02
  -4.8054826e+02
  -4.8111702e+02
  -4.8168200e+02
  -4.8227126e+02
  -4.8298477e+02
  -4.8443656e+02
  -4.8603309e+02
  -4.8675153e+02
  -4.8729630e+02
  -4.8778481e+02
  -4.8824141e+02
  -4.8866769e+02
  -4.8904629e+02
  -4.8930552e+02
  -4.8912056e+02
  -4.8847875e+02
  -4.8853548e+02
  -4.8886430e+02
  -4.8928063e+02
  -4.8974689e+02
  -4.9026433e+02
  -4.9086451e+02
  -4.9163672e+02
  -4.9270065e+02
  -4.9377598e+02
  -4.9457209e+02
  -4.9520885e+02
  -4.9578385e+02
  -4.9634357e+02
  -4.9692337e+02
  -4.9758341e+02
  -4.9849836e+02
  -4.9986882e+02
  -5.0094196e+02
  -5.0165454e+02
  -5.0224636e+02
  -5.0279699e+02
  -5.0333742e+02
  -5.0388800e+02
  -5.0447443e+02
  -5.0514860e+02
  -5.0602802e+02
  -5.0717493e+02
  -5.0818459e+02
  -5.0892340e+02
  -5.0952997e+02
  -5.1007831e+02
  -5.1059958e+02
  -5.1111071e+02
  -5.1163126e+02
  -5.1228285e+02
  -5.0917011e+02
  -5.0978992e+02
  -5.1031263e+02
  -5.1083524e+02
  -5.1138620e+02
  -5.1201159e+02
  -5.1282990e+02
  -5.1399798e+02
  -5.1508199e+02
  -5.1582606e+02
  -5.1641260e+02
  -5.1693299e+02
  -5.1742050e+02
  -5.1788835e+02
  -5.1834099e+02
  -5.1877385e+02
  -5.1913430e+02
  -5.1698723e+02
  -5.1714490e+02
  -5.1755771e+02
  -5.1799735e+02
  -5.1845054e+02
  -5.1891922e+02
  -5.1941504e+02
  -5.1997351e+02
  -5.2073103e+02
  -5.2214353e+02
  -5.2340159e+02
  -5.2410083e+02
  -5.2465154e+02
  -5.2515786e+02
  -5.2565447e+02
  -5.2617149e+02
  -5.2682887e+02
  -5.2930113e+02
  -5.3032291e+02
  -5.3087624e+02
  -5.3138409e+02
  -5.3188969e+02
  -5.3241193e+02
  -5.3297215e+02
  -5.3360814e+02
  -5.3438790e+02
  -5.3535064e+02
  -5.3630834e+02
  -5.3708730e+02
  -5.3773558e+02
  -5.3832326e+02
  -5.3889709e+02
  -5.3951541e+02
  -5.4044429e+02
  -5.4258413e+02
  -5.4353667e+02
  -5.4414973e+02
  -5.4470324e+02
  -5.4524347e+02
  -5.4578712e+02
  -5.4634590e+02
  -5.4693520e+02
  -5.4758579e+02
  -5.4837483e+02
  -5.4946007e+02
  -5.5069295e+02
