368750 -16.997249 -7.992571
375000 -16.997249 -7.098324
381250 -18.635223 -7.037091
387500 -15.8906125 -7.151379
393750 -14.335812 -7.306972
400000 -13.656067 -7.482559
406250 -13.846329 -7.674541
412500 -15.156128 -7.879034
418750 -15.156128 -8.080138
425000 -15.156128 -8.183098
431250 -15.156128 -5.805323
437500 -19.0852247 -5.788512
443750 -15.057065 -5.933535
450000 -12.942184 -6.075279
456250 -11.862792 -6.196902
462500 -11.503923 -6.28858
468750 -11.69422 -6.332738
475000 -12.155864 -6.302501
481250 -12.30309 -6.195883
487500 -11.721391 -6.087662
493750 -10.850692 -6.050111
500000 -11.534141 -6.073321
506250 -10.17998 -6.120746
512500 -10.600611 -6.165305
518750 -11.534141 -6.185489
525000 -12.990883 -6.150985
531250 -14.817081 -6.004105
537500 -12.990883 -5.682054
543750 -15.16928 -5.316278
550000 -13.073622 -5.135805
556250 -11.37095 -5.118048
562500 -12.452726 -5.171086
568750 -12.452726 -5.230113
575000 -11.282429 -5.247866
581250 -12.452726 -5.181444
587500 -11.282429 -5.000731
593750 -11.282429 -4.749203
600000 -12.502775 -4.547824
606250 -11.224705 -4.449726
612500 -10.251576 -4.426244
618750 -10.776341 -4.436109
625000 -10.776341 -4.446415
631250 -10.159762 -4.431897
637500 -10.776341 -4.374002
643750 -11.372838 -4.265098
650000 -10.776341 -4.116995
656250 -11.596615 -3.960342
662500 -11.20772 -3.823854
668750 -10.733352 -3.715746
675000 -10.329681 -3.626266
681250 -10.033847 -3.538801
687500 -9.76223 -3.439802
693750 -9.353424 -3.328639
700000 -8.689621 -3.222307
706250 -7.81723 -3.143998
712500 -6.910268 -3.105267
718750 -6.14154600000001 -3.10262
725000 -5.619716 -3.125012
731250 -5.39621 -3.159861
737500 -5.485821 -3.194892
743750 -5.875771 -3.217949
750000 -6.52031299999999 -3.216731
756250 -7.324586 -3.17995
762500 -8.132464 -3.101636
768750 -8.758537 -2.988299
775000 -9.095342 -2.861118
781250 -9.209174 -2.743691
787500 -9.295204 -2.64505
793750 -9.552745 -2.554149
800000 -10.085197 -2.441285
806250 -9.552745 -2.260169
812500 -10.865617 -1.981328
818750 -9.613875 -1.688103
825000 -7.415351 -1.512949
831250 -5.23317599999999 -1.4665
837500 -3.49161299999999 -1.500195
843750 -2.257291 -1.574964
850000 -1.491924 -1.667233
856250 -1.143059 -1.762714
862500 -1.16763 -1.851328
868750 -1.531019 -1.923764
875000 -2.19168999999999 -1.969182
881250 -3.069743 -1.974447
887500 -4.00022999999999 -1.927297
893750 -4.713157 -1.827503
900000 -4.95322400000001 -1.700704
906250 -4.710406 -1.588886
912500 -4.223756 -1.518202
918750 -3.752122 -1.48855
925000 -3.447903 -1.486758
931250 -3.36656199999999 -1.497645
937500 -3.499605 -1.507957
943750 -3.793304 -1.507841
950000 -4.163745 -1.492598
956250 -4.524851 -1.464257
962500 -4.828382 -1.430599
968750 -5.089234 -1.400634
975000 -5.37406 -1.379418
981250 -5.767008 -1.365565
987500 -6.337925 -1.351281
993750 -7.115215 -1.323063
1000000 -8.046407 -1.263279
1006250 -8.944252 -1.157231
1012500 -9.503543 -1.010705
1018750 -8.745135 -0.861104999999998
1025000 -9.175562 -0.749582999999998
1031250 -8.745135 -0.687927999999999
1037500 -9.121061 -0.664604000000001
1043750 -9.121061 -0.662527999999998
1050000 -8.658342 -0.666730000000001
1056250 -9.121061 -0.665416999999998
1062500 -9.76506 -0.649837999999999
1068750 -10.515286 -0.614864000000001
1075000 -11.288962 -0.560074
1081250 -12.019831 -0.489879999999999
1087500 -12.680805 -0.411318000000001
1093750 -13.284996 -0.330463000000002
1100000 -13.864075 -0.250278999999999
1106250 -14.44539 -0.171243
1112500 -15.046947 -0.0934309999999989
1118750 -15.691208 -0.0176650000000009
1125000 -16.422975 0.0556860000000015
1131250 -17.312778 0.129881999999998
1137500 -18.437245 0.215430999999999
1143750 -19.831852 0.333341000000001
1150000 -21.384802 0.515810999999999
1156250 -22.651605 0.788358000000002
1162500 -21.384802 1.111461
1168750 -22.344211 1.382869
1175000 -21.483439 1.561621
1181250 -20.893174 1.678768
1187500 -20.993172 1.777412
1193750 -20.805906 1.890408
1200000 -20.993172 2.033921
1206250 -21.024598 2.201467
1212500 -20.81025 2.369286
1218750 -20.460285 2.518014
1225000 -20.152281 2.647332
1231250 -19.991632 2.772034
1237500 -19.955265 2.912083
1243750 -19.877498 3.081863
1250000 -19.504373 3.27595
1256250 -18.688631 3.463646
1262500 -17.549232 3.611379
1268750 -16.348844 3.707825
1275000 -15.29933 3.761484
1281250 -14.512374 3.787683
1287500 -14.029314 3.801904
1293750 -13.847997 3.818697
1300000 -13.927225 3.852168
1306250 -14.171837 3.915352
1312500 -14.029314 4.015941
1318750 -14.443591 4.147838
1325000 -14.120834 4.287241
1331250 -13.498447 4.405761
1337500 -12.765369 4.488984
1343750 -12.107969 4.539249
1350000 -11.643969 4.567712
1356250 -11.862188 4.588256
1362500 -11.862188 4.615022
1368750 -11.627086 4.66035
1375000 -11.862188 4.730658
1381250 -11.747741 4.821673
1387500 -11.747741 4.919565
1393750 -11.882606 5.010694
1400000 -11.747741 5.090456
1406250 -11.848321 5.163467
1412500 -11.713439 5.238878
1418750 -11.808348 5.32556
1425000 -11.713439 5.427659
1431250 -11.848321 5.540995
