0 -0.74042 0
6250 -0.699487000000001 0.00325670000000011
12500 -0.572762999999998 0.00386410000000037
18750 -0.347159000000001 -0.00170879999999984
25000 0.00415199999999771 -0.0195308999999999
31250 0.530447000000001 -0.0627281000000002
37500 1.300864 -0.1674512
43750 2.0765835 -0.4604022
50000 -1.9034845 -1.12483179
56250 -11.5275353 -0.1362212
62500 -5.5726084 0.3391184
68750 -2.9543986 0.3589332
75000 -1.1863083 0.3569404
81250 0.6091165 0.36830213
87500 3.1886625 0.44002929
93750 7.7787544 0.95307403
100000 -0.8316248 2.01759609
106250 -7.5713981 1.0811655
112500 -4.64680155 0.6205792
118750 -2.383614 0.5386161
125000 -0.7826705 0.5708176
131250 0.2300098 0.674246
137500 0.439617999999999 0.8170565
143750 -0.2621742 0.9418283
150000 -1.6557602 0.9974827
156250 -3.493966 0.965402499999999
162500 -5.8930973 0.8335751
168750 -10.0324113 0.526526499999999
175000 -20.8853691 -1.3274829
181250 -5.8731471 -3.3378982
187500 -3.1184047 -4.1791761
193750 -3.8557281 -4.6214871
200000 -5.0941125 -4.8818133
206250 -6.5073793 -5.0696335
212500 -8.1986055 -5.2230872
218750 -10.4057422 -5.3504048
225000 -13.5654253 -5.4289319
231250 -18.48448895 -5.3284919
237500 -22.7599199 -4.4930879
243750 -17.81299848 -3.8648577
250000 -13.9596787 -3.856946
256250 -11.9174338 -3.989124
262500 -11.033386 -4.158868
268750 -11.0207197 -4.338544
275000 -11.8370341 -4.516146
281250 -13.6912982 -4.668628
287500 -17.02726207 -4.693236
293750 -20.091983 -4.263903
300000 -17.38168293 -3.893454
306250 -14.9502412 -4.025052
312500 -14.3409033 -4.306168
318750 -14.8812419 -4.64397
325000 -16.0509325 -5.055911
331250 -17.2565944 -5.592455
337500 -17.5694193 -6.257651
343750 -16.7335805 -6.939142
350000 -16.0352615 -7.551384
356250 -16.997249 -8.068304
362500 -20.69842345 -8.37963
368750 -27.007844 -7.992571
375000 -23.45723785 -7.098324
381250 -18.635223 -7.037091
387500 -15.8906125 -7.151379
393750 -14.335812 -7.306972
400000 -13.656067 -7.482559
406250 -13.846329 -7.674541
412500 -15.156128 -7.879034
418750 -18.2960479 -8.080138
425000 -26.0539928 -8.183098
431250 -29.27412823 -5.805323
437500 -19.0852247 -5.788512
443750 -15.057065 -5.933535
450000 -12.942184 -6.075279
456250 -11.862792 -6.196902
462500 -11.503923 -6.28858
468750 -11.69422 -6.332738
475000 -12.155864 -6.302501
481250 -12.30309 -6.195883
487500 -11.721391 -6.087662
493750 -10.850692 -6.050111
500000 -10.269422 -6.073321
506250 -10.17998 -6.120746
512500 -10.600611 -6.165305
518750 -11.534141 -6.185489
525000 -12.990883 -6.150985
531250 -14.817081 -6.004105
537500 -16.05314 -5.682054
543750 -15.16928 -5.316278
550000 -13.073622 -5.135805
556250 -11.37095 -5.118048
562500 -10.531613 -5.171086
568750 -10.550154 -5.230113
575000 -11.282429 -5.247866
581250 -12.452726 -5.181444
587500 -13.473053 -5.000731
593750 -13.513437 -4.749203
600000 -12.502775 -4.547824
606250 -11.224705 -4.449726
612500 -10.251576 -4.426244
618750 -9.766752 -4.436109
625000 -9.767243 -4.446415
631250 -10.159762 -4.431897
637500 -10.776341 -4.374002
643750 -11.372838 -4.265098
650000 -11.687205 -4.116995
656250 -11.596615 -3.960342
662500 -11.20772 -3.823854
668750 -10.733352 -3.715746
675000 -10.329681 -3.626266
681250 -10.033847 -3.538801
687500 -9.76223 -3.439802
693750 -9.353424 -3.328639
700000 -8.689621 -3.222307
706250 -7.81723 -3.143998
712500 -6.910268 -3.105267
718750 -6.14154600000001 -3.10262
725000 -5.619716 -3.125012
731250 -5.39621 -3.159861
737500 -5.485821 -3.194892
743750 -5.875771 -3.217949
750000 -6.52031299999999 -3.216731
756250 -7.324586 -3.17995
762500 -8.132464 -3.101636
768750 -8.758537 -2.988299
775000 -9.095342 -2.861118
781250 -9.209174 -2.743691
787500 -9.295204 -2.64505
793750 -9.552745 -2.554149
800000 -10.085197 -2.441285
806250 -10.748612 -2.260169
812500 -10.865617 -1.981328
818750 -9.613875 -1.688103
825000 -7.415351 -1.512949
831250 -5.23317599999999 -1.4665
837500 -3.49161299999999 -1.500195
843750 -2.257291 -1.574964
850000 -1.491924 -1.667233
856250 -1.143059 -1.762714
862500 -1.16763 -1.851328
868750 -1.531019 -1.923764
875000 -2.19168999999999 -1.969182
881250 -3.069743 -1.974447
887500 -4.00022999999999 -1.927297
893750 -4.713157 -1.827503
900000 -4.95322400000001 -1.700704
906250 -4.710406 -1.588886
912500 -4.223756 -1.518202
918750 -3.752122 -1.48855
925000 -3.447903 -1.486758
931250 -3.36656199999999 -1.497645
937500 -3.499605 -1.507957
943750 -3.793304 -1.507841
950000 -4.163745 -1.492598
956250 -4.524851 -1.464257
962500 -4.828382 -1.430599
968750 -5.089234 -1.400634
975000 -5.37406 -1.379418
981250 -5.767008 -1.365565
987500 -6.337925 -1.351281
993750 -7.115215 -1.323063
1000000 -8.046407 -1.263279
1006250 -8.944252 -1.157231
1012500 -9.503543 -1.010705
1018750 -9.532296 -0.861104999999998
1025000 -9.175562 -0.749582999999998
1031250 -8.745135 -0.687927999999999
1037500 -8.465229 -0.664604000000001
1043750 -8.430976 -0.662527999999998
1050000 -8.658342 -0.666730000000001
1056250 -9.121061 -0.665416999999998
1062500 -9.76506 -0.649837999999999
1068750 -10.515286 -0.614864000000001
1075000 -11.288962 -0.560074
1081250 -12.019831 -0.489879999999999
1087500 -12.680805 -0.411318000000001
1093750 -13.284996 -0.330463000000002
1100000 -13.864075 -0.250278999999999
1106250 -14.44539 -0.171243
1112500 -15.046947 -0.0934309999999989
1118750 -15.691208 -0.0176650000000009
1125000 -16.422975 0.0556860000000015
1131250 -17.312778 0.129881999999998
1137500 -18.437245 0.215430999999999
1143750 -19.831852 0.333341000000001
1150000 -21.384802 0.515810999999999
1156250 -22.651605 0.788358000000002
1162500 -22.970149 1.111461
1168750 -22.344211 1.382869
1175000 -21.483439 1.561621
1181250 -20.893174 1.678768
1187500 -20.699179 1.777412
1193750 -20.805906 1.890408
1200000 -20.993172 2.033921
1206250 -21.024598 2.201467
1212500 -20.81025 2.369286
1218750 -20.460285 2.518014
1225000 -20.152281 2.647332
1231250 -19.991632 2.772034
1237500 -19.955265 2.912083
1243750 -19.877498 3.081863
1250000 -19.504373 3.27595
1256250 -18.688631 3.463646
1262500 -17.549232 3.611379
1268750 -16.348844 3.707825
1275000 -15.29933 3.761484
1281250 -14.512374 3.787683
1287500 -14.029314 3.801904
1293750 -13.847997 3.818697
1300000 -13.927225 3.852168
1306250 -14.171837 3.915352
1312500 -14.414674 4.015941
1318750 -14.443591 4.147838
1325000 -14.120834 4.287241
1331250 -13.498447 4.405761
1337500 -12.765369 4.488984
1343750 -12.107969 4.539249
1350000 -11.643969 4.567712
1356250 -11.423782 4.588256
1362500 -11.440262 4.615022
1368750 -11.627086 4.66035
1375000 -11.862188 4.730658
1381250 -12.010228 4.821673
1387500 -12.00341 4.919565
1393750 -11.882606 5.010694
1400000 -11.747741 5.090456
1406250 -11.682043 5.163467
1412500 -11.713439 5.238878
1418750 -11.808348 5.32556
1425000 -11.884014 5.427659
1431250 -11.848321 5.540995
1437500 -11.663743 5.654248
1443750 -11.380359 5.756785
1450000 -11.095027 5.846231
1456250 -10.881622 5.928819
1462500 -10.751062 6.014558
1468750 -10.647754 6.11155
1475000 -10.474562 6.22099
1481250 -10.148948 6.334734
1487500 -9.667597 6.439222
1493750 -9.117879 6.524787
1500000 -8.618654 6.592042
1506250 -8.24838 6.650693
1512500 -8.006356 6.713878
1518750 -7.810887 6.791368
1525000 -7.536619 6.883392
1531250 -7.092022 6.978929
1537500 -6.48735 7.062655
1543750 -5.82131 7.12555499999999
1550000 -5.206094 7.169038
1556250 -4.70816 7.201625
1562500 -4.330098 7.233672
1568750 -4.01784 7.272886
1575000 -3.684826 7.320806
1581250 -3.254952 7.371247
1587500 -2.710386 7.41291
1593750 -2.107463 7.435766
1600000 -1.544897 7.43639
1606250 -1.115159 7.418633
1612500 -0.873336999999999 7.390883
1618750 -0.829785000000001 7.36273
1625000 -0.957011999999999 7.342496
1631250 -1.201527 7.335748
1637500 -1.497036 7.344438
1643750 -1.7806 7.366478
1650000 -2.012768 7.396351
1656250 -2.19354 7.427463
1662500 -2.359195 7.4556
1668750 -2.556334 7.481164
1675000 -2.809765 7.508465
1681250 -3.105196 7.542627
1687500 -3.395713 7.58602
1693750 -3.628677 7.636153
1700000 -3.779685 7.686426
1706250 -3.872104 7.729684
1712500 -3.967206 7.762361
1718750 -4.132633 7.78644
1725000 -4.409947 7.808524
1731250 -4.795089 7.836978
1737500 -5.236626 7.878228
1743750 -5.65524 7.93331
1750000 -5.983987 7.996554
1756250 -6.209674 8.058414
1762500 -6.380506 8.111384
1768750 -6.570801 8.154284
1775000 -6.83341 8.191895
1781250 -7.172006 8.231038
1787500 -7.545525 8.275629
1793750 -7.904312 8.323414
1800000 -8.241011 8.366976
1806250 -8.620423 8.399404
1812500 -9.165568 8.4211
1818750 -10.011341 8.444851
1825000 -11.2272963 8.49992
1831250 -12.6432094 8.631981
1837500 -13.569767 8.866943
1843750 -13.2343043 9.121025
1850000 -12.0479469 9.269857
1856250 -10.9057085 9.300692
1862500 -10.24317 9.253587
1868750 -10.2180722 9.162102
1875000 -10.9527978 9.051377
1881250 -12.6439062 8.951052
1887500 -15.6315589 8.92385700000001
1893750 -20.0605332 9.172236
1900000 -21.2661547 9.94438
1906250 -17.46679207 10.318848
1912500 -14.7522883 10.326999
1918750 -13.4310643 10.22612
1925000 -13.2226432 10.090717
1931250 -14.0735941 9.954758
1937500 -16.14129626 9.859947
1943750 -19.710323 9.914575
1950000 -23.4049416 10.417402
1956250 -21.4460197 11.048696
1962500 -18.3280585 11.198653
1968750 -16.64324429 11.166934
1975000 -16.14684462 11.096423
1981250 -16.58161016 11.044514
1987500 -17.7211115 11.058162
1993750 -19.0713935 11.18541
2000000 -19.6762658 11.412356
2006250 -19.18482 11.608265
2012500 -18.4793946 11.6974
2018750 -18.3096863 11.718456
2025000 -18.9372845 11.738154
2031250 -20.3042598 11.839158
2037500 -21.5221235 12.120924
2043750 -20.6030404 12.489149
2050000 -18.1445904 12.654405
2056250 -16.0708141 12.615466
2062500 -14.9681695 12.463236
2068750 -14.9422641 12.245187
2075000 -16.1246949 11.971178
2081250 -18.9120542 11.597675
2087500 -23.8781 10.857905
2093750 -23.191011 9.377456
2100000 -17.2630292 8.639746
2106250 -13.5327645 8.22886200000001
2112500 -11.4218138 7.886797
2118750 -10.6080635 7.56444
2125000 -11.101537 7.258112
2131250 -13.2155024 6.986436
2137500 -18.1382004 6.825817
2143750 -28.2206994 7.873707
2150000 -17.0103377 8.803175
2156250 -11.3233152 8.658067
2162500 -8.1184364 8.416218
2168750 -6.2256275 8.139045
2175000 -5.36075178 7.842402
2181250 -5.55561853 7.54518
2187500 -7.133818 7.293161
2193750 -11.1130817 7.297722
2200000 -9.7873398 8.426677
2206250 4.28423 8.493132
2212500 13.8719517 6.011703
2218750 5.0046594 5.285917
2225000 1.7726536 4.899682
2231250 -0.0940446000000001 4.547023
2237500 -1.5149626 4.211721
2243750 -2.96555392 3.896668
2250000 -4.8529295 3.616579
2256250 -7.6046641 3.415439
2262500 -11.4798691 3.426558
2268750 -14.1211157 3.896572
2275000 -11.6509172 4.311049
2281250 -8.8031911 4.34801
2287500 -7.06109547 4.252027
2293750 -6.2301762 4.122484
2300000 -6.16095463 3.997588
2306250 -6.811457 3.909426
2312500 -8.09133382 3.912063
2318750 -9.3084978 4.085311
2325000 -8.7459771 4.373988
2331250 -6.49402946 4.521238
2337500 -4.2685158 4.486158
2343750 -2.7102115 4.348591
2350000 -1.8892781 4.159022
2356250 -1.8118366 3.943206
2362500 -2.5294289 3.71965299999999
2368750 -4.1459311 3.509967
2375000 -6.8262658 3.347222
2381250 -10.8442072 3.300414
2387500 -16.1520912 3.585017
2393750 -17.6317177 4.38587699999999
2400000 -14.5367376 4.774717
2406250 -12.5037138 4.850414
2412500 -11.694480844 4.854161
2418750 -11.758259464 4.86718
2425000 -12.37015569 4.937449
2431250 -13.0120168 5.09524
2437500 -13.02454599 5.312408
2443750 -12.305528374 5.50538899999999
2450000 -11.3654462 5.637024
2456250 -10.561575 5.730681
2462500 -9.9083578 5.816745
2468750 -9.2510666 5.907228
2475000 -8.4501485 5.992724
2481250 -7.5123371 6.054154
2487500 -6.5799438 6.080474
2493750 -5.8162212 6.075353
2500000 -5.3231709 6.052058
2506250 -5.1247037 6.026777
2512500 -5.1747577 6.01448
2518750 -5.3652691 6.025767
2525000 -5.5436859 6.062505
2531250 -5.5720617 6.113845
2537500 -5.419283 6.159881
2543750 -5.1909323 6.184582
2550000 -5.0518986 6.185455
2556250 -5.1338788 6.172374
2562500 -5.4942528 6.161934
2568750 -6.1026286 6.173076
2575000 -6.8210125 6.222319
2581250 -7.4007782 6.313301
2587500 -7.6018738 6.423903
2593750 -7.4207311 6.51502
2600000 -7.1075812 6.562482
2606250 -6.9426858 6.569228
2612500 -7.1012041 6.55329800000001
2618750 -7.6545802 6.537397
2625000 -8.5875693 6.546406
2631250 -9.7662641 6.606515
2637500 -10.8669204 6.734521
2643750 -11.4570616 6.909881
2650000 -11.4262847 7.072212
2656250 -11.1406606 7.18148
2662500 -11.0005425 7.246204
2668750 -11.1821002 7.29678
2675000 -11.6578367 7.364577
2681250 -12.2311487 7.472147
2687500 -12.5888458 7.619463
2693750 -12.5137328 7.774791
2700000 -12.1088131 7.89896
2706250 -11.672439 7.97933
2712500 -11.4420626 8.029324
2718750 -11.5132303 8.072509
2725000 -11.8501966 8.133385
2731250 -12.2847541 8.23094
2737500 -12.5395947 8.366469
2743750 -12.3955119 8.513154
2750000 -11.9083471 8.63332
2756250 -11.3430342 8.710305
2762500 -10.9385649 8.752612
2768750 -10.8110578 8.779683
2775000 -10.965927 8.81225
2781250 -11.314606 8.867923
2787500 -11.6839556 8.95575
2793750 -11.8730007 9.068455
2800000 -11.787567 9.18259999999999
2806250 -11.5230685 9.27538
2812500 -11.2722339 9.340911
2818750 -11.18623 9.389512
2825000 -11.314743 9.438817
2831250 -11.5983762 9.50602
2837500 -11.8818846 9.60021200000001
2843750 -11.980273 9.714366
2850000 -11.811001 9.826233
2856250 -11.465943 9.914266
2862500 -11.12542 9.971929
2868750 -10.938629 10.006674
2875000 -10.978397 10.032338
2881250 -11.242996 10.06365
2887500 -11.664478 10.112629
2893750 -12.124001 10.184513
2900000 -12.498796 10.273944
2906250 -12.7391725 10.366748
2912500 -12.9078979 10.449651
2918750 -13.1327322 10.519664
2925000 -13.525056 10.585547
2931250 -14.122603 10.663985
2937500 -14.8511129 10.773801
2943750 -15.504859 10.925694
2950000 -15.8272074 11.10762
2956250 -15.7315592 11.285684
2962500 -15.3934413 11.432862
2968750 -15.0584861 11.548074
2975000 -14.8648314 11.647126
2981250 -14.8139941 11.748357
2987500 -14.8044449 11.863235
2993750 -14.6983142 11.990177
3000000 -14.4230101 12.115263
3006250 -14.032152 12.223376
3012500 -13.655663 12.309622
3018750 -13.408366 12.380432
3025000 -13.34208 12.448313
3031250 -13.43686 12.526787
3037500 -13.604265 12.626096
3043750 -13.708325 12.748117
3050000 -13.629715 12.882878
3056250 -13.348886 13.013324
3062500 -12.956464 13.127221
3068750 -12.574522 13.223981
3075000 -12.279935 13.311764
3081250 -12.078834 13.401131
3087500 -11.916537 13.499675
3093750 -11.709232 13.608292
3100000 -11.393551 13.72051
3106250 -10.968876 13.826631
3112500 -10.49469 13.920309
3118750 -10.046786 14.002003
3125000 -9.673927 14.077612
3131250 -9.378637 14.154913
3137500 -9.119108 14.239972
3143750 -8.827041 14.334281
3150000 -8.44016 14.433494
3156250 -7.937764 14.529306
3162500 -7.353552 14.614052
3168750 -6.7541 14.68475
3175000 -6.202559 14.743927
3181250 -5.732083 14.797714
3187500 -5.336043 14.853023
3193750 -4.972217 14.914799
3200000 -4.579396 14.983879
3206250 -4.104136 15.056358
3212500 -3.526328 15.125325
3218750 -2.866285 15.184251
3225000 -2.168682 15.229708
3231250 -1.477956 15.261779
3237500 -0.822050999999998 15.282621
3243750 -0.209997999999999 15.29458
3250000 0.360459000000002 15.298906
3256250 0.891870999999998 15.295465
3262500 1.378591 15.283278
3268750 1.803726 15.261458
3275000 2.14143 15.230083
3281250 2.362899 15.190775
3287500 2.444324 15.146825
3293750 2.374833 15.102791
3300000 2.161838 15.063607
3306250 1.83117 15.033381
3312500 1.421064 15.014342
3318750 0.971461999999999 15.006311
3325000 0.511932999999999 15.006984
3331250 0.0525569999999966 15.013021
3337500 -0.417802000000002 15.021689
3343750 -0.923406 15.032396
3350000 -1.485212 15.047364
3356250 -2.102399 15.070807
3362500 -2.74191 15.106555
3368750 -3.346442 15.155066
3375000 -3.862838 15.211781
3381250 -4.274993 15.268635
3387500 -4.615801 15.318054
3393750 -4.950371 15.356435
3400000 -5.347381 15.385157
3406250 -5.856047 15.409597
3412500 -6.492214 15.437324
3418750 -7.231868 15.475787
3425000 -8.015541 15.529453
3431250 -8.77148 15.597302
3437500 -9.45479 15.672887
3443750 -10.076342 15.748263
3450000 -10.694443 15.819263
3456250 -11.376969 15.88815
3462500 -12.1615255 15.962746
3468750 -13.0269693 16.053198
3475000 -13.8824719 16.166546
3481250 -14.5989997 16.299845
3487500 -15.101192 16.438141
3493750 -15.4456461 16.56438
3500000 -15.7814378 16.672973
3506250 -16.2397587 16.772998
3512500 -16.8537635 16.882266
3518750 -17.5200593 17.017782
3525000 -18.0182729 17.181565
3531250 -18.1755875 17.349582
3537500 -18.0831935 17.487706
3543750 -18.0488959 17.583233
3550000 -18.3794377 17.652419
3556250 -19.273856 17.733688
3562500 -20.7248523 17.892285
3568750 -22.0283751 18.213866
3575000 -21.4873226 18.63921
3581250 -19.27337451 18.918587
3587500 -17.0656777 19.020017
3593750 -15.4756233 19.025955
3600000 -14.5467204 18.991889
3606250 -14.2189466 18.950282
3612500 -14.4175437 18.92559
3618750 -15.0270561 18.942172
3625000 -15.8043687 19.023641
3631250 -16.3079483 19.173406
3637500 -16.14405321 19.344919
3643750 -15.443409 19.471112
3650000 -14.6830591 19.530233
3656250 -14.2096859 19.541374
3662500 -14.1614709 19.533288
3668750 -14.5505101 19.533476
3675000 -15.29106552 19.568243
3681250 -16.1567446 19.659556
3687500 -16.7649541 19.807211
3693750 -16.8290166 19.969376
3700000 -16.5102296 20.093874
3706250 -16.2279903 20.169511
3712500 -16.270064 20.222367
3718750 -16.678795 20.291703
3725000 -17.2206151 20.413304
3731250 -17.3969039 20.5897
3737500 -16.8637366 20.761829
3743750 -15.9194739 20.863773
3750000 -15.1174274 20.887707
3756250 -14.8138049 20.862906
3762500 -15.1736282 20.827813
3768750 -16.2363829 20.829082
3775000 -17.7898036 20.930638
3781250 -18.9233015 21.181755
3787500 -18.4531687 21.473188
3793750 -17.014884 21.630362
3800000 -15.8425907 21.656897
3806250 -15.4109252 21.61953
3812500 -15.8483214 21.574331
3818750 -17.1898473 21.581542
3825000 -19.1569957 21.736852
3831250 -20.1487923 22.113911
3837500 -18.576451 22.466461
3843750 -16.3232254 22.592965
3850000 -14.7526591 22.582404
3856250 -14.0702435 22.521465
3862500 -14.2537713 22.465187
3868750 -15.2030924 22.468398
3875000 -16.4722081 22.599075
3881250 -16.8476865 22.865831
3887500 -15.6480028 23.100013
3893750 -14.0011426 23.188889
3900000 -12.8226108 23.176636
3906250 -12.3652129 23.124509
3912500 -12.6698717 23.082427
3918750 -13.6461615 23.109136
3925000 -14.7001844 23.277879
3931250 -14.3808434 23.559047
3937500 -12.4733716 23.738997
3943750 -10.4213447 23.749534
3950000 -8.9430584 23.654489
3956250 -8.1524836 23.503335
3962500 -8.0509937 23.319778
3968750 -8.6834108 23.113932
3975000 -10.203735 22.889138
3981250 -12.99396 22.642458
3987500 -18.1567675 22.345582
3993750 -31.4605324 21.459398
4000000 -22.2083517 19.187565
4006250 -16.5977728 18.874157
4012500 -14.3465422 18.683176
4018750 -13.6366555 18.561637
4025000 -13.829058 18.525483
4031250 -14.3019638 18.601286
4037500 -14.2037769 18.76528
4043750 -13.2311642 18.910005
4050000 -12.0233639 18.969884
4056250 -11.1614511 18.967458
4062500 -10.8268576 18.94659
4068750 -10.9790089 18.945905
4075000 -11.4126777 18.998567
4081250 -11.6945788 19.120401
4087500 -11.3217457 19.27488
4093750 -10.3038983 19.384596
4100000 -9.1721116 19.413572
4106250 -8.3779177 19.3806
4112500 -8.1158182 19.320846
4118750 -8.4195368 19.269351
4125000 -9.2052721 19.262473
4131250 -10.1738547 19.338386
4137500 -10.6501078 19.505292
4143750 -10.04495876 19.680191
4150000 -8.76501378 19.759208
4156250 -7.60092556 19.731207
4162500 -6.981291059 19.634065
4168750 -7.06488327 19.506128
4175000 -7.92290181 19.380922
4181250 -9.6151765 19.297457
4187500 -12.11870726 19.324038
4193750 -14.63317178 19.577875
4200000 -14.68970323 19.988017
4206250 -12.73194078 20.188236
4212500 -11.13057154 20.176025
4218750 -10.5012375 20.06468
4225000 -10.9285832 19.914333
4231250 -12.5848008 19.761906
4237500 -16.0472835 19.663217
4243750 -22.9833686 19.91402
4250000 -22.2965869 21.299355
4256250 -15.661548 21.473394
4262500 -12.4425532 21.332053
4268750 -11.1176998 21.125581
4275000 -11.272722 20.90113
4281250 -13.0577528 20.682977
4287500 -17.5864321 20.518323
4293750 -31.4624915 21.321849
4300000 -17.6796102 22.783491
4306250 -11.488919 22.635325
4312500 -8.2815888 22.41272
4318750 -6.6021259 22.170114
4325000 -6.0845601 21.924494
4331250 -6.6607834 21.692581
4337500 -8.4286599 21.498354
4343750 -11.7448158 21.393173
4350000 -17.349937 21.591634
4356250 -19.1429298 22.642958
4362500 -13.6528333 23.041484
4368750 -10.3656007 23.010127
4375000 -8.8176106 22.873371
4381250 -8.6827013 22.693189
4387500 -10.1735453 22.498128
4393750 -14.324665 22.351207
4400000 -25.116837 22.938757
4406250 -16.3265208 24.388998
4412500 -10.5220354 24.309186
4418750 -7.7487289 24.121269
4425000 -6.3661858 23.907758
4431250 -5.8751836 23.674216
4437500 -6.1371521 23.411843
4443750 -7.23759 23.104413
4450000 -9.528395 22.722896
4456250 -13.851976 22.180626
4462500 -20.42037 20.97512
4468750 -16.678973 19.416345
4475000 -12.607724 18.756572
4481250 -10.9216054 18.2987
4487500 -10.6551278 17.89047
4493750 -11.4725208 17.47526
4500000 -13.3810685 16.991753
4506250 -16.3849999 16.307313
4512500 -18.2361545 15.211829
4518750 -15.5973371 14.170427
4525000 -12.7333117 13.497277
4531250 -11.259735 12.982291
4537500 -11.1141116 12.529449
4543750 -12.2888139 12.097197
4550000 -15.1655308 11.639166
4556250 -21.1857542 10.974101
4562500 -24.6735732 9.030074
4568750 -16.8513125 8.063733
4575000 -12.9717579 7.605171
4581250 -11.0973223 7.23730399999999
4587500 -10.4797095 6.90348400000001
4593750 -10.9021336 6.583191
4600000 -12.461596 6.258118
4606250 -15.7353292 5.89248099999999
4612500 -22.9525171 5.291951
4618750 -24.7389527 3.015793
4625000 -16.3814144 2.28755
4631250 -12.8610194 1.905563
4637500 -11.4642497 1.597087
4643750 -11.471268 1.34121400000001
4650000 -12.6952972 1.14768600000001
4656250 -15.2720036 1.062488
4662500 -19.2836559 1.274699
4668750 -19.9123323 2.037682
4675000 -15.2923781 2.37959600000001
4681250 -11.8106566 2.335498
4687500 -9.7976312 2.16689699999999
4693750 -9.0224996 1.9495
4700000 -9.4673992 1.718946
4706250 -11.3333558 1.509609
4712500 -15.2905465 1.395663
4718750 -22.6840053 1.83613699999999
4725000 -18.8820229 3.03728599999999
4731250 -13.2704035 3.09243099999999
4737500 -10.5509343 2.93137800000001
4743750 -9.5775073 2.72162900000001
4750000 -10.1242015 2.507222
4756250 -12.522766 2.33318799999999
4762500 -18.2226058 2.372119
4768750 -21.7944284 3.773392
4775000 -13.2109539 4.179534
4781250 -8.7634298 4.086602
4787500 -6.279507 3.92701099999999
4793750 -5.0062177 3.75965100000001
4800000 -4.6988789 3.615163
4806250 -5.2097778 3.534235
4812500 -6.1468131 3.573939
4818750 -6.4914533 3.752774
4825000 -5.4229533 3.94379599999999
4831250 -3.666349 4.02129500000001
4837500 -2.1165102 3.998842
4843750 -1.0867827 3.925932
4850000 -0.6274092 3.84255900000001
4856250 -0.6692545 3.783895
4862500 -0.9782437 3.78081
4868750 -1.1255807 3.840744
4875000 -0.7439356 3.925645
4881250 0.1032633 3.980603
4887500 1.072875 3.983724
4893750 1.8909266 3.943979
4900000 2.4228779 3.879622
4906250 2.6260935 3.809915
4912500 2.5343567 3.75402299999999
4918750 2.2745546 3.727737
4925000 2.0566241 3.734826
4931250 2.0714042 3.759578
4937500 2.3474764 3.774468
4943750 2.7398572 3.759444
4950000 3.0492535 3.71100600000001
4956250 3.1133446 3.638323
4962500 2.834646 3.55801099999999
4968750 2.1958414 3.49114299999999
4975000 1.2860658 3.459492
4981250 0.3214885 3.47733100000001
4987500 -0.4048436 3.53799699999999
4993750 -0.7144403 3.60833
5000000 -0.7155896 3.65039399999999
5006250 -0.7028198 3.64919200000001
5012500 -0.9519141 3.61506199999999
5018750 -1.6285013 3.573762
5025000 -2.7544014 3.560095
5031250 -4.1408705 3.61154999999999
5037500 -5.3082844 3.746842
5043750 -5.7026145 3.92576700000001
5050000 -5.3221405 4.066436
5056250 -4.6762017 4.129846
5062500 -4.191938 4.12787700000001
5068750 -4.075619 4.08638400000001
5075000 -4.4053882 4.031678
5081250 -5.16456851 3.990736
5087500 -6.20508152 3.98876
5093750 -7.22515262 4.03595800000001
5100000 -7.91388436 4.110022
5106250 -8.23770857 4.16614399999999
5112500 -8.464404756 4.17497
5118750 -8.9148356 4.13597700000001
5125000 -9.83379074 4.06538500000001
5131250 -11.39971886 3.98901000000001
5137500 -13.71963115 3.94596899999999
5143750 -16.68247976 3.995572
5150000 -19.5525793 4.188363
5156250 -21.2808425 4.431769
5162500 -22.5919539 4.541225
5168750 -25.5467579 4.465746
5175000 -34.6046567 3.901629
5181250 -28.2389235 1.63247699999999
5187500 -20.2762047 1.26919100000001
5193750 -16.1429821 1.03009299999999
5200000 -13.7252854 0.809016999999997
5206250 -12.4371531 0.596687000000003
5212500 -12.0504396 0.396374999999992
5218750 -12.4852934 0.215481999999994
5225000 -13.7740463 0.0677459999999996
5231250 -16.0768094 -0.0129320000000064
5237500 -19.5739112 0.0792279999999863
5243750 -22.5152645 0.595511999999999
5250000 -20.2464742 1.147057
5256250 -17.0972495 1.264984
5262500 -15.2244932 1.204054
5268750 -14.4911223 1.09002700000001
5275000 -14.7174839 0.972816999999992
5281250 -15.8283114 0.887139000000005
5287500 -17.784801 0.880502000000007
5293750 -20.2478457 1.04042099999999
5300000 -21.5529159 1.422144
5306250 -20.3248715 1.76255200000001
5312500 -18.5448406 1.88072699999999
5318750 -17.5161734 1.86952700000001
5325000 -17.466795 1.81580600000001
5331250 -18.4347059 1.78152899999999
5337500 -20.3812033 1.845927
5343750 -22.5281565 2.138065
5350000 -22.2856774 2.60829500000001
5356250 -19.9131699 2.87631499999999
5362500 -17.8734243 2.93541
5368750 -16.7674663 2.91060899999999
5375000 -16.5753664 2.876431
5381250 -17.1631856 2.892529
5387500 -18.0865032 3.02594900000001
5393750 -18.1742712 3.289756
5400000 -16.6665974 3.52406400000001
5406250 -14.5992788 3.60544900000001
5412500 -12.9121636 3.567365
5418750 -11.8737895 3.46308999999999
5425000 -11.5346035 3.32626300000001
5431250 -11.9274421 3.179771
5437500 -13.1190719 3.046036
5443750 -15.2228635 2.958613
5450000 -18.3302434 2.987763
5456250 -21.7779833 3.28245700000001
5462500 -22.4988409 3.80977800000001
5468750 -20.8455554 4.107912
5475000 -19.808211 4.20242499999999
5481250 -19.9263326 4.26456499999999
5487500 -20.8543687 4.41698700000001
5493750 -21.353733 4.73172599999999
5500000 -20.0585024 5.0663
5506250 -17.919393 5.243515
5512500 -16.1171943 5.299102
5518750 -14.8841143 5.30454899999999
5525000 -14.1034616 5.300732
5531250 -13.5781909 5.30442500000001
5537500 -13.1248725 5.313011
5543750 -12.6649748 5.31000400000001
5550000 -12.2679271 5.27761700000001
5556250 -12.0944271 5.206749
5562500 -12.3245143 5.09572399999999
5568750 -13.155463 4.942605
5575000 -14.8805057 4.734527
5581250 -18.0839011 4.416225
5587500 -23.5734303 3.68714900000001
5593750 -22.3757709 2.19094000000001
5600000 -16.5296557 1.537674
5606250 -13.1249475 1.19802799999999
5612500 -11.3181742 0.945862000000005
5618750 -10.6364443 0.746833000000009
5625000 -10.8659153 0.604714000000001
5631250 -11.87865 0.544903000000005
5637500 -13.3928975 0.622157000000001
5643750 -14.3527159 0.887702999999988
5650000 -13.3317426 1.20400900000001
5656250 -11.1882036 1.36345
5662500 -9.3217663 1.384756
5668750 -8.13551 1.345786
5675000 -7.6189115 1.301345
5681250 -7.6198339 1.29168300000001
5687500 -7.8296904 1.347498
5693750 -7.7407801 1.47218099999999
5700000 -6.9298506 1.614124
5706250 -5.541043 1.702168
5712500 -4.06763789 1.712673
5718750 -2.8729459 1.662671
5725000 -2.1199202 1.57900599999999
5731250 -1.85074011 1.487251
5737500 -2.03063942 1.410574
5743750 -2.55274502 1.369657
5750000 -3.21883212 1.379991
5756250 -3.735671143 1.44224199999999
5762500 -3.8385662 1.52969
5768750 -3.52894568 1.598376
5775000 -3.0877399 1.62148500000001
5781250 -2.832393 1.602908
5787500 -2.96311226 1.565145
5793750 -3.5440812 1.53837900000001
5800000 -4.4906603 1.556074
5806250 -5.4991766 1.646821
5812500 -6.0382172 1.805093
5818750 -5.7751691 1.965519
5825000 -5.0219201 2.060946
5831250 -4.3133519 2.082739
5837500 -3.9756922 2.0568
5843750 -4.1404898 2.01497500000001
5850000 -4.822845 1.990112
5856250 -5.9025461 2.01851699999999
5862500 -6.9943584 2.131523
5868750 -7.4437831 2.311876
5875000 -7.003072 2.469133
5881250 -6.2322926 2.53859
5887500 -5.7410983 2.53227700000001
5893750 -5.8193913 2.49007
5900000 -6.5578228 2.45386999999999
5906250 -7.9150514 2.47117
5912500 -9.5575465 2.60169999999999
5918750 -10.4730339 2.87031999999999
5925000 -9.7373474 3.14278
5931250 -8.1676045 3.27197
5937500 -6.8399141 3.27072
5943750 -6.1782384 3.1942
5950000 -6.3518636 3.08807
5956250 -7.4841654 3.0016
5962500 -9.576779 3.01524000000001
5968750 -11.7826448 3.25790000000001
5975000 -11.5376656 3.65989999999999
5981250 -9.2648604 3.85312
5987500 -7.2742963 3.8351
5993750 -6.1361125 3.71272
6000000 -5.9206633 3.54120999999999
6006250 -6.7296397 3.35851
6012500 -8.734129 3.21785
6018750 -11.9778956 3.23110000000001
6025000 -14.8833567 3.59350999999999
6031250 -13.7788241 4.03332
6037500 -11.4287937 4.12926999999999
6043750 -10.0284804 4.03700000000001
6050000 -9.71866 3.86485999999999
6056250 -10.5784759 3.65365
6062500 -13.033777 3.43621
6068750 -18.5076024 3.32008999999999
6075000 -26.7703818 4.52012000000001
6081250 -17.0122082 5.14228999999999
6087500 -12.5165677 4.95114
6093750 -10.3160834 4.66583
6100000 -9.2878933 4.33523
6106250 -9.0192009 3.95335
6112500 -9.3039581 3.49883
6118750 -9.949416 2.94722
6125000 -10.659468 2.29404000000001
6131250 -11.173197 1.58654
6137500 -11.65202 0.900100000000009
6143750 -12.599734 0.261340000000004
6150000 -14.481128 -0.384250000000009
6156250 -17.300819 -1.21453
6162500 -17.706877 -2.42328999999999
6168750 -13.677747 -3.38565
6175000 -10.041802 -4.00439
6181250 -7.785845 -4.50823000000001
6187500 -6.909178 -4.97620999999999
6193750 -7.493816 -5.42977
6200000 -9.849696 -5.88905000000001
6206250 -15.142186 -6.47232
6212500 -21.315431 -8.26302
6218750 -12.339431 -9.43522
6225000 -7.4345 -9.88309
6231250 -4.657758 -10.23436
6237500 -3.133487 -10.559
6243750 -2.597199 -10.87089
6250000 -2.988439 -11.16908
6256250 -4.367544 -11.44597
6262500 -6.995943 -11.68465
6268750 -11.720215 -11.81752
6275000 -19.99284 -11.23845
6281250 -13.989031 -10.16492
6287500 -8.589861 -10.27342
6293750 -5.892474 -10.58935
6300000 -4.735261 -10.99839
6306250 -4.685454 -11.48076
6312500 -5.361383 -12.03336
6318750 -6.203975 -12.65132
6325000 -6.624485 -13.29921
6331250 -6.498524 -13.91759
6337500 -6.202724 -14.4839
6343750 -6.144243 -15.02621
6350000 -6.566681 -15.59603
6356250 -7.518548 -16.25671
6362500 -8.581771 -17.06881
6368750 -8.700525 -17.99464
6375000 -7.687201 -18.85731
6381250 -6.545608 -19.58748
6387500 -5.748091 -20.23895
6393750 -5.158478 -20.86939
6400000 -4.426211 -21.50269
6406250 -3.304223 -22.12177
6412500 -1.889016 -22.69367
6418750 -0.501403 -23.20433
6425000 0.572854 -23.65976
6431250 1.154772 -24.07183
6437500 1.104845 -24.45164
6443750 0.184099 -24.80817
6450000 -2.304473 -25.13785
6456250 -9.386546 -25.257
6462500 -7.049536 -23.59776
6468750 1.638858 -23.95256
6475000 4.425378 -24.52468
6481250 4.550164 -25.03697
6487500 3.417172 -25.484
6493750 1.511349 -25.9271
6500000 -0.984677000000001 -26.45609
6506250 -3.211838 -27.19289
6512500 -2.9023 -28.05724
6518750 -0.646569 -28.71484
6525000 1.373574 -29.16595
6531250 2.598486 -29.511
6537500 3.006394 -29.80261
6543750 2.590874 -30.07123
6550000 1.241992 -30.34911
6556250 -1.328092 -30.6991
6562500 -5.395554 -31.31113
6568750 -7.105732 -32.51934
6575000 -3.202367 -33.48216
6581250 -0.482185000000001 -34.13348
6587500 0.374599 -34.79454
6593750 0.223621000000001 -35.55042
6600000 0.507181000000003 -36.33684
6606250 1.691936 -36.99542
6612500 3.075908 -37.48616
6618750 4.230597 -37.86658
6625000 5.072655 -38.19311
6631250 5.581142 -38.50498
6637500 5.667645 -38.82966
6643750 5.106775 -39.18258
6650000 3.518879 -39.55544
6656250 0.456958 -39.90061
6662500 -4.589348 -40.10886
6668750 -11.592726 -39.78188
6675000 -10.178919 -38.92183
6681250 -6.019523 -38.87773
6687500 -3.650892 -39.09075
6693750 -2.312822 -39.40129
6700000 -1.705787 -39.78612
6706250 -1.856851 -40.23982
6712500 -2.955516 -40.746
6718750 -5.196174 -41.27785
6725000 -8.832601 -41.83575
6731250 -14.661833 -42.57021
6737500 -18.409947 -44.23893
6743750 -11.572012 -45.32035
6750000 -6.841418 -45.82729
6756250 -3.627253 -46.2286
6762500 -1.406047 -46.61136
6768750 -0.171301 -46.99553
6775000 -0.0877040000000022 -47.36002
6781250 -1.184526 -47.65198
6787500 -3.226375 -47.80715
6793750 -5.571408 -47.74963
6800000 -6.507779 -47.46711
6806250 -4.942832 -47.21811
6812500 -2.576559 -47.17303
6818750 -0.607942999999999 -47.28044
6825000 0.565628 -47.49124
6831250 0.575982 -47.77627
6837500 -1.100459 -48.09613
6843750 -5.357298 -48.39832
6850000 -17.138842 -48.59778
6856250 -11.89688 -45.83102
6862500 -4.282945 -45.99438
6868750 -0.686267000000001 -46.16177
6875000 1.474588 -46.32604
6881250 2.744522 -46.49271
6887500 3.169816 -46.6593
6893750 2.538052 -46.79212
6900000 0.817040000000002 -46.7713
6906250 0.102775000000001 -46.45395
6912500 2.554306 -46.20201
6918750 5.340487 -46.21526
6925000 7.37274 -46.35635
6931250 8.712311 -46.56548
6937500 9.346307 -46.8347
6943750 8.982952 -47.16318
6950000 7.051228 -47.52035
6956250 2.795103 -47.81358
6962500 -5.190218 -47.72967
6968750 -6.353735 -46.45176
6975000 -0.819803999999998 -46.31051
6981250 1.42516 -46.49159
6987500 1.845707 -46.73773
6993750 0.807057 -47.00189
7000000 -1.836195 -47.25445
7006250 -6.978165 -47.4423
7012500 -19.264252 -46.981
7018750 -10.937321 -45.33557
7025000 -5.210187 -45.45478
7031250 -2.681431 -45.71135
7037500 -1.808876 -46.04488
7043750 -2.45501 -46.47411
7050000 -4.969624 -47.06341
7056250 -8.845755 -48.04429
7062500 -7.922639 -49.32762
7068750 -4.424485 -50.0623
7075000 -2.225027 -50.50998
7081250 -1.135688 -50.86798
7087500 -1.003793 -51.21579
7093750 -2.197085 -51.61086
7100000 -6.392893 -52.11932
7106250 -24.433836 -53.9025
7112500 -7.211957 -56.01296
7118750 -2.923142 -56.46265
7125000 -1.472401 -56.79076
7131250 -1.187468 -57.06125
7137500 -1.647871 -57.30715
7143750 -2.842464 -57.54898
7150000 -5.059036 -57.79828
7156250 -9.141132 -58.05317
7162500 -18.706643 -58.23767
7168750 -19.362345 -55.70749
7175000 -11.139593 -55.87883
7181250 -8.435117 -56.10966
7187500 -7.729558 -56.32516
7193750 -8.361288 -56.51808
7200000 -10.419017 -56.67856
7206250 -14.971969 -56.73165
7212500 -22.884283 -55.73934
7218750 -13.438737 -54.88488
7225000 -8.204008 -55.05019
7231250 -6.012336 -55.34116
7237500 -5.862804 -55.63658
7243750 -7.395871 -55.88085
7250000 -10.755705 -56.01987
7256250 -16.896141 -55.80368
7262500 -17.204538 -54.60974
7268750 -10.876601 -54.35564
7275000 -7.414208 -54.47906
7281250 -5.835152 -54.69475
7287500 -5.835936 -54.93969
7293750 -7.588017 -55.16891
7300000 -11.989681 -55.29129
7306250 -20.860152 -54.52246
7312500 -12.541299 -53.40862
7318750 -6.900704 -53.46478
7325000 -3.913253 -53.65054
7331250 -2.388644 -53.86968
7337500 -2.018261 -54.09229
7343750 -2.745626 -54.2875
7350000 -4.581955 -54.40651
7356250 -7.389404 -54.35168
7362500 -9.577459 -53.97252
7368750 -8.063688 -53.52649
7375000 -5.174643 -53.38507
7381250 -2.951457 -53.42808
7387500 -1.582579 -53.55192
7393750 -1.043111 -53.70931
7400000 -1.333704 -53.86364
7406250 -2.393871 -53.97082
7412500 -3.925472 -53.97915
7418750 -5.1833858 -53.86113
7425000 -5.3240712 -53.6872
7431250 -4.5168294 -53.58071
7437500 -3.5468259 -53.57481
7443750 -2.8742299 -53.64174
7450000 -2.6723603 -53.75151
7456250 -3.0266498 -53.87962
7462500 -3.9995315 -53.99982
7468750 -5.6000353 -54.0751
7475000 -7.618814 -54.05087
7481250 -9.239501 -53.88462
7487500 -9.3521368 -53.66798
7493750 -8.3634918 -53.56819
7500000 -7.4066068 -53.6046
7506250 -6.9943877 -53.72781
7512500 -7.3012912 -53.89866
7518750 -8.4717323 -54.08653
7525000 -10.7391817 -54.24944
7531250 -14.4260623 -54.28295
7537500 -18.3311908 -53.8881
7543750 -16.4249893 -53.34451
7550000 -13.0173281 -53.3243
7556250 -10.9428993 -53.53133
7562500 -9.9419892 -53.82793
7568750 -9.7467199 -54.17578
7575000 -10.2229552 -54.56305
7581250 -11.3323602 -54.98803
7587500 -13.140989 -55.45887
7593750 -15.888392 -56.0093
7600000 -19.96182 -56.77726
7606250 -22.487683 -58.14095
7612500 -17.973098 -59.32201
7618750 -13.812402 -59.99996
7625000 -11.163476 -60.51878
7631250 -9.673643 -60.96822
7637500 -9.142319 -61.36893
7643750 -9.490157 -61.72479
7650000 -10.76593 -62.03276
7656250 -13.250244 -62.27365
7662500 -17.736803 -62.34567
7668750 -23.12552 -61.63786
7675000 -17.44899 -60.93946
7681250 -12.844598 -61.01977
7687500 -10.473975 -61.2637
7693750 -9.642303 -61.56031
7700000 -10.178771 -61.88435
7706250 -12.303028 -62.24506
7712500 -17.060998 -62.74624
7718750 -23.511034 -64.32813
7725000 -14.850633 -65.59971
7731250 -9.570641 -66.06019
7737500 -6.528443 -66.42166
7743750 -4.832876 -66.76504
7750000 -4.243876 -67.10376
7756250 -4.735036 -67.43227
7762500 -6.400991 -67.73744
7768750 -9.60289 -67.99967
7775000 -15.802585 -68.14559
7781250 -26.483063 -66.6672
7787500 -14.256092 -66.02496
7793750 -9.321897 -66.19037
7800000 -6.692436 -66.4292
7806250 -5.313868 -66.7034
7812500 -4.965987 -67.00775
7818750 -5.765685 -67.33648
7825000 -8.130369 -67.66987
7831250 -13.162436 -67.94197
7837500 -24.827241 -67.46611
7843750 -16.945998 -66.11529
7850000 -12.080783 -66.28914
7856250 -10.419431 -66.57032
7862500 -10.519253 -66.87843
7868750 -12.265162 -67.2141
7875000 -16.596588 -67.62682
7881250 -28.075566 -68.87068
7887500 -17.665238 -70.90406
7893750 -11.679005 -71.39866
7900000 -8.881598 -71.8014
7906250 -7.775998 -72.18345
7912500 -7.927204 -72.55599
7918750 -9.219447 -72.93017
7925000 -11.791901 -73.33986
7931250 -16.108623 -73.91152
7937500 -20.170602 -75.11348
7943750 -15.864519 -76.26609
7950000 -11.700054 -76.81062
7956250 -9.245658 -77.20248
7962500 -8.083119 -77.56336
7968750 -8.208302 -77.93472
7975000 -10.122192 -78.34936
7981250 -15.759767 -78.93903
7987500 -19.796589 -81.26293
7993750 -9.289063 -82.17674
8000000 -4.322774 -82.63757
8006250 -1.458638 -83.05577
8012500 0.0241790000000002 -83.48514
8018750 0.0913730000000008 -83.93811
8025000 -1.610502 -84.39272
8031250 -5.690224 -84.80639
8037500 -14.935996 -85.13449
8043750 -18.053718 -82.42193
8050000 -8.663702 -82.64169
8056250 -5.261339 -82.87955
8062500 -3.780834 -83.11547
8068750 -3.64824 -83.35731
8075000 -5.138845 -83.60827
8081250 -9.877223 -83.8424
8087500 -26.277112 -81.97587
8093750 -7.030258 -81.48241
8100000 -1.434433 -81.70727
8106250 1.524645 -81.92702
8112500 3.257407 -82.12357
8118750 4.231192 -82.29947
8125000 4.585714 -82.45884
8131250 4.249887 -82.59378
8137500 3.094191 -82.64997
8143750 1.973241 -82.51593
8150000 2.797486 -82.33517
8156250 4.189076 -82.3277
8162500 4.929192 -82.40791
8168750 5.047228 -82.50634
8175000 4.665762 -82.60017
8181250 3.813671 -82.6752
8187500 2.490218 -82.70609
8193750 0.891786999999997 -82.64477
8200000 -0.124343 -82.4616
8206250 0.340320999999999 -82.27758
8212500 1.483974 -82.23487
8218750 2.254362 -82.31347
8225000 2.320485 -82.45737
8231250 1.584161 -82.63539
8237500 -0.163778000000001 -82.83113
8243750 -3.537018 -83.02085
8250000 -10.723744 -83.07256
8256250 -15.659513 -81.24232
8262500 -6.124797 -81.03691
8268750 -2.421321 -81.20971
8275000 -0.736979999999999 -81.41077
8281250 -0.150660999999999 -81.60713
8287500 -0.357341000000002 -81.79204
8293750 -1.320986 -81.95882
8300000 -3.207372 -82.08101
8306250 -6.208985 -82.05876
8312500 -8.603482 -81.67447
8318750 -6.590993 -81.3021
8325000 -4.092949 -81.3165
8331250 -2.914452 -81.48405
8337500 -2.798322 -81.69449
8343750 -3.478765 -81.92306
8350000 -4.874292 -82.17642
8356250 -7.081696 -82.48162
8362500 -10.367355 -82.90339
8368750 -14.750295 -83.61416
8375000 -17.125566 -84.77127
8381250 -16.519361 -85.78482
8387500 -18.134712 -86.7698
8393750 -16.859165 -88.33807
8400000 -9.836841 -89.22909
8406250 -4.939767 -89.64624
8412500 -1.640991 -89.91042
8418750 0.660551999999999 -90.10166
8425000 2.222651 -90.25214
8431250 3.106467 -90.38109
8437500 3.2164 -90.50357
8443750 2.241427 -90.63268
8450000 -0.641724 -90.77612
8456250 -8.820493 -90.89999
8462500 -10.191908 -88.16381
8468750 -0.855481000000001 -88.29281
8475000 2.251071 -88.46243
8481250 3.150176 -88.60771
8487500 2.664771 -88.71666
8493750 0.892994999999999 -88.77066
8500000 -2.685198 -88.68343
8506250 -7.661597 -87.9321
8512500 -1.782842 -86.94296
8518750 4.75708 -86.80939
8525000 9.824189 -86.88202
8531250 14.769554 -87.04804
8537500 21.706865 -87.38054
8543750 27.739344 -89.53935
8550000 13.866665 -90.35577
8556250 2.100867 -90.64321
8562500 -8.998559 -87.94133
8568750 1.836939 -88.12336
8575000 4.482159 -88.39274
8581250 5.026413 -88.67527
8587500 4.266354 -88.96252
8593750 2.322404 -89.24702
8600000 -1.011241 -89.52211
8606250 -6.594401 -89.78944
8612500 -19.969691 -90.16773
8618750 -14.474706 -86.92016
8625000 -8.321654 -87.14469
8631250 -6.16695 -87.30201
8637500 -5.658375 -87.42111
8643750 -6.32009 -87.49016
8650000 -8.115251 -87.45471
8656250 -10.526622 -87.14262
8662500 -9.458588 -86.53022
8668750 -5.071659 -86.29425
8675000 -1.617252 -86.3984
8681250 0.159714000000001 -86.65432
8687500 0.138280999999999 -86.96113
8693750 -1.714821 -87.2495
8700000 -5.840718 -87.47871
8706250 -16.019842 -87.50473
8712500 -13.277574 -85.07346
8718750 -5.033998 -85.1398
8725000 -1.237934 -85.30714
8731250 0.905868000000002 -85.49833
8737500 1.988483 -85.70633
8743750 2.142042 -85.92855
8750000 1.297092 -86.16089
8756250 -0.826768000000001 -86.39747
8762500 -5.086713 -86.62978
8768750 -16.351688 -86.80084
8775000 -11.913559 -84.07045
8781250 -4.38476 -84.29174
8787500 -1.468555 -84.5505
8793750 -0.661327 -84.81845
8800000 -1.643814 -85.07066
8806250 -4.793279 -85.24232
8812500 -11.228434 -85.01479
8818750 -10.389906 -83.81779
8825000 -4.328213 -83.64887
8831250 -1.102936 -83.78191
8837500 0.556420000000003 -83.98162
8843750 1.120127 -84.20734
8850000 0.679860999999999 -84.4411
8856250 -0.859420999999998 -84.65943
8862500 -3.7417 -84.81538
8868750 -8.337667 -84.7765
8875000 -12.54511 -84.1535
8881250 -9.606966 -83.54021
8887500 -6.434404 -83.46135
8893750 -4.765038 -83.5441
8900000 -4.23921 -83.67777
8906250 -4.789776 -83.82778
8912500 -6.765241 -83.95799
8918750 -11.283189 -83.9104
8925000 -14.366627 -82.87746
8931250 -7.04499 -82.46771
8937500 -2.828933 -82.63723
8943750 -0.795738 -82.8981
8950000 -0.0927739999999986 -83.16775
8956250 -0.333689 -83.43018
8962500 -1.415996 -83.69206
8968750 -3.533163 -83.97842
8975000 -7.459546 -84.37418
8981250 -14.124375 -85.46645
8987500 -7.651165 -87.04062
8993750 -0.957488999999999 -87.59227
9000000 3.405217 -88.03642
9006250 6.186428 -88.54079
9012500 6.937525 -89.13169
9018750 5.022536 -89.7269
9025000 0.0191979999999994 -90.26809
9031250 -13.642419 -91.21724
9037500 -3.656891 -93.83757
9043750 3.039302 -94.30838
9050000 6.445616 -94.73278
9056250 8.116487 -95.17983
9062500 8.241383 -95.63223
9068750 6.981483 -96.04386
9075000 4.618291 -96.38722
9081250 1.229529 -96.66082
9087500 -3.689092 -96.8573
9093750 -12.692356 -96.80938
9100000 -14.386812 -94.87836
9106250 -6.234354 -94.77263
9112500 -2.618699 -94.94984
9118750 -0.641534 -95.19456
9125000 0.348306999999998 -95.49182
9131250 0.498585000000002 -95.84712
9137500 -0.219262000000001 -96.27191
9143750 -1.828229 -96.7878
9150000 -4.021019 -97.44111
9156250 -5.534064 -98.26028
9162500 -5.035894 -99.07847
9168750 -3.510167 -99.72548
9175000 -2.100722 -100.24812
9181250 -1.084682 -100.73004
9187500 -0.491968999999997 -101.23237
9193750 -0.383687000000002 -101.80203
9200000 -0.884269999999997 -102.46872
9206250 -1.994795 -103.22559
9212500 -3.331477 -104.02089
9218750 -4.371038 -104.78641
9225000 -4.927677 -105.48605
9231250 -4.994796 -106.13334
9237500 -4.371053 -106.75417
9243750 -2.683886 -107.33588
9250000 0.208532000000002 -107.8154
9256250 4.002359 -108.10925
9262500 7.616389 -108.11871
9268750 8.51309 -107.93496
9275000 7.002258 -107.93708
9281250 5.408184 -108.15176
9287500 4.338908 -108.47657
9293750 3.749449 -108.85729
9300000 3.47199 -109.27061
9306250 3.305069 -109.71158
9312500 3.042423 -110.19025
9318750 2.506701 -110.7334
9325000 1.674265 -111.39118
9331250 1.10816 -112.22241
9337500 2.075347 -113.15759
9343750 4.376571 -113.97685
9350000 6.622575 -114.62136
9356250 8.281239 -115.13801
9362500 9.394307 -115.56375
9368750 10.145532 -115.91991
9375000 10.774239 -116.21782
9381250 11.864814 -116.4419
9387500 10.264354 -115.13555
9393750 7.097977 -117.0155
9400000 8.0736 -117.22342
9406250 8.14101 -117.42467
9412500 7.913177 -117.63052
9418750 7.466937 -117.84928
9425000 6.745253 -118.09113
9431250 5.570588 -118.36669
9437500 3.586763 -118.68063
9443750 0.168693999999999 -119.01698
9450000 -5.901891 -119.313
9456250 -19.920333 -119.05286
9462500 -13.132704 -117.23804
9468750 -8.666583 -117.36373
9475000 -7.606962 -117.56883
9481250 -8.269133 -117.79676
9487500 -10.696058 -118.0703
9493750 -16.737067 -118.53327
9500000 -20.566505 -120.82974
9506250 -10.063152 -121.67105
9512500 -5.488321 -122.1371
9518750 -3.514648 -122.57278
9525000 -3.23197 -122.98244
9531250 -4.097138 -123.37011
9537500 -5.757009 -123.77199
9543750 -7.881878 -124.26118
9550000 -9.520205 -124.92718
9556250 -8.987692 -125.69013
9562500 -6.844424 -126.32309
9568750 -4.878342 -126.83537
9575000 -3.988785 -127.31738
9581250 -4.82091 -127.80599
9587500 -8.134827 -128.3
9593750 -16.087579 -128.94983
9600000 -18.041117 -131.3427
9606250 -9.63837 -131.97848
9612500 -5.83523 -132.29539
9618750 -3.721056 -132.57217
9625000 -2.703023 -132.86021
9631250 -2.849342 -133.18146
9637500 -4.663455 -133.53067
9643750 -9.248419 -133.8623
9650000 -22.278088 -133.94949
9656250 -15.584849 -131.51931
9662500 -9.143856 -131.67776
9668750 -6.416735 -131.86776
9675000 -5.118136 -132.06547
9681250 -4.776274 -132.28732
9687500 -5.493063 -132.56353
9693750 -8.06179 -132.95516
9700000 -15.174753 -133.77227
9706250 -13.359276 -135.98871
9712500 -6.808635 -136.66997
9718750 -4.209549 -137.02008
9725000 -3.204821 -137.24895
9731250 -3.030662 -137.40252
9737500 -3.433327 -137.49541
9743750 -4.341434 -137.51584
9750000 -5.546273 -137.41102
9756250 -5.811332 -137.13066
9762500 -3.747754 -136.89647
9768750 -1.38104 -136.91117
9775000 -0.293040999999999 -137.03553
9781250 -0.323062 -137.13417
9787500 -0.955515999999999 -137.15215
9793750 -1.689775 -137.06287
9800000 -1.793448 -136.86376
9806250 -0.515856999999997 -136.64045
9812500 1.870352 -136.5282
9818750 4.397257 -136.5711
9825000 6.321388 -136.73762
9831250 7.241402 -136.96661
9837500 7.133642 -137.19148
9843750 6.218268 -137.36952
9850000 4.659626 -137.47818
9856250 2.499359 -137.47219
9862500 0.487950000000001 -137.22596
9868750 1.77817 -136.85298
9875000 4.702542 -136.86068
9881250 5.72781 -137.08652
9887500 4.97431 -137.29287
9893750 3.11475 -137.41296
9900000 0.252493000000001 -137.40609
9906250 -3.396797 -137.09006
9912500 -2.907468 -136.35289
9918750 1.868628 -136.08715
9925000 5.398935 -136.20309
9931250 7.128418 -136.45465
9937500 7.292403 -136.72415
9943750 6.323784 -136.95695
9950000 4.520391 -137.14763
9956250 1.826217 -137.31156
9962500 -2.443354 -137.46821
9968750 -11.957358 -137.64069
9975000 -11.519245 -134.68266
9981250 -2.342647 -134.93966
9987500 1.176933 -135.2554
9993750 2.105075 -135.61434
10000000 0.955081 -135.97788
10006250 -2.105138 -136.34477
10012500 -7.578396 -136.85529
10018750 -12.591619 -138.26034
10025000 -6.26275 -139.32638
10031250 -1.784332 -139.76741
10037500 0.960957000000001 -140.1605
10043750 2.454648 -140.65043
10050000 2.45515 -141.31215
10056250 1.133024 -142.13934
10062500 0.423231999999999 -143.00042
10068750 1.359784 -143.66024
10075000 2.892806 -144.07467
10081250 4.45314 -144.33393
10087500 6.052424 -144.50569
10093750 7.940111 -144.6279
10100000 10.7425 -144.73238
10106250 16.911693 -144.96058
10112500 16.484791 -147.10672
10118750 3.479588 -147.11887
10125000 -2.351036 -146.44234
10131250 -1.766231 -145.89985
10137500 -0.0937429999999999 -145.7119
10143750 1.357621 -145.67666
10150000 2.789587 -145.73953
10156250 4.431921 -145.99072
10162500 2.133147 -146.6946
10168750 -5.571112 -146.31243
10175000 -4.042813 -145.90647
10181250 -2.891171 -145.90068
10187500 -2.531849 -145.99841
10193750 -2.709108 -146.16631
10200000 -3.442273 -146.4303
10206250 -4.974705 -146.87255
10212500 -7.314953 -147.69534
10218750 -7.363646 -148.96404
10225000 -5.0685 -149.927
10231250 -4.093384 -150.49375
10237500 -4.322659 -150.85226
10243750 -5.384266 -151.09964
10250000 -7.332355 -151.2761
10256250 -10.773127 -151.36356
10262500 -17.375984 -151.04173
10268750 -14.59808 -149.73198
10275000 -7.429483 -149.6871
10281250 -3.703694 -149.9763
10287500 -2.320503 -150.3578
10293750 -2.79692 -150.74753
10300000 -4.759948 -151.12999
10306250 -8.20178 -151.5805
10312500 -12.781139 -152.40221
10318750 -11.367848 -153.65885
10325000 -6.442315 -154.30843
10331250 -2.959936 -154.68956
10337500 -0.676046000000003 -155.00938
10343750 0.627756999999999 -155.32435
10350000 0.939999 -155.65232
10356250 0.0909489999999984 -155.99645
10362500 -2.315361 -156.35794
10368750 -7.516379 -156.76319
10375000 -24.032413 -158.07187
10381250 -9.34562 -160.30476
10387500 -4.103108 -160.7353
10393750 -2.021694 -161.11409
10400000 -1.45628 -161.48451
10406250 -1.808601 -161.86533
10412500 -2.683394 -162.28138
10418750 -3.646332 -162.76148
10425000 -4.128344 -163.31443
10431250 -3.716836 -163.90201
10437500 -2.612438 -164.48006
10443750 -1.418615 -165.05973
10450000 -0.801439999999999 -165.68312
10456250 -1.363513 -166.3583
10462500 -3.143084 -167.04268
10468750 -5.400153 -167.7085
10475000 -7.259726 -168.34661
10481250 -8.407149 -168.92427
10487500 -9.253556 -169.42298
10493750 -10.553889 -169.8758
10500000 -13.553005 -170.37537
10506250 -22.100991 -171.499
10512500 -14.012187 -173.79116
10518750 -7.468403 -174.50145
10525000 -5.105178 -174.99913
10531250 -4.625013 -175.35762
10537500 -5.123656 -175.61673
10543750 -6.39964 -175.80752
10550000 -8.777356 -175.93397
10556250 -13.651195 -175.88588
10562500 -17.590565 -174.53596
10568750 -7.041407 -174.10228
10575000 -1.038589 -174.40076
10581250 1.591498 -174.86483
10587500 1.565354 -175.27088
10593750 0.205994 -175.53412
10600000 -1.832854 -175.67485
10606250 -4.617801 -175.68731
10612500 -8.3955 -175.41741
10618750 -8.709608 -174.53901
10625000 -1.97145 -174.06914
10631250 5.106538 -174.11496
10637500 12.832006 -174.65419
10643750 13.835086 -175.9954
10650000 8.788566 -176.64586
10656250 5.354816 -177.03835
10662500 3.377281 -177.45644
10668750 3.250091 -177.93015
10675000 5.212354 -178.36989
10681250 8.926139 -178.7238
10687500 15.103374 -179.08207
10693750 25.53447 -180.80872
10700000 12.350558 -182.00461
10706250 4.305259 -182.29944
10712500 -4.576373 -182.79872
10718750 -6.695069 -184.49944
10725000 0.310203000000001 -185.06074
10731250 4.575749 -185.2492
10737500 7.896973 -185.38934
10743750 11.185383 -185.5643
10750000 15.386914 -185.91292
10756250 19.315453 -187.05429
10762500 11.639537 -188.32072
10768750 4.346239 -189.08563
10775000 1.469419 -189.89535
10781250 1.966184 -190.44756
10787500 2.826611 -190.76654
10793750 3.297049 -190.99025
10800000 3.311095 -191.18516
10806250 2.827603 -191.38359
10812500 1.704846 -191.60675
10818750 -0.413392999999999 -191.87665
10825000 -4.49336 -192.24253
10831250 -14.25503 -193.14857
10837500 -8.149785 -195.44765
10843750 -1.348886 -196.07425
10850000 1.816558 -196.61659
10856250 2.916948 -197.2043
10862500 2.146461 -197.83525
10868750 -0.230397 -198.47117
10875000 -3.550516 -199.10943
10881250 -6.962281 -199.78785
10887500 -9.62007 -200.50958
10893750 -11.334149 -201.22375
10900000 -12.51145 -201.94578
10906250 -12.677353 -202.7579
10912500 -10.552184 -203.5626
10918750 -7.034907 -204.16724
10925000 -3.595914 -204.6016
10931250 -0.685850000000002 -204.94495
10937500 1.606343 -205.23742
10943750 3.232663 -205.48614
10950000 4.143693 -205.67184
10956250 4.266214 -205.74711
10962500 3.354174 -205.6142
10968750 0.905118999999999 -205.05528
10975000 -0.623754999999996 -203.91847
10981250 1.013029 -203.14591
10987500 1.925359 -202.91804
10993750 2.278207 -202.96701
11000000 2.864216 -203.19513
11006250 4.548778 -203.55965
11012500 8.229699 -204.02314
11018750 14.799447 -204.72861
11025000 16.991297 -206.34264
11031250 10.761984 -207.09414
11037500 6.5203 -207.38114
11043750 3.07156 -207.55423
11050000 -0.495277999999999 -207.68101
11056250 -5.207442 -207.78473
11062500 -14.725274 -207.87745
11068750 -14.827759 -204.82572
11075000 -4.93092 -204.92294
11081250 -0.0685399999999987 -205.04032
11087500 3.367074 -205.20187
11093750 5.972735 -205.45346
11100000 7.245698 -205.86052
11106250 5.395575 -206.37688
11112500 -0.943102999999994 -206.73225
11118750 -16.107432 -205.95905
11125000 -5.040174 -204.48396
11131250 -0.236384000000001 -204.51353
11137500 2.022541 -204.61547
11143750 3.145707 -204.75691
11150000 3.448355 -204.95397
11156250 2.851473 -205.23977
11162500 0.945343999999999 -205.67201
11168750 -2.708479 -206.3863
11175000 -5.172806 -207.58275
11181250 -2.903619 -208.54372
11187500 -1.013069 -209.05109
11193750 -0.295514000000001 -209.37601
11200000 -0.410696000000002 -209.62493
11206250 -1.228503 -209.84427
11212500 -2.902797 -210.06542
11218750 -6.211974 -210.33128
11225000 -15.829104 -210.89829
11231250 -8.434105 -213.83426
11237500 0.575037000000002 -214.59587
11243750 2.66321 -215.3938
11250000 1.01996 -215.9657
11256250 -1.736289 -216.35096
11262500 -5.16094 -216.66802
11268750 -9.723741 -217.00745
11275000 -16.742555 -217.60091
11281250 -19.549476 -219.27577
11287500 -13.268361 -220.07696
11293750 -9.852686 -220.44519
11300000 -8.057685 -220.74418
11306250 -7.320439 -221.03633
11312500 -7.535364 -221.34107
11318750 -8.869844 -221.65937
11325000 -11.773257 -221.95981
11331250 -17.014126 -222.09501
11337500 -21.878446 -221.52878
11343750 -18.328315 -221.19688
11350000 -15.720917 -221.49245
11356250 -14.290646 -221.99187
11362500 -12.849029 -222.58026
11368750 -10.946933 -223.16828
11375000 -8.864776 -223.71245
11381250 -6.97036 -224.23341
11387500 -5.405982 -224.77969
11393750 -4.067174 -225.40274
11400000 -2.560332 -226.12624
11406250 -0.475263999999999 -226.89354
11412500 1.966646 -227.59821
11418750 4.208738 -228.19039
11425000 6.005594 -228.6803
11431250 7.377256 -229.09791
11437500 8.39926 -229.47788
11443750 9.091305 -229.86369
11450000 9.243473 -230.33555
11456250 7.227856 -231.1099
11462500 -5.563852 -233.4668
11468750 4.51023 -235.56339
11475000 6.752971 -236.1044
11481250 7.092181 -236.45835
11487500 6.68195 -236.75296
11493750 5.752431 -237.03157
11500000 4.32469 -237.31866
11506250 2.337991 -237.63818
11512500 -0.292929999999998 -238.0285
11518750 -3.456898 -238.56632
11525000 -5.917846 -239.34183
11531250 -5.707532 -240.16473
11537500 -4.318023 -240.76387
11543750 -3.471115 -241.19693
11550000 -3.526169 -241.54918
11556250 -4.586233 -241.8603
11562500 -6.94965 -242.146
11568750 -11.69987 -242.3987
11575000 -26.755157 -242.21648
11581250 -14.336248 -240.08261
11587500 -7.880734 -240.32998
11593750 -4.841797 -240.64118
11600000 -3.410709 -240.97696
11606250 -3.113169 -241.33056
11612500 -3.791541 -241.70613
11618750 -5.441054 -242.1279
11625000 -8.131453 -242.67476
11631250 -10.977143 -243.56326
11637500 -9.355614 -244.71607
11643750 -4.939535 -245.5224
11650000 -1.245317 -246.16908
11656250 1.078793 -246.85929
11662500 1.246444 -247.61942
11668750 -0.803567000000001 -248.34423
11675000 -4.071452 -249.02092
11681250 -7.567732 -249.77769
11687500 -9.420604 -250.72498
11693750 -8.092041 -251.6408
11700000 -5.522415 -252.37185
11706250 -3.109932 -253.0565
11712500 -1.517952 -253.82797
11718750 -1.705857 -254.70139
11725000 -3.705056 -255.55179
11731250 -6.183183 -256.33396
11737500 -7.987446 -257.08963
11743750 -8.515701 -257.81657
11750000 -7.825193 -258.47125
11756250 -6.389755 -259.03789
11762500 -4.62517 -259.5372
11768750 -2.790437 -260.0014
11775000 -1.100211 -260.46273
11781250 0.149861000000001 -260.94821
11787500 0.520897999999999 -261.46651
11793750 -0.436695 -261.99549
11800000 -3.010682 -262.51313
11806250 -7.722339 -263.09605
11812500 -13.999788 -264.36415
11818750 -8.163804 -265.73959
11825000 -2.607011 -266.21474
11831250 1.192427 -266.5072
11837500 4.198228 -266.74775
11843750 6.844468 -266.97913
11850000 9.384562 -267.23906
11856250 11.907062 -267.60908
11862500 12.72173 -268.28121
11868750 6.59975 -268.67542
11875000 5.378305 -268.17232
11881250 7.906393 -268.17719
11887500 9.18853 -268.3978
11893750 9.418278 -268.68361
11900000 8.781583 -269.00212
11906250 7.367234 -269.3548
11912500 5.216284 -269.77809
11918750 2.54578 -270.37364
11925000 1.053343 -271.28187
11931250 3.113858 -272.25275
11937500 6.029611 -273.02803
11943750 7.426083 -273.71952
11950000 6.77263 -274.33531
11956250 4.596429 -274.84282
11962500 1.465319 -275.279
11968750 -2.536808 -275.73523
11975000 -7.305609 -276.41222
11981250 -8.957939 -277.52832
11987500 -5.463156 -278.34382
11993750 -2.13785 -278.80769
12000000 0.407976999999999 -279.17466
12006250 2.43418 -279.54699
12012500 3.975315 -279.99184
12018750 4.578487 -280.56916
12025000 3.252248 -281.27256
12031250 -0.284791999999999 -282.01301
12037500 -4.780371 -282.83768
12043750 -7.178558 -283.83928
12050000 -6.052494 -284.65383
12056250 -4.324815 -285.17516
12062500 -3.059818 -285.56072
12068750 -2.325488 -285.90088
12075000 -2.188909 -286.24521
12081250 -2.985621 -286.63365
12087500 -5.767209 -287.10683
12093750 -14.772953 -287.77531
12100000 -13.723023 -284.67501
12106250 -6.088843 -285.23537
12112500 -3.440889 -285.61661
12118750 -2.410111 -285.93535
12125000 -2.249137 -286.23959
12131250 -2.754122 -286.58791
12137500 -3.61085 -287.1045
12143750 -2.230745 -287.94373
12150000 4.671226 -288.64805
12156250 15.257774 -288.79836
12162500 21.848248 -287.32455
12168750 15.454165 -286.97742
12175000 12.719689 -287.07371
12181250 11.226262 -287.25295
12187500 10.092507 -287.5118
12193750 8.286788 -287.92438
12200000 1.740016 -288.53366
12206250 -8.02191 -286.623
12212500 0.841986000000006 -286.74954
12218750 2.580732 -286.97067
12225000 2.890506 -287.14481
12231250 2.592011 -287.2957
12237500 1.859934 -287.44204
12243750 0.650652999999998 -287.60451
12250000 -1.267798 -287.82512
12256250 -4.323937 -288.24743
12262500 -5.709278 -289.34053
12268750 2.183013 -290.33407
12275000 12.396491 -291.04315
12281250 15.917867 -292.8158
12287500 9.057876 -293.48395
12293750 4.184775 -293.73874
12300000 -0.838187000000001 -293.94589
12306250 -8.578173 -294.27928
12312500 -15.07118 -296.43313
12318750 -4.875555 -297.15497
12325000 -0.444515000000003 -297.43838
12331250 1.998981 -297.71654
12337500 3.175175 -298.03714
12343750 3.18404 -298.41028
12350000 2.024522 -298.83377
12356250 -0.166179 -299.32044
12362500 -2.877211 -299.92727
12368750 -4.655228 -300.69746
12375000 -4.217076 -301.45471
12381250 -2.854068 -302.03938
12387500 -1.858961 -302.51333
12393750 -1.705039 -302.95752
12400000 -2.782895 -303.42109
12406250 -5.804852 -303.95021
12412500 -12.451121 -304.78767
12418750 -12.640485 -306.81531
12425000 -5.370701 -307.63293
12431250 -1.159074 -308.10292
12437500 1.892699 -308.53538
12443750 4.448184 -309.03182
12450000 6.22518 -309.69623
12456250 5.583098 -310.5255
12462500 2.134006 -311.27146
12468750 -2.40631 -311.88373
12475000 -7.275477 -312.52274
12481250 -11.345403 -313.40633
12487500 -11.359305 -314.41761
