   3.4839766e+01
   3.4790192e+01
   3.4419703e+01
   3.3785803e+01
   3.3138187e+01
   3.2770641e+01
   3.3228149e+01
   3.4417170e+01
   3.5879498e+01
   3.7266665e+01
   3.8290312e+01
   3.8915127e+01
   3.9067960e+01
   3.8703332e+01
   3.7820647e+01
   3.6281382e+01
   3.4339924e+01
   3.3210345e+01
   3.4285852e+01
   3.6466394e+01
   3.8415826e+01
   3.9824027e+01
   4.0838072e+01
   4.1808261e+01
   4.3191503e+01
   4.5191123e+01
   4.7548072e+01
   4.9924834e+01
   5.2126307e+01
   5.4068470e+01
   5.5736275e+01
   5.7140263e+01
   5.8309180e+01
   5.9262260e+01
   6.0012783e+01
   6.0593469e+01
   6.1022307e+01
   6.1313953e+01
   6.1510078e+01
   6.1640282e+01
   6.1723959e+01
   6.1801951e+01
   6.1900600e+01
   6.2020648e+01
   6.2161258e+01
   6.2299246e+01
   6.2402412e+01
   6.2452231e+01
   6.2416513e+01
   6.2269022e+01
   6.2001771e+01
   6.1595119e+01
   6.1037673e+01
   6.0329493e+01
   5.9464709e+01
   5.8449682e+01
   5.7299832e+01
   5.6040356e+01
   5.4720068e+01
   5.3398047e+01
   5.2137756e+01
   5.0986115e+01
   4.9934094e+01
   4.8925287e+01
   4.7881336e+01
   4.6717053e+01
   4.5384988e+01
   4.3907833e+01
   4.2387790e+01
   4.1066500e+01
   4.0258736e+01
   4.0015486e+01
   4.0050773e+01
   4.0072776e+01
   3.9909555e+01
   3.9481279e+01
   3.8847914e+01
   3.8174962e+01
   3.7700607e+01
   3.7665073e+01
   3.8046353e+01
   3.8589181e+01
   3.9078518e+01
   3.9359094e+01
   3.9357596e+01
   3.9083642e+01
   3.8519056e+01
   3.7687726e+01
   3.6674515e+01
   3.5617567e+01
   3.4735813e+01
   3.4190811e+01
   3.4067181e+01
   3.4246133e+01
   3.4451965e+01
   3.4634697e+01
   3.4714761e+01
   3.4607509e+01
   3.4433281e+01
   3.4117546e+01
   3.3669327e+01
   3.3210328e+01
   3.2757068e+01
   3.2477918e+01
   3.2489743e+01
   3.2810346e+01
   3.3434094e+01
   3.4206414e+01
   3.4934672e+01
   3.5507603e+01
   3.5887041e+01
   3.6043574e+01
   3.5947891e+01
   3.5620474e+01
   3.5113363e+01
   3.4497143e+01
   3.3847817e+01
   3.3260793e+01
   3.2825211e+01
   3.2490873e+01
   3.2127907e+01
   3.1646540e+01
   3.0848790e+01
   2.9469486e+01
   2.7380945e+01
   2.4123399e+01
   1.8330264e+01
   1.4715496e+01
   2.1395192e+01
   2.5423426e+01
   2.7699972e+01
   2.8954258e+01
   2.9370182e+01
   2.9077174e+01
   2.8046669e+01
   2.6093702e+01
   2.2769344e+01
   1.6219606e+01
   9.1572207e+00
   1.9297479e+01
   2.3758995e+01
   2.6121890e+01
   2.7372997e+01
   2.7778035e+01
   2.7570481e+01
   2.6853728e+01
   2.5793541e+01
   2.4999508e+01
   2.5134853e+01
   2.6219358e+01
   2.7656769e+01
   2.8896695e+01
   2.9757852e+01
   3.0239394e+01
   3.0317705e+01
   3.0048701e+01
   2.9514794e+01
   2.8850191e+01
   2.8340222e+01
   2.8241484e+01
   2.8590354e+01
   2.9239704e+01
   2.9954914e+01
   3.0512303e+01
   3.0818306e+01
   3.0848662e+01
   3.0597842e+01
   3.0082773e+01
   2.9302807e+01
   2.8368706e+01
   2.7475945e+01
   2.6796351e+01
   2.6560448e+01
   2.6835163e+01
   2.7364224e+01
   2.7850852e+01
   2.8195803e+01
   2.8401888e+01
   2.8369243e+01
   2.8055664e+01
   2.7515894e+01
   2.6753334e+01
   2.5791581e+01
   2.4713251e+01
   2.3792924e+01
   2.3377060e+01
   2.3575443e+01
   2.4249094e+01
   2.5028739e+01
   2.5669206e+01
   2.6165789e+01
   2.6347621e+01
   2.6159775e+01
   2.5721485e+01
   2.4924357e+01
   2.3734138e+01
   2.2293994e+01
   2.0752262e+01
   1.9496694e+01
   1.9087684e+01
   1.9650688e+01
   2.0621052e+01
   2.1398373e+01
   2.1961872e+01
   2.2277238e+01
   2.2210232e+01
   2.1944927e+01
   2.1446296e+01
   2.0788307e+01
   1.9995265e+01
   1.8910954e+01
   1.7808888e+01
   1.6853122e+01
   1.6546643e+01
   1.7444207e+01
   1.9098043e+01
   2.0884404e+01
   2.2473064e+01
   2.3732966e+01
   2.4630816e+01
   2.5173947e+01
   2.5385737e+01
   2.5262890e+01
   2.4868967e+01
   2.4223833e+01
   2.3420785e+01
   2.2694347e+01
   2.2282863e+01
   2.2425778e+01
   2.3009161e+01
   2.3676022e+01
   2.4214083e+01
   2.4492360e+01
   2.4512315e+01
   2.4216237e+01
   2.3506976e+01
   2.2424593e+01
   2.0982332e+01
   1.9439857e+01
   1.8279538e+01
   1.7952891e+01
   1.8493932e+01
   1.9342219e+01
   2.0113739e+01
   2.0533902e+01
   2.0425872e+01
   1.9948303e+01
   1.8973240e+01
   1.7597931e+01
   1.5594417e+01
   1.2618342e+01
   9.0671617e+00
   2.3096393e+00
  -4.7068527e+00
   2.5894837e+00
   7.1836727e+00
   9.0371894e+00
   1.0845802e+01
   1.2206168e+01
   1.3331892e+01
   1.4255431e+01
   1.4869786e+01
   1.5208183e+01
   1.5150589e+01
   1.4631398e+01
   1.3611227e+01
   1.1870561e+01
   8.9722858e+00
   4.4247549e+00
  -1.2617434e+00
   4.1680446e+00
   8.9309206e+00
   1.1931717e+01
   1.3991384e+01
   1.5089817e+01
   1.5724217e+01
   1.6007533e+01
   1.5703376e+01
   1.4910347e+01
   1.3579432e+01
   1.1745021e+01
   8.7870717e+00
   4.3524361e+00
   1.8901623e+00
   6.2420169e+00
   1.0234877e+01
   1.2997190e+01
   1.4556029e+01
   1.5638117e+01
   1.6189708e+01
   1.6280919e+01
   1.6025901e+01
   1.5121349e+01
   1.3699973e+01
   1.1427014e+01
   8.1745188e+00
   5.1521078e+00
   6.2488811e+00
   9.5184107e+00
   1.1869086e+01
   1.3604830e+01
   1.4748919e+01
   1.5170144e+01
   1.5253077e+01
   1.4777784e+01
   1.3770873e+01
   1.2335305e+01
   1.0191655e+01
   6.9521933e+00
   9.2676735e-01
  -1.2100241e+01
  -6.2851043e-01
   5.2143452e+00
   8.3178474e+00
   1.0492446e+01
   1.2051304e+01
   1.2969197e+01
   1.3487998e+01
   1.3955152e+01
   1.4010908e+01
   1.3702833e+01
   1.2845221e+01
   1.1249163e+01
   9.1730058e+00
   5.6617270e+00
  -2.2766808e+00
  -2.7311109e+00
   5.0960570e+00
   9.3188769e+00
   1.1883049e+01
   1.3242576e+01
   1.3952532e+01
   1.4218915e+01
   1.4010650e+01
   1.3150591e+01
   1.1750975e+01
   9.6889523e+00
   6.0171226e+00
   2.3170291e-02
  -1.6101074e+00
   4.7611686e+00
   8.6628830e+00
   1.0875025e+01
   1.2174576e+01
   1.3007295e+01
   1.3421544e+01
   1.3430734e+01
   1.2775411e+01
   1.1806926e+01
   1.0332048e+01
   7.6651806e+00
   4.3938468e+00
  -1.6692231e+00
  -4.8180272e+00
   2.9084488e+00
   7.0774054e+00
   9.6420635e+00
   1.1610294e+01
   1.2653042e+01
   1.3148970e+01
   1.3302260e+01
   1.3144819e+01
   1.2517604e+01
   1.1012303e+01
   8.7486779e+00
   5.4876517e+00
  -2.1084567e-01
  -4.4423347e+00
   2.4905620e+00
   7.0983368e+00
   9.5469796e+00
   1.1060256e+01
   1.1958815e+01
   1.2357914e+01
   1.2485155e+01
   1.2022513e+01
   1.1057274e+01
   9.4427571e+00
   7.3412734e+00
   3.7829576e+00
  -2.3471066e+00
  -2.0645029e+01
  -7.3881169e-01
   4.4576612e+00
   7.3451163e+00
   9.5004932e+00
   1.1030414e+01
   1.1749971e+01
   1.2019892e+01
   1.2110692e+01
   1.1483060e+01
   1.0566142e+01
   8.9980791e+00
   6.1356994e+00
   1.3992244e+00
  -4.4600588e+00
   1.2049606e+00
   6.3478050e+00
   9.1250476e+00
   1.0882180e+01
   1.2039619e+01
   1.2862914e+01
   1.2958628e+01
   1.2876028e+01
   1.2337227e+01
   1.0833666e+01
   9.2831257e+00
   6.7199279e+00
   3.5880477e+00
   2.9269929e+00
   5.0642733e+00
   7.8451698e+00
   1.0283127e+01
   1.1433405e+01
   1.2275800e+01
   1.2731954e+01
   1.2768579e+01
   1.2509433e+01
   1.1452688e+01
   1.0014944e+01
   8.1812325e+00
   5.1438060e+00
   8.3765006e-01
   7.1582054e-01
   4.9862611e+00
   8.2659384e+00
   1.0455027e+01
   1.2014886e+01
   1.2872466e+01
   1.3293254e+01
   1.3238928e+01
   1.2801857e+01
   1.1825415e+01
   1.0077724e+01
   7.9631438e+00
   5.2730531e+00
   3.0079175e+00
   4.3481435e+00
   7.0806186e+00
   9.4285428e+00
   1.1190996e+01
   1.2274403e+01
   1.2746741e+01
   1.2754245e+01
   1.2510326e+01
   1.1655963e+01
   1.0165145e+01
   8.2360735e+00
   5.2311496e+00
   1.3398495e+00
   5.7456040e-01
   3.7930082e+00
   7.1051951e+00
   9.3838584e+00
   1.0495209e+01
   1.1411562e+01
   1.1719756e+01
   1.1405194e+01
   1.0837563e+01
   9.6105819e+00
   7.6788865e+00
   4.6222819e+00
   4.2424676e-03
  -7.6746414e+00
  -1.9164914e+00
   3.1524579e+00
   6.4239929e+00
   8.3695411e+00
   9.6854197e+00
   1.0299235e+01
   1.0303823e+01
   9.9350982e+00
   9.0113328e+00
   7.7380720e+00
   5.3023976e+00
   8.4904866e-01
  -5.0121900e+00
  -1.5519721e+01
  -1.2879800e+00
   3.4601103e+00
   5.6542735e+00
   7.3985403e+00
   8.2406312e+00
   8.5645461e+00
   8.7730289e+00
   8.4616657e+00
   7.5304099e+00
   6.2274468e+00
   4.1457324e+00
   1.5904305e+00
  -2.5885961e+00
  -3.9628419e+00
  -1.9082769e+00
   1.4370365e+00
   3.9350077e+00
   5.1151093e+00
   5.8926026e+00
   6.2292812e+00
   6.7460156e+00
   6.5664994e+00
   6.1342152e+00
   5.0626412e+00
   3.7817565e+00
   1.6019890e+00
   2.2699353e-01
  -7.4442407e-01
  -7.3705043e-01
   7.8074780e-01
   2.3168517e+00
   3.5898324e+00
   3.7182744e+00
   4.4326743e+00
   4.2004008e+00
   4.4440961e+00
   4.2074249e+00
   3.6420791e+00
   3.5137800e+00
   3.5222842e+00
   3.3560390e+00
   3.2233094e+00
   2.7962793e+00
   1.8564379e+00
   1.6058656e+00
   7.4064181e-01
  -1.2506412e-01
   2.8494580e-02
   5.4320029e-01
   2.4933699e+00
   4.1572752e+00
   5.1487035e+00
   5.9516440e+00
   6.4822198e+00
   6.8262483e+00
   6.3978677e+00
   5.3763508e+00
   3.6483188e+00
   4.6732137e-01
  -5.3587207e+00
  -3.7464380e+01
  -4.1362836e+00
   2.0594599e+00
   5.3201502e+00
   7.2462414e+00
   8.1842168e+00
   9.1543874e+00
   9.3440810e+00
   8.5770541e+00
   7.9249999e+00
   6.6411270e+00
   4.0979991e+00
   3.1610505e-01
  -2.7531472e+00
   1.9613335e-01
   4.2265425e+00
   7.0418932e+00
   8.8540804e+00
   1.0111252e+01
   1.0798710e+01
   1.0825838e+01
   1.0589745e+01
   9.9575664e+00
   8.5872464e+00
   6.2035938e+00
   3.1325364e+00
   4.9158328e-01
   1.1604709e+00
   4.4386227e+00
   7.3474916e+00
   9.1301739e+00
   1.0486497e+01
   1.1355840e+01
   1.1544779e+01
   1.1616312e+01
   1.1058740e+01
   9.8523676e+00
   8.4379047e+00
   6.3095348e+00
   3.5893180e+00
   1.9937550e+00
   3.3913259e+00
   5.8969724e+00
   7.9442395e+00
   9.3562708e+00
   1.0482300e+01
   1.1155629e+01
   1.1041480e+01
   1.0683868e+01
   1.0018799e+01
   8.7295956e+00
   6.9020930e+00
   4.3519520e+00
   2.0891822e+00
   2.4426396e+00
   4.7717205e+00
   7.0389381e+00
   8.9649011e+00
   1.0371314e+01
   1.1060905e+01
   1.1462849e+01
   1.1431541e+01
   1.0815012e+01
   1.0128582e+01
   8.7595178e+00
   6.9432000e+00
   4.7585881e+00
   2.3623190e+00
   2.8194783e+00
   5.2179048e+00
   7.3057568e+00
   9.1640183e+00
   1.0129647e+01
   1.0777988e+01
   1.1101522e+01
   1.0901143e+01
   1.0490047e+01
   9.1388137e+00
   7.6085580e+00
   5.3702230e+00
   2.2948597e+00
   1.2988857e+00
   2.8153822e+00
   4.7941726e+00
   6.8758437e+00
   8.4194561e+00
   9.6466771e+00
   1.0069849e+01
   1.0055357e+01
   9.8523447e+00
   8.7337319e+00
   7.6251488e+00
   5.5335402e+00
   2.1457607e+00
  -1.2090518e+00
  -2.1594741e+00
   1.2846533e+00
   4.6425380e+00
   6.5481319e+00
   7.9570094e+00
   8.6791991e+00
   8.8748418e+00
   8.9465086e+00
   8.3572166e+00
   7.1735253e+00
   5.3012540e+00
   2.4434248e+00
  -1.9698947e+00
  -7.8224282e+00
  -4.1607528e+00
   4.6248066e-01
   3.7410182e+00
   5.8443516e+00
   6.9024102e+00
   7.4210654e+00
   7.3300600e+00
   6.9753672e+00
   6.0877818e+00
   4.7438143e+00
   2.3725707e+00
  -2.0865914e+00
  -1.0937652e+01
  -1.0658220e+01
  -3.0757607e+00
   3.6192494e-01
   3.2031126e+00
   4.6256416e+00
   5.4459497e+00
   5.5526638e+00
   5.2896522e+00
   4.3883188e+00
   2.7400043e+00
   6.6878756e-01
  -2.3362721e+00
  -6.3141166e+00
  -5.6779688e+00
  -2.7724356e+00
  -1.0505626e+00
   8.4677293e-01
   1.8935294e+00
   2.0364299e+00
   2.2553778e+00
   2.0118724e+00
   1.2097185e+00
   9.6849636e-01
   6.4119493e-01
   8.9923610e-01
   9.2341076e-01
   1.3930097e+00
   1.5288868e+00
   1.1731504e+00
   9.8035415e-01
  -4.3621714e-01
  -2.5088775e+00
  -6.2695874e+00
  -7.0501733e+00
  -3.7814241e+00
  -1.4870144e-01
   2.7906290e+00
   4.1238784e+00
   5.0108020e+00
   5.9952182e+00
   6.0936812e+00
   5.4760095e+00
   5.1694019e+00
   4.0431602e+00
   1.5484209e+00
  -2.7153771e+00
  -1.0948454e+01
  -7.0345836e+00
  -1.1734186e-01
   3.4692277e+00
   5.2500155e+00
   6.8565364e+00
   7.6546542e+00
   7.6902667e+00
   7.6274422e+00
   7.1377940e+00
   5.7619690e+00
   3.7008559e+00
   6.4211509e-01
  -3.3116987e+00
  -2.6941355e+00
   1.2337362e+00
   4.2375048e+00
   6.5757441e+00
   7.9088847e+00
   8.3803364e+00
   8.6759128e+00
   8.4895379e+00
   7.7870405e+00
   6.6294869e+00
   4.9204329e+00
   2.0761001e+00
  -1.9703327e+00
  -3.8904376e+00
  -7.1992650e-01
   2.4001897e+00
   5.2277736e+00
   6.8142982e+00
   7.5741488e+00
   8.2433997e+00
   8.1250867e+00
   7.8335222e+00
   7.0228711e+00
   5.3989392e+00
   3.2875275e+00
  -4.0504339e-01
  -4.4710031e+00
  -2.8763085e+00
   1.1936970e+00
   4.0498158e+00
   6.0223863e+00
   7.2588169e+00
   8.0341138e+00
   8.4323080e+00
   8.3994955e+00
   7.6860706e+00
   6.7077005e+00
   5.2769877e+00
   2.6695356e+00
   1.0940283e-01
  -8.9176026e-01
   6.1641556e-01
   3.3204633e+00
   5.7209050e+00
   7.1262468e+00
   8.1611125e+00
   8.5385021e+00
   8.5475935e+00
   8.4606545e+00
   7.4978933e+00
   5.8549422e+00
   3.9197380e+00
   1.3741661e+00
  -1.4284570e+00
  -1.3105001e+00
   1.5543114e+00
   4.0141412e+00
   5.8632546e+00
   7.2574815e+00
   7.9560220e+00
   8.2800350e+00
   8.1229604e+00
   7.3546736e+00
   6.0941437e+00
   4.2879037e+00
   1.4997055e+00
  -2.7038759e+00
  -4.9109678e+00
  -1.3056126e+00
   1.9621036e+00
   3.9081312e+00
   5.4958577e+00
   6.5670659e+00
   6.5859026e+00
   6.1587657e+00
   5.8646405e+00
   4.5054111e+00
   2.5273279e+00
  -2.0645455e-01
  -5.6167951e+00
  -1.1535099e+01
  -4.6456504e+00
  -3.8749506e-01
   2.0466051e+00
   3.9696081e+00
   5.1128203e+00
   5.3740035e+00
   5.2116174e+00
   4.7613523e+00
   3.6223980e+00
   1.5710698e+00
  -1.5850909e+00
  -6.7544142e+00
  -3.3903501e+01
  -8.0432131e+00
  -2.7658491e+00
  -3.8783741e-02
   1.4060505e+00
   2.7595008e+00
   2.7668577e+00
   3.2521127e+00
   2.6662605e+00
   9.8282839e-01
  -1.6017752e-01
  -3.2264769e+00
  -6.4187934e+00
  -7.9588220e+00
  -4.3624245e+00
  -2.8192616e+00
   3.0289878e-01
   1.4139915e+00
   1.9868326e+00
   2.5072568e+00
   1.9006011e+00
   1.2163263e+00
   1.8216182e-01
  -2.1675114e+00
  -4.1855239e+00
  -5.8951274e+00
  -5.0757451e+00
  -2.2821191e+00
  -7.2905209e-01
   4.1613435e-01
   8.8632677e-01
   9.4140477e-01
   3.0157387e-01
  -7.5684082e-01
  -2.3947926e+00
  -4.8602292e+00
  -6.9466161e+00
  -4.7909032e+00
  -2.0367544e+00
   2.9442947e-01
   2.0247876e+00
   3.0413589e+00
   3.5683794e+00
   3.0170933e+00
   2.3928003e+00
   7.8177068e-01
  -2.3822875e+00
  -5.7547895e+00
  -1.7863866e+01
  -1.0766070e+01
  -3.3391273e+00
   7.5579578e-01
   2.2385106e+00
   3.8208930e+00
   4.4794262e+00
   4.6021193e+00
   4.3505793e+00
   3.1536751e+00
   1.7386561e+00
  -7.2972475e-01
  -4.7759792e+00
  -1.3325462e+01
  -9.7762594e+00
  -2.6485086e+00
   5.3283055e-01
   2.9179816e+00
   4.6025825e+00
   5.0886384e+00
   5.1667460e+00
   4.9207440e+00
   4.4096571e+00
   3.4367388e+00
   1.3469542e+00
  -2.2418962e+00
  -6.9161593e+00
  -7.7849241e+00
  -3.2470338e+00
   6.4565302e-02
   3.2525401e+00
   4.7598712e+00
   5.5257872e+00
   6.2276957e+00
   6.3507830e+00
   6.0191100e+00
   4.7345662e+00
   3.2597435e+00
   1.3868520e+00
  -2.0496297e+00
  -5.3081539e+00
  -3.8448122e+00
  -1.9819997e-01
   2.4283994e+00
   4.2796944e+00
   5.5981803e+00
   6.1549750e+00
   6.3619234e+00
   6.3347733e+00
   5.5430570e+00
   4.2188216e+00
   2.7319175e+00
   3.6014597e-01
  -3.1908971e+00
  -4.5457049e+00
  -1.7833112e+00
   1.2403645e+00
   3.6761624e+00
   5.1157732e+00
   6.1732788e+00
   6.7726051e+00
   6.6915079e+00
   6.4094372e+00
   5.3672173e+00
   3.9753804e+00
   2.2058069e+00
  -6.5299466e-01
  -2.4155076e+00
  -1.1486733e+00
   1.2020316e+00
   3.5453815e+00
   5.2379833e+00
   6.3186923e+00
   7.0205529e+00
   6.9767648e+00
   6.6797287e+00
   6.1678674e+00
   4.9799297e+00
   2.9305914e+00
   6.8376463e-02
  -2.8280133e+00
  -4.1765207e+00
  -2.1282141e+00
   1.0671120e+00
   3.4508895e+00
   4.6077341e+00
   5.5662912e+00
   5.7075669e+00
   5.4265332e+00
   5.2094510e+00
   3.7138147e+00
   1.7080262e+00
  -5.8392840e-01
  -4.6075207e+00
  -9.8180023e+00
  -7.7096500e+00
  -3.0926135e+00
   3.7238582e-01
   2.3133431e+00
   3.1431356e+00
   3.7371817e+00
   4.1030606e+00
   3.8771310e+00
   3.2696666e+00
   1.9627888e+00
  -2.5710211e-01
  -3.3704860e+00
  -9.8633300e+00
  -1.9046145e+01
  -1.2015335e+01
  -4.0000029e+00
  -1.8221282e+00
  -1.0121012e-02
   1.2192419e+00
   1.6242365e+00
   1.9021329e+00
   1.2056259e+00
   1.4892430e-01
  -1.0287928e+00
  -3.6597721e+00
  -5.1994402e+00
  -6.8401834e+00
  -7.4299442e+00
  -4.2240633e+00
  -1.9729631e+00
  -1.5461188e+00
  -7.7278315e-01
  -2.0185450e-01
  -5.4004760e-01
  -1.0928305e+00
  -2.1414142e+00
  -2.8373667e+00
  -3.8617198e+00
  -3.1025422e+00
  -2.8972971e+00
  -2.4932493e+00
  -2.1349120e+00
  -1.8743970e+00
  -2.2192193e+00
  -2.6705195e+00
  -3.9981453e+00
  -5.1197665e+00
  -7.6008444e+00
  -5.3907135e+00
  -3.2287267e+00
  -2.4593600e+00
   4.7015116e-03
   7.5249145e-01
   1.1407995e+00
   1.4142494e+00
   1.2988744e+00
   7.3839655e-02
  -1.9268980e+00
  -4.2413904e+00
  -7.9888344e+00
  -1.5515045e+01
  -1.1522684e+01
  -5.3067103e+00
  -1.7576945e+00
  -2.9802929e-01
   1.2306287e+00
   1.9391329e+00
   2.2874407e+00
   2.1140276e+00
   9.2199833e-01
  -3.2293043e-01
  -3.4286528e+00
  -9.1018518e+00
  -2.6988405e+01
  -1.0173095e+01
  -4.3829680e+00
  -3.3498857e-01
   1.5157776e+00
   2.9562731e+00
   3.7243598e+00
   3.8632735e+00
   3.6125479e+00
   2.8255736e+00
   1.5822168e+00
  -1.0438617e+00
  -4.3787379e+00
  -7.7910106e+00
  -6.2723973e+00
  -2.2728615e+00
   9.4354773e-01
   2.7332085e+00
   4.1644542e+00
   5.0444637e+00
   5.0715285e+00
   5.3146392e+00
   4.6208614e+00
   3.0392036e+00
   1.7338592e+00
  -8.0725919e-01
  -3.7129259e+00
  -4.2017384e+00
  -2.1388458e+00
   4.9348879e-01
   2.5981765e+00
   4.1475892e+00
   5.4595154e+00
   5.8331525e+00
   5.9151463e+00
   5.6576021e+00
   4.8930549e+00
   3.8654418e+00
   2.0464383e+00
  -1.7567013e-01
  -2.5308566e+00
  -2.9185030e+00
  -6.5747994e-01
   1.5322081e+00
   3.6064585e+00
   4.9971232e+00
   5.5538217e+00
   6.1474594e+00
   6.0001903e+00
   5.6185648e+00
   4.7645476e+00
   2.8320773e+00
   6.3283439e-01
  -2.1531647e+00
  -3.5185638e+00
  -1.8452314e+00
   1.3004981e-01
   2.4555802e+00
   4.1861473e+00
   4.7477043e+00
   5.2789925e+00
   5.1491139e+00
   4.8270792e+00
   3.9439635e+00
   2.3601346e+00
   5.2135058e-01
  -3.2686918e+00
  -7.7045534e+00
  -7.7939393e+00
  -3.9275593e+00
  -6.7823107e-01
   1.7624992e+00
   2.9025627e+00
   3.6334019e+00
   3.8557024e+00
   3.8368939e+00
   3.0390299e+00
   1.8539656e+00
   7.2580056e-01
  -1.8331231e+00
  -5.9348294e+00
  -1.3500962e+01
  -1.3319830e+01
  -5.7126576e+00
  -1.4058041e+00
   2.4012500e-01
   1.4412847e+00
   2.1525193e+00
   2.4903178e+00
   2.1457640e+00
   1.2512838e+00
   8.3200932e-02
  -2.3042313e+00
  -5.6207706e+00
  -1.3025772e+01
  -2.2799679e+01
  -9.2424268e+00
  -3.7479874e+00
  -1.2335788e+00
   4.5291316e-01
   1.0249012e+00
   7.0666910e-01
   3.7453733e-01
   2.0904418e-02
  -1.0881658e+00
  -4.0874186e+00
  -5.4116549e+00
  -7.7719513e+00
  -8.5057926e+00
  -5.9589720e+00
  -4.6551583e+00
  -3.1154465e+00
  -2.0913727e+00
  -1.9063018e+00
  -2.7853811e+00
  -2.7550681e+00
  -3.3564158e+00
  -3.7344828e+00
  -4.2544969e+00
  -4.5518381e+00
  -4.4333826e+00
  -3.2378027e+00
  -2.9186974e+00
  -3.2890562e+00
  -3.1347730e+00
  -4.0591948e+00
  -3.9694797e+00
  -5.0092364e+00
  -4.7397685e+00
  -4.9631720e+00
  -5.3272545e+00
  -4.8523825e+00
  -3.7169869e+00
  -3.0344430e+00
  -3.1588414e+00
  -2.6382974e+00
  -3.0015176e+00
  -3.6741710e+00
  -3.9353070e+00
  -5.0687972e+00
  -7.1486674e+00
  -8.1172933e+00
  -7.7587185e+00
  -7.6970416e+00
  -4.8512485e+00
  -3.0012108e+00
  -2.5231572e+00
  -1.2911445e+00
  -1.1493129e+00
  -3.3556977e-01
  -5.5205866e-01
  -1.3748574e+00
  -2.8314196e+00
  -4.7624912e+00
  -6.5288836e+00
  -1.4231898e+01
  -1.2715426e+01
  -9.5216691e+00
  -4.4370332e+00
  -2.2880931e+00
  -3.4474085e-01
   3.8872138e-01
   1.1802373e+00
   1.4568098e+00
   1.2259489e+00
   2.0517946e-01
  -1.7800676e+00
  -3.5205514e+00
  -8.3815966e+00
  -1.7817183e+01
  -1.4152654e+01
  -5.9817963e+00
  -2.9454631e+00
  -6.5104513e-01
   1.0404389e+00
   2.4590650e+00
   2.6737025e+00
   2.2957856e+00
   1.9187444e+00
   6.6678190e-01
  -1.2652707e+00
  -4.4542884e+00
  -9.1929298e+00
  -1.0363397e+01
  -5.1226423e+00
  -1.7196972e+00
   2.4877412e-02
   1.7464173e+00
   2.7239343e+00
   2.8414088e+00
   2.9586734e+00
   2.0873584e+00
   4.4158509e-01
  -1.4001897e+00
  -4.8294864e+00
  -9.8495702e+00
  -1.0309782e+01
  -5.1027963e+00
  -1.3616239e+00
   9.0424439e-01
   2.4050653e+00
   3.3209422e+00
   3.5749000e+00
   3.2953261e+00
   2.1450655e+00
   8.2736450e-01
  -8.8078472e-01
  -4.5232604e+00
  -9.4514918e+00
  -9.1114530e+00
  -5.1046942e+00
  -1.2351746e+00
   1.3093009e+00
   2.2614575e+00
   3.0303450e+00
   3.2389515e+00
   3.1236145e+00
   2.6614811e+00
   1.2404996e+00
  -4.8120326e-01
  -2.8070504e+00
  -5.8017454e+00
  -7.8425863e+00
  -5.8716614e+00
  -2.6091027e+00
  -7.8364226e-02
   1.0460274e+00
   2.0280746e+00
   2.7642116e+00
   2.7158150e+00
   2.1686486e+00
   1.4850039e+00
   3.9326167e-01
  -2.0802335e+00
  -5.4808371e+00
  -1.0418029e+01
  -1.1210759e+01
  -6.4639370e+00
  -2.2801448e+00
  -2.7151590e-01
   8.3891263e-01
   1.8757015e+00
   2.0655998e+00
   1.9990294e+00
   1.1847459e+00
  -1.5146672e-01
  -1.6987394e+00
  -5.4885764e+00
  -1.1508376e+01
  -2.7354760e+01
  -1.4163236e+01
  -7.7801918e+00
  -4.0119550e+00
  -1.7351281e+00
  -5.9946075e-01
  -3.3389079e-01
  -4.7918701e-01
  -1.5128392e+00
  -2.1525663e+00
  -2.9666079e+00
  -5.4415214e+00
  -7.4960621e+00
  -1.0302052e+01
  -8.3714203e+00
  -7.5191844e+00
  -6.1565903e+00
  -4.9197506e+00
  -3.9406029e+00
  -3.6592031e+00
  -3.2690520e+00
  -3.9354008e+00
  -4.8341308e+00
  -4.9851566e+00
  -6.4757289e+00
  -6.8995916e+00
  -7.2249016e+00
  -5.4383098e+00
  -5.7597056e+00
  -5.2858363e+00
  -5.0700552e+00
  -3.9871959e+00
  -4.0242776e+00
  -5.7420437e+00
  -4.6050219e+00
  -5.4128196e+00
  -5.6718632e+00
  -5.4908055e+00
  -5.8492582e+00
  -4.3548251e+00
  -4.2933519e+00
  -4.3536517e+00
  -3.7555033e+00
  -4.6134783e+00
  -4.0643050e+00
  -5.2741632e+00
  -6.4247939e+00
  -6.6745715e+00
  -7.5211103e+00
  -6.6772045e+00
  -5.1370765e+00
  -3.9209517e+00
  -3.1631255e+00
  -2.7505382e+00
  -2.7608981e+00
  -2.8396272e+00
  -4.1026150e+00
  -4.6904504e+00
  -7.8610117e+00
  -9.6208855e+00
  -1.1741201e+01
  -1.1513863e+01
  -8.1134288e+00
  -4.9194480e+00
  -2.8808389e+00
  -1.7828457e+00
  -9.6524016e-01
  -9.1047260e-01
  -6.8276535e-01
  -1.2020631e+00
  -2.4353667e+00
  -3.6884282e+00
  -6.2659897e+00
  -1.4696397e+01
  -2.3713975e+01
  -1.3565063e+01
  -6.1775403e+00
  -3.5165955e+00
  -9.1566689e-01
  -9.6235667e-02
   3.5056692e-01
   8.4158421e-01
   4.5545161e-01
  -7.9402122e-02
  -1.2972255e+00
  -3.7005326e+00
  -8.8850586e+00
  -1.9292968e+01
  -1.7444848e+01
  -7.8971153e+00
  -3.4030347e+00
  -1.6838982e+00
  -5.4799115e-01
   9.5753568e-01
   9.5823932e-01
   1.1208839e+00
   1.2025217e+00
  -2.2484345e-02
  -1.8566474e+00
  -4.4570745e+00
  -8.2261204e+00
  -1.5820511e+01
  -1.6260763e+01
  -8.6836699e+00
  -5.1499534e+00
  -2.2946784e+00
  -3.4695183e-01
   5.5563199e-01
   9.7060161e-01
   7.5098679e-01
   2.8647698e-02
  -9.8783365e-01
  -2.3707534e+00
  -4.9314039e+00
  -9.3621545e+00
  -1.4610528e+01
  -9.5880955e+00
  -5.5577855e+00
  -2.3903783e+00
  -5.4286108e-01
   5.7986616e-01
   1.0278003e+00
   1.1370658e+00
   3.9117968e-01
  -8.3550555e-01
  -2.2806858e+00
  -5.6129674e+00
  -9.4606262e+00
  -1.7459629e+01
  -1.3100507e+01
  -7.2909725e+00
  -3.6867180e+00
  -1.6851611e+00
  -7.5388339e-01
   8.2456338e-02
   7.4287504e-01
  -1.5903409e-01
  -9.1675302e-01
  -2.0080485e+00
  -5.0007300e+00
  -7.9896345e+00
  -1.5936092e+01
  -2.7818195e+01
  -1.0696838e+01
  -5.5431919e+00
  -3.5854291e+00
  -9.2732574e-01
  -3.6527266e-01
  -1.9015348e-02
   5.5266555e-01
  -2.5146289e-01
  -9.9680613e-01
  -2.9693729e+00
  -6.3044664e+00
  -1.1848335e+01
  -2.0692872e+01
  -1.0374789e+01
  -4.8444829e+00
  -2.2083015e+00
   2.2039760e-01
   1.2403889e+00
   1.4366205e+00
   1.3756142e+00
   4.1777420e-01
  -5.0604364e-01
  -3.1191260e+00
  -6.5523831e+00
  -6.5308413e+00
  -3.9055486e+00
  -1.6194823e+00
   8.5680278e-01
   2.3612498e+00
   3.5348621e+00
   4.0990575e+00
   3.8872946e+00
   3.7301908e+00
   2.7671727e+00
   1.2277668e+00
  -6.1783370e-01
  -3.7575376e+00
  -8.3110496e+00
  -1.0957917e+01
  -7.3346124e+00
  -4.3070008e+00
  -2.5550794e+00
  -1.1594556e+00
  -4.5248467e-01
  -3.7549863e-01
  -1.2002448e+00
  -1.9490067e+00
  -3.4125826e+00
  -5.8242028e+00
  -7.7534144e+00
  -7.5813436e+00
  -7.5164527e+00
  -7.2640846e+00
  -5.1904688e+00
  -4.9567337e+00
  -5.4984954e+00
  -5.9454243e+00
  -6.3001676e+00
  -8.6468755e+00
  -9.0414912e+00
  -1.0429248e+01
  -8.7985049e+00
  -6.1565858e+00
  -4.6627577e+00
  -3.4605080e+00
  -2.8105532e+00
  -3.2528666e+00
  -3.3364958e+00
  -3.4139988e+00
  -4.6209702e+00
  -6.0717915e+00
  -9.4635352e+00
  -1.5557452e+01
  -1.4104357e+01
  -9.0883860e+00
  -6.0631249e+00
  -4.3463600e+00
  -2.8393402e+00
  -1.8471205e+00
  -1.8085761e+00
  -1.9723166e+00
  -2.8340799e+00
  -3.9399319e+00
  -6.1865053e+00
  -9.8170156e+00
  -1.5405651e+01
  -2.0874900e+01
  -1.0031151e+01
  -6.3520431e+00
  -3.3780338e+00
  -2.0939714e+00
  -1.3932381e+00
  -2.8798446e-01
  -2.9020394e-01
  -1.1714298e+00
  -2.0562428e+00
  -3.1610900e+00
  -5.3025281e+00
  -9.9423928e+00
  -1.7066518e+01
  -1.3543601e+01
  -7.3261685e+00
  -4.1011350e+00
  -1.6946628e+00
  -5.2592950e-01
   6.0417105e-01
   1.3854490e+00
   8.6830914e-01
   3.2788950e-01
  -3.3558689e-01
  -2.2662540e+00
  -4.9023439e+00
  -6.3383763e+00
  -4.3388861e+00
  -1.3273666e+00
   8.1115332e-01
   2.6855501e+00
   3.8290844e+00
   4.3111119e+00
   4.9095851e+00
   4.6948210e+00
   4.1044740e+00
   3.5377008e+00
   1.8769785e+00
  -9.9021059e-02
  -7.4673996e-01
  -2.0980531e-01
   6.3041842e-01
   1.8065956e+00
   3.4666068e+00
   4.5835880e+00
   5.2552790e+00
   5.0806730e+00
   4.1238640e+00
   3.6527735e+00
   2.3887566e+00
   4.5134687e-01
  -1.8180099e+00
  -5.6916899e+00
  -8.5047754e+00
  -6.7943433e+00
  -4.3297022e+00
  -2.1795368e+00
  -8.8850534e-01
  -1.8623063e-01
  -1.3531655e-01
  -4.9875373e-01
  -1.1256329e+00
  -2.9109569e+00
  -4.7819162e+00
  -7.7727350e+00
  -1.0776389e+01
  -1.6847163e+01
  -1.8389422e+01
  -1.2224599e+01
  -7.2689858e+00
  -6.1885443e+00
  -4.0330006e+00
  -2.8886515e+00
  -2.4142257e+00
  -1.9083109e+00
  -1.8501644e+00
  -2.0957489e+00
  -3.1802001e+00
  -5.0969635e+00
  -8.2124432e+00
  -1.0864095e+01
  -1.5853317e+01
  -1.7072264e+01
  -1.1015284e+01
  -6.8972186e+00
  -4.4352941e+00
  -2.4198169e+00
  -2.4592799e+00
  -2.2839788e+00
  -2.0775999e+00
  -2.7420321e+00
  -3.4151874e+00
  -4.5355085e+00
  -6.6987660e+00
  -1.1378749e+01
  -1.5500887e+01
  -1.3315282e+01
  -1.1371934e+01
  -9.2853906e+00
  -6.5809962e+00
  -6.1180035e+00
  -5.0984857e+00
  -4.1796004e+00
  -4.6751323e+00
  -4.0235021e+00
  -4.7575444e+00
  -5.3613248e+00
  -5.7459060e+00
  -7.4959487e+00
  -8.0378995e+00
  -9.1662657e+00
  -8.7468302e+00
  -9.1597105e+00
  -6.8042440e+00
  -6.8948133e+00
  -6.6753486e+00
  -6.3200631e+00
  -6.1273831e+00
  -6.5484676e+00
  -6.4244895e+00
  -6.4573959e+00
  -6.6193136e+00
  -6.2971970e+00
  -7.8825211e+00
  -7.1114372e+00
  -6.8941357e+00
  -8.0688731e+00
  -9.4734834e+00
  -7.5067403e+00
  -7.7743111e+00
  -7.6057242e+00
  -6.2079342e+00
  -6.0195826e+00
  -5.1358724e+00
  -4.3962104e+00
  -3.8896377e+00
  -4.2506305e+00
  -5.2755516e+00
  -6.3178054e+00
  -8.5685382e+00
  -1.1337532e+01
  -1.7287540e+01
  -1.2636791e+01
  -9.6096726e+00
  -5.8895469e+00
  -3.9478450e+00
  -3.3676100e+00
  -3.0207942e+00
  -2.2275066e+00
  -2.3615757e+00
  -3.7409259e+00
  -5.4785364e+00
  -9.6927966e+00
  -1.5131986e+01
  -2.3453600e+01
  -1.4954962e+01
  -8.3483698e+00
  -4.7520734e+00
  -3.7603645e+00
  -1.5458572e+00
  -1.3476688e+00
  -1.1630860e+00
  -1.2876822e+00
  -2.7774113e+00
  -3.2694635e+00
  -6.0009687e+00
  -1.0142175e+01
  -2.0037148e+01
  -1.7906051e+01
  -1.0043198e+01
  -5.1686171e+00
  -3.2682570e+00
  -1.5903777e+00
  -8.5477235e-01
  -6.3280568e-01
  -5.3259441e-01
  -9.5125672e-01
  -1.9843086e+00
  -4.0070224e+00
  -6.6921576e+00
  -1.2849656e+01
  -2.4105509e+01
  -1.3421628e+01
  -6.9162695e+00
  -3.6723115e+00
  -2.1454400e+00
  -1.1463866e+00
  -7.3345143e-01
  -7.1977902e-01
  -8.0174184e-01
  -2.0827241e+00
  -3.1738351e+00
  -5.4063917e+00
  -9.5938381e+00
  -1.3189600e+01
  -1.1869810e+01
  -8.9762468e+00
  -4.7875999e+00
  -2.3314310e+00
  -1.3599709e+00
  -2.1596379e-01
  -5.6812165e-01
  -6.1884174e-01
  -1.8528275e+00
  -3.4646341e+00
  -4.6849171e+00
  -9.1350098e+00
  -1.3638743e+01
  -1.9080722e+01
  -1.1645720e+01
  -6.2980855e+00
  -3.7400319e+00
  -2.2930127e+00
  -1.2376964e+00
  -9.6765622e-01
  -1.4191405e-01
  -1.2277609e+00
  -2.6770130e+00
  -3.9905190e+00
  -7.5808460e+00
  -1.0527270e+01
  -2.1422099e+01
  -1.7161458e+01
  -1.0936856e+01
  -6.8645751e+00
  -4.3251085e+00
  -3.7306867e+00
  -3.1241559e+00
  -2.2958021e+00
  -2.8228355e+00
  -3.0394729e+00
  -4.9541787e+00
  -7.8433105e+00
  -1.0066151e+01
  -1.4387888e+01
  -2.1427649e+01
  -1.3122265e+01
  -9.2166284e+00
  -6.9513658e+00
  -5.1731279e+00
  -5.2821415e+00
  -4.5821737e+00
  -4.2365023e+00
  -5.1936706e+00
  -5.3210436e+00
  -5.9236601e+00
  -6.4719314e+00
  -7.6578927e+00
  -1.0551654e+01
  -1.1257665e+01
  -1.1247990e+01
  -1.1011078e+01
  -9.0563841e+00
  -7.4003860e+00
  -6.2047198e+00
  -4.6494209e+00
  -5.1755384e+00
  -4.6066332e+00
  -4.6814772e+00
  -4.8369779e+00
  -5.5498144e+00
  -7.4228454e+00
  -9.2885099e+00
  -1.2504984e+01
  -1.5817283e+01
  -1.4144913e+01
  -1.0494085e+01
  -6.8708747e+00
  -4.4963398e+00
  -3.4299338e+00
  -2.5055125e+00
  -2.6516784e+00
  -2.6875836e+00
  -3.7726091e+00
  -5.2685912e+00
  -7.3711307e+00
  -1.1505054e+01
  -1.8792234e+01
  -1.9714377e+01
  -1.1410620e+01
  -6.9954696e+00
  -4.5901843e+00
  -3.7452122e+00
  -3.0921443e+00
  -3.1600671e+00
  -3.7450993e+00
  -3.8504083e+00
  -4.8391624e+00
  -6.1197243e+00
  -7.8054905e+00
  -9.8739753e+00
  -1.0690177e+01
  -1.2393862e+01
  -1.1865856e+01
  -1.1451203e+01
  -1.1411911e+01
  -1.0623175e+01
  -8.5793258e+00
  -7.1517379e+00
  -5.3713030e+00
  -4.4327259e+00
  -3.5234080e+00
  -3.6024183e+00
  -2.7282069e+00
  -3.2526298e+00
  -4.8917402e+00
  -6.7417939e+00
  -1.0009337e+01
  -1.4322481e+01
  -2.6437713e+01
  -1.3296847e+01
  -8.4195392e+00
  -6.0786543e+00
  -4.7731490e+00
  -2.7122514e+00
  -2.9938263e+00
  -2.8856817e+00
  -2.8771125e+00
  -3.7416653e+00
  -5.2296416e+00
  -7.8466734e+00
  -1.3363509e+01
  -2.1296167e+01
  -1.8766801e+01
  -1.2690050e+01
  -7.1703026e+00
  -5.0365372e+00
  -3.3616215e+00
  -2.4548187e+00
  -2.5084032e+00
  -2.3246853e+00
  -3.0240573e+00
  -4.1853780e+00
  -5.1973188e+00
  -9.0662289e+00
  -1.3039691e+01
  -2.7275155e+01
  -1.5367296e+01
  -9.8894088e+00
  -6.2276812e+00
  -4.1956447e+00
  -2.5780473e+00
  -2.1458427e+00
  -1.7887077e+00
  -2.3832105e+00
  -3.5728698e+00
  -4.3361246e+00
  -7.4016846e+00
  -1.2174638e+01
  -2.4730700e+01
  -1.4643695e+01
  -9.8021458e+00
  -5.9231441e+00
  -3.7517379e+00
  -2.4717109e+00
  -1.3285743e+00
  -1.1666087e+00
  -1.2658727e+00
  -1.5979909e+00
  -2.7692209e+00
  -3.3792833e+00
  -5.4538759e+00
  -9.2940419e+00
  -1.2994624e+01
  -1.2395259e+01
  -8.9768820e+00
  -6.1585558e+00
  -3.9480364e+00
  -1.8791840e+00
  -1.2731851e+00
  -5.9124141e-01
  -1.4903235e-01
  -5.8470454e-01
  -1.0618132e+00
  -2.9041168e+00
  -4.9077151e+00
  -7.6500763e+00
  -1.2512923e+01
  -1.3274380e+01
  -9.1530069e+00
  -5.7875573e+00
  -3.5439910e+00
  -2.4810068e+00
  -1.9012356e+00
  -2.0128304e+00
  -2.1846540e+00
  -3.4365194e+00
  -5.0689044e+00
  -7.1002254e+00
  -1.3774648e+01
  -1.7915588e+01
  -2.0113901e+01
  -1.1354440e+01
  -8.8114932e+00
  -5.9971950e+00
  -5.0046450e+00
  -4.8042503e+00
  -4.8085831e+00
  -4.8902840e+00
  -5.9220807e+00
  -7.7474401e+00
  -8.5807516e+00
  -9.0851837e+00
  -1.0589898e+01
  -1.1655286e+01
  -9.6931824e+00
  -8.9870837e+00
  -9.4288998e+00
  -9.1473985e+00
  -8.2584431e+00
  -7.4634173e+00
  -7.0589039e+00
  -6.0187224e+00
  -5.2993654e+00
  -5.5795889e+00
  -5.9386112e+00
  -6.8377210e+00
  -8.5252541e+00
  -1.0609531e+01
  -1.1204189e+01
  -1.4982089e+01
  -1.1445567e+01
  -1.0706198e+01
  -8.6646348e+00
  -7.3541164e+00
  -6.2016774e+00
  -5.5654978e+00
  -5.8310312e+00
  -5.5767605e+00
  -6.0931333e+00
  -5.9460277e+00
  -8.0505056e+00
  -8.4460345e+00
  -9.6314970e+00
  -1.3080246e+01
  -1.3920502e+01
  -1.4346987e+01
  -1.2636542e+01
  -8.6433249e+00
  -7.3516746e+00
  -6.4359106e+00
  -4.4997092e+00
  -4.5100619e+00
  -3.7838314e+00
  -3.3863426e+00
  -4.4889303e+00
  -5.9834437e+00
  -6.4230805e+00
  -9.5226704e+00
  -1.6381122e+01
  -2.4825567e+01
  -1.4071246e+01
  -9.9628687e+00
  -7.0671278e+00
  -4.5614522e+00
  -4.6991404e+00
  -3.6246592e+00
  -3.3894816e+00
  -4.5510077e+00
  -4.9572291e+00
  -6.3464808e+00
  -9.7401646e+00
  -1.2685796e+01
  -1.8028057e+01
  -1.5095412e+01
  -1.1029047e+01
  -9.4614593e+00
  -6.3942516e+00
  -5.7014055e+00
  -4.8781312e+00
  -4.0060362e+00
  -4.2180521e+00
  -4.9970608e+00
  -6.2021736e+00
  -8.2094161e+00
  -1.2282814e+01
  -1.6167714e+01
  -2.3826507e+01
  -1.7580918e+01
  -1.0198100e+01
  -7.0480064e+00
  -6.0796175e+00
  -4.0129420e+00
  -3.2661659e+00
  -3.4315853e+00
  -3.4288350e+00
  -4.6723335e+00
  -6.1959454e+00
  -8.0072221e+00
  -1.1333107e+01
  -2.1653278e+01
  -2.0472255e+01
