   1.5293256e+01
   1.3425941e+01
   1.0632401e+01
   1.1802531e+01
   1.4131265e+01
   1.6655717e+01
   1.8429364e+01
   1.9273168e+01
   1.9335225e+01
   1.8842901e+01
   1.8391582e+01
   1.8748795e+01
   1.9736127e+01
   2.0662056e+01
   2.1180784e+01
   2.1087578e+01
   2.0706176e+01
   2.1101469e+01
   2.2858058e+01
   2.5238817e+01
   2.7481360e+01
   2.9155991e+01
   3.0346568e+01
   3.1357682e+01
   3.2327928e+01
   3.3462619e+01
   3.4875984e+01
   3.6424647e+01
   3.7978338e+01
   3.9424817e+01
   4.0673903e+01
   4.1747179e+01
   4.2657814e+01
   4.3451065e+01
   4.4213257e+01
   4.4919037e+01
   4.5557084e+01
   4.6181650e+01
   4.6743166e+01
   4.7186635e+01
   4.7548456e+01
   4.7831031e+01
   4.8032474e+01
   4.8216498e+01
   4.8425413e+01
   4.8665572e+01
   4.8942937e+01
   4.9229103e+01
   4.9476180e+01
   4.9647736e+01
   4.9703443e+01
   4.9622480e+01
   4.9414014e+01
   4.9102106e+01
   4.8749183e+01
   4.8423636e+01
   4.8158094e+01
   4.7973898e+01
   4.7845850e+01
   4.7686851e+01
   4.7412255e+01
   4.6941051e+01
   4.6200604e+01
   4.5143451e+01
   4.3716833e+01
   4.1894906e+01
   3.9739375e+01
   3.7592448e+01
   3.6332141e+01
   3.6458119e+01
   3.7199139e+01
   3.7801036e+01
   3.7990545e+01
   3.7673659e+01
   3.6851296e+01
   3.5528080e+01
   3.3711594e+01
   3.1445537e+01
   2.8858637e+01
   2.6469304e+01
   2.5022727e+01
   2.4421715e+01
   2.3860090e+01
   2.2814633e+01
   2.1063497e+01
   1.8376797e+01
   1.4607155e+01
   1.0537007e+01
   9.2863104e+00
   9.9541903e+00
   9.9741298e+00
   8.8934887e+00
   5.4118573e+00
  -1.5024230e+00
  -1.5322061e+00
   3.6992790e+00
   4.8647948e+00
   4.3543819e+00
   3.1955048e+00
   1.7688941e-01
  -3.4692074e+00
  -1.9184061e+00
  -5.5986650e-02
   8.9730690e-01
   1.6364348e+00
   3.3515313e+00
   5.5046980e+00
   6.8148089e+00
   7.6425057e+00
   7.9534038e+00
   7.0692320e+00
   6.2583134e+00
   7.5483510e+00
   9.8024173e+00
   1.1665401e+01
   1.3026373e+01
   1.3283615e+01
   1.2241461e+01
   9.8713618e+00
   7.2866441e+00
   9.4977927e+00
   1.3458084e+01
   1.6238882e+01
   1.7917983e+01
   1.8926215e+01
   1.9887023e+01
   2.1594914e+01
   2.4097245e+01
   2.6705904e+01
   2.9008507e+01
   3.0939710e+01
   3.2444375e+01
   3.3533062e+01
   3.4245906e+01
   3.4537216e+01
   3.4426247e+01
   3.3924225e+01
   3.2952914e+01
   3.1461721e+01
   2.9256406e+01
   2.5980556e+01
   2.0741248e+01
   8.0480927e+00
   1.3218058e+01
   2.0029856e+01
   2.2666383e+01
   2.3478420e+01
   2.3396378e+01
   2.2431941e+01
   2.0398298e+01
   1.7316730e+01
   1.3124023e+01
   1.0552650e+01
   1.2651722e+01
   1.4670478e+01
   1.5470326e+01
   1.5184304e+01
   1.3675450e+01
   1.0494325e+01
   4.7528323e+00
  -7.2271495e+00
   2.8550423e+00
   7.4120796e+00
   9.0761783e+00
   9.3423588e+00
   7.5137087e+00
   4.4055900e+00
  -1.6798767e+00
  -5.6329513e+00
   1.6069259e+00
   4.5493928e+00
   5.7030409e+00
   5.8176799e+00
   4.4846061e+00
   1.8382142e+00
  -4.7097832e+00
  -7.5963740e+00
  -1.9275342e+00
   1.7896125e+00
   4.2439849e+00
   4.2987843e+00
   3.5470829e+00
   2.7435752e+00
   5.2056023e-01
  -3.9218098e+00
  -7.9679755e+00
  -6.1795612e+00
  -2.7531620e+00
  -1.4956397e-01
   2.3526904e+00
   2.5247623e+00
   2.2730324e+00
   2.9676196e-01
  -2.8354172e+00
  -1.1701811e+01
  -5.6326839e+00
  -5.6346003e-02
   3.7518709e+00
   5.9094900e+00
   6.5107092e+00
   7.3850458e+00
   7.3199718e+00
   6.0729863e+00
   5.1830088e+00
   5.0691001e+00
   5.2402268e+00
   5.7844302e+00
   6.4367474e+00
   6.4215911e+00
   6.1594285e+00
   6.3595030e+00
   6.8759715e+00
   7.9067404e+00
   9.3281896e+00
   1.0461432e+01
   1.1375787e+01
   1.1960789e+01
   1.1663863e+01
   1.0554498e+01
   8.9919371e+00
   6.8357815e+00
   3.4760040e+00
   4.8949797e-01
   1.7195216e+00
   4.1285023e+00
   5.2971954e+00
   5.7800626e+00
   5.0763779e+00
   3.3101091e+00
   1.3825938e+00
  -4.8627915e-01
  -1.5312204e-01
   1.4417096e+00
   1.6857077e+00
   2.1031193e+00
   2.0149433e+00
  -5.0921064e-01
  -4.1175976e+00
  -1.5017621e+01
  -1.2433970e+01
  -5.5426289e+00
  -2.3625547e+00
  -1.9171314e+00
  -1.5487764e+00
  -4.3902204e+00
  -8.5887329e+00
  -1.6010254e+01
  -1.1522006e+01
  -7.5367581e+00
  -2.9364471e+00
  -2.1977688e+00
  -4.6153232e+00
  -4.2504866e+00
  -1.0446911e+01
  -2.9647218e+01
  -1.3638095e+01
  -5.1770085e+00
  -3.7259749e+00
  -1.6181971e+00
  -1.0606901e+00
  -3.0582786e+00
  -5.0196963e+00
  -6.0900524e+00
  -1.0888390e+01
  -2.6510835e+01
  -1.2070389e+01
  -9.0603273e+00
  -6.9787760e+00
  -5.4253369e+00
  -5.2024182e+00
  -4.9875453e+00
  -5.6941148e+00
  -6.0915671e+00
  -7.0601481e+00
  -1.2773301e+01
  -1.4811608e+01
  -2.3678372e+01
  -1.5664512e+01
  -1.2702806e+01
  -7.9549557e+00
  -6.6411098e+00
  -4.9098190e+00
  -5.6998496e+00
  -9.1626432e+00
  -1.2157298e+01
  -1.1881461e+01
  -8.2201239e+00
  -5.5018124e+00
  -4.5023502e+00
  -3.1920477e+00
  -4.1143334e+00
  -6.6657965e+00
  -6.0846083e+00
  -9.9456234e+00
  -1.9487265e+01
  -3.1075423e+01
  -1.5673758e+01
  -1.3525369e+01
  -1.5997752e+01
  -9.5426877e+00
  -1.0682960e+01
  -1.3219925e+01
  -9.0894310e+00
  -1.0161134e+01
  -1.1573615e+01
  -1.5956283e+01
  -1.7452327e+01
  -1.6297170e+01
  -2.3806554e+01
  -1.2411262e+01
  -1.0831247e+01
  -8.9307275e+00
  -8.2750910e+00
  -8.6654221e+00
  -9.3585709e+00
  -1.4165231e+01
  -1.2660703e+01
  -1.5263827e+01
  -8.0185493e+00
  -5.4845511e+00
  -5.5291133e+00
  -4.8995786e+00
  -6.0485305e+00
  -9.7344952e+00
  -1.5529589e+01
  -2.4870422e+01
  -1.7764937e+01
  -1.1060352e+01
  -9.7621172e+00
  -8.9561683e+00
  -7.4293993e+00
  -7.8633097e+00
  -1.4365686e+01
  -1.9716365e+01
  -2.1189342e+01
  -1.2659122e+01
  -1.0827493e+01
  -9.7537172e+00
  -9.6997151e+00
  -1.1624405e+01
  -1.1610538e+01
  -1.4498028e+01
  -2.1107734e+01
  -1.8596810e+01
  -1.7567442e+01
  -1.1392910e+01
  -1.0277241e+01
  -1.4698744e+01
  -1.4873689e+01
  -1.8559086e+01
  -1.6999284e+01
  -1.6689552e+01
  -1.4513029e+01
  -1.2153909e+01
  -1.1928420e+01
  -1.2507390e+01
  -1.4426234e+01
  -1.9868076e+01
  -2.1004905e+01
  -1.8881256e+01
  -2.1519545e+01
  -1.5595627e+01
  -1.1957938e+01
  -1.1440252e+01
  -1.2372674e+01
  -1.2429348e+01
  -1.1410561e+01
  -1.3694167e+01
  -1.3752735e+01
  -1.4574220e+01
  -3.2873938e+01
  -2.0498078e+01
  -2.6374366e+01
  -1.6245450e+01
  -1.8614147e+01
  -1.3312173e+01
  -1.1658771e+01
  -1.7574600e+01
  -1.7446763e+01
  -1.7239901e+01
  -2.7273342e+01
  -1.7556449e+01
  -1.5988981e+01
  -1.7092518e+01
  -1.6280947e+01
  -1.6397729e+01
  -1.3238308e+01
  -1.2015408e+01
  -1.6693604e+01
  -1.5052129e+01
  -1.4157226e+01
  -1.6283139e+01
  -1.3841513e+01
  -1.7511653e+01
  -2.8838794e+01
  -2.1585342e+01
  -1.3608035e+01
  -1.1856090e+01
  -9.8703398e+00
  -8.6222760e+00
  -9.1259997e+00
  -9.2955445e+00
  -1.1627967e+01
  -1.4479428e+01
  -1.0725048e+01
  -7.2076726e+00
  -5.8475557e+00
  -4.9619143e+00
  -3.5647542e+00
  -2.6248327e+00
  -3.2924837e+00
  -4.3728079e+00
  -4.9686864e+00
  -7.7811131e+00
  -1.3354609e+01
  -2.0858606e+01
  -1.7885233e+01
  -1.2516502e+01
  -9.6859400e+00
  -1.0019570e+01
  -1.0705646e+01
  -1.2674490e+01
  -1.5204334e+01
  -1.5668091e+01
  -1.5133261e+01
  -1.6590201e+01
  -1.3532173e+01
  -1.0888894e+01
  -1.1641501e+01
  -1.0261272e+01
  -1.2355626e+01
  -1.6050467e+01
  -2.0254945e+01
  -2.4680766e+01
  -2.2953203e+01
  -2.2988074e+01
  -1.7259195e+01
  -1.5034430e+01
  -1.4154035e+01
  -1.7588079e+01
  -1.8007616e+01
  -1.9627874e+01
  -2.9992335e+01
  -2.6612743e+01
  -2.4685925e+01
  -1.5599569e+01
  -1.1961099e+01
  -1.0197397e+01
  -9.7596173e+00
  -1.0855209e+01
  -1.4182535e+01
  -1.5791236e+01
  -1.8879726e+01
  -3.1181938e+01
  -3.0454553e+01
  -1.7877979e+01
  -1.6908877e+01
  -1.5001047e+01
  -1.2959821e+01
  -1.3967219e+01
  -1.2139439e+01
  -1.5753484e+01
  -1.9301573e+01
  -1.8095063e+01
  -2.2505676e+01
  -2.3948056e+01
  -1.9546430e+01
  -1.4900164e+01
  -1.1161022e+01
  -1.0299729e+01
  -1.1189068e+01
  -1.1752504e+01
  -1.4710324e+01
  -2.5420307e+01
  -2.0094448e+01
  -2.1432877e+01
  -2.1168241e+01
  -2.0887012e+01
  -1.6565992e+01
  -1.2442931e+01
  -1.8193786e+01
  -2.1931252e+01
  -2.6530779e+01
  -2.1563695e+01
  -2.7920781e+01
  -1.6545906e+01
  -1.5981600e+01
  -1.7284991e+01
  -1.5544048e+01
  -1.8440698e+01
  -1.7628088e+01
  -2.3479325e+01
  -2.4920786e+01
  -2.6346598e+01
  -1.6885877e+01
  -1.6395161e+01
  -1.7319998e+01
  -2.5467872e+01
  -2.5020010e+01
  -2.3565347e+01
  -2.6078730e+01
  -1.7133416e+01
  -1.3980147e+01
  -1.3107025e+01
  -1.0885225e+01
  -1.3986367e+01
  -1.6470853e+01
  -1.3374022e+01
  -2.1510324e+01
  -2.8345722e+01
  -2.8171121e+01
  -1.7165550e+01
  -1.7977260e+01
  -1.7596805e+01
  -2.0840118e+01
  -1.8053661e+01
  -2.1825072e+01
  -1.9457492e+01
  -1.6072840e+01
  -2.2317470e+01
  -2.1301356e+01
  -1.5407646e+01
  -1.6189685e+01
  -1.5662218e+01
  -1.3108294e+01
  -1.8194778e+01
  -1.2849059e+01
  -1.1982671e+01
  -1.4248687e+01
  -1.7693659e+01
  -2.9249937e+01
  -2.3571465e+01
  -3.4087833e+01
  -2.0371369e+01
  -1.9863296e+01
  -1.7752795e+01
  -1.6275461e+01
  -1.6221838e+01
  -1.9658764e+01
  -2.3037018e+01
  -2.1796957e+01
  -2.4095112e+01
  -1.9465026e+01
  -2.0065440e+01
  -2.0249620e+01
  -1.6067842e+01
  -1.9741837e+01
  -2.2737174e+01
  -2.2217410e+01
  -2.6846848e+01
  -2.5987534e+01
  -1.8165964e+01
  -1.7983892e+01
  -1.7829410e+01
  -1.6709410e+01
  -1.9033967e+01
  -1.4126141e+01
  -1.4210350e+01
  -1.9520370e+01
  -2.5446722e+01
  -2.5831651e+01
  -2.3609169e+01
  -2.9818126e+01
  -2.2576126e+01
  -1.9349433e+01
  -1.4813372e+01
  -1.0644555e+01
  -1.1540867e+01
  -1.3317260e+01
  -1.3273300e+01
  -1.7724364e+01
  -2.1260414e+01
  -2.7771717e+01
  -2.2640393e+01
  -2.4552158e+01
  -1.8877016e+01
  -2.0182559e+01
  -2.1497692e+01
  -1.5170493e+01
  -1.8781025e+01
  -2.4434327e+01
  -3.2442847e+01
  -1.6604932e+01
  -1.5379531e+01
  -1.6022183e+01
  -1.2689192e+01
  -1.3686588e+01
  -1.5574704e+01
  -1.7111380e+01
  -2.0329820e+01
  -2.0749943e+01
  -1.8389953e+01
  -1.6587347e+01
  -1.5326005e+01
  -1.7312465e+01
  -2.5329526e+01
  -1.6831905e+01
  -2.0256704e+01
  -2.1569050e+01
  -1.7261686e+01
  -1.9311688e+01
  -1.6979703e+01
  -2.0295527e+01
  -1.6305343e+01
  -1.9184067e+01
  -3.6117766e+01
  -3.2420558e+01
  -2.1122673e+01
  -1.8221010e+01
  -1.8035395e+01
  -1.4863235e+01
  -1.2463663e+01
  -1.2513448e+01
  -1.8769867e+01
  -1.5559099e+01
  -2.0933499e+01
  -1.9827311e+01
  -1.7360660e+01
  -2.8294642e+01
  -2.7180561e+01
  -3.2875931e+01
  -3.1213815e+01
  -1.8661503e+01
  -1.6581977e+01
  -1.9177131e+01
  -2.3105662e+01
  -2.1065179e+01
  -1.9054256e+01
  -2.1197067e+01
  -1.4053701e+01
  -1.6841105e+01
  -2.9332403e+01
  -2.5814186e+01
  -2.0056142e+01
  -1.9700858e+01
  -2.3736094e+01
  -1.5863401e+01
  -1.8071815e+01
  -3.7466492e+01
  -2.5159222e+01
  -2.4834120e+01
  -2.2431186e+01
  -2.5964819e+01
  -3.5334613e+01
  -4.4194394e+01
  -3.2021501e+01
  -2.5848177e+01
  -2.2826637e+01
  -1.9721918e+01
  -1.5902970e+01
  -1.7855004e+01
  -1.7917249e+01
  -1.6829341e+01
  -1.9691178e+01
  -2.1797188e+01
  -2.5721066e+01
  -2.1034658e+01
  -2.3782278e+01
  -1.4584585e+01
  -1.7710743e+01
  -1.7330610e+01
  -1.6450117e+01
  -3.4985036e+01
  -2.0437888e+01
  -2.0073801e+01
  -2.3389703e+01
  -1.5294583e+01
  -1.1528230e+01
  -1.2771563e+01
  -1.5530991e+01
  -1.8120361e+01
  -1.4243468e+01
  -1.4750325e+01
  -1.8883882e+01
  -2.0495354e+01
  -2.3414664e+01
  -2.1718850e+01
  -1.6709064e+01
  -1.5697071e+01
  -1.5051994e+01
  -1.6940991e+01
  -1.8433767e+01
  -1.6368185e+01
  -2.5289712e+01
  -1.8102332e+01
  -2.5210422e+01
  -1.7763822e+01
  -1.9050428e+01
  -1.9208780e+01
  -1.4657664e+01
  -2.3968205e+01
  -1.6015839e+01
  -1.5584062e+01
  -2.2364867e+01
  -1.8420653e+01
  -1.3622618e+01
  -1.6407370e+01
  -1.7712935e+01
  -1.6755111e+01
  -1.8481205e+01
  -1.4963164e+01
  -1.9500185e+01
  -3.3141631e+01
  -2.8192780e+01
  -1.8427794e+01
  -1.9392529e+01
  -1.9987279e+01
  -1.8667398e+01
  -1.6459471e+01
  -1.6249571e+01
  -1.7175499e+01
  -1.5648690e+01
  -1.8410506e+01
  -1.9349865e+01
  -1.9669946e+01
  -2.4720573e+01
  -2.5249743e+01
  -2.2785678e+01
  -2.3274860e+01
  -2.8755075e+01
  -2.5856387e+01
  -2.2029262e+01
  -2.0258666e+01
  -2.0256442e+01
  -2.1098963e+01
  -1.9232334e+01
  -1.7455192e+01
  -1.5454743e+01
  -1.6846771e+01
  -1.7964718e+01
  -1.5052453e+01
  -1.5503308e+01
  -2.0184236e+01
  -2.0350348e+01
  -1.9308522e+01
  -1.9244280e+01
  -1.7634253e+01
  -2.0708644e+01
  -1.7727664e+01
  -1.4389134e+01
  -1.6477582e+01
  -1.8143435e+01
  -1.8899390e+01
  -2.5088316e+01
  -2.4754582e+01
  -3.5145788e+01
  -3.0979932e+01
  -3.3320449e+01
  -2.4219008e+01
  -2.4090622e+01
  -2.4213288e+01
  -1.7259094e+01
  -1.6350292e+01
  -2.2445577e+01
  -2.6720425e+01
  -2.5778231e+01
  -2.9023964e+01
  -2.8093215e+01
  -2.5882919e+01
  -2.2968071e+01
  -1.9868563e+01
  -1.7298006e+01
  -1.6548340e+01
  -1.9211353e+01
  -2.4795209e+01
  -1.7870733e+01
  -1.8830048e+01
  -2.6874238e+01
  -3.4026815e+01
  -2.5442621e+01
  -2.1066560e+01
  -1.8746184e+01
  -1.6454811e+01
  -1.6679082e+01
  -1.5715493e+01
  -1.3580307e+01
  -1.7653416e+01
  -1.9552705e+01
  -1.6210691e+01
  -2.6000706e+01
  -2.4009092e+01
  -2.6029316e+01
  -2.3614651e+01
  -2.9844966e+01
  -2.0633439e+01
  -1.7898199e+01
  -2.5711503e+01
  -1.9596821e+01
  -2.2891307e+01
  -2.5692315e+01
  -2.2096457e+01
  -2.3914424e+01
  -2.7939640e+01
  -2.3955123e+01
  -2.5965361e+01
  -1.9517567e+01
  -1.8795048e+01
  -2.9638386e+01
  -3.0616369e+01
  -2.7564266e+01
  -2.5155073e+01
  -1.9440578e+01
  -1.6656471e+01
  -1.8530418e+01
  -1.5426428e+01
  -1.5744640e+01
  -1.6348724e+01
  -1.4579589e+01
  -1.6407009e+01
  -1.9842818e+01
  -2.0902181e+01
  -1.9272956e+01
  -1.9300628e+01
  -2.3431136e+01
  -1.8775900e+01
  -1.7172811e+01
  -2.0312720e+01
  -2.2421963e+01
  -2.8408843e+01
  -3.4103504e+01
  -2.6549317e+01
  -2.8262631e+01
  -2.4283359e+01
  -1.9719772e+01
  -2.0472778e+01
  -2.1255247e+01
  -2.6371897e+01
  -1.8001558e+01
  -2.2281821e+01
  -2.5444668e+01
  -2.1989245e+01
  -3.1316925e+01
  -2.6882344e+01
  -2.7614586e+01
  -2.0785446e+01
  -1.9833223e+01
  -1.6848686e+01
  -2.2763893e+01
  -1.7407980e+01
  -1.6963636e+01
  -2.3934086e+01
  -2.3872160e+01
  -2.6734538e+01
  -2.5446667e+01
  -2.0064335e+01
  -2.0531234e+01
  -1.7430163e+01
  -1.4880759e+01
  -1.8238136e+01
  -1.8619493e+01
  -1.9505419e+01
  -2.2720579e+01
  -2.2374330e+01
  -2.6624972e+01
  -3.4245878e+01
  -2.4109803e+01
  -1.7815853e+01
  -1.6618223e+01
  -2.1029505e+01
  -1.9931580e+01
  -1.7269122e+01
  -2.0986830e+01
  -2.6566936e+01
  -1.9287909e+01
  -2.3431407e+01
  -2.4711921e+01
  -1.9172933e+01
  -2.4403864e+01
  -1.9291945e+01
  -1.9993387e+01
  -2.6753815e+01
  -2.5652428e+01
  -1.8879447e+01
  -1.6192947e+01
  -1.7399756e+01
  -1.7688791e+01
  -1.7763144e+01
  -1.9262895e+01
  -2.3245226e+01
  -3.0032719e+01
  -3.0004478e+01
  -2.7069420e+01
  -2.6951643e+01
  -1.9950824e+01
  -1.6912130e+01
  -1.5888198e+01
  -1.5675431e+01
  -1.7574325e+01
  -2.0009147e+01
  -2.7323478e+01
  -2.8449193e+01
  -2.6669686e+01
  -1.8029175e+01
  -1.7220188e+01
  -1.8024779e+01
  -1.5875418e+01
  -1.9235863e+01
  -2.0145204e+01
  -1.9912825e+01
  -2.2855748e+01
  -2.4022636e+01
  -2.4838053e+01
  -1.8230760e+01
  -1.7690611e+01
  -1.7629932e+01
  -1.7143694e+01
  -1.8075274e+01
  -1.7282744e+01
  -1.7492589e+01
  -1.9559356e+01
  -1.5956525e+01
  -1.4902450e+01
  -2.0344493e+01
  -1.6499945e+01
  -1.5770023e+01
  -2.4506108e+01
  -2.9462297e+01
  -2.5664841e+01
  -2.3456974e+01
  -2.4057080e+01
  -2.0827595e+01
  -1.8609234e+01
  -2.0123881e+01
  -2.6898453e+01
  -2.3155610e+01
  -2.1654992e+01
  -2.3565474e+01
  -2.4712699e+01
  -2.3487115e+01
  -1.9453671e+01
  -1.8492931e+01
  -1.8084999e+01
  -1.5451000e+01
  -1.7852239e+01
  -2.4417480e+01
  -2.4109094e+01
  -3.3939801e+01
  -2.7201866e+01
  -2.6654119e+01
  -2.3674854e+01
  -2.1712760e+01
  -2.6604035e+01
  -2.5815718e+01
  -2.1998903e+01
  -2.3824121e+01
  -2.0707711e+01
  -2.1522958e+01
  -2.1063019e+01
  -2.2204856e+01
  -2.6972148e+01
  -3.0911824e+01
  -2.0954938e+01
  -2.6241468e+01
  -2.0561454e+01
  -1.7575758e+01
  -2.1017513e+01
  -2.6041077e+01
  -2.9187120e+01
  -2.4423587e+01
  -2.4007782e+01
  -2.5693595e+01
  -2.3207366e+01
  -1.9472166e+01
  -1.8825494e+01
  -1.7002103e+01
  -2.0413312e+01
  -3.5283200e+01
  -3.3831954e+01
  -3.3514357e+01
  -2.6507097e+01
  -2.1529326e+01
  -2.3313643e+01
  -2.1285944e+01
  -2.0448711e+01
  -1.8815398e+01
  -1.6878498e+01
  -1.9911854e+01
  -2.2841868e+01
  -2.1010043e+01
  -1.9480817e+01
  -1.9557351e+01
  -1.8982433e+01
  -1.8614282e+01
  -1.8351714e+01
  -1.6326397e+01
  -1.4500710e+01
  -1.6883028e+01
  -2.6159981e+01
  -2.1471925e+01
  -1.8470671e+01
  -1.8372530e+01
  -1.6365174e+01
  -1.5182835e+01
  -1.8222722e+01
  -2.5322849e+01
  -1.7535383e+01
  -1.8432821e+01
  -3.0117889e+01
  -3.6329614e+01
  -3.1424278e+01
  -2.3221355e+01
  -1.9209531e+01
  -1.6994073e+01
  -1.8650941e+01
  -1.8625056e+01
  -1.9425135e+01
  -2.5343713e+01
  -1.9978024e+01
  -1.9016216e+01
  -2.2139370e+01
  -2.4853984e+01
  -2.0117929e+01
  -1.7064165e+01
  -1.5259701e+01
  -1.6045982e+01
  -2.0339675e+01
  -1.8229924e+01
  -1.8242052e+01
  -1.9375522e+01
  -2.4442424e+01
  -3.3777880e+01
  -2.5485499e+01
  -2.4142065e+01
  -3.8909328e+01
  -1.8563219e+01
  -1.8159708e+01
  -3.5375463e+01
  -2.1563751e+01
  -2.5772727e+01
  -2.7536407e+01
  -2.4809038e+01
  -2.6271270e+01
  -4.6048771e+01
  -3.0685063e+01
  -2.9873080e+01
  -2.2597064e+01
  -2.6331612e+01
  -2.6786277e+01
  -3.4928822e+01
  -2.5205954e+01
  -2.5825999e+01
  -2.7011633e+01
  -2.4256799e+01
  -2.2894863e+01
  -2.0349279e+01
  -2.3195989e+01
  -2.3042306e+01
  -2.4199212e+01
  -2.3629745e+01
  -3.0044659e+01
  -2.8248780e+01
  -2.8445589e+01
  -2.0056983e+01
  -2.0089894e+01
  -2.1467106e+01
  -1.9054555e+01
  -2.0639564e+01
  -2.7719064e+01
  -4.3922745e+01
  -3.4412316e+01
  -2.6684197e+01
  -2.4863159e+01
  -2.2757493e+01
  -2.1293513e+01
  -2.3233072e+01
  -2.3410620e+01
  -2.2998553e+01
  -2.4182349e+01
  -2.9520097e+01
  -2.7194271e+01
  -2.3720773e+01
  -3.3643188e+01
  -1.9384300e+01
  -2.0495179e+01
  -2.5570110e+01
  -2.2145218e+01
  -3.2495415e+01
  -2.0144454e+01
  -2.4540792e+01
  -3.2381044e+01
  -2.9855571e+01
  -2.5613276e+01
  -2.7077829e+01
  -2.4824426e+01
  -2.8321497e+01
  -2.7498969e+01
  -2.3681743e+01
  -2.2747442e+01
  -1.8732559e+01
  -2.1478423e+01
  -2.1846357e+01
  -2.1851581e+01
  -2.3561628e+01
  -2.0862031e+01
  -1.9906707e+01
  -2.3530553e+01
  -1.9973249e+01
  -1.6577904e+01
  -1.6618979e+01
  -2.1476987e+01
  -2.2973083e+01
  -2.0225988e+01
  -2.1439440e+01
  -1.8849388e+01
  -1.7517560e+01
  -1.9292868e+01
  -1.9807190e+01
  -1.8209767e+01
  -2.1413902e+01
  -2.0287734e+01
  -1.7921647e+01
  -2.1795566e+01
  -3.3445093e+01
  -2.0765783e+01
  -1.8304375e+01
  -1.8529477e+01
  -1.6486217e+01
  -1.5725601e+01
  -1.6190114e+01
  -1.7182894e+01
  -1.8647989e+01
  -1.9078547e+01
  -2.0866874e+01
  -2.1809618e+01
  -2.1093570e+01
  -2.2968670e+01
  -2.1398039e+01
  -1.8686505e+01
  -2.2843157e+01
  -2.4275775e+01
  -2.5165707e+01
  -3.5473505e+01
  -2.5708762e+01
  -2.4824113e+01
  -2.7615557e+01
  -4.2958485e+01
  -3.0218830e+01
  -2.6942009e+01
  -2.6251736e+01
  -2.8509085e+01
  -2.4377245e+01
  -1.8373314e+01
  -1.9139486e+01
  -2.1214012e+01
  -1.7934799e+01
  -1.8478519e+01
  -2.0740893e+01
  -2.3347063e+01
  -2.1958175e+01
  -2.6674767e+01
  -3.5899773e+01
  -3.4689001e+01
  -2.7792946e+01
  -2.3315359e+01
  -2.8994379e+01
  -3.5588511e+01
  -2.8105877e+01
  -3.0056469e+01
  -2.5995314e+01
  -2.2995421e+01
  -2.6736754e+01
  -3.7881202e+01
  -2.6994940e+01
  -4.0049598e+01
  -2.3847614e+01
  -2.1733045e+01
  -1.9957282e+01
  -1.8702961e+01
  -2.2791374e+01
  -2.2426056e+01
  -2.0167835e+01
  -2.1818272e+01
  -3.2459358e+01
  -3.2112011e+01
  -3.3137518e+01
  -2.9075770e+01
  -3.2867686e+01
  -2.7987575e+01
  -2.4850382e+01
  -2.1439538e+01
  -2.3810257e+01
  -2.5764836e+01
  -1.8765974e+01
  -1.9561012e+01
  -2.5685416e+01
  -3.8589634e+01
  -2.7863652e+01
  -3.4500262e+01
  -2.3863186e+01
  -2.0264820e+01
  -2.1073849e+01
  -1.9459359e+01
  -2.0076033e+01
  -2.7859022e+01
  -2.9098212e+01
  -2.4196226e+01
  -2.1768012e+01
  -2.0820516e+01
  -2.3349582e+01
  -1.9269431e+01
  -1.7038753e+01
  -1.9057134e+01
  -1.6670694e+01
  -1.7181623e+01
  -2.3518237e+01
  -2.9179363e+01
  -3.2943865e+01
  -2.4619135e+01
  -2.3360623e+01
  -2.3122554e+01
  -2.2677471e+01
  -2.9162401e+01
  -2.9054327e+01
  -2.5462467e+01
  -3.6562413e+01
  -2.3366144e+01
  -2.4980397e+01
  -3.4297953e+01
  -3.0041348e+01
  -3.4864083e+01
  -3.2985784e+01
  -2.5375873e+01
  -2.0669968e+01
  -2.0786907e+01
  -2.9861396e+01
  -2.5498723e+01
  -2.1666990e+01
  -2.2653222e+01
  -2.6064097e+01
  -2.7690943e+01
  -2.9400694e+01
  -3.1914777e+01
  -2.7933419e+01
  -2.7624568e+01
  -2.4616253e+01
  -2.1043262e+01
  -2.1635260e+01
  -2.5430541e+01
  -2.7903848e+01
  -2.9691384e+01
  -3.8438580e+01
  -2.5352713e+01
  -2.6654830e+01
  -3.0504742e+01
  -2.8222305e+01
  -2.9072392e+01
  -2.2848505e+01
  -2.8461438e+01
  -2.4506273e+01
  -2.3742721e+01
  -2.9939357e+01
  -3.7352502e+01
  -2.6833717e+01
  -3.4607446e+01
  -2.7027228e+01
  -2.6007909e+01
  -3.7831284e+01
  -4.1065292e+01
  -2.5964921e+01
  -2.3374159e+01
  -2.3893838e+01
  -2.3837896e+01
  -3.7460996e+01
  -2.6348643e+01
  -2.8583901e+01
  -3.5575177e+01
  -3.7003596e+01
  -2.7469944e+01
  -3.3628842e+01
  -2.6499489e+01
  -3.1261068e+01
  -2.4903331e+01
  -2.0958429e+01
  -2.4772468e+01
  -2.5273117e+01
  -2.6399552e+01
  -3.5308497e+01
  -3.2787036e+01
  -2.7895848e+01
  -3.0895158e+01
  -2.5557594e+01
  -1.8445074e+01
  -1.9047584e+01
  -2.6273174e+01
  -2.6780562e+01
  -3.5183851e+01
  -1.9831367e+01
  -1.8541718e+01
  -2.4875626e+01
  -2.8052333e+01
  -2.9072980e+01
  -3.0842009e+01
  -2.2798592e+01
  -2.6372011e+01
  -2.3662187e+01
  -2.2525075e+01
  -3.0377284e+01
  -2.5649974e+01
  -2.0860952e+01
  -2.2593705e+01
  -3.0029174e+01
  -2.1228599e+01
  -2.0429875e+01
  -2.1989674e+01
  -1.9206788e+01
  -1.9263141e+01
  -2.6109445e+01
  -2.7664552e+01
  -2.2115546e+01
  -2.4490202e+01
  -3.1388963e+01
  -2.6951412e+01
  -2.3610802e+01
  -2.3112874e+01
  -4.0420381e+01
  -2.2747828e+01
  -2.4403813e+01
  -2.4802891e+01
  -2.0482982e+01
  -1.9995729e+01
  -1.8343270e+01
  -1.9437034e+01
  -2.2133417e+01
  -2.6593737e+01
  -4.0115162e+01
  -3.9889444e+01
  -3.7896570e+01
  -3.6236397e+01
  -2.5244478e+01
  -2.0114079e+01
  -2.0485597e+01
  -4.4010083e+01
  -1.8871742e+01
  -1.5862310e+01
  -1.9648002e+01
  -2.8347952e+01
  -2.7344763e+01
  -2.9907545e+01
  -2.7879208e+01
  -2.5174873e+01
  -2.5664552e+01
  -3.0349454e+01
  -2.2078102e+01
  -2.0164609e+01
  -2.7104199e+01
  -2.5408993e+01
  -2.0583306e+01
  -2.1778150e+01
  -2.6899429e+01
  -3.1977074e+01
  -3.0321432e+01
  -2.8054310e+01
  -2.4995041e+01
  -2.9424329e+01
  -2.8847307e+01
  -2.5966245e+01
  -2.6439786e+01
  -3.6608876e+01
  -3.0389072e+01
  -3.2284141e+01
  -4.0510454e+01
  -2.9824657e+01
  -2.2220226e+01
  -2.5042316e+01
  -2.6510924e+01
  -1.9243332e+01
  -2.1405554e+01
  -1.8790318e+01
  -1.5239251e+01
  -1.6390102e+01
  -2.0136897e+01
  -2.1098318e+01
  -2.4889408e+01
  -3.0556105e+01
  -2.4622830e+01
  -2.3659861e+01
  -2.6794126e+01
  -2.0175652e+01
  -1.8831131e+01
  -2.0996358e+01
  -2.1363782e+01
  -1.9916268e+01
  -2.0308410e+01
  -2.2602678e+01
  -2.5365646e+01
  -2.6369241e+01
  -2.5544763e+01
  -2.5276555e+01
  -2.2356701e+01
  -2.0825597e+01
  -2.4988196e+01
  -2.4019313e+01
  -1.9361067e+01
  -2.4157047e+01
  -3.8497197e+01
  -4.0901697e+01
  -3.2545127e+01
  -3.3233815e+01
  -2.4487590e+01
  -2.1890837e+01
  -2.7572500e+01
  -2.3625440e+01
  -1.9181873e+01
  -2.4700234e+01
  -2.7175155e+01
  -2.3668214e+01
  -4.1343199e+01
  -2.8085983e+01
  -3.6276450e+01
  -3.6227146e+01
  -2.7529684e+01
  -2.3027838e+01
  -2.8014858e+01
  -2.6395688e+01
  -2.8648020e+01
  -2.7408277e+01
  -2.3598790e+01
  -2.4600704e+01
  -2.2153335e+01
  -1.8953766e+01
  -2.1186513e+01
  -2.7493093e+01
  -2.1225942e+01
  -1.9488825e+01
  -1.9936905e+01
  -2.0863539e+01
  -2.0418515e+01
  -2.2830593e+01
  -2.4717132e+01
  -1.8688762e+01
  -1.9113009e+01
  -2.4253230e+01
  -2.0769479e+01
  -1.9041190e+01
  -1.7366072e+01
  -1.5336732e+01
  -1.6485268e+01
  -1.5995073e+01
  -1.2660785e+01
  -1.2401567e+01
  -1.3118266e+01
  -1.4101273e+01
  -1.3840011e+01
  -1.3315475e+01
  -1.5081632e+01
  -1.4294580e+01
  -1.2120406e+01
  -1.2008837e+01
  -1.1595058e+01
  -1.1958452e+01
  -1.3158273e+01
  -1.3277069e+01
  -1.4366450e+01
  -1.4575768e+01
  -1.6319418e+01
  -2.0870611e+01
  -1.6671420e+01
  -1.5130470e+01
  -1.7116958e+01
  -1.5200461e+01
  -1.4020547e+01
  -1.5443116e+01
  -1.7541720e+01
  -1.8098067e+01
  -1.8113284e+01
  -2.0749841e+01
  -1.9406515e+01
  -1.6523325e+01
  -2.1145591e+01
  -2.2851911e+01
  -1.8685247e+01
  -2.7749528e+01
  -2.2475314e+01
  -2.2173628e+01
  -3.6201874e+01
  -2.8650562e+01
  -2.5700660e+01
  -3.0850717e+01
  -2.4693186e+01
  -2.1713949e+01
  -2.4967490e+01
  -2.4749970e+01
  -2.4638157e+01
  -3.9825105e+01
  -3.0038664e+01
  -3.1189890e+01
  -2.7169592e+01
  -2.7947894e+01
  -2.8695074e+01
  -2.9005177e+01
  -2.4051978e+01
  -2.2232954e+01
  -2.9593607e+01
  -2.9789452e+01
  -2.6667847e+01
  -2.7148958e+01
  -2.5591088e+01
  -2.5295211e+01
  -2.6687339e+01
  -2.7110313e+01
  -2.8718001e+01
  -2.9318383e+01
  -3.5068774e+01
  -4.0108400e+01
  -2.7946098e+01
  -2.3652926e+01
  -2.8352403e+01
  -2.7500184e+01
  -2.2633562e+01
  -2.1742563e+01
  -2.4411046e+01
  -3.4071655e+01
  -2.9133760e+01
  -2.1165614e+01
  -2.0756019e+01
  -2.7502053e+01
  -2.4594950e+01
  -2.2409802e+01
  -2.2569566e+01
  -2.1458117e+01
  -2.1284873e+01
  -2.4370465e+01
  -2.7240327e+01
  -2.1611355e+01
  -1.8118075e+01
  -2.0471074e+01
  -2.1962041e+01
  -1.7935856e+01
  -1.9745327e+01
  -2.8451867e+01
  -2.5118283e+01
  -2.2716122e+01
  -2.3616283e+01
  -2.3788715e+01
  -1.7354327e+01
  -1.6170280e+01
  -1.8315041e+01
  -1.8658606e+01
  -1.7555929e+01
  -1.6533856e+01
  -1.7138949e+01
  -1.8756590e+01
  -1.7876690e+01
  -1.6967447e+01
  -1.6861156e+01
  -1.5251712e+01
  -1.3881771e+01
  -1.3355967e+01
  -1.4466683e+01
  -1.5766573e+01
  -1.4477674e+01
  -1.3668088e+01
  -1.2674984e+01
  -1.2010902e+01
  -1.3958077e+01
  -1.4699068e+01
  -1.2762312e+01
  -1.2863918e+01
  -1.3514502e+01
  -1.4508414e+01
  -1.4950401e+01
  -1.3261228e+01
  -1.3668988e+01
  -1.3369242e+01
  -1.1891340e+01
  -1.3850565e+01
  -1.4927439e+01
  -1.4426406e+01
  -1.7519498e+01
  -2.2362722e+01
  -2.2823069e+01
  -2.0866610e+01
  -2.1305324e+01
  -2.1497928e+01
  -1.6968862e+01
  -1.6842398e+01
  -1.9431079e+01
  -1.9548087e+01
  -2.5786483e+01
  -3.1732343e+01
  -2.6494209e+01
  -2.7519953e+01
  -3.6845947e+01
  -3.1845668e+01
  -3.0422867e+01
  -2.9205566e+01
  -2.6079983e+01
  -2.3273488e+01
  -2.3331081e+01
  -2.6726318e+01
  -2.9026942e+01
  -2.8809755e+01
  -2.4535378e+01
  -2.1700342e+01
  -2.4086555e+01
  -3.4801972e+01
  -2.2993536e+01
  -2.5156719e+01
  -2.6543529e+01
  -3.0125573e+01
  -3.2955551e+01
  -2.5511126e+01
  -2.8171702e+01
  -3.0780202e+01
  -2.4750977e+01
  -2.7119118e+01
  -3.1248839e+01
  -2.3977103e+01
  -2.3345851e+01
  -2.9608756e+01
  -3.2390276e+01
  -2.8564023e+01
  -3.6851907e+01
  -4.5491623e+01
  -2.6428885e+01
  -2.2067512e+01
  -2.2532583e+01
  -2.4527717e+01
  -4.1405338e+01
  -2.2041431e+01
  -2.0692364e+01
  -2.6613576e+01
  -3.5621375e+01
  -2.5113107e+01
  -2.6539715e+01
  -2.3705716e+01
  -1.9560583e+01
  -2.1428801e+01
  -2.4703359e+01
  -2.4664546e+01
  -2.7472200e+01
  -2.1919767e+01
  -1.9006311e+01
  -2.1676864e+01
  -1.8606329e+01
  -1.5932916e+01
  -2.0399301e+01
  -2.1461279e+01
  -1.9723210e+01
  -3.1736707e+01
  -2.5972706e+01
  -2.9651664e+01
  -2.4280175e+01
  -2.6265342e+01
  -2.1604897e+01
  -2.0905659e+01
  -2.7278777e+01
  -2.3991414e+01
  -2.8969003e+01
  -2.7714013e+01
  -2.5084985e+01
  -2.5305076e+01
  -2.6682604e+01
  -3.4491344e+01
  -2.9998133e+01
  -2.3701559e+01
  -2.4597435e+01
  -3.2305516e+01
  -4.3166624e+01
  -2.7800151e+01
  -2.2518578e+01
  -2.5688163e+01
  -2.6288366e+01
  -1.9569294e+01
  -2.2847055e+01
  -3.6161435e+01
  -3.6276206e+01
  -2.9097349e+01
  -3.1432889e+01
  -3.0582723e+01
  -2.4314964e+01
  -2.0353259e+01
  -1.8692852e+01
  -2.5580083e+01
  -2.5007170e+01
  -2.3047232e+01
  -3.2293260e+01
  -4.6947651e+01
  -3.0331542e+01
  -2.6146490e+01
  -3.3445984e+01
  -2.4470976e+01
  -2.1611065e+01
  -2.1390459e+01
  -2.2040517e+01
  -2.6819340e+01
  -2.5548080e+01
  -2.6060446e+01
  -3.3031087e+01
  -3.5458675e+01
  -2.9186280e+01
  -2.8754522e+01
  -2.5875153e+01
  -2.6536624e+01
  -3.1966381e+01
  -2.7091115e+01
  -2.3974605e+01
  -2.2899185e+01
  -2.6653801e+01
  -3.0641355e+01
  -2.4588892e+01
  -2.4500357e+01
  -2.2242157e+01
  -1.9592342e+01
  -2.1133196e+01
  -2.1788208e+01
  -2.1316450e+01
  -2.1473384e+01
  -2.1828333e+01
  -2.5019685e+01
  -2.5041764e+01
  -1.9986017e+01
  -1.9475212e+01
  -2.2475043e+01
  -2.2474191e+01
  -2.2543370e+01
  -2.1752204e+01
  -2.1993795e+01
  -2.9268612e+01
  -3.5355396e+01
  -3.3064547e+01
  -2.5220313e+01
  -2.9931560e+01
  -2.7936255e+01
  -2.3638938e+01
  -3.0480060e+01
  -2.7945566e+01
  -2.7279713e+01
  -3.3506961e+01
  -2.7315235e+01
  -2.3534823e+01
  -2.0759415e+01
  -2.1329928e+01
  -4.0239893e+01
  -2.3859286e+01
  -2.5600329e+01
  -3.4828375e+01
  -3.0057268e+01
  -3.8595222e+01
  -3.2338085e+01
  -2.6759793e+01
  -2.4957399e+01
  -2.8381781e+01
  -2.5484476e+01
  -2.7131995e+01
  -3.5271867e+01
  -3.7738664e+01
  -3.4461010e+01
  -3.4710570e+01
  -2.8257411e+01
  -3.7120018e+01
  -2.8756151e+01
  -3.2939048e+01
  -2.9290509e+01
  -2.5801531e+01
  -2.7157498e+01
  -2.7203417e+01
  -2.8888664e+01
  -2.9426422e+01
  -2.8917224e+01
  -3.2926858e+01
  -3.0620402e+01
  -2.6133964e+01
  -3.0039150e+01
  -3.6963475e+01
  -2.8144078e+01
  -2.1623507e+01
  -2.0774212e+01
  -2.3570302e+01
  -2.1492866e+01
  -2.1042513e+01
  -2.3119856e+01
  -2.0356886e+01
  -1.9065890e+01
  -2.5177996e+01
  -2.1248625e+01
  -1.5851244e+01
  -1.6567391e+01
  -1.7512289e+01
  -1.8703170e+01
  -2.2079882e+01
  -2.1211524e+01
  -2.0830875e+01
  -1.8984316e+01
  -1.7595972e+01
  -1.8846125e+01
  -1.6350624e+01
  -1.5988331e+01
  -1.8391008e+01
  -1.6411013e+01
  -1.8247586e+01
  -2.7288498e+01
  -2.2538435e+01
  -2.0380067e+01
  -2.0659227e+01
  -1.9917051e+01
  -2.0123852e+01
  -2.1933193e+01
  -2.3352122e+01
  -2.2041620e+01
  -2.3228275e+01
  -2.8298005e+01
  -2.7323652e+01
  -2.7717902e+01
  -3.1555961e+01
  -2.4937029e+01
  -2.1514899e+01
  -2.2159430e+01
  -3.3102298e+01
  -2.4773298e+01
  -2.1274370e+01
  -2.5763392e+01
  -3.5440795e+01
  -3.2969526e+01
  -2.9232235e+01
  -3.0307534e+01
  -2.7179882e+01
  -2.5248813e+01
  -2.3894491e+01
  -2.6002324e+01
  -3.0419604e+01
  -3.4316465e+01
  -4.2014324e+01
  -2.6651895e+01
  -2.2089701e+01
  -2.9975290e+01
  -2.5054353e+01
  -2.3514963e+01
  -2.8260997e+01
  -2.3780250e+01
  -2.8071416e+01
  -2.8842522e+01
  -3.6489033e+01
  -3.3187146e+01
  -2.7370158e+01
  -2.3607008e+01
  -2.6916323e+01
  -2.0644015e+01
  -2.0684150e+01
  -3.2383423e+01
  -2.7120042e+01
  -3.2556151e+01
  -3.3854809e+01
  -3.1018558e+01
  -3.6593502e+01
  -3.3709887e+01
  -3.0366928e+01
  -2.5967860e+01
  -2.7665100e+01
  -2.3193049e+01
  -2.2208053e+01
  -3.8721292e+01
  -2.5865531e+01
  -3.8770122e+01
  -2.2898298e+01
  -2.1711380e+01
  -3.4201233e+01
  -2.7644630e+01
  -3.4253433e+01
  -2.9217376e+01
  -2.7831554e+01
  -3.0315682e+01
  -2.7415710e+01
  -2.3898964e+01
  -2.4502960e+01
  -2.4586830e+01
  -2.6633045e+01
  -3.5699186e+01
  -3.4559876e+01
  -2.8900643e+01
  -2.3778771e+01
  -2.0099517e+01
  -2.0005302e+01
  -2.1001139e+01
  -1.8171428e+01
  -1.8797488e+01
  -2.4167417e+01
  -2.5001855e+01
  -2.2720915e+01
  -2.1462933e+01
  -1.8201450e+01
  -1.6170778e+01
  -1.6918696e+01
  -2.0839006e+01
  -2.3846578e+01
  -2.0816263e+01
  -2.0078787e+01
  -1.9940206e+01
  -1.9234121e+01
  -1.9441944e+01
  -1.7501536e+01
  -1.4325775e+01
  -1.4875890e+01
  -1.7156749e+01
  -1.5519997e+01
  -1.6660061e+01
  -1.9475590e+01
  -1.8405314e+01
  -1.9860082e+01
  -2.3507823e+01
  -2.0987854e+01
  -2.1068977e+01
  -2.2738540e+01
  -1.9949694e+01
  -2.1594876e+01
  -2.4915657e+01
  -2.3555735e+01
  -2.7241447e+01
  -2.6733108e+01
  -1.9968943e+01
  -2.2024194e+01
  -2.2169163e+01
  -1.8596122e+01
  -2.3472535e+01
  -2.9072328e+01
  -2.7444073e+01
  -3.2203938e+01
  -3.0861350e+01
  -2.6060145e+01
  -2.5658724e+01
  -2.4195658e+01
  -2.1737536e+01
  -2.2287422e+01
  -2.0997655e+01
  -2.3672468e+01
  -3.1620943e+01
  -3.6301265e+01
  -3.8519485e+01
  -3.6625735e+01
  -2.9170247e+01
  -2.8754573e+01
  -2.8440759e+01
  -2.4447125e+01
  -2.5841603e+01
  -2.5685383e+01
  -2.5185695e+01
  -2.7809602e+01
  -3.1056498e+01
  -4.3315894e+01
  -2.6826885e+01
  -2.3663724e+01
  -2.6987059e+01
  -2.4063863e+01
  -2.1327081e+01
  -2.3962099e+01
  -3.3920548e+01
  -3.0455849e+01
  -2.4881511e+01
  -2.2631516e+01
  -2.0947634e+01
  -2.0625831e+01
  -2.4530032e+01
  -5.2815167e+01
  -2.7506558e+01
  -2.6194417e+01
  -2.8570499e+01
  -2.9393003e+01
  -2.3863907e+01
  -2.4257534e+01
  -2.7933930e+01
  -2.4153489e+01
  -2.7783998e+01
  -2.7150974e+01
  -3.0710134e+01
  -2.7219015e+01
  -2.0889445e+01
  -2.4250948e+01
  -3.4543937e+01
  -3.1382929e+01
  -2.7518465e+01
  -2.6382643e+01
  -3.0915295e+01
  -3.3324324e+01
  -2.6337779e+01
  -2.7458720e+01
  -3.4446467e+01
  -3.5060436e+01
  -3.3096556e+01
  -3.0551668e+01
  -5.1474909e+01
  -2.9627170e+01
  -3.3482824e+01
  -3.2749494e+01
  -3.2692755e+01
  -3.6003291e+01
  -2.6643734e+01
  -2.5190341e+01
  -2.3519618e+01
  -2.5919251e+01
  -3.2488909e+01
  -2.7622445e+01
  -3.0388247e+01
  -2.9136246e+01
  -2.5394351e+01
  -2.6268715e+01
  -3.2995923e+01
  -3.0234172e+01
  -3.9007780e+01
  -2.3645891e+01
