   5.8165143e+00
   4.6913417e+00
   3.4011053e+00
   3.8915851e+00
   5.0881891e+00
   6.8043374e+00
   8.3458039e+00
   9.1972582e+00
   9.2632041e+00
   8.7527607e+00
   8.3095800e+00
   8.6584416e+00
   9.7007732e+00
   1.0792022e+01
   1.1456164e+01
   1.1333887e+01
   1.0846979e+01
   1.1352029e+01
   1.3896418e+01
   1.8278512e+01
   2.3662903e+01
   2.8694560e+01
   3.2910038e+01
   3.6972950e+01
   4.1342467e+01
   4.7111937e+01
   5.5436937e+01
   6.6257092e+01
   7.9234970e+01
   9.3592452e+01
   1.0806752e+02
   1.2228100e+02
   1.3579716e+02
   1.4878297e+02
   1.6242873e+02
   1.7617807e+02
   1.8960692e+02
   2.0374291e+02
   2.1734933e+02
   2.2873454e+02
   2.3846398e+02
   2.4634942e+02
   2.5212951e+02
   2.5752828e+02
   2.6379748e+02
   2.7119308e+02
   2.7999278e+02
   2.8937110e+02
   2.9772069e+02
   3.0365944e+02
   3.0561322e+02
   3.0277777e+02
   2.9559747e+02
   2.8517095e+02
   2.7381621e+02
   2.6374353e+02
   2.5580246e+02
   2.5043492e+02
   2.4677007e+02
   2.4229393e+02
   2.3475386e+02
   2.2235789e+02
   2.0418798e+02
   1.8078923e+02
   1.5340575e+02
   1.2437849e+02
   9.7044016e+01
   7.5791829e+01
   6.5555189e+01
   6.6512907e+01
   7.2436414e+01
   7.7633971e+01
   7.9346404e+01
   7.6503786e+01
   6.9592881e+01
   5.9759094e+01
   4.8481908e+01
   3.7348819e+01
   2.7728851e+01
   2.1060332e+01
   1.7829385e+01
   1.6637410e+01
   1.5595687e+01
   1.3827118e+01
   1.1302508e+01
   8.2954481e+00
   5.3747435e+00
   3.3639564e+00
   2.9128326e+00
   3.1456436e+00
   3.1528731e+00
   2.7840334e+00
   1.8646308e+00
   8.4116046e-01
   8.3828114e-01
   1.5309604e+00
   1.7508129e+00
   1.6508936e+00
   1.4446919e+00
   1.0205739e+00
   6.7071749e-01
   8.0182519e-01
   9.9357503e-01
   1.1088310e+00
   1.2073182e+00
   1.4708777e+00
   1.8846682e+00
   2.1914948e+00
   2.4106007e+00
   2.4984473e+00
   2.2566365e+00
   2.0554914e+00
   2.3846110e+00
   3.0911556e+00
   3.8306287e+00
   4.4804193e+00
   4.6150963e+00
   4.0932951e+00
   3.1157894e+00
   2.3138340e+00
   2.9846241e+00
   4.7087344e+00
   6.4855092e+00
   7.8686304e+00
   8.8371203e+00
   9.8707732e+00
   1.2015606e+01
   1.6027369e+01
   2.1641890e+01
   2.8211445e+01
   3.5235911e+01
   4.1900457e+01
   4.7495567e+01
   5.1557908e+01
   5.3316399e+01
   5.2639571e+01
   4.9683392e+01
   4.4426867e+01
   3.7418473e+01
   2.9028213e+01
   1.9908008e+01
   1.0890866e+01
   2.5258330e+00
   4.5803948e+00
   1.0034432e+01
   1.3593121e+01
   1.4925229e+01
   1.4784918e+01
   1.3231133e+01
   1.0469234e+01
   7.3423743e+00
   4.5310741e+00
   3.3700203e+00
   4.2912728e+00
   5.4140704e+00
   5.9363065e+00
   5.7440103e+00
   4.8280584e+00
   3.3474667e+00
   1.7283895e+00
   4.3515354e-01
   1.3891595e+00
   2.3474912e+00
   2.8432098e+00
   2.9316893e+00
   2.3751193e+00
   1.6606553e+00
   8.2414982e-01
   5.2282029e-01
   1.2032235e+00
   1.6883778e+00
   1.9281999e+00
   1.9538175e+00
   1.6758313e+00
   1.2356933e+00
   5.8144795e-01
   4.1704344e-01
   8.0098298e-01
   1.2287984e+00
   1.6300437e+00
   1.6403602e+00
   1.5043682e+00
   1.3714462e+00
   1.0617640e+00
   6.3666285e-01
   3.9957768e-01
   4.9093268e-01
   7.2835297e-01
   9.8292821e-01
   1.3110961e+00
   1.3373285e+00
   1.2991270e+00
   1.0347563e+00
   7.2148804e-01
   2.5996175e-01
   5.2283639e-01
   9.9353392e-01
   1.5402583e+00
   1.9745789e+00
   2.1160965e+00
   2.3401963e+00
   2.3227293e+00
   2.0120988e+00
   1.8161447e+00
   1.7924828e+00
   1.8281479e+00
   1.9463526e+00
   2.0981540e+00
   2.0944961e+00
   2.0322233e+00
   2.0795777e+00
   2.2069809e+00
   2.4850608e+00
   2.9269108e+00
   3.3348139e+00
   3.7050098e+00
   3.9631404e+00
   3.8299504e+00
   3.3707373e+00
   2.8157679e+00
   2.1967927e+00
   1.4921078e+00
   1.0579738e+00
   1.2189225e+00
   1.6085150e+00
   1.8401777e+00
   1.9453741e+00
   1.7939854e+00
   1.4638799e+00
   1.1725455e+00
   9.4555336e-01
   9.8252565e-01
   1.1805530e+00
   1.2141865e+00
   1.2739605e+00
   1.2610931e+00
   9.4306031e-01
   6.2247243e-01
   1.7746754e-01
   2.3894694e-01
   5.2828533e-01
   7.6185490e-01
   8.0194286e-01
   8.3668345e-01
   6.0323840e-01
   3.7201749e-01
   1.5830232e-01
   2.6539924e-01
   4.1991569e-01
   7.1314468e-01
   7.7644655e-01
   5.8780576e-01
   6.1302145e-01
   3.0036855e-01
   3.2933593e-02
   2.0801528e-01
   5.5099743e-01
   6.5118030e-01
   8.3002304e-01
   8.8504529e-01
   7.0321167e-01
   5.6106759e-01
   4.9601793e-01
   2.8548315e-01
   4.7256143e-02
   2.4916128e-01
   3.5235759e-01
   4.4777640e-01
   5.3546755e-01
   5.4938790e-01
   5.6314824e-01
   5.1915168e-01
   4.9593144e-01
   4.4360108e-01
   2.2979201e-01
   1.8172705e-01
   6.5475887e-02
   1.6473065e-01
   2.3166462e-01
   4.0017708e-01
   4.6552661e-01
   5.6821023e-01
   5.1880902e-01
   3.4823133e-01
   2.4668067e-01
   2.5464019e-01
   3.8814483e-01
   5.3077368e-01
   5.9550100e-01
   6.9246466e-01
   6.2270640e-01
   4.6420539e-01
   4.9632893e-01
   3.1821367e-01
   1.0608079e-01
   2.7940157e-02
   1.6455538e-01
   2.1073251e-01
   1.5853034e-01
   3.3332325e-01
   2.9231561e-01
   2.1827488e-01
   3.5117893e-01
   3.1041544e-01
   2.6382701e-01
   1.5928902e-01
   1.3408607e-01
   1.5315865e-01
   6.4516725e-02
   2.3957246e-01
   2.8736749e-01
   3.5765444e-01
   3.8569628e-01
   3.6874734e-01
   3.4046420e-01
   1.9576653e-01
   2.3279027e-01
   1.7250776e-01
   3.9725790e-01
   5.3182953e-01
   5.2910801e-01
   5.6888053e-01
   4.9839477e-01
   3.2604327e-01
   1.6730947e-01
   5.7079336e-02
   1.2934604e-01
   2.7988679e-01
   3.2500807e-01
   3.5660841e-01
   4.2513811e-01
   4.0442176e-01
   1.9130033e-01
   1.0331937e-01
   8.7203297e-02
   2.3283267e-01
   2.8749173e-01
   3.2532253e-01
   3.2735143e-01
   2.6228881e-01
   2.6270789e-01
   1.8840767e-01
   8.8026473e-02
   1.1753292e-01
   1.3232074e-01
   2.6937329e-01
   3.0629361e-01
   1.8410383e-01
   1.8043283e-01
   1.1804449e-01
   1.4126540e-01
   1.4639370e-01
   1.8808258e-01
   2.4677691e-01
   2.5326723e-01
   2.3693571e-01
   1.8997144e-01
   1.0153042e-01
   8.9074777e-02
   1.1374628e-01
   8.3950400e-02
   1.6604226e-01
   2.5240800e-01
   2.6790905e-01
   2.4063915e-01
   2.3907413e-01
   2.6882642e-01
   2.0667675e-01
   2.0528786e-01
   1.8676220e-01
   2.2714495e-02
   9.4426982e-02
   4.8004473e-02
   1.5407333e-01
   1.1729855e-01
   2.1596895e-01
   2.6125310e-01
   1.3221173e-01
   1.3417199e-01
   1.3740577e-01
   4.3284550e-02
   1.3248831e-01
   1.5869052e-01
   1.3975717e-01
   1.5344497e-01
   1.5139571e-01
   2.1781341e-01
   2.5074345e-01
   1.4632543e-01
   1.7676390e-01
   1.9594704e-01
   1.5340625e-01
   2.0320029e-01
   1.3317336e-01
   3.6146006e-02
   8.3316862e-02
   2.0873644e-01
   2.5538507e-01
   3.2098372e-01
   3.7058360e-01
   3.4970353e-01
   3.4294366e-01
   2.6218128e-01
   1.8881157e-01
   2.9090260e-01
   4.3613041e-01
   5.1006111e-01
   5.6481248e-01
   6.6337987e-01
   7.3919388e-01
   6.8450373e-01
   6.0444892e-01
   5.6437228e-01
   4.0826706e-01
   2.1491640e-01
   9.0587801e-02
   1.2756700e-01
   2.3668727e-01
   3.2787100e-01
   3.1551607e-01
   2.9155311e-01
   2.3242107e-01
   1.7369338e-01
   1.6466278e-01
   1.7512049e-01
   1.4807780e-01
   2.1056749e-01
   2.8546661e-01
   2.6177307e-01
   3.0685724e-01
   2.4111193e-01
   1.5757113e-01
   9.7107491e-02
   5.8339367e-02
   7.1177028e-02
   7.0891852e-02
   1.3710088e-01
   1.7712445e-01
   1.9601904e-01
   1.3200672e-01
   1.2578221e-01
   1.0437736e-01
   3.1650693e-02
   4.6704944e-02
   5.8304725e-02
   1.6596693e-01
   2.5231615e-01
   3.0912217e-01
   3.2510162e-01
   2.8657583e-01
   1.9537691e-01
   1.6234473e-01
   1.1376631e-01
   2.7599621e-02
   3.0010440e-02
   1.2767358e-01
   1.4274343e-01
   1.7780652e-01
   2.2491009e-01
   2.0028067e-01
   2.4718838e-01
   1.6305188e-01
   1.0837306e-01
   1.2452221e-01
   7.4940435e-02
   6.3474191e-02
   1.0536066e-01
   1.7988370e-01
   2.7666162e-01
   3.0550163e-01
   2.7576972e-01
   2.5844898e-01
   1.8385853e-01
   5.3577771e-02
   9.8918514e-02
   8.4792247e-02
   8.7415401e-02
   9.0292030e-02
   1.4849109e-01
   2.3870056e-01
   1.2311492e-01
   8.0064022e-02
   4.7147756e-02
   8.3524759e-02
   4.0175467e-02
   1.4883487e-01
   1.5882541e-01
   1.3669431e-01
   1.6703121e-01
   1.1966444e-01
   1.3140007e-01
   6.6993668e-02
   5.6749327e-02
   4.8158186e-02
   1.4312192e-01
   1.5144047e-01
   1.3614451e-01
   5.3285174e-02
   5.6104731e-02
   6.6333459e-02
   4.9666491e-02
   1.3910067e-01
   1.9998280e-01
   2.2113056e-01
   2.8558720e-01
   1.9983964e-01
   1.5012650e-01
   2.1443659e-01
   8.4039562e-02
   3.8257264e-02
   3.9034080e-02
   1.3858699e-01
   1.2622256e-01
   1.3187417e-01
   9.0780821e-02
   1.2511718e-01
   8.1048766e-02
   1.0644504e-01
   1.5716578e-01
   7.6581964e-02
   8.6085937e-02
   1.6967494e-01
   1.5506570e-01
   1.6477416e-01
   2.2109826e-01
   1.2310087e-01
   2.2779650e-01
   2.5169029e-01
   1.9389458e-01
   1.3041185e-01
   3.4474912e-02
   6.6286751e-02
   1.9751875e-02
   9.5814565e-02
   1.0158632e-01
   1.2952698e-01
   1.5354191e-01
   1.5449275e-01
   1.0400682e-01
   7.0493501e-02
   8.1311537e-02
   6.2408592e-02
   1.0635274e-01
   9.9249421e-02
   9.7167044e-02
   1.5725624e-01
   1.0301682e-01
   7.2969491e-02
   7.7469276e-02
   4.5462947e-02
   5.0190707e-02
   1.2350990e-01
   1.2612622e-01
   1.2838949e-01
   1.4605939e-01
   1.1176392e-01
   1.9664955e-01
   1.9475226e-01
   1.0567725e-01
   5.3415081e-02
   5.1099593e-02
   6.5999641e-02
   3.2291907e-02
   7.4335065e-02
   1.0777756e-01
   1.8169016e-01
   2.9361094e-01
   2.6482359e-01
   2.1584251e-01
   2.1693768e-01
   1.2995165e-01
   8.6492664e-02
   4.0870897e-02
   7.3787084e-02
   5.9209597e-02
   1.1380182e-01
   9.7920147e-02
   8.4161876e-02
   1.7437144e-01
   1.1506646e-01
   6.0018295e-02
   2.3870287e-02
   1.4782687e-01
   1.7022503e-01
   1.5808507e-01
   2.3202801e-01
   2.0685717e-01
   1.6644272e-01
   1.3945401e-01
   9.6273997e-02
   9.1728192e-02
   1.2036558e-01
   1.4812646e-01
   1.7127727e-01
   1.3626263e-01
   5.4140681e-02
   1.4401401e-01
   9.7087834e-02
   8.3473280e-02
   1.3706157e-01
   1.0824693e-01
   1.4158422e-01
   9.6654847e-02
   1.5301460e-01
   1.0984913e-01
   1.5635497e-02
   2.3931619e-02
   8.7875200e-02
   1.2272965e-01
   1.2538058e-01
   1.8065013e-01
   2.3813150e-01
   2.3677050e-01
   1.1521437e-01
   1.6674203e-01
   8.9810073e-02
   1.0200805e-01
   1.3550864e-01
   3.8482908e-02
   4.3749386e-02
   2.2709284e-02
   2.7498516e-02
   1.1666077e-01
   1.4821806e-01
   1.0993689e-01
   6.9938596e-02
   8.8458803e-02
   1.1150316e-01
   8.7125772e-02
   1.9829644e-01
   1.4386156e-01
   3.4149147e-02
   5.1202443e-02
   9.9355725e-02
   1.0350399e-01
   6.5042208e-02
   1.6100151e-01
   1.2485596e-01
   1.3386758e-02
   5.5212686e-02
   5.7318391e-02
   7.5585889e-02
   5.0322133e-02
   1.7110761e-02
   6.1699312e-03
   2.5056761e-02
   5.1002461e-02
   7.2221772e-02
   1.0325334e-01
   1.6026973e-01
   1.2801174e-01
   1.2709765e-01
   1.4405653e-01
   1.0361941e-01
   8.1309371e-02
   5.1754328e-02
   8.8770184e-02
   6.4697293e-02
   1.8653947e-01
   1.3015560e-01
   1.3597827e-01
   1.5048532e-01
   1.7813457e-02
   9.5083598e-02
   9.9153939e-02
   6.7688497e-02
   1.7189801e-01
   2.6520916e-01
   2.2983802e-01
   1.6728248e-01
   1.2416007e-01
   1.9401110e-01
   1.8301377e-01
   1.1371190e-01
   9.4456596e-02
   6.7494257e-02
   8.2046020e-02
   1.4606522e-01
   1.6411431e-01
   1.7676664e-01
   1.4221666e-01
   1.1975996e-01
   1.5191154e-01
   5.4389415e-02
   1.2441805e-01
   5.4888191e-02
   1.2936265e-01
   1.1155231e-01
   1.0953704e-01
   1.8497661e-01
   6.3327122e-02
   1.5820057e-01
   1.6626350e-01
   7.6165207e-02
   1.1994091e-01
   2.0838627e-01
   1.5122775e-01
   1.3012276e-01
   1.4529291e-01
   1.1910767e-01
   1.7858369e-01
   1.0592312e-01
   2.2025129e-02
   3.8936865e-02
   1.1984234e-01
   1.0724414e-01
   1.0014656e-01
   1.1658162e-01
   1.5032335e-01
   1.5400026e-01
   1.3842836e-01
   1.6503099e-01
   1.2008112e-01
   1.0777220e-01
   1.0387300e-01
   5.8072614e-02
   5.4640271e-02
   7.2563144e-02
   6.8589402e-02
   3.6496084e-02
   5.0954276e-02
   7.9165674e-02
   9.7065900e-02
   9.7090755e-02
   8.8115410e-02
   1.0924041e-01
   1.3404185e-01
   1.6875742e-01
   1.4376774e-01
   1.2640496e-01
   1.7675729e-01
   1.6781647e-01
   9.7901242e-02
   9.6046738e-02
   1.0828639e-01
   1.0909026e-01
   1.3130685e-01
   9.2165373e-02
   1.2990229e-01
   1.9078459e-01
   1.5001025e-01
   1.2383067e-01
   1.1350905e-01
   5.5665254e-02
   5.7845675e-02
   1.7486811e-02
   2.8249021e-02
   2.1576329e-02
   6.1524714e-02
   6.2440862e-02
   6.1565245e-02
   1.3710247e-01
   1.5222479e-01
   7.5460759e-02
   4.6129502e-02
   5.1414837e-02
   3.5383583e-02
   3.9385763e-02
   5.0798870e-02
   7.1055299e-02
   1.0152473e-01
   1.3648965e-01
   1.4879316e-01
   1.0950459e-01
   5.7575742e-02
   1.2778013e-01
   1.1441885e-01
   4.5319811e-02
   1.9891121e-02
   5.3440309e-02
   8.8444736e-02
   1.1552895e-01
   1.5040402e-01
   1.4657027e-01
   1.6376660e-01
   2.0940384e-01
   1.3101747e-01
   1.0528457e-01
   1.5469114e-01
   5.0114647e-02
   6.3029726e-02
   4.9949852e-02
   6.5957994e-02
   3.2192278e-02
   9.2966832e-02
   1.2737671e-01
   5.1811345e-02
   1.0475119e-01
   7.1686052e-02
   5.1925928e-02
   7.8555603e-02
   6.3720447e-02
   4.0088333e-02
   6.3422573e-02
   5.0318992e-02
   1.0571135e-01
   1.1488085e-01
   3.2967097e-02
   2.9456529e-02
   4.1858792e-02
   5.5239066e-02
   1.0665251e-01
   1.4695232e-01
   1.1843474e-01
   1.6930844e-01
   1.6321799e-01
   1.5225228e-01
   1.8664680e-01
   1.5123404e-01
   1.0182610e-01
   9.0134475e-02
   1.0873071e-01
   1.0838485e-01
   6.7366379e-02
   1.1513438e-01
   1.3847120e-01
   9.6463714e-02
   7.5666190e-02
   3.7980253e-02
   1.9716272e-02
   4.7047240e-02
   3.8624997e-02
   6.1070582e-02
   1.0327885e-01
   9.4702423e-02
   8.6544142e-02
   4.8018118e-02
   1.2586997e-01
   7.6896923e-02
   5.3427714e-02
   7.9531242e-02
   2.7174012e-02
   4.5277537e-02
   4.1616993e-02
   9.1354027e-02
   1.0193864e-01
   1.4373606e-01
   7.2745369e-02
   1.3477241e-01
   1.4184636e-01
   6.3576363e-02
   6.4031253e-02
   4.6054611e-02
   5.3415422e-02
   9.9262057e-02
   9.4067217e-02
   1.3442865e-01
   1.8028601e-01
   1.2248790e-01
   1.1722638e-01
   1.0585931e-01
   7.3109037e-02
   7.6082281e-02
   4.6639233e-02
   1.9395729e-02
   6.2303127e-02
   1.2859004e-01
   1.4760084e-01
   8.8822856e-02
   1.0079082e-01
   1.3694428e-01
   8.9260331e-02
   4.6951904e-02
   1.0854369e-01
   6.7364277e-02
   5.8130486e-02
   1.0999004e-01
   6.0229160e-02
   1.0849325e-01
   1.0007617e-01
   4.5952510e-02
   5.2164924e-02
   1.1376997e-01
   1.5500747e-01
   1.3490008e-01
   1.3048495e-01
   1.2937275e-01
   1.0885673e-01
   6.8823810e-02
   3.1503879e-02
   3.1606476e-02
   4.4312782e-02
   4.4917733e-02
   1.0056777e-01
   1.4268999e-01
   1.6054253e-01
   1.6452370e-01
   1.3221592e-01
   9.9894747e-02
   4.3035427e-02
   3.7804224e-02
   4.6399755e-02
   1.2547039e-01
   1.3771796e-01
   1.2553390e-01
   1.6077891e-01
   1.0919603e-01
   9.8342177e-02
   1.0100869e-01
   7.1980129e-02
   6.2931513e-02
   5.7292444e-02
   1.2259196e-01
   1.3045761e-01
   1.3137219e-01
   1.3893617e-01
   1.2480625e-01
   1.3672969e-01
   1.3346597e-01
   1.0520399e-01
   1.5928458e-01
   1.7983636e-01
   9.6111495e-02
   1.4962450e-01
   1.6274171e-01
   5.9524341e-02
   3.3642261e-02
   5.2090433e-02
   6.7166279e-02
   6.2682454e-02
   9.0911802e-02
   1.1736492e-01
   9.8583895e-02
   4.5193642e-02
   6.9537565e-02
   8.2651435e-02
   6.6332493e-02
   5.8125281e-02
   6.6933607e-02
   1.0649187e-01
   1.1894699e-01
   1.2466659e-01
   1.6883015e-01
   1.2805250e-01
   6.0134819e-02
   6.2308216e-02
   2.0091389e-02
   4.3642208e-02
   4.6482987e-02
   6.5502415e-02
   8.2103561e-02
   4.6751791e-02
   5.1193415e-02
   7.9442852e-02
   6.4386373e-02
   9.2175280e-02
   8.3917412e-02
   8.8480806e-02
   7.7581326e-02
   4.4811822e-02
   2.8471399e-02
   8.9588670e-02
   4.8744612e-02
   9.3740508e-02
   1.3219411e-01
   8.8945580e-02
   4.9882263e-02
   3.4725140e-02
   6.0092555e-02
   6.3039230e-02
   5.1918274e-02
   6.9124448e-02
   1.0626535e-01
   1.1447886e-01
   1.4121956e-01
   9.5353011e-02
   1.7212342e-02
   2.0342405e-02
   2.1099985e-02
   4.7276482e-02
   8.3855917e-02
   6.8283828e-02
   8.6238815e-02
   9.4965187e-02
   1.1461200e-01
   1.4324356e-01
   1.0101999e-01
   7.2095243e-02
   8.9022104e-02
   1.0615957e-01
   1.0522827e-01
   1.1242900e-01
   1.1729673e-01
   1.2089666e-01
   1.5264414e-01
   1.8834951e-01
   1.4316886e-01
   4.9204061e-02
   8.4411918e-02
   1.1925222e-01
   1.2060728e-01
   1.5196420e-01
   1.7412385e-01
   1.2270546e-01
   5.4182315e-02
   1.3281003e-01
   1.1977301e-01
   3.1196479e-02
   1.5258762e-02
   2.6840222e-02
   6.9013214e-02
   1.0952757e-01
   1.4135018e-01
   1.1680272e-01
   1.1715133e-01
   1.0684230e-01
   5.4052319e-02
   1.0025333e-01
   1.1199257e-01
   7.8168454e-02
   5.7187456e-02
   9.8651472e-02
   1.4021412e-01
   1.7258974e-01
   1.5765252e-01
   9.6164830e-02
   1.2260377e-01
   1.2243269e-01
   1.0745432e-01
   5.9962372e-02
   2.0469441e-02
   5.3177150e-02
   6.2072147e-02
   1.1337926e-02
   1.1798833e-01
   1.2359889e-01
   1.7030479e-02
   8.3524226e-02
   5.1447425e-02
   4.1993265e-02
   5.7484149e-02
   4.8577647e-02
   4.9838095e-03
   2.9224482e-02
   3.2088246e-02
   7.4156082e-02
   4.8241343e-02
   4.5781094e-02
   1.7929116e-02
   5.4916433e-02
   5.1132856e-02
   4.4608577e-02
   6.1257610e-02
   7.1656709e-02
   9.6058559e-02
   6.9215050e-02
   7.0450599e-02
   6.1665094e-02
   6.5843473e-02
   3.1460605e-02
   3.8686640e-02
   3.7819915e-02
   9.9346109e-02
   9.8970400e-02
   8.4458761e-02
   1.1149932e-01
   9.2901300e-02
   4.1119401e-02
   6.3659427e-03
   1.9027608e-02
   4.6322303e-02
   5.7127081e-02
   7.2798987e-02
   8.6163705e-02
   6.8920176e-02
   6.7525682e-02
   7.0806370e-02
   6.1784927e-02
   3.3419131e-02
   4.3680384e-02
   6.5157039e-02
   2.0789334e-02
   1.0734578e-01
   9.4458497e-02
   5.2661656e-02
   7.8115841e-02
   2.3726259e-02
   9.8350662e-02
   5.9287126e-02
   2.4040739e-02
   3.2152996e-02
   5.2400591e-02
   4.4269900e-02
   5.7382399e-02
   3.8364114e-02
   4.2174657e-02
   6.5450484e-02
   7.2883282e-02
   1.1571031e-01
   8.4348789e-02
   8.0850397e-02
   8.0801781e-02
   6.6361865e-02
   9.0552089e-02
   1.0107986e-01
   6.6599709e-02
   1.0030845e-01
   1.4828759e-01
   1.4758800e-01
   8.4362735e-02
   7.1014305e-02
   9.7431775e-02
   8.4728203e-02
   1.1416437e-01
   1.3308281e-01
   1.0848173e-01
   1.0224463e-01
   1.2288862e-01
   8.4977685e-02
   9.6741610e-02
   1.2703333e-01
   8.1324552e-02
   2.1268915e-02
   9.1561069e-02
   1.2155735e-01
   1.1844756e-01
   1.4986119e-01
   1.6357614e-01
   1.5505805e-01
   1.3831055e-01
   1.1684242e-01
   1.1119177e-01
   9.0501614e-02
   8.1193095e-02
   8.8170139e-02
   7.1050396e-02
   8.5133022e-02
   1.1632546e-01
   7.2084545e-02
   6.1123930e-02
   5.5171485e-02
   1.6839328e-02
   5.1827694e-02
   5.7384470e-02
   4.1612340e-02
   7.1133758e-03
   3.0836033e-02
   4.4967582e-02
   4.8687023e-02
   3.7544451e-02
   6.0414025e-02
   1.2059639e-01
   1.1041440e-01
   8.6955973e-02
   1.2684112e-01
   1.1914452e-01
   9.1823814e-02
   6.8021601e-02
   7.9816240e-02
   4.6372619e-02
   1.6032873e-02
   1.8431044e-02
   4.0771126e-02
   6.8270339e-02
   3.5504307e-02
   1.6617834e-02
   3.9328387e-02
   3.1417855e-02
   5.0145772e-02
   7.0831913e-02
   4.6042860e-02
   1.2762622e-02
   4.4694388e-02
   9.9430604e-03
   6.4212458e-02
   8.1912044e-02
   1.0049302e-01
   1.1610528e-01
   7.2515579e-02
   7.5630542e-02
   9.8086275e-02
   8.1112239e-02
   2.3824957e-02
   2.4797019e-02
   2.2035559e-02
   3.5173170e-02
   2.2730851e-02
   3.9867704e-02
   5.7211181e-02
   8.4727247e-02
   6.4489227e-02
   5.1494186e-02
   1.1526602e-01
   1.0518393e-01
   5.1967183e-02
   1.1763005e-02
   4.0440585e-02
   1.8835922e-02
   6.4097439e-02
   9.6997152e-02
   8.8370544e-02
   1.0642216e-01
   9.9128457e-02
   4.0462144e-02
   3.5082410e-02
   6.1686295e-02
   8.1582948e-02
   9.0985922e-02
   6.8001879e-02
   1.0877484e-01
   1.4062494e-01
   1.1146623e-01
   1.4671188e-01
   1.3833079e-01
   6.6694213e-02
   3.4756166e-02
   2.2532364e-02
   5.8754786e-02
   6.7915492e-02
   6.9802713e-02
   7.3472778e-02
   3.4824104e-02
   3.5260108e-02
   5.3318346e-02
   1.4855228e-02
   6.7872335e-02
   5.6361190e-02
   1.9279792e-02
   3.1472598e-02
   1.8063248e-02
   2.2423883e-02
   5.3852559e-02
   9.2576675e-02
   9.1338661e-02
   3.2131441e-02
   5.3096248e-02
   8.2537342e-02
   7.3678179e-02
   4.9750235e-02
   4.1252744e-02
   3.3881708e-02
   2.5366536e-02
   4.0117056e-02
   4.1569195e-02
   5.8774283e-02
   8.8682290e-02
   8.2839409e-02
   5.3514685e-02
   4.0253864e-02
   3.2766557e-02
   1.1969362e-02
   5.3996341e-02
   4.6479185e-02
   2.9837534e-02
   3.8804736e-02
   3.5186851e-02
   7.2040171e-02
   3.7750969e-02
   5.9523209e-02
   6.4992609e-02
   3.1844333e-02
   1.3563598e-02
   4.5531728e-02
   1.8604916e-02
   4.4528555e-02
   5.0073106e-02
   1.2836179e-02
   8.8457652e-03
   5.0321541e-02
   6.7809739e-02
   6.3871642e-02
   6.4284344e-02
   1.3395231e-02
   4.8146850e-02
   3.7222451e-02
   1.6643366e-02
   1.4119528e-02
   4.2315822e-02
   2.0823700e-02
   4.7317911e-02
   2.7349324e-02
   5.6863483e-02
   8.9552671e-02
   5.7726686e-02
   5.4493432e-02
   4.7865478e-02
   1.7162287e-02
   2.2942894e-02
   4.0290958e-02
   2.8526079e-02
   5.2737594e-02
   1.1960416e-01
   1.1158885e-01
   4.8567000e-02
   4.5811226e-02
   1.7410349e-02
   1.0196043e-01
   1.1828076e-01
   5.7045148e-02
   3.9571576e-02
   3.5184468e-02
   2.8701166e-02
   7.2455342e-02
   4.8017487e-02
   6.5598005e-02
   7.4773246e-02
   3.0278601e-02
   5.2179668e-02
   9.0563332e-02
   7.4184770e-02
   3.1516739e-02
   8.6810057e-02
   9.5171349e-02
   7.9527313e-02
   1.0956216e-01
   1.0885364e-01
   4.9491176e-02
   4.1378275e-02
   7.8383145e-02
   5.9633446e-02
   2.6949570e-02
   4.4918928e-02
   6.5987227e-02
   6.9880546e-02
   9.5275439e-03
   7.2880041e-02
   6.0229514e-02
   5.7524846e-02
   9.4591234e-02
   1.0004919e-01
   1.2101424e-01
   1.0669604e-01
   7.8222040e-02
   4.6807254e-02
   9.8682905e-03
   1.0128096e-02
   1.2740061e-02
   1.5423401e-02
   5.4673405e-02
   9.8695199e-02
   9.4562758e-02
   6.3022533e-03
   1.1387094e-01
   1.6102174e-01
   1.0413576e-01
   3.8247442e-02
   4.2930096e-02
   3.1961178e-02
   4.0368221e-02
   5.5113289e-02
   5.2092163e-02
   3.0375770e-02
   7.8721782e-02
   9.8122718e-02
   4.4135704e-02
   5.3647609e-02
   9.3504975e-02
   8.1487785e-02
   4.5188566e-02
   2.5185252e-02
   3.0473927e-02
   3.9562571e-02
   5.6266249e-02
   3.3789637e-02
   3.6110595e-02
   5.0313874e-02
   4.7644270e-02
   1.4775977e-02
   3.0237536e-02
   2.4310446e-02
   9.4292537e-03
   3.2267635e-02
   7.7444161e-02
   5.5960839e-02
   4.7255655e-02
   1.0910218e-01
   8.5059396e-02
   1.1494342e-01
   1.7299655e-01
   1.5152870e-01
   9.8436274e-02
   8.8121949e-02
   5.6954702e-02
   2.9661612e-02
   5.8729796e-02
   6.5615579e-02
   4.5739741e-02
   9.7998046e-02
   1.1440459e-01
   8.9162468e-02
   8.5469447e-02
   1.0096866e-01
   9.6511602e-02
   7.4108168e-02
   5.3916006e-02
   4.8032805e-02
   5.2815558e-02
   5.4471863e-02
   7.6236847e-02
   9.0932714e-02
   5.6310605e-02
   6.2955600e-02
   1.0763329e-01
   6.1965170e-02
   1.1888858e-02
   9.0139503e-03
   2.3590853e-02
   2.1792611e-02
   5.9651383e-02
   8.0437427e-02
   4.1819130e-02
   6.5876118e-02
   1.0987689e-01
   5.8208754e-02
   4.3776622e-02
   6.5552509e-02
   8.5672223e-03
   3.9418567e-02
   1.5352443e-02
   1.5439837e-02
   4.2025781e-02
   7.0568047e-02
   3.9742674e-02
   4.7886778e-02
   3.6948688e-02
   4.2617323e-02
   6.6078548e-02
   5.8879592e-02
   7.8042874e-02
   1.1280068e-01
   8.7231702e-02
   4.2203196e-02
   8.6836622e-02
   1.0606174e-01
   1.0072905e-01
   9.0536367e-02
   9.5295903e-02
   7.2188892e-02
   5.8095620e-02
   1.1629523e-01
   1.1075149e-01
   6.1282784e-02
   9.1522114e-02
   1.1167102e-01
   1.3542424e-01
   1.7106588e-01
   1.4987755e-01
   1.5857925e-01
   2.3278810e-01
   2.3984003e-01
   2.2084455e-01
   1.9721338e-01
   2.0323545e-01
   2.1588688e-01
   1.7616450e-01
   1.9287281e-01
   2.4773062e-01
   2.5093322e-01
   2.6317650e-01
   2.5239306e-01
   2.1982969e-01
   2.1684357e-01
   1.9128350e-01
   1.8672893e-01
   1.5276684e-01
   9.0462679e-02
   1.4669962e-01
   1.7517677e-01
   1.3936449e-01
   1.7377087e-01
   1.9905481e-01
   1.6898345e-01
   1.3271316e-01
   1.2447915e-01
   1.2426127e-01
   9.1729272e-02
   1.0707159e-01
   1.4922231e-01
   8.7643649e-02
   7.2011933e-02
   1.1634230e-01
   4.0975436e-02
   7.5202850e-02
   7.7860754e-02
   1.5484825e-02
   3.6937874e-02
   5.1876061e-02
   2.8672406e-02
   5.8256006e-02
   8.2092325e-02
   5.6445002e-02
   5.7876400e-02
   5.8626258e-02
   1.0203396e-02
   3.1482324e-02
   2.7574365e-02
   4.3804669e-02
   4.0050257e-02
   3.6749063e-02
   3.5460196e-02
   6.2719285e-02
   7.7330762e-02
   3.3137495e-02
   3.2398684e-02
   4.6409582e-02
   4.3908852e-02
   5.2534622e-02
   5.4354991e-02
   4.6305552e-02
   4.4104646e-02
   3.6652191e-02
   3.4204312e-02
   1.7642547e-02
   9.8759750e-03
   4.0058539e-02
   6.5667986e-02
   3.8227847e-02
   4.2168755e-02
   7.3845141e-02
   8.1822330e-02
   6.0179381e-02
   1.9788700e-02
   3.4939121e-02
   8.7441838e-02
   9.1664053e-02
   4.2159685e-02
   5.8918613e-02
   7.5772199e-02
   7.4391226e-02
   8.4546215e-02
   8.6249448e-02
   6.0461200e-02
   4.3449388e-02
   8.3067713e-02
   1.2419275e-01
   9.4721009e-02
   7.9780721e-02
   1.2682568e-01
   1.0297543e-01
   3.7792589e-02
   5.5473539e-02
   7.3146560e-02
   6.5945607e-02
   6.4649363e-02
   1.3560749e-01
   1.5541252e-01
   1.2140819e-01
   1.1669969e-01
   1.3249624e-01
   1.4904149e-01
   1.3901209e-01
   1.1539061e-01
   1.2769253e-01
   1.4178414e-01
   1.4352984e-01
   1.7274855e-01
   2.0226069e-01
   2.1488279e-01
   1.8908883e-01
   1.6280635e-01
   1.8884970e-01
   2.0729824e-01
   2.3240786e-01
   2.5087357e-01
   2.0049160e-01
   1.8409695e-01
   2.3008294e-01
   2.2740713e-01
   2.1099632e-01
   1.8818253e-01
   1.7884630e-01
   2.1723940e-01
   2.0727675e-01
   2.1455462e-01
   2.5435074e-01
   2.0298864e-01
   1.7931972e-01
   1.8996767e-01
   1.3305313e-01
   7.6184022e-02
   7.2251444e-02
   9.0504357e-02
   8.6046613e-02
   8.4159592e-02
   1.4176104e-01
   1.4384015e-01
   1.0676922e-01
   1.0534057e-01
   5.1366010e-02
   2.5904956e-02
   4.7346682e-02
   4.2072889e-02
   1.4378139e-02
   2.5569169e-02
   3.0120116e-02
   3.4651475e-02
   4.9659328e-02
   6.8600236e-02
   6.8146876e-02
   4.6098215e-02
   3.5371453e-02
   3.6267052e-02
   5.9324090e-02
   8.2221024e-02
   6.2470105e-02
   1.8192877e-02
   7.0847285e-02
   5.5228604e-02
   4.7078600e-02
   3.1168892e-02
   2.2502068e-02
   5.3020483e-02
   3.9031469e-02
   2.8906127e-02
   5.7869689e-02
   4.4059961e-02
   2.7387855e-02
   6.3262283e-02
   6.8031091e-02
   3.3079748e-02
   2.4015201e-02
   3.7307732e-02
   1.4368276e-02
   5.3139672e-03
   4.7704107e-02
   7.8817812e-02
   7.4708643e-02
   5.9376438e-02
   8.5061513e-03
   7.9054837e-02
   9.2338282e-02
   4.6700464e-02
   1.6555079e-02
   5.5506601e-02
   4.7099280e-02
   6.5270088e-02
   1.0518912e-01
   8.4832051e-02
   5.8187817e-02
   5.8448407e-02
   4.2304833e-02
   8.0169956e-02
   1.1212035e-01
   8.2443569e-02
   1.1740417e-01
   1.5971813e-01
   9.5506943e-02
   8.4515434e-02
   1.0323798e-01
   2.5891943e-02
   5.0276462e-02
   3.2916739e-02
   6.1092971e-02
   4.8610814e-02
   8.3129500e-02
   9.0098394e-02
   4.3257474e-02
   6.3158133e-02
   3.5608188e-02
   4.1143321e-02
   5.5686605e-02
   5.4293292e-02
   4.6330802e-02
   1.8855272e-02
   3.1629576e-02
   6.5301330e-02
   5.8901758e-02
   2.4250695e-02
   6.9449450e-03
   4.0737319e-02
   7.4829203e-02
   5.1950752e-02
   4.8482132e-02
   1.0508369e-01
   7.2052198e-02
   1.5557085e-02
   1.5352874e-02
   3.5085894e-02
   2.6813625e-02
   2.9570853e-02
   6.0848771e-02
   9.6014554e-02
   1.1624049e-01
   5.2601225e-02
   5.6187731e-02
   7.0410657e-02
   2.4284937e-02
   4.4938385e-03
   3.0438477e-02
   4.9280547e-02
   2.1266734e-02
   5.9765589e-02
   8.3070485e-02
   8.5207349e-02
   7.9063161e-02
   4.5607160e-02
   5.2795389e-02
   4.9771155e-02
   2.2307231e-02
   1.6868104e-02
   3.4728498e-02
   3.6498406e-02
   5.0844309e-02
   4.7116043e-02
   2.5216277e-02
   4.4202235e-02
   6.3280479e-02
   7.1621061e-02
   4.6484691e-02
   2.9371916e-02
   5.8959718e-02
   5.9563768e-02
   7.7248869e-02
   1.0480522e-01
   8.7768803e-02
   8.1393476e-02
   8.5936470e-02
   8.4397735e-02
   8.1018345e-02
   5.6106830e-02
   5.5964396e-02
   1.0016111e-01
   1.0622810e-01
   7.5205196e-02
   7.5212577e-02
   7.4615919e-02
   8.1731564e-02
   7.9489593e-02
   3.4400866e-02
   1.7069869e-02
   2.2221463e-02
   5.4825718e-02
   3.1872931e-02
   4.0103958e-02
   6.5773824e-02
   2.9922438e-02
   4.0060992e-02
   4.3252812e-02
   2.1117958e-02
   4.3076283e-02
   6.6566980e-02
   9.1628220e-02
   8.5803221e-02
   9.7275916e-03
   6.4126227e-02
   5.2478756e-02
   1.8137661e-02
   3.1414966e-02
   1.1755440e-02
   2.4159933e-02
   4.5920898e-02
   5.6510620e-02
   3.8098769e-02
   5.3183412e-02
   4.3994687e-02
   1.7234816e-02
   1.2973788e-02
   1.8921235e-02
   1.8385332e-02
   3.8648216e-02
   1.3931539e-02
   3.6491564e-02
   2.2544862e-02
   3.4314254e-02
   5.1277097e-02
   4.3865706e-02
   4.3634413e-02
   3.5939068e-02
   3.3781498e-02
   3.5821090e-02
   2.2576525e-02
   2.9442854e-02
   4.9351667e-02
   3.1480564e-02
   1.4184899e-02
   3.9155799e-02
   8.2951576e-02
   9.1472263e-02
   6.6295626e-02
   8.4208645e-02
   8.8689935e-02
   6.9824400e-02
   9.5974460e-02
   1.1135391e-01
   5.5093481e-02
   8.6610146e-02
   1.6122701e-01
   1.4846717e-01
   1.3316360e-01
   1.1610248e-01
   7.8705649e-02
   8.6980882e-02
   9.0877475e-02
   1.1240463e-01
   1.3188682e-01
   1.1420727e-01
   1.5221898e-01
   1.5870239e-01
   1.2035097e-01
   1.5116433e-01
   1.2235472e-01
   4.3209087e-02
   7.4658327e-02
   9.5718668e-02
   9.2691233e-02
   1.0095956e-01
   9.8584221e-02
   8.0046135e-02
   6.7981998e-02
   7.9053117e-02
   6.8958249e-02
   3.8468013e-02
   4.3034561e-02
   4.1124904e-02
   2.6436377e-02
   5.6643298e-02
   8.3995315e-02
   7.7988125e-02
   2.2125093e-02
   5.7721165e-02
   8.6353806e-02
   5.1502747e-02
   1.6902862e-02
   2.2465893e-02
   3.4545244e-02
   3.0522726e-02
   4.3752807e-02
   5.4646122e-02
   6.3866843e-02
   5.0105313e-02
   3.0131433e-02
   1.9238745e-02
   7.9301942e-03
   4.6494895e-02
   7.8616722e-02
   3.1712868e-02
   5.5883337e-02
   6.6719356e-02
   3.8632262e-02
   6.4712402e-02
   3.9484733e-02
   3.6130493e-02
   1.4981261e-02
   2.1910017e-02
   4.2804764e-02
   6.6016060e-02
   4.5100758e-02
   9.2853708e-02
   9.2425643e-02
   2.4034153e-02
   4.4055271e-02
   2.3560930e-02
   2.0288948e-02
   2.8123678e-02
   1.4802153e-02
   2.0630304e-02
   3.0314723e-02
   5.0304521e-02
   4.1375666e-02
   6.9238485e-02
   7.7552773e-02
   1.1586050e-02
   5.0900666e-02
   1.1521099e-02
   7.1628371e-02
   8.2116606e-02
   1.9495679e-02
   4.1473290e-02
   1.9378865e-02
   3.4604389e-02
   4.0590303e-02
   3.0494104e-02
   4.2580869e-02
   6.3833959e-02
   5.9545916e-02
   5.8973715e-02
   4.6595905e-02
   1.6407436e-02
   1.8707089e-02
   3.5889538e-02
   6.4723418e-02
   9.8860804e-02
   9.9938979e-02
   8.9113411e-02
   1.2343224e-01
   1.1484857e-01
   6.1891233e-02
   5.6222124e-02
   7.3106203e-02
   8.4499349e-02
   1.2300634e-01
   1.5540360e-01
   1.4258216e-01
   9.0792445e-02
   6.4220116e-02
   9.1030480e-02
   9.9097028e-02
   1.0069078e-01
   1.0921793e-01
   1.0663574e-01
   1.3332856e-01
   1.9218135e-01
   1.8038711e-01
   1.3872749e-01
   1.6749435e-01
   1.4689159e-01
   1.0622348e-01
   1.2015292e-01
   1.0162391e-01
   6.6774227e-02
   8.9249815e-02
   8.8420128e-02
   7.2958010e-02
   1.0058085e-01
   8.3225457e-02
   5.6782848e-02
   6.6406909e-02
   4.3443783e-02
   4.6062192e-02
   1.0035819e-01
   7.9211873e-02
   7.7900787e-02
   1.1754223e-01
   6.7046055e-02
   3.5187111e-02
   4.2442050e-02
   2.4535963e-02
   2.8637328e-02
   4.9772877e-02
   5.2127131e-02
   6.1690329e-02
   8.1869703e-02
   7.6847347e-02
   8.9149164e-02
   6.5520411e-02
   2.6239337e-02
   1.5308644e-02
   1.1858390e-02
   1.4747326e-02
   3.4792661e-02
   3.6498192e-02
   3.7840950e-02
   5.9929930e-02
   5.1041077e-02
   5.1967386e-02
   5.5044668e-02
   4.0693020e-02
   2.8001099e-02
   6.8266136e-03
   4.5567560e-02
   6.5586398e-02
   4.4734959e-02
   6.2633525e-02
   8.5831349e-02
   6.3371655e-02
   2.0135973e-02
   3.0005962e-02
   5.7006509e-02
   7.3862535e-02
   8.9664039e-02
   9.3048297e-02
   5.9360619e-02
   2.2868708e-03
   4.2137824e-02
   4.9009375e-02
   3.7279927e-02
   3.3911721e-02
   6.4092125e-02
   6.1252430e-02
   4.0114695e-02
   6.1990558e-02
   4.0813148e-02
   4.3898665e-02
   2.9140253e-02
   4.3556125e-02
   9.0266741e-02
   6.1298891e-02
   1.8741449e-02
   2.6968300e-02
   4.2080097e-02
   4.7958747e-02
   2.8460025e-02
   2.1566705e-02
   4.8207104e-02
   4.2370541e-02
   1.8952942e-02
   1.7659493e-02
   2.2139723e-02
   2.9676769e-02
   2.6684223e-03
   3.3009696e-02
   2.1176726e-02
   2.3042272e-02
   2.3193285e-02
   1.5842928e-02
   4.6538600e-02
   5.5015233e-02
   6.6683608e-02
   5.0586827e-02
   2.3744038e-02
   4.1579353e-02
   3.0240408e-02
   3.4929124e-02
   5.3738118e-02
   4.8591939e-02
   2.2397723e-02
   3.0781614e-02
   1.1210140e-02
   6.5721193e-02
