   3.1415927e+00
   4.6324614e-01
   3.5910154e+00
   6.6301741e+00
   3.6067869e+00
   7.8699078e-01
  -1.8640167e+00
  -4.4083047e+00
  -6.8590862e+00
  -9.2029496e+00
  -1.1437750e+01
  -1.3600600e+01
  -1.5780711e+01
  -1.8030731e+01
  -2.0308951e+01
  -2.2545788e+01
  -2.4685358e+01
  -2.6705361e+01
  -2.8741407e+01
  -3.0918070e+01
  -3.3186745e+01
  -3.5488080e+01
  -3.7804191e+01
  -4.0101930e+01
  -4.2363521e+01
  -4.4608567e+01
  -4.6860128e+01
  -4.9140833e+01
  -5.1459649e+01
  -5.3803993e+01
  -5.6164554e+01
  -5.8533264e+01
  -6.0901542e+01
  -6.3270372e+01
  -6.5636223e+01
  -6.7996968e+01
  -7.0363221e+01
  -7.2736483e+01
  -7.5110764e+01
  -7.7489155e+01
  -7.9870097e+01
  -8.2245494e+01
  -8.4614624e+01
  -8.6978060e+01
  -8.9334701e+01
  -9.1689597e+01
  -9.4049608e+01
  -9.6418614e+01
  -9.8799172e+01
  -1.0118980e+02
  -1.0358592e+02
  -1.0598330e+02
  -1.0837639e+02
  -1.1076069e+02
  -1.1313418e+02
  -1.1549589e+02
  -1.1785177e+02
  -1.2021323e+02
  -1.2258790e+02
  -1.2498039e+02
  -1.2739169e+02
  -1.2981739e+02
  -1.3225191e+02
  -1.3468625e+02
  -1.3710669e+02
  -1.3949355e+02
  -1.4181299e+02
  -1.4402442e+02
  -1.4613469e+02
  -1.4826252e+02
  -1.5050840e+02
  -1.5286072e+02
  -1.5527341e+02
  -1.5771597e+02
  -1.6017064e+02
  -1.6262055e+02
  -1.6504885e+02
  -1.6742873e+02
  -1.6972788e+02
  -1.7193115e+02
  -1.7408327e+02
  -1.7628480e+02
  -1.7858106e+02
  -1.8094925e+02
  -1.8334367e+02
  -1.8571285e+02
  -1.8798452e+02
  -1.8998493e+02
  -1.9174281e+02
  -1.9380607e+02
  -1.9616079e+02
  -1.9855537e+02
  -2.0087652e+02
  -2.0289552e+02
  -2.0390476e+02
  -2.0587811e+02
  -2.0822537e+02
  -2.1073506e+02
  -2.1316924e+02
  -2.1530993e+02
  -2.1688801e+02
  -2.1847928e+02
  -2.2061348e+02
  -2.2285452e+02
  -2.2500226e+02
  -2.2705977e+02
  -2.2914723e+02
  -2.3138557e+02
  -2.3375252e+02
  -2.3606797e+02
  -2.3826455e+02
  -2.4030067e+02
  -2.4222655e+02
  -2.4433202e+02
  -2.4666616e+02
  -2.4907564e+02
  -2.5147195e+02
  -2.5383903e+02
  -2.5606678e+02
  -2.5791347e+02
  -2.5962506e+02
  -2.6175139e+02
  -2.6405222e+02
  -2.6638178e+02
  -2.6867313e+02
  -2.7090537e+02
  -2.7311672e+02
  -2.7537498e+02
  -2.7771778e+02
  -2.8014374e+02
  -2.8262583e+02
  -2.8514062e+02
  -2.8768044e+02
  -2.9023419e+02
  -2.9279698e+02
  -2.9537183e+02
  -2.9795201e+02
  -3.0053609e+02
  -3.0312315e+02
  -3.0570658e+02
  -3.0829012e+02
  -3.1085637e+02
  -3.1327068e+02
  -3.1307717e+02
  -3.1561270e+02
  -3.1816989e+02
  -3.2074716e+02
  -3.2333057e+02
  -3.2587766e+02
  -3.2839410e+02
  -3.3083908e+02
  -3.3306473e+02
  -3.3487587e+02
  -3.3682850e+02
  -3.3916063e+02
  -3.4165067e+02
  -3.4418927e+02
  -3.4673695e+02
  -3.4928672e+02
  -3.5182864e+02
  -3.5350400e+02
  -3.5445282e+02
  -3.5688903e+02
  -3.5950417e+02
  -3.6210255e+02
  -3.6474059e+02
  -3.6750949e+02
  -3.7038857e+02
  -3.6842391e+02
  -3.6531563e+02
  -3.6810961e+02
  -3.7086274e+02
  -3.7358517e+02
  -3.7629988e+02
  -3.7905848e+02
  -3.8189815e+02
  -3.8002541e+02
  -3.7689055e+02
  -3.7988979e+02
  -3.8259858e+02
  -3.8529698e+02
  -3.8810467e+02
  -3.9091421e+02
  -3.9366868e+02
  -3.9665966e+02
  -3.9377598e+02
  -3.9124156e+02
  -3.9429243e+02
  -3.9733432e+02
  -4.0007831e+02
  -4.0278666e+02
  -4.0551034e+02
  -4.0817880e+02
  -4.1090557e+02
  -4.1299224e+02
  -4.1315506e+02
  -4.1562368e+02
  -4.1830004e+02
  -4.2082866e+02
  -4.2342425e+02
  -4.2599037e+02
  -4.2840391e+02
  -4.3080171e+02
  -4.3318695e+02
  -4.3545056e+02
  -4.3767929e+02
  -4.3997886e+02
  -4.4229297e+02
  -4.4460052e+02
  -4.4691977e+02
  -4.4915706e+02
  -4.5132670e+02
  -4.5356939e+02
  -4.5590406e+02
  -4.5831816e+02
  -4.6080122e+02
  -4.6327719e+02
  -4.6574498e+02
  -4.6824307e+02
  -4.7074499e+02
  -4.7315514e+02
  -4.7538719e+02
  -4.7737785e+02
  -4.7931256e+02
  -4.8147651e+02
  -4.8384393e+02
  -4.8628563e+02
  -4.8869945e+02
  -4.9113325e+02
  -4.9346004e+02
  -4.9557533e+02
  -4.9762997e+02
  -4.9977342e+02
  -5.0214407e+02
  -5.0473305e+02
  -5.0721252e+02
  -5.0974526e+02
  -5.1235237e+02
  -5.1476336e+02
  -5.1415959e+02
  -5.1689699e+02
  -5.1948761e+02
  -5.2214843e+02
  -5.2477153e+02
  -5.2728587e+02
  -5.3015728e+02
  -5.3230234e+02
  -5.3223992e+02
  -5.3476248e+02
  -5.3750079e+02
  -5.3986668e+02
  -5.4264709e+02
  -5.4527090e+02
  -5.4750474e+02
  -5.4463350e+02
  -5.4438022e+02
  -5.4660799e+02
  -5.4917641e+02
  -5.5191177e+02
  -5.5443314e+02
  -5.5707927e+02
  -5.5994672e+02
  -5.6270482e+02
  -5.6514706e+02
  -5.6460841e+02
  -5.6703013e+02
  -5.6987097e+02
  -5.7273661e+02
  -5.7552983e+02
  -5.7830696e+02
  -5.8113150e+02
  -5.8389652e+02
  -5.8677015e+02
  -5.8934184e+02
  -5.9211427e+02
  -5.9504066e+02
  -5.9599641e+02
  -5.9714242e+02
  -6.0013416e+02
  -6.0280913e+02
  -6.0546256e+02
  -6.0806004e+02
  -6.1041292e+02
  -6.1282616e+02
  -6.1501104e+02
  -6.1674139e+02
  -6.1887273e+02
  -6.2125255e+02
  -6.2382946e+02
  -6.2643533e+02
  -6.2892100e+02
  -6.3177682e+02
  -6.3448870e+02
  -6.3684884e+02
  -6.3986325e+02
  -6.4232231e+02
  -6.4210588e+02
  -6.4435000e+02
  -6.4146778e+02
  -6.4430529e+02
  -6.4675192e+02
  -6.4387182e+02
  -6.4669497e+02
  -6.4933114e+02
  -6.5218942e+02
  -6.5495993e+02
  -6.5248426e+02
  -6.5513236e+02
  -6.5312637e+02
  -6.5606439e+02
  -6.5878366e+02
  -6.6167704e+02
  -6.6438464e+02
  -6.6724298e+02
  -6.6995673e+02
  -6.7302213e+02
  -6.7005276e+02
  -6.6707307e+02
  -6.6408600e+02
  -6.6661130e+02
  -6.6934748e+02
  -6.7204999e+02
  -6.7461118e+02
  -6.7723134e+02
  -6.8011072e+02
  -6.8287972e+02
  -6.8245686e+02
  -6.8485042e+02
  -6.8750408e+02
  -6.9034066e+02
  -6.9308728e+02
  -6.9554452e+02
  -6.9808523e+02
  -6.9558045e+02
  -6.9302634e+02
  -6.8997909e+02
  -6.9262562e+02
  -6.9548188e+02
  -6.9814681e+02
  -7.0104943e+02
  -7.0392969e+02
  -7.0662449e+02
  -7.0368759e+02
  -7.0101209e+02
  -6.9806362e+02
  -7.0104669e+02
  -7.0343323e+02
  -7.0621711e+02
  -7.0308959e+02
  -7.0604907e+02
  -7.0329825e+02
  -7.0626015e+02
  -7.0322560e+02
  -7.0600747e+02
  -7.0877062e+02
  -7.1153762e+02
  -7.1428697e+02
  -7.1719632e+02
  -7.1477404e+02
  -7.1770072e+02
  -7.1481466e+02
  -7.1191904e+02
  -7.1461384e+02
  -7.1728130e+02
  -7.2010747e+02
  -7.2311075e+02
  -7.2587871e+02
  -7.2860366e+02
  -7.3166426e+02
  -7.3397493e+02
  -7.3499752e+02
  -7.3513677e+02
  -7.3244848e+02
  -7.3529853e+02
  -7.3806043e+02
  -7.3500724e+02
  -7.3728777e+02
  -7.3986063e+02
  -7.3707789e+02
  -7.3938724e+02
  -7.4039852e+02
  -7.4128735e+02
  -7.4362933e+02
  -7.4653539e+02
  -7.4952379e+02
  -7.5257694e+02
  -7.5560376e+02
  -7.5812508e+02
  -7.6088436e+02
  -7.5807368e+02
  -7.6066304e+02
  -7.6375397e+02
  -7.6647010e+02
  -7.6874390e+02
  -7.7102061e+02
  -7.7185253e+02
  -7.7399356e+02
  -7.7648409e+02
  -7.7920761e+02
  -7.8171942e+02
  -7.8428329e+02
  -7.8675354e+02
  -7.8900148e+02
  -7.9151143e+02
  -7.9389480e+02
  -7.9600173e+02
  -7.9830909e+02
  -8.0087082e+02
  -8.0348643e+02
  -8.0601555e+02
  -8.0854442e+02
  -8.1121544e+02
  -8.1377679e+02
  -8.1617905e+02
  -8.1857533e+02
  -8.2043090e+02
  -8.2182980e+02
  -8.2421947e+02
  -8.2661322e+02
  -8.2910138e+02
  -8.3172732e+02
  -8.3423680e+02
  -8.3684919e+02
  -8.3879603e+02
  -8.4016593e+02
  -8.4227915e+02
  -8.4527501e+02
  -8.4768014e+02
  -8.5036883e+02
  -8.5300350e+02
  -8.5540502e+02
  -8.5812971e+02
  -8.6031354e+02
  -8.6059939e+02
  -8.6237066e+02
  -8.5975774e+02
  -8.6249999e+02
  -8.6521216e+02
  -8.6771697e+02
  -8.7036170e+02
  -8.7339840e+02
  -8.7563191e+02
  -8.7655528e+02
  -8.7769042e+02
  -8.7522129e+02
  -8.7793089e+02
  -8.8045940e+02
  -8.8300950e+02
  -8.8555746e+02
  -8.8809066e+02
  -8.9078558e+02
  -8.9370156e+02
  -8.9616575e+02
  -8.9881368e+02
  -8.9953475e+02
  -9.0153856e+02
  -9.0394472e+02
  -9.0697731e+02
  -9.0950905e+02
  -9.1232457e+02
  -9.1494892e+02
  -9.1729215e+02
  -9.1426314e+02
  -9.1644333e+02
  -9.1778696e+02
  -9.1968568e+02
  -9.2259558e+02
  -9.2531852e+02
  -9.2787287e+02
  -9.3032119e+02
  -9.3295991e+02
  -9.3560008e+02
  -9.3809703e+02
  -9.4103225e+02
  -9.3881594e+02
  -9.4137220e+02
  -9.3875756e+02
  -9.4146848e+02
  -9.3875768e+02
  -9.4091732e+02
  -9.4307546e+02
  -9.4024557e+02
  -9.4170603e+02
  -9.4177220e+02
  -9.4434973e+02
  -9.4150136e+02
  -9.4373654e+02
  -9.4685223e+02
  -9.4945784e+02
  -9.5236031e+02
  -9.5516093e+02
  -9.5794924e+02
  -9.5504772e+02
  -9.5302173e+02
  -9.5560498e+02
  -9.5806013e+02
  -9.6059931e+02
  -9.6280330e+02
  -9.6175845e+02
  -9.6412331e+02
  -9.6173653e+02
  -9.6478495e+02
  -9.6732407e+02
  -9.7010349e+02
  -9.7267774e+02
  -9.7505038e+02
  -9.7224872e+02
  -9.7462598e+02
  -9.7677340e+02
  -9.7459129e+02
  -9.7340310e+02
  -9.7549473e+02
  -9.7800326e+02
  -9.8086138e+02
  -9.8372698e+02
  -9.8061122e+02
  -9.8305820e+02
  -9.8074325e+02
  -9.8282044e+02
  -9.8447653e+02
  -9.8525338e+02
  -9.8725462e+02
  -9.8962052e+02
  -9.8654454e+02
  -9.8902087e+02
  -9.9192687e+02
  -9.8886568e+02
  -9.9123736e+02
  -9.9385597e+02
  -9.9636005e+02
  -9.9363397e+02
  -9.9658716e+02
  -9.9612423e+02
  -9.9789035e+02
  -1.0005767e+03
  -1.0035202e+03
  -1.0062506e+03
  -1.0088791e+03
  -1.0115457e+03
  -1.0086461e+03
  -1.0116684e+03
  -1.0086409e+03
  -1.0117705e+03
  -1.0143466e+03
  -1.0114648e+03
  -1.0139538e+03
  -1.0162490e+03
  -1.0131333e+03
  -1.0151818e+03
  -1.0165645e+03
  -1.0192187e+03
  -1.0215367e+03
  -1.0238437e+03
  -1.0268180e+03
  -1.0294078e+03
  -1.0325275e+03
  -1.0353717e+03
  -1.0376713e+03
  -1.0402127e+03
  -1.0371847e+03
  -1.0344166e+03
  -1.0371826e+03
  -1.0388171e+03
  -1.0392661e+03
  -1.0416369e+03
  -1.0445981e+03
  -1.0469726e+03
  -1.0493233e+03
  -1.0521257e+03
  -1.0546963e+03
  -1.0572109e+03
  -1.0600738e+03
  -1.0615453e+03
  -1.0621403e+03
  -1.0646999e+03
  -1.0678034e+03
  -1.0700858e+03
  -1.0677603e+03
  -1.0701034e+03
  -1.0724035e+03
  -1.0693015e+03
  -1.0674092e+03
  -1.0703151e+03
  -1.0726282e+03
  -1.0756613e+03
  -1.0783008e+03
  -1.0807417e+03
  -1.0834406e+03
  -1.0859600e+03
  -1.0883902e+03
  -1.0905207e+03
  -1.0923611e+03
  -1.0945459e+03
  -1.0969362e+03
  -1.0992489e+03
  -1.0964851e+03
  -1.0994247e+03
  -1.1016816e+03
  -1.0994996e+03
  -1.1019411e+03
  -1.1049190e+03
  -1.1076899e+03
  -1.1105925e+03
  -1.1134958e+03
  -1.1154824e+03
  -1.1140085e+03
  -1.1154622e+03
  -1.1149542e+03
  -1.1170808e+03
  -1.1200845e+03
  -1.1228867e+03
  -1.1255427e+03
  -1.1278875e+03
  -1.1307146e+03
  -1.1338054e+03
  -1.1360138e+03
  -1.1340310e+03
  -1.1360438e+03
  -1.1385903e+03
  -1.1359462e+03
  -1.1387282e+03
  -1.1396242e+03
  -1.1410252e+03
  -1.1430339e+03
  -1.1455609e+03
  -1.1484388e+03
  -1.1458053e+03
  -1.1482481e+03
  -1.1455119e+03
  -1.1479682e+03
  -1.1499952e+03
  -1.1470969e+03
  -1.1443634e+03
  -1.1412920e+03
  -1.1435443e+03
  -1.1409218e+03
  -1.1433221e+03
  -1.1451872e+03
  -1.1477516e+03
  -1.1450027e+03
  -1.1458969e+03
  -1.1469349e+03
  -1.1486174e+03
  -1.1513869e+03
  -1.1532487e+03
  -1.1523197e+03
  -1.1533269e+03
  -1.1549809e+03
  -1.1574987e+03
  -1.1597625e+03
  -1.1621071e+03
  -1.1651677e+03
  -1.1676553e+03
  -1.1704223e+03
  -1.1731347e+03
  -1.1707391e+03
  -1.1732494e+03
  -1.1708871e+03
  -1.1731969e+03
  -1.1754022e+03
  -1.1723788e+03
  -1.1743945e+03
  -1.1768454e+03
  -1.1740674e+03
  -1.1753352e+03
  -1.1774500e+03
  -1.1801993e+03
  -1.1822258e+03
  -1.1844804e+03
  -1.1870917e+03
  -1.1901949e+03
  -1.1930125e+03
  -1.1952628e+03
  -1.1977894e+03
  -1.2001732e+03
  -1.2020473e+03
  -1.2043913e+03
  -1.2066323e+03
  -1.2089810e+03
  -1.2115704e+03
  -1.2140710e+03
  -1.2110407e+03
  -1.2135255e+03
  -1.2165162e+03
  -1.2135056e+03
  -1.2159835e+03
  -1.2135500e+03
  -1.2156617e+03
  -1.2132539e+03
  -1.2153260e+03
  -1.2178594e+03
  -1.2148864e+03
  -1.2165313e+03
  -1.2183578e+03
  -1.2211625e+03
  -1.2229641e+03
  -1.2250352e+03
  -1.2281718e+03
  -1.2306596e+03
  -1.2337845e+03
  -1.2362753e+03
  -1.2384046e+03
  -1.2414185e+03
  -1.2408446e+03
  -1.2430253e+03
  -1.2454315e+03
  -1.2485675e+03
  -1.2514766e+03
  -1.2543537e+03
  -1.2569315e+03
  -1.2598639e+03
  -1.2624958e+03
  -1.2650390e+03
  -1.2679859e+03
  -1.2703723e+03
  -1.2728097e+03
  -1.2756515e+03
  -1.2777784e+03
  -1.2798087e+03
  -1.2824059e+03
  -1.2796957e+03
  -1.2823962e+03
  -1.2851176e+03
  -1.2878055e+03
  -1.2908469e+03
  -1.2938416e+03
  -1.2967523e+03
  -1.2994308e+03
  -1.3020481e+03
  -1.3051864e+03
  -1.3079610e+03
  -1.3103875e+03
  -1.3130456e+03
  -1.3161505e+03
  -1.3181671e+03
  -1.3194045e+03
  -1.3209708e+03
  -1.3233711e+03
  -1.3203177e+03
  -1.3226947e+03
  -1.3251209e+03
  -1.3280307e+03
  -1.3305665e+03
  -1.3333978e+03
  -1.3363918e+03
  -1.3383519e+03
  -1.3371123e+03
  -1.3377454e+03
  -1.3385950e+03
  -1.3407415e+03
  -1.3378680e+03
  -1.3404554e+03
  -1.3425897e+03
  -1.3448592e+03
  -1.3422829e+03
  -1.3448508e+03
  -1.3478607e+03
  -1.3498825e+03
  -1.3509854e+03
  -1.3530573e+03
  -1.3556972e+03
  -1.3582170e+03
  -1.3606771e+03
  -1.3630790e+03
  -1.3602784e+03
  -1.3630120e+03
  -1.3650016e+03
  -1.3668828e+03
  -1.3689969e+03
  -1.3712314e+03
  -1.3735876e+03
  -1.3762571e+03
  -1.3788812e+03
  -1.3815181e+03
  -1.3844696e+03
  -1.3869584e+03
  -1.3893220e+03
  -1.3866528e+03
  -1.3889258e+03
  -1.3907166e+03
  -1.3897131e+03
  -1.3920312e+03
  -1.3891283e+03
  -1.3914294e+03
  -1.3895529e+03
  -1.3914860e+03
  -1.3943062e+03
  -1.3973288e+03
  -1.3994084e+03
  -1.3964858e+03
  -1.3982662e+03
  -1.3995942e+03
  -1.4018864e+03
  -1.4045564e+03
  -1.4072788e+03
  -1.4101371e+03
  -1.4120074e+03
  -1.4138597e+03
  -1.4115098e+03
  -1.4124343e+03
  -1.4142869e+03
  -1.4169566e+03
  -1.4191797e+03
  -1.4218911e+03
  -1.4247032e+03
  -1.4271442e+03
  -1.4300155e+03
  -1.4324730e+03
  -1.4346567e+03
  -1.4368143e+03
  -1.4387394e+03
  -1.4406494e+03
  -1.4427683e+03
  -1.4455452e+03
  -1.4486600e+03
  -1.4509465e+03
  -1.4534464e+03
  -1.4561043e+03
  -1.4582370e+03
  -1.4589388e+03
  -1.4608871e+03
  -1.4633723e+03
  -1.4607997e+03
  -1.4631965e+03
  -1.4658328e+03
  -1.4684589e+03
  -1.4657214e+03
  -1.4683747e+03
  -1.4702291e+03
  -1.4688204e+03
  -1.4706694e+03
  -1.4679157e+03
  -1.4705346e+03
  -1.4688146e+03
  -1.4710736e+03
  -1.4739911e+03
  -1.4764102e+03
  -1.4790538e+03
  -1.4760808e+03
  -1.4781431e+03
  -1.4806889e+03
  -1.4834353e+03
  -1.4851891e+03
  -1.4872985e+03
  -1.4893962e+03
  -1.4917552e+03
  -1.4947084e+03
  -1.4969554e+03
  -1.4993857e+03
  -1.5023274e+03
  -1.5047502e+03
  -1.5075302e+03
  -1.5099462e+03
  -1.5118390e+03
  -1.5144651e+03
  -1.5171592e+03
  -1.5190399e+03
  -1.5208871e+03
  -1.5230735e+03
  -1.5260086e+03
  -1.5278669e+03
  -1.5295250e+03
  -1.5326460e+03
  -1.5348021e+03
  -1.5365695e+03
  -1.5345838e+03
  -1.5365379e+03
  -1.5391681e+03
  -1.5420694e+03
  -1.5438439e+03
  -1.5450081e+03
  -1.5466975e+03
  -1.5491361e+03
  -1.5513369e+03
  -1.5538046e+03
  -1.5565440e+03
  -1.5591111e+03
  -1.5615734e+03
  -1.5639056e+03
  -1.5663495e+03
  -1.5684294e+03
  -1.5702695e+03
  -1.5731301e+03
  -1.5759579e+03
  -1.5783604e+03
  -1.5808904e+03
  -1.5833591e+03
  -1.5858546e+03
  -1.5883029e+03
  -1.5900363e+03
  -1.5904988e+03
  -1.5934746e+03
  -1.5960752e+03
  -1.5983452e+03
  -1.6012193e+03
  -1.6037349e+03
  -1.6061486e+03
  -1.6091224e+03
  -1.6110678e+03
  -1.6121205e+03
  -1.6135652e+03
  -1.6104736e+03
  -1.6129812e+03
  -1.6153292e+03
  -1.6179549e+03
  -1.6203821e+03
  -1.6228025e+03
  -1.6251196e+03
  -1.6271480e+03
  -1.6295649e+03
  -1.6321303e+03
  -1.6341775e+03
  -1.6366877e+03
  -1.6397352e+03
  -1.6416725e+03
  -1.6435398e+03
  -1.6411198e+03
  -1.6423603e+03
  -1.6437190e+03
  -1.6461140e+03
  -1.6488909e+03
  -1.6512773e+03
  -1.6535660e+03
  -1.6563657e+03
  -1.6533072e+03
  -1.6553389e+03
  -1.6570968e+03
  -1.6590081e+03
  -1.6615399e+03
  -1.6640656e+03
  -1.6664621e+03
  -1.6692557e+03
  -1.6717051e+03
  -1.6738923e+03
  -1.6768228e+03
  -1.6795847e+03
  -1.6824958e+03
  -1.6793581e+03
  -1.6807577e+03
  -1.6821345e+03
  -1.6840260e+03
  -1.6862405e+03
  -1.6838661e+03
  -1.6861986e+03
  -1.6890731e+03
  -1.6917480e+03
  -1.6941681e+03
  -1.6964818e+03
  -1.6979748e+03
  -1.6990775e+03
  -1.6972596e+03
  -1.6988495e+03
  -1.7010361e+03
  -1.6983324e+03
  -1.7003920e+03
  -1.7026757e+03
  -1.7053330e+03
  -1.7024478e+03
  -1.7045542e+03
  -1.7057817e+03
  -1.7075421e+03
  -1.7105307e+03
  -1.7129033e+03
  -1.7155141e+03
  -1.7179132e+03
  -1.7200052e+03
  -1.7227984e+03
  -1.7207293e+03
  -1.7181117e+03
  -1.7152234e+03
  -1.7177177e+03
  -1.7203489e+03
  -1.7234677e+03
  -1.7260959e+03
  -1.7289811e+03
  -1.7312679e+03
  -1.7334045e+03
  -1.7357652e+03
  -1.7376373e+03
  -1.7394938e+03
  -1.7418355e+03
  -1.7444511e+03
  -1.7471000e+03
  -1.7498354e+03
  -1.7525359e+03
  -1.7547876e+03
  -1.7567622e+03
  -1.7592155e+03
  -1.7561523e+03
  -1.7581686e+03
  -1.7604882e+03
  -1.7629935e+03
  -1.7652643e+03
  -1.7675036e+03
  -1.7646525e+03
  -1.7674449e+03
  -1.7694188e+03
  -1.7714957e+03
  -1.7692840e+03
  -1.7690568e+03
  -1.7711481e+03
  -1.7737192e+03
  -1.7760996e+03
  -1.7786287e+03
  -1.7814642e+03
  -1.7838995e+03
  -1.7868951e+03
  -1.7898329e+03
  -1.7917030e+03
  -1.7934041e+03
  -1.7957649e+03
  -1.7983473e+03
  -1.8007006e+03
  -1.8030897e+03
  -1.8053884e+03
  -1.8081773e+03
  -1.8111264e+03
  -1.8135622e+03
  -1.8159396e+03
  -1.8177440e+03
  -1.8169820e+03
  -1.8174720e+03
  -1.8183822e+03
  -1.8154798e+03
  -1.8177494e+03
  -1.8192224e+03
  -1.8195606e+03
  -1.8194333e+03
  -1.8211884e+03
  -1.8242571e+03
  -1.8255698e+03
  -1.8265216e+03
  -1.8270439e+03
  -1.8265719e+03
  -1.8235511e+03
  -1.8257992e+03
  -1.8280338e+03
  -1.8249028e+03
  -1.8272913e+03
  -1.8250726e+03
  -1.8265178e+03
  -1.8264810e+03
  -1.8281927e+03
  -1.8311334e+03
  -1.8335234e+03
  -1.8361854e+03
  -1.8390669e+03
  -1.8418615e+03
  -1.8443006e+03
  -1.8455472e+03
  -1.8461347e+03
  -1.8492015e+03
  -1.8517432e+03
  -1.8539861e+03
  -1.8568975e+03
  -1.8594474e+03
  -1.8616436e+03
  -1.8637644e+03
  -1.8612934e+03
  -1.8628386e+03
  -1.8640908e+03
  -1.8662658e+03
  -1.8689147e+03
  -1.8712628e+03
  -1.8736990e+03
  -1.8762485e+03
  -1.8782018e+03
  -1.8797653e+03
  -1.8816448e+03
  -1.8788825e+03
  -1.8809041e+03
  -1.8782403e+03
  -1.8808358e+03
  -1.8827630e+03
  -1.8797860e+03
  -1.8819801e+03
  -1.8816829e+03
  -1.8825823e+03
  -1.8842815e+03
  -1.8823145e+03
  -1.8848718e+03
  -1.8877067e+03
  -1.8889498e+03
  -1.8892607e+03
  -1.8906829e+03
  -1.8889295e+03
  -1.8910095e+03
  -1.8940838e+03
  -1.8963870e+03
  -1.8986980e+03
  -1.9014574e+03
  -1.9035788e+03
  -1.9057383e+03
  -1.9078424e+03
  -1.9097829e+03
  -1.9123221e+03
  -1.9154083e+03
  -1.9177897e+03
  -1.9200308e+03
  -1.9224225e+03
  -1.9195257e+03
  -1.9219398e+03
  -1.9244057e+03
  -1.9267070e+03
  -1.9285035e+03
  -1.9304652e+03
  -1.9330238e+03
  -1.9353044e+03
  -1.9376626e+03
  -1.9406116e+03
  -1.9426444e+03
  -1.9443854e+03
  -1.9414284e+03
  -1.9439108e+03
  -1.9458396e+03
  -1.9482561e+03
  -1.9508084e+03
  -1.9532017e+03
  -1.9556945e+03
  -1.9581959e+03
  -1.9607899e+03
  -1.9632398e+03
  -1.9654505e+03
  -1.9675930e+03
  -1.9695162e+03
  -1.9716818e+03
  -1.9745454e+03
  -1.9767540e+03
  -1.9790198e+03
  -1.9821330e+03
  -1.9842064e+03
  -1.9843361e+03
  -1.9855551e+03
  -1.9877427e+03
  -1.9898437e+03
  -1.9907338e+03
  -1.9910642e+03
  -1.9929392e+03
  -1.9946367e+03
  -1.9965978e+03
  -1.9996043e+03
  -2.0017112e+03
  -2.0038387e+03
  -2.0068005e+03
  -2.0094471e+03
  -2.0118791e+03
  -2.0144936e+03
  -2.0174119e+03
  -2.0200863e+03
  -2.0220363e+03
  -2.0211349e+03
  -2.0223211e+03
  -2.0217149e+03
  -2.0233783e+03
  -2.0253056e+03
  -2.0235904e+03
  -2.0256870e+03
  -2.0270379e+03
  -2.0279047e+03
  -2.0296035e+03
  -2.0314863e+03
  -2.0304633e+03
  -2.0322661e+03
  -2.0352139e+03
  -2.0326618e+03
  -2.0350381e+03
  -2.0378186e+03
  -2.0402100e+03
  -2.0428000e+03
  -2.0397568e+03
  -2.0422721e+03
  -2.0444753e+03
  -2.0465642e+03
  -2.0446060e+03
  -2.0454750e+03
  -2.0458326e+03
  -2.0465711e+03
  -2.0468528e+03
  -2.0489229e+03
  -2.0511046e+03
  -2.0526258e+03
  -2.0522827e+03
  -2.0532747e+03
  -2.0545015e+03
  -2.0555786e+03
  -2.0547997e+03
  -2.0555739e+03
  -2.0580177e+03
  -2.0551374e+03
  -2.0572287e+03
  -2.0596812e+03
  -2.0622307e+03
  -2.0643332e+03
  -2.0665299e+03
  -2.0639734e+03
  -2.0661315e+03
  -2.0681054e+03
  -2.0700668e+03
  -2.0725265e+03
  -2.0754173e+03
  -2.0776203e+03
  -2.0801827e+03
  -2.0828356e+03
  -2.0849448e+03
  -2.0872644e+03
  -2.0902262e+03
  -2.0876152e+03
  -2.0900818e+03
  -2.0919455e+03
  -2.0939431e+03
  -2.0958345e+03
  -2.0976458e+03
  -2.0957648e+03
  -2.0975828e+03
  -2.0948565e+03
  -2.0974345e+03
  -2.0993295e+03
  -2.1023818e+03
  -2.1052055e+03
  -2.1074844e+03
  -2.1103544e+03
  -2.1120100e+03
  -2.1136366e+03
  -2.1154003e+03
  -2.1176201e+03
  -2.1153566e+03
  -2.1175554e+03
  -2.1198151e+03
  -2.1222568e+03
  -2.1248894e+03
  -2.1266673e+03
  -2.1270930e+03
  -2.1279597e+03
  -2.1295934e+03
  -2.1317029e+03
  -2.1334174e+03
  -2.1348766e+03
  -2.1361543e+03
  -2.1375258e+03
  -2.1391453e+03
  -2.1389889e+03
  -2.1396498e+03
  -2.1409091e+03
  -2.1407536e+03
  -2.1420333e+03
  -2.1392550e+03
  -2.1414111e+03
  -2.1438308e+03
  -2.1408961e+03
  -2.1430344e+03
  -2.1452101e+03
  -2.1449471e+03
  -2.1464193e+03
  -2.1477298e+03
  -2.1470281e+03
  -2.1487206e+03
  -2.1513217e+03
  -2.1497285e+03
  -2.1527684e+03
  -2.1549253e+03
  -2.1575632e+03
  -2.1598486e+03
  -2.1625524e+03
  -2.1596864e+03
  -2.1610224e+03
  -2.1615818e+03
  -2.1588569e+03
  -2.1607279e+03
  -2.1632597e+03
  -2.1601807e+03
  -2.1623697e+03
  -2.1601185e+03
  -2.1620889e+03
  -2.1643931e+03
  -2.1672258e+03
  -2.1693651e+03
  -2.1716600e+03
  -2.1689165e+03
  -2.1708488e+03
  -2.1729580e+03
  -2.1702792e+03
  -2.1722709e+03
  -2.1741707e+03
  -2.1767209e+03
  -2.1797427e+03
  -2.1777583e+03
  -2.1801167e+03
  -2.1819014e+03
  -2.1833818e+03
  -2.1835222e+03
  -2.1849945e+03
  -2.1833998e+03
  -2.1853817e+03
  -2.1878249e+03
  -2.1847915e+03
  -2.1870622e+03
  -2.1897449e+03
  -2.1873336e+03
  -2.1896440e+03
  -2.1917388e+03
  -2.1887396e+03
  -2.1913940e+03
  -2.1933470e+03
  -2.1957611e+03
  -2.1981225e+03
  -2.2000928e+03
  -2.2022497e+03
  -2.1999424e+03
  -2.2022222e+03
  -2.2042899e+03
  -2.2072036e+03
  -2.2093463e+03
  -2.2103489e+03
  -2.2117161e+03
  -2.2146326e+03
  -2.2116847e+03
  -2.2138410e+03
  -2.2111107e+03
  -2.2136619e+03
  -2.2163542e+03
  -2.2189262e+03
  -2.2213372e+03
  -2.2238732e+03
  -2.2262949e+03
  -2.2289117e+03
  -2.2274238e+03
  -2.2299557e+03
  -2.2308243e+03
  -2.2324251e+03
  -2.2344228e+03
  -2.2363692e+03
  -2.2382431e+03
  -2.2369334e+03
  -2.2387772e+03
  -2.2407564e+03
  -2.2436235e+03
  -2.2465777e+03
  -2.2491158e+03
  -2.2514685e+03
  -2.2531272e+03
  -2.2548915e+03
  -2.2577713e+03
  -2.2604980e+03
  -2.2622772e+03
  -2.2635971e+03
  -2.2629644e+03
  -2.2641586e+03
  -2.2654375e+03
  -2.2669749e+03
  -2.2698069e+03
  -2.2724259e+03
  -2.2753594e+03
  -2.2774966e+03
  -2.2796384e+03
  -2.2823346e+03
  -2.2837112e+03
  -2.2847970e+03
  -2.2855232e+03
  -2.2849829e+03
  -2.2865290e+03
  -2.2890214e+03
  -2.2898025e+03
  -2.2912572e+03
  -2.2930736e+03
  -2.2909393e+03
  -2.2931167e+03
  -2.2955788e+03
  -2.2987203e+03
  -2.3010536e+03
  -2.3032626e+03
  -2.3058084e+03
  -2.3083810e+03
  -2.3105023e+03
  -2.3132849e+03
  -2.3154573e+03
  -2.3172614e+03
  -2.3201024e+03
  -2.3228377e+03
  -2.3250403e+03
  -2.3275474e+03
  -2.3303282e+03
  -2.3327488e+03
  -2.3346474e+03
  -2.3361824e+03
  -2.3379912e+03
  -2.3406252e+03
  -2.3432915e+03
  -2.3462256e+03
  -2.3490395e+03
  -2.3515029e+03
  -2.3539385e+03
  -2.3513516e+03
  -2.3534351e+03
  -2.3550807e+03
  -2.3548097e+03
  -2.3555125e+03
  -2.3541476e+03
  -2.3548205e+03
  -2.3553270e+03
  -2.3570825e+03
  -2.3594518e+03
  -2.3568829e+03
  -2.3589826e+03
  -2.3609362e+03
  -2.3588812e+03
  -2.3606988e+03
  -2.3612435e+03
  -2.3610480e+03
  -2.3621996e+03
  -2.3624253e+03
  -2.3653485e+03
  -2.3673435e+03
  -2.3696766e+03
  -2.3665720e+03
  -2.3688726e+03
  -2.3658920e+03
  -2.3677928e+03
  -2.3696346e+03
  -2.3718302e+03
  -2.3737211e+03
  -2.3756403e+03
  -2.3787451e+03
  -2.3815775e+03
  -2.3838405e+03
  -2.3861134e+03
  -2.3884923e+03
  -2.3907216e+03
  -2.3927797e+03
  -2.3957700e+03
  -2.3979951e+03
  -2.3998388e+03
  -2.4023306e+03
  -2.4049873e+03
  -2.4070239e+03
  -2.4091756e+03
  -2.4112074e+03
  -2.4133870e+03
  -2.4161691e+03
  -2.4185548e+03
  -2.4208285e+03
  -2.4232454e+03
  -2.4257205e+03
  -2.4282430e+03
  -2.4304745e+03
  -2.4327499e+03
  -2.4353202e+03
  -2.4375687e+03
  -2.4398533e+03
  -2.4422702e+03
  -2.4446260e+03
  -2.4471541e+03
  -2.4496467e+03
  -2.4520812e+03
  -2.4544674e+03
  -2.4565672e+03
  -2.4591252e+03
  -2.4617571e+03
  -2.4637737e+03
  -2.4661788e+03
  -2.4688321e+03
  -2.4710854e+03
  -2.4733700e+03
  -2.4758097e+03
  -2.4782761e+03
  -2.4804209e+03
  -2.4826031e+03
  -2.4852953e+03
  -2.4873444e+03
  -2.4893440e+03
  -2.4867806e+03
  -2.4888784e+03
  -2.4911935e+03
  -2.4887154e+03
  -2.4907075e+03
  -2.4929836e+03
  -2.4914644e+03
  -2.4935793e+03
  -2.4948702e+03
  -2.4953317e+03
  -2.4971438e+03
  -2.4995221e+03
  -2.5025238e+03
  -2.5047461e+03
  -2.5065863e+03
  -2.5054704e+03
  -2.5079403e+03
  -2.5105841e+03
  -2.5118935e+03
  -2.5122110e+03
  -2.5125972e+03
  -2.5128925e+03
  -2.5141859e+03
  -2.5160407e+03
  -2.5133502e+03
  -2.5151537e+03
  -2.5165258e+03
  -2.5177219e+03
  -2.5189084e+03
  -2.5198289e+03
  -2.5210122e+03
  -2.5229712e+03
  -2.5249087e+03
  -2.5259529e+03
  -2.5253481e+03
  -2.5254134e+03
  -2.5268407e+03
  -2.5288757e+03
  -2.5261491e+03
  -2.5284796e+03
  -2.5305842e+03
  -2.5323859e+03
  -2.5340940e+03
  -2.5310684e+03
  -2.5326996e+03
  -2.5344844e+03
  -2.5369924e+03
  -2.5341220e+03
  -2.5366252e+03
  -2.5392574e+03
  -2.5418332e+03
  -2.5439617e+03
  -2.5457449e+03
  -2.5478182e+03
  -2.5501538e+03
  -2.5521132e+03
  -2.5542717e+03
  -2.5573838e+03
  -2.5597964e+03
  -2.5618310e+03
  -2.5643607e+03
  -2.5673685e+03
  -2.5689415e+03
  -2.5706215e+03
  -2.5734480e+03
  -2.5758412e+03
  -2.5779418e+03
  -2.5803685e+03
  -2.5830739e+03
  -2.5855837e+03
  -2.5878231e+03
  -2.5898732e+03
  -2.5921036e+03
  -2.5945112e+03
  -2.5968149e+03
  -2.5993194e+03
  -2.6018569e+03
  -2.6042484e+03
  -2.6065437e+03
  -2.6088156e+03
  -2.6113194e+03
  -2.6137568e+03
  -2.6160355e+03
  -2.6183569e+03
  -2.6205456e+03
  -2.6228166e+03
  -2.6255060e+03
  -2.6278817e+03
  -2.6300889e+03
  -2.6323625e+03
  -2.6346615e+03
  -2.6371954e+03
  -2.6396187e+03
  -2.6419815e+03
  -2.6446467e+03
  -2.6470236e+03
  -2.6493753e+03
  -2.6520838e+03
  -2.6543755e+03
  -2.6564014e+03
  -2.6585125e+03
  -2.6606686e+03
  -2.6627536e+03
  -2.6650423e+03
  -2.6679859e+03
  -2.6705453e+03
  -2.6727507e+03
  -2.6752944e+03
  -2.6776714e+03
  -2.6793739e+03
  -2.6783821e+03
  -2.6793115e+03
  -2.6801793e+03
  -2.6813112e+03
  -2.6800889e+03
  -2.6822517e+03
  -2.6853637e+03
  -2.6881092e+03
  -2.6907072e+03
  -2.6930320e+03
  -2.6956058e+03
  -2.6983514e+03
  -2.7010977e+03
  -2.7029012e+03
  -2.7042568e+03
  -2.7057998e+03
  -2.7034874e+03
  -2.7057521e+03
  -2.7079653e+03
  -2.7108715e+03
  -2.7131150e+03
  -2.7116603e+03
  -2.7136620e+03
  -2.7154411e+03
  -2.7159787e+03
  -2.7173659e+03
  -2.7194070e+03
  -2.7167989e+03
  -2.7194470e+03
  -2.7216552e+03
  -2.7238508e+03
  -2.7217366e+03
  -2.7236405e+03
  -2.7247800e+03
  -2.7270703e+03
  -2.7294309e+03
  -2.7313174e+03
  -2.7335369e+03
  -2.7357752e+03
  -2.7331521e+03
  -2.7358353e+03
  -2.7372696e+03
  -2.7384014e+03
  -2.7373002e+03
  -2.7381549e+03
  -2.7400250e+03
  -2.7429622e+03
  -2.7449472e+03
  -2.7468824e+03
  -2.7493322e+03
  -2.7516671e+03
  -2.7542496e+03
  -2.7570577e+03
  -2.7591419e+03
  -2.7615770e+03
  -2.7645898e+03
  -2.7667668e+03
  -2.7690097e+03
  -2.7660807e+03
  -2.7682564e+03
  -2.7705864e+03
  -2.7680175e+03
  -2.7688869e+03
  -2.7693983e+03
  -2.7716415e+03
  -2.7746307e+03
  -2.7767238e+03
  -2.7795489e+03
  -2.7823922e+03
  -2.7847154e+03
  -2.7817139e+03
  -2.7833987e+03
  -2.7847290e+03
  -2.7863817e+03
  -2.7885860e+03
  -2.7865468e+03
  -2.7885804e+03
  -2.7904145e+03
  -2.7920872e+03
  -2.7900310e+03
  -2.7912274e+03
  -2.7927187e+03
  -2.7945458e+03
  -2.7920787e+03
  -2.7940632e+03
  -2.7958441e+03
  -2.7986203e+03
  -2.8007093e+03
  -2.8009121e+03
  -2.8022830e+03
  -2.8014337e+03
  -2.8035038e+03
  -2.8060347e+03
  -2.8081216e+03
  -2.8102788e+03
  -2.8077690e+03
  -2.8096445e+03
  -2.8110438e+03
  -2.8098994e+03
  -2.8095711e+03
  -2.8112436e+03
  -2.8139880e+03
  -2.8111254e+03
  -2.8134357e+03
  -2.8159456e+03
  -2.8183417e+03
  -2.8209661e+03
  -2.8239015e+03
  -2.8258348e+03
  -2.8275199e+03
  -2.8302883e+03
  -2.8323963e+03
  -2.8348007e+03
  -2.8374281e+03
  -2.8396799e+03
  -2.8427540e+03
  -2.8458199e+03
  -2.8482517e+03
  -2.8503236e+03
  -2.8522734e+03
  -2.8553280e+03
  -2.8576446e+03
  -2.8598650e+03
  -2.8625719e+03
  -2.8648229e+03
  -2.8671584e+03
  -2.8698644e+03
  -2.8723425e+03
  -2.8747368e+03
  -2.8768722e+03
  -2.8789705e+03
  -2.8817744e+03
  -2.8839964e+03
  -2.8860411e+03
  -2.8885201e+03
  -2.8913669e+03
  -2.8940153e+03
  -2.8967219e+03
  -2.8989874e+03
  -2.9011911e+03
  -2.8981571e+03
  -2.8986568e+03
  -2.8998375e+03
  -2.9016290e+03
  -2.8994589e+03
  -2.9012990e+03
  -2.9034951e+03
  -2.9003564e+03
  -2.9021060e+03
  -2.9044275e+03
  -2.9073106e+03
  -2.9095068e+03
  -2.9117422e+03
  -2.9136490e+03
  -2.9154681e+03
  -2.9137789e+03
  -2.9152490e+03
  -2.9147871e+03
  -2.9156970e+03
  -2.9157629e+03
  -2.9172241e+03
  -2.9199599e+03
  -2.9221619e+03
  -2.9249536e+03
  -2.9277325e+03
  -2.9299627e+03
  -2.9321268e+03
  -2.9316803e+03
  -2.9335495e+03
  -2.9311829e+03
  -2.9331120e+03
  -2.9338874e+03
  -2.9339606e+03
  -2.9359092e+03
  -2.9334560e+03
  -2.9355753e+03
  -2.9379493e+03
  -2.9400449e+03
  -2.9415101e+03
  -2.9430949e+03
  -2.9450662e+03
  -2.9465516e+03
  -2.9464691e+03
  -2.9478824e+03
  -2.9495646e+03
  -2.9510588e+03
  -2.9526724e+03
  -2.9545613e+03
  -2.9565666e+03
  -2.9590764e+03
  -2.9617721e+03
  -2.9638997e+03
  -2.9662314e+03
  -2.9684816e+03
  -2.9702268e+03
  -2.9722201e+03
  -2.9696463e+03
  -2.9716459e+03
  -2.9737771e+03
  -2.9762239e+03
  -2.9785044e+03
  -2.9810316e+03
  -2.9836085e+03
  -2.9859075e+03
  -2.9882929e+03
  -2.9904498e+03
  -2.9929080e+03
  -2.9955061e+03
  -2.9977007e+03
  -3.0002838e+03
  -3.0027548e+03
  -3.0047027e+03
  -3.0071948e+03
  -3.0102082e+03
  -3.0121229e+03
  -3.0142838e+03
  -3.0166187e+03
  -3.0189239e+03
  -3.0213873e+03
  -3.0241223e+03
  -3.0266895e+03
  -3.0288586e+03
  -3.0313066e+03
  -3.0338988e+03
  -3.0358418e+03
  -3.0385246e+03
  -3.0412733e+03
  -3.0433646e+03
  -3.0453225e+03
  -3.0469216e+03
  -3.0459162e+03
  -3.0474791e+03
  -3.0489942e+03
  -3.0504625e+03
  -3.0524986e+03
  -3.0543489e+03
  -3.0566829e+03
  -3.0587331e+03
  -3.0598952e+03
  -3.0610739e+03
  -3.0626573e+03
  -3.0644692e+03
  -3.0656044e+03
  -3.0657185e+03
  -3.0652838e+03
  -3.0667092e+03
  -3.0685354e+03
  -3.0663197e+03
  -3.0681977e+03
  -3.0711719e+03
  -3.0733670e+03
  -3.0743711e+03
  -3.0747199e+03
  -3.0755179e+03
  -3.0756382e+03
  -3.0782246e+03
  -3.0804226e+03
  -3.0831899e+03
  -3.0859956e+03
  -3.0879190e+03
  -3.0903967e+03
  -3.0875745e+03
  -3.0892150e+03
  -3.0882956e+03
  -3.0897207e+03
  -3.0904691e+03
  -3.0908503e+03
  -3.0914300e+03
  -3.0926567e+03
  -3.0948623e+03
  -3.0976445e+03
  -3.0994896e+03
  -3.1004332e+03
  -3.0998878e+03
  -3.1015537e+03
  -3.0999021e+03
  -3.1015964e+03
  -3.1040774e+03
  -3.1012815e+03
  -3.1035846e+03
  -3.1007627e+03
  -3.1023916e+03
  -3.1040706e+03
  -3.1063650e+03
  -3.1084364e+03
  -3.1106975e+03
  -3.1131842e+03
  -3.1153251e+03
  -3.1177100e+03
  -3.1204860e+03
  -3.1220788e+03
  -3.1241286e+03
  -3.1262912e+03
  -3.1285026e+03
  -3.1311978e+03
  -3.1336616e+03
  -3.1357071e+03
  -3.1379786e+03
  -3.1408808e+03
  -3.1431553e+03
  -3.1455249e+03
  -3.1478844e+03
  -3.1500354e+03
  -3.1521770e+03
  -3.1545269e+03
  -3.1575565e+03
  -3.1601698e+03
  -3.1623405e+03
  -3.1644576e+03
  -3.1665276e+03
  -3.1687848e+03
  -3.1714001e+03
  -3.1736874e+03
  -3.1758747e+03
  -3.1785165e+03
  -3.1810808e+03
  -3.1833010e+03
  -3.1858560e+03
  -3.1882138e+03
  -3.1901678e+03
  -3.1925612e+03
  -3.1950661e+03
  -3.1971893e+03
  -3.1998615e+03
  -3.2022492e+03
  -3.2042891e+03
  -3.2067841e+03
  -3.2089399e+03
  -3.2108020e+03
  -3.2079100e+03
  -3.2098968e+03
  -3.2119245e+03
  -3.2150079e+03
  -3.2171266e+03
  -3.2190602e+03
  -3.2160734e+03
  -3.2178518e+03
  -3.2182036e+03
  -3.2182882e+03
  -3.2189531e+03
  -3.2207826e+03
  -3.2235441e+03
  -3.2259109e+03
  -3.2284686e+03
  -3.2309193e+03
  -3.2330247e+03
  -3.2355270e+03
  -3.2378227e+03
  -3.2378583e+03
  -3.2381430e+03
  -3.2388208e+03
  -3.2407020e+03
  -3.2437163e+03
  -3.2461113e+03
  -3.2484865e+03
  -3.2511422e+03
  -3.2531772e+03
  -3.2546495e+03
  -3.2558097e+03
  -3.2558784e+03
  -3.2562389e+03
  -3.2580328e+03
  -3.2604028e+03
  -3.2633663e+03
  -3.2654165e+03
  -3.2672576e+03
  -3.2694404e+03
  -3.2668135e+03
  -3.2688459e+03
  -3.2709512e+03
  -3.2731441e+03
  -3.2752014e+03
  -3.2771058e+03
  -3.2802469e+03
  -3.2772716e+03
  -3.2787645e+03
  -3.2803508e+03
  -3.2829390e+03
  -3.2852535e+03
  -3.2873250e+03
  -3.2902830e+03
  -3.2929190e+03
  -3.2953277e+03
  -3.2921902e+03
  -3.2941659e+03
  -3.2928141e+03
  -3.2944238e+03
  -3.2960794e+03
  -3.2985952e+03
  -3.3004592e+03
  -3.3010643e+03
  -3.3019347e+03
  -3.3026256e+03
  -3.3019772e+03
  -3.3025837e+03
  -3.3036626e+03
  -3.3041453e+03
  -3.3050509e+03
  -3.3079195e+03
  -3.3098799e+03
  -3.3075081e+03
  -3.3098555e+03
  -3.3111272e+03
  -3.3108331e+03
  -3.3121934e+03
  -3.3112178e+03
  -3.3130421e+03
  -3.3154410e+03
  -3.3178587e+03
  -3.3200597e+03
  -3.3169676e+03
  -3.3196621e+03
  -3.3219007e+03
  -3.3245910e+03
  -3.3263163e+03
  -3.3279383e+03
  -3.3304612e+03
  -3.3333327e+03
  -3.3305877e+03
  -3.3333715e+03
