   0.0000000e+00
  -2.6370841e+00
  -5.2377411e+00
  -7.8019220e+00
  -1.0292889e+01
  -1.2703781e+01
  -1.5070201e+01
  -1.7458604e+01
  -1.9921620e+01
  -2.2441961e+01
  -2.4997376e+01
  -2.7572625e+01
  -3.0146614e+01
  -3.2711409e+01
  -3.5238986e+01
  -3.7691649e+01
  -4.0012029e+01
  -4.2125356e+01
  -4.4191374e+01
  -4.6431374e+01
  -4.8796837e+01
  -5.1199254e+01
  -5.3586002e+01
  -5.5929360e+01
  -5.8240718e+01
  -6.0568352e+01
  -6.2956733e+01
  -6.5413677e+01
  -6.7922388e+01
  -7.0465461e+01
  -7.3030550e+01
  -7.5609595e+01
  -7.8196745e+01
  -8.0786383e+01
  -8.3375889e+01
  -8.5962666e+01
  -8.8542823e+01
  -9.1115483e+01
  -9.3679679e+01
  -9.6232983e+01
  -9.8776630e+01
  -1.0131351e+02
  -1.0384548e+02
  -1.0637669e+02
  -1.0891138e+02
  -1.1145183e+02
  -1.1400076e+02
  -1.1655852e+02
  -1.1912333e+02
  -1.2169471e+02
  -1.2427039e+02
  -1.2684724e+02
  -1.2942350e+02
  -1.3199597e+02
  -1.3456118e+02
  -1.3711595e+02
  -1.3965596e+02
  -1.4217744e+02
  -1.4467725e+02
  -1.4715408e+02
  -1.4961146e+02
  -1.5205673e+02
  -1.5449897e+02
  -1.5694573e+02
  -1.5939779e+02
  -1.6184937e+02
  -1.6429043e+02
  -1.6670469e+02
  -1.6907405e+02
  -1.7139390e+02
  -1.7368623e+02
  -1.7599331e+02
  -1.7834720e+02
  -1.8074881e+02
  -1.8317637e+02
  -1.8560733e+02
  -1.8802263e+02
  -1.9040456e+02
  -1.9275421e+02
  -1.9509811e+02
  -1.9747011e+02
  -1.9989276e+02
  -2.0236525e+02
  -2.0487291e+02
  -2.0740520e+02
  -2.0994883e+02
  -2.1249021e+02
  -2.1502134e+02
  -2.1753098e+02
  -2.2001076e+02
  -2.2245857e+02
  -2.2489196e+02
  -2.2734704e+02
  -2.2984074e+02
  -2.3238384e+02
  -2.3497592e+02
  -2.3759370e+02
  -2.4023509e+02
  -2.4288689e+02
  -2.4552760e+02
  -2.4815848e+02
  -2.5076230e+02
  -2.5332775e+02
  -2.5585443e+02
  -2.5834376e+02
  -2.6082383e+02
  -2.6332058e+02
  -2.6584042e+02
  -2.6838325e+02
  -2.7094547e+02
  -2.7351930e+02
  -2.7609419e+02
  -2.7866373e+02
  -2.8122344e+02
  -2.8376673e+02
  -2.8628664e+02
  -2.8878020e+02
  -2.9125499e+02
  -2.9372328e+02
  -2.9619837e+02
  -2.9869742e+02
  -3.0122377e+02
  -3.0376463e+02
  -3.0632005e+02
  -3.0888223e+02
  -3.1139017e+02
  -3.1366901e+02
  -3.1495118e+02
  -3.1690047e+02
  -3.1938352e+02
  -3.2197540e+02
  -3.2460096e+02
  -3.2724257e+02
  -3.2990046e+02
  -3.3256792e+02
  -3.3525357e+02
  -3.3796725e+02
  -3.4081595e+02
  -3.3901259e+02
  -3.3608376e+02
  -3.3883517e+02
  -3.4151294e+02
  -3.4415335e+02
  -3.4676420e+02
  -3.4934279e+02
  -3.5186111e+02
  -3.5429762e+02
  -3.5662802e+02
  -3.5888787e+02
  -3.6120024e+02
  -3.6361425e+02
  -3.6610130e+02
  -3.6863346e+02
  -3.7118285e+02
  -3.7373138e+02
  -3.7626752e+02
  -3.7877415e+02
  -3.8123995e+02
  -3.8366039e+02
  -3.8604820e+02
  -3.8844632e+02
  -3.9089213e+02
  -3.9338769e+02
  -3.9592148e+02
  -3.9848313e+02
  -4.0105971e+02
  -4.0364049e+02
  -4.0621274e+02
  -4.0876579e+02
  -4.1129269e+02
  -4.1377775e+02
  -4.1622237e+02
  -4.1865897e+02
  -4.2111896e+02
  -4.2361812e+02
  -4.2616366e+02
  -4.2875430e+02
  -4.3137128e+02
  -4.3399656e+02
  -4.3662819e+02
  -4.3925640e+02
  -4.4186601e+02
  -4.4444271e+02
  -4.4697338e+02
  -4.4945212e+02
  -4.5188348e+02
  -4.5431156e+02
  -4.5678302e+02
  -4.5930698e+02
  -4.6188486e+02
  -4.6449504e+02
  -4.6711392e+02
  -4.6974782e+02
  -4.7238258e+02
  -4.7499768e+02
  -4.7759302e+02
  -4.8014815e+02
  -4.8262949e+02
  -4.8502456e+02
  -4.8738321e+02
  -4.8979845e+02
  -4.9229825e+02
  -4.9487887e+02
  -4.9752756e+02
  -5.0020386e+02
  -5.0290803e+02
  -5.0563582e+02
  -5.0836769e+02
  -5.1110370e+02
  -5.1380943e+02
  -5.1647843e+02
  -5.1908800e+02
  -5.2158712e+02
  -5.2399589e+02
  -5.2638842e+02
  -5.2884588e+02
  -5.3138555e+02
  -5.3397730e+02
  -5.3659682e+02
  -5.3922838e+02
  -5.4186399e+02
  -5.4449399e+02
  -5.4711250e+02
  -5.4971058e+02
  -5.5227209e+02
  -5.5478877e+02
  -5.5724857e+02
  -5.5966317e+02
  -5.6207494e+02
  -5.6451661e+02
  -5.6700789e+02
  -5.6954580e+02
  -5.7211771e+02
  -5.7471001e+02
  -5.7729954e+02
  -5.7987981e+02
  -5.8243865e+02
  -5.8495588e+02
  -5.8741049e+02
  -5.8977357e+02
  -5.9209424e+02
  -5.9447392e+02
  -5.9695235e+02
  -5.9951086e+02
  -6.0210832e+02
  -6.0474588e+02
  -6.0741394e+02
  -6.1009780e+02
  -6.1280325e+02
  -6.1549078e+02
  -6.1821023e+02
  -6.2087578e+02
  -6.2324544e+02
  -6.2470233e+02
  -6.2692017e+02
  -6.2954166e+02
  -6.3234441e+02
  -6.3523603e+02
  -6.3809875e+02
  -6.4097378e+02
  -6.4382043e+02
  -6.4665362e+02
  -6.4946495e+02
  -6.5225634e+02
  -6.5503260e+02
  -6.5779450e+02
  -6.6052376e+02
  -6.6321869e+02
  -6.6577770e+02
  -6.6756045e+02
  -6.6922422e+02
  -6.7173174e+02
  -6.7442539e+02
  -6.7713898e+02
  -6.7986599e+02
  -6.8262500e+02
  -6.8536850e+02
  -6.8810729e+02
  -6.9084819e+02
  -6.9358851e+02
  -6.9629964e+02
  -6.9892184e+02
  -7.0134942e+02
  -7.0314037e+02
  -7.0515158e+02
  -7.0768280e+02
  -7.1031845e+02
  -7.1300822e+02
  -7.1573632e+02
  -7.1845604e+02
  -7.2119011e+02
  -7.2390336e+02
  -7.2660159e+02
  -7.2928083e+02
  -7.3189591e+02
  -7.3440907e+02
  -7.3659645e+02
  -7.3852613e+02
  -7.4081184e+02
  -7.4337186e+02
  -7.4604983e+02
  -7.4874210e+02
  -7.5146339e+02
  -7.5420352e+02
  -7.5693785e+02
  -7.5969800e+02
  -7.6245999e+02
  -7.6521906e+02
  -7.6794487e+02
  -7.7061197e+02
  -7.7242323e+02
  -7.7366611e+02
  -7.7633318e+02
  -7.7912595e+02
  -7.8194447e+02
  -7.8475409e+02
  -7.8755758e+02
  -7.9038967e+02
  -7.9321207e+02
  -7.9600874e+02
  -7.9879931e+02
  -8.0156494e+02
  -8.0434633e+02
  -8.0712002e+02
  -8.0979026e+02
  -8.1215055e+02
  -8.1289498e+02
  -8.1532578e+02
  -8.1803118e+02
  -8.2073466e+02
  -8.2345583e+02
  -8.2620158e+02
  -8.2895088e+02
  -8.3168833e+02
  -8.3442053e+02
  -8.3716080e+02
  -8.3985395e+02
  -8.4246623e+02
  -8.4484397e+02
  -8.4630543e+02
  -8.4845555e+02
  -8.5103435e+02
  -8.5371587e+02
  -8.5645756e+02
  -8.5922146e+02
  -8.6199014e+02
  -8.6474718e+02
  -8.6750722e+02
  -8.7029449e+02
  -8.7303890e+02
  -8.7580203e+02
  -8.7854965e+02
  -8.8095646e+02
  -8.8211459e+02
  -8.8431540e+02
  -8.8696011e+02
  -8.8971734e+02
  -8.9246974e+02
  -8.9521013e+02
  -8.9797861e+02
  -9.0074987e+02
  -9.0351619e+02
  -9.0624778e+02
  -9.0896886e+02
  -9.1170118e+02
  -9.1437321e+02
  -9.1680648e+02
  -9.1825793e+02
  -9.2032111e+02
  -9.2289879e+02
  -9.2557515e+02
  -9.2831978e+02
  -9.3107393e+02
  -9.3385424e+02
  -9.3662625e+02
  -9.3939183e+02
  -9.4216693e+02
  -9.4495706e+02
  -9.4775985e+02
  -9.5052940e+02
  -9.5340168e+02
  -9.5504396e+02
  -9.5599515e+02
  -9.5867286e+02
  -9.6148894e+02
  -9.6429628e+02
  -9.6707651e+02
  -9.6983841e+02
  -9.7263575e+02
  -9.7540492e+02
  -9.7816562e+02
  -9.8093523e+02
  -9.8364653e+02
  -9.8631594e+02
  -9.8886804e+02
  -9.9074732e+02
  -9.9239907e+02
  -9.9483007e+02
  -9.9747033e+02
  -1.0001836e+03
  -1.0029316e+03
  -1.0056667e+03
  -1.0083971e+03
  -1.0111495e+03
  -1.0138356e+03
  -1.0165391e+03
  -1.0192193e+03
  -1.0217553e+03
  -1.0241498e+03
  -1.0262064e+03
  -1.0283708e+03
  -1.0309012e+03
  -1.0334992e+03
  -1.0361589e+03
  -1.0388927e+03
  -1.0416163e+03
  -1.0443611e+03
  -1.0470792e+03
  -1.0497920e+03
  -1.0525259e+03
  -1.0551900e+03
  -1.0577008e+03
  -1.0599011e+03
  -1.0617858e+03
  -1.0640761e+03
  -1.0666239e+03
  -1.0692895e+03
  -1.0719811e+03
  -1.0746870e+03
  -1.0774054e+03
  -1.0801206e+03
  -1.0828340e+03
  -1.0855146e+03
  -1.0881881e+03
  -1.0908169e+03
  -1.0932470e+03
  -1.0953460e+03
  -1.0973911e+03
  -1.0997842e+03
  -1.1023855e+03
  -1.1050461e+03
  -1.1077297e+03
  -1.1104312e+03
  -1.1131575e+03
  -1.1158798e+03
  -1.1185757e+03
  -1.1212811e+03
  -1.1239421e+03
  -1.1264800e+03
  -1.1287450e+03
  -1.1306037e+03
  -1.1328404e+03
  -1.1354208e+03
  -1.1380470e+03
  -1.1407491e+03
  -1.1434903e+03
  -1.1462042e+03
  -1.1489524e+03
  -1.1516993e+03
  -1.1544332e+03
  -1.1571647e+03
  -1.1598800e+03
  -1.1625133e+03
  -1.1643223e+03
  -1.1656803e+03
  -1.1682530e+03
  -1.1709740e+03
  -1.1737161e+03
  -1.1764760e+03
  -1.1792209e+03
  -1.1819924e+03
  -1.1847671e+03
  -1.1875556e+03
  -1.1903426e+03
  -1.1930956e+03
  -1.1959651e+03
  -1.1990889e+03
  -1.1972267e+03
  -1.1946905e+03
  -1.1974484e+03
  -1.2002824e+03
  -1.2031084e+03
  -1.2059069e+03
  -1.2087444e+03
  -1.2115771e+03
  -1.2143849e+03
  -1.2172184e+03
  -1.2200726e+03
  -1.2229641e+03
  -1.2259391e+03
  -1.2290636e+03
  -1.2264625e+03
  -1.2235370e+03
  -1.2204659e+03
  -1.2233648e+03
  -1.2262663e+03
  -1.2291478e+03
  -1.2320661e+03
  -1.2349515e+03
  -1.2378130e+03
  -1.2406912e+03
  -1.2435782e+03
  -1.2465179e+03
  -1.2495074e+03
  -1.2464296e+03
  -1.2495537e+03
  -1.2466085e+03
  -1.2497295e+03
  -1.2528189e+03
  -1.2557256e+03
  -1.2586995e+03
  -1.2616469e+03
  -1.2645839e+03
  -1.2675711e+03
  -1.2704888e+03
  -1.2734961e+03
  -1.2765128e+03
  -1.2795155e+03
  -1.2824946e+03
  -1.2854895e+03
  -1.2884379e+03
  -1.2914709e+03
  -1.2945154e+03
  -1.2975336e+03
  -1.2944031e+03
  -1.2912869e+03
  -1.2881861e+03
  -1.2913095e+03
  -1.2942508e+03
  -1.2971730e+03
  -1.3000677e+03
  -1.3029462e+03
  -1.3057756e+03
  -1.3085708e+03
  -1.3113798e+03
  -1.3141684e+03
  -1.3169582e+03
  -1.3198014e+03
  -1.3169034e+03
  -1.3159752e+03
  -1.3186937e+03
  -1.3214363e+03
  -1.3241648e+03
  -1.3269378e+03
  -1.3297120e+03
  -1.3324096e+03
  -1.3351584e+03
  -1.3379171e+03
  -1.3405801e+03
  -1.3431779e+03
  -1.3456249e+03
  -1.3476465e+03
  -1.3496339e+03
  -1.3520611e+03
  -1.3546599e+03
  -1.3573301e+03
  -1.3600334e+03
  -1.3627283e+03
  -1.3654414e+03
  -1.3681675e+03
  -1.3708593e+03
  -1.3735121e+03
  -1.3761316e+03
  -1.3786910e+03
  -1.3809225e+03
  -1.3828563e+03
  -1.3851449e+03
  -1.3876710e+03
  -1.3903017e+03
  -1.3930025e+03
  -1.3956861e+03
  -1.3983982e+03
  -1.4011123e+03
  -1.4037857e+03
  -1.4064797e+03
  -1.4091441e+03
  -1.4117126e+03
  -1.4141519e+03
  -1.4163472e+03
  -1.4184880e+03
  -1.4208725e+03
  -1.4234326e+03
  -1.4260875e+03
  -1.4287862e+03
  -1.4314628e+03
  -1.4341551e+03
  -1.4368787e+03
  -1.4395678e+03
  -1.4422326e+03
  -1.4448439e+03
  -1.4473455e+03
  -1.4496398e+03
  -1.4517335e+03
  -1.4540147e+03
  -1.4565442e+03
  -1.4591851e+03
  -1.4618456e+03
  -1.4645315e+03
  -1.4672449e+03
  -1.4699346e+03
  -1.4726474e+03
  -1.4753462e+03
  -1.4779883e+03
  -1.4806007e+03
  -1.4830384e+03
  -1.4852897e+03
  -1.4875080e+03
  -1.4898521e+03
  -1.4923964e+03
  -1.4950195e+03
  -1.4976723e+03
  -1.5003876e+03
  -1.5030810e+03
  -1.5057958e+03
  -1.5084792e+03
  -1.5111497e+03
  -1.5138341e+03
  -1.5163892e+03
  -1.5188720e+03
  -1.5210611e+03
  -1.5230987e+03
  -1.5254894e+03
  -1.5280979e+03
  -1.5307687e+03
  -1.5334612e+03
  -1.5361406e+03
  -1.5388771e+03
  -1.5415753e+03
  -1.5442867e+03
  -1.5470045e+03
  -1.5496129e+03
  -1.5522122e+03
  -1.5545492e+03
  -1.5564374e+03
  -1.5586452e+03
  -1.5611369e+03
  -1.5637632e+03
  -1.5664664e+03
  -1.5691679e+03
  -1.5719185e+03
  -1.5746570e+03
  -1.5773729e+03
  -1.5800951e+03
  -1.5828021e+03
  -1.5854796e+03
  -1.5880331e+03
  -1.5899756e+03
  -1.5915713e+03
  -1.5940522e+03
  -1.5967492e+03
  -1.5994418e+03
  -1.6021693e+03
  -1.6049134e+03
  -1.6076782e+03
  -1.6104589e+03
  -1.6132299e+03
  -1.6160085e+03
  -1.6187376e+03
  -1.6215185e+03
  -1.6242779e+03
  -1.6238126e+03
  -1.6265198e+03
  -1.6294470e+03
  -1.6322610e+03
  -1.6350444e+03
  -1.6378335e+03
  -1.6406243e+03
  -1.6434345e+03
  -1.6462333e+03
  -1.6490899e+03
  -1.6519981e+03
  -1.6549890e+03
  -1.6519954e+03
  -1.6493727e+03
  -1.6462469e+03
  -1.6493093e+03
  -1.6522873e+03
  -1.6551626e+03
  -1.6580689e+03
  -1.6610066e+03
  -1.6639035e+03
  -1.6668916e+03
  -1.6699130e+03
  -1.6729471e+03
  -1.6759827e+03
  -1.6789833e+03
  -1.6819928e+03
  -1.6849039e+03
  -1.6878635e+03
  -1.6907691e+03
  -1.6936614e+03
  -1.6966404e+03
  -1.6935023e+03
  -1.6909252e+03
  -1.6879832e+03
  -1.6910997e+03
  -1.6939633e+03
  -1.6967764e+03
  -1.6996426e+03
  -1.7024601e+03
  -1.7052147e+03
  -1.7080321e+03
  -1.7108377e+03
  -1.7135378e+03
  -1.7162163e+03
  -1.7187704e+03
  -1.7207510e+03
  -1.7222062e+03
  -1.7247100e+03
  -1.7272997e+03
  -1.7300200e+03
  -1.7327673e+03
  -1.7354698e+03
  -1.7382111e+03
  -1.7409633e+03
  -1.7436618e+03
  -1.7463331e+03
  -1.7489754e+03
  -1.7514641e+03
  -1.7536282e+03
  -1.7555450e+03
  -1.7578508e+03
  -1.7604264e+03
  -1.7630819e+03
  -1.7657325e+03
  -1.7684417e+03
  -1.7711739e+03
  -1.7738882e+03
  -1.7766079e+03
  -1.7793183e+03
  -1.7819882e+03
  -1.7845669e+03
  -1.7870054e+03
  -1.7889740e+03
  -1.7909546e+03
  -1.7934392e+03
  -1.7960853e+03
  -1.7987249e+03
  -1.8014545e+03
  -1.8041774e+03
  -1.8068973e+03
  -1.8096420e+03
  -1.8123324e+03
  -1.8150305e+03
  -1.8176652e+03
  -1.8201579e+03
  -1.8223681e+03
  -1.8242363e+03
  -1.8265189e+03
  -1.8290911e+03
  -1.8317548e+03
  -1.8344585e+03
  -1.8371832e+03
  -1.8399088e+03
  -1.8426141e+03
  -1.8453168e+03
  -1.8480299e+03
  -1.8506583e+03
  -1.8532262e+03
  -1.8556725e+03
  -1.8577636e+03
  -1.8599056e+03
  -1.8623832e+03
  -1.8649585e+03
  -1.8676058e+03
  -1.8702947e+03
  -1.8729840e+03
  -1.8757181e+03
  -1.8784168e+03
  -1.8810790e+03
  -1.8837670e+03
  -1.8864189e+03
  -1.8889259e+03
  -1.8911552e+03
  -1.8931819e+03
  -1.8954620e+03
  -1.8979872e+03
  -1.9006438e+03
  -1.9033233e+03
  -1.9060192e+03
  -1.9087323e+03
  -1.9114294e+03
  -1.9141299e+03
  -1.9168293e+03
  -1.9194965e+03
  -1.9220671e+03
  -1.9244681e+03
  -1.9264775e+03
  -1.9285041e+03
  -1.9309075e+03
  -1.9335388e+03
  -1.9362511e+03
  -1.9389398e+03
  -1.9416337e+03
  -1.9444102e+03
  -1.9471555e+03
  -1.9498591e+03
  -1.9526130e+03
  -1.9552692e+03
  -1.9577806e+03
  -1.9594568e+03
  -1.9611370e+03
  -1.9636348e+03
  -1.9663623e+03
  -1.9691156e+03
  -1.9718424e+03
  -1.9745820e+03
  -1.9773607e+03
  -1.9801275e+03
  -1.9828813e+03
  -1.9856425e+03
  -1.9884484e+03
  -1.9912170e+03
  -1.9894847e+03
  -1.9870798e+03
  -1.9899580e+03
  -1.9927395e+03
  -1.9956023e+03
  -1.9984017e+03
  -2.0012205e+03
  -2.0040809e+03
  -2.0068211e+03
  -2.0097231e+03
  -2.0126043e+03
  -2.0155423e+03
  -2.0124529e+03
  -2.0098144e+03
  -2.0067624e+03
  -2.0098948e+03
  -2.0128734e+03
  -2.0156755e+03
  -2.0185777e+03
  -2.0214018e+03
  -2.0242398e+03
  -2.0271440e+03
  -2.0300103e+03
  -2.0329574e+03
  -2.0298272e+03
  -2.0267680e+03
  -2.0239385e+03
  -2.0270194e+03
  -2.0299766e+03
  -2.0328811e+03
  -2.0357593e+03
  -2.0386279e+03
  -2.0415007e+03
  -2.0444191e+03
  -2.0473667e+03
  -2.0504437e+03
  -2.0475456e+03
  -2.0446966e+03
  -2.0477822e+03
  -2.0507568e+03
  -2.0536152e+03
  -2.0564488e+03
  -2.0592274e+03
  -2.0620152e+03
  -2.0648404e+03
  -2.0675855e+03
  -2.0704731e+03
  -2.0733572e+03
  -2.0702698e+03
  -2.0688746e+03
  -2.0719509e+03
  -2.0746673e+03
  -2.0774504e+03
  -2.0802648e+03
  -2.0830091e+03
  -2.0857995e+03
  -2.0885453e+03
  -2.0913182e+03
  -2.0941054e+03
  -2.0968486e+03
  -2.0995697e+03
  -2.1018588e+03
  -2.1025716e+03
  -2.1050116e+03
  -2.1077118e+03
  -2.1104939e+03
  -2.1132076e+03
  -2.1159321e+03
  -2.1187015e+03
  -2.1214709e+03
  -2.1242359e+03
  -2.1269457e+03
  -2.1296006e+03
  -2.1322174e+03
  -2.1346149e+03
  -2.1362380e+03
  -2.1383047e+03
  -2.1409508e+03
  -2.1436383e+03
  -2.1462917e+03
  -2.1490442e+03
  -2.1517826e+03
  -2.1545070e+03
  -2.1572072e+03
  -2.1599097e+03
  -2.1626534e+03
  -2.1652753e+03
  -2.1677678e+03
  -2.1699770e+03
  -2.1719022e+03
  -2.1741922e+03
  -2.1767473e+03
  -2.1794165e+03
  -2.1821060e+03
  -2.1848102e+03
  -2.1875511e+03
  -2.1902653e+03
  -2.1929602e+03
  -2.1956817e+03
  -2.1983582e+03
  -2.2008818e+03
  -2.2031687e+03
  -2.2051285e+03
  -2.2073033e+03
  -2.2098338e+03
  -2.2124663e+03
  -2.2151411e+03
  -2.2178613e+03
  -2.2205526e+03
  -2.2232637e+03
  -2.2259664e+03
  -2.2286416e+03
  -2.2313323e+03
  -2.2339068e+03
  -2.2363585e+03
  -2.2386146e+03
  -2.2407157e+03
  -2.2430704e+03
  -2.2456364e+03
  -2.2482594e+03
  -2.2509405e+03
  -2.2536216e+03
  -2.2563159e+03
  -2.2590477e+03
  -2.2617475e+03
  -2.2644105e+03
  -2.2670440e+03
  -2.2696449e+03
  -2.2720464e+03
  -2.2740399e+03
  -2.2761843e+03
  -2.2786857e+03
  -2.2812545e+03
  -2.2839177e+03
  -2.2866234e+03
  -2.2893125e+03
  -2.2920763e+03
  -2.2947886e+03
  -2.2974712e+03
  -2.3002367e+03
  -2.3029208e+03
  -2.3054658e+03
  -2.3075327e+03
  -2.3091575e+03
  -2.3115813e+03
  -2.3142265e+03
  -2.3168894e+03
  -2.3196277e+03
  -2.3224175e+03
  -2.3251896e+03
  -2.3279550e+03
  -2.3307285e+03
  -2.3334787e+03
  -2.3362729e+03
  -2.3390562e+03
  -2.3419674e+03
  -2.3392710e+03
  -2.3379968e+03
  -2.3406907e+03
  -2.3434409e+03
  -2.3463176e+03
  -2.3491104e+03
  -2.3519408e+03
  -2.3547545e+03
  -2.3575586e+03
  -2.3604543e+03
  -2.3633245e+03
  -2.3662945e+03
  -2.3631926e+03
  -2.3663182e+03
  -2.3635040e+03
  -2.3604485e+03
  -2.3633534e+03
  -2.3662516e+03
  -2.3692329e+03
  -2.3720951e+03
  -2.3749926e+03
  -2.3779029e+03
  -2.3808913e+03
  -2.3839044e+03
  -2.3870218e+03
  -2.3901364e+03
  -2.3931371e+03
  -2.3961706e+03
  -2.3991485e+03
  -2.4020989e+03
  -2.4050318e+03
  -2.4079844e+03
  -2.4109494e+03
  -2.4140256e+03
  -2.4109124e+03
  -2.4081451e+03
  -2.4110502e+03
  -2.4141582e+03
  -2.4170873e+03
  -2.4199073e+03
  -2.4227843e+03
  -2.4256340e+03
  -2.4284363e+03
  -2.4312206e+03
  -2.4340972e+03
  -2.4370124e+03
  -2.4399620e+03
  -2.4371312e+03
  -2.4350850e+03
  -2.4382123e+03
  -2.4410201e+03
  -2.4438543e+03
  -2.4467037e+03
  -2.4494855e+03
  -2.4522970e+03
  -2.4550372e+03
  -2.4578239e+03
  -2.4605874e+03
  -2.4632776e+03
  -2.4660099e+03
  -2.4673516e+03
  -2.4685603e+03
  -2.4714277e+03
  -2.4741632e+03
  -2.4768965e+03
  -2.4796722e+03
  -2.4824032e+03
  -2.4851562e+03
  -2.4878947e+03
  -2.4906343e+03
  -2.4933229e+03
  -2.4959687e+03
  -2.4985655e+03
  -2.5006297e+03
  -2.5023309e+03
  -2.5046969e+03
  -2.5072899e+03
  -2.5099569e+03
  -2.5126909e+03
  -2.5153776e+03
  -2.5181121e+03
  -2.5208418e+03
  -2.5234871e+03
  -2.5262053e+03
  -2.5288700e+03
  -2.5313853e+03
  -2.5337854e+03
  -2.5358720e+03
  -2.5380537e+03
  -2.5405518e+03
  -2.5431646e+03
  -2.5458622e+03
  -2.5485437e+03
  -2.5512249e+03
  -2.5539504e+03
  -2.5566476e+03
  -2.5593534e+03
  -2.5620181e+03
  -2.5646290e+03
  -2.5671551e+03
  -2.5694704e+03
  -2.5716542e+03
  -2.5739364e+03
  -2.5764267e+03
  -2.5790547e+03
  -2.5816758e+03
  -2.5843716e+03
  -2.5870752e+03
  -2.5897562e+03
  -2.5924657e+03
  -2.5951018e+03
  -2.5977409e+03
  -2.6003454e+03
  -2.6027985e+03
  -2.6050201e+03
  -2.6070881e+03
  -2.6094530e+03
  -2.6120685e+03
  -2.6146631e+03
  -2.6173419e+03
  -2.6200589e+03
  -2.6227686e+03
  -2.6255087e+03
  -2.6282000e+03
  -2.6309295e+03
  -2.6335802e+03
  -2.6361308e+03
  -2.6385074e+03
  -2.6402115e+03
  -2.6423402e+03
  -2.6449423e+03
  -2.6475841e+03
  -2.6502789e+03
  -2.6530175e+03
  -2.6557664e+03
  -2.6585166e+03
  -2.6612469e+03
  -2.6640485e+03
  -2.6667832e+03
  -2.6694464e+03
  -2.6720419e+03
  -2.6741932e+03
  -2.6756606e+03
  -2.6781509e+03
  -2.6806880e+03
  -2.6833574e+03
  -2.6861223e+03
  -2.6888836e+03
  -2.6916493e+03
  -2.6943942e+03
  -2.6971860e+03
  -2.6999503e+03
  -2.7027162e+03
  -2.7054984e+03
  -2.7081654e+03
  -2.7079231e+03
  -2.7107868e+03
  -2.7135194e+03
  -2.7162590e+03
  -2.7190234e+03
  -2.7217570e+03
  -2.7245707e+03
  -2.7274333e+03
  -2.7302889e+03
  -2.7330769e+03
  -2.7360139e+03
  -2.7328875e+03
  -2.7359217e+03
  -2.7331940e+03
  -2.7363171e+03
  -2.7393795e+03
  -2.7423522e+03
  -2.7452607e+03
  -2.7481017e+03
  -2.7510549e+03
  -2.7540521e+03
  -2.7570067e+03
  -2.7600417e+03
  -2.7630514e+03
  -2.7661413e+03
  -2.7692316e+03
  -2.7722816e+03
  -2.7751609e+03
  -2.7781678e+03
  -2.7811023e+03
  -2.7841046e+03
  -2.7871184e+03
  -2.7901280e+03
  -2.7932457e+03
  -2.7962183e+03
  -2.7993376e+03
  -2.8024277e+03
  -2.8054821e+03
  -2.8083867e+03
  -2.8113663e+03
  -2.8143165e+03
  -2.8172106e+03
  -2.8201933e+03
  -2.8231577e+03
  -2.8260758e+03
  -2.8291482e+03
  -2.8261103e+03
  -2.8230176e+03
  -2.8199584e+03
  -2.8168815e+03
  -2.8197331e+03
  -2.8227021e+03
  -2.8256080e+03
  -2.8285046e+03
  -2.8314041e+03
  -2.8341904e+03
  -2.8370576e+03
  -2.8398898e+03
  -2.8428918e+03
  -2.8457186e+03
  -2.8426544e+03
  -2.8402613e+03
  -2.8375281e+03
  -2.8404902e+03
  -2.8433579e+03
  -2.8461922e+03
  -2.8490018e+03
  -2.8518463e+03
  -2.8546193e+03
  -2.8574021e+03
  -2.8601337e+03
  -2.8629623e+03
  -2.8657270e+03
  -2.8683778e+03
  -2.8710363e+03
  -2.8714965e+03
  -2.8738647e+03
  -2.8765790e+03
  -2.8793734e+03
  -2.8821659e+03
  -2.8849037e+03
  -2.8875982e+03
  -2.8903688e+03
  -2.8931078e+03
  -2.8958109e+03
  -2.8984976e+03
  -2.9010891e+03
  -2.9034813e+03
  -2.9052558e+03
  -2.9072965e+03
  -2.9097438e+03
  -2.9124153e+03
  -2.9151562e+03
  -2.9178403e+03
  -2.9205756e+03
  -2.9233013e+03
  -2.9259757e+03
  -2.9287128e+03
  -2.9314005e+03
  -2.9339662e+03
  -2.9362802e+03
  -2.9379473e+03
  -2.9401275e+03
  -2.9426713e+03
  -2.9453180e+03
  -2.9480183e+03
  -2.9507144e+03
  -2.9534175e+03
  -2.9561120e+03
  -2.9588211e+03
  -2.9615725e+03
  -2.9642042e+03
  -2.9667021e+03
  -2.9688757e+03
  -2.9705258e+03
  -2.9728586e+03
  -2.9755194e+03
  -2.9781290e+03
  -2.9808148e+03
  -2.9835559e+03
  -2.9862794e+03
  -2.9890309e+03
  -2.9917326e+03
  -2.9944380e+03
  -2.9971548e+03
  -2.9997812e+03
  -3.0022152e+03
  -3.0041933e+03
  -3.0062102e+03
  -3.0086782e+03
  -3.0112559e+03
  -3.0139293e+03
  -3.0166916e+03
  -3.0194150e+03
  -3.0221373e+03
  -3.0248918e+03
  -3.0276583e+03
  -3.0303544e+03
  -3.0330135e+03
  -3.0356407e+03
  -3.0378163e+03
  -3.0393021e+03
  -3.0416517e+03
  -3.0442685e+03
  -3.0469045e+03
  -3.0496687e+03
  -3.0524147e+03
  -3.0551580e+03
  -3.0579179e+03
  -3.0606523e+03
  -3.0634503e+03
  -3.0661846e+03
  -3.0688908e+03
  -3.0717914e+03
  -3.0747879e+03
  -3.0741613e+03
  -3.0770235e+03
  -3.0798415e+03
  -3.0826069e+03
  -3.0853586e+03
  -3.0881441e+03
  -3.0909443e+03
  -3.0937873e+03
  -3.0967332e+03
  -3.0995612e+03
  -3.1024998e+03
  -3.1055638e+03
  -3.1025957e+03
  -3.0996648e+03
  -3.1027294e+03
  -3.1058348e+03
  -3.1088169e+03
  -3.1117555e+03
  -3.1146706e+03
  -3.1175914e+03
  -3.1204508e+03
  -3.1234937e+03
  -3.1264383e+03
  -3.1294743e+03
  -3.1325799e+03
  -3.1294974e+03
  -3.1325390e+03
  -3.1354826e+03
  -3.1385650e+03
  -3.1415545e+03
  -3.1445769e+03
  -3.1473730e+03
  -3.1504573e+03
  -3.1535066e+03
  -3.1564229e+03
  -3.1595502e+03
  -3.1625388e+03
  -3.1656578e+03
  -3.1686971e+03
  -3.1715837e+03
  -3.1746357e+03
  -3.1775445e+03
  -3.1805219e+03
  -3.1835086e+03
  -3.1863751e+03
  -3.1832362e+03
  -3.1862615e+03
  -3.1831525e+03
  -3.1800436e+03
  -3.1831249e+03
  -3.1860636e+03
  -3.1890019e+03
  -3.1918798e+03
  -3.1947995e+03
  -3.1976457e+03
  -3.2005578e+03
  -3.2034611e+03
  -3.2063490e+03
  -3.2033860e+03
  -3.2064735e+03
  -3.2039055e+03
  -3.2007921e+03
  -3.2038360e+03
  -3.2066685e+03
  -3.2095413e+03
  -3.2123600e+03
  -3.2152096e+03
  -3.2180491e+03
  -3.2208352e+03
  -3.2236654e+03
  -3.2264984e+03
  -3.2291735e+03
  -3.2319540e+03
  -3.2300071e+03
  -3.2281888e+03
  -3.2308933e+03
  -3.2336922e+03
  -3.2364712e+03
  -3.2391882e+03
  -3.2420258e+03
  -3.2447950e+03
  -3.2475705e+03
  -3.2503466e+03
  -3.2530743e+03
  -3.2557483e+03
  -3.2584006e+03
  -3.2610585e+03
  -3.2615237e+03
  -3.2640878e+03
  -3.2667316e+03
  -3.2694169e+03
  -3.2722697e+03
  -3.2750323e+03
  -3.2777777e+03
  -3.2806189e+03
  -3.2833453e+03
  -3.2860645e+03
  -3.2888269e+03
  -3.2915913e+03
  -3.2943045e+03
  -3.2966848e+03
  -3.2975584e+03
  -3.2999180e+03
  -3.3026543e+03
  -3.3054568e+03
  -3.3081845e+03
  -3.3109247e+03
  -3.3136727e+03
  -3.3164215e+03
  -3.3191938e+03
  -3.3219782e+03
  -3.3247164e+03
  -3.3273736e+03
  -3.3298403e+03
  -3.3313822e+03
  -3.3331129e+03
  -3.3357401e+03
  -3.3384558e+03
  -3.3411717e+03
  -3.3439050e+03
  -3.3466481e+03
  -3.3493921e+03
  -3.3521163e+03
  -3.3549114e+03
  -3.3576404e+03
  -3.3603797e+03
  -3.3631539e+03
  -3.3651681e+03
  -3.3660857e+03
  -3.3686414e+03
  -3.3713577e+03
  -3.3740765e+03
  -3.3768436e+03
  -3.3796631e+03
  -3.3823890e+03
  -3.3851210e+03
  -3.3879694e+03
  -3.3906859e+03
  -3.3934848e+03
  -3.3963090e+03
  -3.3990157e+03
  -3.3985549e+03
  -3.4016726e+03
  -3.4042724e+03
  -3.4071119e+03
  -3.4098906e+03
  -3.4125864e+03
  -3.4154421e+03
  -3.4181780e+03
  -3.4209254e+03
  -3.4236904e+03
  -3.4263720e+03
  -3.4291011e+03
  -3.4316475e+03
  -3.4329727e+03
  -3.4348278e+03
  -3.4373765e+03
  -3.4400885e+03
  -3.4428109e+03
  -3.4454577e+03
  -3.4481806e+03
  -3.4508652e+03
  -3.4535637e+03
  -3.4562046e+03
  -3.4586854e+03
  -3.4611378e+03
  -3.4631653e+03
  -3.4651612e+03
  -3.4676239e+03
  -3.4702541e+03
  -3.4729067e+03
  -3.4756113e+03
  -3.4782759e+03
  -3.4809949e+03
  -3.4837126e+03
  -3.4863901e+03
  -3.4891083e+03
  -3.4917755e+03
  -3.4943485e+03
  -3.4967768e+03
  -3.4987355e+03
  -3.5007115e+03
  -3.5031297e+03
  -3.5058049e+03
  -3.5085386e+03
  -3.5112838e+03
  -3.5140314e+03
  -3.5168323e+03
  -3.5196972e+03
  -3.5225286e+03
  -3.5255161e+03
  -3.5223919e+03
  -3.5193460e+03
  -3.5223710e+03
  -3.5193129e+03
  -3.5222854e+03
  -3.5251431e+03
  -3.5280669e+03
  -3.5310689e+03
  -3.5339705e+03
  -3.5369907e+03
  -3.5339094e+03
  -3.5307747e+03
  -3.5279044e+03
  -3.5309085e+03
  -3.5338462e+03
  -3.5367431e+03
  -3.5395769e+03
  -3.5424362e+03
  -3.5453861e+03
  -3.5482235e+03
  -3.5510820e+03
  -3.5539505e+03
  -3.5568177e+03
  -3.5538703e+03
  -3.5515915e+03
  -3.5484929e+03
  -3.5514216e+03
  -3.5543066e+03
  -3.5571914e+03
  -3.5599863e+03
  -3.5627966e+03
  -3.5656146e+03
  -3.5684292e+03
  -3.5712637e+03
  -3.5740529e+03
  -3.5769867e+03
  -3.5798588e+03
  -3.5789508e+03
  -3.5817556e+03
  -3.5846265e+03
  -3.5874357e+03
  -3.5901874e+03
  -3.5930430e+03
  -3.5958411e+03
  -3.5985609e+03
  -3.6013497e+03
  -3.6041684e+03
  -3.6069439e+03
  -3.6096176e+03
  -3.6122355e+03
  -3.6145205e+03
  -3.6157228e+03
  -3.6180348e+03
  -3.6207112e+03
  -3.6234227e+03
  -3.6261552e+03
  -3.6289381e+03
  -3.6316211e+03
  -3.6343105e+03
  -3.6370585e+03
  -3.6396907e+03
  -3.6422206e+03
  -3.6446470e+03
  -3.6468473e+03
  -3.6489943e+03
  -3.6513324e+03
  -3.6538678e+03
  -3.6564991e+03
  -3.6591222e+03
  -3.6618126e+03
  -3.6644904e+03
  -3.6671216e+03
  -3.6697948e+03
  -3.6723845e+03
  -3.6748881e+03
  -3.6773995e+03
  -3.6797978e+03
  -3.6820554e+03
  -3.6844001e+03
  -3.6869534e+03
  -3.6895648e+03
  -3.6921757e+03
  -3.6948038e+03
  -3.6974166e+03
  -3.7001262e+03
  -3.7028499e+03
  -3.7054914e+03
  -3.7081703e+03
  -3.7107323e+03
  -3.7131304e+03
  -3.7152416e+03
  -3.7172155e+03
  -3.7196053e+03
  -3.7222286e+03
  -3.7249005e+03
  -3.7276261e+03
  -3.7303574e+03
  -3.7331471e+03
  -3.7359005e+03
  -3.7386997e+03
  -3.7415637e+03
  -3.7444658e+03
  -3.7474995e+03
  -3.7443595e+03
  -3.7422237e+03
  -3.7395289e+03
  -3.7423576e+03
  -3.7452316e+03
  -3.7481896e+03
  -3.7509839e+03
  -3.7538617e+03
  -3.7567023e+03
  -3.7595424e+03
  -3.7623444e+03
  -3.7651468e+03
  -3.7679631e+03
  -3.7709205e+03
  -3.7739799e+03
  -3.7709265e+03
  -3.7686010e+03
  -3.7658128e+03
  -3.7687097e+03
  -3.7716073e+03
  -3.7743631e+03
  -3.7771305e+03
  -3.7800391e+03
  -3.7828530e+03
  -3.7856982e+03
  -3.7885611e+03
  -3.7914007e+03
  -3.7942098e+03
  -3.7971709e+03
  -3.7944801e+03
  -3.7917453e+03
  -3.7886163e+03
  -3.7855291e+03
  -3.7884546e+03
  -3.7913349e+03
  -3.7943467e+03
  -3.7971789e+03
  -3.8001066e+03
  -3.8030424e+03
  -3.8058830e+03
  -3.8089061e+03
  -3.8117845e+03
  -3.8148145e+03
  -3.8178677e+03
  -3.8147308e+03
  -3.8178236e+03
  -3.8147373e+03
  -3.8177877e+03
  -3.8206688e+03
  -3.8237302e+03
  -3.8266873e+03
  -3.8296657e+03
  -3.8326213e+03
  -3.8356806e+03
  -3.8386145e+03
  -3.8416791e+03
  -3.8445776e+03
  -3.8476115e+03
  -3.8507351e+03
  -3.8536459e+03
  -3.8565927e+03
  -3.8535397e+03
  -3.8566614e+03
  -3.8595760e+03
  -3.8564758e+03
  -3.8594506e+03
  -3.8624332e+03
  -3.8654344e+03
  -3.8683529e+03
  -3.8712267e+03
  -3.8740495e+03
  -3.8769487e+03
  -3.8798338e+03
  -3.8827592e+03
  -3.8857613e+03
  -3.8829583e+03
  -3.8804345e+03
  -3.8835585e+03
  -3.8865478e+03
  -3.8893166e+03
  -3.8921383e+03
  -3.8950172e+03
  -3.8978641e+03
  -3.9005849e+03
  -3.9033713e+03
  -3.9061352e+03
  -3.9089504e+03
  -3.9120497e+03
  -3.9099315e+03
  -3.9074621e+03
  -3.9105860e+03
  -3.9132599e+03
  -3.9161198e+03
  -3.9189304e+03
  -3.9216378e+03
  -3.9244919e+03
  -3.9272027e+03
  -3.9300389e+03
  -3.9328278e+03
  -3.9354994e+03
  -3.9382800e+03
  -3.9406152e+03
  -3.9408559e+03
  -3.9437032e+03
  -3.9463904e+03
  -3.9491219e+03
  -3.9519083e+03
  -3.9546450e+03
  -3.9574442e+03
  -3.9602177e+03
  -3.9629779e+03
  -3.9657029e+03
  -3.9684438e+03
  -3.9711265e+03
  -3.9736029e+03
  -3.9750304e+03
  -3.9769020e+03
  -3.9795248e+03
  -3.9821628e+03
  -3.9848713e+03
  -3.9876306e+03
  -3.9903794e+03
  -3.9931722e+03
  -3.9959110e+03
  -3.9986540e+03
  -4.0014395e+03
  -4.0040607e+03
  -4.0067426e+03
  -4.0089023e+03
  -4.0102160e+03
  -4.0125670e+03
  -4.0153580e+03
  -4.0179590e+03
  -4.0207167e+03
  -4.0234227e+03
  -4.0261466e+03
  -4.0289244e+03
  -4.0316205e+03
  -4.0344907e+03
  -4.0371815e+03
  -4.0398782e+03
  -4.0426306e+03
  -4.0440226e+03
  -4.0457591e+03
  -4.0483326e+03
  -4.0509537e+03
  -4.0537179e+03
  -4.0564469e+03
  -4.0592550e+03
  -4.0619929e+03
  -4.0646565e+03
  -4.0675109e+03
  -4.0702355e+03
  -4.0730582e+03
  -4.0758969e+03
  -4.0781983e+03
  -4.0781702e+03
  -4.0809854e+03
  -4.0838360e+03
  -4.0865717e+03
  -4.0893252e+03
  -4.0922236e+03
  -4.0949963e+03
  -4.0977926e+03
  -4.1005933e+03
  -4.1033143e+03
  -4.1062838e+03
  -4.1092358e+03
  -4.1122954e+03
  -4.1097156e+03
  -4.1073979e+03
  -4.1102348e+03
  -4.1131853e+03
  -4.1159756e+03
  -4.1188319e+03
  -4.1217889e+03
  -4.1246010e+03
  -4.1275049e+03
  -4.1304749e+03
  -4.1333793e+03
  -4.1363458e+03
  -4.1392062e+03
  -4.1422942e+03
  -4.1392725e+03
  -4.1361847e+03
  -4.1330957e+03
  -4.1300230e+03
  -4.1329665e+03
  -4.1359933e+03
  -4.1388244e+03
  -4.1416993e+03
  -4.1446693e+03
  -4.1475201e+03
  -4.1504361e+03
  -4.1532451e+03
  -4.1561694e+03
  -4.1591113e+03
  -4.1622013e+03
  -4.1592727e+03
  -4.1567458e+03
  -4.1536266e+03
  -4.1566675e+03
  -4.1594529e+03
  -4.1622882e+03
  -4.1650701e+03
  -4.1678660e+03
  -4.1706698e+03
  -4.1734240e+03
  -4.1762609e+03
  -4.1790110e+03
  -4.1818069e+03
  -4.1843861e+03
  -4.1846106e+03
  -4.1871183e+03
  -4.1898850e+03
  -4.1925763e+03
  -4.1953439e+03
  -4.1981524e+03
  -4.2009430e+03
  -4.2038254e+03
  -4.2067039e+03
  -4.2095410e+03
  -4.2124748e+03
  -4.2153918e+03
  -4.2185115e+03
  -4.2215862e+03
  -4.2185126e+03
  -4.2154503e+03
  -4.2185790e+03
  -4.2216710e+03
  -4.2186516e+03
  -4.2216942e+03
  -4.2247344e+03
  -4.2276517e+03
  -4.2305531e+03
  -4.2333952e+03
  -4.2362728e+03
  -4.2391325e+03
  -4.2418331e+03
  -4.2446655e+03
  -4.2474608e+03
  -4.2503632e+03
  -4.2530815e+03
  -4.2526550e+03
  -4.2551808e+03
  -4.2580865e+03
  -4.2608097e+03
  -4.2637439e+03
  -4.2665009e+03
  -4.2692445e+03
  -4.2721363e+03
  -4.2749133e+03
  -4.2777057e+03
  -4.2804808e+03
  -4.2832695e+03
  -4.2860506e+03
  -4.2838369e+03
  -4.2811156e+03
  -4.2785920e+03
  -4.2813799e+03
  -4.2841612e+03
  -4.2869763e+03
  -4.2897308e+03
  -4.2925367e+03
  -4.2953619e+03
  -4.2981209e+03
  -4.3009920e+03
  -4.3037427e+03
  -4.3065208e+03
  -4.3095261e+03
  -4.3123927e+03
  -4.3114452e+03
  -4.3143496e+03
  -4.3171738e+03
  -4.3199812e+03
  -4.3227509e+03
  -4.3255100e+03
  -4.3282989e+03
  -4.3310222e+03
  -4.3338690e+03
  -4.3366137e+03
  -4.3392892e+03
  -4.3420180e+03
  -4.3437798e+03
  -4.3445743e+03
  -4.3473485e+03
  -4.3501753e+03
  -4.3529179e+03
  -4.3557199e+03
  -4.3584884e+03
  -4.3612338e+03
  -4.3640378e+03
  -4.3667852e+03
  -4.3695785e+03
  -4.3723358e+03
  -4.3749144e+03
  -4.3774844e+03
  -4.3796386e+03
  -4.3813184e+03
  -4.3836604e+03
  -4.3863207e+03
  -4.3890970e+03
  -4.3918180e+03
  -4.3945352e+03
  -4.3973416e+03
  -4.4000512e+03
  -4.4027924e+03
  -4.4054928e+03
  -4.4081656e+03
  -4.4108951e+03
  -4.4134040e+03
  -4.4156607e+03
  -4.4175508e+03
  -4.4197561e+03
  -4.4223091e+03
  -4.4249346e+03
  -4.4276246e+03
  -4.4303489e+03
  -4.4331032e+03
  -4.4358689e+03
  -4.4385980e+03
  -4.4414516e+03
  -4.4441544e+03
  -4.4470517e+03
  -4.4442904e+03
  -4.4423881e+03
  -4.4454403e+03
  -4.4483630e+03
  -4.4512274e+03
  -4.4539884e+03
  -4.4568348e+03
  -4.4597023e+03
  -4.4625641e+03
  -4.4653925e+03
  -4.4683797e+03
  -4.4714524e+03
  -4.4744715e+03
  -4.4774866e+03
  -4.4745132e+03
  -4.4713800e+03
  -4.4743133e+03
  -4.4773301e+03
  -4.4804437e+03
  -4.4834899e+03
  -4.4864781e+03
  -4.4894664e+03
  -4.4924582e+03
  -4.4953103e+03
  -4.4981857e+03
  -4.5010753e+03
  -4.5039612e+03
  -4.5068708e+03
  -4.5099918e+03
  -4.5130260e+03
  -4.5100456e+03
  -4.5071940e+03
  -4.5101855e+03
  -4.5133249e+03
  -4.5162228e+03
  -4.5191909e+03
  -4.5220144e+03
  -4.5249548e+03
  -4.5278465e+03
  -4.5307860e+03
  -4.5336530e+03
  -4.5365328e+03
  -4.5396463e+03
  -4.5424565e+03
  -4.5393448e+03
  -4.5363314e+03
  -4.5334131e+03
  -4.5305024e+03
  -4.5335825e+03
  -4.5363933e+03
  -4.5394424e+03
  -4.5422824e+03
  -4.5451210e+03
  -4.5480406e+03
  -4.5508065e+03
  -4.5535811e+03
  -4.5565036e+03
  -4.5593548e+03
  -4.5620142e+03
  -4.5651271e+03
  -4.5625524e+03
  -4.5605867e+03
  -4.5633442e+03
  -4.5663430e+03
  -4.5690508e+03
  -4.5718532e+03
  -4.5747593e+03
  -4.5774801e+03
  -4.5803236e+03
  -4.5831997e+03
  -4.5859628e+03
  -4.5888531e+03
  -4.5919821e+03
  -4.5888853e+03
  -4.5867747e+03
  -4.5896607e+03
  -4.5927748e+03
  -4.5956661e+03
  -4.5984709e+03
  -4.6013966e+03
  -4.6041991e+03
  -4.6069828e+03
  -4.6097927e+03
  -4.6126214e+03
  -4.6154160e+03
  -4.6183341e+03
  -4.6152269e+03
  -4.6124041e+03
  -4.6106145e+03
  -4.6135677e+03
  -4.6162660e+03
  -4.6191285e+03
  -4.6219919e+03
  -4.6247039e+03
  -4.6275213e+03
  -4.6302969e+03
  -4.6330640e+03
  -4.6359144e+03
  -4.6387265e+03
  -4.6414398e+03
  -4.6439797e+03
  -4.6437907e+03
