0 -19.54651 3.1415927
24000 -21.364251 3.10033024
47999.999 -23.787302 8.8287565
71999.999 -21.983272 14.4320961
95999.998 -19.006922 13.8996759
120000 -16.114924 13.49077178
144000 -14.798785 13.2061843
168000 -15.144002 13.0502993
192000 -16.544273 13.0625338
216000 -18.423764 13.2390114
240000 -19.89873 13.559626
264000 -20.166332 13.972025
288000 -19.331833 14.365903
311999.99 -18.041276 14.680678
335999.99 -16.639863 14.930035
359999.99 -15.193804 15.145861
383999.99 -13.633748 15.326671
407999.99 -12.108876 15.419995
431999.99 -11.427794 15.449967
455999.99 -11.227577 15.513304
479999.99 -10.934466 15.610092
503999.99 -10.668036 15.711174
527999.99 -10.491504 15.781811
551999.99 -10.450579 15.82743
575999.99 -10.863575 15.877197
599999.99 -11.728504 15.959785
623999.99 -12.672088 16.096605
647999.99 -13.500187 16.272844
671999.99 -14.147969 16.462739
695999.99 -14.643653 16.661468
719999.99 -15.062372 16.865996
743999.99 -15.393084 17.076331
767999.99 -15.651366 17.295203
791999.99 -15.811195 17.516011
815999.99 -15.799526 17.739666
839999.99 -15.674432 17.965698
863999.99 -15.465223 18.179602
887999.99 -15.132303 18.379
911999.98 -14.766912 18.568915
935999.98 -14.453647 18.743828
959999.98 -14.175503 18.906533
983999.98 -13.97092 19.068016
1008000 -13.868126 19.230856
1032000 -13.80415 19.39863
1056000 -13.735845 19.576679
1080000 -13.633674 19.762233
1104000 -13.459475 19.951152
1128000 -13.223128 20.139906
1152000 -12.940333 20.324158
1176000 -12.621286 20.50491
1200000 -12.298328 20.68447
1224000 -11.972639 20.86394
1248000 -11.623659 21.04711
1272000 -11.227387 21.23528
1296000 -10.715526 21.427
1320000 -10.026046 21.62006
1344000 -9.141738 21.80419
1368000 -8.066458 21.96421
1392000 -6.874218 22.08935
1416000 -5.711196 22.17369
1440000 -4.725501 22.21977
1464000 -4.045064 22.23934
1488000 -3.73349 22.24706
1512000 -3.781836 22.25948
1536000 -4.164503 22.2911
1560000 -4.822147 22.35582
1584000 -5.645613 22.47744
1608000 -6.315385 22.68027
1632000 -6.055649 22.93936
1656000 -4.60838099999999 23.13138
1680000 -3.059597 23.17783
1704000 -2.21445 23.13259
1728000 -2.060228 23.07379
1752000 -2.399117 23.03284
1776000 -3.058259 23.00573
1800000 -3.953199 22.98678
1824000 -5.13632 22.97378
1848000 -6.729425 22.97583
1872000 -8.84197 23.02633
1896000 -11.195769 23.16696
1920000 -13.023626 23.38684
1944000 -14.167466 23.60796
1968000 -15.218428 23.78419
1992000 -16.544461 23.92366
2016000 -18.294099 24.06153
2040000 -20.706845 24.23598
2064000 -23.911901 24.50569
2088000 -27.150719 25.03641
2112000 -27.3882046 25.78817
2136000 -25.6633767 26.20469
2160000 -24.7616832 26.29778
2184000 -25.2973223 26.33659
2208000 -28.6553237 26.47052
2232000 -35.748556 26.94522
2256000 -35.9841711 28.47908
2280000 -30.935418 29.09781
2304000 -29.8499662 29.36833
2328000 -30.2531271 29.50003
2352000 -31.2377762 29.71765
2376000 -33.94065659 30.21767
2400000 -37.1385344 31.27047
2424000 -35.1287341 32.28302
2448000 -32.81305465 32.71427
2472000 -31.5806111 32.99991
2496000 -30.8533082 33.3415
2520000 -29.4588147 33.76406
2544000 -27.929396 34.17335
2568000 -27.3916051 34.45485
2592000 -27.2921663 34.63073
2616000 -27.5541992 34.8775
2640000 -28.817809 35.25475
2664000 -29.7852606 35.79352
2688000 -28.39954 36.43718
2712000 -25.8180567 36.89142
2736000 -23.447962 37.10057
2760000 -21.47077 37.211
2784000 -20.564202 37.30825
2808000 -21.019332 37.41596
2832000 -22.9538492 37.6565
2856000 -25.2042289 38.2849
2880000 -22.6301143 39.07236
2904000 -18.188456 39.47238
2928000 -14.609908 39.71241
2952000 -11.551503 39.93827
2976000 -8.45473 40.2091
2999999.9 -4.236376 40.4848
3023999.9 3.26465 40.55229
3047999.9 9.381749 39.5762
3071999.9 5.310712 39.18269
3095999.9 3.585081 39.23978
3119999.9 3.239738 39.34957
3143999.9 3.490117 39.46034
3167999.9 4.16288 39.56213
3191999.9 5.168732 39.66627
3215999.9 6.490547 39.77094
3239999.9 8.332545 39.88174
3263999.9 11.154881 40.01524
3287999.9 16.733308 40.27986
3311999.9 22.3045003 35.88944
3335999.9 9.958927 30.37718
3359999.9 2.221561 30.54505
3383999.9 -5.380642 30.65657
3407999.9 -19.3249043 30.88267
3431999.9 -14.559977 33.68703
3455999.9 -7.540625 33.73009
3479999.9 -4.187345 33.69122
3503999.9 -2.315121 33.55046
3527999.9 -1.60313 33.29745
3551999.9 -2.702912 33.01021
3575999.9 -5.82106 32.80614
3599999.9 -10.340039 32.77517
3623999.9 -15.772672 33.03657
3647999.9 -19.205202 33.75759
3671999.9 -17.587672 34.35435
3695999.9 -15.647227 34.57075
3719999.9 -14.578375 34.61685
3743999.9 -14.33049 34.58488
3767999.9 -15.174741 34.503
3791999.9 -17.845897 34.37367
3815999.9 -23.4886517 34.21956
3839999.9 -35.8175035 34.94232
3863999.9 -26.3846617 36.43931
3887999.9 -22.5428344 36.49866
3911999.9 -21.4361247 36.41731
3935999.9 -21.4759472 36.38058
3959999.9 -23.3349533 36.31912
3983999.9 -26.192252 36.131
4007999.9 -31.7626497 35.82417
4031999.9 -34.9357583 40.34188
4055999.9 -26.7617801 45.97706
4079999.9 -22.9265522 45.6681400000001
4103999.9 -21.0933101 45.35963
4127999.9 -20.7427681 45.0738
4151999.9 -22.3505569 44.81908
4175999.9 -25.5260098 44.55964
4199999.9 -32.5606352 44.26551
4223999.9 -35.792177 48.72889
4247999.9 -30.3294222 54.48073
4271999.9 -26.5796305 54.10677
4295999.9 -23.8116791 54.02961
4319999.9 -23.2171097 53.95942
4343999.9 -23.2062511 53.76134
4367999.9 -23.0480058 53.5285
4391999.9 -24.19269077 53.3047
4415999.9 -27.7147338 52.79246
4439999.9 -31.3450355 58.1075
4463999.9 -29.7550042 63.07
4487999.9 -27.002256 62.49059
4511999.9 -25.17830297 61.97266
4535999.9 -23.3165156 61.80655
4559999.9 -23.6410267 61.70838
4583999.9 -24.0745886 61.60358
4607999.9 -25.86301304 61.56902
4631999.9 -28.5569022 61.47701
4655999.9 -36.626168 62.00544
4679999.9 -29.3668219 64.43796
4703999.9 -22.350340003 64.52447
4727999.9 -17.0003911 64.32945
4751999.9 -13.587204 64.1959
4775999.9 -12.5769748 63.95896
4799999.9 -12.2656422 63.80808
4823999.9 -13.3010802 63.89434
4847999.9 -15.3253867 64.07716
4871999.9 -16.7788632 64.34061
4895999.9 -17.2081379 64.7533
4919999.9 -16.9700052 65.22874
4943999.9 -16.1604968 65.65696
4967999.9 -15.0095486 66.07472
4991999.9 -14.3667159 66.50318
5015999.9 -13.8358365 66.88966
5039999.9 -12.551451 67.32137
5063999.9 -10.9329165 67.7612999999999
5087999.9 -8.9463816 68.01773
5111999.9 -7.2184534 68.09183
5135999.9 -6.982775 68.07026
5159999.9 -7.722256 68.04466
5183999.9 -8.923615 68.1083599999999
5207999.9 -10.809201 68.23232
5231999.9 -13.178468 68.35375
5255999.9 -15.6388789 68.48339
5279999.9 -18.3381655 68.7088499999999
5303999.9 -21.909733 69.1068000000001
5327999.9 -24.77339203 69.7346499999999
5351999.9 -23.1494454 70.39802
5375999.9 -20.0953307 70.79558
5399999.9 -18.1235896 70.94484
5423999.9 -16.9142844 70.9629399999999
5447999.9 -17.2064851 70.96372
5471999.9 -19.1156689 70.94169
5495999.9 -21.6265672 71.05657
5519999.9 -24.16230115 71.43256
5543999.9 -24.36720504 71.91583
5567999.9 -23.0506504 72.34429
5591999.9 -22.8266073 72.56594
5615999.9 -22.1131177 72.56649
5639999.9 -21.4920327 72.66729
5663999.9 -22.93380364 72.6933900000001
5687999.9 -25.0999296 72.60351
5711999.9 -34.457478 72.6471299999999
5735999.9 -30.713508 75.61398
5759999.9 -23.4955199 75.1972500000001
5783999.9 -20.8564867 74.98631
5807999.9 -21.2593504 74.8039200000001
5831999.9 -21.6625154 74.73933
5855999.9 -24.9241224 74.82245
5879999.9 -29.0146049 74.5886
5903999.9 -35.958557 75.1116000000001
5927999.9 -30.495246 77.85788
5951999.9 -25.1346891 78.0407700000001
5975999.9 -18.5308641 77.9899899999999
5999999.9 -14.8161108 78.3435500000001
6023999.9 -13.6824849 78.2286899999999
6047999.9 -6.5601259 77.97454
6071999.9 -5.7400583 77.19759
6095999.9 -32.2367017 82.28667
6119999.9 -20.8217677 85.16144
6143999.9 -14.2141979 85.7364200000001
6167999.9 -14.5717769 86.05962
6191999.9 -13.8243651 86.1869799999999
6215999.9 -14.3925821 86.5406400000001
6239999.9 -17.3137096 86.74116
6263999.9 -19.8894823 86.7069
6287999.9 -21.2982354 86.76013
6311999.9 -26.038979 87.10928
6335999.9 -41.142233 90.42419
6359999.9 -25.681616 90.76437
6383999.9 -20.9308883 90.65279
6407999.9 -15.9510618 90.48208
6431999.9 -9.8500918 90.24787
6455999.9 -3.9406748 89.2534899999999
6479999.9 -9.1555899 88.09272
6503999.9 -14.6250354 87.8352199999999
6527999.9 -18.0232841 87.65524
6551999.9 -21.0515321 87.7971399999999
6575999.9 -27.863118 87.75172
6599999.9 -30.535825 87.58434
6623999.9 -39.685905 89.3720900000001
6647999.9 -31.367888 90.96487
6671999.9 -27.613153 90.7140300000001
6695999.9 -21.5343877 90.7793800000001
6719999.9 -18.3861308 90.8370799999999
6743999.9 -13.6968907 90.8618
6767999.9 -10.0522857 90.9365
6791999.9 -11.0528055 90.31421
6815999.9 -18.3993149 90.14054
6839999.9 -22.116338 90.94141
6863999.9 -21.2173139 91.4457199999999
6887999.9 -20.0578414 91.75567
6911999.9 -20.1404672 91.9068599999999
6935999.9 -19.3817557 92.02071
6959999.9 -20.3952524 92.26911
6983999.9 -22.6916975 92.12654
7007999.9 -21.2059573 92.11289
7031999.9 -23.6455964 92.43199
7055999.9 -30.914279 92.03266
7079999.9 -39.2499418 92.08676
7103999.9 -20.8258658 94.49057
7127999.9 -19.7742501 94.1761299999999
7151999.9 -25.5161627 99.34406
7175999.9 -21.4117737 99.06657
7199999.9 -24.28779 99.29791
7223999.9 -27.968844 104.87028
7247999.9 -24.259575 104.76842
7271999.9 -25.414211 104.87238
7295999.9 -26.351399 104.74843
7319999.9 -29.727156 104.73807
7343999.9 -29.787632 109.97573
7367999.9 -26.488825 110.0867
7391999.9 -30.7587473 114.8185
7415999.9 -13.33802935 114.54758
7439999.9 1.268994 113.63957
7463999.9 -8.30221707 111.98907
7487999.9 -13.4894362 111.94854
7511999.9 -16.9832695 111.88297
7535999.9 -19.8510169 111.98774
7559999.9 -26.216535 111.73196
7583999.9 -25.6299 117.50482
7607999.9 -28.751825 123.3166
7631999.9 -21.9737013 129.12607
7655999.9 -19.4954591 129.39744
7679999.9 -19.2319463 129.45183
7703999.9 -17.7447996 129.51495
7727999.9 -17.2976935 129.73515
7751999.9 -18.907501 129.88868
7775999.9 -21.191316 129.67954
7799999.9 -22.5937412 129.27083
7823999.9 -15.0338261 130.43812
7847999.9 -16.156409 130.47536
7871999.9 -19.0809941 130.5271
7895999.9 -20.8392173 130.394
7919999.9 -20.6719753 130.36855
7943999.9 -21.8158417 130.65706
7967999.9 -28.584601 130.86565
7991999.9 -33.727015 136.10788
8015999.9 -34.339933 141.39419
8039999.9 -24.410097 147.18171
8063999.9 -20.5164453 147.22833
8087999.9 -15.7708398 146.98435
8111999.9 -9.722885391 146.69716
8135999.9 -10.0142976 145.256
8159999.9 -16.3717066 144.52586
8183999.9 -23.160911 144.40986
8207999.9 -31.982759 150.02828
8231999.9 -30.771386 155.44547
8255999.9 -30.574737 161.15784
8279999.9 -24.814454 160.94345
8303999.9 -23.707975 161.31395
8327999.9 -27.474155 161.29011
8351999.9 -26.680615 167.2049
8375999.9 -28.891134 166.98983
8399999.9 -24.6644646 172.50378
8423999.9 -21.0833988 172.2895
8447999.9 -12.8438059 177.73086
8471999.9 -7.3358818 176.10712
8495999.9 -14.8368688 175.54478
8519999.9 -19.5847954 175.42249
8543999.9 -24.0682975 175.43037
8567999.9 -31.47837 175.27342
8591999.9 -33.657947 180.43609
8615999.9 -32.030226 180.27789
8639999.9 -34.821805 185.93521
8663999.9 -28.740446 191.59715
8687999.9 -24.475542 191.63394
8711999.9 -22.452555 191.68756
8735999.9 -21.1213519 191.59371
8759999.9 -17.9169997 191.26246
8783999.9 -11.19971533 190.92777
8807999.9 -9.2518323 189.65427
8831999.9 -16.243297 188.65685
8855999.9 -21.6725568 188.92386
8879999.9 -42.4209176 190.57763
8903999.9 -31.558334 193.18301
8927999.9 -38.333181 198.62545
8951999.9 -28.603364 198.55571
8975999.9 -31.099302 198.56582
8999999.8 -25.334686 204.38459
9023999.8 -22.716045 204.87916
9047999.8 -27.0173571 205.09643
9071999.8 -24.7880364 210.68196
9095999.8 -21.0228586 211.14216
9119999.8 -24.9262354 213.00316
9143999.8 3.08858 213.75661
9167999.8 -15.25016931 212.36582
9191999.8 -21.5501792 212.13747
9215999.8 -23.6260633 211.96515
9239999.8 -25.8982222 211.71934
9263999.8 -24.268722 211.47275
9287999.8 -23.765379 211.71333
9311999.8 -28.713496 211.75139
9335999.8 -27.162821 217.33124
9359999.8 -25.640286 217.50258
9383999.8 -26.849281 217.18126
9407999.8 -22.8395921 217.17643
9431999.8 -23.6473524 217.57204
9455999.8 -30.2380184 217.84743
9479999.8 -17.1252832 218.89479
9503999.8 -14.8129956 218.40551
9527999.8 -18.203895 218.34598
9551999.8 -18.9953874 218.26272
9575999.8 -19.504456 218.46418
9599999.8 -21.1656187 218.64831
9623999.8 -22.1584585 218.91316
9647999.8 -24.586595 219.39562
9671999.8 -27.355456 219.63807
9695999.8 -23.062275 219.9408
9719999.8 -18.0413386 220.53737
9743999.8 -15.1306814 220.91021
9767999.8 -11.6818422 220.88448
9791999.8 -7.1528019 220.66337
9815999.8 -5.5518256 220.19085
9839999.8 -8.356757 219.82638
9863999.8 -12.2179777 219.68576
9887999.8 -15.2518134 219.72241
9911999.8 -19.2145181 219.97985
9935999.8 -25.630409 220.31737
9959999.8 -33.59056 221.1854
9983999.8 -30.653812 222.5313
10008000 -25.025935 222.85973
10032000 -21.138628 223.17878
10056000 -20.034514 223.42452
10080000 -18.8868785 223.46268
10104000 -17.818296 223.464
10128000 -16.04198406 223.05191
10152000 -16.38391154 222.98977
10176000 -20.1195221 223.91017
10200000 -24.8561394 224.34475
10224000 -23.9872 224.01449
10248000 -22.90378 224.30096
10272000 -24.513967 224.31817
10296000 -23.554526 224.4019
10320000 -25.594554 224.71558
10344000 -28.852324 224.70429
10368000 -32.08036 225.20106
10392000 -34.75849 227.58871
10416000 -30.9163468 228.44624
10440000 -28.2611271 233.48926
10464000 -20.2671125 232.84601
10488000 -19.3825735 232.17894
10512000 -21.2346536 232.06723
10536000 -27.0166218 232.0238
10560000 -29.198612 231.6477
10584000 -31.902277 232.09779
10608000 -42.739076 233.87592
10632000 -39.366988 235.46708
10656000 -37.196251 240.65851
10680000 -27.255532 240.64481
10704000 -22.126244 240.8217
10728000 -18.4334705 240.9326
10752000 -14.9907669 240.92254
10776000 -12.1950585 240.65434
10800000 -14.7570954 239.81812
10824000 -19.5842442 239.13884
10848000 -25.9849211 239.25505
10872000 -40.5657964 239.23332
10896000 -40.949762 241.21435
10920000 -29.289541 241.95174
10944000 -28.628633 242.25948
10968000 -26.406241 241.97509
10992000 -23.797384 242.19025
11016000 -23.5778009 242.10863
11040000 -19.8183255 242.21578
11064000 -20.3757659 242.58785
11088000 -19.3058154676 248.25016
11112000 -10.4204216 247.87897
11136000 -20.5891846 247.89334
11160000 -27.1005139 248.56732
11184000 -25.9704229 248.37842
11208000 -23.2697051 248.39758
11232000 -20.8464417 248.60313
11256000 -20.598964 248.89971
11280000 -21.492891 249.03249
11304000 -21.6876022 249.16702
11328000 -23.7216568 249.45857
11352000 -33.158379 249.31035
11376000 -25.3968456 254.27966
11400000 -22.28192566 254.5929
11424000 -16.156051 260.33134
11448000 -5.367291 255.75822
11472000 -15.278012 255.93282
11496000 -15.9030413 256.53108
11520000 -23.8480595 257.20694
11544000 -29.3297923 262.86283
11568000 -34.7714102 264.20087
11592000 -30.1282411 266.9722
11616000 -36.6938099 267.22737
11640000 -25.0075717 272.88354
11664000 -23.5120099 273.48186
11688000 -23.5124378 273.22037
11712000 -19.6897804 273.50626
11736000 -20.0311285 273.57879
11760000 -15.0394919 273.90267
11784000 -19.5164831 268.51326
11808000 -23.0125091 268.48928
11832000 -27.7836345 267.44417
11856000 -20.8208847 267.75982
11880000 -21.5102703 268.20617
11904000 -23.2126006 268.54849
11928000 -31.6971532 269.2628
11952000 -31.7660256 273.19305
11976000 -30.1318464 273.68969
12000000 -32.2129452 278.95467
12024000 -22.1960572 278.79325
12048000 -17.7619035 279.19383
12072000 -14.709014 279.40391
12096000 -11.11221853 273.75186
12120000 -13.24194293 274.50332
12144000 -15.73380257 274.35978
12168000 -14.1547698 275.10352
12192000 -23.8271757 276.0455
12216000 -31.9355544 281.13431
12240000 -31.8893954 285.2964
12264000 -21.5982243 286.15217
12288000 -22.1776608 286.58064
12312000 -22.0409011 286.70972
12336000 -25.0475429 286.76182
12360000 -21.6957401 292.88488
12384000 -25.338852 293.4546
12408000 -22.9797762 298.77225
12432000 -19.428879 299.67416
12456000 -25.5407794 301.01297
12480000 -24.0976353 303.18452
12504000 -17.2640839 304.21628
12528000 -17.7955506 304.89488
12552000 -16.40285981 310.98906
12576000 -12.98322988 305.38223
12600000 -18.22327258 299.36003
12624000 -13.39225929 299.32042
12648000 -14.4760409 300.07214
12672000 -18.4059622 300.39483
12696000 -22.8423625 300.81295
12720000 -35.201581 306.43373
12744000 -30.0536848 306.35904
12768000 -40.9140813 309.65137
12792000 -26.7692367 310.68045
12816000 -25.2396468 310.8031
12840000 -21.4011138 310.6482
12864000 -16.74278237 310.7076
12888000 -10.8631173 310.9223
12912000 17.805616 305.3577
12936000 -18.9007344 307.3291
12960000 -23.8564169 307.0253
12984000 -29.4152622 312.7954
13008000 -26.7112674 312.3943
13032000 -28.2496568 312.5912
13056000 -29.4040074 318.2472
13080000 -25.411923 318.4558
13104000 -28.3188911 318.9094
13128000 -30.6621739 324.7838
13152000 -28.858537 325.3983
13176000 -30.9448471 326.6134
13200000 -26.30363905 326.4062
13224000 -15.4128168 326.1098
13248000 -18.18002535 325.7902
13272000 -22.0559525 325.2431
13296000 -23.7513032 325.2521
13320000 -27.8880474 324.8026
13344000 -24.237393 324.6617
13368000 -25.00906 325.057
13392000 -30.346208 325.2287
13416000 -36.036467 330.9828
13440000 -35.7892174 336.4427
13464000 -32.1964154 336.3295
13488000 -36.0217198 337.3145
13512000 -25.7086624 339.4249
13536000 -19.84101628 339.2856
13560000 -15.9738429 338.2582
13584000 -15.0831777 338.1723
13608000 -18.8883586 338.3477
13632000 -22.4474339 338.176
13656000 -23.759797 338.3062
13680000 -29.080204 338.4752
13704000 -32.805193 338.3244
13728000 -39.388029 339.567
13752000 -33.699133 341.6454
13776000 -34.4045256 341.7798
13800000 -27.3149207 341.3407
13824000 -26.4920938 341.6268
13848000 -25.08701 346.3916
13872000 -17.164248 346.2438
13896000 -22.1723509 346.0845
13920000 -30.3312994 351.571
13944000 -40.3870865 356.0234
13968000 -25.9612028 355.7724
13992000 -25.861831 356.158
14016000 -27.177812 355.8015
14040000 -23.730672 355.8543
14064000 -24.370456 356.137
14088000 -25.593503 356.1272
14112000 -25.8409756 356.2726
14136000 -27.231913 356.4537
14160000 -25.101895 356.8248
14184000 -20.4791352 357.2787
14208000 -19.0299866 357.1876
14232000 -20.0977255 357.0785
14256000 -24.3514031 357.2953
14280000 -34.2944271 362.7
14304000 -27.203219 362.4209
14328000 -31.317609 362.8499
14352000 -33.031899 367.7453
14376000 -28.693227 367.9935
14400000 -30.1267 367.7284
14424000 -27.108285 367.6563
14448000 -29.0550448 367.3958
14472000 -23.248543 367.1049
14496000 -23.9426551 367.556
14520000 -38.480085 371.2812
14544000 -35.2400363 372.0458
14568000 -26.3405778 374.8979
14592000 -25.5267668 375.3156
14616000 -27.1994133 374.935
14640000 -24.992882 374.7856
14664000 -23.241651 374.8449
14688000 -23.61497 375.1935
14712000 -29.67101 375.0812
14736000 -26.049146 374.6738
14760000 -30.0723127 375.1359
14784000 -27.435869 379.8031
14808000 -22.730883 380.3454
14832000 -30.5895017 380.2817
14856000 -28.4794467 385.1149
14880000 -35.6913132 384.3705
14904000 -36.0079876 385.8652
14928000 -25.5373467 387.0727
14952000 -25.0014331 387.7348
14976000 -28.8238081 387.9003
15000000 -33.175511 387.7018
15024000 -31.120536 393.0718
15048000 -28.9066007 393.3272
15072000 -29.9307989 398.7748
15096000 -21.6788498 399.0363
15120000 -22.3746452 399.6177
15144000 -31.4781637 405.1153
15168000 -24.6051342 410.1858
15192000 -17.8966679 415.1454
15216000 -20.9855113 415.1009
15240000 -28.378632 420.2151
15264000 -22.4115329 420.4411
15288000 -26.0288244 421.2792
15312000 -46.1456911 421.4163
15336000 -34.0340638 426.9158
15360000 -33.7806286 428.7601
15384000 -30.7884026 430.438
15408000 -33.1383443 431.4777
15432000 -40.635867 431.4152
15456000 -46.6378188 432.2309
15480000 -30.0516063 435.7134
15504000 -18.0257488 436.6487
15528000 -18.6658842 436.5904
15552000 -20.18439866 436.5535
15576000 -19.6439882 436.9867
15600000 -23.6993556 437.3347
15624000 -24.8196592 437.0016
15648000 -24.2504064 437.2581
15672000 -27.021238 437.2559
15696000 -28.7725552 437.3242
15720000 -31.8088478 442.4908
15744000 -25.7784723 442.7591
15768000 -26.1548487 447.8505
15792000 -12.4979936 448.3216
15816000 -6.773091 448.8757
15840000 -6.67239 451.4338
15864000 -13.3743563 452.1253
15888000 -35.34696094 452.6016
15912000 -23.6410006 458.1936
15936000 -24.6994426 459.7092
15960000 -28.8356527 460.3835
15984000 -20.8472468 460.425
16008000 -16.8178822 461.2087
16032000 -17.1598818 461.7529
16056000 -18.2709953 461.9982
16080000 -18.78914856 461.8032
16104000 -11.9071959 461.9765
16128000 -8.4362084 456.7326
16152000 -13.2059132 451.5833
16176000 -17.7229184 446.0737
16200000 -22.3641014 447.262
16224000 -22.56562293 447.896
16248000 -18.6025934 448.5303
16272000 -17.7335009 449.0879
16296000 -17.3073718 449.4362
16320000 -18.9528634 449.8325
16344000 -19.6434855 455.8509
16368000 -17.33668136 456.3875
16392000 -25.93090693 456.4309
16416000 -19.0015681 462.4771
16440000 -26.13383276 462.9998
16464000 -19.1568317 468.4428
16488000 -20.5793148 469.2422
16512000 -20.3819304 474.6096
16536000 -15.63801815 475.4431
16560000 -23.53198786 475.802
16584000 -13.5069615 481.754
16608000 -9.3144746 476.971
16632000 -15.3146937 472.5674
16656000 -14.6392289 466.8207
16680000 -13.47391656 468.1356
16704000 -19.197999 468.9281
16728000 -21.8368134 468.6046
16752000 -21.765913 468.983
16776000 -24.4764232 468.6756
16800000 -21.0568452 468.9394
16824000 -24.9761945 469.6275
16848000 -38.3110329 469.4192
16872000 -32.2359402 472.6932
16896000 -19.9762149 473.191
16920000 -16.6771519 473.3389
16944000 -9.038825 472.1835
16968000 -11.6328144 470.7296
16992000 -16.34212914 470.3563
17016000 -19.7187987 470.3682
17040000 -22.4255145 470.1561
17064000 -22.5052264 470.2715
17088000 -26.0651602 470.4308
17112000 -27.0401317 470.2252
17136000 -27.2973882 470.591
17160000 -31.858367 470.8521
17184000 -31.011712 470.6816
17208000 -26.4865339 471.197
17232000 -23.91697509 471.6554
17256000 -25.4433763 471.2223
17280000 -23.1622515 475.8493
17304000 -23.2629982 475.4546
17328000 -24.4961708 475.3088
17352000 -26.8321861 475.2764
17376000 -29.0078477 474.8856
17400000 -27.6126704 474.6001
17424000 -26.1311048 474.4216
17448000 -23.9442809 474.4574
17472000 -24.6338115 474.5598
17496000 -24.5942049 474.1319
17520000 -19.9728859 474.0272
17544000 -17.5794081 474.1794
17568000 -18.2139033 473.9598
17592000 -16.4599104 472.8235
17616000 -18.5885955 472.7875
17640000 -21.6444697 474.0347
17664000 -22.8620266 475.1145
17688000 -27.5229422 475.3538
17712000 -25.3018128 481.1368
17736000 -22.6325337 481.4827
17760000 -24.6026687 481.7764
17784000 -25.9769572 481.6113
17808000 -25.9222611 481.7659
17832000 -30.4872552 481.6327
17856000 -28.0421095 481.2734
17880000 -34.74074461 481.806
17904000 -26.5089289 485.2558
17928000 -30.4441405 486.4909
17952000 -25.412705 487.9239
17976000 -28.1404378 488.3496
18000000 -30.2356743 493.8868
18024000 -24.5179109 494.0031
18048000 -24.3844058 494.5935
18072000 -30.877885 495.0496
18096000 -35.1199205 500.3312
18120000 -33.4643016 500.466
18144000 -35.7316645 500.1692
18168000 -33.3702027 500.7758
18192000 -28.5524546 502.2408
18216000 -23.07747383 502.6152
18240000 -18.97680274 502.0664
18264000 -17.91442156 501.6886
18288000 -19.8688033 501.7061
18312000 -24.932258 501.8795
18336000 -31.9214558 507.3274
18360000 -26.0318455 507.2827
18384000 -27.3685501 507.9824
18408000 -35.4218315 508.8353
18432000 -42.4874695 509.4199
18456000 -32.9405143 509.8476
18480000 -26.9215022 510.1794
18504000 -22.665922 510.1618
18528000 -17.8289771 510.0447
18552000 -15.250625 509.6371
18576000 -14.4049929 508.7123
18600000 -15.1346184 508.5036
18624000 -21.6675572 508.6652
18648000 -25.4159596 513.991
18672000 -23.4681725 514.3975
18696000 -33.956728 515.3026
18720000 -32.289127 519.0192
18744000 -34.1522764 519.3982
18768000 -30.9693246 525.0016
18792000 -35.9391097 525.3999
18816000 -24.9213427 529.9436
18840000 -19.3979045 530.5811
18864000 -23.0076271 530.1619
18888000 -14.6858532 529.1487
18912000 -21.5856944 529.0957
18936000 -27.6544186 534.4217
18960000 -26.0045882 535.2726
18984000 -29.4102817 536.6569
19008000 -34.5067059 537.0534
19032000 -30.5410256 537.0773
19056000 -32.1241267 537.1314
19080000 -25.3822075 537.0184
19104000 -23.3004591 537.8517
19128000 -32.1657139 538.7533
19152000 -30.40991445 543.7594
19176000 -21.9474709 545.3463
19200000 -13.619974 545.1699
19224000 -14.7949276 544.1804
19248000 -16.26897594 544.4551
19272000 -20.5770231 544.4712
19296000 -19.3960361 544.4124
19320000 -20.8574603 544.6982
19344000 -21.7227275 544.5665
19368000 -19.7912064 544.8877
19392000 -21.1683613 545.4708
19416000 -23.465216 546.067
19440000 -22.4732508 546.9031
19464000 -17.6878651 547.799
19488000 -12.5462138 548.4487
19512000 10.472365 543.9395
19536000 -10.7326869 538.4198
19560000 -14.4069619 539.0115
19584000 -20.273936259 539.2931
19608000 -23.8280135 539.498
19632000 -31.1683438 540.1647
19656000 -36.8703617 542.2817
19680000 -29.8014297 543.1938
19704000 -30.9288915 543.4488
19728000 -25.26618739 548.9234
19752000 -19.55959448 549.4078
19776000 -17.2463011 549.7095
19800000 -14.8364536 543.994
19824000 -18.413075 544.093
19848000 -13.6391335 538.3877
19872000 -19.4625594 539.6657
19896000 -25.74756678 544.053
19920000 -23.4032365 545.0061
19944000 -33.3037576 550.662
19968000 -29.3896008 550.8672
19992000 -29.5151871 555.4252
20016000 -22.0017723 556.0704
20040000 -20.01538482 556.0192
20064000 -14.6811746 556.5472
20088000 -18.5783691 550.7734
20112000 -11.5128526 550.6872
20136000 -11.8878909 545.7954
20160000 -21.6519669 546.3305
20184000 -23.14310791 546.5413
20208000 -27.15067235 547.692
20232000 -26.33299377 548.4608
20256000 -21.00573977 549.2317
20280000 -20.83280787 549.7455
20304000 -16.67332218 549.7107
20328000 -12.4859664 550.4113
20352000 -13.3779068 551.058
20376000 -11.6728769 545.2182
20400000 -14.7145158 539.9464
20424000 -20.6838246 540.252
20448000 -22.66875947 540.8106
20472000 -28.6497596 541.7762
20496000 -37.2872369 541.9837
20520000 -27.6781824 542.0682
20544000 -20.8329463 542.9753
20568000 -19.0110233 543.9533
20592000 -21.81127568 544.512
20616000 -17.5492925 544.4645
20640000 -11.5143325 545.4903
20664000 -3.122964 540.7448
20688000 -15.800866 536.2286
20712000 -15.9487817 537.1488
20736000 -24.18720278 538.0978
20760000 -26.9504316 542.8666
20784000 -22.993826 543.7269
20808000 -28.8832902 543.841
20832000 -23.8940643 543.7301
20856000 -24.3439663 544.7014
20880000 -29.9074901 546.3101
20904000 -27.3910841 547.4079
20928000 -18.14972225 547.7125
20952000 -11.4169678 548.2328
20976000 -4.074294 548.0542
21000000 -7.9125316 546.0276
21024000 -15.1146354 545.9005
21048000 -19.79572555 546.1384
21072000 -26.1632076 546.5883
21096000 -34.6353015 546.8581
21120000 -35.0931164 547.5027
21144000 -32.236166 548.432
21168000 -31.872387 548.3408
21192000 -24.3604811 548.278
21216000 -20.3488688 548.5853
21240000 -17.2351522 548.7102
21264000 -13.4335348 548.8583
21288000 -10.6581657 548.7603
21312000 -12.2242229 547.9351
21336000 -24.0764442 548.2684
21360000 -28.513758302 550.452
21384000 -29.9222261 550.1637
21408000 -22.7890462 550.2165
21432000 -22.7459752 550.699
21456000 -24.2524747 550.5633
21480000 -22.226201 550.7721
21504000 -25.254973 551.0586
21528000 -24.8797702 550.7873
21552000 -23.1725685 551.5856
21576000 -24.2426 553.1548
21600000 -21.9730063 554.2026
21624000 -19.5298991 559.5034
21648000 -14.3859478 558.921
21672000 -17.49241103 558.863
21696000 -20.0583314 558.7924
21720000 -21.4233884 559.0344
21744000 -23.6734543 559.3035
21768000 -23.437719 559.6906
21792000 -23.8545124 560.4031
21816000 -25.8941293 560.7004
21840000 -21.499582 560.8299
21864000 -19.1212716 561.5042
21888000 -23.0764105 561.6705
21912000 -16.86009097 561.1466
21936000 -12.5791259 561.4962
21960000 -19.9604031 561.5887
21984000 -27.6789858 566.1835
22008000 -26.9052055 567.4735
22032000 -27.1331364 568.7473
22056000 -29.1728532 569.0271
22080000 -27.0008738 568.9704
22104000 -25.3818391 569.2753
22128000 -26.8153889 569.6977
22152000 -33.3078902 569.6007
22176000 -28.5228273 575.3344
22200000 -25.6303724 575.9934
22224000 -25.7712809 576.81
22248000 -24.05970434 577.3504
22272000 -21.0716074 577.0747
22296000 -18.3049977 576.6501
22320000 -19.6949626 576.6083
22344000 -21.6303805 576.3807
22368000 -20.6889833 576.5543
22392000 -24.1709313 577.0482
22416000 -31.4380329 576.7988
22440000 -31.0858588 576.7312
22464000 -40.6195297 576.5519
22488000 -33.3697334 582.3894
22512000 -31.6340487 583.6528
22536000 -26.6054454 584.9095
22560000 -21.781136463 585.6189
22584000 -23.7760217 585.8059
22608000 -21.6391973 590.1738
22632000 -19.8706889 589.9857
22656000 -24.891233 589.6126
22680000 -24.1586005 589.5065
22704000 -26.1306921 589.7496
22728000 -26.6293102 590.1416
22752000 -27.9124229 591.3377
22776000 -32.3986812 592.9988
22800000 -36.121275 597.529
22824000 -24.6687527 598.6217
22848000 -27.9494942 599.2006
22872000 -19.9775256 604.5884
22896000 -12.9682373 605.0738
22920000 -11.1995107 604.857
22944000 -18.331427 603.8245
22968000 -26.0945065 609.1335
22992000 -24.79597282 609.6723
23016000 -26.3211251 611.1077
23040000 -28.8367306 612.0856
23064000 -26.9445477 611.8868
23088000 -23.5752266 612.2863
23112000 -22.702625 612.4409
23136000 -20.2717696 612.8153
23160000 -22.3761008 613.4735
23184000 -35.02609789 613.4745
23208000 -30.461468 618.3269
23232000 -23.651027 623.8557
23256000 -7.460952 624.0476
23280000 -9.513991 620.2791
23304000 -19.3136401 620.3418
23328000 -19.4638158 619.9732
23352000 -20.438589988 620.2217
23376000 -20.0346399 620.1293
23400000 -18.5027345 620.6729
23424000 -21.8139869 621.35
23448000 -24.0474939 621.7934
23472000 -21.1589673 622.817
23496000 -18.4520242 623.8307
23520000 -15.8975789 624.459
23544000 -13.7829928 618.7415
23568000 -11.7740986 619.2182
23592000 -10.9217698 613.6686
23616000 -12.1023337 607.9126
23640000 -12.5277469 608.5658
23664000 -15.3369092 609.4894
23688000 -25.38719785 610.0174
23712000 -21.2700705 615.9428
23736000 -17.9306234 616.824
23760000 -17.2796995 617.4147
23784000 -14.2237598 617.8978
23808000 -12.3454683 618.6401
23832000 -14.3610022 619.5182
23856000 -22.2203068 625.4839
23880000 -14.6380859 625.6922
23904000 -15.9395717 626.7518
23928000 -27.982977 627.6528
23952000 -34.455217 632.8149
23976000 -29.2050587 635.975
24000000 -20.5508355 636.8363
24024000 -15.2113857 637.2302
24048000 -11.8743065 637.926
24072000 -11.0500966 632.2837
24096000 -13.2343425 626.6809
24120000 -16.1964083 627.1507
24144000 -22.884353 627.2631
24168000 -19.9827255116 627.2544
24192000 -19.76870745 628.2043
24216000 -23.2801695 629.3802
24240000 -26.2682334 629.8691
24264000 -21.4168034 630.089
24288000 -17.138004655 630.52
24312000 -13.332803 631.0075
24336000 -11.8045916 631.624
24360000 -12.3508406 631.7847
24384000 -2.714879 626.0048
24408000 -6.719368 621.5228
24432000 -14.0688117 622.2727
24456000 -22.6847295 623.2761
24480000 -33.47985071 626.8723
24504000 -26.7161277 629.2317
24528000 -26.0811979 631.1033
24552000 -41.1967687 636.8172
24576000 -20.6772466 637.2878
24600000 -19.08170633 638.6015
24624000 -35.05253257 641.0268
24648000 -18.1350982 643.8443
24672000 -16.6708752 644.8215
24696000 -0.548002 643.0945
24720000 -14.635943 642.9905
24744000 -21.888302 644.9061
24768000 -45.71378243 647.1193
24792000 -32.2008406 650.3246
24816000 -32.8293531 656.1211
24840000 -26.3214238 656.604
24864000 -30.1948855 657.1224
24888000 -30.3988249 662.9919
24912000 -37.7543956 663.343
24936000 -26.7881708 668.2503
24960000 -24.7821373 669.4509
24984000 -22.6328951 672.0845
25008000 -16.4657884 672.437
25032000 -16.6224657 671.1975
25056000 -18.0764175 671.1735
25080000 -24.13953673 671.1045
25104000 -25.7755145 670.89
25128000 -28.3636662 670.8294
25152000 -28.6742087 671.077
25176000 -35.1161875 672.5649
25200000 -33.5634192 674.7071
25224000 -33.0664504 674.2856
25248000 -23.0961866 674.4621
25272000 -21.8237532 674.8839
25296000 -20.65984681 674.4878
25320000 -15.3416291 674.338
25344000 -16.4378256 674.2284
25368000 -25.5802182 674.2893
25392000 -44.41623379 679.2584
25416000 -37.0104925 680.326
25440000 -30.8317862 681.7714
25464000 -30.3226744 682.2779
25488000 -28.5906455 682.3102
25512000 -27.2086593 682.6876
25536000 -28.8906741 682.9486
25560000 -28.3036749 683.1049
25584000 -26.8639948 683.8163
25608000 -26.2287873 684.8637
25632000 -29.34442687 685.5103
25656000 -24.6634144 690.5879
25680000 -20.80227 690.7501
25704000 -32.98570806 695.6961
25728000 -20.9165081 695.5909
25752000 -24.1016375 696.2917
25776000 -30.5672332 701.8898
25800000 -27.6990397 702.3915
25824000 -38.6428744 705.3923
25848000 -26.1446443 707.1739
25872000 -30.1593568 708.1842
25896000 -37.1455916 712.7873
25920000 -32.6876483 712.8691
25944000 -26.24611039 712.6387
25968000 -24.9246643 713.8487
25992000 -21.3058622 715.7594
26016000 -26.4762656 716.4052
26040000 -27.62901881 720.5235
26064000 -26.1373232 721.059
26088000 -26.9335893 720.5793
26112000 -23.4802633 720.9549
26136000 -26.7574155 721.3609
26160000 -26.9954709 721.3112
26184000 -26.6786602 721.9299
26208000 -27.5055915 722.4617
26232000 -23.2221656 723.0871
26256000 -20.42805758 723.7973
26280000 -20.2618612 723.8087
26304000 -12.2686956 723.0991
26328000 -8.7839647 722.4218
26352000 -12.6914197 722.3094
26376000 -20.79875593 722.5198
26400000 -24.7355822 728.0584
26424000 -23.1285507 728.3391
26448000 -25.0728419 728.6118
26472000 -22.7050904 729.0594
26496000 -21.3544539 730.0131
26520000 -22.3318979 730.7817
26544000 -21.6611556 731.0247
26568000 -18.93556756 731.4788
26592000 -19.5807789 731.7838
26616000 -14.3529046 731.4303
26640000 -4.420685 731.5488
26664000 -8.475736 731.2752
26688000 -27.7324354 736.7225
26712000 -19.3599789 736.7772
26736000 -18.5445 737.5178
26760000 -19.9707617 737.8662
26784000 -18.6387363 738.0752
26808000 -18.2159188 738.4476
26832000 -18.335878 738.6997
26856000 -18.4341778 738.9901
26880000 -18.731189932 739.1604
26904000 -16.7743157 739.4764
26928000 -15.2461034 740.0479
26952000 -8.783846 740.5724
26976000 1.706109 738.4069
27000000 -13.7262432 739.105
27024000 -17.6500516 738.974
27048000 -17.4529262 739.505
27072000 -23.29607016 740.0036
27096000 -25.3006762 739.624
27120000 -25.8723761 740.3643
27144000 -35.84804233 743.0972
27168000 -25.729666418 744.7338
27192000 -23.7359472 745.3342
27216000 -23.5281384 746.1702
27240000 -37.5468301 742.1537
27264000 -22.4468787 744.8575
27288000 -18.4362164 740.2548
27312000 -20.292764 741.6804
27336000 -23.8539267 742.7817
27360000 -21.2617985 742.7479
27384000 -16.2819413 743.5495
27408000 -17.2331842 744.263
27432000 -18.4286309 744.2544
27456000 -15.1797309 744.605
27480000 -15.1221032 745.1276
27504000 -17.0064102 745.5481
27528000 -19.0925661 745.6395
27552000 -17.4063369 746.055
27576000 -22.2413844 747.1953
27600000 -32.6619703 751.1467
27624000 -31.7703036 752.8398
27648000 -24.5038898 756.4529
27672000 -20.180586 757.724
27696000 -24.9351842 758.799
27720000 -31.6190313 763.528
27744000 -23.0966406 764.441
27768000 -25.3167005 766.2078
27792000 -21.032142 768.3136
27816000 -17.6681665 769.7341
27840000 -21.8843715 770.9414
27864000 -34.1642151 775.0188
27888000 -23.960497 776.1206
27912000 -36.8907566 776.1524
27936000 -21.2093166 781.6547
27960000 -18.7315274 782.1725
27984000 -16.283111 782.3747
28008000 -14.767654 782.9477
28032000 -17.7225768 783.2758
28056000 -15.2773886 789.3914
28080000 -12.0505417 783.8382
28104000 -14.0595535 778.5423
28128000 -24.7623164 773.3942
28152000 -27.2607625 772.2755
28176000 -30.1363072 774.2581
28200000 -26.5526128 776.8695
28224000 -31.5765415 779.0369
28248000 -26.8382621 781.6518
28272000 -24.51481223 782.4812
28296000 -20.88747934 783.0858
28320000 -22.4353996 784.4318
28344000 -22.9334164 787.6071
28368000 -14.0034828 789.6171
28392000 -13.0321284 791.2171
28416000 -11.453518 787.0758
28440000 -25.874208 785.4616
28464000 -18.3419829 781.9542
28488000 -30.0632288 782.4725
28512000 -21.5750929 788.2205
28536000 -19.92007915 788.9635
28560000 -21.46257038 789.3206
28584000 -20.6395963 789.6156
28608000 -21.5328428 790.2861
28632000 -29.0849709 790.8722
28656000 -29.30339146 796.1603
28680000 -22.4161584 796.8308
28704000 -18.2474606 797.6216
28728000 -12.4389194 798.311
28752000 -5.532399 798.5098
28776000 -5.116777 796.0792
28800000 -11.0569567 796.2444
28824000 -16.1116709 796.3963
28848000 -16.01964887 796.5378
28872000 -18.2220619 797.2211
28896000 -25.977302 797.6393
28920000 -31.8530655 797.372
28944000 -35.2396506 802.7536
28968000 -26.5378794 803.026
28992000 -24.0274049 803.8654
29016000 -21.8572833 804.5545
29040000 -18.2231826 805.2546
29064000 -19.9694712 805.8355
29088000 -18.69093 809.491
29112000 -20.3398247 809.7137
29136000 -34.8427158 814.8873
29160000 -23.391021412 814.9808
29184000 -26.7268143 815.8267
29208000 -37.0218873 815.4585
29232000 -32.8827568 815.3701
29256000 -37.8227564 815.8169
29280000 -35.0731424 815.6213
29304000 -25.81745809 816.7028
29328000 -19.2697783 817.7639
29352000 -15.9574206 818.5659
29376000 -20.0118258 818.6601
29400000 -15.188941 822.5907
29424000 -16.5641937 822.5721
29448000 -21.2915981 822.8562
29472000 -26.96834139 823.0612
29496000 -30.0960083 823.1289
29520000 -32.7216362 824.0471
29544000 -35.489677 826.3245
29568000 -31.2287451 828.1523
29592000 -29.7696335 829.2277
29616000 -25.4436175 829.8696
29640000 -20.16247728 830.7868
29664000 -17.1119996 831.8255
29688000 -15.9790492 832.7214
29712000 -18.792395 833
29736000 -24.5866898 833.7133
29760000 -37.2034054 836.5305
29784000 -26.6620139 838.4792
29808000 -28.9162875 839.9057
29832000 -33.535087 842.8023
29856000 -31.4612565 844.2461
29880000 -32.1960065 849.7759
29904000 -25.5099861 850.3215
29928000 -29.7019376 850.6072
29952000 -24.02506974 856.2587
29975999 -20.9356706 856.7468
29999999 -24.1376116 857.0051
30023999 -29.5099157 859.2462
30047999 -20.9620556 859.7909
30071999 -31.9983433 860.9484
30095999 -26.948863774 864.2278
30119999 -27.0539364 865.2087
30143999 -39.8593586 865.3699
30167999 -43.8295036 869.6865
30191999 -28.680736 869.3689
30215999 -25.5428076 869.9665
30239999 -25.3788419 870.0951
30263999 -24.23115767 870.5058
30287999 -35.3807625 870.4611
30311999 -20.8678059 875.9543
30335999 -18.165872 876.7939
30359999 -24.364418 877.7203
30383999 -30.539659 882.7948
30407999 -25.1897992 883.5406
30431999 -33.3573261 883.6448
30455999 -27.33840163 889.488
30479999 -33.1367695 890.045
30503999 -26.9689308 895.0395
30527999 -22.9574584 895.829
30551999 -25.9572139 896.2592
30575999 -25.12165028 896.2245
30599999 -24.7008126 896.8195
30623999 -29.8199206 897.2308
30647999 -21.27866 902.8749
30671999 -0.541088000000002 903.9391
30695999 -16.731922 901.2033
30719999 -17.7774022 906.7443
30743999 -14.433119 907.5706
30767999 -17.3124559 908.4362
30791999 -25.67371325 908.6377
30815999 -26.44667121 908.4014
30839999 -34.70466399 913.186
30863999 -18.3185278 913.6706
30887999 -16.3891517 914.8318
30911999 -21.9090181 916.1794
30935999 -22.6108116 918.9776
30959999 -21.5769179 920.5693
30983999 -20.539957 919.1959
31007999 -14.4271717 914.2831
31031999 -18.8528266 914.9045
31055999 -17.5055967 921.0433
31079999 -17.6053244 921.7547
31103999 -26.4366811 922.0106
31127999 -21.9907709 927.337
31151999 -17.5919 927.9474
31175999 -18.6583042 928.712
31199999 -25.1950432 934.7541
31223999 -16.2434424 935.0443
31247999 -13.9541461 936.1273
31271999 -15.0900824 936.8188
31295999 -11.9818864 931.3749
31319999 -13.8248312 932.4462
31343999 -20.3497394 933.2329
31367999 -22.3787157 938.6226
31391999 -17.0454908 939.3323
31415999 -20.5030061 940.287
31439999 -27.3646854 940.1694
31463999 -21.2093683 941.111
31487999 -19.0057801 943.1577
31511999 -17.7000544 944.7068
31535999 -34.7485178 944.9176
31559999 -17.2570225 950.8541
31583999 -18.5545548 951.8168
31607999 -20.4480659 957.5864
31631999 -16.1896301 957.9218
31655999 -15.6420773 958.2815
31679999 -14.5877667 958.6183
31703999 -14.8235557 959.1847
31727999 -18.069112 959.6354
31751999 -21.3195738 960.0802
31775999 -33.6903681 954.3245
31799999 -33.2148725 958.8377
31823999 -30.3754597 953.1968
31847999 -29.5591925 949.2193
31871999 -20.1074015 950.6998
31895999 -16.1931273 951.6408
31919999 -17.3224715 952.6327
31943999 -41.2595448 953.6367
31967999 -16.1108439 957.8661
31991999 -13.0226828 958.8685
32015999 -15.545387 959.8014
32039999 -23.6575016 959.8376
32063999 -19.4837513 959.7713
32087999 -20.2866595 954.2702
32111999 -16.138007 955.005
32135999 -13.66101 950.7783
32159999 -17.5511232 945.9006
32183999 -25.430006 946.0647
32207999 -19.1972631 946.1705
32231999 -18.3817633 947.2641
32255999 -26.13895884 948.7629
32279999 -24.4985204 952.2452
32303999 -19.90054065 953.8905
32327999 -20.5760869 955.3977
32351999 -24.4640623 956.6905
32375999 -28.2886458 956.6915
32399999 -24.0554423 956.7476
32423999 -13.357913 956.5946
32447999 -1.281066 952.5105
32471999 -15.859266 948.5504
32495999 -22.6697667 948.5587
32519999 -22.4496495 949.981
32543999 -25.52411911 951.6742
32567999 -36.512640333 953.665
32591999 -30.73963892 957.0429
32615999 -33.12572521 958.266
32639999 -40.96590561 958.5491
32663999 -29.745254878 960.5441
32687999 -20.9230005 961.8171
32711999 -21.3417834 962.6747
32735999 -17.6258654 967.4613
32759999 0.0496359999999996 967.9418
32783999 -3.960706 965.9449
32807999 -10.8932027 965.3675
32831999 -11.8362163 965.678
32855999 -14.7062038 966.1543
32879999 -19.58890585 966.4613
32903999 -22.05585368 966.6513
32927999 -25.84764732 967.2754
32951999 -31.6769889 967.334
32975999 -25.8253517 967.888
32999999 -23.637376655 968.8031
33023999 -24.9374786 968.7245
33047999 -15.7185775 968.7536
33071999 -10.6050106 969.2642
33095999 -5.175847 969.1374
33119999 -5.103019 967.2302
33143999 -11.2325981 967.1692
33167999 -15.1584566 968.0069
33191999 -20.3079996 969.2744
33215999 -25.01869417 970.1933
33239999 -26.92487299 970.2995
33263999 -26.51536461 970.3812
33287999 -26.02754179 970.1959
33311999 -22.385348698 970.1543
33335999 -19.83776335 970.4753
33359999 -22.6174426 970.7779
33383999 -19.0879091 976.022
33407999 -9.9989125 976.4052
33431999 -9.546519 976.3015
33455999 -28.9091015 978.3032
33479999 -35.3439115 980.2276
33503999 -30.1547487 984.3082
33527999 -32.69095392 986.3512
33551999 -25.06745616 988.578
33575999 -22.9186373 989.5656
33599999 -28.7095658 989.9403
33623999 -24.01661968 995.2334
33647999 -18.34636745 995.9288
33671999 -22.4195482 996.7042
33695999 -21.5621876 1001.4985
33719999 -14.2075878 1002.4551
33743999 -23.88357 1003.9246
33767999 -14.985476 1005.0377
33791999 -28.9854775 1006.4418
33815999 -32.540428 1008.9324
33839999 -25.8445229 1008.728
33863999 -22.27395461 1009.5001
33887999 -28.097314338 1009.9865
33911999 -27.13856304 1015.817
33935999 -28.48898591 1016.2484
33959999 -26.49152398 1022.0774
33983999 -21.5907415 1022.8931
34007999 -19.599974 1023.8502
34031999 -14.1637005 1024.4788
34055999 -3.017674 1025.2946
34079999 6.631682 1022.9146
34103999 -16.796255 1022.9275
34127999 -15.6827501 1022.6949
34151999 -15.9033959 1023.2714
34175999 -19.00957926 1023.7772
34199999 -20.49826634 1024.0941
34223999 -20.399499652 1024.7205
34247999 -23.38325855 1025.3983
34271999 -24.46566911 1025.1554
34295999 -17.69195587 1025.6953
34319999 -16.1436361 1026.5332
34343999 -17.9487636 1026.7705
34367999 -8.921144 1026.6602
34391999 1.651682 1025.9488
34415999 -6.991283 1025.6522
34439999 -10.4922491 1026.1691
34463999 -14.2769665 1026.7015
34487999 -16.2154706 1026.6418
34511999 -13.9011739 1026.9029
34535999 -13.8381875 1027.3521
34559999 -14.4938802 1027.6198
34583999 -14.5190472 1027.8432
34607999 -13.33396736 1027.9616
34631999 -10.196349 1028.2109
34655999 -8.5292489 1028.3879
34679999 -7.7637387 1027.8451
34703999 -8.2148574 1027.5925
34727999 -10.3893547 1027.7706
34751999 -12.45186078 1027.9839
34775999 -14.3197018 1028.2807
34799999 -16.6931351 1028.4572
34823999 -17.3761265 1028.6292
34847999 -18.2537446 1028.9137
34871999 -18.3059588 1029.2452
34895999 -19.0865907 1029.8229
34919999 -22.0983778 1029.9831
34943999 -16.0535863 1030.0184
34967999 -11.3729324 1030.5748
34991999 -8.8059084 1030.598
35015999 -4.242544 1029.9034
35039999 -6.6859346 1029.6261
35063999 -11.1361152 1029.7597
35087999 -14.9866406 1029.9952
35111999 -16.9386114 1030.2625
35135999 -17.66079933 1030.8629
35159999 -20.37434237 1031.4283
35183999 -18.2062702 1031.537
35207999 -14.5743183 1032.3528
35231999 -17.7330084 1033.1846
35255999 -17.0277082 1038.7355
35279999 -10.9318326 1033.5135
35303999 -20.1681844 1028.1525
35327999 -14.9588613 1033.6556
35351999 -14.9095434 1028.6054
35375999 -31.0114052 1029.3018
35399999 -23.6938283 1033.6787
35423999 -20.2021646 1034.4876
35447999 -24.9052927 1036.1987
35471999 -18.3930184 1038.6388
35495999 -13.0670735 1039.8469
35519999 -15.9259988 1034.3873
35543999 -14.320722 1028.2509
35567999 -15.8396521 1023.1583
35591999 -33.6685192 1024.3222
35615999 -25.3759063 1028.3758
35639999 -27.729382 1028.8028
35663999 -24.3590388 1028.9928
35687999 -24.6950274 1030.5427
35711999 -25.3585782 1033.1751
35735999 -25.5911782 1035.6263
35759999 -19.4310078 1038.1895
35783999 -16.1611625 1039.7646
35807999 -20.1300718 1040.777
35831999 -14.232 1040.5201
35855999 -12.56349 1036.4378
35879999 -18.060572 1031.9671
35903999 -19.5279631 1033.6997
35927999 -20.948851 1035.3982
35951999 -23.8479988 1037.3625
35975999 -25.2631925 1038.9741
35999999 -26.9094249 1039.8254
36023999 -27.3460664 1040.7059
36047999 -32.2346941 1042.4763
36071999 -36.1684681 1045.9156
36095999 -21.7595927 1048.6395
36119999 -13.8359104 1050.146
36143999 -12.946752 1050.9831
36167999 -6.625284 1052.8017
36191999 -12.602411 1053.276
36215999 -15.3905199 1054.0423
36239999 -21.0330122 1055.0498
36263999 -31.9776836 1056.0934
36287999 -27.7405219 1061.9746
36311999 -20.87762954 1063.1415
36335999 -20.46581506 1064.0765
36359999 -26.3306232 1064.3573
36383999 -22.5387072 1070.0464
36407999 -19.248712 1070.3187
36431999 -17.2670379 1070.3602
36455999 -11.5157242 1070.4023
36479999 -4.218355 1070.5588
36503999 -10.826864 1069.9779
36527999 -19.9141585 1070.2166
36551999 -17.51022 1070.5574
36575999 -16.4234122 1071.3095
36599999 -19.9451445 1071.8835
36623999 -22.56621205 1071.5543
36647999 -19.321305 1071.8247
36671999 -20.61363614 1072.4795
36695999 -28.7797565 1072.6978
36719999 -24.78269611 1072.3222
36743999 -20.449868 1073.2791
36767999 -18.7139391 1074.0255
36791999 -17.4503387 1073.3993
36815999 -13.0154409 1073.1531
36839999 -14.8429134 1073.3906
36863999 -19.12619432 1073.4993
36887999 -21.3441561 1073.4252
36911999 -21.3850134 1073.5385
36935999 -20.8449679 1073.9895
36959999 -22.0485341 1074.6172
36983999 -23.451411 1075.018
37007999 -21.981164 1075.2836
37031999 -20.5051478 1075.5696
37055999 -18.7381345 1075.5687
37079999 -15.152690941 1075.5426
37103999 -13.13503104 1075.5494
37127999 -13.14616169 1075.5117
37151999 -15.09710142 1075.5845
37175999 -17.5731686 1075.634
37199999 -17.9442808 1075.808
37223999 -18.251676 1076.1402
37247999 -17.930263 1076.4469
37271999 -17.091575 1076.871
37295999 -18.081941 1077.3096
37319999 -18.3518415 1077.3439
37343999 -15.1510686 1077.6097
37367999 -13.31526487 1078.0814
37391999 -11.6964921 1078.3698
37415999 -8.8167241 1078.4689
37439999 -6.4456256 1078.0462
37463999 -6.4668847 1077.5968
37487999 -9.3392858 1077.6238
37511999 -11.1897052 1077.5819
37535999 -11.00283466 1077.8769
37559999 -13.66433437 1078.2508
37583999 -14.79212245 1078.2736
37607999 -13.92765227 1078.7716
37631999 -16.3938651 1079.4991
37655999 -19.4517651 1080.1872
37679999 -18.0411528 1080.8951
37703999 -13.093875 1081.7122
37727999 -10.528935 1082.4572
37751999 -4.650765 1076.3736
37775999 1.42056 1071.6784
37799999 -4.617799 1066.7782
37823999 -12.1620932 1067.0632
37847999 -13.3595427 1067.5602
37871999 -21.7534824 1068.8157
37895999 -28.8436915 1072.6018
37919999 -24.0799833 1074.5502
37943999 -25.6116421 1076.523
37967999 -34.9957826 1078.2312
37991999 -29.7499191 1082.2555
38015999 -27.2426669 1082.8951
38039999 -24.1086025 1082.5994
38063999 -17.8675398 1082.8113
38087999 -12.409393 1083.2727
38111999 -7.477764 1077.8945
38135999 -9.654054 1072.9952
38159999 -18.011658 1067.4614
38183999 -21.9125364 1067.612
38207999 -20.1000839 1068.7061
38231999 -19.2805251 1070.1063
38255999 -21.6272751 1071.3307
38279999 -32.5179932 1076.5517
38303999 -20.9159361 1077.1009
38327999 -22.4146869 1077.7329
38351999 -23.1283416 1077.6896
38375999 -25.5900645 1078.2857
38399999 -26.256785 1082.5495
38423999 -14.132377 1083.5089
38447999 -12.670815 1079.039
38471999 -17.46492 1075.7666
38495999 -13.379043 1071.2504
38519999 -17.8337274 1066.1221
38543999 -24.6678428 1071.6557
38567999 -17.8590995 1071.8879
38591999 -18.2473653 1072.6915
38615999 -25.4291556 1073.3281
38639999 -27.7151437 1078.37
38663999 -24.5405209 1079.4019
38687999 -32.0943626 1081.103
38711999 -40.1302982 1081.8358
38735999 -20.682979 1082.3536
38759999 -14.5715633 1083.4971
38783999 -14.4946835 1084.3308
38807999 -15.3614513 1078.9556
38831999 -32.6585078 1084.6715
38855999 -12.8817205 1078.902
38879999 -13.88812 1080.5181
38903999 -19.7187627 1082.2674
38927999 -28.9460264 1086.43
38951999 -18.7930439 1088.5324
38975999 -20.4123319 1089.6407
38999999 -17.1572484 1089.6591
39023999 -13.1360935 1090.7334
39047999 -14.9714051 1091.7321
39071999 -18.0840454 1092.3469
39095999 -18.367349 1092.9105
39119999 -19.5896789 1093.3619
39143999 -14.8083298 1093.6774
39167999 -12.1121753 1094.504
39191999 -13.6079909 1095.0157
39215999 -9.1328456 1088.9499
39239999 -8.4261757 1089.8946
39263999 -12.6249899 1090.5663
39287999 -13.8555548 1090.3951
39311999 -13.5152758 1091.1942
39335999 -25.7171244 1091.8468
39359999 -20.8368336 1097.4169
39383999 -25.2554536 1099.466
39407999 -20.3905373 1101.8284
39431999 -22.0147115 1102.408
39455999 -16.3293454 1102.318
39479999 -14.5878536 1103.11
39503999 -18.7102388 1103.2103
39527999 -12.653882 1103.3691
39551999 -11.681463 1098.2429
39575999 -15.077222 1098.7206
39599999 -15.4753124 1100.1598
39623999 -19.4155291 1101.8188
39647999 -22.734759 1102.9349
39671999 -31.123734 1103.5523
39695999 -26.9773388 1108.4704
39719999 -21.4740524 1109.2837
39743999 -22.2358593 1110.1704
39767999 -28.5645901 1111.2841
39791999 -37.6880876 1116.1042
39815999 -18.1073544 1117.723
39839999 -7.386592 1119.331
39863999 -2.234563 1115.3857
39887999 -11.333404 1115.3834
39911999 -11.2209242 1116.5228
39935999 -18.0949816 1117.4158
39959999 -32.4010705 1117.4995
39983999 -34.7303488 1118.2211
40007999 -27.7496802 1120.7257
40031999 -30.269803 1122.2089
40055999 -29.2950408 1125.769
40079999 -21.5375527 1126.5351
40103999 -17.0837955 1126.7931
40127999 -12.6918833 1127.3778
40151999 -15.437908 1128.0012
40175999 -4.970022 1132.8462
40199999 -5.141181 1131.2114
40223999 -22.250062 1132.6594
40247999 -41.7790339 1136.491
40271999 -27.063285 1139.5508
40295999 -24.5561123 1140.6647
40319999 -32.59121165 1140.657
40343999 -23.83817032 1146.3188
40367999 -21.07847059 1146.782
40391999 -20.43920228 1147.0323
40415999 -20.0562084 1147.3612
40439999 -22.8123176 1147.4777
40463999 -18.8559224 1147.225
40487999 -13.21079 1147.7681
40511999 -8.925578 1147.5105
40535999 -22.037047 1146.6137
40559999 -22.2700105 1147.1285
40583999 -25.0822105 1147.3621
40607999 -23.729713 1147.4432
40631999 -25.3902374 1147.9507
40655999 -31.23292957 1147.6254
40679999 -26.37133598 1147.3523
40703999 -23.17286316 1147.6593
40727999 -20.8164609 1148.3304
40751999 -23.4799659 1149.1661
40775999 -25.2349633 1148.7327
40799999 -14.9950539 1149.098
40823999 -11.310757 1149.0373
40847999 -10.372347 1147.6441
40871999 -10.6160952 1147.7441
40895999 -16.3455961 1148.1996
40919999 -19.456777 1148.0946
40943999 -19.9564791 1148.3742
40967999 -21.25742021 1148.6859
40991999 -21.26021135 1149.2744
41015999 -24.40084326 1149.9539
41039999 -23.1889365 1149.8461
41063999 -16.5213829 1150.4943
41087999 -14.7902949 1151.1404
41111999 -13.3400332 1151.3581
41135999 -8.835448 1151.2637
41159999 -3.462648 1150.0073
41183999 -10.106484 1149.0372
41207999 -15.6957095 1149.3452
41231999 -25.5285801 1149.7626
41255999 -33.0623833 1155.5608
41279999 -31.8268506 1157.7901
41303999 -24.25265678 1159.4175
41327999 -29.78964595 1160.3639
41351999 -26.7084941 1165.1976
41375999 -20.961925 1166.2119
41399999 -26.489541 1166.7404
41423999 -20.36472 1172.7018
41447999 -16.752443 1173.7909
41471999 -12.084862 1173.7708
41495999 -10.153777 1170.8596
41519999 -12.597967 1171.4786
41543999 -13.8948399 1172.0938
41567999 -17.0048195 1172.9227
41591999 -36.5092063 1173.8571
41615999 -20.7351301 1178.4447
41639999 -23.3045269 1179.7473
41663999 -32.0055395 1183.0055
41687999 -27.0177951 1184.8963
41711999 -33.6410433 1187.5514
41735999 -24.4947745 1189.0597
41759999 -16.693642 1189.2759
41783999 -10.569511 1190.1335
41807999 -6.954132 1184.762
41831999 -12.362211 1179.6654
41855999 -17.9153666 1180.2721
41879999 -28.3205012 1181.0585
41903999 -32.5655361 1184.2953
41927999 -29.1788685 1185.2824
41951999 -30.1283963 1190.606
41975999 -24.0209087 1191.489
41999999 -31.9263474 1193.6175
42023999 -23.4351074 1196.5143
42047999 -27.0153879 1197.4701
42071999 -22.8185776 1202.8898
42095999 -18.1436383 1203.6309
42119999 -16.605844 1204.3449
42143999 -15.945752 1199.2276
42167999 -17.640674 1194.6746
42191999 -18.415344 1190.0008
42215999 -19.8608399 1184.9568
42239999 -25.526472 1186.4149
42263999 -24.4156822 1189.5242
42287999 -21.4845431 1190.942
42311999 -24.8636116 1192.1347
42335999 -32.3568418 1193.6105
42359999 -23.4626008 1194.8477
42383999 -16.7865291 1195.8748
42407999 -15.2243976 1196.6785
42431999 -16.1474566 1197.093
42455999 -12.2043561 1197.3392
42479999 -8.537529 1198.3016
42503999 -7.302573 1193.0413
42527999 -6.211973 1188.2642
42551999 -8.571805 1183.3998
42575999 -18.3071213 1184.4474
42599999 -16.7522852 1189.8066
42623999 -12.4213102 1190.6423
42647999 -14.0618785 1191.293
42671999 -14.8606106 1191.6421
42695999 -16.0155864 1192.1654
42719999 -18.3072729 1192.3924
42743999 -15.9429328 1192.6524
42767999 -13.4597443 1193.1035
42791999 -7.479262 1193.514
42815999 1.196262 1193.9363
42839999 0.868251999999998 1191.7026
42863999 -4.940004 1191.6122
42887999 -8.9928614 1192.1843
42911999 -13.8008237 1192.2925
42935999 -12.6658008 1192.5891
42959999 -15.1554417 1193.4497
42983999 -24.1284309 1193.7482
43007999 -18.7933357 1193.6172
43031999 -16.5296587 1194.581
43055999 -15.8200646 1195.2572
43079999 -13.7973267 1195.8561
43103999 -12.3183615 1196.4679
43127999 -12.0592177 1197.1242
43151999 -12.661945 1197.4639
43175999 -9.647758 1191.8231
43199999 -11.362419 1186.5917
43223999 -16.846802 1187.2724
43247999 -15.911741 1187.7722
43271999 -17.094727 1182.8098
43295999 -22.9766352 1183.1696
43319999 -17.7852911 1183.4611
43343999 -16.143596 1184.2871
43367999 -17.7267041 1185.2306
43391999 -29.57889 1186.4736
43415999 -21.1708797 1190.3566
43439999 -18.5461631 1191.6534
43463999 -22.5107622 1192.8389
43487999 -30.5490548 1194.203
43511999 -26.2277321 1194.9622
43535999 -19.222898 1196.0143
43559999 -15.985053 1196.3986
43583999 -0.742169000000001 1193.9219
43607999 -11.951966 1195.2856
43631999 -15.4749518 1197.0126
43655999 -19.9236697 1198.1524
43679999 -25.646455 1199.2747
43703999 -31.6042136 1200.8965
43727999 -39.0204977 1203.526
43751999 -23.7662133 1206.8525
43775999 -19.2125885 1208.2041
43799999 -26.2336247 1209.1703
43823999 -19.8247114 1214.1611
43847999 -15.6682896 1215.0718
43871999 -14.897488 1214.8787
43895999 -2.484083 1210.4699
43919999 -9.304615 1206.7445
43943999 -16.152472 1203.8721
43967999 -29.3187304 1205.862
43991999 -28.1506088 1208.523
44015999 -24.0085365 1208.7517
44039999 -21.1521893 1209.3082
44063999 -24.4079198 1209.3468
44087999 -18.3193297 1209.3663
44111999 -17.6600927 1210.2019
44135999 -28.198045 1210.5953
44159999 -21.9227232 1216.1682
44183999 -23.4899221 1217.3058
44207999 -20.815118 1221.2305
44231999 -3.743403 1222.672
44255999 -21.226206 1220.9761
44279999 -23.8204782 1223.4993
44303999 -24.1392468 1225.7438
44327999 -21.7722153 1227.3245
44351999 -25.0870527 1227.8886
44375999 -21.0472063 1227.8655
44399999 -20.4193453 1228.8093
44423999 -36.3380815 1230.589
44447999 -22.2926612 1233.9812
44471999 -34.4339974 1235.06
44495999 -15.4966134 1239.3871
44519999 -9.536742 1240.4216
44543999 -9.470533 1239.7024
44567999 -13.000935 1243.2928
44591999 -24.4512872 1243.7639
44615999 -23.2942319 1249.4126
44639999 -24.0798161 1250.5263
44663999 -27.8439711 1251.6493
44687999 -26.0871357 1252.1234
44711999 -22.7323553 1252.7974
44735999 -23.2370873 1253.3403
44759999 -22.9888391 1253.601
44783999 -23.8638241 1254.2534
44807999 -32.3199027 1254.6258
44831999 -29.1060001 1254.4284
44855999 -19.6066011 1255.4056
44879999 -10.784147 1255.51
44903999 -7.704258 1255.0272
44927999 -11.02842 1255.1578
44951999 -14.8425832 1255.1229
44975999 -14.2233916 1255.4354
44999999 -16.918304 1256.1109
45023999 -22.8942319 1256.5566
45047999 -24.41061359 1256.4608
45071999 -22.57188265 1256.8959
45095999 -20.87822846 1257.2675
45119999 -17.1396368 1257.6084
45143999 -13.2666612 1258.1302
45167999 -12.0109809 1258.7181
45191999 -13.1889297 1258.8771
45215999 -11.333655 1258.1042
45239999 -7.541883 1257.381
45263999 -10.9257801 1257.4156
45287999 -14.1526487 1257.8515
45311999 -15.69013 1258.407
45335999 -16.9609372 1258.8398
45359999 -15.6003004 1258.9488
45383999 -12.3129446 1259.4158
45407999 -12.691236 1259.9942
45431999 -13.7202296 1260.0815
45455999 -10.4510926 1260.3708
45479999 -9.5598356 1260.8534
45503999 -5.700942 1261.1957
45527999 -0.489726000000001 1256.0766
45551999 0.253819 1252.2203
45575999 -12.153383 1252.8791
45599999 -12.1763608 1253.2969
45623999 -15.071782 1254.0381
45647999 -17.733895 1254.1269
45671999 -15.1454437 1254.5856
45695999 -16.7862929 1255.4132
45719999 -20.025373 1255.78
45743999 -17.6336543 1256.4526
45767999 -19.4940069 1257.5777
45791999 -18.1523564 1263.5424
45815999 -10.8837593 1264.5747
45839999 -11.434296 1265.5621
45863999 -10.513877 1259.5053
45887999 -8.9029396 1254.2534
45911999 -14.4854513 1255.2531
45935999 -19.6434282 1261.2567
45959999 -18.2966745 1262.5919
45983999 -23.9454949 1265.2863
46007999 -23.3979327 1268.1899
46031999 -19.0012411 1270.5133
46055999 -19.6400016 1271.6756
46079999 -18.8962926 1271.7662
46103999 -16.1579471 1272.2748
46127999 -16.3488108 1272.6067
46151999 -14.159934 1273.0419
46175999 -15.1472139 1273.8461
46199999 -21.011412 1274.4648
46223999 -25.097076 1275.2033
46247999 -23.537396 1272.1873
46271999 -25.180168 1269.051
46295999 -18.464049 1271.3647
46319999 -20.0899382 1272.6229
46343999 -21.0866426 1272.5065
46367999 -18.2454476 1273.0796
46391999 -20.2761052 1273.5279
46415999 -19.8543518 1273.8126
46439999 -19.6089345 1274.6693
46463999 -21.7164687 1276.1365
46487999 -25.1104703 1277.8433
46511999 -35.2653884 1280.6544
46535999 -18.3808505 1283.4074
46559999 -14.032227 1284.4237
46583999 -13.906813 1278.942
46607999 -10.143361 1272.9651
46631999 -6.980094 1267.9966
46655999 -11.325557 1263.2448
46679999 -25.2772231 1264.1421
46703999 -23.1041744 1269.5798
46727999 -18.4456004 1270.5965
46751999 -18.1318068 1271.3312
46775999 -16.4375721 1271.9769
46799999 -16.8419996 1272.8392
46823999 -21.1436894 1273.7007
46847999 -48.3262367 1273.3342
46871999 -21.5231143 1279.232
46895999 -19.7713365 1280.5903
46919999 -19.0478286 1281.6634
46943999 -13.011881 1282.1881
46967999 0.961659999999998 1277.2989
46991999 -10.186288 1273.2617
47015999 -17.9710613 1273.0612
47039999 -17.0863612 1273.424
47063999 -23.2225458 1273.7231
47087999 -22.4518336 1279.663
47111999 -27.0854748 1280.5934
47135999 -23.8295334 1284.666
47159999 -16.3384373 1285.8998
47183999 -19.2937189 1287.1203
47207999 -28.1974562 1287.3676
47231999 -21.6427644 1288.3939
47255999 -14.832669 1290.9178
47279999 -8.354586 1286.9506
47303999 -15.819883 1284.1491
47327999 -22.295277 1287.6835
47351999 -16.8763197 1290.1911
47375999 -21.0644684 1292.0035
47399999 -28.7450615 1294.3256
47423999 -30.1823048 1296.3457
47447999 -29.0905198 1296.2796
47471999 -26.3336159 1297.1029
47495999 -46.4778482 1302.2846
47519999 -23.4249964 1302.7659
47543999 -25.2734079 1304.2888
47567999 -20.46668 1307.501
47591999 -16.525041 1303.0335
47615999 -12.176784 1301.1863
47639999 -9.062816 1297.5724
47663999 -14.992241 1298.1267
47687999 -16.4716116 1298.4073
47711999 -19.8396335 1299.0688
47735999 -28.475967 1305.0243
47759999 -24.3562791 1305.0418
47783999 -26.9566617 1305.6206
47807999 -25.707411 1305.7059
47831999 -20.7220175 1306.7477
47855999 -20.0727696 1307.9761
47879999 -24.9887009 1308.2653
47903999 -18.901065 1308.1071
47927999 -17.354502 1313.392
47951999 -3.173636 1310.4192
