   5.5206255e+01
   5.4892069e+01
   5.2599927e+01
   4.8897892e+01
   4.5384687e+01
   4.3504285e+01
   4.5857193e+01
   5.2584593e+01
   6.2226433e+01
   7.3001749e+01
   8.2132603e+01
   8.8258461e+01
   8.9825156e+01
   8.6132415e+01
   7.7809453e+01
   6.5173211e+01
   5.2119015e+01
   4.5763293e+01
   5.1795566e+01
   6.6576305e+01
   8.3328068e+01
   9.7994422e+01
   1.1012948e+02
   1.2314394e+02
   1.4440264e+02
   1.8178420e+02
   2.3845344e+02
   3.1350299e+02
   4.0393860e+02
   5.0515368e+02
   6.1208782e+02
   7.1947075e+02
   8.2311215e+02
   9.1857153e+02
   1.0014728e+03
   1.0707140e+03
   1.1249037e+03
   1.1633158e+03
   1.1898820e+03
   1.2078530e+03
   1.2195453e+03
   1.2305451e+03
   1.2446006e+03
   1.2619216e+03
   1.2825164e+03
   1.3030537e+03
   1.3186229e+03
   1.3262076e+03
   1.3207653e+03
   1.2985273e+03
   1.2591821e+03
   1.2015890e+03
   1.1268955e+03
   1.0386630e+03
   9.4023294e+02
   8.3653494e+02
   7.3281034e+02
   6.3389571e+02
   5.4450692e+02
   4.6763001e+02
   4.0447139e+02
   3.5424667e+02
   3.1383742e+02
   2.7942440e+02
   2.4778030e+02
   2.1669686e+02
   1.8588716e+02
   1.5681645e+02
   1.3164050e+02
   1.1306417e+02
   1.0302362e+02
   1.0017845e+02
   1.0058625e+02
   1.0084138e+02
   9.8964118e+01
   9.4202831e+01
   8.7578133e+01
   8.1049082e+01
   7.6741511e+01
   7.6428205e+01
   7.9857853e+01
   8.5007854e+01
   8.9934410e+01
   9.2886955e+01
   9.2870937e+01
   8.9987477e+01
   8.4324308e+01
   7.6627793e+01
   6.8190797e+01
   6.0377945e+01
   5.4549487e+01
   5.1231909e+01
   5.0507869e+01
   5.1559254e+01
   5.2795661e+01
   5.3918131e+01
   5.4417434e+01
   5.3749627e+01
   5.2682218e+01
   5.0801589e+01
   4.8246561e+01
   4.5763199e+01
   4.3436359e+01
   4.2062577e+01
   4.2119884e+01
   4.3703608e+01
   4.6957470e+01
   5.1324024e+01
   5.5812771e+01
   5.9618377e+01
   6.2280498e+01
   6.3413062e+01
   6.2718338e+01
   6.0398159e+01
   5.6972875e+01
   5.3070986e+01
   4.9248257e+01
   4.6029859e+01
   4.3778466e+01
   4.2125362e+01
   4.0401299e+01
   3.8223194e+01
   3.4869002e+01
   2.9749132e+01
   2.3390916e+01
   1.6075703e+01
   8.2511260e+00
   5.4422035e+00
   1.1742474e+01
   1.8671159e+01
   2.4266023e+01
   2.8035797e+01
   2.9410955e+01
   2.8435357e+01
   2.5254192e+01
   2.0169034e+01
   1.3755210e+01
   6.4711328e+00
   2.8698621e+00
   9.2230372e+00
   1.5415220e+01
   2.0234595e+01
   2.3369522e+01
   2.4485092e+01
   2.3906943e+01
   2.2013363e+01
   1.9483952e+01
   1.7781787e+01
   1.8061037e+01
   2.0462933e+01
   2.4145626e+01
   2.7850613e+01
   3.0753362e+01
   3.2506462e+01
   3.2800861e+01
   3.1800579e+01
   2.9904718e+01
   2.7701898e+01
   2.6122280e+01
   2.5827014e+01
   2.6885474e+01
   2.8972449e+01
   3.1459057e+01
   3.3544024e+01
   3.4746839e+01
   3.4868488e+01
   3.3875997e+01
   3.1925571e+01
   2.9183700e+01
   2.6208084e+01
   2.3648153e+01
   2.1868428e+01
   2.1282488e+01
   2.1966362e+01
   2.3345932e+01
   2.4691224e+01
   2.5691542e+01
   2.6308397e+01
   2.6209705e+01
   2.5280356e+01
   2.3757169e+01
   2.1760390e+01
   1.9479557e+01
   1.7205312e+01
   1.5475554e+01
   1.4752072e+01
   1.5092880e+01
   1.6310028e+01
   1.7841729e+01
   1.9207035e+01
   2.0337120e+01
   2.0767349e+01
   2.0323043e+01
   1.9322987e+01
   1.7628602e+01
   1.5371169e+01
   1.3022659e+01
   1.0904684e+01
   9.4370157e+00
   9.0029363e+00
   9.6058189e+00
   1.0741196e+01
   1.1746775e+01
   1.2534113e+01
   1.2997563e+01
   1.2897680e+01
   1.2509685e+01
   1.1811765e+01
   1.0950031e+01
   9.9945504e+00
   8.8216072e+00
   7.7704186e+00
   6.9607507e+00
   6.7194256e+00
   7.4509281e+00
   9.0136807e+00
   1.1071850e+01
   1.3293925e+01
   1.5369095e+01
   1.7042794e+01
   1.8142509e+01
   1.8590320e+01
   1.8329242e+01
   1.7516541e+01
   1.6262662e+01
   1.4826521e+01
   1.3636954e+01
   1.3005981e+01
   1.3221748e+01
   1.4140281e+01
   1.5268666e+01
   1.6244418e+01
   1.6773280e+01
   1.6811860e+01
   1.6248447e+01
   1.4974379e+01
   1.3219946e+01
   1.1197384e+01
   9.3754655e+00
   8.2030793e+00
   7.9003172e+00
   8.4080758e+00
   9.2706666e+00
   1.0131808e+01
   1.0633961e+01
   1.0502522e+01
   9.9406581e+00
   8.8850931e+00
   7.5839694e+00
   6.0217238e+00
   4.2748128e+00
   2.8402599e+00
   1.3046138e+00
   5.8164415e-01
   1.3473306e+00
   2.2865654e+00
   2.8304759e+00
   3.4857008e+00
   4.0766967e+00
   4.6408185e+00
   5.1614481e+00
   5.5397391e+00
   5.7598235e+00
   5.7217574e+00
   5.3897660e+00
   4.7924917e+00
   3.9221847e+00
   2.8094046e+00
   1.6643235e+00
   8.6479432e-01
   1.6158544e+00
   2.7960571e+00
   3.9498976e+00
   5.0069030e+00
   5.6818643e+00
   6.1123874e+00
   6.3150479e+00
   6.0977383e+00
   5.5656685e+00
   4.7749807e+00
   3.8659038e+00
   2.7501323e+00
   1.6505239e+00
   1.2431059e+00
   2.0516385e+00
   3.2489562e+00
   4.4653912e+00
   5.3432004e+00
   6.0520967e+00
   6.4488961e+00
   6.5169738e+00
   6.3284167e+00
   5.7025285e+00
   4.8417085e+00
   3.7269255e+00
   2.5628662e+00
   1.8096950e+00
   2.0532605e+00
   2.9917172e+00
   3.9215189e+00
   4.7889630e+00
   5.4631857e+00
   5.7346539e+00
   5.7896706e+00
   5.4813713e+00
   4.8813916e+00
   4.1377597e+00
   3.2328290e+00
   2.2264332e+00
   1.1125982e+00
   2.4830643e-01
   9.3019602e-01
   1.8227087e+00
   2.6055077e+00
   3.3467426e+00
   4.0046561e+00
   4.4510232e+00
   4.7249791e+00
   4.9860609e+00
   5.0181702e+00
   4.8433029e+00
   4.3879437e+00
   3.6513893e+00
   2.8750824e+00
   1.9190503e+00
   7.6942441e-01
   7.3020441e-01
   1.7980545e+00
   2.9237743e+00
   3.9278280e+00
   4.5933424e+00
   4.9845571e+00
   5.1397946e+00
   5.0180212e+00
   4.5449547e+00
   3.8685546e+00
   3.0510380e+00
   1.9991995e+00
   1.0026711e+00
   8.3079645e-01
   1.7300491e+00
   2.7110913e+00
   3.4974477e+00
   4.0618959e+00
   4.4705889e+00
   4.6889673e+00
   4.6939312e+00
   4.3528182e+00
   3.8935547e+00
   3.2855071e+00
   2.4169019e+00
   1.6584116e+00
   8.2516129e-01
   5.7424687e-01
   1.3977273e+00
   2.2587610e+00
   3.0346120e+00
   3.8064023e+00
   4.2919248e+00
   4.5441065e+00
   4.6250132e+00
   4.5419353e+00
   4.2255204e+00
   3.5531630e+00
   2.7380028e+00
   1.8809731e+00
   9.7601775e-01
   5.9962988e-01
   1.3320732e+00
   2.2642107e+00
   3.0015735e+00
   3.5728337e+00
   3.9622399e+00
   4.1485441e+00
   4.2097641e+00
   3.9914036e+00
   3.5716072e+00
   2.9657727e+00
   2.3284326e+00
   1.5457807e+00
   7.6321109e-01
   9.2842869e-02
   9.1845824e-01
   1.6706407e+00
   2.3294630e+00
   2.9855521e+00
   3.5605797e+00
   3.8681075e+00
   3.9901993e+00
   4.0321308e+00
   3.7510511e+00
   3.3752589e+00
   2.8177597e+00
   2.0266790e+00
   1.1747926e+00
   5.9840755e-01
   1.1488095e+00
   2.0767788e+00
   2.8592517e+00
   3.5003300e+00
   3.9992720e+00
   4.3968909e+00
   4.4456105e+00
   4.4035347e+00
   4.1386754e+00
   3.4808341e+00
   2.9117647e+00
   2.1676861e+00
   1.5114799e+00
   1.4007146e+00
   1.7914870e+00
   2.4675075e+00
   3.2670543e+00
   3.7296686e+00
   4.1095098e+00
   4.3310950e+00
   4.3493958e+00
   4.2215472e+00
   3.7379577e+00
   3.1677230e+00
   2.5648479e+00
   1.8079662e+00
   1.1012413e+00
   1.0859030e+00
   1.7754688e+00
   2.5899830e+00
   3.3323559e+00
   3.9879003e+00
   4.4017289e+00
   4.6202205e+00
   4.5914134e+00
   4.3660915e+00
   3.9018516e+00
   3.1907016e+00
   2.5012505e+00
   1.8350701e+00
   1.4138257e+00
   1.6497084e+00
   2.2595967e+00
   2.9609232e+00
   3.6270186e+00
   4.1088487e+00
   4.3384743e+00
   4.3422242e+00
   4.2219813e+00
   3.8264687e+00
   3.2229774e+00
   2.5810931e+00
   1.8262384e+00
   1.1667894e+00
   1.0683856e+00
   1.5475704e+00
   2.2659992e+00
   2.9457299e+00
   3.3478072e+00
   3.7203011e+00
   3.8546753e+00
   3.7175747e+00
   3.4823959e+00
   3.0236331e+00
   2.4207187e+00
   1.7026058e+00
   1.0004886e+00
   4.1330240e-01
   8.0200196e-01
   1.4375498e+00
   2.0950753e+00
   2.6210606e+00
   3.0497974e+00
   3.2731186e+00
   3.2748481e+00
   3.1387369e+00
   2.8220626e+00
   2.4372698e+00
   1.8412802e+00
   1.1026875e+00
   5.6155267e-01
   1.6749966e-01
   8.6218607e-01
   1.4893800e+00
   1.9174042e+00
   2.3438349e+00
   2.5824478e+00
   2.6805709e+00
   2.7456897e+00
   2.6490081e+00
   2.3796906e+00
   2.0481999e+00
   1.6117090e+00
   1.2009406e+00
   7.4228416e-01
   6.3366235e-01
   8.0276079e-01
   1.1799180e+00
   1.5730785e+00
   1.8020028e+00
   1.9707436e+00
   2.0486325e+00
   2.1742064e+00
   2.1297321e+00
   2.0263327e+00
   1.7911504e+00
   1.5455670e+00
   1.2025398e+00
   1.0264781e+00
   9.1786497e-01
   9.1864450e-01
   1.0940506e+00
   1.3056975e+00
   1.5117905e+00
   1.5343121e+00
   1.6658417e+00
   1.6218849e+00
   1.6680336e+00
   1.6231971e+00
   1.5209115e+00
   1.4986113e+00
   1.5000793e+00
   1.4716412e+00
   1.4493239e+00
   1.3797931e+00
   1.2382887e+00
   1.2030766e+00
   1.0890106e+00
   9.8570462e-01
   1.0032859e+00
   1.0645352e+00
   1.3325039e+00
   1.6138522e+00
   1.8089859e+00
   1.9841852e+00
   2.1091671e+00
   2.1943829e+00
   2.0887833e+00
   1.8570241e+00
   1.5220045e+00
   1.0552760e+00
   5.3959009e-01
   1.3390014e-02
   6.2113474e-01
   1.2675730e+00
   1.8450473e+00
   2.3030962e+00
   2.5657293e+00
   2.8689262e+00
   2.9322706e+00
   2.6844338e+00
   2.4902904e+00
   2.1481092e+00
   1.6028761e+00
   1.0370633e+00
   7.2835422e-01
   1.0228376e+00
   1.6267736e+00
   2.2495449e+00
   2.7714307e+00
   3.2030417e+00
   3.4668536e+00
   3.4776983e+00
   3.3844432e+00
   3.1468665e+00
   2.6875857e+00
   2.0425829e+00
   1.4342565e+00
   1.0582278e+00
   1.1429403e+00
   1.6669829e+00
   2.3301001e+00
   2.8609397e+00
   3.3444510e+00
   3.6965109e+00
   3.7777998e+00
   3.8090405e+00
   3.5722101e+00
   3.1089832e+00
   2.6417714e+00
   2.0676486e+00
   1.5117010e+00
   1.2580206e+00
   1.4776320e+00
   1.9717353e+00
   2.4958126e+00
   2.9363887e+00
   3.3428353e+00
   3.6122802e+00
   3.5651189e+00
   3.4213176e+00
   3.1691292e+00
   2.7319942e+00
   2.2136281e+00
   1.6504319e+00
   1.2719180e+00
   1.3247441e+00
   1.7321521e+00
   2.2487797e+00
   2.8070171e+00
   3.3003934e+00
   3.5731007e+00
   3.7423333e+00
   3.7288683e+00
   3.4733662e+00
   3.2094390e+00
   2.7414220e+00
   2.2241291e+00
   1.7295352e+00
   1.3125503e+00
   1.3834833e+00
   1.8234558e+00
   2.3189311e+00
   2.8721090e+00
   3.2098322e+00
   3.4585924e+00
   3.5898482e+00
   3.5079802e+00
   3.3458183e+00
   2.8637868e+00
   2.4011976e+00
   1.8557145e+00
   1.3023958e+00
   1.1612996e+00
   1.3828310e+00
   1.7366353e+00
   2.2069484e+00
   2.6361663e+00
   3.0362243e+00
   3.1878103e+00
   3.1824959e+00
   3.1089750e+00
   2.7332956e+00
   2.4057885e+00
   1.8909368e+00
   1.2802301e+00
   8.7005641e-01
   7.7987733e-01
   1.1593983e+00
   1.7065810e+00
   2.1252332e+00
   2.4994846e+00
   2.7161888e+00
   2.7780630e+00
   2.8010795e+00
   2.6173442e+00
   2.2838957e+00
   1.8410378e+00
   1.3248638e+00
   7.9708616e-01
   4.0632972e-01
   6.1938739e-01
   1.0546881e+00
   1.5383350e+00
   1.9598263e+00
   2.2137089e+00
   2.3499210e+00
   2.3254286e+00
   2.2323812e+00
   2.0155292e+00
   1.7265959e+00
   1.3141004e+00
   7.8644875e-01
   2.8386863e-01
   2.9314939e-01
   7.0179774e-01
   1.0425484e+00
   1.4459578e+00
   1.7032645e+00
   1.8719640e+00
   1.8951046e+00
   1.8385803e+00
   1.6573565e+00
   1.3708824e+00
   1.0800389e+00
   7.6416368e-01
   4.8338611e-01
   5.2011761e-01
   7.2673858e-01
   8.8607783e-01
   1.1023986e+00
   1.2435878e+00
   1.2642166e+00
   1.2964892e+00
   1.2606474e+00
   1.1494390e+00
   1.1179563e+00
   1.0766133e+00
   1.1090773e+00
   1.1121684e+00
   1.1739524e+00
   1.1924614e+00
   1.1446100e+00
   1.1194835e+00
   9.5101889e-01
   7.4912816e-01
   4.8587061e-01
   4.4411080e-01
   6.4703652e-01
   9.8302583e-01
   1.3788958e+00
   1.6076589e+00
   1.7804923e+00
   1.9941642e+00
   2.0168986e+00
   1.8784536e+00
   1.8133018e+00
   1.5927881e+00
   1.1951462e+00
   7.3152833e-01
   2.8351582e-01
   4.4490862e-01
   9.8658136e-01
   1.4909442e+00
   1.8302094e+00
   2.2020482e+00
   2.4139747e+00
   2.4238924e+00
   2.4064238e+00
   2.2745197e+00
   1.9413259e+00
   1.5312383e+00
   1.0767274e+00
   6.8299114e-01
   7.3331949e-01
   1.1526217e+00
   1.6288281e+00
   2.1320000e+00
   2.4856744e+00
   2.6243202e+00
   2.7151613e+00
   2.6575222e+00
   2.4510492e+00
   2.1452324e+00
   1.7620639e+00
   1.2700038e+00
   7.9704596e-01
   6.3896655e-01
   9.2045736e-01
   1.3182855e+00
   1.8255288e+00
   2.1913660e+00
   2.3917041e+00
   2.5832711e+00
   2.5483222e+00
   2.4642009e+00
   2.2446238e+00
   1.8618597e+00
   1.4600791e+00
   9.5443824e-01
   5.9765402e-01
   7.1809942e-01
   1.1473208e+00
   1.5940091e+00
   2.0004114e+00
   2.3064330e+00
   2.5217713e+00
   2.6400697e+00
   2.6301152e+00
   2.4227217e+00
   2.1646367e+00
   1.8359015e+00
   1.3598055e+00
   1.0126751e+00
   9.0242681e-01
   1.0735463e+00
   1.4656260e+00
   1.9321696e+00
   2.2714979e+00
   2.5589136e+00
   2.6725455e+00
   2.6753443e+00
   2.6486997e+00
   2.3707986e+00
   1.9622173e+00
   1.5703154e+00
   1.1714083e+00
   8.4835407e-01
   8.5995356e-01
   1.1959570e+00
   1.5874756e+00
   1.9640961e+00
   2.3060784e+00
   2.4992005e+00
   2.5941898e+00
   2.5476984e+00
   2.3320276e+00
   2.0170060e+00
   1.6383066e+00
   1.1884619e+00
   7.3249760e-01
   5.6813509e-01
   8.6043758e-01
   1.2534447e+00
   1.5682184e+00
   1.8827510e+00
   2.1298710e+00
   2.1344949e+00
   2.0320682e+00
   1.9644095e+00
   1.6798502e+00
   1.3377236e+00
   9.7651130e-01
   5.2379367e-01
   2.6499950e-01
   5.8575699e-01
   9.5636846e-01
   1.2656985e+00
   1.5793574e+00
   1.8015280e+00
   1.8565223e+00
   1.8221363e+00
   1.7300857e+00
   1.5174693e+00
   1.1982667e+00
   8.3319270e-01
   4.5949341e-01
   2.0175529e-02
   3.9613147e-01
   7.2728988e-01
   9.9554481e-01
   1.1757163e+00
   1.3739630e+00
   1.3751272e+00
   1.4541380e+00
   1.3592928e+00
   1.1198025e+00
   9.8172788e-01
   6.8972530e-01
   4.7759561e-01
   3.9999899e-01
   6.0517193e-01
   7.2283125e-01
   1.0354877e+00
   1.1767916e+00
   1.2570184e+00
   1.3346360e+00
   1.2446007e+00
   1.1503138e+00
   1.0211936e+00
   7.7915602e-01
   6.1762349e-01
   5.0727520e-01
   5.5745876e-01
   7.6894282e-01
   9.1949082e-01
   1.0490754e+00
   1.1074301e+00
   1.1144748e+00
   1.0353297e+00
   9.1655379e-01
   7.5903250e-01
   5.7146356e-01
   4.4943739e-01
   5.7604291e-01
   7.9097413e-01
   1.0344785e+00
   1.2625232e+00
   1.4192795e+00
   1.5080612e+00
   1.4153201e+00
   1.3171645e+00
   1.0941794e+00
   7.6012606e-01
   5.1553781e-01
   1.2788121e-01
   2.8953196e-01
   6.8083776e-01
   1.0909122e+00
   1.2939739e+00
   1.5525466e+00
   1.6748322e+00
   1.6986581e+00
   1.6501711e+00
   1.4377513e+00
   1.2216106e+00
   9.1941961e-01
   5.7703352e-01
   2.1563879e-01
   3.2447933e-01
   7.3718174e-01
   1.0632650e+00
   1.3992621e+00
   1.6987486e+00
   1.7965194e+00
   1.8127474e+00
   1.7621270e+00
   1.6614331e+00
   1.4853778e+00
   1.1677442e+00
   7.7251192e-01
   4.5101609e-01
   4.0808797e-01
   6.8809486e-01
   1.0074611e+00
   1.4542096e+00
   1.7297907e+00
   1.8892497e+00
   2.0482586e+00
   2.0774910e+00
   1.9996570e+00
   1.7247586e+00
   1.4554161e+00
   1.1731204e+00
   7.8980252e-01
   5.4274059e-01
   6.4233175e-01
   9.7743976e-01
   1.3225740e+00
   1.6367589e+00
   1.9050616e+00
   2.0311816e+00
   2.0801573e+00
   2.0736653e+00
   1.8930097e+00
   1.6253282e+00
   1.3696067e+00
   1.0423349e+00
   6.9255640e-01
   5.9253602e-01
   8.1439377e-01
   1.1535017e+00
   1.5268913e+00
   1.8021406e+00
   2.0354664e+00
   2.1808724e+00
   2.1606051e+00
   2.0915674e+00
   1.8550724e+00
   1.5804073e+00
   1.2891111e+00
   9.2757763e-01
   7.5722444e-01
   8.7612553e-01
   1.1484222e+00
   1.5040736e+00
   1.8276758e+00
   2.0698297e+00
   2.2440248e+00
   2.2327405e+00
   2.1576770e+00
   2.0341987e+00
   1.7741751e+00
   1.4012950e+00
   1.0079032e+00
   7.2210331e-01
   6.1826401e-01
   7.8268912e-01
   1.1307214e+00
   1.4877997e+00
   1.6997565e+00
   1.8980802e+00
   1.9292048e+00
   1.8677840e+00
   1.8216819e+00
   1.5335246e+00
   1.2173103e+00
   9.3498271e-01
   5.8833403e-01
   3.2292367e-01
   4.1163993e-01
   7.0043740e-01
   1.0438048e+00
   1.3051702e+00
   1.4360077e+00
   1.5376556e+00
   1.6038104e+00
   1.5626314e+00
   1.4570798e+00
   1.2535436e+00
   9.7083381e-01
   6.7838416e-01
   3.2124287e-01
   1.1160734e-01
   2.5074556e-01
   6.3095714e-01
   8.1076238e-01
   9.9883545e-01
   1.1507000e+00
   1.2056238e+00
   1.2448203e+00
   1.1488975e+00
   1.0172934e+00
   8.8830143e-01
   6.5616249e-01
   5.4957629e-01
   4.5497845e-01
   4.2511144e-01
   6.1488916e-01
   7.9680462e-01
   8.3693949e-01
   9.1487307e-01
   9.7702860e-01
   9.3971816e-01
   8.8177641e-01
   7.8150056e-01
   7.2132613e-01
   6.4108263e-01
   6.9963719e-01
   7.1636630e-01
   7.5047725e-01
   7.8208580e-01
   8.0589813e-01
   7.7453141e-01
   7.3531602e-01
   6.3109208e-01
   5.5464063e-01
   4.1682886e-01
   5.3760627e-01
   6.8954667e-01
   7.5341107e-01
   1.0005414e+00
   1.0904972e+00
   1.1403547e+00
   1.1768266e+00
   1.1612981e+00
   1.0085373e+00
   8.0104166e-01
   6.1366377e-01
   3.9861926e-01
   1.6758986e-01
   2.6537854e-01
   5.4283080e-01
   8.1679915e-01
   9.6627009e-01
   1.1522095e+00
   1.2501342e+00
   1.3012838e+00
   1.2755614e+00
   1.1119875e+00
   9.6350390e-01
   6.7385641e-01
   3.5067710e-01
   4.4728027e-02
   3.0998826e-01
   6.0374229e-01
   9.6216725e-01
   1.1906631e+00
   1.4054444e+00
   1.5353875e+00
   1.5601404e+00
   1.5157494e+00
   1.3844545e+00
   1.1998055e+00
   8.8676168e-01
   6.0403639e-01
   4.0780211e-01
   4.8571345e-01
   7.6976281e-01
   1.1147498e+00
   1.3698103e+00
   1.6151866e+00
   1.7874059e+00
   1.7929841e+00
   1.8438770e+00
   1.7023273e+00
   1.4189274e+00
   1.2209362e+00
   9.1124895e-01
   6.5215932e-01
   6.1647161e-01
   7.8173168e-01
   1.0584600e+00
   1.3486797e+00
   1.6120535e+00
   1.8748899e+00
   1.9573010e+00
   1.9758652e+00
   1.9181391e+00
   1.7565186e+00
   1.5605299e+00
   1.2656742e+00
   9.7997838e-01
   7.4723494e-01
   7.1461948e-01
   9.2709877e-01
   1.1929175e+00
   1.5146871e+00
   1.7776905e+00
   1.8953573e+00
   2.0294248e+00
   1.9953060e+00
   1.9095377e+00
   1.7307223e+00
   1.3854915e+00
   1.0755775e+00
   7.8044403e-01
   6.6691703e-01
   8.0860874e-01
   1.0150852e+00
   1.3267192e+00
   1.6192256e+00
   1.7273694e+00
   1.8363253e+00
   1.8090714e+00
   1.7432271e+00
   1.5747013e+00
   1.3122202e+00
   1.0618607e+00
   6.8638125e-01
   4.1188154e-01
   4.0766463e-01
   6.3624156e-01
   9.2488651e-01
   1.2249686e+00
   1.3967804e+00
   1.5193929e+00
   1.5587811e+00
   1.5554093e+00
   1.4188990e+00
   1.2379362e+00
   1.0871514e+00
   8.0973674e-01
   5.0496181e-01
   2.1132550e-01
   2.1577866e-01
   5.1804456e-01
   8.5056947e-01
   1.0280311e+00
   1.1804952e+00
   1.2812267e+00
   1.3320358e+00
   1.2802306e+00
   1.1549527e+00
   1.0096249e+00
   7.6698777e-01
   5.2355399e-01
   2.2320883e-01
   7.2446276e-02
   3.4504732e-01
   6.4953212e-01
   8.6760303e-01
   1.0535270e+00
   1.1252397e+00
   1.0847595e+00
   1.0440634e+00
   1.0024096e+00
   8.8225008e-01
   6.2463896e-01
   5.3631168e-01
   4.0869793e-01
   3.7558684e-01
   5.0356020e-01
   5.8511615e-01
   6.9859854e-01
   7.8601596e-01
   8.0294336e-01
   7.2565626e-01
   7.2819316e-01
   6.7948396e-01
   6.5054278e-01
   6.1273848e-01
   5.9211777e-01
   6.0024821e-01
   6.8882653e-01
   7.1460349e-01
   6.8477389e-01
   6.9704586e-01
   6.2667196e-01
   6.3317829e-01
   5.6174366e-01
   5.7944414e-01
   5.6473070e-01
   5.4154840e-01
   5.7198004e-01
   6.5185448e-01
   7.0514406e-01
   6.9511703e-01
   7.3804889e-01
   7.0782210e-01
   6.5507564e-01
   6.3567430e-01
   5.5790486e-01
   4.3910323e-01
   3.9276731e-01
   4.0932104e-01
   4.1223790e-01
   5.7205472e-01
   7.0784711e-01
   7.4789760e-01
   8.6187201e-01
   8.7606101e-01
   9.6210287e-01
   9.3841959e-01
   8.5360536e-01
   7.2182018e-01
   5.7793027e-01
   4.7158048e-01
   1.9426971e-01
   2.3132827e-01
   3.3413083e-01
   5.9999598e-01
   7.6841414e-01
   9.6108756e-01
   1.0457697e+00
   1.1455442e+00
   1.1826071e+00
   1.1515888e+00
   1.0239034e+00
   8.1469794e-01
   6.6676444e-01
   3.8099579e-01
   1.2857035e-01
   1.9605021e-01
   5.0223871e-01
   7.1240481e-01
   9.2778585e-01
   1.1272544e+00
   1.3272516e+00
   1.3604580e+00
   1.3025346e+00
   1.2472032e+00
   1.0797895e+00
   8.6444320e-01
   5.9880522e-01
   3.4701920e-01
   3.0327048e-01
   5.5445702e-01
   8.2038014e-01
   1.0028682e+00
   1.2227027e+00
   1.3683485e+00
   1.3869808e+00
   1.4058328e+00
   1.2716509e+00
   1.0521539e+00
   8.5111944e-01
   5.7348978e-01
   3.2175218e-01
   3.0514826e-01
   5.5572532e-01
   8.5490687e-01
   1.1097169e+00
   1.3190257e+00
   1.4657068e+00
   1.5091938e+00
   1.4613906e+00
   1.2801276e+00
   1.0999380e+00
   9.0356784e-01
   5.9406912e-01
   3.3684136e-01
   3.5028969e-01
   5.5560390e-01
   8.6744365e-01
   1.1626930e+00
   1.2973970e+00
   1.4174810e+00
   1.4519363e+00
   1.4327840e+00
   1.3585451e+00
   1.1535196e+00
   9.4610609e-01
   7.2384817e-01
   5.1275834e-01
   4.0538781e-01
   5.0864752e-01
   7.4053377e-01
   9.9101856e-01
   1.1279799e+00
   1.2630011e+00
   1.3747084e+00
   1.3670700e+00
   1.2836080e+00
   1.1864521e+00
   1.0463165e+00
   7.8702463e-01
   5.3205698e-01
   3.0136898e-01
   2.7508192e-01
   4.7511982e-01
   7.6911762e-01
   9.6922410e-01
   1.1014014e+00
   1.2410380e+00
   1.2684694e+00
   1.2587847e+00
   1.1461390e+00
   9.8271292e-01
   8.2236199e-01
   5.3158312e-01
   2.6581605e-01
   4.2880713e-02
   1.9581150e-01
   4.0831037e-01
   6.3008951e-01
   8.1892400e-01
   9.3331224e-01
   9.6228886e-01
   9.4632573e-01
   8.4015233e-01
   7.8049781e-01
   7.1067265e-01
   5.3447073e-01
   4.2188773e-01
   3.0541996e-01
   3.8144242e-01
   4.2076614e-01
   4.9223273e-01
   5.6756090e-01
   6.3528684e-01
   6.5620547e-01
   6.8635278e-01
   6.3566743e-01
   5.7318321e-01
   5.6330314e-01
   4.7447524e-01
   4.5187719e-01
   4.3526618e-01
   5.3466839e-01
   5.1524611e-01
   5.4413691e-01
   5.5782406e-01
   6.3188814e-01
   6.2919624e-01
   5.1629487e-01
   5.8850331e-01
   5.3623977e-01
   5.2048335e-01
   5.3144671e-01
   5.0996115e-01
   6.0570163e-01
   6.1000361e-01
   6.0578346e-01
   6.4897032e-01
   5.8793063e-01
   6.2630337e-01
   5.4486868e-01
   4.7726579e-01
   4.6373666e-01
   4.2067285e-01
   4.6359610e-01
   5.5353638e-01
   6.3672575e-01
   6.9477427e-01
   7.2857303e-01
   7.2770455e-01
   7.2113843e-01
   6.2354708e-01
   5.8274355e-01
   4.0452877e-01
   3.3033586e-01
   2.5878552e-01
   2.6564817e-01
   3.9294210e-01
   5.6758068e-01
   7.1772497e-01
   8.1443741e-01
   8.9482476e-01
   9.0048477e-01
   9.2440382e-01
   8.7075674e-01
   7.5549512e-01
   6.5400127e-01
   4.8607190e-01
   1.8415358e-01
   6.5208053e-02
   2.0977168e-01
   4.9104692e-01
   6.6706818e-01
   8.9994642e-01
   9.8898161e-01
   1.0411861e+00
   1.1017402e+00
   1.0538349e+00
   9.9090015e-01
   8.6126882e-01
   6.5309051e-01
   3.5953988e-01
   1.0848048e-01
   1.3420157e-01
   4.0285080e-01
   6.7584680e-01
   8.2376833e-01
   9.3885915e-01
   1.1165464e+00
   1.1166369e+00
   1.1377431e+00
   1.1484870e+00
   9.9741474e-01
   8.0754667e-01
   5.9861318e-01
   3.8787696e-01
   1.6179849e-01
   1.5380195e-01
   3.6797347e-01
   5.5271638e-01
   7.6783178e-01
   9.6084295e-01
   1.0660599e+00
   1.1182273e+00
   1.0903084e+00
   1.0033036e+00
   8.9250019e-01
   7.6113612e-01
   5.6679995e-01
   3.4032376e-01
   1.8598315e-01
   3.3158527e-01
   5.2736430e-01
   7.5941834e-01
   9.3941382e-01
   1.0690384e+00
   1.1256154e+00
   1.1398647e+00
   1.0460658e+00
   9.0829040e-01
   7.6906971e-01
   5.2402454e-01
   3.3648731e-01
   1.3397340e-01
   2.2129656e-01
   4.3196780e-01
   6.5413005e-01
   8.2364856e-01
   9.1686592e-01
   1.0095383e+00
   1.0892906e+00
   9.8185712e-01
   8.9983390e-01
   7.9359254e-01
   5.6229406e-01
   3.9858254e-01
   1.5965974e-01
   4.0652778e-02
   2.9184892e-01
   5.2825109e-01
   6.6180272e-01
   8.9873926e-01
   9.5881842e-01
   9.9781317e-01
   1.0656959e+00
   9.7146432e-01
   8.9157872e-01
   7.1044646e-01
   4.8392346e-01
   2.5561318e-01
   9.2332888e-02
   3.0287298e-01
   5.7250048e-01
   7.7550558e-01
   1.0256989e+00
   1.1535049e+00
   1.1798615e+00
   1.1716036e+00
   1.0492735e+00
   9.4340423e-01
   6.9830266e-01
   4.7030635e-01
   4.7147420e-01
   6.3785589e-01
   8.2990023e-01
   1.1036723e+00
   1.3123887e+00
   1.5022531e+00
   1.6030714e+00
   1.5644610e+00
   1.5364185e+00
   1.3751771e+00
   1.1518299e+00
   9.3134013e-01
   6.4881835e-01
   3.8410284e-01
   2.8320711e-01
   4.2980294e-01
   6.0904581e-01
   7.4515399e-01
   8.7503861e-01
   9.4923942e-01
   9.5769026e-01
   8.7093904e-01
   7.9900530e-01
   6.7510430e-01
   5.1143431e-01
   4.0957107e-01
   4.1776574e-01
   4.2089849e-01
   4.3330707e-01
   5.5014423e-01
   5.6514945e-01
   5.3097641e-01
   5.0434624e-01
   4.8416302e-01
   3.6953555e-01
   3.5312254e-01
   3.0097998e-01
   3.6314056e-01
   4.9223298e-01
   5.8460445e-01
   6.7138959e-01
   7.2355632e-01
   6.8763293e-01
   6.8104406e-01
   6.7499423e-01
   5.8742373e-01
   4.9706184e-01
   3.3637464e-01
   1.6677364e-01
   1.9714336e-01
   3.5122118e-01
   4.9755805e-01
   6.0629223e-01
   7.2116226e-01
   8.0843289e-01
   8.1202835e-01
   7.9686393e-01
   7.2159913e-01
   6.3533591e-01
   4.9054035e-01
   3.2296036e-01
   1.6971392e-01
   9.0418022e-02
   3.1509567e-01
   4.8128003e-01
   6.7779492e-01
   7.8578083e-01
   8.5180090e-01
   9.6738818e-01
   9.6714102e-01
   8.7383314e-01
   7.8920142e-01
   6.9493710e-01
   5.4309224e-01
   3.1833205e-01
   1.4017615e-01
   2.1029065e-01
   4.3022097e-01
   6.2365334e-01
   8.2274805e-01
   9.4124683e-01
   1.0720340e+00
   1.1729310e+00
   1.1051353e+00
   1.0384712e+00
   9.6210098e-01
   7.7034860e-01
   5.6869945e-01
   4.8203790e-01
   6.0681415e-01
   8.5828529e-01
   1.0978871e+00
   1.3623149e+00
   1.5540115e+00
   1.6426899e+00
   1.7598646e+00
   1.7168844e+00
   1.6040714e+00
   1.5027441e+00
   1.2412205e+00
   9.8866452e-01
   9.1762028e-01
   9.7613466e-01
   1.0752784e+00
   1.2312033e+00
   1.4904944e+00
   1.6950379e+00
   1.8313188e+00
   1.7948727e+00
   1.6076563e+00
   1.5227853e+00
   1.3165514e+00
   1.0533370e+00
   8.1114689e-01
   5.1929663e-01
   3.7563083e-01
   4.5738597e-01
   6.0745609e-01
   7.7807804e-01
   9.0276504e-01
   9.7878762e-01
   9.8454183e-01
   9.4419634e-01
   8.7845265e-01
   7.1524059e-01
   5.7663924e-01
   4.0866105e-01
   2.8918817e-01
   1.4376125e-01
   1.2037295e-01
   2.4477668e-01
   4.3306263e-01
   4.9042521e-01
   6.2856468e-01
   7.1707969e-01
   7.5733620e-01
   8.0275765e-01
   8.0814963e-01
   7.8562005e-01
   6.9340984e-01
   5.5609863e-01
   3.8848821e-01
   2.8628278e-01
   1.6118853e-01
   1.4008344e-01
   2.8134280e-01
   4.5200066e-01
   6.0011612e-01
   7.5684885e-01
   7.5341803e-01
   7.6877820e-01
   7.8726330e-01
   7.2928687e-01
   6.7490187e-01
   5.9323201e-01
   4.6244672e-01
   2.6981280e-01
   1.6786326e-01
   2.1589168e-01
   2.7002457e-01
   3.4334480e-01
   4.6875962e-01
   4.9442432e-01
   5.5600118e-01
   6.1804483e-01
   5.8377217e-01
   6.2925242e-01
   5.7825950e-01
   5.3942834e-01
   5.1606535e-01
   4.2189324e-01
   3.9637388e-01
   3.4808613e-01
   3.6530742e-01
   3.4834893e-01
   4.5686491e-01
   4.5212585e-01
   4.6369517e-01
   4.8305529e-01
   4.9389070e-01
   4.7051841e-01
   4.7728252e-01
   4.7547776e-01
   4.6669626e-01
   4.8432864e-01
   4.0352825e-01
   4.4098939e-01
   4.5216112e-01
   3.9496294e-01
   3.3598959e-01
   4.2136939e-01
   4.0858690e-01
   4.1659475e-01
   4.8933163e-01
   5.0005857e-01
   5.5361313e-01
   6.0282254e-01
   6.3902539e-01
   6.1301129e-01
   5.4478159e-01
   4.8318087e-01
   3.7288343e-01
   2.7109619e-01
   1.3665420e-01
   2.3343203e-01
   3.3076258e-01
   5.0760122e-01
   6.3475736e-01
   6.7860882e-01
   7.0625297e-01
   7.7379277e-01
   7.6194077e-01
   6.5006039e-01
   5.3219793e-01
   3.2761228e-01
   1.7514618e-01
   6.7192377e-02
   1.7875240e-01
   3.8245603e-01
   5.7862385e-01
   6.4860722e-01
   8.3696469e-01
   8.5628150e-01
   8.7467296e-01
   8.6221563e-01
   7.2632240e-01
   6.8632027e-01
   5.0113134e-01
   3.1109372e-01
   9.9573234e-02
   1.2726163e-01
   3.1465896e-01
   5.5153000e-01
   6.8641561e-01
   8.3268572e-01
   9.0627789e-01
   9.2973615e-01
   9.4052486e-01
   8.9626650e-01
   7.9576452e-01
   6.3044743e-01
   4.6279869e-01
   2.2778085e-01
   6.2333939e-02
   2.1326452e-01
   4.5101037e-01
   6.5521590e-01
   7.8113842e-01
   8.7635621e-01
   9.1902522e-01
   9.2047299e-01
   9.1182797e-01
   7.8679900e-01
   6.9391814e-01
   5.3663676e-01
   3.3136611e-01
   2.1903826e-01
   2.5498198e-01
   3.5578502e-01
   5.7626203e-01
   7.6458971e-01
   8.5506958e-01
   9.7544281e-01
   9.3668576e-01
   9.3123205e-01
   8.0790189e-01
   6.7107073e-01
   5.8311491e-01
   3.4934096e-01
   2.0799977e-01
   1.1116393e-01
   2.6164593e-01
   4.8427910e-01
   6.5012730e-01
   7.6797904e-01
   8.6719183e-01
   8.9457589e-01
   9.8379429e-01
   8.6818435e-01
   7.3476650e-01
   6.3164644e-01
   4.1778967e-01
   2.9760243e-01
   8.4897531e-02
   1.3865231e-01
   2.8389463e-01
   4.5370258e-01
   6.0777744e-01
   6.5082716e-01
   6.9789840e-01
   7.6773244e-01
   7.2253390e-01
   7.0473583e-01
   5.6531573e-01
   4.0535401e-01
   3.1382853e-01
   1.9081197e-01
   8.4843300e-02
   2.2074290e-01
   3.4607369e-01
   4.4919169e-01
   5.5124366e-01
   5.4436842e-01
   5.9005340e-01
   6.1400921e-01
   5.4994147e-01
   5.4193578e-01
   5.0561156e-01
   4.7468273e-01
   4.1410013e-01
   2.9676815e-01
   2.7360041e-01
   2.7390534e-01
   2.8147905e-01
   3.5251759e-01
   4.2656056e-01
   4.8951275e-01
   5.8550277e-01
   5.5109070e-01
   5.8839414e-01
   5.8334588e-01
   5.7299536e-01
   5.2784848e-01
   4.2545902e-01
   3.4322152e-01
   2.3700135e-01
   1.6185863e-01
   1.9622500e-01
   2.9874163e-01
   4.5337364e-01
   5.9591321e-01
   6.7375703e-01
   7.4941844e-01
   7.3691277e-01
   7.3387284e-01
   6.4769351e-01
   5.4521832e-01
   4.2799970e-01
   2.6591773e-01
   1.1491806e-01
   1.0334302e-01
   2.6882459e-01
   4.4691664e-01
   5.8950947e-01
   6.4973968e-01
   7.0047523e-01
   6.9501895e-01
   6.4974812e-01
   6.4191804e-01
   5.7285127e-01
   4.9432638e-01
   4.0712285e-01
   3.2084940e-01
   2.9207284e-01
   2.4005288e-01
   2.5509808e-01
   2.6757151e-01
   2.6878464e-01
   2.9433457e-01
   3.7242061e-01
   4.3894803e-01
   5.3880901e-01
   6.0029359e-01
   6.6654519e-01
   6.6050952e-01
   7.3044859e-01
   6.8765168e-01
   5.6939413e-01
   4.6016152e-01
   3.1588802e-01
   1.9225425e-01
   4.7655644e-02
   2.1635038e-01
   3.7933511e-01
   4.9666927e-01
   5.7722157e-01
   7.3179162e-01
   7.0844915e-01
   7.1732492e-01
   7.1803295e-01
   6.5000506e-01
   5.4766870e-01
   4.0519710e-01
   2.1469630e-01
   8.6137381e-02
   1.1525505e-01
   2.3200509e-01
   4.3801085e-01
   5.5998081e-01
   6.7907685e-01
   7.5380509e-01
   7.4916907e-01
   7.6518375e-01
   7.0598770e-01
   6.1763386e-01
   5.4971054e-01
   3.5211827e-01
   2.2285144e-01
   4.3275513e-02
   1.7046500e-01
   3.2027981e-01
   4.8822042e-01
   6.1690425e-01
   7.4318620e-01
   7.8110220e-01
   8.1388794e-01
   7.6004530e-01
   6.6276034e-01
   6.0700710e-01
   4.2649679e-01
   2.4618869e-01
   5.8004943e-02
   1.8527432e-01
   3.2351373e-01
   5.0564160e-01
   6.4925172e-01
   7.5234052e-01
   8.5816596e-01
   8.7431829e-01
   8.6438329e-01
   8.3195619e-01
   7.2700761e-01
   6.7769742e-01
   5.3371106e-01
   3.4300299e-01
   2.2401072e-01
   2.4001427e-01
   3.5575901e-01
   4.9212135e-01
   6.3474338e-01
   8.0545410e-01
   8.6365591e-01
   9.3419584e-01
   9.8298838e-01
   9.3489917e-01
   8.8493086e-01
   7.1580406e-01
   5.6834788e-01
   4.1447294e-01
   2.3678480e-01
   2.1691070e-01
   3.4861788e-01
   5.1359659e-01
   6.6496755e-01
   7.5153578e-01
   8.0341182e-01
   7.9315575e-01
   7.7761978e-01
   6.7324638e-01
   5.5789797e-01
   4.4155899e-01
   2.0477061e-01
   1.2712197e-01
   9.8697232e-02
   2.7056896e-01
   3.6259795e-01
   5.0134911e-01
   5.6204068e-01
   5.7515842e-01
   5.7487159e-01
   5.6948960e-01
   5.0570351e-01
   4.0985289e-01
   3.7235948e-01
   3.5135070e-01
   2.9546436e-01
   2.6135794e-01
   3.2759773e-01
   3.5534140e-01
   3.3771862e-01
   3.4884305e-01
   3.8643624e-01
   4.2347633e-01
   4.4366463e-01
   5.0010809e-01
   5.4329003e-01
   5.2604216e-01
   5.0474199e-01
   4.5510746e-01
   3.7474625e-01
   2.9479728e-01
   2.7529007e-01
   1.7819502e-01
   2.6774518e-01
   2.9153459e-01
   3.6878077e-01
   4.2883891e-01
   4.8968424e-01
   5.2689625e-01
   5.1103240e-01
   5.2621349e-01
   4.9584203e-01
   5.0431120e-01
   3.9579902e-01
   3.7817975e-01
   3.2993254e-01
   2.2181337e-01
   2.0136079e-01
   1.9171260e-01
   2.3343872e-01
   3.6968664e-01
   4.2895948e-01
   4.7665535e-01
   5.9568209e-01
   5.9497251e-01
   6.4685722e-01
   6.7714686e-01
   5.9642177e-01
   5.0214347e-01
   4.7735995e-01
   3.3409231e-01
   1.5168545e-01
   5.7374860e-02
   1.9789631e-01
   3.1758250e-01
   4.4324476e-01
   5.9146274e-01
   5.8216083e-01
   6.5882040e-01
   6.7690219e-01
   5.9217438e-01
   5.6511722e-01
   4.8158834e-01
   3.2583052e-01
   2.3211873e-01
   1.2548654e-01
   1.7588525e-01
   2.8089735e-01
   3.3645504e-01
   4.7894696e-01
   5.1871610e-01
   5.7028696e-01
   6.3051902e-01
   6.1531485e-01
   5.6253165e-01
   4.8965627e-01
   3.8862362e-01
   2.4314161e-01
   1.5545844e-01
   6.4368684e-02
   1.3211559e-01
   3.0909713e-01
   4.4422161e-01
   4.9661419e-01
   6.3001792e-01
   6.8658088e-01
   6.7362894e-01
   6.7384227e-01
   5.8396030e-01
   4.9000751e-01
   3.9777629e-01
   2.7123433e-01
   8.2667744e-02
   9.4708125e-02
