   2.8192670e+01
   2.6813756e+01
   2.6298634e+01
   2.6203749e+01
   2.6083914e+01
   2.6089768e+01
   2.5438358e+01
   2.5081099e+01
   2.5263684e+01
   2.6998668e+01
   2.8156908e+01
   2.8291009e+01
   2.6849117e+01
   2.4856604e+01
   2.5628249e+01
   2.8771258e+01
   3.0509557e+01
   3.0250448e+01
   2.6836998e+01
   2.1876122e+01
   3.0901573e+01
   3.6594816e+01
   3.9815111e+01
   4.1581469e+01
   4.2296761e+01
   4.2189194e+01
   4.1754347e+01
   4.1905113e+01
   4.3168330e+01
   4.4861675e+01
   4.6217768e+01
   4.6986222e+01
   4.7234182e+01
   4.7167210e+01
   4.7150388e+01
   4.7526480e+01
   4.8193949e+01
   4.8738461e+01
   4.8861162e+01
   4.8440360e+01
   4.7505986e+01
   4.6438526e+01
   4.6063354e+01
   4.6724709e+01
   4.7699505e+01
   4.8340254e+01
   4.8567143e+01
   4.8799985e+01
   4.9701428e+01
   5.1356977e+01
   5.3172812e+01
   5.4669037e+01
   5.5658095e+01
   5.6083133e+01
   5.5931651e+01
   5.5189686e+01
   5.3804716e+01
   5.1685364e+01
   4.8699427e+01
   4.4714418e+01
   4.0330361e+01
   3.8635127e+01
   3.9284168e+01
   3.9101459e+01
   3.7306998e+01
   3.3458489e+01
   2.7411082e+01
   2.8404805e+01
   3.1983937e+01
   3.3005984e+01
   3.1859851e+01
   2.8419876e+01
   2.2389218e+01
   2.4174490e+01
   2.8421103e+01
   3.0019558e+01
   2.9745445e+01
   2.7921332e+01
   2.5586388e+01
   2.5772544e+01
   2.7815078e+01
   2.9136605e+01
   2.9246728e+01
   2.7943464e+01
   2.4992903e+01
   1.9732048e+01
   1.1882486e+01
   1.5917460e+01
   1.8808364e+01
   1.8718477e+01
   1.6061335e+01
   1.1243978e+01
   9.9767057e+00
   1.3581431e+01
   1.4739400e+01
   1.4071734e+01
   1.2177411e+01
   1.0836304e+01
   1.2060591e+01
   1.2534085e+01
   1.0840677e+01
   6.4382345e+00
   1.0168932e+01
   1.6277023e+01
   1.9958036e+01
   2.2312458e+01
   2.3960605e+01
   2.5186030e+01
   2.6110568e+01
   2.6705252e+01
   2.6857555e+01
   2.6443363e+01
   2.5282694e+01
   2.3204194e+01
   1.9956514e+01
   1.4812360e+01
   7.9411035e+00
   9.4689982e+00
   1.2004476e+01
   1.1649401e+01
   8.3256615e+00
  -9.4690163e-02
   4.4278668e+00
   1.0201271e+01
   1.2619328e+01
   1.3781819e+01
   1.5186102e+01
   1.8099043e+01
   2.1868830e+01
   2.5399538e+01
   2.8368974e+01
   3.0748200e+01
   3.2516781e+01
   3.3708238e+01
   3.4340432e+01
   3.4393321e+01
   3.3863817e+01
   3.2680816e+01
   3.0704649e+01
   2.7763010e+01
   2.3702517e+01
   1.9683400e+01
   1.9089124e+01
   2.0216058e+01
   1.9884816e+01
   1.7108986e+01
   1.0370739e+01
   6.4232139e+00
   1.4841918e+01
   1.7881820e+01
   1.8613512e+01
   1.7237466e+01
   1.3182417e+01
   6.5312966e+00
   1.1452633e+01
   1.6101619e+01
   1.8133325e+01
   1.8549805e+01
   1.7745948e+01
   1.6294264e+01
   1.4946625e+01
   1.4441782e+01
   1.4656017e+01
   1.4586509e+01
   1.3162760e+01
   1.0269629e+01
   6.3048815e+00
   5.7385692e+00
   8.3598916e+00
   9.1900355e+00
   9.0258275e+00
   6.8702861e+00
   1.6984789e+00
   8.2138128e-01
   5.1862474e+00
   7.1819748e+00
   7.6762104e+00
   6.0811901e+00
   2.4221329e+00
  -3.0126722e+00
  -4.4822251e-01
   4.0342099e+00
   6.1974838e+00
   6.6821194e+00
   6.3734070e+00
   4.3535911e+00
  -2.5042812e-01
  -8.5751262e+00
  -6.7733845e+00
   9.8183154e-01
   4.0307594e+00
   5.5640290e+00
   5.0686670e+00
   4.8230710e+00
   3.6276961e+00
   3.5788458e+00
   4.3503136e+00
   3.8424243e+00
   2.4870248e+00
  -1.0225802e+00
  -4.4826900e+00
   2.9164579e-01
   2.9407875e+00
   4.6187198e+00
   4.6358387e+00
   1.1729715e+00
  -6.8430811e+00
  -2.1979173e+00
   3.8987834e+00
   6.1296896e+00
   6.6043424e+00
   6.2226809e+00
   6.7043164e+00
   8.9938313e+00
   1.1320362e+01
   1.2789324e+01
   1.3411728e+01
   1.2967415e+01
   1.1207610e+01
   7.3340378e+00
  -1.5099867e+00
  -2.5755829e+00
   4.6913717e+00
   7.2745463e+00
   7.0776516e+00
   4.5096893e+00
  -2.6869779e+00
  -8.5121322e+00
   2.3466450e+00
   5.6567915e+00
   6.4017526e+00
   4.8889540e+00
   4.2815770e-01
  -6.4495386e+00
   1.1370661e+00
   5.4542238e+00
   6.8175935e+00
   6.2785731e+00
   4.9555365e+00
   3.6760256e+00
   4.1239395e+00
   5.7490145e+00
   7.2547565e+00
   7.9985702e+00
   6.8563026e+00
   4.3221225e+00
  -3.3063461e-01
  -1.6421770e+01
  -4.2741052e+00
  -4.3458325e-01
   1.6082159e+00
   5.8636871e-01
  -1.1291191e+00
  -2.3758262e+00
  -1.6308362e+00
   6.4945894e-01
  -2.7808519e-02
  -8.4111552e-01
  -4.2078085e+00
  -4.3516855e+00
  -3.9980852e+00
  -3.1695687e+00
  -2.3060128e-01
  -8.8687474e-01
  -1.6759931e+00
  -1.9652976e+00
  -2.6822599e+00
  -4.4684943e+00
  -7.9520042e+00
  -1.0263641e+01
  -6.0429894e+00
  -2.3874434e+00
   7.8456449e-02
   9.3869771e-01
   1.1757394e+00
   2.7303704e-02
  -1.7541062e+00
  -2.1130662e+00
  -2.6746856e+00
  -4.0795872e+00
  -3.2316203e+00
  -4.3521573e+00
  -6.1580666e+00
  -4.6254693e+00
  -3.3439683e+00
  -3.1051332e+00
  -4.8269853e+00
  -5.2020360e+00
  -7.7203705e+00
  -4.6226217e+00
  -3.9349605e+00
  -4.2865844e+00
  -5.1921682e+00
  -1.2204264e+01
  -2.4724547e+01
  -1.0547167e+01
  -5.6403145e+00
  -5.1813369e+00
  -7.3312817e+00
  -1.2947951e+01
  -1.4299005e+01
  -5.0716528e+00
  -3.1352448e-01
   1.5975857e+00
   5.0028000e-01
  -1.1792032e+00
  -3.7898919e+00
  -1.4994441e+01
  -1.2256997e+01
  -5.8389267e+00
  -2.2216412e+00
  -2.6769792e+00
  -5.5480263e+00
  -1.1742079e+01
  -1.1605285e+01
  -5.3730619e+00
  -4.4154841e+00
  -5.2630572e+00
  -8.1631249e+00
  -1.8175611e+01
  -1.4647179e+01
  -7.3468390e+00
  -3.5000656e+00
  -1.6616797e+00
  -2.2428521e+00
  -4.3244648e+00
  -6.2206324e+00
  -7.1205960e+00
  -5.3579425e+00
  -5.5691799e+00
  -5.9345020e+00
  -7.5830249e+00
  -9.2321495e+00
  -7.2342372e+00
  -4.0813587e+00
  -1.9100389e+00
  -1.6912074e+00
  -1.7032807e+00
  -3.6795532e+00
  -6.3986577e+00
  -6.7076450e+00
  -8.6468043e+00
  -7.1446363e+00
  -6.6575491e+00
  -6.9073044e+00
  -6.9014437e+00
  -6.4904826e+00
  -5.4103838e+00
  -4.5839817e+00
  -3.8878413e+00
  -4.6605603e+00
  -5.5545872e+00
  -7.8820843e+00
  -8.2954419e+00
  -8.3477127e+00
  -1.0769186e+01
  -1.0100737e+01
  -6.1209757e+00
  -5.4895080e+00
  -5.2939349e+00
  -5.1768858e+00
  -5.7658547e+00
  -6.6783266e+00
  -7.6126636e+00
  -9.2102897e+00
  -1.0996356e+01
  -1.0865695e+01
  -1.2715578e+01
  -1.0394775e+01
  -1.3222310e+01
  -1.1605587e+01
  -1.0909646e+01
  -1.0262202e+01
  -1.0596256e+01
  -6.7870043e+00
  -7.6121184e+00
  -6.3497186e+00
  -8.3524582e+00
  -1.0607517e+01
  -1.1491408e+01
  -1.7311704e+01
  -1.1056465e+01
  -8.9527137e+00
  -5.5352035e+00
  -7.1975458e+00
  -7.6668988e+00
  -1.1717735e+01
  -1.2482714e+01
  -1.4573260e+01
  -7.6879583e+00
  -6.8858973e+00
  -9.2163687e+00
  -8.1963948e+00
  -1.3790566e+01
  -1.5204957e+01
  -1.4309447e+01
  -1.7914843e+01
  -1.2303009e+01
  -1.1738240e+01
  -1.0080755e+01
  -6.9929007e+00
  -3.6483894e+00
  -2.6657749e+00
  -3.7111551e+00
  -4.0282667e+00
  -5.5086173e+00
  -1.0592614e+01
  -1.6033171e+01
  -2.4918606e+01
  -1.2943236e+01
  -8.5469994e+00
  -8.4405369e+00
  -8.3515836e+00
  -9.8733820e+00
  -7.6158273e+00
  -8.2490831e+00
  -1.1074318e+01
  -1.4139404e+01
  -1.3171607e+01
  -1.1232389e+01
  -9.6813788e+00
  -7.7383052e+00
  -8.5660348e+00
  -9.8652900e+00
  -1.4756297e+01
  -1.3517750e+01
  -1.0646939e+01
  -1.0280901e+01
  -7.2817630e+00
  -6.8013740e+00
  -7.0444063e+00
  -8.3051476e+00
  -1.1971605e+01
  -1.4679961e+01
  -1.1229111e+01
  -1.0106497e+01
  -1.3277819e+01
  -1.3493967e+01
  -1.1672394e+01
  -9.7461598e+00
  -9.7975002e+00
  -6.9028387e+00
  -7.8625651e+00
  -9.3234695e+00
  -9.5325963e+00
  -9.5786660e+00
  -1.1541668e+01
  -1.2688311e+01
  -1.1896213e+01
  -1.2323275e+01
  -1.1273782e+01
  -1.0990905e+01
  -8.4733200e+00
  -8.9224449e+00
  -8.9308084e+00
  -1.0683246e+01
  -1.2005985e+01
  -1.7314991e+01
  -1.6071617e+01
  -1.2818829e+01
  -1.1481916e+01
  -1.1682685e+01
  -1.3050050e+01
  -1.5612372e+01
  -1.6659096e+01
  -1.3418231e+01
  -1.6525088e+01
  -1.1517446e+01
  -1.2833551e+01
  -1.6812496e+01
  -1.3451889e+01
  -2.1194333e+01
  -1.4152379e+01
  -8.9747978e+00
  -7.9854552e+00
  -7.9537856e+00
  -7.4442977e+00
  -1.0080243e+01
  -1.6086231e+01
  -1.6448604e+01
  -1.1246098e+01
  -1.0616353e+01
  -8.3717464e+00
  -8.1598892e+00
  -1.2823064e+01
  -1.2657872e+01
  -2.0649961e+01
  -1.4254444e+01
  -1.1974766e+01
  -9.0757215e+00
  -9.2196447e+00
  -1.1180940e+01
  -1.3867130e+01
  -1.8887804e+01
  -2.6939804e+01
  -2.1543163e+01
  -1.9341150e+01
  -1.5269634e+01
  -1.1479074e+01
  -9.0301771e+00
  -8.5795260e+00
  -8.3928958e+00
  -6.9496447e+00
  -6.8353349e+00
  -7.7035642e+00
  -6.6576892e+00
  -6.1268529e+00
  -7.6476120e+00
  -6.3090761e+00
  -8.7486100e+00
  -7.8365910e+00
  -7.7990018e+00
  -1.0349702e+01
  -9.4323552e+00
  -1.1679871e+01
  -1.7765435e+01
  -2.3858831e+01
  -1.6714698e+01
  -1.7814813e+01
  -1.7626008e+01
  -2.4442025e+01
  -1.4119998e+01
  -1.5015028e+01
  -1.4057291e+01
  -1.4167715e+01
  -1.4396577e+01
  -1.3814735e+01
  -1.4760285e+01
  -1.4602898e+01
  -1.4124614e+01
  -1.8316716e+01
  -1.5181900e+01
  -2.4922186e+01
  -1.4557283e+01
  -1.1961124e+01
  -1.0171914e+01
  -7.9629738e+00
  -6.7518950e+00
  -5.9411219e+00
  -7.4448812e+00
  -8.3594030e+00
  -1.3409420e+01
  -1.8460001e+01
  -1.3987470e+01
  -9.9613308e+00
  -8.8285207e+00
  -1.3437329e+01
  -1.4471275e+01
  -1.9304232e+01
  -1.4881066e+01
  -1.1167475e+01
  -1.0024221e+01
  -9.6455490e+00
  -1.4400753e+01
  -1.6463836e+01
  -1.9480145e+01
  -2.1875910e+01
  -1.5728601e+01
  -1.3507699e+01
  -1.1204912e+01
  -1.2258169e+01
  -1.0500273e+01
  -1.1502717e+01
  -1.3931080e+01
  -1.9569411e+01
  -1.8466127e+01
  -1.2485262e+01
  -1.2733225e+01
  -9.3813316e+00
  -7.1978924e+00
  -6.8266006e+00
  -9.4658161e+00
  -1.3724512e+01
  -2.0969423e+01
  -1.9487296e+01
  -1.3678975e+01
  -1.5140105e+01
  -1.6701895e+01
  -1.9271350e+01
  -3.6455414e+01
  -1.7045267e+01
  -1.2613944e+01
  -9.8822387e+00
  -9.2731331e+00
  -1.0849604e+01
  -1.1787825e+01
  -1.9860332e+01
  -1.7582115e+01
  -1.4961132e+01
  -1.8846109e+01
  -1.8239482e+01
  -1.4897882e+01
  -1.4453174e+01
  -1.3997885e+01
  -9.6297839e+00
  -1.1255599e+01
  -1.3464167e+01
  -1.2440111e+01
  -1.7615965e+01
  -1.3061204e+01
  -1.4362828e+01
  -1.6712013e+01
  -1.5776801e+01
  -1.7865397e+01
  -1.7799359e+01
  -1.7982057e+01
  -2.3583893e+01
  -2.2006683e+01
  -2.6546300e+01
  -1.7409610e+01
  -1.2640755e+01
  -1.1355341e+01
  -8.0768545e+00
  -7.5575594e+00
  -9.1141751e+00
  -1.3141792e+01
  -1.8392844e+01
  -1.5871187e+01
  -1.3099622e+01
  -1.2454654e+01
  -9.6229768e+00
  -1.1585130e+01
  -1.8404976e+01
  -2.5057811e+01
  -1.6299657e+01
  -1.3636683e+01
  -1.2385190e+01
  -1.0471629e+01
  -1.4415935e+01
  -1.9386474e+01
  -2.6800703e+01
  -1.3513374e+01
  -1.1365673e+01
  -1.1741157e+01
  -1.6778823e+01
  -1.7405889e+01
  -1.9996535e+01
  -1.4076291e+01
  -1.2551772e+01
  -1.0716301e+01
  -8.8575143e+00
  -1.1047138e+01
  -1.2829057e+01
  -1.6383417e+01
  -2.3837604e+01
  -2.6232861e+01
  -1.8566619e+01
  -1.8898796e+01
  -1.3437594e+01
  -1.1503540e+01
  -1.2567209e+01
  -9.0372138e+00
  -9.4697275e+00
  -1.2073083e+01
  -1.1465395e+01
  -1.7718153e+01
  -2.1047403e+01
  -2.0288193e+01
  -1.2118719e+01
  -1.0820617e+01
  -1.3123744e+01
  -1.6036723e+01
  -1.8028970e+01
  -2.1842672e+01
  -1.7947502e+01
  -1.2953704e+01
  -1.3677618e+01
  -1.4053528e+01
  -1.3290679e+01
  -1.6628447e+01
  -1.8861398e+01
  -2.0035657e+01
  -1.5799098e+01
  -1.5549105e+01
  -1.7335715e+01
  -1.3216617e+01
  -1.6552348e+01
  -1.4814021e+01
  -1.4280041e+01
  -1.2278968e+01
  -1.4824993e+01
  -1.8671044e+01
  -1.5998020e+01
  -1.3533682e+01
  -1.1677628e+01
  -1.6699706e+01
  -1.6503017e+01
  -1.7924118e+01
  -3.1023587e+01
  -2.4795444e+01
  -3.0012174e+01
  -2.1566703e+01
  -3.4142831e+01
  -1.6847152e+01
  -1.9619276e+01
  -1.6248957e+01
  -1.3851130e+01
  -1.9463030e+01
  -1.6422693e+01
  -1.9429230e+01
  -2.5338243e+01
  -2.1482290e+01
  -1.6606754e+01
  -1.5814207e+01
  -1.6805436e+01
  -1.7171032e+01
  -1.6868382e+01
  -2.2267933e+01
  -2.0322498e+01
  -2.0050125e+01
  -1.2554288e+01
  -1.0015029e+01
  -9.8693271e+00
  -9.5645766e+00
  -1.2516077e+01
  -1.6127872e+01
  -1.7514143e+01
  -2.6907540e+01
  -1.9917360e+01
  -1.4598691e+01
  -1.3588870e+01
  -1.6863542e+01
  -2.9648420e+01
  -3.0767539e+01
  -2.5491446e+01
  -2.0935803e+01
  -1.9469096e+01
  -1.9749439e+01
  -2.4351642e+01
  -2.4240828e+01
  -1.7396435e+01
  -1.3124628e+01
  -1.4445971e+01
  -1.1191465e+01
  -1.2703043e+01
  -2.1767595e+01
  -2.4397900e+01
  -2.0526020e+01
  -1.3861907e+01
  -1.3930093e+01
  -1.3618443e+01
  -1.6206117e+01
  -1.4958111e+01
  -1.7097980e+01
  -1.9385117e+01
  -1.6070828e+01
  -1.5364083e+01
  -1.4825519e+01
  -1.2662069e+01
  -1.4242890e+01
  -1.4628394e+01
  -1.5201578e+01
  -1.9315482e+01
  -1.8777146e+01
  -2.7798146e+01
  -2.2928853e+01
  -2.0023701e+01
  -1.5120976e+01
  -1.3428855e+01
  -1.3334966e+01
  -1.3294447e+01
  -1.4752078e+01
  -2.0900235e+01
  -2.8016273e+01
  -2.1704538e+01
  -1.7167678e+01
  -1.5133280e+01
  -1.2914391e+01
  -1.4925854e+01
  -1.6259091e+01
  -1.6167009e+01
  -2.0623954e+01
  -1.6192751e+01
  -1.5836030e+01
  -1.5278281e+01
  -1.4933907e+01
  -1.7474699e+01
  -2.1447268e+01
  -2.3958762e+01
  -3.2077036e+01
  -1.8466530e+01
  -1.9778271e+01
  -2.3433603e+01
  -1.7858609e+01
  -2.0984138e+01
  -2.9208079e+01
  -2.2057077e+01
  -1.7134956e+01
  -1.6984920e+01
  -1.5059068e+01
  -1.5807410e+01
  -2.3801916e+01
  -2.0223983e+01
  -2.3652449e+01
  -2.3658275e+01
  -2.2715917e+01
  -3.4743995e+01
  -3.3488181e+01
  -3.3802161e+01
  -1.9381478e+01
  -1.6114615e+01
  -1.9105476e+01
  -1.7991051e+01
  -1.7707396e+01
  -2.1768608e+01
  -2.1805455e+01
  -2.0864604e+01
  -1.5640973e+01
  -1.5869959e+01
  -1.5853722e+01
  -1.8865569e+01
  -3.0240268e+01
  -2.4204706e+01
  -1.9419259e+01
  -1.7538076e+01
  -2.2153201e+01
  -1.6891611e+01
  -2.1097063e+01
  -2.0108120e+01
  -1.2793655e+01
  -1.2145648e+01
  -1.2887209e+01
  -1.2735776e+01
  -1.5901113e+01
  -2.8276037e+01
  -3.3110039e+01
  -1.8321071e+01
  -1.2856748e+01
  -1.1246439e+01
  -1.2443733e+01
  -1.8681551e+01
  -3.4116132e+01
  -2.5904560e+01
  -1.7208639e+01
  -1.4503075e+01
  -1.3471864e+01
  -1.4879007e+01
  -1.9019544e+01
  -2.1598808e+01
  -1.7854284e+01
  -1.6024138e+01
  -1.4673828e+01
  -1.4339116e+01
  -1.4980422e+01
  -2.3728483e+01
  -1.9007923e+01
  -1.5629089e+01
  -1.3991720e+01
  -1.0503167e+01
  -1.1176313e+01
  -1.1994704e+01
  -1.2603309e+01
  -1.5709781e+01
  -2.1493916e+01
  -2.3113395e+01
  -2.2045822e+01
  -1.4612315e+01
  -1.6559185e+01
  -1.8780038e+01
  -1.8425930e+01
  -3.3305957e+01
  -2.6452788e+01
  -2.0943664e+01
  -1.8694443e+01
  -2.3206389e+01
  -2.1217241e+01
  -2.0508474e+01
  -1.9443814e+01
  -2.0084446e+01
  -2.0375703e+01
  -2.4781768e+01
  -2.4770801e+01
  -2.2033451e+01
  -1.5865322e+01
  -1.7445298e+01
  -1.6360326e+01
  -1.7155979e+01
  -1.7526580e+01
  -1.6559442e+01
  -2.1766174e+01
  -2.3003646e+01
  -2.2829915e+01
  -1.9761546e+01
  -2.4052661e+01
  -1.7869094e+01
  -1.7460194e+01
  -2.1629976e+01
  -2.5700389e+01
  -2.7010731e+01
  -2.6097181e+01
  -2.2244592e+01
  -1.9839010e+01
  -2.5915675e+01
  -2.2451710e+01
  -1.8828159e+01
  -1.8993393e+01
  -1.6063905e+01
  -1.6754378e+01
  -1.5810214e+01
  -1.6440289e+01
  -1.9573316e+01
  -2.7511116e+01
  -2.6816806e+01
  -2.3901353e+01
  -1.6720236e+01
  -1.4807023e+01
  -1.6268088e+01
  -1.5999024e+01
  -2.0174890e+01
  -2.6528491e+01
  -3.5423175e+01
  -3.3118016e+01
  -2.1623844e+01
  -1.9232105e+01
  -1.9411622e+01
  -1.5075286e+01
  -1.9782969e+01
  -2.4149806e+01
  -1.9545819e+01
  -2.0723947e+01
  -1.9345394e+01
  -2.1576604e+01
  -1.9218581e+01
  -2.5205359e+01
  -2.8127329e+01
  -1.7613241e+01
  -1.6353600e+01
  -2.1945925e+01
  -1.9013608e+01
  -2.3394248e+01
  -2.9878360e+01
  -2.4037583e+01
  -1.6427503e+01
  -1.4751029e+01
  -1.2840488e+01
  -1.2246780e+01
  -1.6280860e+01
  -1.7561445e+01
  -1.6957259e+01
  -1.6411549e+01
  -1.3703982e+01
  -1.0904660e+01
  -1.2283503e+01
  -1.1694103e+01
  -1.0970456e+01
  -1.3176660e+01
  -1.4752104e+01
  -1.9555766e+01
  -2.4112867e+01
  -2.3048170e+01
  -2.2129089e+01
  -2.3255844e+01
  -2.4971032e+01
  -1.9376437e+01
  -1.5476527e+01
  -1.5837146e+01
  -1.6946178e+01
  -2.1313168e+01
  -2.1769466e+01
  -2.7985874e+01
  -2.5223211e+01
  -2.6694811e+01
  -1.9341054e+01
  -1.5388460e+01
  -1.5519283e+01
  -1.5910019e+01
  -1.7957974e+01
  -1.8277927e+01
  -1.9612088e+01
  -2.0651117e+01
  -2.7269317e+01
  -2.5392055e+01
  -2.8578030e+01
  -2.6791253e+01
  -2.1128355e+01
  -1.8205957e+01
  -1.9013071e+01
  -1.6310777e+01
  -2.0864970e+01
  -1.9204346e+01
  -1.8362887e+01
  -1.9065517e+01
  -1.6839970e+01
  -2.9847351e+01
  -2.2254936e+01
  -2.6293856e+01
  -2.0261831e+01
  -1.7368049e+01
  -1.5026593e+01
  -1.7782800e+01
  -1.7166356e+01
  -1.7080095e+01
  -2.9798945e+01
  -2.1878348e+01
  -2.1698549e+01
  -2.3556952e+01
  -2.6825886e+01
  -2.3807165e+01
  -1.9249784e+01
  -2.0459582e+01
  -1.5040002e+01
  -1.2705868e+01
  -1.4297348e+01
  -1.3399269e+01
  -1.5802554e+01
  -2.2569022e+01
  -2.1566609e+01
  -3.5792742e+01
  -1.9098167e+01
  -1.6898863e+01
  -2.1515296e+01
  -2.3318764e+01
  -2.1561468e+01
  -2.3885258e+01
  -2.5665644e+01
  -1.9353646e+01
  -1.7070474e+01
  -2.0231682e+01
  -2.0275255e+01
  -1.7890865e+01
  -2.2244958e+01
  -4.1042573e+01
  -3.4803025e+01
  -2.2868674e+01
  -1.9310351e+01
  -1.9903416e+01
  -1.7555260e+01
  -1.9224843e+01
  -2.5777659e+01
  -2.5759124e+01
  -2.9339475e+01
  -2.8917292e+01
  -3.0411377e+01
  -2.2490800e+01
  -2.0248354e+01
  -2.4514641e+01
  -2.1624258e+01
  -1.8853714e+01
  -1.9404167e+01
  -2.4435282e+01
  -3.6889257e+01
  -2.4179315e+01
  -2.3775134e+01
  -2.3404704e+01
  -1.9609200e+01
  -2.3054998e+01
  -3.6284753e+01
  -2.6099183e+01
  -1.7110494e+01
  -1.6521913e+01
  -1.6022315e+01
  -1.3408781e+01
  -1.6750923e+01
  -2.4430439e+01
  -2.8570557e+01
  -2.3035947e+01
  -2.1942753e+01
  -1.9835892e+01
  -2.2301296e+01
  -2.0810557e+01
  -1.7091777e+01
  -2.0270019e+01
  -1.8499415e+01
  -1.4333926e+01
  -1.3396395e+01
  -1.4983589e+01
  -1.8316844e+01
  -2.3117601e+01
  -2.4092193e+01
  -4.1230136e+01
  -2.0349786e+01
  -1.7582524e+01
  -1.7593521e+01
  -2.2177271e+01
  -2.5203802e+01
  -2.5562870e+01
  -2.6611017e+01
  -2.1919080e+01
  -2.5545921e+01
  -3.1919981e+01
  -2.9839863e+01
  -2.9611258e+01
  -1.8363889e+01
  -1.5080298e+01
  -1.6238100e+01
  -1.3275977e+01
  -1.2821205e+01
  -1.2888644e+01
  -1.2963112e+01
  -1.7311710e+01
  -1.8025800e+01
  -1.6114114e+01
  -1.5403076e+01
  -1.6157549e+01
  -1.2998143e+01
  -1.2493515e+01
  -1.7258441e+01
  -1.9435767e+01
  -2.1380381e+01
  -3.4072234e+01
  -2.5707042e+01
  -2.1612975e+01
  -1.8716672e+01
  -1.8437940e+01
  -1.7896278e+01
  -1.4208311e+01
  -1.2804373e+01
  -1.2685423e+01
  -1.1763672e+01
  -1.2288092e+01
  -1.3873498e+01
  -1.4240320e+01
  -1.5347460e+01
  -1.8428797e+01
  -1.9588780e+01
  -2.0067475e+01
  -2.7252452e+01
  -3.1393003e+01
  -3.2329815e+01
  -2.0827529e+01
  -1.8440098e+01
  -1.9872466e+01
  -2.0702005e+01
  -1.6976696e+01
  -1.7858621e+01
  -1.9900619e+01
  -1.9090766e+01
  -2.2459223e+01
  -2.2459528e+01
  -2.4595668e+01
  -2.6923729e+01
  -2.0518794e+01
  -1.8411859e+01
  -2.4183763e+01
  -1.7617394e+01
  -1.9089424e+01
  -4.0500391e+01
  -2.4611170e+01
  -2.3341074e+01
  -2.1405776e+01
  -2.6582009e+01
  -2.5631472e+01
  -4.1099034e+01
  -2.7978563e+01
  -3.1522375e+01
  -2.4459779e+01
  -2.2689545e+01
  -3.0216242e+01
  -2.5380968e+01
  -2.0899820e+01
  -1.8947824e+01
  -1.4777165e+01
  -1.7313692e+01
  -1.4619306e+01
  -1.2723368e+01
  -1.7700898e+01
  -2.4352505e+01
  -3.0170734e+01
  -3.6986326e+01
  -3.3466762e+01
  -2.7573974e+01
  -3.6094653e+01
  -2.5320898e+01
  -2.9412059e+01
  -1.9134745e+01
  -1.8698973e+01
  -1.5491563e+01
  -1.4669972e+01
  -2.4912966e+01
  -2.0533635e+01
  -1.8788462e+01
  -2.6874709e+01
  -1.9808523e+01
  -2.0798234e+01
  -2.1669169e+01
  -1.8875163e+01
  -2.2985631e+01
  -2.7250220e+01
  -2.1355225e+01
  -2.1290369e+01
  -2.2859436e+01
  -2.0517468e+01
  -2.0751913e+01
  -2.3909601e+01
  -3.2101218e+01
  -3.3680811e+01
  -2.3411993e+01
  -1.9363530e+01
  -2.3431711e+01
  -2.7083623e+01
  -2.0435684e+01
  -2.2021949e+01
  -2.5497401e+01
  -2.7517585e+01
  -2.3124150e+01
  -1.7426574e+01
  -2.1412139e+01
  -2.4365304e+01
  -1.9287659e+01
  -2.8317450e+01
  -1.6590487e+01
  -1.6054096e+01
  -2.2912763e+01
  -2.3530203e+01
  -2.5187627e+01
  -2.1086744e+01
  -2.2289241e+01
  -1.8389334e+01
  -1.7502362e+01
  -2.3954120e+01
  -2.0424215e+01
  -2.3148638e+01
  -3.1300301e+01
  -2.5565163e+01
  -1.8954427e+01
  -1.8718724e+01
  -2.1220369e+01
  -1.8948018e+01
  -1.9945140e+01
  -2.2423618e+01
  -2.0214128e+01
  -2.0136746e+01
  -1.9537319e+01
  -2.0457104e+01
  -1.8680831e+01
  -1.9606995e+01
  -2.3234217e+01
  -1.6728865e+01
  -1.9567459e+01
  -2.1875286e+01
  -1.9359621e+01
  -2.0316237e+01
  -2.6077906e+01
  -3.0948015e+01
  -2.7310799e+01
  -2.2775137e+01
  -1.6337480e+01
  -1.6553361e+01
  -1.7628477e+01
  -1.7577883e+01
  -2.1684524e+01
  -2.7260886e+01
  -2.4810263e+01
  -2.1836342e+01
  -2.0778589e+01
  -1.9365696e+01
  -2.1247735e+01
  -2.1695395e+01
  -1.8713494e+01
  -2.2986790e+01
  -1.9687864e+01
  -1.6768997e+01
  -1.8607471e+01
  -1.9015550e+01
  -1.9202726e+01
  -2.1447576e+01
  -1.9599572e+01
  -1.5135861e+01
  -1.4713881e+01
  -1.9245525e+01
  -1.6061774e+01
  -1.6740668e+01
  -2.3647764e+01
  -4.0228111e+01
  -2.2836445e+01
  -2.0885488e+01
  -2.1531589e+01
  -2.0542285e+01
  -2.8697024e+01
  -3.3048465e+01
  -2.1705385e+01
  -1.7932778e+01
  -2.1828009e+01
  -1.7932545e+01
  -1.7245071e+01
  -1.8044359e+01
  -1.7528328e+01
  -2.0767915e+01
  -2.5372974e+01
  -2.2792125e+01
  -2.0788823e+01
  -2.0760148e+01
  -2.0296302e+01
  -2.2466952e+01
  -3.1656402e+01
  -1.9925125e+01
  -1.8678385e+01
  -2.0002634e+01
  -2.2021313e+01
  -2.2355577e+01
  -2.0111236e+01
  -3.7441907e+01
  -1.6879043e+01
  -1.6933686e+01
  -1.7625891e+01
  -1.5067791e+01
  -1.6098762e+01
  -2.0148376e+01
  -2.2437997e+01
  -1.7769881e+01
  -1.9061045e+01
  -2.3817692e+01
  -2.6073527e+01
  -2.6981626e+01
  -2.4733350e+01
  -2.0945417e+01
  -2.4625695e+01
  -2.2433736e+01
  -1.9811666e+01
  -2.4735522e+01
  -3.9856364e+01
  -3.4616397e+01
  -2.8030808e+01
  -2.6219773e+01
  -2.3111972e+01
  -1.8825951e+01
  -1.9409144e+01
  -2.1506282e+01
  -2.1691113e+01
  -2.0034605e+01
  -1.8723459e+01
  -2.0863706e+01
  -2.4930287e+01
  -2.7136837e+01
  -2.0347609e+01
  -2.2112555e+01
  -3.8966114e+01
  -3.7217785e+01
  -2.2216572e+01
  -1.7203068e+01
  -1.6947913e+01
  -1.6130109e+01
  -1.5425641e+01
  -1.5737993e+01
  -1.7584876e+01
  -2.3311181e+01
  -3.2817970e+01
  -2.8501430e+01
  -2.2917207e+01
  -2.1295636e+01
  -2.0933019e+01
  -2.1286536e+01
  -2.7146253e+01
  -2.5572459e+01
  -3.3319125e+01
  -2.0481532e+01
  -1.6431636e+01
  -1.9782239e+01
  -1.9998347e+01
  -1.9852912e+01
  -2.4277786e+01
  -2.8768460e+01
  -2.3049753e+01
  -2.0040486e+01
  -2.2434358e+01
  -2.0463908e+01
  -2.0823802e+01
  -3.0782634e+01
  -3.0717304e+01
  -3.1080037e+01
  -3.8153714e+01
  -2.8892392e+01
  -2.3485253e+01
  -2.8587098e+01
  -2.0498255e+01
  -1.6666201e+01
  -1.6007978e+01
  -1.3309108e+01
  -1.3789280e+01
  -1.6156889e+01
  -1.7007908e+01
  -2.0216045e+01
  -2.1011314e+01
  -2.2922700e+01
  -2.6831472e+01
  -2.6525768e+01
  -2.1688467e+01
  -2.1818134e+01
  -2.3538765e+01
  -2.0344629e+01
  -2.4252461e+01
  -3.5033463e+01
  -3.6626737e+01
  -2.4432115e+01
  -1.9612065e+01
  -1.9864413e+01
  -1.9961249e+01
  -2.0787018e+01
  -2.3508907e+01
  -2.1474095e+01
  -1.6219399e+01
  -1.4982050e+01
  -1.6208924e+01
  -1.6020776e+01
  -1.7464441e+01
  -2.1183008e+01
  -2.2322785e+01
  -2.1793247e+01
  -2.2187038e+01
  -2.4358638e+01
  -2.0448219e+01
  -1.8605353e+01
  -1.8416788e+01
  -2.2838929e+01
  -2.5945535e+01
  -2.5281714e+01
  -2.9735773e+01
  -2.8131103e+01
  -2.4283150e+01
  -2.6964049e+01
  -2.3208654e+01
  -2.1885839e+01
  -3.5898691e+01
  -1.9889197e+01
  -2.0772249e+01
  -2.5851575e+01
  -2.4694957e+01
  -1.9736775e+01
  -1.9791936e+01
  -2.8665341e+01
  -2.6269905e+01
  -2.8953578e+01
  -3.2544441e+01
  -3.3953173e+01
  -4.0429020e+01
  -2.8265649e+01
  -2.4720436e+01
  -2.8912007e+01
  -2.5907603e+01
  -2.5881872e+01
  -3.4868673e+01
  -3.1550020e+01
  -2.1574948e+01
  -2.0243593e+01
  -2.6829151e+01
  -3.2014934e+01
  -2.9555184e+01
  -2.0362598e+01
  -1.8710996e+01
  -1.2940654e+01
  -9.9992406e+00
  -1.0720626e+01
  -1.0442666e+01
  -8.2864642e+00
  -7.7225352e+00
  -6.9697222e+00
  -5.4977105e+00
  -5.4255571e+00
  -5.8092288e+00
  -6.6313213e+00
  -9.2421377e+00
  -1.2053744e+01
  -1.5162382e+01
  -1.8348132e+01
  -1.6369020e+01
  -1.3812239e+01
  -1.6002922e+01
  -2.0596991e+01
  -2.1158463e+01
  -2.7067376e+01
  -2.5528761e+01
  -1.9697772e+01
  -1.4880787e+01
  -1.5850094e+01
  -1.8257722e+01
  -1.8627907e+01
  -1.8790890e+01
  -1.8096825e+01
  -1.7194486e+01
  -1.8290833e+01
  -1.8116650e+01
  -1.9002905e+01
  -2.1974852e+01
  -2.4371781e+01
  -3.6223744e+01
  -2.2148402e+01
  -1.9258278e+01
  -1.8980441e+01
  -2.0476466e+01
  -1.8799660e+01
  -2.3440528e+01
  -2.5302698e+01
  -2.8610187e+01
  -2.1794328e+01
  -1.9273919e+01
  -1.9932714e+01
  -1.8972685e+01
  -1.9431347e+01
  -1.7581215e+01
  -1.9098885e+01
  -2.5798565e+01
  -2.7458662e+01
  -2.5102307e+01
  -2.7000106e+01
  -3.0891772e+01
  -3.7454346e+01
  -3.0922346e+01
  -1.9875333e+01
  -1.7027944e+01
  -2.5151607e+01
  -1.9538806e+01
  -1.8729135e+01
  -2.8923587e+01
  -2.6107599e+01
  -3.3153650e+01
  -2.9696828e+01
  -3.2508809e+01
  -2.4127882e+01
  -3.2773356e+01
  -2.5318128e+01
  -2.7040537e+01
  -2.2951926e+01
  -2.3960495e+01
  -2.3785318e+01
  -2.4245090e+01
  -3.5446685e+01
  -2.5277528e+01
  -2.5166995e+01
  -2.2039974e+01
  -2.4626378e+01
  -2.8868974e+01
  -3.0819082e+01
  -3.0102114e+01
  -2.2173677e+01
  -1.7837394e+01
  -1.6154226e+01
  -1.3866277e+01
  -1.3537731e+01
  -1.5162877e+01
  -1.5113447e+01
  -1.4683440e+01
  -1.5345858e+01
  -1.4609197e+01
  -1.2377220e+01
  -1.2512629e+01
  -1.3260651e+01
  -1.3267690e+01
  -1.4075448e+01
  -1.4584052e+01
  -1.3791244e+01
  -1.2887571e+01
  -1.2996887e+01
  -1.3355878e+01
  -1.3409786e+01
  -1.3709882e+01
  -1.4114440e+01
  -1.3776293e+01
  -1.1843824e+01
  -1.0725559e+01
  -1.0859916e+01
  -9.4685440e+00
  -7.0722284e+00
  -5.8083971e+00
  -4.9529758e+00
  -4.4676292e+00
  -5.2307392e+00
  -6.3724041e+00
  -8.0812426e+00
  -1.1046515e+01
  -1.5956689e+01
  -3.0255360e+01
  -2.0740985e+01
  -1.9037067e+01
  -1.6193976e+01
  -1.8380776e+01
  -2.2061101e+01
  -2.5527887e+01
  -2.5943802e+01
  -2.2476389e+01
  -1.9728059e+01
  -1.9233374e+01
  -2.6914159e+01
  -3.5010838e+01
  -4.2867234e+01
  -2.2731146e+01
  -1.9677076e+01
  -2.1430562e+01
  -2.3268420e+01
  -2.5200584e+01
  -2.7951148e+01
  -2.5464367e+01
  -2.1164952e+01
  -1.8912501e+01
  -1.9279169e+01
  -2.4421003e+01
  -3.5930446e+01
  -3.2856833e+01
  -2.1906272e+01
  -2.1939878e+01
  -2.2895004e+01
  -1.9856874e+01
  -2.8574619e+01
  -2.6199793e+01
  -2.8925731e+01
  -2.7835695e+01
  -2.5264250e+01
  -3.3234663e+01
  -4.3110964e+01
  -3.3164630e+01
  -2.7769454e+01
  -1.9317810e+01
  -1.8704964e+01
  -1.7165099e+01
  -1.6575015e+01
  -2.1884884e+01
  -2.3549083e+01
  -3.6948182e+01
  -2.3052091e+01
  -2.5302959e+01
  -2.6798835e+01
  -2.5821159e+01
  -3.6768909e+01
  -3.3922735e+01
  -2.4837951e+01
  -2.2742819e+01
  -1.9291083e+01
  -1.8793165e+01
  -2.1180210e+01
  -2.2621838e+01
  -3.2350508e+01
  -4.0213726e+01
  -2.2553510e+01
  -1.8355951e+01
  -2.4795409e+01
  -2.5775041e+01
  -2.2312635e+01
  -3.3584647e+01
  -3.2561581e+01
  -3.1932784e+01
  -3.1033280e+01
  -2.2865780e+01
  -2.0277281e+01
  -2.1966132e+01
  -2.4652866e+01
  -2.2001073e+01
  -2.2074895e+01
  -2.0996072e+01
  -1.9529713e+01
  -2.0460346e+01
  -1.8645370e+01
  -1.8567985e+01
  -1.8329628e+01
  -2.0463967e+01
  -2.1386429e+01
  -2.2397968e+01
  -3.4626588e+01
  -2.0748963e+01
  -2.1529437e+01
  -2.6808690e+01
  -2.6396975e+01
  -1.9686716e+01
  -1.8065285e+01
  -2.3924655e+01
  -3.7786833e+01
  -3.2260142e+01
  -3.0554942e+01
  -2.9152948e+01
  -3.3319969e+01
  -4.0508496e+01
  -2.7735818e+01
  -2.3153030e+01
  -2.3426540e+01
  -2.3965445e+01
  -2.6296892e+01
  -2.1441126e+01
  -2.2926286e+01
  -2.7268390e+01
  -2.8739051e+01
  -3.0327025e+01
  -2.5358737e+01
  -2.5694929e+01
  -2.4926289e+01
  -3.5063204e+01
  -2.3700188e+01
  -2.2026795e+01
  -2.2781499e+01
  -2.1451829e+01
  -2.4722208e+01
  -2.6650424e+01
  -2.6145936e+01
  -3.7182668e+01
  -3.1270972e+01
  -2.9757197e+01
  -2.7881939e+01
  -2.4443886e+01
  -2.2914950e+01
  -2.2812314e+01
  -2.2475968e+01
  -2.0010338e+01
  -2.0005032e+01
  -2.4219121e+01
  -2.7127042e+01
  -2.5707201e+01
  -2.5627261e+01
  -2.5096691e+01
  -2.3825759e+01
  -3.6343600e+01
  -2.4163679e+01
  -2.5622718e+01
  -3.5729097e+01
  -3.4711240e+01
  -2.6705452e+01
  -2.3965911e+01
  -3.3919176e+01
  -2.1879707e+01
  -2.3487934e+01
  -2.9418755e+01
  -2.3741559e+01
  -1.7579726e+01
  -2.1994775e+01
  -2.7733772e+01
  -2.3852871e+01
  -3.2349167e+01
  -2.4795841e+01
  -2.9725863e+01
  -2.0692411e+01
  -2.1489150e+01
  -2.4059518e+01
  -3.2904973e+01
  -3.4638966e+01
  -2.5144693e+01
  -1.9113083e+01
  -2.1040164e+01
  -2.7641417e+01
  -2.1995438e+01
  -2.1654903e+01
  -2.1645118e+01
  -2.2392506e+01
  -3.0388064e+01
  -2.1324436e+01
  -1.8959407e+01
  -2.4134662e+01
  -2.5589810e+01
  -2.4859214e+01
  -3.1661118e+01
  -2.4323693e+01
  -2.3631477e+01
  -2.4706609e+01
  -3.0959336e+01
  -2.8600271e+01
  -2.6610044e+01
  -3.1693962e+01
  -2.4024006e+01
  -3.8042270e+01
  -2.8503120e+01
  -3.3796273e+01
  -2.2278064e+01
  -2.3559250e+01
  -1.8672297e+01
  -1.9458535e+01
  -2.8175370e+01
  -2.4002331e+01
  -2.8534064e+01
  -3.1345622e+01
  -2.6625208e+01
  -2.0981334e+01
  -3.2074354e+01
  -2.3193585e+01
  -2.5485589e+01
  -3.3459456e+01
  -2.9327185e+01
  -2.6350491e+01
  -2.4201145e+01
  -2.4474284e+01
  -2.4077740e+01
  -2.7622404e+01
  -3.3651499e+01
  -2.8624404e+01
  -2.0663265e+01
  -2.0455325e+01
  -2.3167865e+01
  -2.3002235e+01
  -2.5341627e+01
  -2.4648348e+01
  -1.9646801e+01
  -1.4647782e+01
  -1.2808709e+01
  -1.4086003e+01
  -1.4793078e+01
  -1.4760155e+01
  -1.6102426e+01
  -1.6743729e+01
  -1.4942667e+01
  -1.3512050e+01
  -1.4574995e+01
  -1.5130044e+01
  -1.4492086e+01
  -1.8804005e+01
  -2.9204028e+01
  -2.8905424e+01
  -1.9059262e+01
  -2.0693000e+01
  -3.2265720e+01
  -2.3484387e+01
  -2.9697006e+01
  -2.5334412e+01
  -2.1547832e+01
  -1.6908719e+01
  -1.7038354e+01
  -1.5866089e+01
  -1.7485707e+01
  -2.0981650e+01
  -1.9600161e+01
  -1.7734612e+01
  -1.8610510e+01
  -2.3714831e+01
  -1.7413235e+01
  -1.8027011e+01
  -1.8274773e+01
  -1.7349008e+01
  -2.0191713e+01
  -2.3691607e+01
  -2.4043270e+01
  -2.5427627e+01
  -2.5593199e+01
  -2.2474410e+01
  -2.3130572e+01
  -2.6191233e+01
  -2.8164236e+01
  -3.3265387e+01
  -3.6122934e+01
  -2.6719102e+01
  -2.7329413e+01
  -3.1597751e+01
  -2.1426694e+01
  -1.8677428e+01
  -1.9127938e+01
  -1.9857082e+01
  -2.1922142e+01
  -2.2822269e+01
  -2.2817023e+01
  -2.4615523e+01
  -3.8036906e+01
  -2.0354743e+01
  -1.9959243e+01
  -2.6801850e+01
  -2.8701252e+01
  -2.6938878e+01
  -2.7529471e+01
  -2.2538927e+01
  -1.6574939e+01
  -1.8857478e+01
  -2.7950602e+01
  -3.3975352e+01
  -3.0874782e+01
  -3.4985980e+01
  -2.4953928e+01
  -1.9290753e+01
  -1.8084251e+01
  -1.8957149e+01
  -2.3154870e+01
  -2.9943639e+01
  -3.1753339e+01
  -2.4918619e+01
  -2.3814127e+01
  -2.2473751e+01
  -2.6471727e+01
  -3.5334157e+01
  -2.8800724e+01
  -2.2434588e+01
  -2.0826425e+01
  -2.0857960e+01
  -2.1853421e+01
  -2.0042557e+01
  -2.0671294e+01
  -2.4482079e+01
  -2.2965268e+01
  -1.9162619e+01
  -1.9748300e+01
  -1.8846857e+01
  -1.6800249e+01
  -1.9872477e+01
  -2.5069320e+01
  -2.7914437e+01
  -2.8200047e+01
  -2.2980051e+01
  -2.0790501e+01
  -2.3756129e+01
  -2.4732334e+01
  -2.9084919e+01
  -2.5644660e+01
  -2.1539979e+01
  -1.7235498e+01
  -1.4547314e+01
  -1.4426655e+01
  -1.4206053e+01
  -1.4327986e+01
  -1.5884837e+01
  -1.6556677e+01
  -1.5068687e+01
  -1.4949844e+01
  -1.8239558e+01
  -2.2045644e+01
  -2.2841327e+01
  -2.5448433e+01
  -2.2077732e+01
  -1.8868303e+01
  -1.8236652e+01
  -1.8093954e+01
  -1.6935902e+01
  -1.9092832e+01
  -2.7201613e+01
  -3.5766844e+01
  -3.8699433e+01
  -2.5308015e+01
  -2.9397226e+01
  -2.4587433e+01
  -1.9035591e+01
  -2.1887172e+01
  -2.2549609e+01
  -3.2363803e+01
  -2.0549989e+01
  -1.8697833e+01
  -2.5853665e+01
  -2.1040975e+01
  -1.9978207e+01
  -2.4146429e+01
  -4.2802698e+01
  -4.6145941e+01
  -2.3246123e+01
  -1.9184554e+01
  -2.3550619e+01
  -2.5373118e+01
  -2.1961670e+01
  -2.1976463e+01
  -2.9914507e+01
  -2.3007123e+01
  -2.1176253e+01
  -2.1379225e+01
  -2.2720744e+01
  -3.8095068e+01
  -3.0669570e+01
  -2.9777402e+01
  -2.2653067e+01
  -2.0307077e+01
  -2.1768462e+01
  -2.7101441e+01
  -2.4611887e+01
  -2.9029250e+01
  -3.2331966e+01
  -2.5627575e+01
  -2.2641570e+01
  -2.4787263e+01
  -3.1463706e+01
  -2.4159878e+01
  -2.0555041e+01
  -2.0003510e+01
  -1.8677363e+01
  -2.0412412e+01
  -2.4287959e+01
  -2.1790585e+01
  -2.3737828e+01
  -2.8685051e+01
  -2.8205875e+01
  -2.1758512e+01
  -1.9004910e+01
  -2.2686777e+01
  -3.3574132e+01
  -2.7366732e+01
  -2.8023702e+01
  -2.6098398e+01
  -3.2401965e+01
  -2.4601221e+01
  -3.2536187e+01
  -2.4673963e+01
  -2.3768387e+01
  -2.6358809e+01
  -2.4017322e+01
  -2.4371585e+01
  -2.5169741e+01
  -2.9344735e+01
  -3.3707852e+01
  -3.4294989e+01
  -4.6894207e+01
  -2.8743805e+01
  -2.7685168e+01
  -3.6807816e+01
  -3.1580357e+01
  -2.9090792e+01
  -2.2507460e+01
  -2.6814461e+01
  -3.4350562e+01
  -3.1237200e+01
  -3.0529631e+01
  -2.2629231e+01
  -2.2179352e+01
  -2.3596700e+01
  -2.8629077e+01
  -3.6665383e+01
  -4.2168597e+01
  -2.9191609e+01
  -2.4676919e+01
  -2.3573085e+01
  -2.3839304e+01
  -2.8893740e+01
  -4.4488231e+01
  -2.9135113e+01
  -2.3947457e+01
  -2.6286337e+01
