   3.1415927e+00
   2.9270349e-01
  -2.8076403e+00
  -5.7846214e+00
  -8.8358037e+00
  -1.1796120e+01
  -1.4828337e+01
  -1.7893076e+01
  -1.4781058e+01
  -1.7829349e+01
  -2.0724225e+01
  -2.3552110e+01
  -2.6436952e+01
  -2.9576944e+01
  -2.6651496e+01
  -2.9686369e+01
  -3.2462862e+01
  -3.5166360e+01
  -3.7960840e+01
  -3.5525125e+01
  -3.2717868e+01
  -3.5382210e+01
  -3.7898420e+01
  -4.0349363e+01
  -4.2731396e+01
  -4.5022459e+01
  -4.7186256e+01
  -4.9226548e+01
  -5.1267074e+01
  -5.3404209e+01
  -5.5616194e+01
  -5.7855179e+01
  -6.0078629e+01
  -6.2254336e+01
  -6.4379589e+01
  -6.6488570e+01
  -6.8625846e+01
  -7.0809191e+01
  -7.3023217e+01
  -7.5230744e+01
  -7.7384907e+01
  -7.9440466e+01
  -8.1405876e+01
  -8.3389086e+01
  -8.5459441e+01
  -8.7582323e+01
  -8.9694969e+01
  -9.1753363e+01
  -9.3780638e+01
  -9.5865802e+01
  -9.8055409e+01
  -1.0033195e+02
  -1.0266451e+02
  -1.0503070e+02
  -1.0741625e+02
  -1.0980932e+02
  -1.1219817e+02
  -1.1456866e+02
  -1.1689306e+02
  -1.1910500e+02
  -1.2105768e+02
  -1.2277903e+02
  -1.2474388e+02
  -1.2693857e+02
  -1.2920351e+02
  -1.3140308e+02
  -1.3316258e+02
  -1.3441203e+02
  -1.3643697e+02
  -1.3870939e+02
  -1.4102088e+02
  -1.4325896e+02
  -1.4502220e+02
  -1.4618312e+02
  -1.4821413e+02
  -1.5048522e+02
  -1.5276710e+02
  -1.5495367e+02
  -1.5689951e+02
  -1.5867066e+02
  -1.6069622e+02
  -1.6295363e+02
  -1.6530227e+02
  -1.6767825e+02
  -1.7005469e+02
  -1.7232403e+02
  -1.7384493e+02
  -1.7515279e+02
  -1.7743096e+02
  -1.7990705e+02
  -1.8253426e+02
  -1.8552533e+02
  -1.8284641e+02
  -1.8593423e+02
  -1.8870260e+02
  -1.9149266e+02
  -1.9439278e+02
  -1.9127089e+02
  -1.9432744e+02
  -1.9713876e+02
  -1.9991351e+02
  -1.9680878e+02
  -1.9422801e+02
  -1.9699923e+02
  -1.9948366e+02
  -2.0187264e+02
  -2.0420879e+02
  -2.0651762e+02
  -2.0882222e+02
  -2.1113557e+02
  -2.1346370e+02
  -2.1580323e+02
  -2.1814732e+02
  -2.2048967e+02
  -2.2279636e+02
  -2.2496647e+02
  -2.2658446e+02
  -2.2787333e+02
  -2.2990402e+02
  -2.3210595e+02
  -2.3428603e+02
  -2.3593975e+02
  -2.3646360e+02
  -2.3840779e+02
  -2.4047997e+02
  -2.4247121e+02
  -2.4433455e+02
  -2.4620041e+02
  -2.4821704e+02
  -2.5037944e+02
  -2.5264068e+02
  -2.5496198e+02
  -2.5732443e+02
  -2.5972041e+02
  -2.6214192e+02
  -2.6458719e+02
  -2.6705618e+02
  -2.6954827e+02
  -2.7207545e+02
  -2.7466704e+02
  -2.7740681e+02
  -2.8046634e+02
  -2.7738829e+02
  -2.8026413e+02
  -2.8287760e+02
  -2.8537438e+02
  -2.8765806e+02
  -2.8823724e+02
  -2.9021018e+02
  -2.9260836e+02
  -2.9503370e+02
  -2.9741294e+02
  -2.9968682e+02
  -3.0129530e+02
  -3.0254049e+02
  -3.0472038e+02
  -3.0706545e+02
  -3.0942347e+02
  -3.1175186e+02
  -3.1400083e+02
  -3.1611205e+02
  -3.1818883e+02
  -3.2040692e+02
  -3.2275665e+02
  -3.2522315e+02
  -3.2788359e+02
  -3.3086026e+02
  -3.2799832e+02
  -3.3098231e+02
  -3.3377736e+02
  -3.3652195e+02
  -3.3923551e+02
  -3.4224412e+02
  -3.3974517e+02
  -3.4283966e+02
  -3.4564200e+02
  -3.4835272e+02
  -3.5104763e+02
  -3.5390557e+02
  -3.5095045e+02
  -3.4848391e+02
  -3.5147084e+02
  -3.5423364e+02
  -3.5696209e+02
  -3.5967890e+02
  -3.6232145e+02
  -3.6509666e+02
  -3.6788152e+02
  -3.6730219e+02
  -3.6988911e+02
  -3.7264883e+02
  -3.7533173e+02
  -3.7811657e+02
  -3.8100329e+02
  -3.8391347e+02
  -3.8701259e+02
  -3.8990044e+02
  -3.9274220e+02
  -3.9557796e+02
  -3.9850722e+02
  -3.9584224e+02
  -3.9291919e+02
  -3.9578040e+02
  -3.9856299e+02
  -4.0116583e+02
  -4.0379823e+02
  -4.0072369e+02
  -3.9861109e+02
  -4.0132225e+02
  -4.0380760e+02
  -4.0618651e+02
  -4.0839390e+02
  -4.1042788e+02
  -4.1248389e+02
  -4.1470972e+02
  -4.1708271e+02
  -4.1952765e+02
  -4.2200141e+02
  -4.2450091e+02
  -4.2703501e+02
  -4.2985396e+02
  -4.2816174e+02
  -4.3106112e+02
  -4.3363625e+02
  -4.3615817e+02
  -4.3868010e+02
  -4.4114912e+02
  -4.4066015e+02
  -4.4308571e+02
  -4.4558807e+02
  -4.4806194e+02
  -4.5048965e+02
  -4.5278296e+02
  -4.5407963e+02
  -4.5548441e+02
  -4.5773988e+02
  -4.6009322e+02
  -4.6247977e+02
  -4.6480255e+02
  -4.6680680e+02
  -4.6857639e+02
  -4.7064892e+02
  -4.7302801e+02
  -4.7545266e+02
  -4.7791943e+02
  -4.8050297e+02
  -4.8307708e+02
  -4.8026544e+02
  -4.7823660e+02
  -4.8108059e+02
  -4.8378634e+02
  -4.8648544e+02
  -4.8948315e+02
  -4.9253627e+02
  -4.8953941e+02
  -4.9237711e+02
  -4.9517061e+02
  -4.9804180e+02
  -5.0097663e+02
  -4.9813982e+02
  -5.0110251e+02
  -4.9814902e+02
  -5.0097212e+02
  -5.0373618e+02
  -5.0671629e+02
  -5.0965966e+02
  -5.1256828e+02
  -5.1547511e+02
  -5.1853879e+02
  -5.1592755e+02
  -5.1304583e+02
  -5.1605355e+02
  -5.1885315e+02
  -5.2162526e+02
  -5.2439820e+02
  -5.2717502e+02
  -5.3015785e+02
  -5.3319909e+02
  -5.3613125e+02
  -5.3920377e+02
  -5.4226561e+02
  -5.4510083e+02
  -5.4207451e+02
  -5.4520207e+02
  -5.4817470e+02
  -5.5095815e+02
  -5.5391815e+02
  -5.5689441e+02
  -5.5377141e+02
  -5.5069225e+02
  -5.5339947e+02
  -5.5624292e+02
  -5.5879588e+02
  -5.6115229e+02
  -5.6135334e+02
  -5.6376130e+02
  -5.6628066e+02
  -5.6881245e+02
  -5.7151497e+02
  -5.7441042e+02
  -5.7267063e+02
  -5.7568334e+02
  -5.7831710e+02
  -5.8078485e+02
  -5.8331832e+02
  -5.8605171e+02
  -5.8862480e+02
  -5.9139011e+02
  -5.8994541e+02
  -5.9295164e+02
  -5.9554720e+02
  -5.9806457e+02
  -6.0077002e+02
  -6.0367483e+02
  -6.0169987e+02
  -6.0448115e+02
  -6.0711575e+02
  -6.0981548e+02
  -6.1248074e+02
  -6.1532871e+02
  -6.1415487e+02
  -6.1702625e+02
  -6.1976884e+02
  -6.2239282e+02
  -6.2502843e+02
  -6.2787127e+02
  -6.3088961e+02
  -6.2784205e+02
  -6.3088159e+02
  -6.3375805e+02
  -6.3673754e+02
  -6.3966520e+02
  -6.3673709e+02
  -6.3372623e+02
  -6.3678943e+02
  -6.3954567e+02
  -6.4231574e+02
  -6.4508780e+02
  -6.4783018e+02
  -6.5093704e+02
  -6.5399656e+02
  -6.5085845e+02
  -6.4780683e+02
  -6.5072528e+02
  -6.5377322e+02
  -6.5680156e+02
  -6.5991023e+02
  -6.6289770e+02
  -6.6586005e+02
  -6.6869638e+02
  -6.7154398e+02
  -6.7443937e+02
  -6.7741364e+02
  -6.7435175e+02
  -6.7729212e+02
  -6.8038710e+02
  -6.7762577e+02
  -6.8059692e+02
  -6.8337316e+02
  -6.8630688e+02
  -6.8915712e+02
  -6.9205499e+02
  -6.9495311e+02
  -6.9793458e+02
  -7.0083035e+02
  -6.9779210e+02
  -7.0075033e+02
  -6.9779227e+02
  -7.0074631e+02
  -7.0379142e+02
  -7.0079458e+02
  -7.0384291e+02
  -7.0678641e+02
  -7.0378600e+02
  -7.0666180e+02
  -7.0943591e+02
  -7.1237293e+02
  -7.1496726e+02
  -7.1198483e+02
  -7.1461207e+02
  -7.1248114e+02
  -7.1535368e+02
  -7.1227643e+02
  -7.1488159e+02
  -7.1756773e+02
  -7.2044175e+02
  -7.2326580e+02
  -7.2041872e+02
  -7.1745696e+02
  -7.1439503e+02
  -7.1683820e+02
  -7.1982529e+02
  -7.2259596e+02
  -7.2524770e+02
  -7.2285086e+02
  -7.2563959e+02
  -7.2299162e+02
  -7.1990530e+02
  -7.2284218e+02
  -7.1975699e+02
  -7.2279079e+02
  -7.2556326e+02
  -7.2813857e+02
  -7.3085926e+02
  -7.3364795e+02
  -7.3625782e+02
  -7.3896529e+02
  -7.3598858e+02
  -7.3305234e+02
  -7.3127497e+02
  -7.3376096e+02
  -7.3653016e+02
  -7.3934686e+02
  -7.4239059e+02
  -7.4538876e+02
  -7.4803840e+02
  -7.5098404e+02
  -7.5412202e+02
  -7.5138435e+02
  -7.5435806e+02
  -7.5746007e+02
  -7.6023032e+02
  -7.6299620e+02
  -7.6583539e+02
  -7.6880929e+02
  -7.6635442e+02
  -7.6921855e+02
  -7.7233466e+02
  -7.7525298e+02
  -7.7797401e+02
  -7.8079771e+02
  -7.8353208e+02
  -7.8647849e+02
  -7.8360597e+02
  -7.8064630e+02
  -7.8332373e+02
  -7.8631932e+02
  -7.8334316e+02
  -7.8031470e+02
  -7.8317242e+02
  -7.8625998e+02
  -7.8911739e+02
  -7.9177857e+02
  -7.9481890e+02
  -7.9778777e+02
  -8.0074908e+02
  -8.0359643e+02
  -8.0066800e+02
  -8.0361117e+02
  -8.0053307e+02
  -8.0348657e+02
  -8.0038787e+02
  -8.0323482e+02
  -8.0603573e+02
  -8.0889290e+02
  -8.1171545e+02
  -8.1465767e+02
  -8.1755848e+02
  -8.1526939e+02
  -8.1813582e+02
  -8.2103738e+02
  -8.2379245e+02
  -8.2673458e+02
  -8.2961874e+02
  -8.2701281e+02
  -8.2978993e+02
  -8.2668475e+02
  -8.2975637e+02
  -8.3222255e+02
  -8.2941087e+02
  -8.3224418e+02
  -8.3509157e+02
  -8.3306738e+02
  -8.3564149e+02
  -8.3822104e+02
  -8.4095649e+02
  -8.4352428e+02
  -8.4583467e+02
  -8.4812441e+02
  -8.4970557e+02
  -8.5142909e+02
  -8.5383338e+02
  -8.5660232e+02
  -8.5899489e+02
  -8.6182935e+02
  -8.6482720e+02
  -8.6783587e+02
  -8.6544966e+02
  -8.6829259e+02
  -8.7109500e+02
  -8.7364474e+02
  -8.7641515e+02
  -8.7914352e+02
  -8.8216884e+02
  -8.8517634e+02
  -8.8375061e+02
  -8.8659745e+02
  -8.8369173e+02
  -8.8653961e+02
  -8.8933784e+02
  -8.9207913e+02
  -8.9506834e+02
  -8.9793493e+02
  -9.0073277e+02
  -9.0365617e+02
  -9.0669354e+02
  -9.0941311e+02
  -9.1239366e+02
  -9.1526248e+02
  -9.1805683e+02
  -9.1495880e+02
  -9.1758232e+02
  -9.2060149e+02
  -9.2345540e+02
  -9.2607755e+02
  -9.2867334e+02
  -9.2744346e+02
  -9.2991757e+02
  -9.3295490e+02
  -9.3565999e+02
  -9.3359028e+02
  -9.3633795e+02
  -9.3902738e+02
  -9.4211531e+02
  -9.4495323e+02
  -9.4803121e+02
  -9.5096194e+02
  -9.5390453e+02
  -9.5704271e+02
  -9.5981288e+02
  -9.5668433e+02
  -9.5976683e+02
  -9.6239019e+02
  -9.6068324e+02
  -9.6324274e+02
  -9.6627187e+02
  -9.6903537e+02
  -9.7184217e+02
  -9.7448342e+02
  -9.7719677e+02
  -9.7995475e+02
  -9.8254782e+02
  -9.8034472e+02
  -9.7722614e+02
  -9.8019596e+02
  -9.8265412e+02
  -9.8537817e+02
  -9.8234407e+02
  -9.8531583e+02
  -9.8300224e+02
  -9.8567369e+02
  -9.8846001e+02
  -9.9102449e+02
  -9.9366102e+02
  -9.9078666e+02
  -9.9339895e+02
  -9.9182209e+02
  -9.9451991e+02
  -9.9755604e+02
  -1.0002411e+03
  -1.0031128e+03
  -1.0060088e+03
  -1.0086093e+03
  -1.0114503e+03
  -1.0138462e+03
  -1.0132396e+03
  -1.0154581e+03
  -1.0183568e+03
  -1.0213166e+03
  -1.0239586e+03
  -1.0264755e+03
  -1.0289925e+03
  -1.0317991e+03
  -1.0344976e+03
  -1.0332649e+03
  -1.0356408e+03
  -1.0382604e+03
  -1.0411777e+03
  -1.0438563e+03
  -1.0449981e+03
  -1.0458525e+03
  -1.0483835e+03
  -1.0510304e+03
  -1.0535521e+03
  -1.0562681e+03
  -1.0589425e+03
  -1.0614809e+03
  -1.0597456e+03
  -1.0621963e+03
  -1.0652184e+03
  -1.0623707e+03
  -1.0654771e+03
  -1.0682396e+03
  -1.0652819e+03
  -1.0679802e+03
  -1.0704724e+03
  -1.0673808e+03
  -1.0701139e+03
  -1.0732339e+03
  -1.0701756e+03
  -1.0727270e+03
  -1.0697179e+03
  -1.0725949e+03
  -1.0756201e+03
  -1.0787061e+03
  -1.0815773e+03
  -1.0843902e+03
  -1.0820669e+03
  -1.0845670e+03
  -1.0829935e+03
  -1.0853459e+03
  -1.0881859e+03
  -1.0908141e+03
  -1.0932159e+03
  -1.0955884e+03
  -1.0978278e+03
  -1.0997879e+03
  -1.1014217e+03
  -1.1035076e+03
  -1.1062030e+03
  -1.1087589e+03
  -1.1110543e+03
  -1.1139427e+03
  -1.1111225e+03
  -1.1088203e+03
  -1.1113394e+03
  -1.1143140e+03
  -1.1167902e+03
  -1.1192609e+03
  -1.1220719e+03
  -1.1220648e+03
  -1.1238234e+03
  -1.1262165e+03
  -1.1287276e+03
  -1.1314707e+03
  -1.1286503e+03
  -1.1255340e+03
  -1.1226900e+03
  -1.1253591e+03
  -1.1283666e+03
  -1.1309125e+03
  -1.1335257e+03
  -1.1363681e+03
  -1.1390608e+03
  -1.1421817e+03
  -1.1403772e+03
  -1.1433814e+03
  -1.1464537e+03
  -1.1433441e+03
  -1.1458984e+03
  -1.1489024e+03
  -1.1517620e+03
  -1.1542385e+03
  -1.1571937e+03
  -1.1599195e+03
  -1.1625071e+03
  -1.1601094e+03
  -1.1574664e+03
  -1.1603839e+03
  -1.1627625e+03
  -1.1653882e+03
  -1.1682102e+03
  -1.1711425e+03
  -1.1731783e+03
  -1.1736303e+03
  -1.1755730e+03
  -1.1780584e+03
  -1.1809982e+03
  -1.1837133e+03
  -1.1864250e+03
  -1.1834814e+03
  -1.1803838e+03
  -1.1774164e+03
  -1.1799509e+03
  -1.1771315e+03
  -1.1798314e+03
  -1.1826446e+03
  -1.1796155e+03
  -1.1825071e+03
  -1.1853264e+03
  -1.1878307e+03
  -1.1850922e+03
  -1.1881044e+03
  -1.1911491e+03
  -1.1935752e+03
  -1.1961239e+03
  -1.1930804e+03
  -1.1951598e+03
  -1.1953992e+03
  -1.1961776e+03
  -1.1951214e+03
  -1.1967383e+03
  -1.1951362e+03
  -1.1971802e+03
  -1.1994983e+03
  -1.1967041e+03
  -1.1989186e+03
  -1.2016729e+03
  -1.2046614e+03
  -1.2068397e+03
  -1.2097004e+03
  -1.2113267e+03
  -1.2128454e+03
  -1.2150184e+03
  -1.2176616e+03
  -1.2205691e+03
  -1.2232884e+03
  -1.2261996e+03
  -1.2235322e+03
  -1.2205507e+03
  -1.2236008e+03
  -1.2260517e+03
  -1.2287113e+03
  -1.2312883e+03
  -1.2338331e+03
  -1.2368622e+03
  -1.2396857e+03
  -1.2427082e+03
  -1.2407545e+03
  -1.2432936e+03
  -1.2456395e+03
  -1.2478338e+03
  -1.2502605e+03
  -1.2475172e+03
  -1.2482050e+03
  -1.2501383e+03
  -1.2527629e+03
  -1.2552995e+03
  -1.2521673e+03
  -1.2492941e+03
  -1.2465335e+03
  -1.2489280e+03
  -1.2516959e+03
  -1.2544666e+03
  -1.2566807e+03
  -1.2596103e+03
  -1.2626249e+03
  -1.2615631e+03
  -1.2637466e+03
  -1.2663880e+03
  -1.2691103e+03
  -1.2720067e+03
  -1.2750594e+03
  -1.2777581e+03
  -1.2749766e+03
  -1.2780445e+03
  -1.2809009e+03
  -1.2839507e+03
  -1.2867300e+03
  -1.2894122e+03
  -1.2924709e+03
  -1.2951086e+03
  -1.2982009e+03
  -1.3011067e+03
  -1.3041305e+03
  -1.3019012e+03
  -1.2988097e+03
  -1.3016745e+03
  -1.3042741e+03
  -1.3069484e+03
  -1.3095762e+03
  -1.3119301e+03
  -1.3139482e+03
  -1.3154089e+03
  -1.3176879e+03
  -1.3201305e+03
  -1.3228470e+03
  -1.3254154e+03
  -1.3279603e+03
  -1.3310862e+03
  -1.3337785e+03
  -1.3307504e+03
  -1.3276278e+03
  -1.3303575e+03
  -1.3332619e+03
  -1.3359156e+03
  -1.3385390e+03
  -1.3414937e+03
  -1.3442412e+03
  -1.3438635e+03
  -1.3455651e+03
  -1.3476635e+03
  -1.3448590e+03
  -1.3472244e+03
  -1.3490260e+03
  -1.3511548e+03
  -1.3535769e+03
  -1.3555156e+03
  -1.3579108e+03
  -1.3605422e+03
  -1.3628097e+03
  -1.3656883e+03
  -1.3627169e+03
  -1.3652508e+03
  -1.3625151e+03
  -1.3648685e+03
  -1.3672320e+03
  -1.3654975e+03
  -1.3655368e+03
  -1.3671158e+03
  -1.3691827e+03
  -1.3717153e+03
  -1.3685891e+03
  -1.3711192e+03
  -1.3741570e+03
  -1.3772986e+03
  -1.3745479e+03
  -1.3772657e+03
  -1.3798633e+03
  -1.3826211e+03
  -1.3850530e+03
  -1.3824673e+03
  -1.3797429e+03
  -1.3766651e+03
  -1.3791252e+03
  -1.3759981e+03
  -1.3790068e+03
  -1.3813481e+03
  -1.3796750e+03
  -1.3820696e+03
  -1.3845091e+03
  -1.3872045e+03
  -1.3897861e+03
  -1.3920314e+03
  -1.3941096e+03
  -1.3950901e+03
  -1.3976543e+03
  -1.3999207e+03
  -1.4022214e+03
  -1.4044507e+03
  -1.4066404e+03
  -1.4090102e+03
  -1.4097780e+03
  -1.4120261e+03
  -1.4144385e+03
  -1.4168677e+03
  -1.4191624e+03
  -1.4213054e+03
  -1.4227633e+03
  -1.4244522e+03
  -1.4268404e+03
  -1.4294537e+03
  -1.4320715e+03
  -1.4345687e+03
  -1.4366395e+03
  -1.4359048e+03
  -1.4381991e+03
  -1.4412193e+03
  -1.4437619e+03
  -1.4462445e+03
  -1.4489435e+03
  -1.4514148e+03
  -1.4535552e+03
  -1.4549183e+03
  -1.4561834e+03
  -1.4532852e+03
  -1.4555729e+03
  -1.4577722e+03
  -1.4608619e+03
  -1.4631524e+03
  -1.4645571e+03
  -1.4647572e+03
  -1.4676883e+03
  -1.4700580e+03
  -1.4729399e+03
  -1.4699108e+03
  -1.4728427e+03
  -1.4756692e+03
  -1.4785260e+03
  -1.4812276e+03
  -1.4841089e+03
  -1.4866199e+03
  -1.4870612e+03
  -1.4886153e+03
  -1.4909767e+03
  -1.4939120e+03
  -1.4964906e+03
  -1.4996106e+03
  -1.5021477e+03
  -1.5049563e+03
  -1.5019380e+03
  -1.4990690e+03
  -1.5017459e+03
  -1.5048224e+03
  -1.5078712e+03
  -1.5100795e+03
  -1.5124189e+03
  -1.5145883e+03
  -1.5160774e+03
  -1.5182643e+03
  -1.5210122e+03
  -1.5232387e+03
  -1.5248817e+03
  -1.5248124e+03
  -1.5268151e+03
  -1.5296914e+03
  -1.5323896e+03
  -1.5350641e+03
  -1.5378880e+03
  -1.5403997e+03
  -1.5429738e+03
  -1.5450904e+03
  -1.5449691e+03
  -1.5476770e+03
  -1.5505563e+03
  -1.5528748e+03
  -1.5555582e+03
  -1.5581777e+03
  -1.5606236e+03
  -1.5636785e+03
  -1.5665479e+03
  -1.5659903e+03
  -1.5687202e+03
  -1.5710769e+03
  -1.5741644e+03
  -1.5766632e+03
  -1.5787501e+03
  -1.5770097e+03
  -1.5793921e+03
  -1.5824724e+03
  -1.5851899e+03
  -1.5882758e+03
  -1.5910149e+03
  -1.5933152e+03
  -1.5924968e+03
  -1.5948578e+03
  -1.5970693e+03
  -1.5998772e+03
  -1.6029896e+03
  -1.6052793e+03
  -1.6034740e+03
  -1.6005983e+03
  -1.6033816e+03
  -1.6058958e+03
  -1.6085859e+03
  -1.6108767e+03
  -1.6132506e+03
  -1.6158179e+03
  -1.6175290e+03
  -1.6193536e+03
  -1.6218355e+03
  -1.6241363e+03
  -1.6265982e+03
  -1.6294514e+03
  -1.6319076e+03
  -1.6344558e+03
  -1.6370156e+03
  -1.6393929e+03
  -1.6421952e+03
  -1.6440619e+03
  -1.6457488e+03
  -1.6481437e+03
  -1.6511930e+03
  -1.6481745e+03
  -1.6506149e+03
  -1.6531219e+03
  -1.6557314e+03
  -1.6584606e+03
  -1.6615501e+03
  -1.6634737e+03
  -1.6630595e+03
  -1.6654599e+03
  -1.6628235e+03
  -1.6651962e+03
  -1.6678197e+03
  -1.6705033e+03
  -1.6733562e+03
  -1.6762848e+03
  -1.6791611e+03
  -1.6819592e+03
  -1.6849404e+03
  -1.6822598e+03
  -1.6852450e+03
  -1.6827562e+03
  -1.6796177e+03
  -1.6822000e+03
  -1.6851189e+03
  -1.6878535e+03
  -1.6903865e+03
  -1.6878144e+03
  -1.6902777e+03
  -1.6872674e+03
  -1.6896345e+03
  -1.6921124e+03
  -1.6900828e+03
  -1.6930000e+03
  -1.6901602e+03
  -1.6929133e+03
  -1.6954431e+03
  -1.6979467e+03
  -1.7009814e+03
  -1.7030226e+03
  -1.7039585e+03
  -1.7037107e+03
  -1.7049954e+03
  -1.7063862e+03
  -1.7086832e+03
  -1.7057203e+03
  -1.7082472e+03
  -1.7110794e+03
  -1.7141193e+03
  -1.7164567e+03
  -1.7190812e+03
  -1.7217751e+03
  -1.7241175e+03
  -1.7271857e+03
  -1.7299933e+03
  -1.7307615e+03
  -1.7313113e+03
  -1.7333036e+03
  -1.7356013e+03
  -1.7387423e+03
  -1.7407955e+03
  -1.7423783e+03
  -1.7447407e+03
  -1.7473059e+03
  -1.7494454e+03
  -1.7518870e+03
  -1.7487674e+03
  -1.7511680e+03
  -1.7531724e+03
  -1.7535012e+03
  -1.7552991e+03
  -1.7523380e+03
  -1.7546067e+03
  -1.7573380e+03
  -1.7599820e+03
  -1.7622653e+03
  -1.7650520e+03
  -1.7679149e+03
  -1.7694925e+03
  -1.7705676e+03
  -1.7732857e+03
  -1.7762994e+03
  -1.7785763e+03
  -1.7813342e+03
  -1.7784244e+03
  -1.7810078e+03
  -1.7834767e+03
  -1.7859025e+03
  -1.7842181e+03
  -1.7871430e+03
  -1.7897215e+03
  -1.7866477e+03
  -1.7891421e+03
  -1.7911713e+03
  -1.7932434e+03
  -1.7947766e+03
  -1.7966313e+03
  -1.7988141e+03
  -1.8016735e+03
  -1.8040163e+03
  -1.8061363e+03
  -1.8087386e+03
  -1.8104892e+03
  -1.8115100e+03
  -1.8138647e+03
  -1.8166299e+03
  -1.8192372e+03
  -1.8165951e+03
  -1.8191204e+03
  -1.8218800e+03
  -1.8190438e+03
  -1.8217665e+03
  -1.8242642e+03
  -1.8268201e+03
  -1.8294934e+03
  -1.8325762e+03
  -1.8355470e+03
  -1.8338982e+03
  -1.8367716e+03
  -1.8391891e+03
  -1.8416740e+03
  -1.8442055e+03
  -1.8414938e+03
  -1.8442034e+03
  -1.8417494e+03
  -1.8442758e+03
  -1.8467889e+03
  -1.8436855e+03
  -1.8408595e+03
  -1.8419027e+03
  -1.8428411e+03
  -1.8447832e+03
  -1.8474191e+03
  -1.8501829e+03
  -1.8526440e+03
  -1.8553037e+03
  -1.8576695e+03
  -1.8600578e+03
  -1.8627248e+03
  -1.8644148e+03
  -1.8660065e+03
  -1.8683170e+03
  -1.8708347e+03
  -1.8729571e+03
  -1.8753102e+03
  -1.8782892e+03
  -1.8806339e+03
  -1.8837101e+03
  -1.8810917e+03
  -1.8835156e+03
  -1.8856646e+03
  -1.8878195e+03
  -1.8904393e+03
  -1.8929206e+03
  -1.8952185e+03
  -1.8976925e+03
  -1.9001229e+03
  -1.9023954e+03
  -1.9047363e+03
  -1.9069599e+03
  -1.9089162e+03
  -1.9110154e+03
  -1.9135382e+03
  -1.9157671e+03
  -1.9180955e+03
  -1.9150763e+03
  -1.9153731e+03
  -1.9168705e+03
  -1.9190550e+03
  -1.9215939e+03
  -1.9247258e+03
  -1.9274807e+03
  -1.9299411e+03
  -1.9329369e+03
  -1.9356306e+03
  -1.9384013e+03
  -1.9413285e+03
  -1.9437434e+03
  -1.9454705e+03
  -1.9466125e+03
  -1.9483722e+03
  -1.9511465e+03
  -1.9540692e+03
  -1.9559477e+03
  -1.9557332e+03
  -1.9569767e+03
  -1.9599194e+03
  -1.9623663e+03
  -1.9651424e+03
  -1.9680420e+03
  -1.9695868e+03
  -1.9691327e+03
  -1.9719741e+03
  -1.9690344e+03
  -1.9714154e+03
  -1.9738051e+03
  -1.9724458e+03
  -1.9748320e+03
  -1.9779097e+03
  -1.9803933e+03
  -1.9829469e+03
  -1.9860739e+03
  -1.9882852e+03
  -1.9905077e+03
  -1.9935065e+03
  -1.9962666e+03
  -1.9933928e+03
  -1.9929430e+03
  -1.9946987e+03
  -1.9925244e+03
  -1.9949659e+03
  -1.9922603e+03
  -1.9950230e+03
  -1.9975765e+03
  -2.0004100e+03
  -2.0025896e+03
  -2.0047245e+03
  -2.0031871e+03
  -2.0053239e+03
  -2.0021950e+03
  -1.9991779e+03
  -2.0016448e+03
  -1.9986010e+03
  -2.0010561e+03
  -2.0029614e+03
  -2.0036085e+03
  -2.0052830e+03
  -2.0076164e+03
  -2.0105566e+03
  -2.0133574e+03
  -2.0158149e+03
  -2.0181967e+03
  -2.0205539e+03
  -2.0231045e+03
  -2.0246215e+03
  -2.0264154e+03
  -2.0284963e+03
  -2.0262496e+03
  -2.0287772e+03
  -2.0312363e+03
  -2.0343017e+03
  -2.0374424e+03
  -2.0349385e+03
  -2.0372838e+03
  -2.0394225e+03
  -2.0374148e+03
  -2.0396442e+03
  -2.0366571e+03
  -2.0397242e+03
  -2.0417618e+03
  -2.0442468e+03
  -2.0471604e+03
  -2.0483096e+03
  -2.0494025e+03
  -2.0517565e+03
  -2.0546837e+03
  -2.0569044e+03
  -2.0597202e+03
  -2.0628568e+03
  -2.0651840e+03
  -2.0624421e+03
  -2.0598433e+03
  -2.0623742e+03
  -2.0645429e+03
  -2.0671885e+03
  -2.0696191e+03
  -2.0716579e+03
  -2.0742130e+03
  -2.0767871e+03
  -2.0792902e+03
  -2.0819774e+03
  -2.0847019e+03
  -2.0876179e+03
  -2.0900398e+03
  -2.0873553e+03
  -2.0899647e+03
  -2.0923261e+03
  -2.0894319e+03
  -2.0921580e+03
  -2.0947209e+03
  -2.0970164e+03
  -2.0960688e+03
  -2.0983925e+03
  -2.0958906e+03
  -2.0982311e+03
  -2.1005754e+03
  -2.1032895e+03
  -2.1057623e+03
  -2.1080352e+03
  -2.1107741e+03
  -2.1128487e+03
  -2.1145787e+03
  -2.1168635e+03
  -2.1193952e+03
  -2.1219347e+03
  -2.1189591e+03
  -2.1215573e+03
  -2.1242938e+03
  -2.1214907e+03
  -2.1239358e+03
  -2.1264665e+03
  -2.1292168e+03
  -2.1313923e+03
  -2.1331314e+03
  -2.1350773e+03
  -2.1371757e+03
  -2.1392429e+03
  -2.1419357e+03
  -2.1448796e+03
  -2.1470813e+03
  -2.1495186e+03
  -2.1514051e+03
  -2.1514055e+03
  -2.1535684e+03
  -2.1564079e+03
  -2.1587317e+03
  -2.1608360e+03
  -2.1634438e+03
  -2.1644179e+03
  -2.1661399e+03
  -2.1686683e+03
  -2.1716874e+03
  -2.1740073e+03
  -2.1766134e+03
  -2.1787942e+03
  -2.1805754e+03
  -2.1826765e+03
  -2.1852327e+03
  -2.1875711e+03
  -2.1901839e+03
  -2.1928440e+03
  -2.1953683e+03
  -2.1928578e+03
  -2.1897430e+03
  -2.1921338e+03
  -2.1949177e+03
  -2.1976694e+03
  -2.1948358e+03
  -2.1972087e+03
  -2.1962491e+03
  -2.1980261e+03
  -2.2002762e+03
  -2.2033136e+03
  -2.2059267e+03
  -2.2083841e+03
  -2.2109819e+03
  -2.2081307e+03
  -2.2105978e+03
  -2.2124869e+03
  -2.2143278e+03
  -2.2164750e+03
  -2.2188880e+03
  -2.2219653e+03
  -2.2243436e+03
  -2.2268350e+03
  -2.2239085e+03
  -2.2261218e+03
  -2.2280645e+03
  -2.2289348e+03
  -2.2305364e+03
  -2.2335436e+03
  -2.2362375e+03
  -2.2331101e+03
  -2.2356338e+03
  -2.2380576e+03
  -2.2408732e+03
  -2.2437501e+03
  -2.2464859e+03
  -2.2485813e+03
  -2.2501184e+03
  -2.2515781e+03
  -2.2545208e+03
  -2.2567727e+03
  -2.2585734e+03
  -2.2605587e+03
  -2.2636948e+03
  -2.2644623e+03
  -2.2664100e+03
  -2.2688279e+03
  -2.2715345e+03
  -2.2741383e+03
  -2.2767222e+03
  -2.2792236e+03
  -2.2818087e+03
  -2.2790479e+03
  -2.2768392e+03
  -2.2797471e+03
  -2.2824211e+03
  -2.2851979e+03
  -2.2877958e+03
  -2.2905920e+03
  -2.2876737e+03
  -2.2892690e+03
  -2.2889294e+03
  -2.2907745e+03
  -2.2930456e+03
  -2.2959004e+03
  -2.2978336e+03
  -2.2991700e+03
  -2.3010189e+03
  -2.3038932e+03
  -2.3060558e+03
  -2.3086262e+03
  -2.3114404e+03
  -2.3135545e+03
  -2.3152249e+03
  -2.3146285e+03
  -2.3163514e+03
  -2.3184562e+03
  -2.3201521e+03
  -2.3219483e+03
  -2.3244907e+03
  -2.3217962e+03
  -2.3241223e+03
  -2.3268285e+03
  -2.3294105e+03
  -2.3317866e+03
  -2.3344725e+03
  -2.3371364e+03
  -2.3397884e+03
  -2.3425399e+03
  -2.3445115e+03
  -2.3459322e+03
  -2.3481517e+03
  -2.3506175e+03
  -2.3529207e+03
  -2.3559642e+03
  -2.3585373e+03
  -2.3607303e+03
  -2.3580757e+03
  -2.3552531e+03
  -2.3528068e+03
  -2.3549819e+03
  -2.3572937e+03
  -2.3596520e+03
  -2.3616449e+03
  -2.3636713e+03
  -2.3663253e+03
  -2.3685527e+03
  -2.3706875e+03
  -2.3731348e+03
  -2.3756827e+03
  -2.3779917e+03
  -2.3804301e+03
  -2.3825788e+03
  -2.3840300e+03
  -2.3857997e+03
  -2.3885993e+03
  -2.3914203e+03
  -2.3939406e+03
  -2.3963390e+03
  -2.3987542e+03
  -2.3957779e+03
  -2.3982529e+03
  -2.4007459e+03
  -2.4025817e+03
  -2.4039346e+03
  -2.4060647e+03
  -2.4029856e+03
  -2.4050362e+03
  -2.4027995e+03
  -2.4053600e+03
  -2.4075110e+03
  -2.4104853e+03
  -2.4075582e+03
  -2.4102765e+03
  -2.4124008e+03
  -2.4149148e+03
  -2.4119255e+03
  -2.4134903e+03
  -2.4139218e+03
  -2.4153070e+03
  -2.4160946e+03
  -2.4173218e+03
  -2.4191916e+03
  -2.4215769e+03
  -2.4244941e+03
  -2.4261569e+03
  -2.4269541e+03
  -2.4255760e+03
  -2.4265459e+03
  -2.4278937e+03
  -2.4290064e+03
  -2.4293866e+03
  -2.4265792e+03
  -2.4287620e+03
  -2.4313173e+03
  -2.4338708e+03
  -2.4359060e+03
  -2.4380330e+03
  -2.4404641e+03
  -2.4426800e+03
  -2.4448629e+03
  -2.4472575e+03
  -2.4495924e+03
  -2.4519085e+03
  -2.4543185e+03
  -2.4566556e+03
  -2.4589976e+03
  -2.4613944e+03
  -2.4634872e+03
  -2.4653377e+03
  -2.4673388e+03
  -2.4693003e+03
  -2.4713495e+03
  -2.4740652e+03
  -2.4763791e+03
  -2.4773756e+03
  -2.4787258e+03
  -2.4815690e+03
  -2.4836958e+03
  -2.4857885e+03
  -2.4881608e+03
  -2.4902016e+03
  -2.4919207e+03
  -2.4939808e+03
  -2.4962937e+03
  -2.4988206e+03
  -2.5015940e+03
  -2.5041365e+03
  -2.5069897e+03
  -2.5096402e+03
  -2.5080606e+03
  -2.5108209e+03
  -2.5134164e+03
  -2.5159730e+03
  -2.5189018e+03
  -2.5215997e+03
  -2.5241158e+03
  -2.5213714e+03
  -2.5243162e+03
  -2.5216935e+03
  -2.5240664e+03
  -2.5268368e+03
  -2.5294570e+03
  -2.5321155e+03
  -2.5344588e+03
  -2.5362890e+03
  -2.5382168e+03
  -2.5411667e+03
  -2.5433458e+03
  -2.5456965e+03
  -2.5480549e+03
  -2.5454975e+03
  -2.5465082e+03
  -2.5473203e+03
  -2.5488897e+03
  -2.5510743e+03
  -2.5484457e+03
  -2.5503878e+03
  -2.5531096e+03
  -2.5500649e+03
  -2.5531712e+03
  -2.5559102e+03
  -2.5551443e+03
  -2.5567220e+03
  -2.5593578e+03
  -2.5566030e+03
  -2.5593131e+03
  -2.5623812e+03
  -2.5648425e+03
  -2.5679235e+03
  -2.5700465e+03
  -2.5699410e+03
  -2.5713138e+03
  -2.5740850e+03
  -2.5766556e+03
  -2.5789828e+03
  -2.5818454e+03
  -2.5842456e+03
  -2.5859993e+03
  -2.5878598e+03
  -2.5899566e+03
  -2.5923646e+03
  -2.5947762e+03
  -2.5969788e+03
  -2.5992636e+03
  -2.6014736e+03
  -2.6033384e+03
  -2.6053279e+03
  -2.6077502e+03
  -2.6100437e+03
  -2.6122693e+03
  -2.6146248e+03
  -2.6167709e+03
  -2.6186353e+03
  -2.6205267e+03
  -2.6226369e+03
  -2.6248379e+03
  -2.6271012e+03
  -2.6294014e+03
  -2.6315319e+03
  -2.6334022e+03
  -2.6352402e+03
  -2.6373448e+03
  -2.6395131e+03
  -2.6415422e+03
  -2.6436585e+03
  -2.6459297e+03
  -2.6481050e+03
  -2.6503160e+03
  -2.6526616e+03
  -2.6550138e+03
  -2.6574173e+03
  -2.6599156e+03
  -2.6623857e+03
  -2.6648669e+03
  -2.6671880e+03
  -2.6680833e+03
  -2.6690281e+03
  -2.6717782e+03
  -2.6743631e+03
  -2.6767985e+03
  -2.6797740e+03
  -2.6826863e+03
  -2.6801690e+03
  -2.6830485e+03
  -2.6858103e+03
  -2.6879992e+03
  -2.6897742e+03
  -2.6894213e+03
  -2.6873513e+03
  -2.6896440e+03
  -2.6917200e+03
  -2.6940593e+03
  -2.6966355e+03
  -2.6988549e+03
  -2.7006810e+03
  -2.7026706e+03
  -2.7048897e+03
  -2.7071328e+03
  -2.7093256e+03
  -2.7114849e+03
  -2.7142718e+03
  -2.7150978e+03
  -2.7166479e+03
  -2.7187082e+03
  -2.7217896e+03
  -2.7240894e+03
  -2.7262047e+03
  -2.7240257e+03
  -2.7255623e+03
  -2.7251204e+03
  -2.7267571e+03
  -2.7289149e+03
  -2.7286315e+03
  -2.7309338e+03
  -2.7283992e+03
  -2.7307210e+03
  -2.7330896e+03
  -2.7358268e+03
  -2.7381091e+03
  -2.7406135e+03
  -2.7434721e+03
  -2.7445124e+03
  -2.7445404e+03
  -2.7465685e+03
  -2.7436714e+03
  -2.7457918e+03
  -2.7474295e+03
  -2.7488468e+03
  -2.7510390e+03
  -2.7535425e+03
  -2.7561640e+03
  -2.7584463e+03
  -2.7609910e+03
  -2.7633265e+03
  -2.7650596e+03
  -2.7680853e+03
  -2.7691919e+03
  -2.7707135e+03
  -2.7722066e+03
  -2.7711009e+03
  -2.7726858e+03
  -2.7744627e+03
  -2.7733465e+03
  -2.7758700e+03
  -2.7730713e+03
  -2.7755674e+03
  -2.7773770e+03
  -2.7791236e+03
  -2.7814525e+03
  -2.7839467e+03
  -2.7863606e+03
  -2.7892274e+03
  -2.7917811e+03
  -2.7946109e+03
  -2.7974289e+03
  -2.8001159e+03
  -2.8028321e+03
  -2.8054833e+03
  -2.8085389e+03
  -2.8110022e+03
  -2.8089597e+03
  -2.8116533e+03
  -2.8139242e+03
  -2.8168733e+03
  -2.8141896e+03
  -2.8169704e+03
  -2.8190334e+03
  -2.8209082e+03
  -2.8188655e+03
  -2.8204128e+03
  -2.8204268e+03
  -2.8214037e+03
  -2.8218206e+03
  -2.8222379e+03
  -2.8214895e+03
  -2.8232795e+03
  -2.8255485e+03
  -2.8275880e+03
  -2.8284121e+03
  -2.8294538e+03
  -2.8313628e+03
  -2.8342662e+03
  -2.8370318e+03
  -2.8345687e+03
  -2.8372325e+03
  -2.8400784e+03
  -2.8426996e+03
  -2.8458310e+03
  -2.8432024e+03
  -2.8455633e+03
  -2.8484009e+03
  -2.8510171e+03
  -2.8535363e+03
  -2.8504492e+03
  -2.8529421e+03
  -2.8554966e+03
  -2.8535154e+03
  -2.8560327e+03
  -2.8589184e+03
  -2.8613293e+03
  -2.8635528e+03
  -2.8658376e+03
  -2.8684002e+03
  -2.8708676e+03
  -2.8731056e+03
  -2.8755921e+03
  -2.8724968e+03
  -2.8754968e+03
  -2.8782664e+03
  -2.8812337e+03
  -2.8835606e+03
  -2.8846498e+03
  -2.8843783e+03
  -2.8858658e+03
  -2.8852642e+03
  -2.8862175e+03
  -2.8850464e+03
  -2.8867251e+03
  -2.8842705e+03
  -2.8868007e+03
  -2.8890920e+03
  -2.8920552e+03
  -2.8897747e+03
  -2.8918884e+03
  -2.8937612e+03
  -2.8919325e+03
  -2.8939041e+03
  -2.8915966e+03
  -2.8939680e+03
  -2.8912818e+03
  -2.8938248e+03
  -2.8960322e+03
  -2.8984167e+03
  -2.9001954e+03
  -2.8986008e+03
  -2.8989535e+03
  -2.9002142e+03
  -2.9019250e+03
  -2.9049329e+03
  -2.9074346e+03
  -2.9092912e+03
  -2.9110877e+03
  -2.9128629e+03
  -2.9154600e+03
  -2.9124621e+03
  -2.9144596e+03
  -2.9167688e+03
  -2.9138385e+03
  -2.9162806e+03
  -2.9193695e+03
  -2.9222107e+03
  -2.9236484e+03
  -2.9245479e+03
  -2.9258352e+03
  -2.9239806e+03
  -2.9256919e+03
  -2.9234978e+03
  -2.9254513e+03
  -2.9276463e+03
  -2.9252286e+03
  -2.9249684e+03
  -2.9260951e+03
  -2.9285888e+03
  -2.9313672e+03
  -2.9334384e+03
  -2.9302996e+03
  -2.9332423e+03
  -2.9360878e+03
  -2.9388428e+03
  -2.9374122e+03
  -2.9392581e+03
  -2.9415837e+03
  -2.9392243e+03
  -2.9411773e+03
  -2.9392040e+03
  -2.9418858e+03
  -2.9389718e+03
  -2.9415417e+03
  -2.9444438e+03
  -2.9470768e+03
  -2.9498101e+03
  -2.9524120e+03
  -2.9517386e+03
  -2.9538023e+03
  -2.9560427e+03
  -2.9587108e+03
  -2.9613456e+03
  -2.9631447e+03
  -2.9643186e+03
  -2.9664630e+03
  -2.9687731e+03
  -2.9709501e+03
  -2.9732946e+03
  -2.9758676e+03
  -2.9782182e+03
  -2.9804385e+03
  -2.9827186e+03
  -2.9849162e+03
  -2.9869790e+03
  -2.9891749e+03
  -2.9917079e+03
  -2.9938652e+03
  -2.9955313e+03
  -2.9965812e+03
  -2.9993620e+03
  -3.0012332e+03
  -3.0029428e+03
  -3.0004547e+03
  -3.0025695e+03
  -3.0031882e+03
  -3.0042423e+03
  -3.0070930e+03
  -3.0094399e+03
  -3.0118992e+03
  -3.0144463e+03
  -3.0166821e+03
  -3.0192709e+03
  -3.0211797e+03
  -3.0223460e+03
  -3.0239123e+03
  -3.0268666e+03
  -3.0295210e+03
  -3.0317803e+03
  -3.0344456e+03
  -3.0365812e+03
  -3.0383828e+03
  -3.0401769e+03
  -3.0421175e+03
  -3.0442887e+03
  -3.0470695e+03
  -3.0493443e+03
  -3.0511651e+03
  -3.0526322e+03
  -3.0538127e+03
  -3.0551703e+03
  -3.0532933e+03
  -3.0547558e+03
  -3.0563023e+03
  -3.0593424e+03
  -3.0617383e+03
  -3.0636845e+03
  -3.0658918e+03
  -3.0682056e+03
  -3.0705031e+03
  -3.0726800e+03
  -3.0741543e+03
  -3.0754286e+03
  -3.0731422e+03
  -3.0751320e+03
  -3.0768501e+03
  -3.0790807e+03
  -3.0813920e+03
  -3.0821410e+03
  -3.0838108e+03
  -3.0809305e+03
  -3.0828657e+03
  -3.0847019e+03
  -3.0871039e+03
  -3.0894268e+03
  -3.0893870e+03
  -3.0905368e+03
  -3.0899793e+03
  -3.0919328e+03
  -3.0942020e+03
  -3.0964888e+03
  -3.0988605e+03
  -3.1011896e+03
  -3.1013526e+03
  -3.1032003e+03
  -3.1057202e+03
  -3.1080500e+03
  -3.1099663e+03
  -3.1116549e+03
  -3.1137056e+03
  -3.1158065e+03
  -3.1181411e+03
  -3.1206646e+03
  -3.1234142e+03
  -3.1260676e+03
  -3.1281830e+03
  -3.1299917e+03
  -3.1315582e+03
  -3.1334004e+03
  -3.1356444e+03
  -3.1384572e+03
  -3.1407580e+03
  -3.1429379e+03
  -3.1455046e+03
  -3.1477605e+03
  -3.1495629e+03
  -3.1515414e+03
  -3.1535447e+03
  -3.1558936e+03
  -3.1585980e+03
  -3.1602322e+03
  -3.1607137e+03
  -3.1629270e+03
  -3.1655227e+03
  -3.1678471e+03
  -3.1702270e+03
  -3.1726692e+03
  -3.1749265e+03
  -3.1771270e+03
  -3.1794400e+03
  -3.1816000e+03
  -3.1835863e+03
  -3.1857101e+03
  -3.1883588e+03
  -3.1906341e+03
  -3.1920205e+03
  -3.1934906e+03
  -3.1956282e+03
  -3.1980015e+03
  -3.2006603e+03
  -3.2031445e+03
  -3.2053896e+03
  -3.2078106e+03
  -3.2050576e+03
  -3.2041429e+03
  -3.2062655e+03
  -3.2082774e+03
  -3.2063298e+03
  -3.2079757e+03
  -3.2090375e+03
  -3.2096934e+03
  -3.2116778e+03
  -3.2091590e+03
  -3.2110717e+03
  -3.2137875e+03
  -3.2107526e+03
  -3.2130047e+03
  -3.2151306e+03
  -3.2169686e+03
  -3.2180536e+03
  -3.2204948e+03
  -3.2222426e+03
  -3.2242010e+03
  -3.2270738e+03
  -3.2286442e+03
  -3.2299411e+03
  -3.2321547e+03
  -3.2292714e+03
  -3.2314958e+03
  -3.2340626e+03
  -3.2362298e+03
  -3.2375911e+03
  -3.2374790e+03
  -3.2344388e+03
  -3.2371782e+03
  -3.2395493e+03
  -3.2418696e+03
  -3.2447722e+03
  -3.2475790e+03
  -3.2493710e+03
  -3.2495904e+03
  -3.2514772e+03
  -3.2535096e+03
  -3.2553291e+03
  -3.2578391e+03
  -3.2603320e+03
  -3.2621939e+03
  -3.2644371e+03
  -3.2667991e+03
  -3.2690328e+03
  -3.2719094e+03
  -3.2744611e+03
  -3.2763578e+03
  -3.2780969e+03
  -3.2803887e+03
  -3.2826557e+03
  -3.2846321e+03
  -3.2866051e+03
  -3.2839538e+03
  -3.2868015e+03
  -3.2898381e+03
  -3.2920216e+03
  -3.2922593e+03
  -3.2931682e+03
  -3.2954163e+03
  -3.2929248e+03
  -3.2950970e+03
  -3.2980821e+03
  -3.3007606e+03
  -3.3032353e+03
  -3.3053703e+03
  -3.3069078e+03
  -3.3084306e+03
  -3.3107172e+03
  -3.3117816e+03
  -3.3115437e+03
  -3.3133418e+03
  -3.3103169e+03
  -3.3133204e+03
  -3.3106612e+03
  -3.3128403e+03
  -3.3147386e+03
  -3.3129333e+03
  -3.3151116e+03
  -3.3132089e+03
  -3.3154303e+03
  -3.3176927e+03
  -3.3199831e+03
  -3.3218849e+03
  -3.3226843e+03
  -3.3248762e+03
  -3.3220549e+03
  -3.3243456e+03
  -3.3268305e+03
  -3.3292370e+03
  -3.3316291e+03
  -3.3288809e+03
  -3.3269095e+03
  -3.3291423e+03
  -3.3316170e+03
