   3.1619602e+01
   3.3955171e+01
   3.5496706e+01
   3.5447786e+01
   3.6505063e+01
   3.7120540e+01
   3.7043260e+01
   3.7819984e+01
   3.7876208e+01
   3.7867578e+01
   3.8997274e+01
   3.8896828e+01
   3.8864648e+01
   4.0255546e+01
   3.9324591e+01
   3.5848201e+01
   3.6909429e+01
   3.7730969e+01
   3.5867134e+01
   3.4464842e+01
   3.5702730e+01
   3.9927215e+01
   4.2319542e+01
   4.3646705e+01
   4.5984723e+01
   4.7957366e+01
   4.9520238e+01
   5.1282762e+01
   5.2533002e+01
   5.3618082e+01
   5.5449566e+01
   5.7300065e+01
   5.8646179e+01
   5.9699637e+01
   6.0504162e+01
   6.1033549e+01
   6.1436358e+01
   6.1725340e+01
   6.1861994e+01
   6.2027613e+01
   6.2306557e+01
   6.2547891e+01
   6.2676011e+01
   6.2731512e+01
   6.2789857e+01
   6.2863287e+01
   6.2831177e+01
   6.2683463e+01
   6.2570582e+01
   6.2435063e+01
   6.2080634e+01
   6.1501651e+01
   6.0734063e+01
   5.9733757e+01
   5.8619593e+01
   5.7568050e+01
   5.6500883e+01
   5.5376098e+01
   5.4269261e+01
   5.3052404e+01
   5.1649844e+01
   5.0222848e+01
   4.8852492e+01
   4.7547163e+01
   4.6316818e+01
   4.5148141e+01
   4.4059729e+01
   4.2920489e+01
   4.1770294e+01
   4.0760711e+01
   3.9731310e+01
   3.9092577e+01
   3.9065917e+01
   3.9028066e+01
   3.9049798e+01
   3.9133844e+01
   3.9035539e+01
   3.8994951e+01
   3.9087921e+01
   3.9224284e+01
   3.9375675e+01
   3.9368637e+01
   3.9246161e+01
   3.9080653e+01
   3.8803145e+01
   3.8584515e+01
   3.8382022e+01
   3.7954603e+01
   3.7520958e+01
   3.7115994e+01
   3.6483967e+01
   3.5974762e+01
   3.5762228e+01
   3.5482952e+01
   3.5306610e+01
   3.5261335e+01
   3.5009646e+01
   3.4837415e+01
   3.4902747e+01
   3.4826912e+01
   3.4816677e+01
   3.5067950e+01
   3.5182998e+01
   3.5254573e+01
   3.5479581e+01
   3.5568823e+01
   3.5595203e+01
   3.5714788e+01
   3.5695478e+01
   3.5617358e+01
   3.5577915e+01
   3.5379530e+01
   3.5182328e+01
   3.5025983e+01
   3.4611882e+01
   3.4162643e+01
   3.3822200e+01
   3.3195886e+01
   3.2354774e+01
   3.1449330e+01
   3.0137571e+01
   2.8394784e+01
   2.6102925e+01
   2.2263256e+01
   1.5167277e+01
   8.8989021e+00
   1.9609818e+01
   2.4029070e+01
   2.6203083e+01
   2.7637096e+01
   2.8504526e+01
   2.8732022e+01
   2.8407276e+01
   2.7268417e+01
   2.5408701e+01
   2.3675730e+01
   2.2017258e+01
   2.2005316e+01
   2.4557435e+01
   2.6949585e+01
   2.8672719e+01
   2.9588390e+01
   3.0035268e+01
   3.0542103e+01
   3.0853513e+01
   3.1009450e+01
   3.1350674e+01
   3.1515935e+01
   3.1577131e+01
   3.1858185e+01
   3.1928900e+01
   3.1874717e+01
   3.2043904e+01
   3.2045720e+01
   3.1970525e+01
   3.2083041e+01
   3.1971353e+01
   3.1760574e+01
   3.1740625e+01
   3.1561971e+01
   3.1362910e+01
   3.1320196e+01
   3.1059992e+01
   3.0784390e+01
   3.0668894e+01
   3.0338236e+01
   3.0008008e+01
   2.9817553e+01
   2.9400427e+01
   2.9024467e+01
   2.8802393e+01
   2.8302551e+01
   2.7839996e+01
   2.7621564e+01
   2.7225782e+01
   2.6940086e+01
   2.6852017e+01
   2.6445803e+01
   2.6060854e+01
   2.5933641e+01
   2.5583903e+01
   2.5368312e+01
   2.5475891e+01
   2.5272662e+01
   2.5043854e+01
   2.5057369e+01
   2.4760635e+01
   2.4490753e+01
   2.4526732e+01
   2.4219330e+01
   2.3872287e+01
   2.3807772e+01
   2.3373123e+01
   2.2943123e+01
   2.2926737e+01
   2.2526826e+01
   2.1982659e+01
   2.1830484e+01
   2.1371545e+01
   2.0799059e+01
   2.0640517e+01
   2.0252251e+01
   1.9924539e+01
   2.0196570e+01
   2.0171913e+01
   1.9993140e+01
   2.0405778e+01
   2.0699445e+01
   2.0855032e+01
   2.1474262e+01
   2.1910425e+01
   2.2185216e+01
   2.2908506e+01
   2.3443920e+01
   2.3709281e+01
   2.4270027e+01
   2.4704057e+01
   2.4931423e+01
   2.5370456e+01
   2.5616923e+01
   2.5689288e+01
   2.6081066e+01
   2.6357822e+01
   2.6317226e+01
   2.6294973e+01
   2.6101019e+01
   2.5713106e+01
   2.5344148e+01
   2.4483589e+01
   2.3089186e+01
   2.2137680e+01
   2.1452352e+01
   2.0857738e+01
   2.0838947e+01
   2.0532736e+01
   2.0023037e+01
   1.9916860e+01
   1.9383408e+01
   1.8599973e+01
   1.8177601e+01
   1.7260083e+01
   1.6121872e+01
   1.5318581e+01
   1.3983779e+01
   1.2832521e+01
   1.1987084e+01
   9.5172094e+00
   6.7159890e+00
   4.5527620e+00
  -1.6375429e+00
  -1.5307815e+01
  -7.8751642e+00
   1.1609720e+00
   3.9782542e+00
   5.1905837e+00
   8.0297604e+00
   9.2740263e+00
   9.7408964e+00
   1.1253033e+01
   1.1823541e+01
   1.1941129e+01
   1.3012506e+01
   1.3503762e+01
   1.3528203e+01
   1.4015319e+01
   1.3961337e+01
   1.3764151e+01
   1.4300998e+01
   1.4372184e+01
   1.4227883e+01
   1.4634198e+01
   1.4581131e+01
   1.4427445e+01
   1.4807807e+01
   1.4786641e+01
   1.4832699e+01
   1.5305215e+01
   1.5050967e+01
   1.4655015e+01
   1.4980315e+01
   1.4888234e+01
   1.4685426e+01
   1.5042275e+01
   1.5069754e+01
   1.5096050e+01
   1.5392243e+01
   1.5175403e+01
   1.5089397e+01
   1.5355435e+01
   1.5045783e+01
   1.4858007e+01
   1.5055119e+01
   1.4610381e+01
   1.4230408e+01
   1.4251876e+01
   1.3567565e+01
   1.2946710e+01
   1.3009601e+01
   1.2332728e+01
   1.1480757e+01
   1.1356242e+01
   1.0712842e+01
   1.0179863e+01
   1.0490936e+01
   1.0117661e+01
   9.6812659e+00
   1.0175290e+01
   1.0108686e+01
   1.0041025e+01
   1.1094742e+01
   1.1554863e+01
   1.1486926e+01
   1.2277189e+01
   1.2656027e+01
   1.2308038e+01
   1.2980941e+01
   1.3844317e+01
   1.3892951e+01
   1.3955927e+01
   1.3847969e+01
   1.3062289e+01
   1.2549799e+01
   1.2103356e+01
   1.1015784e+01
   1.0900752e+01
   1.1188050e+01
   1.0806067e+01
   1.1046590e+01
   1.1338465e+01
   1.1177477e+01
   1.1577488e+01
   1.1670197e+01
   1.1207891e+01
   1.1393363e+01
   1.1397686e+01
   1.0964481e+01
   1.1220571e+01
   1.1133181e+01
   1.0426899e+01
   1.0749101e+01
   1.0920237e+01
   1.0283638e+01
   1.0648516e+01
   1.1236719e+01
   1.1088101e+01
   1.1403939e+01
   1.1636270e+01
   1.1273758e+01
   1.1580662e+01
   1.1875557e+01
   1.1561678e+01
   1.1994719e+01
   1.2309917e+01
   1.1729972e+01
   1.1886044e+01
   1.2242651e+01
   1.1776157e+01
   1.1950082e+01
   1.2341577e+01
   1.1891712e+01
   1.1930468e+01
   1.2125426e+01
   1.1504039e+01
   1.1449085e+01
   1.1674501e+01
   1.1032611e+01
   1.0812160e+01
   1.0914604e+01
   1.0443404e+01
   1.0593901e+01
   1.0795921e+01
   1.0200188e+01
   1.0224160e+01
   1.0417009e+01
   9.6110471e+00
   9.1997060e+00
   9.0756195e+00
   7.8795090e+00
   7.2250364e+00
   7.4204615e+00
   6.7508703e+00
   6.6060334e+00
   6.8834784e+00
   5.9791857e+00
   5.8414606e+00
   6.3267073e+00
   5.3417904e+00
   4.9047633e+00
   5.6345755e+00
   4.9884735e+00
   4.6868159e+00
   5.7994752e+00
   5.3457736e+00
   4.4928978e+00
   5.4982506e+00
   5.4539600e+00
   4.5744544e+00
   5.4438698e+00
   5.7467959e+00
   5.2872560e+00
   6.1995187e+00
   6.5378572e+00
   5.6941946e+00
   6.1527529e+00
   6.8913188e+00
   7.1348678e+00
   8.1481402e+00
   8.8832500e+00
   9.2395017e+00
   1.0107022e+01
   1.0547358e+01
   1.0525570e+01
   1.0965498e+01
   1.1019287e+01
   1.0666446e+01
   1.1009139e+01
   1.1098820e+01
   1.0900511e+01
   1.1408506e+01
   1.1478287e+01
   1.1182596e+01
   1.1671149e+01
   1.1853026e+01
   1.1683713e+01
   1.2172343e+01
   1.2305522e+01
   1.2025650e+01
   1.2230984e+01
   1.2162167e+01
   1.1943572e+01
   1.2284317e+01
   1.2114564e+01
   1.1599601e+01
   1.1770299e+01
   1.1618231e+01
   1.1163144e+01
   1.1310045e+01
   1.1109972e+01
   1.0550691e+01
   1.0511984e+01
   1.0155507e+01
   9.6648227e+00
   9.7752378e+00
   9.3903033e+00
   8.8068637e+00
   8.7704785e+00
   8.0698559e+00
   7.2393535e+00
   7.3317934e+00
   6.6653957e+00
   5.8346757e+00
   6.1413767e+00
   5.4392356e+00
   4.4913121e+00
   4.9159844e+00
   4.3032081e+00
   3.1969631e+00
   3.6088934e+00
   3.1227478e+00
   2.2585742e+00
   2.6812257e+00
   1.7031105e+00
   5.0037187e-01
   1.4371671e+00
   6.9648904e-01
  -7.5958967e-01
   6.7856543e-01
   3.0270777e-01
  -1.7693266e+00
  -1.5361985e+00
  -1.5792716e+00
  -2.9124305e+00
  -2.4180095e+00
  -2.8349278e+00
  -5.2896846e+00
  -3.8438094e+00
  -2.6263522e+00
  -3.7630873e+00
  -2.5927577e+00
  -1.2786494e+00
  -2.1300002e+00
  -1.6247655e+00
  -4.6110282e-01
  -1.2328228e+00
  -8.0437656e-01
   5.7318020e-01
   1.7417477e-03
   3.8375015e-01
   1.0701129e+00
  -9.0115190e-01
  -1.7057959e+00
  -1.6483422e-01
  -1.3534791e+00
  -9.9743651e-01
   8.4126246e-01
   5.2791713e-02
  -1.7662087e-01
   1.1850914e+00
   6.6088890e-01
   4.3175866e-01
   8.4588467e-01
  -5.3378594e-01
  -8.5450068e-01
  -1.3453613e-01
  -2.2822762e+00
  -4.9074590e+00
  -4.0410282e+00
  -6.3241397e+00
  -8.3950175e+00
  -6.4919458e+00
  -8.2745079e+00
  -1.0110436e+01
  -8.2391373e+00
  -1.0413908e+01
  -1.5789625e+01
  -1.2589673e+01
  -1.0046648e+01
  -1.2273800e+01
  -1.3566755e+01
  -8.8855136e+00
  -8.0992038e+00
  -7.4297254e+00
  -4.7387341e+00
  -5.3729310e+00
  -5.5586534e+00
  -2.3854446e+00
  -2.1100276e+00
  -2.2778610e+00
  -2.7138874e-01
   9.7839181e-03
   1.6239451e-01
   1.7217792e+00
   1.6892175e+00
   1.4107258e+00
   2.6932435e+00
   2.8642323e+00
   2.8786423e+00
   3.9872501e+00
   3.9969862e+00
   4.1741862e+00
   5.3218876e+00
   5.3068198e+00
   5.3754201e+00
   6.5713465e+00
   6.6053737e+00
   6.3031943e+00
   7.1103986e+00
   7.1004328e+00
   6.5956822e+00
   7.2224444e+00
   7.5751567e+00
   7.5322712e+00
   7.9668662e+00
   8.0756999e+00
   8.1223993e+00
   8.5950184e+00
   8.7082699e+00
   8.8647575e+00
   9.2461331e+00
   9.1247560e+00
   9.2339371e+00
   9.6531317e+00
   9.3459871e+00
   9.1434234e+00
   9.5649663e+00
   9.3765312e+00
   9.1295087e+00
   9.4276710e+00
   9.2223627e+00
   9.0576822e+00
   9.4325740e+00
   9.2537458e+00
   8.9646183e+00
   9.1143301e+00
   8.8508669e+00
   8.7671468e+00
   9.1847114e+00
   8.9527846e+00
   8.6619240e+00
   9.0189938e+00
   8.9798168e+00
   8.7319879e+00
   8.7809758e+00
   8.5501406e+00
   8.4641464e+00
   8.6628199e+00
   8.2817892e+00
   7.9043511e+00
   7.9871227e+00
   7.7182131e+00
   7.5299733e+00
   7.5951420e+00
   7.1635948e+00
   7.0356183e+00
   7.3798184e+00
   7.0443695e+00
   6.5993104e+00
   6.5837082e+00
   6.1221275e+00
   5.7131638e+00
   5.7647050e+00
   5.4319750e+00
   5.2573288e+00
   5.4239874e+00
   4.9837013e+00
   4.7084578e+00
   4.7044421e+00
   3.8140967e+00
   3.2647554e+00
   3.6928774e+00
   3.3065056e+00
   2.8529771e+00
   3.1577994e+00
   2.4926266e+00
   1.6048523e+00
   1.8677041e+00
   1.5178851e+00
   1.0893849e+00
   1.7532865e+00
   1.6055385e+00
   1.2265435e+00
   1.8385593e+00
   1.8155892e+00
   1.3618372e+00
   1.2332878e+00
   3.5157287e-01
  -2.8499093e-01
   4.7929688e-01
  -3.1102321e-02
  -1.1143491e+00
  -6.5139155e-01
  -9.8159592e-01
  -1.1674737e+00
   1.8345969e-01
   7.4325190e-01
   1.2284492e+00
   2.0296259e+00
   1.5310337e+00
   8.4686733e-01
   1.1377006e+00
   2.8226679e-01
  -8.6366691e-01
  -2.4536889e-01
  -6.3093022e-01
  -1.7287874e+00
  -1.4588043e+00
  -2.6082772e+00
  -4.3484830e+00
  -3.4275345e+00
  -3.8621016e+00
  -5.7565039e+00
  -5.5248529e+00
  -7.1475096e+00
  -1.1667706e+01
  -1.1573012e+01
  -1.3642615e+01
  -2.0429264e+01
  -1.6052438e+01
  -2.0091615e+01
  -1.7411182e+01
  -1.4876460e+01
  -2.5806502e+01
  -2.2516741e+01
  -2.7027761e+01
  -2.1823508e+01
  -1.4222388e+01
  -1.4489170e+01
  -1.0589429e+01
  -6.3062408e+00
  -5.6321504e+00
  -4.0680962e+00
  -3.2084523e+00
  -4.3494023e+00
  -3.1424725e+00
  -1.4244741e+00
  -1.9391261e+00
  -1.3962427e+00
  -3.6280437e-01
  -1.0207546e+00
  -2.0155914e-01
   1.1007018e+00
   1.0874674e+00
   2.3144192e+00
   3.4884011e+00
   3.2359019e+00
   3.5889345e+00
   4.3191363e+00
   4.2632779e+00
   4.8195713e+00
   5.4945793e+00
   5.1928828e+00
   5.4134578e+00
   5.9296793e+00
   5.6159156e+00
   5.7530221e+00
   6.3738517e+00
   6.2886996e+00
   6.2674090e+00
   6.3619288e+00
   5.9320273e+00
   5.9504857e+00
   6.2495153e+00
   6.0776749e+00
   6.3322759e+00
   6.6723372e+00
   6.5133271e+00
   6.8098340e+00
   7.0590244e+00
   6.8154390e+00
   7.1396018e+00
   7.4514241e+00
   7.0294806e+00
   7.0500789e+00
   7.2544100e+00
   6.8208880e+00
   6.7588301e+00
   7.0384030e+00
   6.9894334e+00
   7.2560688e+00
   7.4381971e+00
   7.1268656e+00
   7.2901687e+00
   7.5057455e+00
   7.1220848e+00
   7.0119843e+00
   7.0812079e+00
   6.8454788e+00
   7.0544630e+00
   7.2937595e+00
   7.0296554e+00
   7.0996328e+00
   7.3096058e+00
   7.0789212e+00
   7.0053995e+00
   6.9403939e+00
   6.6192864e+00
   6.6949194e+00
   6.7751332e+00
   6.3903170e+00
   6.2146943e+00
   6.2528964e+00
   6.3575437e+00
   6.6676130e+00
   6.4368069e+00
   5.9781608e+00
   6.3530897e+00
   6.5163958e+00
   6.2346991e+00
   6.4333895e+00
   6.3803533e+00
   6.0496467e+00
   6.4609910e+00
   6.4821797e+00
   5.8571853e+00
   6.0222711e+00
   6.1716422e+00
   5.6886738e+00
   5.7910388e+00
   5.8740901e+00
   5.4485231e+00
   5.7981522e+00
   5.9373656e+00
   5.0944627e+00
   4.9426673e+00
   5.3860750e+00
   5.2390811e+00
   5.1854182e+00
   5.0089667e+00
   4.4428278e+00
   4.6426351e+00
   4.6621585e+00
   3.6836879e+00
   3.5224988e+00
   3.9031309e+00
   3.2803909e+00
   2.8650087e+00
   2.9426125e+00
   2.2948023e+00
   1.9385145e+00
   1.9870902e+00
   1.5824354e+00
   1.5410992e+00
   1.3193231e+00
   4.9571429e-01
   9.3461655e-01
   1.0984876e+00
  -3.1270946e-01
  -2.0412101e-01
   4.3119498e-01
  -6.8101428e-01
  -1.2005402e+00
  -3.8413050e-01
  -9.7389583e-01
  -1.8242858e+00
  -2.1822563e+00
  -3.4417883e+00
  -3.4679991e+00
  -2.9176068e+00
  -4.3240863e+00
  -4.3086768e+00
  -3.0871217e+00
  -4.8856463e+00
  -7.4161563e+00
  -6.8333036e+00
  -7.4496376e+00
  -7.5852859e+00
  -7.0403735e+00
  -9.5758224e+00
  -1.0888222e+01
  -1.0614448e+01
  -1.5485926e+01
  -1.3641286e+01
  -1.1256140e+01
  -1.3371435e+01
  -1.2417113e+01
  -1.2693227e+01
  -1.4737451e+01
  -1.2209508e+01
  -1.2999742e+01
  -1.6498862e+01
  -1.3837501e+01
  -1.6267097e+01
  -1.6904199e+01
  -1.1729226e+01
  -1.5025274e+01
  -1.4616194e+01
  -1.0916581e+01
  -1.0542888e+01
  -7.5964196e+00
  -6.9957932e+00
  -9.0057645e+00
  -6.3061141e+00
  -4.4638974e+00
  -5.3254361e+00
  -4.4982075e+00
  -3.1665263e+00
  -3.3174737e+00
  -2.7812448e+00
  -2.2513447e+00
  -1.8875706e+00
  -7.2738583e-01
  -5.0550770e-01
  -7.8391846e-01
   2.4366556e-01
   5.6467613e-01
   5.1469257e-02
   6.4839399e-01
   1.3661248e+00
   1.6712790e+00
   2.3011055e+00
   2.6669202e+00
   2.7990228e+00
   3.1378037e+00
   3.1687889e+00
   3.2549805e+00
   3.6412769e+00
   3.7192038e+00
   4.0704554e+00
   4.6317234e+00
   4.5175841e+00
   4.5517268e+00
   5.0132605e+00
   4.8372059e+00
   4.6677275e+00
   5.0961468e+00
   5.0406776e+00
   4.7960776e+00
   4.7393337e+00
   4.2461082e+00
   4.1865411e+00
   4.6689751e+00
   4.3582087e+00
   4.2521414e+00
   4.7783280e+00
   4.4645398e+00
   4.1841922e+00
   4.5912271e+00
   4.2978173e+00
   4.1081946e+00
   4.6815028e+00
   4.4159176e+00
   3.9063432e+00
   4.0692251e+00
   3.6067275e+00
   3.3015960e+00
   4.0276568e+00
   4.0540196e+00
   3.7723352e+00
   3.9702068e+00
   3.6636118e+00
   3.5278800e+00
   4.0388848e+00
   3.6832740e+00
   3.0589001e+00
   3.4155645e+00
   3.3053785e+00
   2.8172451e+00
   3.0733563e+00
   2.9011627e+00
   2.3161427e+00
   2.3281970e+00
   2.1877943e+00
   2.2434879e+00
   2.9192168e+00
   3.0736384e+00
   3.0202091e+00
   3.2880414e+00
   3.1758549e+00
   3.2018877e+00
   3.5431722e+00
   3.2968178e+00
   3.1946541e+00
   3.4741764e+00
   2.8691845e+00
   2.2901973e+00
   2.7841507e+00
   2.8199345e+00
   2.6137455e+00
   2.8441393e+00
   2.5309506e+00
   2.2639658e+00
   2.6947336e+00
   2.3920840e+00
   1.9282283e+00
   2.3066839e+00
   2.0597112e+00
   1.6116174e+00
   1.9339035e+00
   1.4442966e+00
   7.1032341e-01
   1.4290844e+00
   1.5985153e+00
   1.0074067e+00
   1.0615336e+00
   7.1161666e-01
   2.4349241e-02
   5.4963626e-01
   9.1466503e-01
   5.3931479e-01
   4.1454950e-01
   1.0421576e-01
  -4.1768885e-01
  -4.8394715e-01
  -9.8792644e-01
  -1.5267258e+00
  -1.3136229e+00
  -1.7321731e+00
  -2.1019221e+00
  -1.8300636e+00
  -2.6777373e+00
  -3.3233215e+00
  -2.7882226e+00
  -4.0987886e+00
  -5.8919600e+00
  -4.7374818e+00
  -5.1560189e+00
  -6.4140369e+00
  -5.3726538e+00
  -5.7878705e+00
  -7.5996217e+00
  -7.5075430e+00
  -8.2900136e+00
  -8.2724463e+00
  -7.1074761e+00
  -8.8154406e+00
  -1.1195728e+01
  -9.4774493e+00
  -1.1341487e+01
  -1.4127836e+01
  -1.4544520e+01
  -2.1006050e+01
  -1.6072818e+01
  -1.2878331e+01
  -1.6308644e+01
  -1.6750140e+01
  -1.4438485e+01
  -1.5117459e+01
  -1.1770873e+01
  -1.1637392e+01
  -1.2593545e+01
  -9.6081251e+00
  -8.4048129e+00
  -8.2545572e+00
  -6.9265528e+00
  -7.7333302e+00
  -7.8839391e+00
  -5.6088044e+00
  -5.2887147e+00
  -5.6695159e+00
  -4.7376971e+00
  -4.8979124e+00
  -4.8482669e+00
  -3.6097120e+00
  -3.7329004e+00
  -3.6715165e+00
  -2.4136281e+00
  -2.1485103e+00
  -1.7789644e+00
  -1.0854970e+00
  -1.6435950e+00
  -1.6771208e+00
  -4.3364213e-01
   1.1282946e-01
   4.7435251e-01
   1.0664390e+00
   1.0540295e+00
   1.1166763e+00
   1.5168696e+00
   1.5506732e+00
   1.7510169e+00
   2.1106587e+00
   2.0194806e+00
   2.1314624e+00
   2.3697511e+00
   2.0798695e+00
   1.8480309e+00
   1.8937879e+00
   1.9291840e+00
   2.2091343e+00
   2.3096421e+00
   2.1188458e+00
   2.2161759e+00
   2.0001725e+00
   1.5242232e+00
   1.9720840e+00
   2.3488753e+00
   2.0556527e+00
   2.1598323e+00
   2.1934603e+00
   1.7289604e+00
   1.7854467e+00
   1.8278829e+00
   1.4922365e+00
   1.8057932e+00
   2.0217347e+00
   1.6785737e+00
   1.8991650e+00
   2.1252656e+00
   1.8597251e+00
   2.0375439e+00
   1.8510303e+00
   1.1110981e+00
   1.6535989e+00
   2.2468945e+00
   1.5218480e+00
   9.4240493e-01
   1.2300624e+00
   1.2074142e+00
   1.2166281e+00
   1.1116621e+00
   7.8274034e-01
   1.1430441e+00
   1.2234698e+00
   6.0733527e-01
   8.6280332e-01
   1.1256989e+00
   5.5549192e-01
   5.4509888e-01
   8.5170655e-01
   7.1452397e-01
   9.4259434e-01
   7.6302503e-01
   5.2296812e-02
   5.5537986e-01
   8.3580480e-01
  -2.7732877e-01
  -7.5734572e-01
  -5.7658594e-01
  -1.1659978e+00
  -9.7320831e-01
  -5.5383157e-01
  -8.4222240e-01
  -5.1835695e-01
  -5.1198748e-01
  -1.4884330e+00
  -1.1740234e+00
  -9.0805274e-01
  -2.0871835e+00
  -1.9935130e+00
  -1.3358877e+00
  -2.3945905e+00
  -2.8557826e+00
  -2.5509889e+00
  -3.4780979e+00
  -3.6540936e+00
  -3.4090056e+00
  -4.4859675e+00
  -4.0379632e+00
  -3.2291567e+00
  -4.4072654e+00
  -4.7880198e+00
  -4.2183078e+00
  -5.2152673e+00
  -5.6313224e+00
  -5.3993034e+00
  -6.6413701e+00
  -6.2802671e+00
  -5.6989035e+00
  -7.4331885e+00
  -7.6149561e+00
  -6.4532640e+00
  -7.6951351e+00
  -7.6736026e+00
  -6.8470505e+00
  -8.6231566e+00
  -8.8959719e+00
  -7.8374555e+00
  -9.8689226e+00
  -1.1019293e+01
  -9.3640279e+00
  -1.0358254e+01
  -1.0858792e+01
  -8.5690774e+00
  -8.4571182e+00
  -9.0411576e+00
  -8.3025310e+00
  -9.1225076e+00
  -1.0858239e+01
  -9.6077772e+00
  -8.9715464e+00
  -1.0450569e+01
  -1.0939264e+01
  -1.0653309e+01
  -1.1062142e+01
  -9.8317005e+00
  -9.0913162e+00
  -1.0567366e+01
  -1.1231700e+01
  -1.0163925e+01
  -1.0342757e+01
  -8.6980004e+00
  -6.7878467e+00
  -7.9412159e+00
  -8.7909454e+00
  -6.5518290e+00
  -6.3080490e+00
  -6.9271520e+00
  -5.8549191e+00
  -5.7460629e+00
  -6.2454181e+00
  -4.8374163e+00
  -4.4485678e+00
  -4.9849584e+00
  -3.8897760e+00
  -3.5822079e+00
  -4.1618942e+00
  -3.3909964e+00
  -3.0604054e+00
  -3.2701681e+00
  -2.1769788e+00
  -1.7936915e+00
  -2.4026819e+00
  -2.0717134e+00
  -1.9568473e+00
  -2.0659716e+00
  -1.2579296e+00
  -1.0704844e+00
  -1.4367413e+00
  -7.1333636e-01
  -4.6794323e-01
  -1.1388794e+00
  -8.1214667e-01
  -3.2547619e-01
  -6.1287878e-01
  -6.6528733e-01
  -8.1719155e-01
  -1.1145547e+00
  -8.2033566e-01
  -8.3586382e-01
  -7.1382828e-01
   1.7023361e-01
   1.1665024e-01
  -7.0401788e-01
  -6.4191470e-01
  -8.9863196e-01
  -1.4269339e+00
  -1.0042964e+00
  -1.0392445e+00
  -1.0977602e+00
  -7.2445690e-02
  -1.1751962e-01
  -1.1169344e+00
  -9.4321485e-01
  -1.0461139e+00
  -1.5379507e+00
  -7.4986555e-01
  -7.7191609e-01
  -1.7573981e+00
  -1.2721017e+00
  -9.5424802e-01
  -1.5026547e+00
  -9.9429522e-01
  -8.4816450e-01
  -1.7325942e+00
  -1.5382700e+00
  -1.3028431e+00
  -1.6963027e+00
  -1.1053397e+00
  -8.2070263e-01
  -1.5612816e+00
  -1.5439633e+00
  -1.5262203e+00
  -2.3034128e+00
  -2.2696423e+00
  -2.0483069e+00
  -2.2601793e+00
  -1.8341879e+00
  -2.0564775e+00
  -3.0664590e+00
  -2.2296521e+00
  -1.4871510e+00
  -1.9448821e+00
  -1.6553648e+00
  -1.5042003e+00
  -2.8135620e+00
  -3.2939506e+00
  -2.5373819e+00
  -2.6276751e+00
  -2.5885300e+00
  -2.5079482e+00
  -3.2047697e+00
  -3.0132959e+00
  -2.6196588e+00
  -3.2997593e+00
  -3.4667133e+00
  -3.1989183e+00
  -3.4407994e+00
  -3.1583715e+00
  -3.1501491e+00
  -3.4033540e+00
  -2.3945887e+00
  -2.1230937e+00
  -3.1106676e+00
  -2.7168513e+00
  -2.0115058e+00
  -2.4196694e+00
  -2.2551097e+00
  -1.9666620e+00
  -2.8215931e+00
  -3.2134758e+00
  -2.9371079e+00
  -3.2112362e+00
  -3.3517312e+00
  -3.5501172e+00
  -3.8320380e+00
  -3.3866301e+00
  -3.2981402e+00
  -3.5828057e+00
  -3.1658753e+00
  -3.3937938e+00
  -4.3802660e+00
  -4.5382148e+00
  -5.0068159e+00
  -6.2617533e+00
  -6.1199757e+00
  -6.0901314e+00
  -7.2068990e+00
  -7.7761130e+00
  -8.7811000e+00
  -1.0319984e+01
  -9.7801879e+00
  -1.0533020e+01
  -1.3007145e+01
  -1.3277041e+01
  -1.3949758e+01
  -1.8054801e+01
  -1.5274393e+01
  -1.5276186e+01
  -2.0374339e+01
  -1.8871064e+01
  -2.0879555e+01
  -2.5670846e+01
  -3.7022411e+01
  -2.3381168e+01
  -2.4776296e+01
  -2.6511842e+01
  -1.8465529e+01
  -1.5394076e+01
  -1.6268497e+01
  -1.3295892e+01
  -1.1218110e+01
  -1.1695542e+01
  -1.0726632e+01
  -9.4678185e+00
  -9.8963952e+00
  -9.5434223e+00
  -9.2279388e+00
  -1.0137178e+01
  -9.6482111e+00
  -8.9243707e+00
  -8.1684511e+00
  -6.2590415e+00
  -6.2346000e+00
  -7.5480190e+00
  -5.6764255e+00
  -4.7686246e+00
  -6.2885715e+00
  -6.3455286e+00
  -5.4175094e+00
  -6.0554900e+00
  -5.4927335e+00
  -5.4648110e+00
  -7.5396364e+00
  -6.2311776e+00
  -4.4213621e+00
  -5.5787494e+00
  -5.7982832e+00
  -4.1785629e+00
  -4.5626438e+00
  -4.7848606e+00
  -3.8376173e+00
  -4.0066822e+00
  -4.4375215e+00
  -4.4979428e+00
  -5.1165660e+00
  -4.9292333e+00
  -4.1026039e+00
  -3.9935126e+00
  -3.9598352e+00
  -4.0604070e+00
  -4.4118396e+00
  -4.0859158e+00
  -4.0139650e+00
  -4.2510850e+00
  -3.1933553e+00
  -2.4301870e+00
  -2.9433772e+00
  -2.8791963e+00
  -2.4499367e+00
  -2.8926773e+00
  -3.1361769e+00
  -2.7553683e+00
  -2.3065441e+00
  -1.8761211e+00
  -2.1471864e+00
  -2.7437905e+00
  -2.2729446e+00
  -2.0286211e+00
  -2.2945126e+00
  -1.7712295e+00
  -1.8575370e+00
  -3.0231560e+00
  -2.8280343e+00
  -2.2970172e+00
  -2.7909004e+00
  -2.8407611e+00
  -3.0598783e+00
  -3.9787973e+00
  -3.3748895e+00
  -2.9463386e+00
  -3.9269282e+00
  -3.4279644e+00
  -2.4459640e+00
  -3.2544352e+00
  -3.5302684e+00
  -3.1914717e+00
  -4.4582253e+00
  -4.8210742e+00
  -3.9071003e+00
  -4.7332356e+00
  -5.6596716e+00
  -4.6966498e+00
  -4.7474320e+00
  -5.1260289e+00
  -4.4986308e+00
  -4.5628508e+00
  -4.8119324e+00
  -5.0383321e+00
  -6.4063915e+00
  -6.3437296e+00
  -4.9047883e+00
  -5.2456586e+00
  -5.8151007e+00
  -5.4330175e+00
  -6.5509654e+00
  -6.9221146e+00
  -5.4660408e+00
  -5.9544184e+00
  -6.8943743e+00
  -6.5144107e+00
  -7.8368683e+00
  -8.2752469e+00
  -6.7718173e+00
  -7.8551061e+00
  -8.4010406e+00
  -5.9507711e+00
  -6.1252108e+00
  -7.4457064e+00
  -6.4974660e+00
  -6.6423326e+00
  -7.8895238e+00
  -7.5190358e+00
  -6.7645625e+00
  -6.3267044e+00
  -6.1277456e+00
  -7.1486904e+00
  -7.2066011e+00
  -6.3893855e+00
  -7.3885370e+00
  -8.2739299e+00
  -6.5820156e+00
  -5.9815436e+00
  -6.3840122e+00
  -6.3745758e+00
  -6.9730216e+00
  -7.6248904e+00
  -7.6188825e+00
  -8.2993845e+00
  -8.7769446e+00
  -8.5945269e+00
  -8.9810912e+00
  -8.4494951e+00
  -8.2948845e+00
  -1.0216136e+01
  -9.2995916e+00
  -7.5300593e+00
  -8.9008989e+00
  -9.9647765e+00
  -9.3726638e+00
  -1.1174032e+01
  -1.2940849e+01
  -1.2849329e+01
  -1.5928941e+01
  -1.8218618e+01
  -1.5221198e+01
  -1.6672076e+01
  -2.1744739e+01
  -1.8519046e+01
  -1.6396912e+01
  -1.8417160e+01
  -1.4390903e+01
  -1.2039410e+01
  -1.3713169e+01
  -1.3308758e+01
  -1.0797512e+01
  -1.1873010e+01
  -1.2280130e+01
  -8.7994131e+00
  -8.2923129e+00
  -7.8913929e+00
  -6.5611058e+00
  -6.1725307e+00
  -5.0280221e+00
  -3.8349932e+00
  -3.7166293e+00
  -2.9336601e+00
  -1.8675109e+00
  -1.5003733e+00
  -6.5994226e-01
   4.2303381e-02
   1.5307309e-01
   8.0275947e-01
   1.1552296e+00
   5.0223613e-01
   5.8574665e-01
   1.1777408e+00
   8.8173186e-01
   9.9839176e-01
   1.6154565e+00
   1.1066014e+00
   3.2607782e-01
   2.1259726e-01
  -4.6854804e-01
  -9.8082457e-01
  -5.5135189e-01
  -7.7287638e-01
  -1.3823118e+00
  -1.4178181e+00
  -2.0007592e+00
  -3.1508422e+00
  -3.9054871e+00
  -5.0009328e+00
  -5.9251450e+00
  -5.3988961e+00
  -5.8212228e+00
  -6.9328818e+00
  -6.6627205e+00
  -6.7738702e+00
  -7.8423595e+00
  -7.8761022e+00
  -7.7477178e+00
  -8.2886671e+00
  -8.3540290e+00
  -8.2123799e+00
  -7.1642605e+00
  -6.0565533e+00
  -6.9553375e+00
  -7.9955457e+00
  -6.9474833e+00
  -7.1816979e+00
  -8.5057632e+00
  -7.9742083e+00
  -7.8647836e+00
  -8.9204832e+00
  -8.1464953e+00
  -8.1692764e+00
  -9.6117181e+00
  -9.1391544e+00
  -7.9432189e+00
  -7.5166516e+00
  -7.1539529e+00
  -7.9021930e+00
  -8.6395203e+00
  -7.7185303e+00
  -8.3674635e+00
  -9.9032793e+00
  -8.4208846e+00
  -8.1218414e+00
  -8.9954458e+00
  -8.1217615e+00
  -8.2048277e+00
  -9.7018513e+00
  -9.5491124e+00
  -8.8401311e+00
  -8.7408395e+00
  -8.0083906e+00
  -8.5922502e+00
  -1.0095404e+01
  -9.9192165e+00
  -1.0845940e+01
  -1.3726947e+01
  -1.2763508e+01
  -1.1088542e+01
  -1.1897906e+01
  -1.0561871e+01
  -8.8068580e+00
  -9.4045191e+00
  -8.9457337e+00
  -6.9823341e+00
  -6.4123840e+00
  -5.8588892e+00
  -4.5982091e+00
  -4.3516721e+00
  -3.7641309e+00
  -2.5530583e+00
  -2.4748761e+00
  -2.7081572e+00
  -1.7156083e+00
  -9.1616588e-01
  -5.1387638e-01
   6.6914046e-02
   7.6200732e-02
  -1.5121884e-01
   2.2500715e-01
   6.9431415e-01
   1.1825593e+00
   1.5798971e+00
   1.2659661e+00
   8.1537634e-01
   8.4145892e-01
   5.9988009e-01
   1.9946307e-01
  -7.0515483e-02
  -8.6710570e-01
  -1.6936351e+00
  -2.1659618e+00
  -3.4972730e+00
  -4.5222461e+00
  -4.4413658e+00
  -5.4667463e+00
  -6.4438337e+00
  -6.6431315e+00
  -8.1057806e+00
  -8.3146526e+00
  -7.2368868e+00
  -8.3477585e+00
  -9.4375905e+00
  -8.8407612e+00
  -1.0444430e+01
  -1.2858499e+01
  -1.3627764e+01
  -1.5322727e+01
  -1.6176060e+01
  -1.6028336e+01
  -1.7436341e+01
  -1.6741933e+01
  -1.7273393e+01
  -2.1256279e+01
  -2.2296524e+01
  -1.8069073e+01
  -1.7164681e+01
  -1.7800574e+01
  -1.5393759e+01
  -1.4876735e+01
  -1.6881128e+01
  -1.4795326e+01
  -1.2261120e+01
  -1.3277861e+01
  -1.4432272e+01
  -1.2821843e+01
  -1.2912221e+01
  -1.1978817e+01
  -9.9219619e+00
  -1.0054323e+01
  -1.0993764e+01
  -1.1482913e+01
  -1.1912924e+01
  -1.0548044e+01
  -9.3934577e+00
  -9.7727978e+00
  -9.3580561e+00
  -8.2207233e+00
  -8.1257797e+00
  -7.8576472e+00
  -7.1595722e+00
  -7.2047496e+00
  -7.3098377e+00
  -7.6167575e+00
  -8.1901586e+00
  -7.2851322e+00
  -6.7382450e+00
  -7.5753578e+00
  -6.9450567e+00
  -6.6898081e+00
  -8.5986559e+00
  -8.2315577e+00
  -6.9986364e+00
  -8.2888566e+00
  -8.4279675e+00
  -6.5386916e+00
  -7.1769290e+00
  -7.5871872e+00
  -6.7383418e+00
  -8.0749409e+00
  -9.4344737e+00
  -8.4129528e+00
  -8.2880832e+00
  -7.8566420e+00
  -7.1300813e+00
  -7.6596261e+00
  -7.7418388e+00
  -7.1176967e+00
  -7.4924771e+00
  -7.5678055e+00
  -7.1133837e+00
  -7.8098707e+00
  -8.7664204e+00
  -9.0578180e+00
  -9.1319196e+00
  -8.3968139e+00
  -8.3474171e+00
  -9.9150525e+00
  -1.0819133e+01
  -1.0917395e+01
  -1.1712835e+01
  -1.1612734e+01
  -1.0973792e+01
  -1.0797710e+01
  -9.9618792e+00
  -9.8825330e+00
  -1.0972005e+01
  -1.0740167e+01
  -1.0329719e+01
  -1.0907799e+01
  -9.2564936e+00
  -8.1123624e+00
  -9.4460158e+00
  -1.0431092e+01
  -9.8641568e+00
  -1.0689949e+01
  -9.9676239e+00
  -8.9182418e+00
  -1.0415846e+01
  -1.1106045e+01
  -9.5624686e+00
  -9.1960704e+00
  -8.2469441e+00
  -7.3296782e+00
  -9.3328206e+00
  -1.1451009e+01
  -9.3194548e+00
  -9.5804777e+00
  -1.1177422e+01
  -9.7054282e+00
  -9.6441673e+00
  -1.1175957e+01
  -1.0746792e+01
  -1.0852086e+01
  -1.1154701e+01
  -9.6671408e+00
  -1.0289581e+01
  -1.0797904e+01
  -8.9892980e+00
  -1.0082500e+01
  -1.2651154e+01
  -1.0958842e+01
  -1.1093368e+01
  -1.4488818e+01
  -1.2379605e+01
  -1.1564337e+01
  -1.3730075e+01
  -1.2323907e+01
  -1.2051192e+01
  -1.4904518e+01
  -1.2469635e+01
  -1.1136955e+01
  -1.4253204e+01
  -1.6476000e+01
  -1.4945818e+01
  -1.6972874e+01
  -1.7457660e+01
  -1.5584544e+01
  -1.6932838e+01
  -1.5266936e+01
  -1.2864912e+01
  -1.3800773e+01
  -1.3047734e+01
  -1.2156847e+01
  -1.5714081e+01
  -1.5917292e+01
  -1.1174469e+01
  -1.0774892e+01
  -1.1091219e+01
  -9.2252861e+00
  -9.2962967e+00
  -1.0183588e+01
  -9.2423227e+00
  -9.0983219e+00
  -9.4061561e+00
  -8.8091524e+00
  -9.3794388e+00
  -9.5675300e+00
  -8.4099111e+00
  -8.3886023e+00
  -8.7708521e+00
  -8.5875272e+00
  -8.8394050e+00
  -8.7406353e+00
  -8.8254664e+00
  -1.0117483e+01
  -9.9796122e+00
  -8.9815038e+00
  -9.6291300e+00
  -9.5731318e+00
  -8.2990398e+00
  -8.7180330e+00
  -9.0981845e+00
  -8.8311367e+00
  -9.7223307e+00
  -1.0261239e+01
  -9.8151154e+00
  -1.0097421e+01
  -9.7307809e+00
  -1.0018090e+01
  -1.2000698e+01
  -1.0496305e+01
  -8.6221510e+00
  -9.8607433e+00
  -1.0261041e+01
  -8.3395873e+00
  -8.8822457e+00
  -1.0113613e+01
  -9.0431121e+00
  -8.9604330e+00
  -9.1797466e+00
  -8.4508814e+00
  -9.2067930e+00
  -9.1174947e+00
  -7.3586763e+00
  -7.7104330e+00
  -8.5815093e+00
  -7.0739484e+00
  -6.9409366e+00
  -7.8924870e+00
  -7.0999506e+00
  -6.8787398e+00
  -7.5034284e+00
  -6.8852280e+00
  -6.7866020e+00
  -7.4422640e+00
  -6.9176110e+00
  -6.6174543e+00
  -6.8221321e+00
  -6.1491346e+00
  -5.9131492e+00
  -6.2407222e+00
  -5.8203206e+00
  -5.8513263e+00
  -6.4188209e+00
  -5.4703230e+00
  -4.8634882e+00
  -5.7176572e+00
  -5.9906964e+00
  -5.6360789e+00
  -5.7966299e+00
  -5.2950929e+00
  -4.6433737e+00
  -5.0980058e+00
  -5.5963090e+00
  -5.6832037e+00
  -6.2770464e+00
  -6.6480326e+00
  -6.8655003e+00
  -7.3658912e+00
  -7.2450114e+00
  -7.2817512e+00
  -7.5486621e+00
  -7.0902384e+00
  -7.6104422e+00
  -8.9639989e+00
  -9.1984551e+00
  -1.0517141e+01
  -1.2896317e+01
  -1.0401429e+01
  -9.4803810e+00
  -1.0825800e+01
  -8.9969640e+00
  -8.5222603e+00
  -1.0638974e+01
  -1.0905649e+01
  -1.0590779e+01
  -1.1631683e+01
  -1.1556048e+01
  -1.1986527e+01
  -1.3488762e+01
  -1.1750556e+01
  -1.1858395e+01
  -1.4774293e+01
  -1.3992895e+01
  -1.3206229e+01
  -1.5733628e+01
  -1.4187745e+01
  -1.3268101e+01
  -1.5491184e+01
  -1.4858827e+01
  -1.3025457e+01
  -1.4144467e+01
  -1.4228730e+01
  -1.2520101e+01
  -1.3915558e+01
  -1.4641666e+01
  -1.2421371e+01
  -1.2115774e+01
  -1.2200188e+01
  -1.1723344e+01
  -1.2402642e+01
  -1.1778114e+01
  -1.0370774e+01
  -1.0270818e+01
  -9.3698442e+00
  -8.0795390e+00
  -8.6219201e+00
  -9.1038864e+00
  -8.7534820e+00
  -9.4847900e+00
  -9.2348340e+00
  -8.1942377e+00
  -9.1900334e+00
  -1.0311348e+01
  -9.1650718e+00
  -9.1477102e+00
  -9.1492095e+00
  -7.8973045e+00
  -7.7312612e+00
  -8.1954167e+00
  -8.3053304e+00
  -9.8408291e+00
  -1.1787802e+01
  -1.0892302e+01
  -1.1534257e+01
  -1.4514740e+01
  -1.2353871e+01
  -1.0667443e+01
  -1.1679706e+01
  -1.2841832e+01
  -1.3145130e+01
  -1.3481783e+01
  -1.3297968e+01
  -1.3749709e+01
  -1.4368583e+01
  -1.2613003e+01
  -1.2065861e+01
  -1.4246254e+01
  -1.2752763e+01
  -1.0728953e+01
  -1.2322074e+01
  -1.3459093e+01
  -1.1060105e+01
  -1.1777247e+01
  -1.4241071e+01
  -1.1504364e+01
  -1.0555279e+01
  -1.1612354e+01
  -1.0447361e+01
  -1.0776891e+01
  -1.3563019e+01
  -1.3047893e+01
  -1.3798280e+01
  -1.5526342e+01
  -1.2761976e+01
  -1.2311154e+01
  -1.2568684e+01
  -9.9966964e+00
  -1.0295994e+01
  -1.2018322e+01
  -1.0994346e+01
  -1.1200353e+01
  -1.1797163e+01
  -1.0798139e+01
  -1.0574175e+01
  -9.7616901e+00
  -8.3284867e+00
  -8.8593473e+00
  -9.6639899e+00
  -8.7130738e+00
  -8.2822707e+00
  -8.1007104e+00
  -7.7665973e+00
  -8.0859361e+00
  -8.2755336e+00
  -8.4195915e+00
  -8.7680527e+00
  -8.2090917e+00
  -7.9898275e+00
  -8.8766140e+00
  -8.6293589e+00
  -7.6631701e+00
  -7.5482578e+00
  -7.7086518e+00
  -8.1424190e+00
  -8.4426558e+00
  -7.7240740e+00
  -7.6585331e+00
  -8.5367940e+00
  -8.9188817e+00
  -9.2451932e+00
  -9.6716124e+00
  -9.0539926e+00
  -8.8780862e+00
  -9.2297745e+00
  -8.7687340e+00
  -8.7761698e+00
  -8.8991971e+00
  -8.0942404e+00
  -8.4646709e+00
  -9.7984409e+00
  -9.2250157e+00
  -9.7143438e+00
  -1.1555617e+01
  -1.0381088e+01
  -9.5209343e+00
  -1.0615532e+01
  -1.0677937e+01
  -1.0266229e+01
  -1.0242874e+01
  -9.2996910e+00
  -9.8522478e+00
  -1.1532802e+01
  -9.1170258e+00
  -8.0379216e+00
  -1.0319245e+01
  -1.2465316e+01
  -1.2756485e+01
  -1.4031717e+01
  -1.2540252e+01
  -1.1327801e+01
  -1.3376874e+01
  -1.4059617e+01
  -1.3580319e+01
  -1.6666750e+01
  -1.6647009e+01
  -1.5053492e+01
  -1.6884711e+01
  -1.6031517e+01
  -1.4053342e+01
  -1.6444116e+01
  -1.7213229e+01
  -1.5457042e+01
  -1.8494328e+01
  -2.2431699e+01
  -1.6630979e+01
  -1.6772538e+01
  -2.0186667e+01
  -1.5664060e+01
  -1.6032464e+01
  -2.1188181e+01
  -2.0228092e+01
  -1.8946625e+01
  -1.8294310e+01
  -1.5039926e+01
  -1.4763852e+01
  -1.6324682e+01
  -1.3756257e+01
  -1.3751937e+01
  -1.7679014e+01
  -1.7287138e+01
  -1.4285897e+01
  -1.4854410e+01
  -1.6424372e+01
  -1.6597411e+01
  -1.7153770e+01
  -1.5822429e+01
  -1.6108433e+01
  -2.0348811e+01
  -1.9448950e+01
  -1.7158980e+01
  -1.8028064e+01
  -1.7179714e+01
  -1.5343412e+01
