   3.0469045e+01
   2.7815126e+01
   1.5712489e+01
   1.4622426e+01
   8.9421591e+00
   1.6026742e+01
   1.1066078e+01
   1.4023965e+01
   1.2693594e+01
   1.7127998e+01
   2.0908000e+01
   1.5178083e+00
   1.9209155e+01
   1.7691703e+01
   1.8449179e+01
   8.7386448e+00
   2.6294772e+01
   2.8404151e+01
   2.0629752e+01
   2.7653194e+01
   2.1404888e+01
   3.4001913e+01
   3.6927035e+01
   4.0600979e+01
   4.7044847e+01
   4.8742639e+01
   4.5343788e+01
   3.6682581e+01
   4.2812574e+01
   4.5563081e+01
   4.7082859e+01
   4.7782441e+01
   4.7853605e+01
   4.8080931e+01
   4.8363786e+01
   4.8698961e+01
   4.9331863e+01
   4.9886560e+01
   4.9714946e+01
   4.8713843e+01
   4.6790349e+01
   4.5892306e+01
   4.7031896e+01
   4.7277014e+01
   4.8445391e+01
   4.9038948e+01
   4.7863430e+01
   4.9337551e+01
   5.0999610e+01
   5.1455981e+01
   5.2501850e+01
   5.3707477e+01
   5.5549282e+01
   5.7232957e+01
   5.7240524e+01
   5.5530896e+01
   5.3204110e+01
   5.0886713e+01
   4.7723101e+01
   4.4761338e+01
   4.3362546e+01
   4.1022677e+01
   3.8060487e+01
   3.6215375e+01
   3.4423451e+01
   3.2955327e+01
   3.0409069e+01
   2.8935517e+01
   3.1157397e+01
   3.0574098e+01
   2.7882758e+01
   2.7422820e+01
   2.6547290e+01
   2.6274709e+01
   2.6085322e+01
   2.4911203e+01
   2.5675915e+01
   2.6403076e+01
   2.9665302e+01
   2.9355206e+01
   2.2610337e+01
   2.7297649e+01
   2.8572530e+01
   2.5063121e+01
   2.4822398e+01
   2.2194314e+01
   1.5976432e+01
   1.7144963e+01
   9.3658172e+00
   1.2442043e+01
   8.1530180e+00
   7.7541073e+00
   7.0909885e+00
   2.8525708e-01
   6.0815058e+00
  -9.3886681e-01
   6.9943997e+00
   2.5160105e-01
   2.0622400e+00
   6.8436112e-02
   3.3615755e+00
  -2.1449640e+00
   9.4577354e+00
   8.5573416e+00
   1.5298084e+01
   1.8199199e+01
   2.2821999e+01
   2.6876621e+01
   2.7664017e+01
   2.6758380e+01
   2.5331900e+01
   2.2840855e+01
   2.1375943e+01
   1.8644097e+01
   1.2331502e+01
   1.1784116e+01
   2.5361064e+00
   1.0886242e+00
   3.3959714e+00
   1.3272777e+01
   1.2190241e+01
   1.0899656e+01
  -1.2315507e+00
   1.4306541e+01
   1.7158486e+01
   1.8000542e+01
   2.1881552e+01
   2.0856087e+01
   2.5349502e+01
   2.7213885e+01
   2.7839889e+01
   3.2212405e+01
   3.2963549e+01
   3.2902399e+01
   3.6249476e+01
   3.7149819e+01
   3.4668964e+01
   3.0539682e+01
   2.7251515e+01
   2.0911839e+01
   3.8793164e+00
   1.0426546e+01
   1.6701712e+01
   1.7787230e+01
   1.7066270e+01
   1.7746670e+01
   1.6989356e+01
   1.6375093e+01
   1.5224912e+01
   1.4987669e+01
   1.4983419e+01
   1.4123962e+01
   1.4372920e+01
   1.3857117e+01
   1.4516243e+01
   1.4459817e+01
   1.3909936e+01
   1.5697550e+01
   1.6097578e+01
   1.6993195e+01
   1.8958563e+01
   1.8752470e+01
   1.5950836e+01
   1.1442228e+01
   4.1442447e+00
  -9.1689610e+00
   5.3618548e-01
   1.6191321e+00
   2.6362276e+00
  -4.0991373e-01
   6.0488831e-01
   2.3450671e+00
  -8.5342881e-02
  -1.6108114e+00
  -4.0444971e+00
  -4.5643999e+00
  -1.2619277e+00
  -2.1511746e-01
   3.4692064e-02
  -3.6528000e-01
  -5.6198613e+00
  -1.2905695e+01
  -3.1336840e+00
  -5.0109826e+00
  -3.7265839e+00
  -3.7114056e-01
  -3.2079159e+00
   3.5036646e-01
   3.7241366e+00
   2.2142215e+00
  -1.1631871e+00
  -3.5904001e+00
  -9.8541020e+00
  -2.6037137e+01
  -1.9470763e+01
  -1.2730816e+01
  -1.1517012e+01
  -8.2956731e+00
  -6.0262717e+00
  -3.0680960e+00
  -5.3657188e+00
  -8.2256203e+00
  -4.0345383e+00
  -6.4796790e+00
  -3.8468434e-01
  -2.4900134e+00
  -5.5491780e+00
   5.0582204e-01
   1.0657896e+00
   3.1390955e+00
   2.9175823e+00
   4.4957243e+00
   8.2996480e+00
   1.2197207e+01
   1.4596516e+01
   1.4178753e+01
   1.1516679e+01
   7.9955091e+00
   2.9607380e+00
   1.6633961e+00
   1.6155503e+00
   3.7421750e+00
   5.1561686e+00
   6.1992735e+00
   7.4081987e+00
   7.4155824e+00
   8.3441231e+00
   6.2790885e+00
   3.6510850e+00
   6.8549715e+00
   4.8088056e+00
   4.1362824e+00
   4.9286981e+00
   3.2065405e+00
   3.4581641e+00
   1.8750618e+00
   2.3129283e+00
   3.0526214e+00
   5.5513274e+00
   6.1500949e+00
   6.1336915e+00
   8.5725212e+00
   7.7360257e+00
   3.6972674e+00
   1.7401189e+00
  -1.4853376e+00
  -4.7019618e-01
  -1.3366822e+00
  -6.2878062e+00
  -7.9742350e+00
  -1.4851360e+01
  -1.2453255e+01
  -1.3959729e+01
  -7.5197819e+00
  -1.0308367e+01
  -1.1651483e+01
  -9.5236422e+00
  -9.0598516e+00
  -4.6998887e+00
  -5.7619545e+00
  -3.9161046e+00
  -4.3617795e+00
  -1.2120865e+01
  -1.0275549e+01
  -1.4093849e+01
  -2.1400985e+01
  -1.1989022e+01
  -1.3151337e+01
  -1.7233122e+01
  -6.1201560e+00
  -5.6920318e+00
  -6.8308861e+00
  -4.9865573e+00
  -6.2878095e+00
  -8.4197280e+00
  -5.2182602e+00
  -6.3446791e+00
  -5.6390928e+00
  -5.6863373e+00
  -1.0942264e+01
  -1.0842526e+01
  -1.0940194e+01
  -2.2556734e+01
  -1.0637980e+01
  -1.4400801e+01
  -1.2291250e+01
  -9.0214702e+00
  -1.5610912e+01
  -1.0528062e+01
  -1.6554680e+01
  -9.4508115e+00
  -8.5019088e+00
  -9.7870097e+00
  -1.2365914e+01
  -1.8994368e+01
  -9.6405455e+00
  -1.2850329e+01
  -1.8749043e+01
  -1.5739791e+01
  -1.6121084e+01
  -8.5594838e+00
  -1.0186808e+01
  -4.2052985e+00
  -3.4015658e+00
  -1.0913225e+01
  -1.8804764e+01
  -1.4496816e+01
  -1.2149590e+01
  -7.6401725e+00
  -8.3572074e+00
  -1.1438290e+01
  -9.3459669e+00
  -1.4663055e+01
  -8.2783909e+00
  -6.5019729e+00
  -1.1237351e+01
  -6.3784136e+00
  -3.3796358e+00
  -4.7100669e-01
   1.2740450e+00
   7.6681639e-01
   5.2805039e-01
  -1.9547258e+00
  -1.2815464e+01
  -1.1708853e+01
  -1.4426598e+01
  -1.1413057e+01
  -1.0036930e+01
  -1.0672433e+01
  -7.8116646e+00
  -9.6126394e+00
  -9.7090677e+00
  -1.6737728e+01
  -1.0106074e+01
  -6.0130450e+00
  -1.0771599e+01
  -1.5612778e+01
  -1.6605987e+01
  -1.5884217e+01
  -1.9296823e+01
  -2.3790961e+01
  -2.0791966e+01
  -1.0969378e+01
  -8.6173998e+00
  -8.6553176e+00
  -7.4131723e+00
  -9.7901822e+00
  -1.6873297e+01
  -1.2395861e+01
  -1.6543103e+01
  -3.3961678e+01
  -2.1032977e+01
  -1.2727754e+01
  -1.3471346e+01
  -2.6594541e+01
  -2.0934111e+01
  -1.7641464e+01
  -1.4105237e+01
  -1.4875889e+01
  -1.1202783e+01
  -8.9884146e+00
  -1.0556786e+01
  -8.3981123e+00
  -8.2835695e+00
  -1.4048849e+01
  -1.5239487e+01
  -1.4118280e+01
  -1.7025066e+01
  -3.3453617e+01
  -2.3257344e+01
  -2.0173808e+01
  -1.4173297e+01
  -2.8026556e+01
  -1.2009555e+01
  -1.2987821e+01
  -1.4541639e+01
  -1.6262747e+01
  -1.7794862e+01
  -9.3215820e+00
  -1.0190339e+01
  -1.0158765e+01
  -9.9585613e+00
  -9.8374834e+00
  -8.0656360e+00
  -9.6945059e+00
  -7.6398326e+00
  -6.7418142e+00
  -5.2671310e+00
  -3.8040268e+00
  -7.5731821e+00
  -1.2938385e+01
  -1.1421199e+01
  -1.9136587e+01
  -1.1637155e+01
  -8.7252357e+00
  -8.6811184e+00
  -5.5474137e+00
  -6.6923923e+00
  -1.0088841e+01
  -7.8390337e+00
  -9.8971625e+00
  -6.6760516e+00
  -3.4548577e+00
  -6.6608127e+00
  -6.5188111e+00
  -4.9360711e+00
  -8.7439220e+00
  -9.2364486e+00
  -1.2359572e+01
  -1.8501575e+01
  -1.2163937e+01
  -7.8864627e+00
  -8.6678444e+00
  -1.0879471e+01
  -7.9728353e+00
  -9.2580314e+00
  -1.7388484e+01
  -1.4599091e+01
  -1.3844270e+01
  -1.2441621e+01
  -2.1043215e+01
  -1.0779910e+01
  -1.0146603e+01
  -1.4697510e+01
  -1.3520747e+01
  -1.8588258e+01
  -1.2284433e+01
  -1.4579351e+01
  -3.3109483e+01
  -1.9258086e+01
  -2.3720145e+01
  -2.2451247e+01
  -3.9600783e+01
  -1.6780831e+01
  -1.7909916e+01
  -1.8607944e+01
  -1.2435792e+01
  -1.6471344e+01
  -1.5542121e+01
  -1.4527748e+01
  -2.0265179e+01
  -1.5897907e+01
  -1.8053702e+01
  -2.3354196e+01
  -2.9495655e+01
  -1.6525300e+01
  -1.2035605e+01
  -1.7712397e+01
  -3.0639575e+01
  -2.3168327e+01
  -1.2967307e+01
  -1.1355967e+01
  -9.7194352e+00
  -9.4422519e+00
  -1.7980402e+01
  -1.6654339e+01
  -1.6769571e+01
  -1.4073029e+01
  -1.0048972e+01
  -1.5577635e+01
  -1.2219338e+01
  -1.0872406e+01
  -1.4076717e+01
  -8.1220932e+00
  -9.4390328e+00
  -1.5161465e+01
  -1.2891915e+01
  -1.6009045e+01
  -2.9803767e+01
  -2.4644228e+01
  -2.8241440e+01
  -2.8634549e+01
  -1.3243718e+01
  -9.0498591e+00
  -1.4475801e+01
  -1.3827443e+01
  -1.2152170e+01
  -1.9613994e+01
  -1.1568729e+01
  -1.3852669e+01
  -2.4512392e+01
  -2.6828165e+01
  -2.3457904e+01
  -1.5917314e+01
  -1.6718162e+01
  -1.2843350e+01
  -1.0136139e+01
  -1.2488315e+01
  -1.4475868e+01
  -1.1276350e+01
  -1.1918771e+01
  -1.3914399e+01
  -1.5019172e+01
  -2.6668446e+01
  -2.4965615e+01
  -1.8155080e+01
  -9.7228011e+00
  -1.0195808e+01
  -1.5982677e+01
  -1.7349809e+01
  -1.6348342e+01
  -1.4673281e+01
  -1.8334207e+01
  -2.1445514e+01
  -1.7302566e+01
  -2.7966313e+01
  -1.6812096e+01
  -1.4807005e+01
  -2.7704455e+01
  -2.0782529e+01
  -2.7544489e+01
  -2.6947836e+01
  -2.7470814e+01
  -2.9508671e+01
  -1.8451223e+01
  -1.3052975e+01
  -1.3236347e+01
  -1.8528197e+01
  -1.3048456e+01
  -1.1087650e+01
  -1.9651173e+01
  -1.8096123e+01
  -1.7840810e+01
  -1.9429575e+01
  -2.5363251e+01
  -1.8017204e+01
  -1.4353414e+01
  -2.0985915e+01
  -2.8542510e+01
  -2.5400659e+01
  -2.9527641e+01
  -1.7686983e+01
  -1.2322624e+01
  -1.4323312e+01
  -1.2230732e+01
  -1.1756213e+01
  -1.9127482e+01
  -1.5361964e+01
  -1.4858413e+01
  -1.8293427e+01
  -1.2451908e+01
  -1.4236989e+01
  -1.6244272e+01
  -1.2888864e+01
  -1.4174848e+01
  -2.0371229e+01
  -2.2210140e+01
  -2.3033689e+01
  -5.1606247e+01
  -3.2931185e+01
  -2.1028039e+01
  -1.7986680e+01
  -2.2882920e+01
  -1.8568351e+01
  -1.9610570e+01
  -2.8326680e+01
  -1.7766120e+01
  -2.2251675e+01
  -2.6938162e+01
  -2.9370578e+01
  -1.4214238e+01
  -1.3639656e+01
  -2.0708455e+01
  -1.2752680e+01
  -1.4877163e+01
  -1.7364987e+01
  -1.3172729e+01
  -1.5807061e+01
  -1.6013981e+01
  -1.7758118e+01
  -2.4255661e+01
  -1.4178798e+01
  -1.5963583e+01
  -1.7739239e+01
  -1.8000517e+01
  -1.6038192e+01
  -1.7880135e+01
  -2.2510765e+01
  -1.7071805e+01
  -1.5659525e+01
  -1.4469401e+01
  -1.7360079e+01
  -1.8494602e+01
  -1.2007210e+01
  -1.1049312e+01
  -1.3731197e+01
  -1.5172708e+01
  -1.4466647e+01
  -1.7894287e+01
  -2.3246801e+01
  -1.7421420e+01
  -2.6878021e+01
  -2.0466115e+01
  -2.3427494e+01
  -1.4802946e+01
  -1.5606942e+01
  -2.6584195e+01
  -2.3572925e+01
  -2.4606888e+01
  -3.8767227e+01
  -2.1856419e+01
  -2.0030989e+01
  -2.1340388e+01
  -3.5499298e+01
  -1.5703308e+01
  -1.4085349e+01
  -2.0979623e+01
  -2.1265549e+01
  -1.5700543e+01
  -1.4032790e+01
  -1.4874000e+01
  -1.2676010e+01
  -1.3888799e+01
  -1.1463320e+01
  -1.1202277e+01
  -1.5769121e+01
  -1.3602269e+01
  -1.4162390e+01
  -1.7215968e+01
  -1.3624343e+01
  -1.2659128e+01
  -1.1921380e+01
  -1.7319833e+01
  -2.3547239e+01
  -2.1509443e+01
  -2.4190825e+01
  -1.7528141e+01
  -2.7223272e+01
  -1.8448785e+01
  -1.7384791e+01
  -2.1161790e+01
  -1.6827378e+01
  -1.4976415e+01
  -1.7575507e+01
  -2.1833024e+01
  -1.3291329e+01
  -1.3922425e+01
  -1.7484858e+01
  -1.0936250e+01
  -1.5543949e+01
  -1.5706743e+01
  -1.2455475e+01
  -1.8880670e+01
  -2.3263960e+01
  -2.3365451e+01
  -2.3931876e+01
  -1.5760537e+01
  -1.6089609e+01
  -2.3957642e+01
  -3.4656850e+01
  -2.4459884e+01
  -3.4922135e+01
  -2.0068869e+01
  -1.8275594e+01
  -2.8636786e+01
  -3.4285498e+01
  -1.7151301e+01
  -1.2605049e+01
  -1.4998513e+01
  -2.2775454e+01
  -1.5697981e+01
  -1.5769692e+01
  -2.1928529e+01
  -1.4852697e+01
  -2.2840499e+01
  -1.5688576e+01
  -1.3413215e+01
  -1.6049186e+01
  -1.3337898e+01
  -1.3155900e+01
  -1.2475172e+01
  -1.0228142e+01
  -1.2164322e+01
  -2.0147622e+01
  -1.7411010e+01
  -1.8419450e+01
  -1.5715396e+01
  -2.0912196e+01
  -2.6911554e+01
  -2.3187307e+01
  -2.0803162e+01
  -1.6751009e+01
  -1.8816522e+01
  -1.9358410e+01
  -1.5454374e+01
  -1.7855937e+01
  -2.0818784e+01
  -2.0234987e+01
  -4.6651143e+01
  -2.1992698e+01
  -2.5421543e+01
  -2.4521555e+01
  -2.1292543e+01
  -1.8259559e+01
  -1.7044011e+01
  -3.0260529e+01
  -1.7824061e+01
  -2.0509179e+01
  -1.8097504e+01
  -1.4126652e+01
  -1.7051726e+01
  -1.9382806e+01
  -2.1923604e+01
  -1.5934751e+01
  -1.5117748e+01
  -1.9405011e+01
  -1.5957398e+01
  -1.6666997e+01
  -1.6381640e+01
  -1.3993153e+01
  -2.0713693e+01
  -2.0526466e+01
  -3.0471014e+01
  -1.5551594e+01
  -1.4922089e+01
  -1.6029247e+01
  -1.1190031e+01
  -1.3118071e+01
  -1.4870699e+01
  -1.4006839e+01
  -2.2372488e+01
  -1.8554981e+01
  -1.8267686e+01
  -1.7604384e+01
  -1.5002718e+01
  -2.1314564e+01
  -2.3810775e+01
  -2.8210957e+01
  -2.0715060e+01
  -2.0037232e+01
  -1.6916930e+01
  -1.4182309e+01
  -1.7863574e+01
  -1.4509300e+01
  -1.4783455e+01
  -2.8856469e+01
  -1.9808113e+01
  -2.3716319e+01
  -3.3894303e+01
  -2.6078950e+01
  -2.1684898e+01
  -2.6996028e+01
  -1.9504486e+01
  -1.8349303e+01
  -2.5934155e+01
  -2.8384801e+01
  -1.7308072e+01
  -1.4987477e+01
  -1.9252438e+01
  -1.7852813e+01
  -1.6031274e+01
  -1.9108510e+01
  -1.7247671e+01
  -1.8550092e+01
  -3.1554672e+01
  -1.5053450e+01
  -1.1487741e+01
  -9.9283569e+00
  -1.0036031e+01
  -1.2370743e+01
  -1.3518859e+01
  -1.3937511e+01
  -1.6620520e+01
  -2.1651385e+01
  -1.8924886e+01
  -1.8178634e+01
  -2.5748732e+01
  -1.6939860e+01
  -1.4273652e+01
  -1.6703675e+01
  -2.6198708e+01
  -2.1659432e+01
  -2.6549557e+01
  -1.7070719e+01
  -1.6841587e+01
  -1.5525098e+01
  -1.7390967e+01
  -2.8244291e+01
  -1.7671122e+01
  -2.1315237e+01
  -2.3602025e+01
  -2.2338321e+01
  -2.0600764e+01
  -1.6372166e+01
  -1.7051884e+01
  -4.0258838e+01
  -1.9384970e+01
  -1.9331239e+01
  -1.8653570e+01
  -2.0068135e+01
  -2.1924896e+01
  -1.6079242e+01
  -1.4990091e+01
  -1.6393351e+01
  -1.4925535e+01
  -1.5692233e+01
  -1.8584779e+01
  -2.0374313e+01
  -2.9359080e+01
  -2.1883685e+01
  -1.9125340e+01
  -2.7379342e+01
  -2.7050791e+01
  -2.3444072e+01
  -1.7082190e+01
  -1.8548795e+01
  -2.5072932e+01
  -1.9034806e+01
  -5.2136528e+01
  -1.8268029e+01
  -2.0110413e+01
  -2.9059993e+01
  -2.5959571e+01
  -2.1242690e+01
  -1.9349478e+01
  -2.3265248e+01
  -1.9046239e+01
  -1.4843772e+01
  -1.8233476e+01
  -1.3870730e+01
  -1.4630884e+01
  -2.9162609e+01
  -1.7416086e+01
  -1.7386730e+01
  -1.5638884e+01
  -2.0194984e+01
  -1.9576342e+01
  -1.4652818e+01
  -1.8891756e+01
  -2.6941588e+01
  -2.0641140e+01
  -1.9593670e+01
  -1.4609104e+01
  -1.7740433e+01
  -1.7868474e+01
  -1.7156701e+01
  -2.5272094e+01
  -4.1385923e+01
  -2.2219797e+01
  -1.6974459e+01
  -1.7411818e+01
  -2.5461673e+01
  -2.7901397e+01
  -2.5850059e+01
  -2.1562819e+01
  -2.1233659e+01
  -2.6707425e+01
  -2.3230008e+01
  -3.5051873e+01
  -1.9024926e+01
  -2.1122705e+01
  -3.2518764e+01
  -2.2402773e+01
  -2.7942706e+01
  -2.4249774e+01
  -2.8697167e+01
  -2.1508367e+01
  -1.8286478e+01
  -2.3157081e+01
  -3.1087560e+01
  -2.1003185e+01
  -2.1252259e+01
  -2.8749679e+01
  -2.1218895e+01
  -3.2394212e+01
  -2.0059219e+01
  -1.8623047e+01
  -2.1094630e+01
  -1.6474513e+01
  -1.5454839e+01
  -1.8408965e+01
  -1.6595740e+01
  -1.5234350e+01
  -1.6438448e+01
  -2.2100376e+01
  -2.4103139e+01
  -1.6686360e+01
  -1.8533620e+01
  -2.1845574e+01
  -1.6305473e+01
  -1.7856974e+01
  -1.9864356e+01
  -1.3943837e+01
  -1.6348143e+01
  -1.5981234e+01
  -1.7053430e+01
  -3.0359939e+01
  -1.9497125e+01
  -2.3119374e+01
  -2.3643926e+01
  -1.8794352e+01
  -2.2255318e+01
  -1.6184723e+01
  -1.6413751e+01
  -2.2235364e+01
  -1.9521464e+01
  -2.9969495e+01
  -1.9848987e+01
  -2.0082956e+01
  -2.5263663e+01
  -2.0183005e+01
  -2.9433053e+01
  -2.2988281e+01
  -2.1994416e+01
  -1.9678673e+01
  -1.8247735e+01
  -2.0871176e+01
  -1.3417140e+01
  -1.4397437e+01
  -1.5935619e+01
  -1.2782476e+01
  -1.4298556e+01
  -1.8258272e+01
  -2.1864339e+01
  -2.0031094e+01
  -1.7700692e+01
  -1.7270286e+01
  -1.3836986e+01
  -1.4511310e+01
  -1.7430423e+01
  -1.8444213e+01
  -3.0117761e+01
  -2.4096538e+01
  -2.4667917e+01
  -1.8180246e+01
  -1.6336916e+01
  -1.7919166e+01
  -1.4519882e+01
  -1.7085157e+01
  -1.9509059e+01
  -1.7555385e+01
  -2.3111350e+01
  -2.0459478e+01
  -3.0690290e+01
  -1.5276352e+01
  -1.5111308e+01
  -1.5624158e+01
  -1.2978738e+01
  -1.5437513e+01
  -1.3637884e+01
  -1.1578818e+01
  -1.5901015e+01
  -1.4703596e+01
  -1.4009172e+01
  -2.0088674e+01
  -1.9779659e+01
  -1.9668456e+01
  -2.1823689e+01
  -2.4662092e+01
  -2.0158388e+01
  -2.3378902e+01
  -2.0187647e+01
  -1.9781462e+01
  -2.9112427e+01
  -3.0536548e+01
  -2.7611193e+01
  -1.9227151e+01
  -1.8180902e+01
  -2.3170639e+01
  -1.8792534e+01
  -2.4026670e+01
  -1.6885540e+01
  -1.7863804e+01
  -3.6520862e+01
  -2.4449992e+01
  -2.9570429e+01
  -1.9947115e+01
  -2.3739898e+01
  -2.1718063e+01
  -2.0486667e+01
  -3.2555377e+01
  -2.1064383e+01
  -1.7389512e+01
  -1.9774113e+01
  -1.6588762e+01
  -1.7159468e+01
  -2.4218505e+01
  -2.8216913e+01
  -3.6505007e+01
  -2.7456136e+01
  -2.3853821e+01
  -2.3818403e+01
  -2.3914069e+01
  -2.0550751e+01
  -2.0312473e+01
  -1.4809342e+01
  -1.3330820e+01
  -1.6985765e+01
  -1.6144466e+01
  -1.8058683e+01
  -2.8028982e+01
  -2.3401260e+01
  -2.5089750e+01
  -2.9715022e+01
  -2.7012973e+01
  -2.9104721e+01
  -2.1169045e+01
  -1.8948400e+01
  -2.4739653e+01
  -2.3086958e+01
  -3.1129330e+01
  -2.6933897e+01
  -3.6607624e+01
  -2.2073800e+01
  -2.2978556e+01
  -2.8368469e+01
  -1.9465956e+01
  -1.9640022e+01
  -2.4028524e+01
  -3.4896709e+01
  -2.8694742e+01
  -2.1917645e+01
  -2.2733695e+01
  -2.4255605e+01
  -1.8706480e+01
  -1.8185115e+01
  -2.6034545e+01
  -1.7921672e+01
  -1.6416698e+01
  -2.4159253e+01
  -3.1532200e+01
  -2.8879229e+01
  -2.2368396e+01
  -1.7843285e+01
  -1.8842830e+01
  -2.2880065e+01
  -1.9667759e+01
  -2.0352451e+01
  -2.4799612e+01
  -2.4490409e+01
  -1.9693404e+01
  -2.0724195e+01
  -2.5475360e+01
  -2.0733724e+01
  -2.1082890e+01
  -2.5240968e+01
  -2.4285772e+01
  -2.0621632e+01
  -2.4270085e+01
  -2.1989065e+01
  -2.0024182e+01
  -3.5444952e+01
  -1.9387241e+01
  -2.4721825e+01
  -2.3678234e+01
  -2.0532563e+01
  -2.9794450e+01
  -2.2462128e+01
  -2.1498543e+01
  -2.1058839e+01
  -1.9409161e+01
  -2.2915757e+01
  -2.9818018e+01
  -1.9883225e+01
  -1.5897791e+01
  -1.8089948e+01
  -1.5735375e+01
  -1.3348099e+01
  -2.0203333e+01
  -1.6150470e+01
  -1.6918916e+01
  -2.3239418e+01
  -2.9054233e+01
  -2.4132183e+01
  -2.2252958e+01
  -2.4140225e+01
  -2.1560946e+01
  -2.8343164e+01
  -1.8968926e+01
  -1.9787629e+01
  -2.3200567e+01
  -2.2852040e+01
  -2.3429933e+01
  -1.7172014e+01
  -1.5556342e+01
  -2.1704933e+01
  -2.4248720e+01
  -2.2705048e+01
  -2.2244088e+01
  -2.6507091e+01
  -2.0911762e+01
  -1.7020439e+01
  -1.7017854e+01
  -2.2337951e+01
  -2.8412593e+01
  -1.9763943e+01
  -2.1100603e+01
  -2.3348714e+01
  -1.7721113e+01
  -1.7187841e+01
  -2.0114734e+01
  -2.8088156e+01
  -2.1213920e+01
  -1.6514987e+01
  -1.9112159e+01
  -2.3146302e+01
  -1.7416075e+01
  -1.9547129e+01
  -1.9558819e+01
  -1.7504398e+01
  -2.7629667e+01
  -2.5515138e+01
  -2.7254678e+01
  -2.1711872e+01
  -2.2832383e+01
  -2.8391463e+01
  -3.9374968e+01
  -3.0330980e+01
  -3.5041468e+01
  -2.0106610e+01
  -1.7907720e+01
  -1.7849769e+01
  -1.4083527e+01
  -1.4216063e+01
  -1.7420382e+01
  -1.5450137e+01
  -1.5923802e+01
  -1.6197350e+01
  -1.5964743e+01
  -2.1053407e+01
  -1.8628746e+01
  -2.0049469e+01
  -2.2393090e+01
  -1.5775085e+01
  -1.5271495e+01
  -1.6447208e+01
  -1.7766127e+01
  -2.5396696e+01
  -2.3387894e+01
  -2.9955177e+01
  -2.2634529e+01
  -2.3921592e+01
  -2.7987125e+01
  -2.5439359e+01
  -1.8471111e+01
  -1.7976609e+01
  -2.3398739e+01
  -1.9050785e+01
  -1.8247544e+01
  -2.5571644e+01
  -2.0010843e+01
  -1.8372365e+01
  -1.8509077e+01
  -1.6353216e+01
  -1.6766057e+01
  -1.6567863e+01
  -1.6972569e+01
  -1.6601946e+01
  -2.0963001e+01
  -3.4815405e+01
  -2.0699170e+01
  -1.9951770e+01
  -2.8566084e+01
  -2.6539351e+01
  -2.3283280e+01
  -2.1952205e+01
  -2.5251292e+01
  -2.3199214e+01
  -2.6578726e+01
  -2.7481832e+01
  -2.2369085e+01
  -3.1320999e+01
  -3.3367674e+01
  -2.9013206e+01
  -2.7917184e+01
  -3.3616992e+01
  -3.5205427e+01
  -2.0623914e+01
  -1.9498956e+01
  -3.2100245e+01
  -1.9979005e+01
  -2.1594706e+01
  -2.8172781e+01
  -2.4264542e+01
  -2.5531902e+01
  -3.2176802e+01
  -2.5865023e+01
  -2.6246167e+01
  -2.2022577e+01
  -2.1747486e+01
  -2.9573331e+01
  -3.5205403e+01
  -3.1033076e+01
  -2.8963241e+01
  -3.7981650e+01
  -2.6876404e+01
  -3.3394668e+01
  -3.3942832e+01
  -2.2683961e+01
  -1.7654779e+01
  -1.9240225e+01
  -2.4039128e+01
  -1.7704029e+01
  -2.0266178e+01
  -2.0569038e+01
  -1.8045570e+01
  -3.2398160e+01
  -2.0825397e+01
  -2.1214013e+01
  -3.0778635e+01
  -2.8586409e+01
  -3.4845622e+01
  -2.2992791e+01
  -2.4001520e+01
  -3.0602693e+01
  -2.6095991e+01
  -3.2395112e+01
  -2.2521644e+01
  -2.2377041e+01
  -4.9002943e+01
  -2.5619908e+01
  -2.9223379e+01
  -4.8049544e+01
  -3.1007578e+01
  -2.4533769e+01
  -2.6417638e+01
  -2.8301556e+01
  -2.2687570e+01
  -2.9799709e+01
  -1.8102748e+01
  -1.4709981e+01
  -1.7300117e+01
  -1.9232630e+01
  -2.0281967e+01
  -2.7723419e+01
  -3.0398981e+01
  -2.0492770e+01
  -1.9926049e+01
  -2.7590832e+01
  -4.0177007e+01
  -4.3972303e+01
  -3.7458823e+01
  -3.2033303e+01
  -2.3218876e+01
  -2.2868539e+01
  -2.7363047e+01
  -2.2630335e+01
  -2.6530597e+01
  -2.6972229e+01
  -2.2221107e+01
  -2.8600734e+01
  -2.3726989e+01
  -1.9806035e+01
  -2.7362673e+01
  -2.5486829e+01
  -2.5009694e+01
  -2.7142385e+01
  -1.9576185e+01
  -2.3689545e+01
  -3.1739139e+01
  -2.7514094e+01
  -2.7746522e+01
  -4.2367814e+01
  -2.4525802e+01
  -2.2534135e+01
  -2.7734606e+01
  -1.8225170e+01
  -1.6732409e+01
  -2.1376473e+01
  -1.7621652e+01
  -1.7975293e+01
  -2.3513008e+01
  -1.9770936e+01
  -2.0701924e+01
  -2.2623231e+01
  -2.2011631e+01
  -2.9802152e+01
  -2.6267439e+01
  -2.3991517e+01
  -3.2175552e+01
  -3.0530634e+01
  -2.1221622e+01
  -1.9095145e+01
  -2.1389721e+01
  -1.9887603e+01
  -2.2422081e+01
  -2.0717424e+01
  -1.8534697e+01
  -1.9838091e+01
  -1.9388366e+01
  -1.9490985e+01
  -1.8040311e+01
  -1.6673061e+01
  -1.9848188e+01
  -1.9810047e+01
  -2.0279033e+01
  -2.9755716e+01
  -3.0349634e+01
  -2.2872560e+01
  -2.1181318e+01
  -1.7743295e+01
  -1.7111670e+01
  -1.9333346e+01
  -1.7929434e+01
  -2.0272375e+01
  -2.1970225e+01
  -1.9099992e+01
  -2.0241134e+01
  -2.7151283e+01
  -2.8385523e+01
  -3.1787911e+01
  -2.3443105e+01
  -2.2824444e+01
  -3.0586061e+01
  -3.5054192e+01
  -2.6938104e+01
  -2.8461720e+01
  -3.4804633e+01
  -4.0610479e+01
  -5.4508327e+01
  -2.5122632e+01
  -2.0478706e+01
  -2.5455069e+01
  -2.3303936e+01
  -2.2885670e+01
  -3.0801084e+01
  -3.1729650e+01
  -2.6078186e+01
  -2.2059643e+01
  -2.0284499e+01
  -2.1060876e+01
  -3.2369618e+01
  -1.9443071e+01
  -2.2424288e+01
  -2.7143179e+01
  -2.7617436e+01
  -3.1757774e+01
  -3.6099826e+01
  -2.8537373e+01
  -2.5668600e+01
  -3.1171870e+01
  -3.1409794e+01
  -2.6317345e+01
  -2.5063417e+01
  -2.2396663e+01
  -2.5052587e+01
  -3.1535529e+01
  -2.5339089e+01
  -3.0690330e+01
  -2.1805200e+01
  -2.2401623e+01
  -3.0305226e+01
  -2.8135921e+01
  -2.4211773e+01
  -3.0137761e+01
  -3.6113969e+01
  -3.3754178e+01
  -2.4050586e+01
  -2.5223428e+01
  -2.3390074e+01
  -1.8333951e+01
  -1.7094448e+01
  -2.2187648e+01
  -2.9400754e+01
  -2.2412195e+01
  -2.8334684e+01
  -3.0923226e+01
  -2.4596033e+01
  -2.8568547e+01
  -3.8302106e+01
  -2.6843284e+01
  -1.8429007e+01
  -2.0098266e+01
  -2.5100801e+01
  -1.6068247e+01
  -1.5791412e+01
  -1.8034317e+01
  -2.1879728e+01
  -2.7933227e+01
  -2.1043494e+01
  -2.2663635e+01
  -3.9240979e+01
  -2.4386587e+01
  -2.8683206e+01
  -2.5062645e+01
  -3.3788989e+01
  -2.3474285e+01
  -2.6126741e+01
  -1.9208656e+01
  -1.5623891e+01
  -1.7195832e+01
  -1.7081350e+01
  -1.7366204e+01
  -1.6256964e+01
  -1.4462913e+01
  -1.6178309e+01
  -1.8812513e+01
  -1.9639240e+01
  -2.4165911e+01
  -2.7647850e+01
  -2.4701823e+01
  -2.3027898e+01
  -2.1519926e+01
  -1.9694081e+01
  -2.4554343e+01
  -2.0792316e+01
  -1.8420578e+01
  -2.4526255e+01
  -2.0074409e+01
  -1.7536227e+01
  -2.3006176e+01
  -1.9819203e+01
  -1.8391578e+01
  -1.7854902e+01
  -1.5103893e+01
  -1.6309541e+01
  -1.8428453e+01
  -1.4400749e+01
  -1.6012205e+01
  -2.0548616e+01
  -1.8878014e+01
  -2.3252344e+01
  -1.8355521e+01
  -1.9917587e+01
  -2.2330229e+01
  -1.9703943e+01
  -2.7606228e+01
  -2.3202244e+01
  -2.1640566e+01
  -3.8485821e+01
  -2.2279692e+01
  -3.6894708e+01
  -1.9204482e+01
  -1.7700269e+01
  -2.6835245e+01
  -2.2305504e+01
  -2.3429873e+01
  -2.3406218e+01
  -1.8374600e+01
  -2.3591046e+01
  -2.0088005e+01
  -1.6674694e+01
  -1.8469592e+01
  -1.8790311e+01
  -3.2425953e+01
  -1.9926883e+01
  -1.9759693e+01
  -2.4144255e+01
  -1.7386422e+01
  -1.7201894e+01
  -1.4784294e+01
  -1.4321105e+01
  -1.1860724e+01
  -9.0052671e+00
  -7.5071012e+00
  -5.3874814e+00
  -4.3689144e+00
  -4.7237608e+00
  -6.1302620e+00
  -9.0130553e+00
  -1.0550018e+01
  -1.1059876e+01
  -1.2361287e+01
  -1.2143989e+01
  -1.5096529e+01
  -1.3783903e+01
  -1.3675064e+01
  -1.8576880e+01
  -1.8111514e+01
  -2.5164405e+01
  -1.7067405e+01
  -1.4990567e+01
  -1.4675433e+01
  -1.3812466e+01
  -1.5029023e+01
  -1.3672260e+01
  -1.2964724e+01
  -1.4113825e+01
  -1.2739911e+01
  -1.4930216e+01
  -1.7595114e+01
  -1.6026697e+01
  -2.2240381e+01
  -2.6078164e+01
  -2.2837598e+01
  -1.8754387e+01
  -1.7935809e+01
  -2.2435167e+01
  -3.2118436e+01
  -2.7238389e+01
  -3.0614401e+01
  -3.4778990e+01
  -2.3563621e+01
  -2.0014079e+01
  -2.0286306e+01
  -2.3065395e+01
  -2.1482083e+01
  -2.0856750e+01
  -2.1310349e+01
  -2.3334892e+01
  -3.1518802e+01
  -3.0231683e+01
  -2.5266774e+01
  -2.8699791e+01
  -2.9665935e+01
  -2.7378309e+01
  -3.5181422e+01
  -3.4288893e+01
  -2.4880939e+01
  -1.9356234e+01
  -2.2950488e+01
  -2.1942259e+01
  -1.9505731e+01
  -2.3688972e+01
  -2.4959603e+01
  -2.1855126e+01
  -2.4058661e+01
  -2.0119780e+01
  -2.0016636e+01
  -2.4843039e+01
  -1.8646158e+01
  -1.8923777e+01
  -2.0035625e+01
  -2.2041520e+01
  -2.1378837e+01
  -2.0261120e+01
  -3.2837377e+01
  -2.1652722e+01
  -1.9310732e+01
  -2.2208149e+01
  -2.1069435e+01
  -2.0336877e+01
  -1.8412482e+01
  -2.1458714e+01
  -2.6047058e+01
  -1.9721202e+01
  -2.1779059e+01
  -4.0638216e+01
  -2.4380509e+01
  -2.1989935e+01
  -1.8575606e+01
  -1.8192007e+01
  -1.9879419e+01
  -1.7953123e+01
  -1.9862047e+01
  -2.2517356e+01
  -2.0134034e+01
  -1.7481364e+01
  -1.7126048e+01
  -2.0604180e+01
  -1.8846670e+01
  -2.2462219e+01
  -2.0460921e+01
  -1.6977071e+01
  -1.9416140e+01
  -1.4851823e+01
  -1.8192674e+01
  -1.3981448e+01
  -1.0256078e+01
  -1.0988047e+01
  -9.3902095e+00
  -8.3795746e+00
  -7.2459145e+00
  -5.2210886e+00
  -5.1278044e+00
  -6.1437538e+00
  -7.4952979e+00
  -1.0047442e+01
  -1.2738777e+01
  -1.8402893e+01
  -1.6871845e+01
  -1.4815206e+01
  -1.9568526e+01
  -2.0519170e+01
  -2.1131101e+01
  -3.2526901e+01
  -3.4592294e+01
  -2.6613359e+01
  -2.1584994e+01
  -2.5712514e+01
  -2.1657007e+01
  -1.8304972e+01
  -2.4302635e+01
  -2.6764906e+01
  -2.0823051e+01
  -2.3095797e+01
  -2.1417238e+01
  -1.9266185e+01
  -2.4330625e+01
  -2.4286651e+01
  -2.0796122e+01
  -2.9384709e+01
  -2.5100160e+01
  -2.2155046e+01
  -4.0747108e+01
  -2.2430593e+01
  -2.3663549e+01
  -2.7107347e+01
  -1.6629880e+01
  -1.6477685e+01
  -2.0093481e+01
  -2.1239960e+01
  -2.3298182e+01
  -2.2938650e+01
  -2.9694589e+01
  -2.8287468e+01
  -2.4231377e+01
  -2.7776918e+01
  -3.0205436e+01
  -2.7926131e+01
  -1.8297713e+01
  -1.8741666e+01
  -2.1895438e+01
  -2.0509929e+01
  -2.7320759e+01
  -2.1428966e+01
  -2.4024635e+01
  -2.3383286e+01
  -2.1260623e+01
  -1.9259881e+01
  -1.5767668e+01
  -1.9297162e+01
  -2.2827197e+01
  -1.7506054e+01
  -2.1000191e+01
  -2.0174958e+01
  -1.9815584e+01
  -2.7518805e+01
  -1.7414853e+01
  -1.9836966e+01
  -4.1061699e+01
  -2.4958922e+01
  -3.0267406e+01
  -3.2002859e+01
  -2.5527355e+01
  -2.6345435e+01
  -3.1890881e+01
  -3.3539843e+01
  -2.3808884e+01
  -2.2918119e+01
  -2.3476156e+01
  -2.1574936e+01
  -2.7685045e+01
  -2.6237170e+01
  -1.8352904e+01
  -1.7847284e+01
  -2.1332099e+01
  -2.4926864e+01
  -3.1101057e+01
  -2.8702754e+01
  -4.7962712e+01
  -2.5823116e+01
  -2.5638963e+01
  -3.2231290e+01
  -3.6127612e+01
  -2.7802491e+01
  -2.0482015e+01
  -2.2073664e+01
  -2.5291829e+01
  -1.7726040e+01
  -1.9984030e+01
  -2.8113352e+01
  -2.4855331e+01
  -2.5844760e+01
  -2.1636511e+01
  -2.5783828e+01
  -2.1520832e+01
  -2.0401196e+01
  -2.9083772e+01
  -2.6232940e+01
  -2.9180172e+01
  -2.5945569e+01
  -2.0839867e+01
  -2.4853962e+01
  -2.9080435e+01
  -2.5443124e+01
  -2.4146848e+01
  -2.1561780e+01
  -2.1647890e+01
  -2.5929682e+01
  -2.0906134e+01
  -2.0322108e+01
  -2.5861268e+01
  -4.2151522e+01
  -2.7064655e+01
  -2.3321213e+01
  -2.0670898e+01
  -2.6781115e+01
  -2.5267767e+01
  -2.1624202e+01
  -3.0875236e+01
  -3.3011837e+01
  -3.3311526e+01
  -4.3858654e+01
  -4.0199218e+01
  -3.1060543e+01
  -2.4116636e+01
  -2.5884219e+01
  -2.1011029e+01
  -1.7609327e+01
  -1.7977758e+01
  -1.5454982e+01
  -1.8365534e+01
  -3.6149703e+01
  -2.5111846e+01
  -2.3018935e+01
  -1.9632429e+01
  -2.3197250e+01
  -2.4155226e+01
  -1.9573535e+01
  -2.2891934e+01
  -2.6797387e+01
  -2.3319072e+01
  -2.1864331e+01
  -2.1036929e+01
  -2.0897907e+01
  -1.9053507e+01
  -2.4202139e+01
  -3.4592014e+01
  -2.3021980e+01
  -2.1686419e+01
  -3.1950645e+01
  -2.6760032e+01
  -3.2747502e+01
  -2.0498216e+01
  -1.9056418e+01
  -2.2454769e+01
  -2.0875609e+01
  -2.3729582e+01
  -2.2494423e+01
  -2.3544745e+01
  -3.1152125e+01
  -3.7246533e+01
  -3.9758203e+01
  -2.8251082e+01
  -2.6424825e+01
  -2.7532327e+01
  -3.1048507e+01
  -3.3187445e+01
  -2.2911224e+01
  -2.2950389e+01
  -2.9822033e+01
  -2.5645714e+01
  -2.4075319e+01
  -3.4463430e+01
  -2.4616966e+01
  -2.0293183e+01
  -2.5286871e+01
  -2.6638220e+01
  -2.0147072e+01
  -2.8628285e+01
  -2.4126296e+01
  -2.5340111e+01
  -2.7608957e+01
  -2.0732823e+01
  -2.5437977e+01
  -2.2296177e+01
  -2.1599644e+01
  -2.6869546e+01
  -3.1637906e+01
  -3.2765145e+01
  -4.5800253e+01
  -4.0923234e+01
  -3.8243367e+01
  -3.4894338e+01
  -2.3909152e+01
  -2.0671253e+01
  -2.4754732e+01
  -2.3034256e+01
  -2.1954123e+01
  -2.8427564e+01
  -2.5279416e+01
  -2.9424842e+01
  -2.9917349e+01
  -2.1456625e+01
  -2.0884398e+01
  -2.1910356e+01
  -2.2250692e+01
  -3.0821688e+01
  -2.7225744e+01
  -2.3871772e+01
  -2.0937404e+01
  -2.1651307e+01
  -3.2399726e+01
  -1.9240589e+01
  -2.0582705e+01
  -1.6641068e+01
  -1.3665264e+01
  -1.4650487e+01
  -1.3575096e+01
  -1.4438189e+01
  -1.9771573e+01
  -1.8199705e+01
  -1.9485479e+01
  -2.7394727e+01
  -2.2462790e+01
  -2.0620117e+01
  -2.0136982e+01
  -3.0280777e+01
  -2.3959151e+01
  -2.3921562e+01
  -2.7759247e+01
  -1.9712980e+01
  -2.2121359e+01
  -2.0758726e+01
  -2.1664342e+01
  -3.1399062e+01
  -2.1380741e+01
  -2.2582243e+01
  -2.2642991e+01
  -2.7030126e+01
  -2.6194840e+01
  -1.9566577e+01
  -2.4375589e+01
  -3.1520658e+01
  -2.4274465e+01
  -2.4705006e+01
  -2.2502776e+01
  -2.4762767e+01
  -2.9669912e+01
  -3.1490607e+01
  -2.1515171e+01
  -1.9248925e+01
  -2.0752447e+01
  -1.9209201e+01
  -1.9467872e+01
  -2.2196038e+01
  -2.9682185e+01
  -2.9436776e+01
  -2.4943655e+01
  -3.0288688e+01
  -2.4719437e+01
  -2.3095538e+01
  -3.0140540e+01
  -2.2514888e+01
  -2.3732421e+01
  -2.8706785e+01
  -2.8657652e+01
  -2.6610819e+01
  -2.2161499e+01
  -2.5766553e+01
  -2.0710244e+01
  -2.3057197e+01
  -3.4188499e+01
  -2.3208537e+01
  -2.6399516e+01
  -3.0623317e+01
  -3.6249090e+01
  -2.2450907e+01
  -2.1583664e+01
  -3.0205819e+01
  -2.9091946e+01
  -4.1951705e+01
  -2.2700191e+01
  -2.1018232e+01
  -2.1815216e+01
  -1.9761739e+01
  -2.5103076e+01
  -2.8678431e+01
  -2.4344431e+01
  -3.2952425e+01
  -1.9471910e+01
  -2.0457252e+01
  -1.8475967e+01
  -1.6375038e+01
  -2.4135714e+01
  -2.4854309e+01
  -2.1521737e+01
  -3.3466207e+01
  -2.5597222e+01
  -2.1809797e+01
  -2.4286205e+01
  -2.9339325e+01
  -2.6734349e+01
  -2.5974307e+01
  -2.7314623e+01
  -3.9019470e+01
  -2.5877831e+01
  -2.3998328e+01
  -3.4937813e+01
  -2.9736954e+01
  -3.6133845e+01
  -3.2835718e+01
  -2.8134407e+01
  -2.1747622e+01
  -2.0975317e+01
  -2.0425381e+01
  -1.8755722e+01
  -2.5325285e+01
  -2.6919004e+01
  -2.2711432e+01
  -2.3450975e+01
  -1.7184735e+01
  -1.7230733e+01
  -2.1271833e+01
  -1.6617448e+01
  -1.3162242e+01
  -1.2490096e+01
  -1.5140168e+01
  -1.8232655e+01
  -1.8503285e+01
  -2.5477549e+01
  -2.8639802e+01
  -2.5849413e+01
  -5.2829332e+01
  -2.8297967e+01
  -2.8673243e+01
  -2.5977252e+01
  -3.6267213e+01
  -2.1950879e+01
  -2.1600307e+01
  -2.4457651e+01
  -2.4001133e+01
  -2.8988429e+01
  -2.3974196e+01
  -2.5218893e+01
  -2.3300044e+01
  -2.2129303e+01
  -2.8857505e+01
  -2.4209387e+01
  -2.1328049e+01
  -2.8077516e+01
  -2.3126442e+01
  -2.5883005e+01
  -4.2084721e+01
  -2.6420276e+01
  -2.0329895e+01
  -2.1609175e+01
  -4.5839262e+01
  -2.2337473e+01
  -2.2439765e+01
  -2.7639399e+01
  -2.8157551e+01
  -3.3364904e+01
  -3.7692770e+01
  -4.7834590e+01
  -2.5957513e+01
  -2.6611605e+01
  -2.6343472e+01
  -2.0477240e+01
  -2.8133355e+01
  -2.7076474e+01
  -2.6225437e+01
  -2.9957556e+01
  -2.6764190e+01
  -2.9087371e+01
  -2.6946750e+01
  -5.0600223e+01
  -2.2150981e+01
  -1.9958920e+01
  -3.1323124e+01
  -2.3151060e+01
  -2.1095630e+01
  -2.7386368e+01
  -2.8536341e+01
  -2.0558838e+01
  -1.9277951e+01
  -2.4932485e+01
  -2.1699844e+01
  -2.3397335e+01
  -2.9170008e+01
  -2.7529610e+01
  -4.6316980e+01
  -2.8964921e+01
  -2.9031900e+01
  -2.9312499e+01
  -2.4243998e+01
  -2.8291108e+01
  -3.1335634e+01
  -3.8723838e+01
  -2.7344994e+01
  -2.5220316e+01
  -4.3197103e+01
  -2.1733021e+01
  -1.9306686e+01
  -2.1662932e+01
  -2.7568385e+01
  -2.1695095e+01
  -1.6881398e+01
  -1.7602575e+01
  -2.7095396e+01
  -2.8534396e+01
  -2.6782714e+01
  -4.0209195e+01
  -3.3601464e+01
  -2.8575682e+01
  -2.6079601e+01
  -2.5759490e+01
  -2.4049661e+01
  -2.2716706e+01
  -2.6024526e+01
  -2.4832128e+01
  -2.5469903e+01
  -3.4481914e+01
  -2.1830134e+01
  -2.2030798e+01
  -3.1288369e+01
  -2.7045310e+01
  -2.6315226e+01
  -2.3686876e+01
  -2.4924611e+01
  -2.8720831e+01
  -2.8728960e+01
  -3.7193280e+01
  -3.9649746e+01
  -3.3429025e+01
  -2.7159928e+01
  -2.8690241e+01
  -3.0254853e+01
