   3.8104837e+01
   4.9860722e+01
   5.9543631e+01
   5.9209217e+01
   6.6873360e+01
   7.1783893e+01
   7.1148048e+01
   7.7803510e+01
   7.8308771e+01
   7.8231006e+01
   8.9097126e+01
   8.8072719e+01
   8.7747023e+01
   1.0298579e+02
   9.2518707e+01
   6.2002619e+01
   7.0060209e+01
   7.7010236e+01
   6.2137918e+01
   5.2873993e+01
   6.0972851e+01
   9.9165538e+01
   1.3061020e+02
   1.5217217e+02
   1.9917561e+02
   2.4995872e+02
   2.9923467e+02
   3.6655411e+02
   4.2330181e+02
   4.7962753e+02
   5.9221352e+02
   7.3283006e+02
   8.5567525e+02
   9.6601055e+02
   1.0597614e+03
   1.1263606e+03
   1.1798258e+03
   1.2197392e+03
   1.2390810e+03
   1.2629340e+03
   1.3041509e+03
   1.3408943e+03
   1.3608196e+03
   1.3695428e+03
   1.3787733e+03
   1.3904787e+03
   1.3853479e+03
   1.3619876e+03
   1.3444019e+03
   1.3235889e+03
   1.2706668e+03
   1.1887281e+03
   1.0881861e+03
   9.6981267e+02
   8.5306016e+02
   7.5579239e+02
   6.6841188e+02
   5.8722549e+02
   5.1696729e+02
   4.4938671e+02
   3.8237737e+02
   3.2444599e+02
   2.7709240e+02
   2.3842849e+02
   2.0693831e+02
   1.8088688e+02
   1.5958294e+02
   1.3996661e+02
   1.2260685e+02
   1.0915297e+02
   9.6953944e+01
   9.0080097e+01
   8.9804035e+01
   8.9413547e+01
   8.9637532e+01
   9.0509088e+01
   8.9490505e+01
   8.9073298e+01
   9.0031822e+01
   9.1456416e+01
   9.3064432e+01
   9.2989063e+01
   9.1687064e+01
   8.9956522e+01
   8.7127903e+01
   8.4962202e+01
   8.3004395e+01
   7.9018749e+01
   7.5170580e+01
   7.1746330e+01
   6.6711135e+01
   6.2912669e+01
   6.1391945e+01
   5.9449417e+01
   5.8254635e+01
   5.7951774e+01
   5.6296620e+01
   5.5191318e+01
   5.5608012e+01
   5.5124620e+01
   5.5059702e+01
   5.6675780e+01
   5.7431467e+01
   5.7906678e+01
   5.9426352e+01
   6.0040066e+01
   6.0222693e+01
   6.1057555e+01
   6.0921963e+01
   6.0376495e+01
   6.0102946e+01
   5.8745754e+01
   5.7427038e+01
   5.6402601e+01
   5.3776694e+01
   5.1066034e+01
   4.9103222e+01
   4.5687173e+01
   4.1470446e+01
   3.7365132e+01
   3.2127621e+01
   2.6286888e+01
   2.0190462e+01
   1.2976656e+01
   5.7327611e+00
   2.7857690e+00
   9.5607270e+00
   1.5902063e+01
   2.0424629e+01
   2.4091000e+01
   2.6621119e+01
   2.7327576e+01
   2.6324722e+01
   2.3089836e+01
   1.8639534e+01
   1.5268153e+01
   1.2614292e+01
   1.2596962e+01
   1.6899418e+01
   2.2257646e+01
   2.7141633e+01
   3.0159178e+01
   3.1751438e+01
   3.3659305e+01
   3.4887967e+01
   3.5519963e+01
   3.6943130e+01
   3.7652752e+01
   3.7918973e+01
   3.9166002e+01
   3.9486168e+01
   3.9240618e+01
   4.0012455e+01
   4.0020823e+01
   3.9675852e+01
   4.0193152e+01
   3.9679634e+01
   3.8728324e+01
   3.8639480e+01
   3.7852848e+01
   3.6995210e+01
   3.6813728e+01
   3.5727251e+01
   3.4611425e+01
   3.4154246e+01
   3.2878485e+01
   3.1651946e+01
   3.0965469e+01
   2.9513544e+01
   2.8263333e+01
   2.7549876e+01
   2.6009234e+01
   2.4660382e+01
   2.4047959e+01
   2.2976776e+01
   2.2233319e+01
   2.2009027e+01
   2.1003426e+01
   2.0092903e+01
   1.9800768e+01
   1.9019326e+01
   1.8553063e+01
   1.8784280e+01
   1.8349874e+01
   1.7872805e+01
   1.7900636e+01
   1.7299428e+01
   1.6770177e+01
   1.6839786e+01
   1.6254233e+01
   1.5617603e+01
   1.5502032e+01
   1.4745386e+01
   1.4033182e+01
   1.4006733e+01
   1.3376464e+01
   1.2564146e+01
   1.2345941e+01
   1.1710549e+01
   1.0963594e+01
   1.0765292e+01
   1.0294673e+01
   9.9134987e+00
   1.0228890e+01
   1.0199894e+01
   9.9921047e+00
   1.0478254e+01
   1.0838577e+01
   1.1034473e+01
   1.1849857e+01
   1.2460091e+01
   1.2860587e+01
   1.3977365e+01
   1.4866064e+01
   1.5327244e+01
   1.6349383e+01
   1.7187109e+01
   1.7642948e+01
   1.8557643e+01
   1.9091768e+01
   1.9251493e+01
   2.0139714e+01
   2.0791752e+01
   2.0694803e+01
   2.0641851e+01
   2.0186033e+01
   1.9304355e+01
   1.8501519e+01
   1.6756350e+01
   1.4271161e+01
   1.2790397e+01
   1.1820003e+01
   1.1037912e+01
   1.1014058e+01
   1.0632534e+01
   1.0026557e+01
   9.9047385e+00
   9.3147325e+00
   8.5113535e+00
   8.1073709e+00
   7.2946450e+00
   6.3987275e+00
   5.8334981e+00
   5.0025215e+00
   4.3815328e+00
   3.9751563e+00
   2.9913034e+00
   2.1667033e+00
   1.6890329e+00
   8.2817641e-01
   1.7163635e-01
   4.0387018e-01
   1.1430062e+00
   1.5809302e+00
   1.8177292e+00
   2.5205076e+00
   2.9087160e+00
   3.0693387e+00
   3.6530167e+00
   3.9010099e+00
   3.9541803e+00
   4.4732721e+00
   4.7335624e+00
   4.7469006e+00
   5.0207195e+00
   4.9896128e+00
   4.8776156e+00
   5.1885963e+00
   5.2312951e+00
   5.1451038e+00
   5.3915037e+00
   5.3586643e+00
   5.2646834e+00
   5.5003501e+00
   5.4869630e+00
   5.5161357e+00
   5.8245279e+00
   5.6565074e+00
   5.4044404e+00
   5.6106834e+00
   5.5515172e+00
   5.4233957e+00
   5.6508496e+00
   5.6687549e+00
   5.6859430e+00
   5.8831802e+00
   5.7381268e+00
   5.6815897e+00
   5.8583020e+00
   5.6531320e+00
   5.5322313e+00
   5.6592118e+00
   5.3767403e+00
   5.1465998e+00
   5.1593358e+00
   4.7684613e+00
   4.4395145e+00
   4.4717762e+00
   4.1365322e+00
   3.7500567e+00
   3.6966820e+00
   3.4327494e+00
   3.2284432e+00
   3.3461606e+00
   3.2054060e+00
   3.0483392e+00
   3.2267437e+00
   3.2020957e+00
   3.1772488e+00
   3.5870474e+00
   3.7821883e+00
   3.7527212e+00
   4.1101669e+00
   4.2933997e+00
   4.1247907e+00
   4.4570454e+00
   4.9228413e+00
   4.9504825e+00
   4.9865058e+00
   4.9249117e+00
   4.4989841e+00
   4.2412117e+00
   4.0287264e+00
   3.5545873e+00
   3.5078225e+00
   3.6257887e+00
   3.4697914e+00
   3.5672169e+00
   3.6891241e+00
   3.6213780e+00
   3.7920532e+00
   3.8327444e+00
   3.6340806e+00
   3.7125143e+00
   3.7143626e+00
   3.5336541e+00
   3.6393897e+00
   3.6029569e+00
   3.3215818e+00
   3.4471091e+00
   3.5157004e+00
   3.2672466e+00
   3.4074209e+00
   3.6461620e+00
   3.5843057e+00
   3.7170375e+00
   3.8178029e+00
   3.6617434e+00
   3.7934390e+00
   3.9244413e+00
   3.7851572e+00
   3.9786522e+00
   4.1256828e+00
   3.8592115e+00
   3.9291825e+00
   4.0938559e+00
   3.8797869e+00
   3.9582579e+00
   4.1407487e+00
   3.9317474e+00
   3.9493299e+00
   4.0389764e+00
   3.7601220e+00
   3.7364077e+00
   3.8346439e+00
   3.5614804e+00
   3.4722261e+00
   3.5134212e+00
   3.3278996e+00
   3.3860630e+00
   3.4657405e+00
   3.2360065e+00
   3.2449500e+00
   3.3178019e+00
   3.0237951e+00
   2.8839339e+00
   2.8430269e+00
   2.4772820e+00
   2.2974804e+00
   2.3497577e+00
   2.1754220e+00
   2.1394477e+00
   2.2088891e+00
   1.9904867e+00
   1.9591741e+00
   2.0717406e+00
   1.8496498e+00
   1.7588879e+00
   1.9130608e+00
   1.7759211e+00
   1.7153028e+00
   1.9497268e+00
   1.8504983e+00
   1.6774319e+00
   1.8832697e+00
   1.8736911e+00
   1.6932564e+00
   1.8715158e+00
   1.9379376e+00
   1.8380732e+00
   2.0416248e+00
   2.1227207e+00
   1.9262370e+00
   2.0306620e+00
   2.2108839e+00
   2.2737536e+00
   2.5550948e+00
   2.7807536e+00
   2.8971774e+00
   3.2014824e+00
   3.3679676e+00
   3.3595297e+00
   3.5340680e+00
   3.5560212e+00
   3.4144622e+00
   3.5518692e+00
   3.5887318e+00
   3.5077250e+00
   3.7189925e+00
   3.7489906e+00
   3.6235126e+00
   3.8331642e+00
   3.9142747e+00
   3.8387129e+00
   4.0608519e+00
   4.1235958e+00
   3.9928454e+00
   4.0883604e+00
   4.0560972e+00
   3.9552924e+00
   4.1135411e+00
   4.0339287e+00
   3.8017193e+00
   3.8771709e+00
   3.8098822e+00
   3.6154071e+00
   3.6770731e+00
   3.5933424e+00
   3.3692601e+00
   3.3542793e+00
   3.2194029e+00
   3.0425739e+00
   3.0814980e+00
   2.9479164e+00
   2.7564060e+00
   2.7448836e+00
   2.5321696e+00
   2.3012705e+00
   2.3258927e+00
   2.1541195e+00
   1.9576443e+00
   2.0280041e+00
   1.8705175e+00
   1.6771257e+00
   1.7611616e+00
   1.6411958e+00
   1.4449345e+00
   1.5151118e+00
   1.4326411e+00
   1.2969664e+00
   1.3616368e+00
   1.2166216e+00
   1.0592991e+00
   1.1799357e+00
   1.0834889e+00
   9.1626377e-01
   1.0812554e+00
   1.0354649e+00
   8.1570602e-01
   8.3789592e-01
   8.3375110e-01
   7.1511926e-01
   7.5700636e-01
   7.2152870e-01
   5.4389588e-01
   6.4240591e-01
   7.3906458e-01
   6.4840393e-01
   7.4192860e-01
   8.6311274e-01
   7.8252819e-01
   8.2939559e-01
   9.4829805e-01
   8.6767855e-01
   9.1155142e-01
   1.0682158e+00
   1.0002005e+00
   1.0451714e+00
   1.1311121e+00
   9.0145158e-01
   8.2169417e-01
   9.8120169e-01
   8.5570889e-01
   8.9151401e-01
   1.1016994e+00
   1.0060964e+00
   9.7987112e-01
   1.1461846e+00
   1.0790571e+00
   1.0509642e+00
   1.1022859e+00
   9.4039585e-01
   9.0630623e-01
   9.8463029e-01
   7.6892891e-01
   5.6836464e-01
   6.2798401e-01
   4.8282863e-01
   3.8040755e-01
   4.7359020e-01
   3.8572217e-01
   3.1223256e-01
   3.8729611e-01
   3.0151199e-01
   1.6237485e-01
   2.3470177e-01
   3.1453399e-01
   2.4339406e-01
   2.0973081e-01
   3.5952105e-01
   3.9358615e-01
   4.2512215e-01
   5.7951315e-01
   5.3870803e-01
   5.2731160e-01
   7.5984983e-01
   7.8432963e-01
   7.6931987e-01
   9.6923829e-01
   1.0011270e+00
   1.0188722e+00
   1.2192393e+00
   1.2146772e+00
   1.1763493e+00
   1.3635221e+00
   1.3906301e+00
   1.3929391e+00
   1.5825684e+00
   1.5843434e+00
   1.6169974e+00
   1.8454164e+00
   1.8422179e+00
   1.8568251e+00
   2.1309209e+00
   2.1392852e+00
   2.0661399e+00
   2.2673571e+00
   2.2647571e+00
   2.1368996e+00
   2.2967949e+00
   2.3919816e+00
   2.3802006e+00
   2.5023227e+00
   2.5338739e+00
   2.5475339e+00
   2.6899916e+00
   2.7252948e+00
   2.7748395e+00
   2.8993901e+00
   2.8591557e+00
   2.8953219e+00
   3.0384814e+00
   2.9329142e+00
   2.8653071e+00
   3.0077956e+00
   2.9432460e+00
   2.8607205e+00
   2.9606260e+00
   2.8914663e+00
   2.8371618e+00
   2.9622977e+00
   2.9019324e+00
   2.8069257e+00
   2.8557258e+00
   2.7704055e+00
   2.7438309e+00
   2.8789596e+00
   2.8031041e+00
   2.7107920e+00
   2.8245527e+00
   2.8118415e+00
   2.7327468e+00
   2.7482029e+00
   2.6761289e+00
   2.6497648e+00
   2.7110716e+00
   2.5947138e+00
   2.4843773e+00
   2.5081652e+00
   2.4317037e+00
   2.3795710e+00
   2.3974916e+00
   2.2812860e+00
   2.2479203e+00
   2.3387883e+00
   2.2501863e+00
   2.1377924e+00
   2.1339558e+00
   2.0235147e+00
   1.9304484e+00
   1.9419375e+00
   1.8689546e+00
   1.8317510e+00
   1.8672367e+00
   1.7749457e+00
   1.7195820e+00
   1.7187872e+00
   1.5513323e+00
   1.4562561e+00
   1.5298325e+00
   1.4632727e+00
   1.3888293e+00
   1.4384341e+00
   1.3323899e+00
   1.2029363e+00
   1.2398958e+00
   1.1909520e+00
   1.1336246e+00
   1.2236700e+00
   1.2030313e+00
   1.1516677e+00
   1.2357425e+00
   1.2324788e+00
   1.1697468e+00
   1.1525623e+00
   1.0413067e+00
   9.6772164e-01
   1.0567320e+00
   9.9642562e-01
   8.7959458e-01
   9.2774885e-01
   8.9314137e-01
   8.7423123e-01
   1.0213462e+00
   1.0893379e+00
   1.1519204e+00
   1.2632267e+00
   1.1927562e+00
   1.1024106e+00
   1.1399480e+00
   1.0330310e+00
   9.0535031e-01
   9.7214614e-01
   9.2993692e-01
   8.1952203e-01
   8.4539522e-01
   7.4060415e-01
   6.0614405e-01
   6.7394317e-01
   6.4105445e-01
   5.1543607e-01
   5.2936760e-01
   4.3916176e-01
   2.6098448e-01
   2.6384532e-01
   2.0790706e-01
   9.5178052e-02
   1.5753538e-01
   9.8950787e-02
   1.3472274e-01
   1.8037527e-01
   5.1247760e-02
   7.4845030e-02
   4.4525821e-02
   8.1063356e-02
   1.9448253e-01
   1.8859992e-01
   2.9548030e-01
   4.8382461e-01
   5.2286850e-01
   6.2603006e-01
   6.9115807e-01
   6.0607990e-01
   6.9642824e-01
   8.4874317e-01
   7.9991473e-01
   8.5150630e-01
   9.5909092e-01
   8.8912387e-01
   9.7706182e-01
   1.1351025e+00
   1.1333743e+00
   1.3053319e+00
   1.4942390e+00
   1.4514267e+00
   1.5116343e+00
   1.6442082e+00
   1.6336683e+00
   1.7417209e+00
   1.8824739e+00
   1.8182104e+00
   1.8649745e+00
   1.9791740e+00
   1.9089554e+00
   1.9393273e+00
   2.0830159e+00
   2.0626948e+00
   2.0576450e+00
   2.0801586e+00
   1.9797090e+00
   1.9839206e+00
   2.0534104e+00
   2.0131853e+00
   2.0730692e+00
   2.1558416e+00
   2.1167343e+00
   2.1902400e+00
   2.2539860e+00
   2.1916538e+00
   2.2749931e+00
   2.3581488e+00
   2.2463325e+00
   2.2516659e+00
   2.3052631e+00
   2.1930291e+00
   2.1774165e+00
   2.2486411e+00
   2.2359993e+00
   2.3057034e+00
   2.3545605e+00
   2.2716597e+00
   2.3147732e+00
   2.3729428e+00
   2.2704097e+00
   2.2418121e+00
   2.2597500e+00
   2.1992466e+00
   2.2528027e+00
   2.3157303e+00
   2.2463777e+00
   2.2645486e+00
   2.3199589e+00
   2.2591552e+00
   2.2401133e+00
   2.2234107e+00
   2.1427146e+00
   2.1614539e+00
   2.1815072e+00
   2.0869683e+00
   2.0451950e+00
   2.0542099e+00
   2.0791087e+00
   2.1546694e+00
   2.0981684e+00
   1.9902519e+00
   2.0780428e+00
   2.1174823e+00
   2.0499108e+00
   2.0973431e+00
   2.0845757e+00
   2.0066995e+00
   2.1040185e+00
   2.1091574e+00
   1.9627241e+00
   2.0003848e+00
   2.0350829e+00
   1.9250131e+00
   1.9478340e+00
   1.9665478e+00
   1.8725187e+00
   1.9494298e+00
   1.9809261e+00
   1.7977245e+00
   1.7665802e+00
   1.8591043e+00
   1.8279068e+00
   1.8166485e+00
   1.7801161e+00
   1.6677901e+00
   1.7066001e+00
   1.7104403e+00
   1.5282148e+00
   1.5001163e+00
   1.5673159e+00
   1.4588799e+00
   1.3907544e+00
   1.4032357e+00
   1.3023872e+00
   1.2500452e+00
   1.2570557e+00
   1.1998357e+00
   1.1941392e+00
   1.1640353e+00
   1.0587312e+00
   1.1136041e+00
   1.1348132e+00
   9.6463836e-01
   9.7677368e-01
   1.0508960e+00
   9.2459020e-01
   8.7090942e-01
   9.5673899e-01
   8.9393349e-01
   8.1056101e-01
   7.7783447e-01
   6.7283812e-01
   6.7081080e-01
   7.1469322e-01
   6.0784897e-01
   6.0892830e-01
   7.0088040e-01
   5.6979375e-01
   4.2578679e-01
   4.5533897e-01
   4.2414868e-01
   4.1757617e-01
   4.4461215e-01
   3.3205412e-01
   2.8548869e-01
   2.9463044e-01
   1.6815265e-01
   2.0793889e-01
   2.7364846e-01
   2.1450048e-01
   2.3941114e-01
   2.3192025e-01
   1.8328523e-01
   2.4520234e-01
   2.2387878e-01
   1.4964317e-01
   2.0329417e-01
   1.5368984e-01
   1.4282033e-01
   2.5914252e-01
   1.7731125e-01
   1.8586187e-01
   2.8455810e-01
   2.9706781e-01
   4.1704125e-01
   4.4689998e-01
   3.5457799e-01
   4.8383167e-01
   5.9814314e-01
   5.4166178e-01
   5.9578508e-01
   6.9450229e-01
   6.8253718e-01
   7.2600191e-01
   7.7167204e-01
   8.0467678e-01
   9.1966722e-01
   9.4346244e-01
   9.1370095e-01
   1.0284502e+00
   1.0671705e+00
   1.0059432e+00
   1.0775060e+00
   1.1703244e+00
   1.2121712e+00
   1.3033327e+00
   1.3593961e+00
   1.3802290e+00
   1.4351265e+00
   1.4402552e+00
   1.4546182e+00
   1.5207711e+00
   1.5344763e+00
   1.5978013e+00
   1.7044575e+00
   1.6822061e+00
   1.6888316e+00
   1.7809963e+00
   1.7452606e+00
   1.7115373e+00
   1.7980731e+00
   1.7866269e+00
   1.7370162e+00
   1.7257055e+00
   1.6304422e+00
   1.6192990e+00
   1.7117832e+00
   1.6516212e+00
   1.6315751e+00
   1.7334703e+00
   1.6719643e+00
   1.6188612e+00
   1.6965293e+00
   1.6401776e+00
   1.6047587e+00
   1.7142539e+00
   1.6626310e+00
   1.5678957e+00
   1.5975750e+00
   1.5147340e+00
   1.4624459e+00
   1.5899477e+00
   1.5947807e+00
   1.5438914e+00
   1.5794662e+00
   1.5246866e+00
   1.5010460e+00
   1.5920043e+00
   1.5281420e+00
   1.4221487e+00
   1.4817612e+00
   1.4630829e+00
   1.3831276e+00
   1.4245176e+00
   1.3965553e+00
   1.3055910e+00
   1.3074041e+00
   1.2864405e+00
   1.2947156e+00
   1.3994611e+00
   1.4245639e+00
   1.4158279e+00
   1.4601655e+00
   1.4414273e+00
   1.4457539e+00
   1.5036910e+00
   1.4616416e+00
   1.4445504e+00
   1.4917939e+00
   1.3914231e+00
   1.3016969e+00
   1.3778678e+00
   1.3835559e+00
   1.3510993e+00
   1.3874169e+00
   1.3382817e+00
   1.2977717e+00
   1.3637560e+00
   1.3170559e+00
   1.2485657e+00
   1.3041700e+00
   1.2676097e+00
   1.2038735e+00
   1.2493818e+00
   1.1809046e+00
   1.0852160e+00
   1.1788383e+00
   1.2020589e+00
   1.1229756e+00
   1.1299954e+00
   1.0853775e+00
   1.0028072e+00
   1.0653243e+00
   1.1110491e+00
   1.0640591e+00
   1.0488840e+00
   1.0120706e+00
   9.5304972e-01
   9.4580726e-01
   8.9249066e-01
   8.3881021e-01
   8.5964443e-01
   8.1920265e-01
   7.8506189e-01
   8.1002201e-01
   7.3470524e-01
   6.8207782e-01
   7.2541891e-01
   6.2382183e-01
   5.0746022e-01
   5.7959671e-01
   5.5233054e-01
   4.7785722e-01
   5.3872522e-01
   5.1357807e-01
   4.1688754e-01
   4.2133045e-01
   3.8503421e-01
   3.8581374e-01
   4.4119054e-01
   3.6243320e-01
   2.7555838e-01
   3.3583622e-01
   2.7097277e-01
   1.9661118e-01
   1.8740189e-01
   8.9063034e-02
   1.5716618e-01
   2.2703011e-01
   1.5295646e-01
   1.4537609e-01
   1.8970367e-01
   1.7543936e-01
   2.5790298e-01
   2.6189693e-01
   2.3459716e-01
   3.3082151e-01
   3.7997879e-01
   3.8660916e-01
   4.5047673e-01
   4.1051921e-01
   4.0346238e-01
   5.2427576e-01
   5.4395662e-01
   5.2062403e-01
   5.7958234e-01
   5.6898967e-01
   5.7225113e-01
   6.5995512e-01
   6.5066131e-01
   6.5527587e-01
   7.5738831e-01
   7.8086236e-01
   8.1480143e-01
   8.8252121e-01
   8.2759955e-01
   8.2441135e-01
   9.5130087e-01
   1.0130747e+00
   1.0561306e+00
   1.1306338e+00
   1.1290196e+00
   1.1371921e+00
   1.1908128e+00
   1.1954562e+00
   1.2233503e+00
   1.2750668e+00
   1.2617521e+00
   1.2781244e+00
   1.3136739e+00
   1.2705550e+00
   1.2370907e+00
   1.2436249e+00
   1.2487031e+00
   1.2896050e+00
   1.3046142e+00
   1.2762692e+00
   1.2906509e+00
   1.2589504e+00
   1.1918213e+00
   1.2548858e+00
   1.3105203e+00
   1.2670176e+00
   1.2823058e+00
   1.2872800e+00
   1.2202478e+00
   1.2282092e+00
   1.2342244e+00
   1.1874404e+00
   1.2310896e+00
   1.2620796e+00
   1.2131896e+00
   1.2443950e+00
   1.2772129e+00
   1.2387574e+00
   1.2643788e+00
   1.2375180e+00
   1.1364620e+00
   1.2097063e+00
   1.2952235e+00
   1.1914955e+00
   1.1146031e+00
   1.1521343e+00
   1.1491341e+00
   1.1503537e+00
   1.1365358e+00
   1.0943016e+00
   1.1406495e+00
   1.1512602e+00
   1.0724246e+00
   1.1044350e+00
   1.1383739e+00
   1.0660427e+00
   1.0647679e+00
   1.1030249e+00
   1.0857409e+00
   1.1146274e+00
   1.0918205e+00
   1.0060391e+00
   1.0660289e+00
   1.1010074e+00
   9.6857568e-01
   9.1650052e-01
   9.3577342e-01
   8.7437979e-01
   8.9400425e-01
   9.3822807e-01
   9.0758828e-01
   9.4206778e-01
   9.4275887e-01
   8.4251638e-01
   8.7357225e-01
   9.0073567e-01
   7.8639515e-01
   7.9492170e-01
   8.5744370e-01
   7.5905016e-01
   7.1979839e-01
   7.4550499e-01
   6.7003132e-01
   6.5659160e-01
   6.7538237e-01
   5.9662524e-01
   6.2820565e-01
   6.8951254e-01
   6.0205578e-01
   5.7623417e-01
   6.1529673e-01
   5.4857579e-01
   5.2291835e-01
   5.3707487e-01
   4.6551266e-01
   4.8527358e-01
   5.1886554e-01
   4.2495268e-01
   4.1615220e-01
   4.7570400e-01
   4.1232839e-01
   4.1335183e-01
   4.5461889e-01
   3.7054603e-01
   3.5908843e-01
   4.0562734e-01
   3.2103610e-01
   2.8121297e-01
   3.4025037e-01
   3.0345012e-01
   2.8645764e-01
   3.7286029e-01
   3.7769748e-01
   3.5313610e-01
   3.8447973e-01
   3.4984415e-01
   2.8647586e-01
   3.3083476e-01
   3.5597761e-01
   3.0024206e-01
   2.8381596e-01
   2.9331520e-01
   2.7982913e-01
   3.2241480e-01
   3.5110272e-01
   2.9623181e-01
   2.7441953e-01
   3.1031570e-01
   3.0399198e-01
   3.6736686e-01
   4.5772820e-01
   4.0081060e-01
   3.6345674e-01
   4.7033636e-01
   4.8372391e-01
   4.5044565e-01
   5.0962890e-01
   5.1605603e-01
   4.8722448e-01
   5.7296644e-01
   5.9919973e-01
   5.6331599e-01
   6.3901521e-01
   6.6204819e-01
   6.1930600e-01
   6.7678415e-01
   7.0303951e-01
   6.8626460e-01
   7.7830723e-01
   8.1342109e-01
   7.5834339e-01
   7.8779702e-01
   7.9828439e-01
   7.8831796e-01
   8.6517412e-01
   8.8404787e-01
   8.4754533e-01
   9.2115599e-01
   9.4755153e-01
   8.7711398e-01
   9.1073634e-01
   9.6322155e-01
   9.3187157e-01
   9.2626581e-01
   9.1020753e-01
   8.7957376e-01
   9.0987811e-01
   9.0825293e-01
   9.2110383e-01
   1.0197922e+00
   1.0135204e+00
   9.2214477e-01
   9.2876163e-01
   9.0171315e-01
   8.4850285e-01
   8.9081020e-01
   8.8723318e-01
   8.8127609e-01
   9.9169407e-01
   9.8656117e-01
   8.7933282e-01
   8.9709670e-01
   8.8653178e-01
   8.3772691e-01
   9.1729013e-01
   9.1496440e-01
   8.1682702e-01
   8.6376364e-01
   8.9595789e-01
   8.4113802e-01
   8.9183649e-01
   9.0696760e-01
   8.1916293e-01
   8.3769611e-01
   8.6071198e-01
   8.2259272e-01
   8.8050741e-01
   9.0983967e-01
   8.3547974e-01
   8.3714721e-01
   8.3885903e-01
   7.6706004e-01
   7.7004816e-01
   7.8992281e-01
   7.7088755e-01
   8.0963748e-01
   7.8918010e-01
   7.0254969e-01
   7.7360167e-01
   8.4264074e-01
   7.9938482e-01
   8.2647888e-01
   8.4098836e-01
   7.2330572e-01
   6.8438813e-01
   7.4667379e-01
   7.3895203e-01
   7.4228982e-01
   7.4920831e-01
   6.9145117e-01
   7.0686293e-01
   7.3963433e-01
   6.8393060e-01
   6.7091011e-01
   6.9191713e-01
   6.7291472e-01
   6.9515464e-01
   6.9581301e-01
   6.7582196e-01
   7.5905032e-01
   7.8315066e-01
   6.9898301e-01
   7.3140417e-01
   7.9327672e-01
   7.5686170e-01
   7.7133762e-01
   7.9738287e-01
   7.2263725e-01
   6.9075846e-01
   7.1309042e-01
   6.9093658e-01
   6.7985053e-01
   6.6449871e-01
   6.4327712e-01
   6.7712445e-01
   6.8405810e-01
   6.6200263e-01
   6.9455435e-01
   6.7656622e-01
   6.0393013e-01
   5.9304720e-01
   5.6190023e-01
   4.8630903e-01
   4.9431207e-01
   4.9601342e-01
   4.3616925e-01
   4.0850215e-01
   3.6386895e-01
   3.0479006e-01
   3.2433260e-01
   2.9740551e-01
   2.2368804e-01
   2.1684426e-01
   2.0068369e-01
   1.2510077e-01
   1.7229804e-01
   1.7226248e-01
   9.5781811e-02
   1.1387983e-01
   9.0369573e-02
   5.2054431e-02
   1.4088977e-02
   6.7755040e-02
   5.7701248e-02
   4.7250664e-02
   1.1932283e-01
   1.6994022e-01
   1.5366507e-01
   2.1637417e-01
   2.7484921e-01
   2.6014944e-01
   2.9084955e-01
   3.3620880e-01
   3.2002230e-01
   3.3329507e-01
   3.4562334e-01
   3.1127274e-01
   3.2929827e-01
   3.5791629e-01
   3.9046080e-01
   4.8646088e-01
   4.8783168e-01
   4.1937163e-01
   5.2021004e-01
   5.7752232e-01
   4.8480984e-01
   4.8164114e-01
   5.3595032e-01
   4.9799559e-01
   5.3132876e-01
   5.3303957e-01
   4.1977655e-01
   4.8802393e-01
   6.0107947e-01
   5.2609301e-01
   5.1296276e-01
   6.1811866e-01
   5.9138161e-01
   5.7644380e-01
   6.4286404e-01
   6.3047213e-01
   5.9996225e-01
   5.9580324e-01
   5.5484503e-01
   5.6694161e-01
   6.2354787e-01
   6.3142877e-01
   6.3388174e-01
   6.2658450e-01
   6.0173881e-01
   6.2474704e-01
   6.2994372e-01
   6.1297921e-01
   6.9236042e-01
   7.5594578e-01
   7.1257592e-01
   7.1786071e-01
   7.5422889e-01
   7.1674742e-01
   6.9693320e-01
   7.2816799e-01
   7.6678356e-01
   8.0573818e-01
   7.8098138e-01
   7.2913925e-01
   7.6975545e-01
   7.9171513e-01
   7.6784643e-01
   8.1552734e-01
   8.0746396e-01
   7.0606096e-01
   7.2210157e-01
   7.6762505e-01
   7.2519530e-01
   7.2104430e-01
   7.0308217e-01
   6.3249942e-01
   6.7804033e-01
   7.1233301e-01
   6.3628779e-01
   6.7390982e-01
   7.5457394e-01
   6.8750877e-01
   6.6601894e-01
   6.9251058e-01
   5.9853387e-01
   5.7404546e-01
   6.3774195e-01
   5.7988012e-01
   5.2121442e-01
   5.8232778e-01
   5.7893312e-01
   5.5424088e-01
   5.9575605e-01
   5.9136751e-01
   5.7464996e-01
   5.5986510e-01
   4.7827802e-01
   4.8174090e-01
   5.6853942e-01
   5.4665972e-01
   5.1197053e-01
   5.3499426e-01
   4.7038312e-01
   4.5070697e-01
   5.3296410e-01
   5.0382427e-01
   4.5214870e-01
   4.7236691e-01
   4.0565477e-01
   3.8568936e-01
   4.5857369e-01
   4.0480391e-01
   3.8014385e-01
   5.0403587e-01
   4.9401423e-01
   4.2434069e-01
   4.7328932e-01
   4.6546107e-01
   4.0320305e-01
   4.2077333e-01
   4.5895687e-01
   4.8268609e-01
   4.9387009e-01
   4.3910207e-01
   4.3618422e-01
   4.7921535e-01
   4.2714286e-01
   3.8574784e-01
   4.6870461e-01
   5.0225332e-01
   4.7951190e-01
   4.8003313e-01
   4.4807315e-01
   4.1567651e-01
   4.1596412e-01
   3.8461904e-01
   3.6404307e-01
   3.7176941e-01
   3.5558665e-01
   3.7802911e-01
   3.8481835e-01
   3.0845598e-01
   3.4278390e-01
   4.2023966e-01
   3.5888479e-01
   3.1751276e-01
   3.3991224e-01
   2.7624753e-01
   2.2540190e-01
   2.2778942e-01
   1.5979124e-01
   1.2276346e-01
   1.7335648e-01
   1.4668854e-01
   8.1801833e-02
   1.1858991e-01
   1.5140994e-01
   1.1998916e-01
   1.9074574e-01
   2.5005153e-01
   2.0622512e-01
   2.1605391e-01
   2.8848576e-01
   2.5488807e-01
   2.4321676e-01
   3.6310259e-01
   3.8493230e-01
   4.0311629e-01
   4.6983429e-01
   4.9133021e-01
   5.6053004e-01
   6.4305829e-01
   6.5188132e-01
   7.1337353e-01
   8.0653730e-01
   8.4135898e-01
   9.2683598e-01
   1.0048822e+00
   1.0177794e+00
   1.0968266e+00
   1.1422508e+00
   1.0595265e+00
   1.0697624e+00
   1.1452150e+00
   1.1068445e+00
   1.1218107e+00
   1.2044058e+00
   1.1358738e+00
   1.0382547e+00
   1.0247782e+00
   9.4748556e-01
   8.9322068e-01
   9.3849596e-01
   9.1486325e-01
   8.5287308e-01
   8.4939382e-01
   7.9425881e-01
   6.9575749e-01
   6.3786041e-01
   5.6228094e-01
   5.0552513e-01
   5.3710005e-01
   5.1160980e-01
   4.5014860e-01
   4.6436981e-01
   4.5846532e-01
   4.0539839e-01
   4.0382657e-01
   4.0983978e-01
   3.8509390e-01
   3.8220693e-01
   3.8849104e-01
   4.3831565e-01
   4.9793464e-01
   4.4898634e-01
   3.9831138e-01
   4.4939251e-01
   4.3743659e-01
   3.7558812e-01
   3.9929106e-01
   4.0435314e-01
   3.5807652e-01
   3.9144904e-01
   3.9042370e-01
   3.3068469e-01
   3.4917431e-01
   4.0071819e-01
   4.2088885e-01
   4.3883611e-01
   4.0261537e-01
   3.6984861e-01
   4.1121929e-01
   3.8161622e-01
   3.1976876e-01
   3.7927636e-01
   3.9256170e-01
   3.5499947e-01
   3.9256531e-01
   3.8882897e-01
   3.2727093e-01
   3.3307680e-01
   3.6140441e-01
   3.6555946e-01
   3.9772278e-01
   3.7186687e-01
   3.1277339e-01
   3.1918258e-01
   2.8688182e-01
   2.0589825e-01
   2.3005126e-01
   2.7897990e-01
   2.5415853e-01
   2.9641928e-01
   3.6279150e-01
   3.3866791e-01
   3.5703708e-01
   4.4759301e-01
   4.7794817e-01
   5.0939601e-01
   5.8896508e-01
   6.0592154e-01
   6.4832602e-01
   7.4532740e-01
   7.5206642e-01
   7.3213664e-01
   8.2076643e-01
   8.9989473e-01
   9.4255387e-01
   1.0077335e+00
   1.0088115e+00
   9.8274096e-01
   1.0262434e+00
   1.0832176e+00
   1.1458505e+00
   1.1994851e+00
   1.1569066e+00
   1.0984210e+00
   1.1017243e+00
   1.0715045e+00
   1.0232297e+00
   9.9191447e-01
   9.0499195e-01
   8.2284540e-01
   7.7929503e-01
   6.6855378e-01
   5.9413850e-01
   5.9969677e-01
   5.3292082e-01
   4.7622075e-01
   4.6541827e-01
   3.9328825e-01
   3.8394355e-01
   4.3466599e-01
   3.8248295e-01
   3.3738089e-01
   3.6137819e-01
   3.0045437e-01
   2.2754907e-01
   2.0826284e-01
   1.7134193e-01
   1.5530914e-01
   1.5797311e-01
   1.3433308e-01
   1.4551352e-01
   1.3687696e-01
   8.6533854e-02
   7.6766867e-02
   1.2489537e-01
   1.3860087e-01
   1.2881645e-01
   1.6994642e-01
   1.8036956e-01
   1.4320019e-01
   1.8206804e-01
   2.4374966e-01
   2.1682380e-01
   1.8983942e-01
   2.2851140e-01
   2.2614603e-01
   2.5180198e-01
   3.1908171e-01
   3.1425621e-01
   2.8204070e-01
   2.6659644e-01
   2.5371948e-01
   2.9689153e-01
   3.3909947e-01
   3.2460866e-01
   3.4048438e-01
   3.8811804e-01
   3.9238375e-01
   4.0468550e-01
   4.3855230e-01
   4.3627720e-01
   4.3103061e-01
   4.1606590e-01
   3.8948620e-01
   4.3225835e-01
   4.6034958e-01
   4.1805374e-01
   4.4951808e-01
   4.6292389e-01
   3.7159273e-01
   3.8763423e-01
   4.4675372e-01
   3.8508550e-01
   3.7896720e-01
   4.7104828e-01
   4.3767682e-01
   4.1748477e-01
   4.6034445e-01
   3.9468712e-01
   3.3750197e-01
   3.7962286e-01
   3.8511979e-01
   4.0473233e-01
   4.4004383e-01
   4.1401750e-01
   4.1011727e-01
   4.4067170e-01
   4.2206190e-01
   4.1841739e-01
   4.4089058e-01
   4.0691759e-01
   3.6448443e-01
   3.5245940e-01
   3.4946527e-01
   3.8032888e-01
   3.8249798e-01
   3.1933563e-01
   2.8776857e-01
   2.8453142e-01
   2.5963201e-01
   2.6264148e-01
   2.8268996e-01
   2.8847920e-01
   3.1761868e-01
   3.2053344e-01
   2.8274815e-01
   2.9039670e-01
   3.0444866e-01
   2.8484595e-01
   3.4448897e-01
   3.9299034e-01
   3.3705379e-01
   3.0091608e-01
   3.2121229e-01
   2.9208051e-01
   3.1740869e-01
   3.5816893e-01
   3.0144473e-01
   2.7841828e-01
   3.3256502e-01
   3.4689375e-01
   3.8694817e-01
   4.3004717e-01
   3.4147504e-01
   2.6757749e-01
   3.4200091e-01
   3.3187620e-01
   2.7613975e-01
   3.2713619e-01
   3.2945161e-01
   2.7618630e-01
   2.9017526e-01
   2.8667888e-01
   2.7686301e-01
   3.2858139e-01
   3.0585877e-01
   2.8847276e-01
   3.5525083e-01
   3.1323839e-01
   2.3304635e-01
   2.8317696e-01
   2.7882492e-01
   1.8860756e-01
   2.4044722e-01
   2.6410897e-01
   2.0582411e-01
   2.4199402e-01
   2.4971257e-01
   1.7979354e-01
   2.3796782e-01
   2.7742924e-01
   1.9379376e-01
   1.5003756e-01
   1.7894069e-01
   1.4169558e-01
   1.3400377e-01
   1.6625426e-01
   1.4235021e-01
   1.7244603e-01
   2.2738112e-01
   2.0415563e-01
   2.2264517e-01
   2.4669346e-01
   1.6379324e-01
   1.6000567e-01
   2.7623362e-01
   2.8923804e-01
   2.7889391e-01
   3.4572891e-01
   3.4291396e-01
   3.0961401e-01
   3.4505146e-01
   3.5081964e-01
   3.3860409e-01
   3.6269568e-01
   3.3964722e-01
   3.3237129e-01
   3.7975583e-01
   3.8068861e-01
   3.6429851e-01
   3.7206913e-01
   3.6143462e-01
   3.6556805e-01
   3.6201509e-01
   3.1197935e-01
   3.1697090e-01
   3.5556975e-01
   3.3002246e-01
   3.3215700e-01
   3.8463430e-01
   3.6652057e-01
   3.5082519e-01
   3.6177884e-01
   3.2650021e-01
   3.0685841e-01
   3.2303102e-01
   3.1270079e-01
   3.2618272e-01
   3.1556983e-01
   2.5116847e-01
   2.9866529e-01
   3.7058894e-01
   3.2133855e-01
   3.0686544e-01
   3.8284293e-01
   3.5965634e-01
   3.1211837e-01
   3.5305665e-01
   3.5643336e-01
   3.4754630e-01
   3.7796878e-01
   3.4646578e-01
   3.5004612e-01
   4.2861383e-01
   4.1160283e-01
   3.7232700e-01
   4.4289684e-01
   4.4973136e-01
   4.0306552e-01
   4.4157296e-01
   4.5296329e-01
   4.2153009e-01
   4.5262507e-01
   4.5779379e-01
   4.2450890e-01
   4.5094072e-01
   4.6679617e-01
   4.5592499e-01
   4.9265543e-01
   5.0622377e-01
   4.8748795e-01
   5.1166295e-01
   5.0983974e-01
   4.7759410e-01
   5.3270141e-01
   5.7124918e-01
   5.1774646e-01
   5.0172435e-01
   5.2263207e-01
   5.1306041e-01
   5.4355733e-01
   5.8591055e-01
   5.5603190e-01
   5.2503052e-01
   5.1980424e-01
   4.8545355e-01
   4.6515573e-01
   4.5365425e-01
   4.2825796e-01
   4.3425960e-01
   4.3242664e-01
   4.1934058e-01
   4.4206698e-01
   4.1636852e-01
   3.5628706e-01
   3.4679853e-01
   2.9794969e-01
   2.2656048e-01
   3.0194550e-01
   3.3572289e-01
   2.8754778e-01
   3.5493743e-01
   3.7487544e-01
   2.9379967e-01
   2.8491645e-01
   2.9543438e-01
   2.6206911e-01
   2.6436112e-01
   2.5157859e-01
   2.1162254e-01
   2.5850692e-01
   2.5531729e-01
   1.8250944e-01
   1.9968951e-01
   2.1861933e-01
   1.6342504e-01
   1.9525977e-01
   2.1706758e-01
   1.6805088e-01
   1.8074183e-01
   2.2321693e-01
   1.9623508e-01
   1.9434059e-01
   2.3658922e-01
   2.0147544e-01
   1.8531762e-01
   2.3929379e-01
   2.4786277e-01
   2.4546557e-01
   2.5931807e-01
   2.3981035e-01
   2.5768806e-01
   3.0301302e-01
   3.0652020e-01
   3.4002261e-01
   3.9447824e-01
   3.7059879e-01
   3.5059497e-01
   3.6502777e-01
   3.3555252e-01
   3.4534908e-01
   3.8930332e-01
   3.4713494e-01
   3.0509324e-01
   3.4813397e-01
   3.4883053e-01
   3.4877032e-01
   4.0284203e-01
   4.1061701e-01
   3.8925049e-01
   3.8435584e-01
   3.2207613e-01
   2.5740081e-01
   2.8535463e-01
   2.6502517e-01
   1.8804553e-01
   2.4116065e-01
   2.9283829e-01
   2.6062419e-01
   2.2798612e-01
   2.2016257e-01
   2.1179264e-01
   2.1632244e-01
   2.0535938e-01
   1.9123653e-01
   2.3407222e-01
   2.4929120e-01
   1.9394889e-01
   2.3033600e-01
   2.9077186e-01
   2.4204509e-01
   2.1234662e-01
   2.7989476e-01
   2.5771378e-01
   1.9406467e-01
   2.6593885e-01
   2.9664431e-01
   2.6265296e-01
   3.0035300e-01
   2.8917148e-01
   2.0982105e-01
   2.2264111e-01
   2.0421424e-01
   1.6737203e-01
   2.3009182e-01
   2.4234961e-01
   2.3526958e-01
   3.1634806e-01
   3.0563305e-01
   2.5065936e-01
   2.8202181e-01
   2.7541168e-01
   2.5712354e-01
   2.8846493e-01
   2.9599970e-01
   3.2502405e-01
   3.8333252e-01
   3.6060574e-01
   3.2870061e-01
   3.6672989e-01
   3.8537760e-01
   3.9351789e-01
   4.0894993e-01
   3.9418781e-01
   3.8567663e-01
   3.7933282e-01
   3.6441594e-01
   3.8863814e-01
   3.9857369e-01
   3.5988960e-01
   3.7028153e-01
   4.1384861e-01
   4.1936011e-01
   4.1168724e-01
   3.9163280e-01
   3.7832689e-01
   4.1095692e-01
   4.1406960e-01
   3.7424870e-01
   3.5814254e-01
   3.4493745e-01
   3.2841228e-01
   3.5261466e-01
   3.5982861e-01
   3.4555030e-01
   3.6438736e-01
   3.6407555e-01
   3.5895511e-01
   3.9381112e-01
   3.7736920e-01
   3.2365175e-01
   3.4573967e-01
   3.2680057e-01
   2.6437424e-01
   3.0265344e-01
   3.3415909e-01
   2.9459367e-01
   2.9248469e-01
   3.0668218e-01
   3.0750791e-01
   3.4277998e-01
   3.2165300e-01
   2.6506958e-01
   3.5006501e-01
   3.9637287e-01
   3.0481600e-01
   2.3808620e-01
   2.3023733e-01
   1.9879899e-01
   2.3604098e-01
   2.7140007e-01
   2.1436619e-01
   1.9816144e-01
   2.0940355e-01
   1.4677852e-01
   1.4711249e-01
   1.7673615e-01
   1.4314114e-01
   1.5791528e-01
   1.9830466e-01
   1.5058934e-01
   1.3782834e-01
   1.6871275e-01
   1.1892787e-01
   7.5581418e-02
   1.4738424e-01
   1.4500170e-01
   9.7873844e-02
   1.6473922e-01
   1.5789805e-01
   8.7214954e-02
   9.7408175e-02
   1.1289345e-01
   1.2169830e-01
   1.7701241e-01
   1.8272896e-01
   1.5267429e-01
   2.0520464e-01
   2.0530671e-01
   1.3063191e-01
   1.3666054e-01
   1.9306571e-01
   1.8083375e-01
   1.5093203e-01
   1.4795494e-01
   1.3877508e-01
   1.6176277e-01
   1.5652308e-01
   9.6063729e-02
   1.0654977e-01
   1.3869187e-01
   1.2548644e-01
   1.3836119e-01
   1.7093438e-01
