   3.1415927e+00
   1.7702608e+00
   3.0715579e-01
   2.0862850e+00
  -1.6027656e-01
   2.7830072e+00
   9.7326188e-01
   2.9804950e+00
   1.6275606e+00
   2.4616985e+00
   1.0704996e+00
  -7.8988424e-01
   1.3796383e+00
   4.3009382e-01
   4.4860973e-02
  -2.6030159e+00
  -5.4434257e+00
  -6.8990916e+00
  -7.2595489e+00
  -7.3914308e+00
  -7.6284212e+00
  -7.4449725e+00
  -8.3291418e+00
  -8.5555896e+00
  -9.4667694e+00
  -1.0677151e+01
  -1.1799413e+01
  -1.1865419e+01
  -1.1753055e+01
  -1.2382392e+01
  -1.3002247e+01
  -1.3644884e+01
  -1.4221253e+01
  -1.4749386e+01
  -1.5274415e+01
  -1.5783761e+01
  -1.6306207e+01
  -1.6896833e+01
  -1.7522531e+01
  -1.8121021e+01
  -1.8602061e+01
  -1.8836838e+01
  -1.9208581e+01
  -1.9646796e+01
  -2.0056748e+01
  -2.0655393e+01
  -2.1083506e+01
  -2.1363219e+01
  -2.1927513e+01
  -2.2457383e+01
  -2.2952932e+01
  -2.3492790e+01
  -2.4085558e+01
  -2.4874376e+01
  -2.5774716e+01
  -2.6620078e+01
  -2.7330446e+01
  -2.7997185e+01
  -2.8609756e+01
  -2.9018611e+01
  -2.9465269e+01
  -3.0007017e+01
  -3.0388105e+01
  -3.0715533e+01
  -3.1065641e+01
  -3.1420326e+01
  -3.1781586e+01
  -3.1778421e+01
  -3.2113851e+01
  -3.2737580e+01
  -3.3107334e+01
  -3.3342968e+01
  -3.3711888e+01
  -3.3964881e+01
  -3.4390139e+01
  -3.4641339e+01
  -3.4920642e+01
  -3.5172792e+01
  -3.5698853e+01
  -3.6632023e+01
  -3.7041943e+01
  -3.6944700e+01
  -3.7904777e+01
  -3.8563905e+01
  -3.9002395e+01
  -3.9873303e+01
  -4.0037816e+01
  -4.0496910e+01
  -4.1019201e+01
  -4.0814061e+01
  -4.1742812e+01
  -4.1204337e+01
  -4.2455237e+01
  -4.0635822e+01
  -4.2136804e+01
  -4.1769252e+01
  -4.2840929e+01
  -4.5180688e+01
  -4.2230247e+01
  -4.5255419e+01
  -4.7643869e+01
  -4.6937870e+01
  -4.7841200e+01
  -4.8235616e+01
  -4.8470266e+01
  -4.9102336e+01
  -4.9588198e+01
  -5.0528539e+01
  -5.1544011e+01
  -5.2413172e+01
  -5.3212119e+01
  -5.3899612e+01
  -5.4487473e+01
  -5.5306386e+01
  -5.5717883e+01
  -5.6207106e+01
  -5.7931209e+01
  -5.4975807e+01
  -5.3698799e+01
  -5.4973007e+01
  -5.5927347e+01
  -5.6361425e+01
  -5.7168988e+01
  -5.5578815e+01
  -5.6583134e+01
  -5.6794272e+01
  -5.7451377e+01
  -5.7914222e+01
  -5.8182352e+01
  -5.8974331e+01
  -5.9315587e+01
  -5.9964814e+01
  -6.0860402e+01
  -6.1370324e+01
  -6.2102481e+01
  -6.3206538e+01
  -6.4293193e+01
  -6.5118398e+01
  -6.5921748e+01
  -6.7016233e+01
  -6.8835525e+01
  -7.1024566e+01
  -7.1685782e+01
  -7.2470149e+01
  -7.2916104e+01
  -7.3398171e+01
  -7.3914121e+01
  -7.4341509e+01
  -7.4760943e+01
  -7.5057841e+01
  -7.5517111e+01
  -7.5878204e+01
  -7.6261295e+01
  -7.6656999e+01
  -7.7013150e+01
  -7.7528681e+01
  -7.7829601e+01
  -7.8236864e+01
  -7.8794988e+01
  -7.9227732e+01
  -7.9921147e+01
  -8.0836194e+01
  -8.1730675e+01
  -8.2504924e+01
  -8.3256753e+01
  -8.2035932e+01
  -8.2261888e+01
  -8.2684707e+01
  -8.3278145e+01
  -8.3804788e+01
  -8.3825985e+01
  -8.4533341e+01
  -8.5151017e+01
  -8.5481159e+01
  -8.5866028e+01
  -8.5745275e+01
  -8.6111812e+01
  -8.6711789e+01
  -8.7331306e+01
  -8.8159414e+01
  -8.9287197e+01
  -8.7505126e+01
  -8.8855337e+01
  -8.9907797e+01
  -9.0131638e+01
  -9.1136165e+01
  -9.1925551e+01
  -9.2135974e+01
  -9.3244663e+01
  -9.4422207e+01
  -9.5329857e+01
  -9.6365367e+01
  -9.7855999e+01
  -9.9651993e+01
  -9.9531488e+01
  -1.0098906e+02
  -1.0169030e+02
  -1.0220909e+02
  -1.0272028e+02
  -1.0342409e+02
  -1.0430930e+02
  -1.0394458e+02
  -1.0454232e+02
  -1.0461561e+02
  -1.0504446e+02
  -1.0599923e+02
  -1.0543229e+02
  -1.0599120e+02
  -1.0648425e+02
  -1.0696197e+02
  -1.0747519e+02
  -1.0765234e+02
  -1.0808010e+02
  -1.0873889e+02
  -1.0965383e+02
  -1.1062356e+02
  -1.1143177e+02
  -1.1205466e+02
  -1.1239965e+02
  -1.1233032e+02
  -1.1250884e+02
  -1.1268545e+02
  -1.1317998e+02
  -1.1359633e+02
  -1.1417966e+02
  -1.1471040e+02
  -1.1531666e+02
  -1.1606090e+02
  -1.1609664e+02
  -1.1658690e+02
  -1.1725606e+02
  -1.1738770e+02
  -1.1794177e+02
  -1.1832072e+02
  -1.1869792e+02
  -1.1907793e+02
  -1.1928873e+02
  -1.1961354e+02
  -1.2004714e+02
  -1.2074318e+02
  -1.2116426e+02
  -1.2184308e+02
  -1.2278802e+02
  -1.2342260e+02
  -1.2380158e+02
  -1.2416384e+02
  -1.2434195e+02
  -1.2511834e+02
  -1.2550775e+02
  -1.2586657e+02
  -1.2591852e+02
  -1.2592606e+02
  -1.2573669e+02
  -1.2636031e+02
  -1.2732833e+02
  -1.2712987e+02
  -1.2779852e+02
  -1.2786964e+02
  -1.2858227e+02
  -1.2927214e+02
  -1.2974158e+02
  -1.3078089e+02
  -1.3140413e+02
  -1.3159434e+02
  -1.3296632e+02
  -1.3286456e+02
  -1.3439068e+02
  -1.3616236e+02
  -1.3490459e+02
  -1.3639038e+02
  -1.3775461e+02
  -1.3866094e+02
  -1.3971299e+02
  -1.4088788e+02
  -1.4131058e+02
  -1.4199799e+02
  -1.4280125e+02
  -1.4333688e+02
  -1.4440816e+02
  -1.4536911e+02
  -1.4589916e+02
  -1.4725177e+02
  -1.4751886e+02
  -1.4772711e+02
  -1.4890657e+02
  -1.4803995e+02
  -1.4915731e+02
  -1.4932079e+02
  -1.4959191e+02
  -1.4995314e+02
  -1.4980173e+02
  -1.5071745e+02
  -1.5132533e+02
  -1.5224166e+02
  -1.5159028e+02
  -1.5256617e+02
  -1.5393187e+02
  -1.5339783e+02
  -1.5434470e+02
  -1.5336929e+02
  -1.5442471e+02
  -1.5490917e+02
  -1.5544361e+02
  -1.5677153e+02
  -1.5815289e+02
  -1.5722908e+02
  -1.5825890e+02
  -1.5898504e+02
  -1.6023713e+02
  -1.6152226e+02
  -1.6200437e+02
  -1.6270250e+02
  -1.6325407e+02
  -1.6328958e+02
  -1.6446571e+02
  -1.6500812e+02
  -1.6514690e+02
  -1.6588170e+02
  -1.6657347e+02
  -1.6748199e+02
  -1.6831688e+02
  -1.6912335e+02
  -1.7019344e+02
  -1.7101412e+02
  -1.7034745e+02
  -1.7102984e+02
  -1.7091800e+02
  -1.7180993e+02
  -1.7214049e+02
  -1.7287308e+02
  -1.7363185e+02
  -1.7422890e+02
  -1.7572302e+02
  -1.7332764e+02
  -1.7489115e+02
  -1.7615289e+02
  -1.7657573e+02
  -1.7833127e+02
  -1.8101213e+02
  -1.8340178e+02
  -1.8064516e+02
  -1.7806976e+02
  -1.8041750e+02
  -1.8196406e+02
  -1.8302707e+02
  -1.8412393e+02
  -1.8541108e+02
  -1.8579333e+02
  -1.8641511e+02
  -1.8789716e+02
  -1.8780797e+02
  -1.9002429e+02
  -1.9214873e+02
  -1.9385901e+02
  -1.9480629e+02
  -1.9513186e+02
  -1.9775651e+02
  -1.9977671e+02
  -2.0095078e+02
  -2.0176433e+02
  -2.0299841e+02
  -2.0388062e+02
  -2.0453403e+02
  -2.0571883e+02
  -2.0674782e+02
  -2.0735854e+02
  -2.0910834e+02
  -2.1101524e+02
  -2.1043075e+02
  -2.1161038e+02
  -2.0954455e+02
  -2.1117191e+02
  -2.1124407e+02
  -2.1127720e+02
  -2.1232410e+02
  -2.1247406e+02
  -2.1346091e+02
  -2.1170310e+02
  -2.1301226e+02
  -2.1398654e+02
  -2.1451476e+02
  -2.1525095e+02
  -2.1569679e+02
  -2.1639745e+02
  -2.1694936e+02
  -2.1726198e+02
  -2.1791324e+02
  -2.1842072e+02
  -2.1939592e+02
  -2.2051323e+02
  -2.2081989e+02
  -2.2166163e+02
  -2.2244542e+02
  -2.2225270e+02
  -2.2339527e+02
  -2.2403426e+02
  -2.2489360e+02
  -2.2603335e+02
  -2.2659185e+02
  -2.2731532e+02
  -2.2815380e+02
  -2.2842124e+02
  -2.2950803e+02
  -2.3043667e+02
  -2.3058335e+02
  -2.3148938e+02
  -2.3223394e+02
  -2.3276391e+02
  -2.3394036e+02
  -2.3474375e+02
  -2.3609352e+02
  -2.3785287e+02
  -2.3936354e+02
  -2.4020152e+02
  -2.4122743e+02
  -2.4265840e+02
  -2.4348364e+02
  -2.4408530e+02
  -2.4634420e+02
  -2.4849266e+02
  -2.4923814e+02
  -2.4921257e+02
  -2.5040973e+02
  -2.5079738e+02
  -2.5132922e+02
  -2.5150323e+02
  -2.5201743e+02
  -2.5347521e+02
  -2.5306846e+02
  -2.5413939e+02
  -2.5668658e+02
  -2.5964459e+02
  -2.5947279e+02
  -2.6029708e+02
  -2.6168817e+02
  -2.6122851e+02
  -2.6235638e+02
  -2.6336360e+02
  -2.6342793e+02
  -2.6453679e+02
  -2.6504486e+02
  -2.6553159e+02
  -2.6669711e+02
  -2.6687346e+02
  -2.6741119e+02
  -2.6635406e+02
  -2.6780773e+02
  -2.6936334e+02
  -2.6675743e+02
  -2.6689495e+02
  -2.6769523e+02
  -2.6861186e+02
  -2.6926476e+02
  -2.7035752e+02
  -2.7139044e+02
  -2.7069153e+02
  -2.7162986e+02
  -2.7159692e+02
  -2.7275229e+02
  -2.7369398e+02
  -2.7348211e+02
  -2.7456216e+02
  -2.7470180e+02
  -2.7546387e+02
  -2.7674947e+02
  -2.7738109e+02
  -2.7814891e+02
  -2.7963956e+02
  -2.8007249e+02
  -2.8081801e+02
  -2.7787049e+02
  -2.7516292e+02
  -2.7815629e+02
  -2.7985374e+02
  -2.8110036e+02
  -2.8072784e+02
  -2.8190106e+02
  -2.8194614e+02
  -2.8267201e+02
  -2.8438670e+02
  -2.8709857e+02
  -2.8993109e+02
  -2.8912140e+02
  -2.9066676e+02
  -2.9173235e+02
  -2.9238181e+02
  -2.9372144e+02
  -2.9505681e+02
  -2.9574055e+02
  -2.9675695e+02
  -2.9792895e+02
  -2.9862672e+02
  -2.9949099e+02
  -3.0009909e+02
  -2.9930861e+02
  -2.9842374e+02
  -2.9963196e+02
  -3.0098429e+02
  -3.0195246e+02
  -3.0297538e+02
  -3.0523146e+02
  -3.0737306e+02
  -3.0907925e+02
  -3.0956581e+02
  -3.1083249e+02
  -3.1268661e+02
  -3.1081502e+02
  -3.1241957e+02
  -3.1340389e+02
  -3.1286615e+02
  -3.1444855e+02
  -3.1262444e+02
  -3.1419573e+02
  -3.1591676e+02
  -3.1778911e+02
  -3.1955773e+02
  -3.2128404e+02
  -3.2232585e+02
  -3.2280605e+02
  -3.2425326e+02
  -3.2555917e+02
  -3.2492552e+02
  -3.2680540e+02
  -3.2966530e+02
  -3.3160416e+02
  -3.3038417e+02
  -3.3191298e+02
  -3.3323238e+02
  -3.3381305e+02
  -3.3627558e+02
  -3.3851564e+02
  -3.3636975e+02
  -3.3789937e+02
  -3.3886603e+02
  -3.3942046e+02
  -3.4066088e+02
  -3.4156154e+02
  -3.4155987e+02
  -3.4275224e+02
  -3.4292212e+02
  -3.4370717e+02
  -3.4487696e+02
  -3.4528712e+02
  -3.4647157e+02
  -3.4813798e+02
  -3.4952525e+02
  -3.4985454e+02
  -3.5111649e+02
  -3.5364695e+02
  -3.5610031e+02
  -3.5647763e+02
  -3.5782674e+02
  -3.5862179e+02
  -3.5900515e+02
  -3.6039362e+02
  -3.5969896e+02
  -3.6094628e+02
  -3.6287759e+02
  -3.5993735e+02
  -3.5962045e+02
  -3.6076028e+02
  -3.6217042e+02
  -3.6226586e+02
  -3.6282498e+02
  -3.6399511e+02
  -3.6401877e+02
  -3.6497532e+02
  -3.6599059e+02
  -3.6646884e+02
  -3.6756986e+02
  -3.6651060e+02
  -3.6758480e+02
  -3.6867621e+02
  -3.6933463e+02
  -3.7103716e+02
  -3.7327728e+02
  -3.7479291e+02
  -3.7470590e+02
  -3.7525393e+02
  -3.7602986e+02
  -3.7711845e+02
  -3.7837365e+02
  -3.7866634e+02
  -3.7974024e+02
  -3.8116449e+02
  -3.8248566e+02
  -3.8384146e+02
  -3.8551552e+02
  -3.8704281e+02
  -3.8664657e+02
  -3.8779772e+02
  -3.9019910e+02
  -3.9317590e+02
  -3.9350480e+02
  -3.9408553e+02
  -3.9547231e+02
  -3.9626185e+02
  -3.9675311e+02
  -3.9900502e+02
  -3.9594427e+02
  -3.9345125e+02
  -3.9573615e+02
  -3.9826935e+02
  -3.9579621e+02
  -3.9868488e+02
  -4.0033731e+02
  -4.0158818e+02
  -4.0221950e+02
  -4.0407242e+02
  -4.0552856e+02
  -4.0615802e+02
  -4.0680409e+02
  -4.0741276e+02
  -4.0789061e+02
  -4.0893737e+02
  -4.0961045e+02
  -4.1000424e+02
  -4.1099789e+02
  -4.1125009e+02
  -4.1171600e+02
  -4.1240429e+02
  -4.1330010e+02
  -4.1469995e+02
  -4.1229249e+02
  -4.1407994e+02
  -4.1261546e+02
  -4.1411084e+02
  -4.1490029e+02
  -4.1485829e+02
  -4.1641304e+02
  -4.1744500e+02
  -4.1838540e+02
  -4.2015045e+02
  -4.2200480e+02
  -4.2252026e+02
  -4.2341416e+02
  -4.2472318e+02
  -4.2454413e+02
  -4.2542581e+02
  -4.2654266e+02
  -4.2610395e+02
  -4.2732365e+02
  -4.2859279e+02
  -4.2861856e+02
  -4.2981518e+02
  -4.2977477e+02
  -4.3109614e+02
  -4.3282790e+02
  -4.3471072e+02
  -4.3500995e+02
  -4.3649498e+02
  -4.3771122e+02
  -4.3697685e+02
  -4.3856705e+02
  -4.4027136e+02
  -4.4185480e+02
  -4.4337755e+02
  -4.4505654e+02
  -4.4672223e+02
  -4.4746809e+02
  -4.4815028e+02
  -4.4956291e+02
  -4.4953965e+02
  -4.5023851e+02
  -4.5123768e+02
  -4.5032459e+02
  -4.5147688e+02
  -4.5204023e+02
  -4.5279943e+02
  -4.5400240e+02
  -4.5498193e+02
  -4.5609792e+02
  -4.5730153e+02
  -4.5764698e+02
  -4.5768693e+02
  -4.5800050e+02
  -4.5859047e+02
  -4.5977058e+02
  -4.5831479e+02
  -4.5925625e+02
  -4.5943180e+02
  -4.6067024e+02
  -4.6198496e+02
  -4.6246548e+02
  -4.6352216e+02
  -4.6469242e+02
  -4.6502096e+02
  -4.6602896e+02
  -4.6771442e+02
  -4.6583954e+02
  -4.6702620e+02
  -4.6656061e+02
  -4.6731456e+02
  -4.6780350e+02
  -4.6902018e+02
  -4.7146577e+02
  -4.6838170e+02
  -4.6955808e+02
  -4.6917838e+02
  -4.7028935e+02
  -4.7130009e+02
  -4.7224251e+02
  -4.7459519e+02
  -4.7706902e+02
  -4.7875283e+02
  -4.7960366e+02
  -4.8009526e+02
  -4.8104589e+02
  -4.8124746e+02
  -4.8219989e+02
  -4.8304720e+02
  -4.8293775e+02
  -4.8525362e+02
  -4.8836640e+02
  -4.8964048e+02
  -4.8976880e+02
  -4.9065244e+02
  -4.9173134e+02
  -4.9217222e+02
  -4.9314974e+02
  -4.9403516e+02
  -4.9353204e+02
  -4.9447029e+02
  -4.9462519e+02
  -4.9565299e+02
  -4.9670812e+02
  -4.9661769e+02
  -4.9862558e+02
  -5.0164916e+02
  -5.0282695e+02
  -5.0316275e+02
  -5.0425047e+02
  -5.0499279e+02
  -5.0541603e+02
  -5.0682110e+02
  -5.0921381e+02
  -5.0645239e+02
  -5.0812862e+02
  -5.0777319e+02
  -5.1001070e+02
  -5.1213227e+02
  -5.1304403e+02
  -5.1328336e+02
  -5.1487206e+02
  -5.1669279e+02
  -5.1686951e+02
  -5.1854236e+02
  -5.2016887e+02
  -5.2127647e+02
  -5.2158565e+02
  -5.2275069e+02
  -5.2362239e+02
  -5.2423356e+02
  -5.2547909e+02
  -5.2449369e+02
  -5.2530317e+02
  -5.2642352e+02
  -5.2745255e+02
  -5.2849256e+02
  -5.2932896e+02
  -5.2985247e+02
  -5.3053689e+02
  -5.3120886e+02
  -5.3147860e+02
  -5.3141722e+02
  -5.3237474e+02
  -5.3262954e+02
  -5.3310968e+02
  -5.3476860e+02
  -5.3638804e+02
  -5.3685007e+02
  -5.3702085e+02
  -5.3684866e+02
  -5.3715773e+02
  -5.3791110e+02
  -5.3837747e+02
  -5.3942661e+02
  -5.3864967e+02
  -5.3966261e+02
  -5.4162622e+02
  -5.4457213e+02
  -5.4658804e+02
  -5.4793863e+02
  -5.4929110e+02
  -5.5076428e+02
  -5.5181463e+02
  -5.5049441e+02
  -5.5140298e+02
  -5.5191035e+02
  -5.5284041e+02
  -5.5304319e+02
  -5.5406026e+02
  -5.5541199e+02
  -5.5630171e+02
  -5.5703306e+02
  -5.5802359e+02
  -5.5875356e+02
  -5.5966160e+02
  -5.6041645e+02
  -5.6042907e+02
  -5.6200196e+02
  -5.6366432e+02
  -5.6161859e+02
  -5.6218658e+02
  -5.6284853e+02
  -5.6403658e+02
  -5.6351509e+02
  -5.6448478e+02
  -5.6455638e+02
  -5.6456903e+02
  -5.6646788e+02
  -5.6344386e+02
  -5.6058252e+02
  -5.6349653e+02
  -5.6574344e+02
  -5.6728723e+02
  -5.6744661e+02
  -5.6866625e+02
  -5.6933683e+02
  -5.6966206e+02
  -5.7084519e+02
  -5.7062022e+02
  -5.7068453e+02
  -5.7131482e+02
  -5.7205320e+02
  -5.7309418e+02
  -5.7277073e+02
  -5.7410879e+02
  -5.7561353e+02
  -5.7475585e+02
  -5.7563951e+02
  -5.7570703e+02
  -5.7662350e+02
  -5.7759802e+02
  -5.7782456e+02
  -5.7911522e+02
  -5.8096021e+02
  -5.8150449e+02
  -5.8330217e+02
  -5.8536196e+02
  -5.8738367e+02
  -5.8920496e+02
  -5.8868879e+02
  -5.9100459e+02
  -5.9403014e+02
  -5.9625906e+02
  -5.9320849e+02
  -5.9572557e+02
  -5.9504004e+02
  -5.9635054e+02
  -5.9803344e+02
  -5.9723191e+02
  -5.9878180e+02
  -6.0134462e+02
  -6.0442455e+02
  -6.0575011e+02
  -6.0580067e+02
  -6.0744308e+02
  -6.0924008e+02
  -6.0949507e+02
  -6.1094593e+02
  -6.1290028e+02
  -6.1002636e+02
  -6.1249467e+02
  -6.1357815e+02
  -6.1300650e+02
  -6.1437113e+02
  -6.1503872e+02
  -6.1599840e+02
  -6.1739524e+02
  -6.1829410e+02
  -6.1870316e+02
  -6.1956148e+02
  -6.2040810e+02
  -6.2138464e+02
  -6.2012318e+02
  -6.2148562e+02
  -6.2297621e+02
  -6.2357596e+02
  -6.2449657e+02
  -6.2571062e+02
  -6.2546322e+02
  -6.2632970e+02
  -6.2720223e+02
  -6.2755762e+02
  -6.2866689e+02
  -6.2868891e+02
  -6.2906411e+02
  -6.3040916e+02
  -6.3002245e+02
  -6.3120001e+02
  -6.3173657e+02
  -6.3218383e+02
  -6.3336109e+02
  -6.3368681e+02
  -6.3424781e+02
  -6.3485442e+02
  -6.3449914e+02
  -6.3583166e+02
  -6.3597031e+02
  -6.3690800e+02
  -6.3836119e+02
  -6.3726793e+02
  -6.3936095e+02
  -6.4229814e+02
  -6.4403269e+02
  -6.4407816e+02
  -6.4486367e+02
  -6.4592936e+02
  -6.4620711e+02
  -6.4701864e+02
  -6.4808649e+02
  -6.4883492e+02
  -6.4922676e+02
  -6.4929854e+02
  -6.4999699e+02
  -6.5040980e+02
  -6.5109156e+02
  -6.5205253e+02
  -6.5261719e+02
  -6.5336584e+02
  -6.5419234e+02
  -6.5310853e+02
  -6.5363576e+02
  -6.5390766e+02
  -6.5495710e+02
  -6.5541244e+02
  -6.5605875e+02
  -6.5700392e+02
  -6.5689563e+02
  -6.5763021e+02
  -6.5782858e+02
  -6.5819976e+02
  -6.5731190e+02
  -6.5799361e+02
  -6.5908543e+02
  -6.5948957e+02
  -6.6040400e+02
  -6.6130556e+02
  -6.6167792e+02
  -6.6276066e+02
  -6.6362629e+02
  -6.6378319e+02
  -6.6486006e+02
  -6.6568364e+02
  -6.6627442e+02
  -6.6809235e+02
  -6.6986732e+02
  -6.7021738e+02
  -6.7105484e+02
  -6.7184705e+02
  -6.7233056e+02
  -6.7385133e+02
  -6.7563184e+02
  -6.7462256e+02
  -6.7742383e+02
  -6.8002776e+02
  -6.8162679e+02
  -6.8198738e+02
  -6.8249599e+02
  -6.8289996e+02
  -6.8305568e+02
  -6.8445108e+02
  -6.8161480e+02
  -6.8399288e+02
  -6.8313444e+02
  -6.8425073e+02
  -6.8526317e+02
  -6.8560501e+02
  -6.8714270e+02
  -6.8885940e+02
  -6.8750572e+02
  -6.8895710e+02
  -6.8970327e+02
  -6.9029935e+02
  -6.9149796e+02
  -6.9241996e+02
  -6.9272505e+02
  -6.9302493e+02
  -6.9349703e+02
  -6.9540543e+02
  -6.9702160e+02
  -6.9770420e+02
  -6.9850493e+02
  -6.9901400e+02
  -6.9960641e+02
  -7.0072565e+02
  -7.0148691e+02
  -7.0192122e+02
  -7.0304520e+02
  -7.0340281e+02
  -7.0413495e+02
  -7.0640261e+02
  -7.0926433e+02
  -7.0638137e+02
  -7.0916846e+02
  -7.0606518e+02
  -7.0773750e+02
  -7.0850543e+02
  -7.0897395e+02
  -7.1093237e+02
  -7.0801692e+02
  -7.0852322e+02
  -7.0850041e+02
  -7.0986532e+02
  -7.0931295e+02
  -7.1045411e+02
  -7.1201296e+02
  -7.1347591e+02
  -7.1462363e+02
  -7.1323944e+02
  -7.1465959e+02
  -7.1605215e+02
  -7.1669046e+02
  -7.1780046e+02
  -7.1930602e+02
  -7.2000729e+02
  -7.2016230e+02
  -7.2161837e+02
  -7.2308778e+02
  -7.2201193e+02
  -7.2281075e+02
  -7.2339106e+02
  -7.2492218e+02
  -7.2643436e+02
  -7.2718818e+02
  -7.2807642e+02
  -7.2971965e+02
  -7.3139898e+02
  -7.3229641e+02
  -7.3363979e+02
  -7.3509757e+02
  -7.3567741e+02
  -7.3653832e+02
  -7.3816654e+02
  -7.3978623e+02
  -7.4088559e+02
  -7.4224034e+02
  -7.4334514e+02
  -7.4320894e+02
  -7.4441239e+02
  -7.4396326e+02
  -7.4454411e+02
  -7.4608770e+02
  -7.4434891e+02
  -7.4583670e+02
  -7.4630475e+02
  -7.4662189e+02
  -7.4807463e+02
  -7.4932430e+02
  -7.5063146e+02
  -7.5207474e+02
  -7.5211043e+02
  -7.5356903e+02
  -7.5537068e+02
  -7.5654290e+02
  -7.5673550e+02
  -7.5782662e+02
  -7.5855132e+02
  -7.5860805e+02
  -7.6021404e+02
  -7.6285531e+02
  -7.6541151e+02
  -7.6369209e+02
  -7.6570074e+02
  -7.6259375e+02
  -7.6457836e+02
  -7.6453408e+02
  -7.6524740e+02
  -7.6655266e+02
  -7.6745127e+02
  -7.6837318e+02
  -7.6892196e+02
  -7.6953133e+02
  -7.7072183e+02
  -7.7166231e+02
  -7.7123093e+02
  -7.7166421e+02
  -7.7215893e+02
  -7.7266368e+02
  -7.7282747e+02
  -7.7447842e+02
  -7.7642545e+02
  -7.7823540e+02
  -7.7755091e+02
  -7.7904531e+02
  -7.8057992e+02
  -7.8107382e+02
  -7.8194647e+02
  -7.8311329e+02
  -7.8403713e+02
  -7.8457033e+02
  -7.8399496e+02
  -7.8534296e+02
  -7.8674664e+02
  -7.8699520e+02
  -7.8788628e+02
  -7.8898706e+02
  -7.8917541e+02
  -7.9037572e+02
  -7.9225073e+02
  -7.9017097e+02
  -7.9289579e+02
  -7.9584378e+02
  -7.9801156e+02
  -8.0077942e+02
  -8.0320475e+02
  -8.0185067e+02
  -7.9893544e+02
  -8.0148029e+02
  -8.0286661e+02
  -8.0356372e+02
  -8.0453547e+02
  -8.0577965e+02
  -8.0649503e+02
  -8.0702428e+02
  -8.0784609e+02
  -8.0830981e+02
  -8.0915116e+02
  -8.0970962e+02
  -8.0997201e+02
  -8.1101663e+02
  -8.1098629e+02
  -8.1184830e+02
  -8.1294773e+02
  -8.1367403e+02
  -8.1447334e+02
  -8.1486821e+02
  -8.1469737e+02
  -8.1493571e+02
  -8.1457819e+02
  -8.1538523e+02
  -8.1514254e+02
  -8.1488496e+02
  -8.1539486e+02
  -8.1653041e+02
  -8.1713749e+02
  -8.1765214e+02
  -8.1903287e+02
  -8.1984122e+02
  -8.1961161e+02
  -8.2045659e+02
  -8.2072453e+02
  -8.2124657e+02
  -8.2174942e+02
  -8.2222241e+02
  -8.2274203e+02
  -8.2352540e+02
  -8.2481968e+02
  -8.2363350e+02
  -8.2529395e+02
  -8.2713470e+02
  -8.2860002e+02
  -8.2827605e+02
  -8.3033054e+02
  -8.3247056e+02
  -8.3365381e+02
  -8.3404766e+02
  -8.3542272e+02
  -8.3351462e+02
  -8.3516191e+02
  -8.3658077e+02
  -8.3636379e+02
  -8.3885519e+02
  -8.4117951e+02
  -8.4371331e+02
  -8.4335999e+02
  -8.4495662e+02
  -8.4650081e+02
  -8.4675162e+02
  -8.4686222e+02
  -8.4815901e+02
  -8.4841142e+02
  -8.4948976e+02
  -8.5128869e+02
  -8.5203985e+02
  -8.5221363e+02
  -8.5277814e+02
  -8.5306989e+02
  -8.5408710e+02
  -8.5474017e+02
  -8.5442558e+02
  -8.5366527e+02
  -8.5469417e+02
  -8.5344437e+02
  -8.5455866e+02
  -8.5600937e+02
  -8.5310949e+02
  -8.5410469e+02
  -8.5540070e+02
  -8.5670603e+02
  -8.5679839e+02
  -8.5752131e+02
  -8.5858161e+02
  -8.5855331e+02
  -8.5967440e+02
  -8.6119173e+02
  -8.5948175e+02
  -8.6091525e+02
  -8.6121023e+02
  -8.6186084e+02
  -8.5993271e+02
  -8.6182555e+02
  -8.6344614e+02
  -8.6393660e+02
  -8.6455952e+02
  -8.6494739e+02
  -8.6515737e+02
  -8.6659466e+02
  -8.6711861e+02
  -8.6663345e+02
  -8.6813610e+02
  -8.6501599e+02
  -8.6643640e+02
  -8.6769613e+02
  -8.6901923e+02
  -8.6888334e+02
  -8.6993578e+02
  -8.7043412e+02
  -8.7046651e+02
  -8.7182057e+02
  -8.7297854e+02
  -8.7372184e+02
  -8.7505967e+02
  -8.7685810e+02
  -8.7635030e+02
  -8.7812678e+02
  -8.7994012e+02
  -8.8169324e+02
  -8.8070183e+02
  -8.8266515e+02
  -8.8120683e+02
  -8.7837173e+02
  -8.8079982e+02
  -8.8293557e+02
  -8.8595307e+02
  -8.8864452e+02
  -8.9034303e+02
  -8.9019538e+02
  -8.9183989e+02
  -8.9418840e+02
  -8.9177539e+02
  -8.9379133e+02
  -8.9540711e+02
  -8.9445963e+02
  -8.9588600e+02
  -8.9507742e+02
  -8.9642149e+02
  -8.9789812e+02
  -8.9800261e+02
  -8.9956953e+02
  -9.0189788e+02
  -9.0309865e+02
  -9.0286111e+02
  -9.0447047e+02
  -9.0487093e+02
  -9.0554869e+02
  -9.0692794e+02
  -9.0764687e+02
  -9.0802700e+02
  -9.0917308e+02
  -9.0961118e+02
  -9.1015843e+02
  -9.1132606e+02
  -9.1210472e+02
  -9.1316396e+02
  -9.1430595e+02
  -9.1347444e+02
  -9.1486178e+02
  -9.1656217e+02
  -9.1849888e+02
  -9.1959678e+02
  -9.2071318e+02
  -9.2126490e+02
  -9.2171573e+02
  -9.2232148e+02
  -9.2241540e+02
  -9.2331582e+02
  -9.2414434e+02
  -9.2485729e+02
  -9.2563720e+02
  -9.2621705e+02
  -9.2714739e+02
  -9.2795686e+02
  -9.2836433e+02
  -9.2961713e+02
  -9.3148746e+02
  -9.2973524e+02
  -9.3160810e+02
  -9.3262718e+02
  -9.3334766e+02
  -9.3431338e+02
  -9.3486615e+02
  -9.3550812e+02
  -9.3649104e+02
  -9.3701170e+02
  -9.3821878e+02
  -9.3978227e+02
  -9.4089972e+02
  -9.4138472e+02
  -9.4396847e+02
  -9.4667879e+02
  -9.4858606e+02
  -9.5051640e+02
  -9.4944345e+02
  -9.5120671e+02
  -9.5267499e+02
  -9.5389807e+02
  -9.5644325e+02
  -9.5379267e+02
  -9.5679634e+02
  -9.5828450e+02
  -9.5931064e+02
  -9.5927326e+02
  -9.6078956e+02
  -9.6358129e+02
  -9.6052338e+02
  -9.5789765e+02
  -9.6031047e+02
  -9.6286712e+02
  -9.6486738e+02
  -9.6444429e+02
  -9.6548175e+02
  -9.6730935e+02
  -9.7038369e+02
  -9.7217554e+02
  -9.7214839e+02
  -9.7325865e+02
  -9.7125890e+02
  -9.7264806e+02
  -9.7365705e+02
  -9.7497522e+02
  -9.7669953e+02
  -9.7763075e+02
  -9.7835298e+02
  -9.7969343e+02
  -9.7715427e+02
  -9.7890528e+02
  -9.7891671e+02
  -9.7980443e+02
  -9.8162526e+02
  -9.8400274e+02
  -9.8158049e+02
  -9.8348110e+02
  -9.8469176e+02
  -9.8481024e+02
  -9.8213169e+02
  -9.8349777e+02
  -9.8425071e+02
  -9.8414363e+02
  -9.8475302e+02
  -9.8575785e+02
  -9.8690079e+02
  -9.8601599e+02
  -9.8717170e+02
  -9.8868144e+02
  -9.8777893e+02
  -9.8924637e+02
  -9.9053306e+02
  -9.9129473e+02
  -9.8843922e+02
  -9.8990268e+02
  -9.9120389e+02
  -9.9058186e+02
  -9.9142986e+02
  -9.9256179e+02
  -9.9351893e+02
  -9.9451611e+02
  -9.9460548e+02
  -9.9531636e+02
  -9.9675980e+02
  -9.9529978e+02
  -9.9649612e+02
  -9.9696938e+02
  -9.9717757e+02
  -9.9742239e+02
  -9.9705170e+02
  -9.9764269e+02
  -9.9738340e+02
  -9.9839254e+02
  -9.9916737e+02
  -9.9970827e+02
  -1.0004219e+03
  -1.0010161e+03
  -1.0019993e+03
  -1.0030460e+03
  -1.0037072e+03
  -1.0045334e+03
  -1.0055598e+03
  -1.0065305e+03
  -1.0081410e+03
  -1.0094185e+03
  -1.0100770e+03
  -1.0110419e+03
  -1.0118278e+03
  -1.0118705e+03
  -1.0131476e+03
  -1.0141144e+03
  -1.0140825e+03
  -1.0153418e+03
  -1.0161538e+03
  -1.0162316e+03
  -1.0172090e+03
  -1.0178992e+03
  -1.0189884e+03
  -1.0202272e+03
  -1.0207001e+03
  -1.0214873e+03
  -1.0225889e+03
  -1.0228404e+03
  -1.0233898e+03
  -1.0236792e+03
  -1.0240467e+03
  -1.0251092e+03
  -1.0253622e+03
  -1.0264015e+03
  -1.0276074e+03
  -1.0269746e+03
  -1.0284635e+03
  -1.0277263e+03
  -1.0287678e+03
  -1.0309486e+03
  -1.0286943e+03
  -1.0302931e+03
  -1.0312460e+03
  -1.0311777e+03
  -1.0323866e+03
  -1.0323832e+03
  -1.0335085e+03
  -1.0345306e+03
  -1.0341098e+03
  -1.0351469e+03
  -1.0358557e+03
  -1.0366211e+03
  -1.0380536e+03
  -1.0360187e+03
  -1.0372740e+03
  -1.0369376e+03
  -1.0375034e+03
  -1.0380589e+03
  -1.0385038e+03
  -1.0390490e+03
  -1.0393687e+03
  -1.0400359e+03
  -1.0406852e+03
  -1.0414111e+03
  -1.0423002e+03
  -1.0431956e+03
  -1.0440709e+03
  -1.0447929e+03
  -1.0452279e+03
  -1.0458092e+03
  -1.0462411e+03
  -1.0467684e+03
  -1.0472386e+03
  -1.0473544e+03
  -1.0481326e+03
  -1.0484752e+03
  -1.0487364e+03
  -1.0488743e+03
  -1.0486392e+03
  -1.0495174e+03
  -1.0501739e+03
  -1.0510068e+03
  -1.0517471e+03
  -1.0523042e+03
  -1.0531473e+03
  -1.0537111e+03
  -1.0543287e+03
  -1.0551570e+03
  -1.0553151e+03
  -1.0560135e+03
  -1.0569008e+03
  -1.0562764e+03
  -1.0566204e+03
  -1.0573505e+03
  -1.0587448e+03
  -1.0603376e+03
  -1.0610905e+03
  -1.0618841e+03
  -1.0637237e+03
  -1.0623239e+03
  -1.0644862e+03
  -1.0664541e+03
  -1.0680665e+03
  -1.0689715e+03
  -1.0695613e+03
  -1.0704115e+03
  -1.0712007e+03
  -1.0722092e+03
  -1.0736812e+03
  -1.0765513e+03
  -1.0779945e+03
  -1.0796678e+03
  -1.0765516e+03
  -1.0782792e+03
  -1.0786262e+03
  -1.0796506e+03
  -1.0766328e+03
  -1.0782215e+03
  -1.0792855e+03
  -1.0793397e+03
  -1.0805277e+03
  -1.0817808e+03
  -1.0822733e+03
  -1.0833637e+03
  -1.0840907e+03
  -1.0844342e+03
  -1.0854214e+03
  -1.0853842e+03
  -1.0857844e+03
  -1.0865986e+03
  -1.0871273e+03
  -1.0877046e+03
  -1.0879639e+03
  -1.0890469e+03
  -1.0908665e+03
  -1.0885161e+03
  -1.0898409e+03
  -1.0904764e+03
  -1.0908518e+03
  -1.0913598e+03
  -1.0921137e+03
  -1.0931831e+03
  -1.0930035e+03
  -1.0940356e+03
  -1.0956765e+03
  -1.0983776e+03
  -1.0953291e+03
  -1.0962318e+03
  -1.0969399e+03
  -1.0978657e+03
  -1.0983276e+03
  -1.0989222e+03
  -1.0997411e+03
  -1.0999555e+03
  -1.1002876e+03
  -1.1009362e+03
  -1.1018374e+03
  -1.1023606e+03
  -1.1026653e+03
  -1.1033966e+03
  -1.1027505e+03
  -1.1036012e+03
  -1.1037599e+03
  -1.1042063e+03
  -1.1048266e+03
  -1.1045559e+03
  -1.1054372e+03
  -1.1060993e+03
  -1.1065957e+03
  -1.1073065e+03
  -1.1078969e+03
  -1.1086849e+03
  -1.1095760e+03
  -1.1103522e+03
  -1.1111060e+03
  -1.1117908e+03
  -1.1123971e+03
  -1.1128674e+03
  -1.1126478e+03
  -1.1136145e+03
  -1.1145073e+03
  -1.1148050e+03
  -1.1160353e+03
  -1.1175030e+03
  -1.1169995e+03
  -1.1197625e+03
  -1.1216173e+03
  -1.1226865e+03
  -1.1225411e+03
  -1.1236981e+03
  -1.1248516e+03
  -1.1236987e+03
  -1.1246298e+03
  -1.1253437e+03
  -1.1255389e+03
  -1.1265219e+03
  -1.1275332e+03
  -1.1272928e+03
  -1.1285346e+03
  -1.1300147e+03
  -1.1287856e+03
  -1.1304113e+03
  -1.1314973e+03
  -1.1307794e+03
  -1.1324093e+03
  -1.1309633e+03
  -1.1324728e+03
  -1.1338117e+03
  -1.1346225e+03
  -1.1351687e+03
  -1.1357067e+03
  -1.1363391e+03
  -1.1375807e+03
  -1.1357673e+03
  -1.1370735e+03
  -1.1377262e+03
  -1.1383317e+03
  -1.1368241e+03
  -1.1381008e+03
  -1.1392849e+03
  -1.1396410e+03
  -1.1402765e+03
  -1.1405845e+03
  -1.1405580e+03
  -1.1413799e+03
  -1.1410475e+03
  -1.1417265e+03
  -1.1419945e+03
  -1.1430273e+03
  -1.1442415e+03
  -1.1440930e+03
  -1.1450583e+03
  -1.1460520e+03
  -1.1461427e+03
  -1.1472013e+03
  -1.1467630e+03
  -1.1475311e+03
  -1.1489896e+03
  -1.1464722e+03
  -1.1486279e+03
  -1.1502156e+03
  -1.1531742e+03
  -1.1548580e+03
  -1.1566564e+03
  -1.1591544e+03
  -1.1567045e+03
  -1.1590640e+03
  -1.1604886e+03
  -1.1611663e+03
  -1.1622782e+03
  -1.1637307e+03
  -1.1628560e+03
  -1.1644302e+03
  -1.1659521e+03
  -1.1671250e+03
  -1.1681848e+03
  -1.1704329e+03
  -1.1730701e+03
  -1.1758924e+03
  -1.1731583e+03
  -1.1746626e+03
  -1.1754740e+03
  -1.1766615e+03
  -1.1740946e+03
  -1.1759211e+03
  -1.1774119e+03
  -1.1772134e+03
  -1.1781928e+03
  -1.1794609e+03
  -1.1794471e+03
  -1.1797874e+03
  -1.1797832e+03
  -1.1805156e+03
  -1.1811869e+03
  -1.1813677e+03
  -1.1826473e+03
  -1.1836276e+03
  -1.1832927e+03
  -1.1843537e+03
  -1.1835756e+03
  -1.1847780e+03
  -1.1858702e+03
  -1.1858070e+03
  -1.1866136e+03
  -1.1881549e+03
  -1.1899163e+03
  -1.1913931e+03
  -1.1919887e+03
  -1.1926094e+03
  -1.1941445e+03
  -1.1958881e+03
  -1.1949980e+03
  -1.1959689e+03
  -1.1967741e+03
  -1.1979025e+03
  -1.1995510e+03
  -1.1972172e+03
  -1.1989479e+03
  -1.2005131e+03
  -1.1993530e+03
  -1.2013087e+03
  -1.2035902e+03
  -1.2034640e+03
  -1.2062023e+03
  -1.2081593e+03
  -1.2091646e+03
  -1.2091475e+03
  -1.2100544e+03
  -1.2105670e+03
  -1.2112666e+03
  -1.2124097e+03
  -1.2122180e+03
  -1.2119353e+03
  -1.2122139e+03
  -1.2131830e+03
  -1.2143213e+03
  -1.2143585e+03
  -1.2154324e+03
  -1.2165628e+03
  -1.2163365e+03
  -1.2167319e+03
  -1.2170756e+03
  -1.2176714e+03
  -1.2180292e+03
  -1.2189303e+03
  -1.2203323e+03
  -1.2195468e+03
  -1.2212574e+03
  -1.2230436e+03
  -1.2241403e+03
  -1.2234460e+03
  -1.2236530e+03
  -1.2235696e+03
  -1.2246447e+03
  -1.2250405e+03
  -1.2254818e+03
  -1.2260411e+03
  -1.2263853e+03
  -1.2274828e+03
  -1.2284863e+03
  -1.2291519e+03
  -1.2265076e+03
  -1.2284910e+03
  -1.2298951e+03
  -1.2308506e+03
  -1.2318996e+03
  -1.2305020e+03
  -1.2319958e+03
  -1.2336272e+03
  -1.2347265e+03
  -1.2351645e+03
  -1.2367874e+03
  -1.2381239e+03
  -1.2377968e+03
  -1.2395834e+03
  -1.2413481e+03
  -1.2400669e+03
  -1.2416610e+03
  -1.2429658e+03
  -1.2421048e+03
  -1.2435792e+03
  -1.2418807e+03
  -1.2433325e+03
  -1.2441629e+03
  -1.2443891e+03
  -1.2457031e+03
  -1.2470570e+03
  -1.2478769e+03
  -1.2490694e+03
  -1.2501882e+03
  -1.2488609e+03
  -1.2495578e+03
  -1.2519479e+03
  -1.2541000e+03
  -1.2556258e+03
  -1.2566111e+03
  -1.2567350e+03
  -1.2578404e+03
  -1.2584729e+03
  -1.2588617e+03
  -1.2602906e+03
  -1.2590790e+03
  -1.2606491e+03
  -1.2620494e+03
  -1.2629905e+03
  -1.2639965e+03
  -1.2649715e+03
  -1.2639429e+03
  -1.2647108e+03
  -1.2653347e+03
  -1.2665759e+03
  -1.2639491e+03
  -1.2658682e+03
  -1.2667289e+03
  -1.2669162e+03
  -1.2679032e+03
  -1.2687078e+03
  -1.2694218e+03
  -1.2704913e+03
  -1.2711678e+03
  -1.2715125e+03
  -1.2725737e+03
  -1.2727696e+03
  -1.2728207e+03
  -1.2734616e+03
  -1.2743904e+03
  -1.2755139e+03
  -1.2741402e+03
  -1.2754399e+03
  -1.2746036e+03
  -1.2756325e+03
  -1.2765089e+03
  -1.2768549e+03
  -1.2779446e+03
  -1.2775736e+03
  -1.2781005e+03
  -1.2790111e+03
  -1.2795355e+03
  -1.2807061e+03
  -1.2791044e+03
  -1.2806199e+03
  -1.2821199e+03
  -1.2808026e+03
  -1.2819449e+03
  -1.2825981e+03
  -1.2833932e+03
  -1.2844461e+03
  -1.2852395e+03
  -1.2875763e+03
  -1.2896174e+03
  -1.2909004e+03
  -1.2915979e+03
  -1.2921573e+03
  -1.2930254e+03
  -1.2938632e+03
  -1.2946931e+03
  -1.2937187e+03
  -1.2949332e+03
  -1.2957627e+03
  -1.2959262e+03
  -1.2971991e+03
  -1.2975519e+03
  -1.2978017e+03
  -1.2988936e+03
  -1.2989064e+03
  -1.2993305e+03
  -1.2988105e+03
  -1.2997468e+03
  -1.3001635e+03
  -1.3006628e+03
  -1.3020504e+03
  -1.3008651e+03
  -1.3024424e+03
  -1.3045946e+03
  -1.3072818e+03
  -1.3072618e+03
  -1.3084857e+03
  -1.3100785e+03
  -1.3110881e+03
  -1.3111564e+03
  -1.3081179e+03
  -1.3107271e+03
  -1.3120958e+03
  -1.3128231e+03
  -1.3138694e+03
  -1.3153158e+03
  -1.3141129e+03
  -1.3156908e+03
  -1.3136960e+03
  -1.3155047e+03
  -1.3166245e+03
  -1.3170154e+03
  -1.3182920e+03
  -1.3199164e+03
  -1.3183257e+03
  -1.3201149e+03
  -1.3217554e+03
  -1.3209763e+03
  -1.3228910e+03
  -1.3246834e+03
  -1.3257605e+03
  -1.3270839e+03
  -1.3292979e+03
  -1.3316793e+03
  -1.3346805e+03
  -1.3320835e+03
  -1.3338762e+03
  -1.3350152e+03
  -1.3344692e+03
  -1.3357607e+03
  -1.3340523e+03
  -1.3344579e+03
  -1.3351195e+03
  -1.3360447e+03
  -1.3365586e+03
  -1.3376103e+03
  -1.3391420e+03
  -1.3370447e+03
  -1.3384697e+03
  -1.3387276e+03
  -1.3395147e+03
  -1.3406274e+03
  -1.3409985e+03
  -1.3412013e+03
  -1.3420625e+03
  -1.3430970e+03
  -1.3440929e+03
  -1.3446724e+03
  -1.3455555e+03
  -1.3467849e+03
  -1.3458648e+03
  -1.3472986e+03
  -1.3453962e+03
  -1.3476792e+03
  -1.3503750e+03
  -1.3526513e+03
  -1.3528335e+03
  -1.3531148e+03
  -1.3542433e+03
  -1.3545757e+03
  -1.3551805e+03
  -1.3552589e+03
  -1.3556203e+03
  -1.3564272e+03
  -1.3570585e+03
  -1.3584078e+03
  -1.3595346e+03
  -1.3591731e+03
  -1.3603956e+03
  -1.3609294e+03
  -1.3610342e+03
  -1.3622424e+03
  -1.3598741e+03
  -1.3606704e+03
  -1.3616312e+03
  -1.3630019e+03
  -1.3611847e+03
  -1.3629530e+03
  -1.3645374e+03
  -1.3656827e+03
  -1.3664262e+03
  -1.3679126e+03
  -1.3657814e+03
  -1.3658386e+03
  -1.3660477e+03
  -1.3672817e+03
  -1.3666698e+03
  -1.3678526e+03
  -1.3693758e+03
  -1.3676623e+03
  -1.3694781e+03
  -1.3664261e+03
  -1.3687371e+03
  -1.3714158e+03
  -1.3735337e+03
  -1.3731533e+03
  -1.3733471e+03
  -1.3747038e+03
  -1.3761048e+03
  -1.3744168e+03
  -1.3759238e+03
  -1.3774508e+03
  -1.3784451e+03
  -1.3798320e+03
  -1.3812141e+03
  -1.3818776e+03
  -1.3821092e+03
  -1.3832022e+03
  -1.3834196e+03
  -1.3843556e+03
  -1.3864032e+03
  -1.3846886e+03
  -1.3869110e+03
  -1.3840291e+03
  -1.3864004e+03
  -1.3886176e+03
  -1.3856560e+03
  -1.3879489e+03
  -1.3862622e+03
  -1.3879720e+03
  -1.3861913e+03
  -1.3880401e+03
  -1.3895851e+03
  -1.3909141e+03
  -1.3914693e+03
  -1.3915095e+03
  -1.3926383e+03
  -1.3939901e+03
  -1.3953364e+03
  -1.3938746e+03
  -1.3951897e+03
  -1.3960158e+03
  -1.3948623e+03
  -1.3958053e+03
  -1.3970471e+03
  -1.3981694e+03
  -1.3989876e+03
  -1.4000263e+03
  -1.4008406e+03
  -1.4011568e+03
  -1.4022759e+03
  -1.4015903e+03
  -1.4025208e+03
  -1.4039318e+03
  -1.4045953e+03
  -1.4044194e+03
  -1.4050809e+03
  -1.4058587e+03
  -1.4074559e+03
  -1.4100451e+03
  -1.4124085e+03
  -1.4149054e+03
  -1.4175458e+03
  -1.4169526e+03
  -1.4180890e+03
  -1.4189122e+03
  -1.4193357e+03
