   0.0000000e+00
  -7.6261251e-01
  -1.8484943e+00
  -2.7757431e+00
  -3.6043695e+00
  -4.5434052e+00
  -5.3933691e+00
  -6.2608105e+00
  -7.2034173e+00
  -8.0118450e+00
  -8.8838574e+00
  -9.8185052e+00
  -1.0564662e+01
  -1.1463460e+01
  -1.2532738e+01
  -1.3247428e+01
  -1.3709314e+01
  -1.4613221e+01
  -1.5393854e+01
  -1.5861793e+01
  -1.6146001e+01
  -1.6743965e+01
  -1.7606736e+01
  -1.8357895e+01
  -1.9113231e+01
  -1.9976747e+01
  -2.0815906e+01
  -2.1679102e+01
  -2.2573583e+01
  -2.3400193e+01
  -2.4232975e+01
  -2.5159822e+01
  -2.6121667e+01
  -2.7084962e+01
  -2.8054339e+01
  -2.9015484e+01
  -2.9962592e+01
  -3.0905765e+01
  -3.1834604e+01
  -3.2743081e+01
  -3.3653741e+01
  -3.4576823e+01
  -3.5502099e+01
  -3.6422134e+01
  -3.7338198e+01
  -3.8261909e+01
  -3.9195850e+01
  -4.0124696e+01
  -4.1051402e+01
  -4.1996934e+01
  -4.2956519e+01
  -4.3913253e+01
  -4.4865067e+01
  -4.5803160e+01
  -4.6711536e+01
  -4.7601680e+01
  -4.8488725e+01
  -4.9364291e+01
  -5.0234376e+01
  -5.1107329e+01
  -5.1962883e+01
  -5.2790155e+01
  -5.3598064e+01
  -5.4389992e+01
  -5.5171008e+01
  -5.5942221e+01
  -5.6710335e+01
  -5.7476839e+01
  -5.8219765e+01
  -5.8949991e+01
  -5.9659331e+01
  -6.0321402e+01
  -6.1013917e+01
  -6.1749034e+01
  -6.2491154e+01
  -6.3265329e+01
  -6.4050551e+01
  -6.4826324e+01
  -6.5615574e+01
  -6.6420870e+01
  -6.7250133e+01
  -6.8100062e+01
  -6.8952414e+01
  -6.9814814e+01
  -7.0680573e+01
  -7.1544430e+01
  -7.2432813e+01
  -7.3329191e+01
  -7.4214072e+01
  -7.5118504e+01
  -7.6024719e+01
  -7.6904776e+01
  -7.7806445e+01
  -7.8728922e+01
  -7.9646002e+01
  -8.0591493e+01
  -8.1547806e+01
  -8.2480109e+01
  -8.3427394e+01
  -8.4381660e+01
  -8.5302744e+01
  -8.6229417e+01
  -8.7168154e+01
  -8.8082774e+01
  -8.8999898e+01
  -8.9925720e+01
  -9.0830196e+01
  -9.1734160e+01
  -9.2642636e+01
  -9.3534761e+01
  -9.4431674e+01
  -9.5330534e+01
  -9.6213900e+01
  -9.7111256e+01
  -9.8011698e+01
  -9.8887027e+01
  -9.9778869e+01
  -1.0069268e+02
  -1.0159418e+02
  -1.0250869e+02
  -1.0344274e+02
  -1.0437135e+02
  -1.0533261e+02
  -1.0634741e+02
  -1.0746722e+02
  -1.1029212e+02
  -1.1191712e+02
  -1.1304076e+02
  -1.1405615e+02
  -1.1502252e+02
  -1.1599292e+02
  -1.1695379e+02
  -1.1790357e+02
  -1.1882935e+02
  -1.1964918e+02
  -1.2034845e+02
  -1.2093850e+02
  -1.2132851e+02
  -1.2188107e+02
  -1.2264734e+02
  -1.2350838e+02
  -1.2440211e+02
  -1.2526266e+02
  -1.2611360e+02
  -1.2698146e+02
  -1.2782323e+02
  -1.2866411e+02
  -1.2952269e+02
  -1.3035393e+02
  -1.3119330e+02
  -1.3205824e+02
  -1.3289799e+02
  -1.3374411e+02
  -1.3461199e+02
  -1.3545666e+02
  -1.3631222e+02
  -1.3718805e+02
  -1.3803889e+02
  -1.3889802e+02
  -1.3977490e+02
  -1.4063278e+02
  -1.4150609e+02
  -1.4239295e+02
  -1.4325741e+02
  -1.4414050e+02
  -1.4504057e+02
  -1.4592308e+02
  -1.4682612e+02
  -1.4773966e+02
  -1.4863002e+02
  -1.4954453e+02
  -1.5047209e+02
  -1.5137186e+02
  -1.5229299e+02
  -1.5322799e+02
  -1.5413951e+02
  -1.5507998e+02
  -1.5603375e+02
  -1.5695310e+02
  -1.5789276e+02
  -1.5884342e+02
  -1.5975599e+02
  -1.6069281e+02
  -1.6164579e+02
  -1.6255816e+02
  -1.6348816e+02
  -1.6443270e+02
  -1.6533563e+02
  -1.6626043e+02
  -1.6720416e+02
  -1.6810419e+02
  -1.6902701e+02
  -1.6997319e+02
  -1.7087394e+02
  -1.7180406e+02
  -1.7276977e+02
  -1.7368531e+02
  -1.7461507e+02
  -1.7558643e+02
  -1.7652464e+02
  -1.7748549e+02
  -1.7847993e+02
  -1.7942215e+02
  -1.8038610e+02
  -1.8139741e+02
  -1.8235567e+02
  -1.8331398e+02
  -1.8431281e+02
  -1.8525942e+02
  -1.8619261e+02
  -1.8715314e+02
  -1.8806525e+02
  -1.8897773e+02
  -1.8993399e+02
  -1.9085454e+02
  -1.9175999e+02
  -1.9269081e+02
  -1.9359298e+02
  -1.9449224e+02
  -1.9541779e+02
  -1.9631298e+02
  -1.9720793e+02
  -1.9814554e+02
  -1.9907518e+02
  -1.9999792e+02
  -2.0093707e+02
  -2.0186174e+02
  -2.0279511e+02
  -2.0374654e+02
  -2.0462231e+02
  -2.0542309e+02
  -2.0624110e+02
  -2.0703214e+02
  -2.0785366e+02
  -2.0873607e+02
  -2.0957687e+02
  -2.1043160e+02
  -2.1132587e+02
  -2.1216639e+02
  -2.1302851e+02
  -2.1394009e+02
  -2.1480667e+02
  -2.1569993e+02
  -2.1660789e+02
  -2.1743754e+02
  -2.1835663e+02
  -2.1930782e+02
  -2.2009094e+02
  -2.2107048e+02
  -2.2235687e+02
  -2.2389297e+02
  -2.2585287e+02
  -2.2724299e+02
  -2.2847453e+02
  -2.2931970e+02
  -2.3018191e+02
  -2.3117290e+02
  -2.3200927e+02
  -2.3288839e+02
  -2.3387168e+02
  -2.3474263e+02
  -2.3562766e+02
  -2.3659361e+02
  -2.3748739e+02
  -2.3839172e+02
  -2.3934320e+02
  -2.4021676e+02
  -2.4111452e+02
  -2.4206658e+02
  -2.4294351e+02
  -2.4383467e+02
  -2.4477078e+02
  -2.4564778e+02
  -2.4655583e+02
  -2.4749868e+02
  -2.4838070e+02
  -2.4930706e+02
  -2.5026320e+02
  -2.5112595e+02
  -2.5201263e+02
  -2.5295442e+02
  -2.5383058e+02
  -2.5471937e+02
  -2.5563722e+02
  -2.5650785e+02
  -2.5741683e+02
  -2.5834337e+02
  -2.5921738e+02
  -2.6014155e+02
  -2.6107985e+02
  -2.6195089e+02
  -2.6287478e+02
  -2.6382690e+02
  -2.6472105e+02
  -2.6567504e+02
  -2.6665416e+02
  -2.6753775e+02
  -2.6846835e+02
  -2.6945123e+02
  -2.7034844e+02
  -2.7128743e+02
  -2.7228503e+02
  -2.7320110e+02
  -2.7417330e+02
  -2.7520399e+02
  -2.7613934e+02
  -2.7712619e+02
  -2.7818545e+02
  -2.7913876e+02
  -2.8012084e+02
  -2.8118533e+02
  -2.8215091e+02
  -2.8310309e+02
  -2.8414613e+02
  -2.8509860e+02
  -2.8598390e+02
  -2.8698535e+02
  -2.8799389e+02
  -2.8896774e+02
  -2.8998454e+02
  -2.9096274e+02
  -2.9186220e+02
  -2.9279178e+02
  -2.9364900e+02
  -2.9441819e+02
  -2.9530930e+02
  -2.9619542e+02
  -2.9704812e+02
  -2.9798171e+02
  -2.9887561e+02
  -2.9975486e+02
  -3.0071189e+02
  -3.0162138e+02
  -3.0252385e+02
  -3.0351296e+02
  -3.0444987e+02
  -3.0536844e+02
  -3.0635991e+02
  -3.0726529e+02
  -3.0814204e+02
  -3.0914662e+02
  -3.1008925e+02
  -3.1095827e+02
  -3.1193307e+02
  -3.1287971e+02
  -3.1378440e+02
  -3.1476914e+02
  -3.1571529e+02
  -3.1662116e+02
  -3.1760285e+02
  -3.1852441e+02
  -3.1939802e+02
  -3.2037394e+02
  -3.2130369e+02
  -3.2216435e+02
  -3.2313076e+02
  -3.2406550e+02
  -3.2492079e+02
  -3.2586965e+02
  -3.2679944e+02
  -3.2766556e+02
  -3.2862479e+02
  -3.2956173e+02
  -3.3041954e+02
  -3.3136643e+02
  -3.3229752e+02
  -3.3314716e+02
  -3.3407698e+02
  -3.3500003e+02
  -3.3589171e+02
  -3.3688490e+02
  -3.3784555e+02
  -3.3873469e+02
  -3.3972557e+02
  -3.4070342e+02
  -3.4159704e+02
  -3.4259146e+02
  -3.4358099e+02
  -3.4444471e+02
  -3.4541122e+02
  -3.4639421e+02
  -3.4727612e+02
  -3.4826236e+02
  -3.4922914e+02
  -3.5007258e+02
  -3.5108680e+02
  -3.5213188e+02
  -3.5301878e+02
  -3.5404057e+02
  -3.5510188e+02
  -3.5596555e+02
  -3.5696225e+02
  -3.5806333e+02
  -3.5896229e+02
  -3.5990795e+02
  -3.6099840e+02
  -3.6191068e+02
  -3.6280219e+02
  -3.6385494e+02
  -3.6479454e+02
  -3.6572163e+02
  -3.6678386e+02
  -3.6771292e+02
  -3.6852116e+02
  -3.6945381e+02
  -3.7035323e+02
  -3.7126285e+02
  -3.7225886e+02
  -3.7320051e+02
  -3.7413826e+02
  -3.7512852e+02
  -3.7605516e+02
  -3.7697123e+02
  -3.7793785e+02
  -3.7882690e+02
  -3.7969287e+02
  -3.8061671e+02
  -3.8147408e+02
  -3.8234582e+02
  -3.8329443e+02
  -3.8417128e+02
  -3.8504510e+02
  -3.8598677e+02
  -3.8685891e+02
  -3.8773013e+02
  -3.8867251e+02
  -3.8956594e+02
  -3.9045770e+02
  -3.9139517e+02
  -3.9227315e+02
  -3.9316779e+02
  -3.9411569e+02
  -3.9498862e+02
  -3.9586706e+02
  -3.9681810e+02
  -3.9771568e+02
  -3.9861741e+02
  -3.9957494e+02
  -4.0046757e+02
  -4.0135233e+02
  -4.0228301e+02
  -4.0315562e+02
  -4.0405850e+02
  -4.0501863e+02
  -4.0591198e+02
  -4.0683625e+02
  -4.0780903e+02
  -4.0867920e+02
  -4.0958521e+02
  -4.1055397e+02
  -4.1138594e+02
  -4.1226689e+02
  -4.1324102e+02
  -4.1407815e+02
  -4.1499593e+02
  -4.1603862e+02
  -4.1691634e+02
  -4.1779833e+02
  -4.1878272e+02
  -4.1961343e+02
  -4.2053000e+02
  -4.2157032e+02
  -4.2240090e+02
  -4.2332514e+02
  -4.2439248e+02
  -4.2515180e+02
  -4.2600469e+02
  -4.2714218e+02
  -4.2811526e+02
  -4.2904396e+02
  -4.3020836e+02
  -4.3121463e+02
  -4.3213778e+02
  -4.3327901e+02
  -4.3418772e+02
  -4.3496143e+02
  -4.3613788e+02
  -4.3715520e+02
  -4.3796988e+02
  -4.3909318e+02
  -4.4017005e+02
  -4.4107497e+02
  -4.4218426e+02
  -4.4322257e+02
  -4.4399939e+02
  -4.4498340e+02
  -4.4596342e+02
  -4.4679875e+02
  -4.4787052e+02
  -4.4890901e+02
  -4.4954594e+02
  -4.5046994e+02
  -4.5143163e+02
  -4.5209667e+02
  -4.5310431e+02
  -4.5415353e+02
  -4.5491534e+02
  -4.5585468e+02
  -4.5684837e+02
  -4.5767694e+02
  -4.5867634e+02
  -4.5969030e+02
  -4.6051643e+02
  -4.6159602e+02
  -4.6273419e+02
  -4.6342568e+02
  -4.6430008e+02
  -4.6539103e+02
  -4.6600962e+02
  -4.6701695e+02
  -4.6823004e+02
  -4.6894643e+02
  -4.7004872e+02
  -4.7153856e+02
  -4.7265484e+02
  -4.7364539e+02
  -4.7528077e+02
  -4.7676129e+02
  -4.7739401e+02
  -4.7850137e+02
  -4.7975564e+02
  -4.8056810e+02
  -4.8156707e+02
  -4.8263805e+02
  -4.8323871e+02
  -4.8417387e+02
  -4.8528780e+02
  -4.8609135e+02
  -4.8698841e+02
  -4.8799990e+02
  -4.8880735e+02
  -4.8974869e+02
  -4.9079547e+02
  -4.9164397e+02
  -4.9254449e+02
  -4.9352529e+02
  -4.9434138e+02
  -4.9523073e+02
  -4.9619021e+02
  -4.9702654e+02
  -4.9797004e+02
  -4.9896440e+02
  -4.9979713e+02
  -5.0070715e+02
  -5.0169687e+02
  -5.0254932e+02
  -5.0344772e+02
  -5.0444529e+02
  -5.0532152e+02
  -5.0618064e+02
  -5.0712721e+02
  -5.0801667e+02
  -5.0890852e+02
  -5.0984023e+02
  -5.1072111e+02
  -5.1162476e+02
  -5.1255171e+02
  -5.1343462e+02
  -5.1435689e+02
  -5.1528736e+02
  -5.1616859e+02
  -5.1711610e+02
  -5.1807728e+02
  -5.1894604e+02
  -5.1985711e+02
  -5.2080545e+02
  -5.2167708e+02
  -5.2258129e+02
  -5.2351915e+02
  -5.2438866e+02
  -5.2530102e+02
  -5.2625422e+02
  -5.2714277e+02
  -5.2805344e+02
  -5.2898276e+02
  -5.2984822e+02
  -5.3076828e+02
  -5.3172339e+02
  -5.3259895e+02
  -5.3350460e+02
  -5.3446453e+02
  -5.3537710e+02
  -5.3629179e+02
  -5.3721214e+02
  -5.3808756e+02
  -5.3901199e+02
  -5.3996021e+02
  -5.4084694e+02
  -5.4176315e+02
  -5.4270364e+02
  -5.4359884e+02
  -5.4453110e+02
  -5.4546530e+02
  -5.4633822e+02
  -5.4728111e+02
  -5.4825973e+02
  -5.4916629e+02
  -5.5009630e+02
  -5.5105506e+02
  -5.5196271e+02
  -5.5291156e+02
  -5.5388160e+02
  -5.5478890e+02
  -5.5572941e+02
  -5.5667150e+02
  -5.5755200e+02
  -5.5851505e+02
  -5.5950151e+02
  -5.6038242e+02
  -5.6134146e+02
  -5.6234727e+02
  -5.6323217e+02
  -5.6416900e+02
  -5.6517226e+02
  -5.6605688e+02
  -5.6698242e+02
  -5.6798251e+02
  -5.6885075e+02
  -5.6974989e+02
  -5.7072232e+02
  -5.7158764e+02
  -5.7251493e+02
  -5.7355584e+02
  -5.7454956e+02
  -5.7555266e+02
  -5.7654703e+02
  -5.7736502e+02
  -5.7826001e+02
  -5.7925812e+02
  -5.8007618e+02
  -5.8091699e+02
  -5.8186488e+02
  -5.8266852e+02
  -5.8356704e+02
  -5.8455974e+02
  -5.8546926e+02
  -5.8645092e+02
  -5.8746170e+02
  -5.8833516e+02
  -5.8929255e+02
  -5.9034633e+02
  -5.9122123e+02
  -5.9211943e+02
  -5.9313556e+02
  -5.9397591e+02
  -5.9485927e+02
  -5.9589242e+02
  -5.9671128e+02
  -5.9761605e+02
  -5.9874374e+02
  -5.9963215e+02
  -6.0048025e+02
  -6.0158984e+02
  -6.0239037e+02
  -6.0313038e+02
  -6.0442033e+02
  -6.0498419e+02
  -6.0552499e+02
  -6.0654847e+02
  -6.0627677e+02
  -6.0759277e+02
  -6.0888610e+02
  -6.0812894e+02
  -6.0995566e+02
  -6.0853024e+02
  -6.1029717e+02
  -6.1142368e+02
  -6.1179487e+02
  -6.1280607e+02
  -6.1374318e+02
  -6.1459071e+02
  -6.1568751e+02
  -6.1666244e+02
  -6.1743320e+02
  -6.1847409e+02
  -6.1944006e+02
  -6.2019648e+02
  -6.2115429e+02
  -6.2206348e+02
  -6.2282192e+02
  -6.2377407e+02
  -6.2465836e+02
  -6.2545178e+02
  -6.2643426e+02
  -6.2739745e+02
  -6.2827174e+02
  -6.2925477e+02
  -6.3020935e+02
  -6.3107674e+02
  -6.3202975e+02
  -6.3295333e+02
  -6.3380359e+02
  -6.3476550e+02
  -6.3572864e+02
  -6.3660099e+02
  -6.3753508e+02
  -6.3847298e+02
  -6.3935030e+02
  -6.4027968e+02
  -6.4120567e+02
  -6.4208684e+02
  -6.4302521e+02
  -6.4393315e+02
  -6.4477931e+02
  -6.4568181e+02
  -6.4656869e+02
  -6.4744653e+02
  -6.4840984e+02
  -6.4934385e+02
  -6.5023440e+02
  -6.5118999e+02
  -6.5210510e+02
  -6.5295764e+02
  -6.5389326e+02
  -6.5482944e+02
  -6.5570945e+02
  -6.5663608e+02
  -6.5755009e+02
  -6.5843559e+02
  -6.5937365e+02
  -6.6028331e+02
  -6.6116427e+02
  -6.6212039e+02
  -6.6306149e+02
  -6.6394773e+02
  -6.6487355e+02
  -6.6578486e+02
  -6.6667807e+02
  -6.6763552e+02
  -6.6856888e+02
  -6.6945003e+02
  -6.7037572e+02
  -6.7129791e+02
  -6.7219974e+02
  -6.7314584e+02
  -6.7407872e+02
  -6.7499448e+02
  -6.7595562e+02
  -6.7688714e+02
  -6.7776275e+02
  -6.7865071e+02
  -6.7953733e+02
  -6.8046393e+02
  -6.8142339e+02
  -6.8229882e+02
  -6.8317179e+02
  -6.8412932e+02
  -6.8504773e+02
  -6.8595613e+02
  -6.8691412e+02
  -6.8780461e+02
  -6.8869760e+02
  -6.8968032e+02
  -6.9060147e+02
  -6.9149012e+02
  -6.9247454e+02
  -6.9341501e+02
  -6.9429966e+02
  -6.9524678e+02
  -6.9614107e+02
  -6.9701990e+02
  -6.9801978e+02
  -6.9897748e+02
  -6.9983322e+02
  -7.0077423e+02
  -7.0173193e+02
  -7.0265446e+02
  -7.0361519e+02
  -7.0452750e+02
  -7.0542477e+02
  -7.0643402e+02
  -7.0739109e+02
  -7.0824368e+02
  -7.0921823e+02
  -7.1020603e+02
  -7.1108778e+02
  -7.1202052e+02
  -7.1295211e+02
  -7.1380673e+02
  -7.1473857e+02
  -7.1569762e+02
  -7.1665206e+02
  -7.1766464e+02
  -7.1856680e+02
  -7.1939469e+02
  -7.2037976e+02
  -7.2128137e+02
  -7.2206606e+02
  -7.2311299e+02
  -7.2417550e+02
  -7.2501996e+02
  -7.2596785e+02
  -7.2696857e+02
  -7.2783939e+02
  -7.2878942e+02
  -7.2975035e+02
  -7.3061816e+02
  -7.3166907e+02
  -7.3264782e+02
  -7.3334222e+02
  -7.3434339e+02
  -7.3545345e+02
  -7.3622942e+02
  -7.3708469e+02
  -7.3808954e+02
  -7.3889678e+02
  -7.3988747e+02
  -7.4085377e+02
  -7.4140943e+02
  -7.4238876e+02
  -7.4325987e+02
  -7.4345272e+02
  -7.4456444e+02
  -7.4545990e+02
  -7.4608954e+02
  -7.4710595e+02
  -7.4775537e+02
  -7.4864114e+02
  -7.4992295e+02
  -7.5065886e+02
  -7.5137979e+02
  -7.5246287e+02
  -7.5230542e+02
  -7.5333328e+02
  -7.5437785e+02
  -7.5438931e+02
  -7.5531895e+02
  -7.5610581e+02
  -7.5696368e+02
  -7.5812511e+02
  -7.5893673e+02
  -7.5960105e+02
  -7.6071572e+02
  -7.6167772e+02
  -7.6240007e+02
  -7.6333685e+02
  -7.6423566e+02
  -7.6505925e+02
  -7.6597664e+02
  -7.6684126e+02
  -7.6775619e+02
  -7.6873956e+02
  -7.6956898e+02
  -7.7040933e+02
  -7.7138919e+02
  -7.7228129e+02
  -7.7313474e+02
  -7.7408951e+02
  -7.7500807e+02
  -7.7590127e+02
  -7.7681987e+02
  -7.7770399e+02
  -7.7860850e+02
  -7.7954131e+02
  -7.8043865e+02
  -7.8135618e+02
  -7.8226703e+02
  -7.8313127e+02
  -7.8406038e+02
  -7.8500750e+02
  -7.8589681e+02
  -7.8684314e+02
  -7.8780856e+02
  -7.8868127e+02
  -7.8957934e+02
  -7.9052494e+02
  -7.9143320e+02
  -7.9237029e+02
  -7.9330213e+02
  -7.9415585e+02
  -7.9507437e+02
  -7.9600381e+02
  -7.9683485e+02
  -7.9774613e+02
  -7.9870738e+02
  -7.9958087e+02
  -8.0050667e+02
  -8.0146287e+02
  -8.0231222e+02
  -8.0322175e+02
  -8.0419191e+02
  -8.0506810e+02
  -8.0597118e+02
  -8.0690823e+02
  -8.0773072e+02
  -8.0861669e+02
  -8.0958700e+02
  -8.1049003e+02
  -8.1141768e+02
  -8.1237404e+02
  -8.1325366e+02
  -8.1420240e+02
  -8.1520668e+02
  -8.1609714e+02
  -8.1699946e+02
  -8.1797787e+02
  -8.1886748e+02
  -8.1975076e+02
  -8.2070056e+02
  -8.2158513e+02
  -8.2246845e+02
  -8.2339779e+02
  -8.2427996e+02
  -8.2520918e+02
  -8.2617788e+02
  -8.2708043e+02
  -8.2799510e+02
  -8.2893092e+02
  -8.2982811e+02
  -8.3078040e+02
  -8.3174474e+02
  -8.3263576e+02
  -8.3358517e+02
  -8.3456012e+02
  -8.3542132e+02
  -8.3633326e+02
  -8.3733065e+02
  -8.3826431e+02
  -8.3920543e+02
  -8.4016277e+02
  -8.4103141e+02
  -8.4195547e+02
  -8.4293867e+02
  -8.4382204e+02
  -8.4473260e+02
  -8.4570481e+02
  -8.4658522e+02
  -8.4750942e+02
  -8.4850281e+02
  -8.4935599e+02
  -8.5022654e+02
  -8.5122317e+02
  -8.5214265e+02
  -8.5304636e+02
  -8.5402993e+02
  -8.5492933e+02
  -8.5582758e+02
  -8.5683927e+02
  -8.5780360e+02
  -8.5871673e+02
  -8.5965824e+02
  -8.6055719e+02
  -8.6147699e+02
  -8.6243573e+02
  -8.6330452e+02
  -8.6419805e+02
  -8.6513493e+02
  -8.6598535e+02
  -8.6692377e+02
  -8.6790907e+02
  -8.6873874e+02
  -8.6968598e+02
  -8.7071902e+02
  -8.7144691e+02
  -8.7227238e+02
  -8.7333124e+02
  -8.7416352e+02
  -8.7502738e+02
  -8.7606902e+02
  -8.7687497e+02
  -8.7764032e+02
  -8.7854088e+02
  -8.7932163e+02
  -8.8038454e+02
  -8.8152150e+02
  -8.8213481e+02
  -8.8289870e+02
  -8.8390062e+02
  -8.8446286e+02
  -8.8535989e+02
  -8.8614942e+02
  -8.8634661e+02
  -8.8774165e+02
  -8.8888991e+02
  -8.8900980e+02
  -8.8984420e+02
  -8.9038094e+02
  -8.9118859e+02
  -8.9237001e+02
  -8.9319026e+02
  -8.9402711e+02
  -8.9505245e+02
  -8.9582005e+02
  -8.9665900e+02
  -8.9758174e+02
  -8.9823879e+02
  -8.9918756e+02
  -9.0030053e+02
  -9.0118585e+02
  -9.0204389e+02
  -9.0294794e+02
  -9.0369010e+02
  -9.0458875e+02
  -9.0557304e+02
  -9.0639164e+02
  -9.0727319e+02
  -9.0818474e+02
  -9.0898799e+02
  -9.0989728e+02
  -9.1083099e+02
  -9.1163762e+02
  -9.1255880e+02
  -9.1354592e+02
  -9.1444471e+02
  -9.1535152e+02
  -9.1626311e+02
  -9.1712817e+02
  -9.1805367e+02
  -9.1900374e+02
  -9.1990867e+02
  -9.2082977e+02
  -9.2172574e+02
  -9.2257672e+02
  -9.2349338e+02
  -9.2444015e+02
  -9.2535943e+02
  -9.2629099e+02
  -9.2720436e+02
  -9.2810084e+02
  -9.2902220e+02
  -9.2991638e+02
  -9.3082149e+02
  -9.3177734e+02
  -9.3266390e+02
  -9.3352850e+02
  -9.3448276e+02
  -9.3539973e+02
  -9.3627757e+02
  -9.3722128e+02
  -9.3813456e+02
  -9.3902056e+02
  -9.3997273e+02
  -9.4088779e+02
  -9.4178881e+02
  -9.4277135e+02
  -9.4370883e+02
  -9.4459512e+02
  -9.4553843e+02
  -9.4644310e+02
  -9.4733694e+02
  -9.4830957e+02
  -9.4920640e+02
  -9.5007288e+02
  -9.5109702e+02
  -9.5209759e+02
  -9.5294346e+02
  -9.5382233e+02
  -9.5475283e+02
  -9.5568202e+02
  -9.5664272e+02
  -9.5754531e+02
  -9.5842495e+02
  -9.5937933e+02
  -9.6026779e+02
  -9.6112436e+02
  -9.6211262e+02
  -9.6307789e+02
  -9.6396065e+02
  -9.6489631e+02
  -9.6580718e+02
  -9.6670791e+02
  -9.6768205e+02
  -9.6857898e+02
  -9.6946050e+02
  -9.7049389e+02
  -9.7146381e+02
  -9.7227567e+02
  -9.7318694e+02
  -9.7409862e+02
  -9.7496255e+02
  -9.7594297e+02
  -9.7688882e+02
  -9.7778384e+02
  -9.7876866e+02
  -9.7966406e+02
  -9.8050161e+02
  -9.8152843e+02
  -9.8248953e+02
  -9.8329024e+02
  -9.8426984e+02
  -9.8523279e+02
  -9.8603216e+02
  -9.8698911e+02
  -9.8796787e+02
  -9.8883546e+02
  -9.8982538e+02
  -9.9073305e+02
  -9.9148950e+02
  -9.9248951e+02
  -9.9348603e+02
  -9.9430785e+02
  -9.9530499e+02
  -9.9630593e+02
  -9.9712152e+02
  -9.9806852e+02
  -9.9897185e+02
  -9.9976275e+02
  -1.0008340e+03
  -1.0018526e+03
  -1.0025758e+03
  -1.0035617e+03
  -1.0045342e+03
  -1.0052720e+03
  -1.0062963e+03
  -1.0073077e+03
  -1.0080338e+03
  -1.0090908e+03
  -1.0101871e+03
  -1.0108886e+03
  -1.0119153e+03
  -1.0130695e+03
  -1.0138556e+03
  -1.0148413e+03
  -1.0159824e+03
  -1.0169322e+03
  -1.0179901e+03
  -1.0192118e+03
  -1.0201978e+03
  -1.0211419e+03
  -1.0223582e+03
  -1.0234781e+03
  -1.0244077e+03
  -1.0254810e+03
  -1.0264933e+03
  -1.0274808e+03
  -1.0287011e+03
  -1.0298749e+03
  -1.0307866e+03
  -1.0318290e+03
  -1.0328201e+03
  -1.0336285e+03
  -1.0347289e+03
  -1.0358338e+03
  -1.0365525e+03
  -1.0375082e+03
  -1.0386794e+03
  -1.0396480e+03
  -1.0406086e+03
  -1.0416841e+03
  -1.0425566e+03
  -1.0434414e+03
  -1.0444780e+03
  -1.0453381e+03
  -1.0461881e+03
  -1.0472029e+03
  -1.0481049e+03
  -1.0489981e+03
  -1.0500120e+03
  -1.0508923e+03
  -1.0517540e+03
  -1.0527349e+03
  -1.0536104e+03
  -1.0544572e+03
  -1.0554218e+03
  -1.0563413e+03
  -1.0573002e+03
  -1.0583353e+03
  -1.0592436e+03
  -1.0601307e+03
  -1.0611406e+03
  -1.0620710e+03
  -1.0629331e+03
  -1.0638994e+03
  -1.0648324e+03
  -1.0657060e+03
  -1.0666123e+03
  -1.0674856e+03
  -1.0683977e+03
  -1.0693661e+03
  -1.0702579e+03
  -1.0711933e+03
  -1.0721911e+03
  -1.0730648e+03
  -1.0739127e+03
  -1.0748633e+03
  -1.0757566e+03
  -1.0766768e+03
  -1.0776565e+03
  -1.0785124e+03
  -1.0794225e+03
  -1.0804463e+03
  -1.0813427e+03
  -1.0821959e+03
  -1.0831587e+03
  -1.0840179e+03
  -1.0849056e+03
  -1.0859321e+03
  -1.0868328e+03
  -1.0876838e+03
  -1.0886850e+03
  -1.0895994e+03
  -1.0904652e+03
  -1.0914552e+03
  -1.0923603e+03
  -1.0932058e+03
  -1.0941855e+03
  -1.0951110e+03
  -1.0960075e+03
  -1.0970148e+03
  -1.0979460e+03
  -1.0988075e+03
  -1.0997882e+03
  -1.1007378e+03
  -1.1016348e+03
  -1.1026169e+03
  -1.1035486e+03
  -1.1044682e+03
  -1.1054677e+03
  -1.1063236e+03
  -1.1071343e+03
  -1.1081511e+03
  -1.1091257e+03
  -1.1100367e+03
  -1.1110837e+03
  -1.1120803e+03
  -1.1128928e+03
  -1.1138248e+03
  -1.1147975e+03
  -1.1156932e+03
  -1.1166390e+03
  -1.1175307e+03
  -1.1183530e+03
  -1.1193152e+03
  -1.1202618e+03
  -1.1211050e+03
  -1.1220180e+03
  -1.1229110e+03
  -1.1237815e+03
  -1.1247189e+03
  -1.1255646e+03
  -1.1264416e+03
  -1.1274675e+03
  -1.1283782e+03
  -1.1291823e+03
  -1.1301608e+03
  -1.1311228e+03
  -1.1319991e+03
  -1.1329659e+03
  -1.1338879e+03
  -1.1346758e+03
  -1.1355498e+03
  -1.1364724e+03
  -1.1373974e+03
  -1.1383660e+03
  -1.1392751e+03
  -1.1401700e+03
  -1.1411155e+03
  -1.1419862e+03
  -1.1428866e+03
  -1.1439001e+03
  -1.1448454e+03
  -1.1457581e+03
  -1.1467604e+03
  -1.1476490e+03
  -1.1484821e+03
  -1.1494860e+03
  -1.1504472e+03
  -1.1513365e+03
  -1.1522842e+03
  -1.1530567e+03
  -1.1538967e+03
  -1.1550308e+03
  -1.1560822e+03
  -1.1570537e+03
  -1.1582288e+03
  -1.1589400e+03
  -1.1593274e+03
  -1.1604046e+03
  -1.1610223e+03
  -1.1617067e+03
  -1.1634899e+03
  -1.1657661e+03
  -1.1637252e+03
  -1.1658630e+03
  -1.1674515e+03
  -1.1697550e+03
  -1.1714633e+03
  -1.1726899e+03
  -1.1734468e+03
  -1.1740111e+03
  -1.1750743e+03
  -1.1760747e+03
  -1.1769219e+03
  -1.1779498e+03
  -1.1788958e+03
  -1.1797016e+03
  -1.1806635e+03
  -1.1815706e+03
  -1.1824092e+03
  -1.1833654e+03
  -1.1842076e+03
  -1.1851407e+03
  -1.1862013e+03
  -1.1869885e+03
  -1.1877793e+03
  -1.1889196e+03
  -1.1899438e+03
  -1.1906913e+03
  -1.1916316e+03
  -1.1925283e+03
  -1.1933558e+03
  -1.1944104e+03
  -1.1952991e+03
  -1.1959661e+03
  -1.1970409e+03
  -1.1980644e+03
  -1.1987402e+03
  -1.1996475e+03
  -1.2006382e+03
  -1.2014521e+03
  -1.2023833e+03
  -1.2033868e+03
  -1.2042872e+03
  -1.2052081e+03
  -1.2061078e+03
  -1.2069284e+03
  -1.2078643e+03
  -1.2088319e+03
  -1.2097530e+03
  -1.2106919e+03
  -1.2115904e+03
  -1.2125071e+03
  -1.2135112e+03
  -1.2144216e+03
  -1.2152990e+03
  -1.2162984e+03
  -1.2172271e+03
  -1.2180480e+03
  -1.2189898e+03
  -1.2199676e+03
  -1.2208853e+03
  -1.2218318e+03
  -1.2227985e+03
  -1.2237866e+03
  -1.2247827e+03
  -1.2256651e+03
  -1.2265346e+03
  -1.2275075e+03
  -1.2284169e+03
  -1.2293266e+03
  -1.2303447e+03
  -1.2312546e+03
  -1.2320684e+03
  -1.2330494e+03
  -1.2340184e+03
  -1.2349253e+03
  -1.2359101e+03
  -1.2368035e+03
  -1.2376677e+03
  -1.2387275e+03
  -1.2396983e+03
  -1.2405093e+03
  -1.2415114e+03
  -1.2424915e+03
  -1.2433070e+03
  -1.2442841e+03
  -1.2452770e+03
  -1.2460989e+03
  -1.2471214e+03
  -1.2482095e+03
  -1.2490549e+03
  -1.2499564e+03
  -1.2509721e+03
  -1.2518516e+03
  -1.2527662e+03
  -1.2537520e+03
  -1.2546843e+03
  -1.2556821e+03
  -1.2566307e+03
  -1.2573955e+03
  -1.2583868e+03
  -1.2594476e+03
  -1.2603193e+03
  -1.2612585e+03
  -1.2622239e+03
  -1.2629558e+03
  -1.2639000e+03
  -1.2649587e+03
  -1.2657964e+03
  -1.2666976e+03
  -1.2676470e+03
  -1.2683332e+03
  -1.2692991e+03
  -1.2703536e+03
  -1.2710099e+03
  -1.2719050e+03
  -1.2729832e+03
  -1.2737957e+03
  -1.2746653e+03
  -1.2757796e+03
  -1.2767717e+03
  -1.2776458e+03
  -1.2785845e+03
  -1.2794746e+03
  -1.2803957e+03
  -1.2812774e+03
  -1.2820454e+03
  -1.2830572e+03
  -1.2841444e+03
  -1.2849456e+03
  -1.2858015e+03
  -1.2868199e+03
  -1.2877385e+03
  -1.2886549e+03
  -1.2896302e+03
  -1.2905391e+03
  -1.2914982e+03
  -1.2924771e+03
  -1.2933380e+03
  -1.2942525e+03
  -1.2951612e+03
  -1.2960418e+03
  -1.2970875e+03
  -1.2979739e+03
  -1.2985771e+03
  -1.2995923e+03
  -1.3006332e+03
  -1.3013822e+03
  -1.3023673e+03
  -1.3034765e+03
  -1.3043355e+03
  -1.3054023e+03
  -1.3065764e+03
  -1.3071056e+03
  -1.3082233e+03
  -1.3097641e+03
  -1.3108751e+03
  -1.3116209e+03
  -1.3129914e+03
  -1.3138993e+03
  -1.3145624e+03
  -1.3158700e+03
  -1.3170711e+03
  -1.3178610e+03
  -1.3190117e+03
  -1.3201439e+03
  -1.3206428e+03
  -1.3214540e+03
  -1.3224131e+03
  -1.3231716e+03
  -1.3240701e+03
  -1.3250063e+03
  -1.3258975e+03
  -1.3269025e+03
  -1.3278415e+03
  -1.3286632e+03
  -1.3295772e+03
  -1.3304826e+03
  -1.3313724e+03
  -1.3323528e+03
  -1.3332981e+03
  -1.3342202e+03
  -1.3352349e+03
  -1.3361960e+03
  -1.3370630e+03
  -1.3380459e+03
  -1.3390321e+03
  -1.3399150e+03
  -1.3408823e+03
  -1.3418813e+03
  -1.3427705e+03
  -1.3436988e+03
  -1.3446842e+03
  -1.3455871e+03
  -1.3465459e+03
  -1.3475701e+03
  -1.3485108e+03
  -1.3494752e+03
  -1.3505343e+03
  -1.3515558e+03
  -1.3525502e+03
  -1.3535324e+03
  -1.3543512e+03
  -1.3552225e+03
  -1.3562395e+03
  -1.3571624e+03
  -1.3581116e+03
  -1.3592065e+03
  -1.3601886e+03
  -1.3610550e+03
  -1.3620180e+03
  -1.3629495e+03
  -1.3638391e+03
  -1.3647170e+03
  -1.3655626e+03
  -1.3665668e+03
  -1.3675908e+03
  -1.3683846e+03
  -1.3693215e+03
  -1.3704743e+03
  -1.3714521e+03
  -1.3723112e+03
  -1.3732996e+03
  -1.3741168e+03
  -1.3749290e+03
  -1.3759959e+03
  -1.3769697e+03
  -1.3778113e+03
  -1.3787944e+03
  -1.3797421e+03
  -1.3806736e+03
  -1.3816171e+03
  -1.3823958e+03
  -1.3833049e+03
  -1.3843657e+03
  -1.3851360e+03
  -1.3858942e+03
  -1.3868967e+03
  -1.3877473e+03
  -1.3886615e+03
  -1.3898175e+03
  -1.3908507e+03
  -1.3916967e+03
  -1.3926406e+03
  -1.3935085e+03
  -1.3944139e+03
  -1.3954432e+03
  -1.3963409e+03
  -1.3973118e+03
  -1.3985400e+03
  -1.3995670e+03
  -1.4003299e+03
  -1.4014677e+03
  -1.4024697e+03
  -1.4032360e+03
  -1.4043247e+03
  -1.4054061e+03
  -1.4062752e+03
  -1.4073294e+03
  -1.4084130e+03
  -1.4093069e+03
  -1.4102378e+03
  -1.4111895e+03
  -1.4120638e+03
  -1.4130866e+03
  -1.4141794e+03
  -1.4151110e+03
  -1.4159875e+03
  -1.4169215e+03
  -1.4178096e+03
  -1.4187253e+03
  -1.4196936e+03
  -1.4206139e+03
  -1.4215277e+03
  -1.4224695e+03
  -1.4233971e+03
  -1.4243556e+03
  -1.4253173e+03
  -1.4262157e+03
  -1.4271424e+03
  -1.4281208e+03
  -1.4290671e+03
  -1.4300156e+03
  -1.4309526e+03
  -1.4318051e+03
  -1.4326913e+03
  -1.4335854e+03
  -1.4343418e+03
  -1.4351959e+03
  -1.4361191e+03
  -1.4369176e+03
  -1.4378184e+03
  -1.4387294e+03
  -1.4394567e+03
  -1.4404143e+03
  -1.4414116e+03
  -1.4421190e+03
  -1.4429703e+03
  -1.4439598e+03
  -1.4447533e+03
  -1.4456536e+03
  -1.4466813e+03
  -1.4475350e+03
  -1.4484782e+03
  -1.4492932e+03
  -1.4500589e+03
  -1.4513102e+03
  -1.4527236e+03
  -1.4537575e+03
  -1.4549767e+03
  -1.4562574e+03
  -1.4571481e+03
  -1.4581760e+03
  -1.4595430e+03
  -1.4606274e+03
  -1.4613662e+03
  -1.4625675e+03
  -1.4637629e+03
  -1.4645484e+03
  -1.4654319e+03
  -1.4663683e+03
  -1.4670610e+03
  -1.4679978e+03
  -1.4690312e+03
  -1.4699336e+03
  -1.4708335e+03
  -1.4716836e+03
  -1.4725482e+03
  -1.4736209e+03
  -1.4746406e+03
  -1.4755181e+03
  -1.4765283e+03
  -1.4775535e+03
  -1.4784602e+03
  -1.4794076e+03
  -1.4803659e+03
  -1.4812899e+03
  -1.4822617e+03
  -1.4831551e+03
  -1.4840322e+03
  -1.4850500e+03
  -1.4859314e+03
  -1.4867028e+03
  -1.4877079e+03
  -1.4886243e+03
  -1.4893635e+03
  -1.4904514e+03
  -1.4915035e+03
  -1.4921658e+03
  -1.4930590e+03
  -1.4940153e+03
  -1.4947332e+03
  -1.4956615e+03
  -1.4966826e+03
  -1.4974248e+03
  -1.4982497e+03
  -1.4991754e+03
  -1.5000181e+03
  -1.5009963e+03
  -1.5019904e+03
  -1.5028689e+03
  -1.5038403e+03
  -1.5048116e+03
  -1.5056605e+03
  -1.5066084e+03
  -1.5076106e+03
  -1.5085158e+03
  -1.5094100e+03
  -1.5102781e+03
  -1.5111654e+03
  -1.5121830e+03
  -1.5131411e+03
  -1.5139752e+03
  -1.5149707e+03
  -1.5159889e+03
  -1.5168949e+03
  -1.5178504e+03
  -1.5187585e+03
  -1.5196965e+03
  -1.5207908e+03
  -1.5218076e+03
  -1.5227114e+03
  -1.5237280e+03
  -1.5245897e+03
  -1.5254062e+03
  -1.5265348e+03
  -1.5276440e+03
  -1.5284784e+03
  -1.5294007e+03
  -1.5302926e+03
  -1.5310276e+03
  -1.5320706e+03
  -1.5331453e+03
  -1.5339580e+03
  -1.5349532e+03
  -1.5359960e+03
  -1.5369117e+03
  -1.5380118e+03
  -1.5391278e+03
  -1.5397920e+03
  -1.5406844e+03
  -1.5418574e+03
  -1.5427099e+03
  -1.5435533e+03
  -1.5446640e+03
  -1.5456009e+03
  -1.5464914e+03
  -1.5475298e+03
  -1.5483464e+03
  -1.5492365e+03
  -1.5502170e+03
  -1.5508877e+03
  -1.5518482e+03
  -1.5530569e+03
  -1.5539308e+03
  -1.5548206e+03
  -1.5560567e+03
  -1.5568922e+03
  -1.5574886e+03
  -1.5586430e+03
  -1.5595649e+03
  -1.5603698e+03
  -1.5615693e+03
  -1.5624406e+03
  -1.5631140e+03
  -1.5643953e+03
  -1.5656265e+03
  -1.5662840e+03
  -1.5673247e+03
  -1.5684613e+03
  -1.5691440e+03
  -1.5702176e+03
  -1.5712353e+03
  -1.5718900e+03
  -1.5729851e+03
  -1.5740017e+03
  -1.5747743e+03
  -1.5759492e+03
  -1.5770971e+03
  -1.5774164e+03
  -1.5784975e+03
  -1.5796959e+03
  -1.5805133e+03
  -1.5814357e+03
  -1.5825292e+03
  -1.5834245e+03
  -1.5843342e+03
  -1.5853506e+03
  -1.5861993e+03
  -1.5870635e+03
  -1.5879681e+03
  -1.5887289e+03
  -1.5896699e+03
  -1.5907407e+03
  -1.5916980e+03
  -1.5926154e+03
  -1.5935049e+03
  -1.5943468e+03
  -1.5953221e+03
  -1.5962787e+03
  -1.5971375e+03
  -1.5981890e+03
  -1.5991936e+03
  -1.5999323e+03
  -1.6008228e+03
  -1.6017858e+03
  -1.6026469e+03
  -1.6036468e+03
  -1.6046794e+03
  -1.6055362e+03
  -1.6064374e+03
  -1.6073336e+03
  -1.6082158e+03
  -1.6092751e+03
  -1.6101719e+03
  -1.6108938e+03
  -1.6120263e+03
  -1.6131164e+03
  -1.6138247e+03
  -1.6148108e+03
  -1.6159555e+03
  -1.6168350e+03
  -1.6177295e+03
  -1.6187491e+03
  -1.6196057e+03
  -1.6205422e+03
  -1.6215170e+03
  -1.6222828e+03
  -1.6232783e+03
  -1.6243812e+03
  -1.6251994e+03
  -1.6260751e+03
  -1.6271440e+03
  -1.6280402e+03
  -1.6289158e+03
  -1.6299526e+03
  -1.6308702e+03
  -1.6317663e+03
  -1.6327924e+03
  -1.6337218e+03
  -1.6346274e+03
  -1.6356445e+03
  -1.6365831e+03
  -1.6375177e+03
  -1.6385533e+03
  -1.6395299e+03
  -1.6405075e+03
  -1.6415592e+03
  -1.6424718e+03
  -1.6433411e+03
  -1.6443816e+03
  -1.6453795e+03
  -1.6462699e+03
  -1.6472692e+03
  -1.6482714e+03
  -1.6492103e+03
  -1.6502266e+03
  -1.6512183e+03
  -1.6520918e+03
  -1.6529995e+03
  -1.6539272e+03
  -1.6548224e+03
  -1.6557651e+03
  -1.6566681e+03
  -1.6575360e+03
  -1.6584507e+03
  -1.6592951e+03
  -1.6601896e+03
  -1.6612021e+03
  -1.6621203e+03
  -1.6630662e+03
  -1.6641528e+03
  -1.6648795e+03
  -1.6655618e+03
  -1.6666108e+03
  -1.6673676e+03
  -1.6680633e+03
  -1.6691288e+03
  -1.6700836e+03
  -1.6708976e+03
  -1.6719911e+03
  -1.6730240e+03
  -1.6739069e+03
  -1.6748834e+03
  -1.6756005e+03
  -1.6764016e+03
  -1.6775916e+03
  -1.6785710e+03
  -1.6792762e+03
  -1.6803803e+03
  -1.6812312e+03
  -1.6818436e+03
  -1.6830084e+03
  -1.6841084e+03
  -1.6849787e+03
  -1.6861955e+03
  -1.6873196e+03
  -1.6880171e+03
  -1.6890137e+03
  -1.6900896e+03
  -1.6907976e+03
  -1.6917512e+03
  -1.6928302e+03
  -1.6937217e+03
  -1.6946669e+03
  -1.6956015e+03
  -1.6964369e+03
  -1.6974869e+03
  -1.6985129e+03
  -1.6993706e+03
  -1.7003625e+03
  -1.7013577e+03
  -1.7021922e+03
  -1.7031492e+03
  -1.7041396e+03
  -1.7050060e+03
  -1.7060518e+03
  -1.7071227e+03
  -1.7079064e+03
  -1.7087892e+03
  -1.7098267e+03
  -1.7107304e+03
  -1.7117170e+03
  -1.7127950e+03
  -1.7137730e+03
  -1.7148003e+03
  -1.7158979e+03
  -1.7167550e+03
  -1.7176709e+03
  -1.7188297e+03
  -1.7196269e+03
  -1.7202512e+03
  -1.7214082e+03
  -1.7225795e+03
  -1.7235819e+03
  -1.7246025e+03
  -1.7256328e+03
  -1.7267048e+03
  -1.7278575e+03
  -1.7288333e+03
  -1.7298268e+03
  -1.7310403e+03
  -1.7320073e+03
  -1.7326818e+03
  -1.7338795e+03
  -1.7351041e+03
  -1.7358632e+03
  -1.7368903e+03
  -1.7381368e+03
  -1.7389162e+03
  -1.7397031e+03
  -1.7408703e+03
  -1.7417834e+03
  -1.7426081e+03
  -1.7436668e+03
  -1.7444475e+03
  -1.7451262e+03
  -1.7461610e+03
  -1.7468580e+03
  -1.7476764e+03
  -1.7487247e+03
  -1.7493654e+03
  -1.7501585e+03
  -1.7511640e+03
  -1.7518690e+03
  -1.7526547e+03
  -1.7536968e+03
  -1.7545927e+03
  -1.7554956e+03
  -1.7564069e+03
  -1.7571616e+03
  -1.7580902e+03
  -1.7590821e+03
  -1.7598688e+03
  -1.7606999e+03
  -1.7616345e+03
  -1.7624990e+03
  -1.7633839e+03
  -1.7642679e+03
  -1.7651188e+03
  -1.7660367e+03
  -1.7669312e+03
  -1.7678319e+03
  -1.7688332e+03
  -1.7697308e+03
  -1.7704955e+03
  -1.7714159e+03
  -1.7724034e+03
  -1.7733653e+03
  -1.7743004e+03
  -1.7751293e+03
  -1.7759976e+03
  -1.7770025e+03
  -1.7779790e+03
  -1.7789279e+03
  -1.7799266e+03
  -1.7808251e+03
  -1.7816929e+03
  -1.7826392e+03
  -1.7835110e+03
  -1.7844196e+03
  -1.7854335e+03
  -1.7863659e+03
  -1.7873304e+03
  -1.7883608e+03
  -1.7891763e+03
  -1.7899817e+03
  -1.7910146e+03
  -1.7918673e+03
  -1.7926794e+03
  -1.7937873e+03
  -1.7947807e+03
  -1.7955748e+03
  -1.7964917e+03
  -1.7973831e+03
  -1.7983745e+03
  -1.7994902e+03
  -1.8002675e+03
  -1.8010194e+03
  -1.8021850e+03
  -1.8032964e+03
  -1.8040910e+03
  -1.8050386e+03
  -1.8059616e+03
  -1.8067862e+03
  -1.8079296e+03
  -1.8089574e+03
  -1.8096056e+03
  -1.8106124e+03
  -1.8115936e+03
  -1.8122164e+03
  -1.8133903e+03
  -1.8144969e+03
  -1.8151758e+03
  -1.8163089e+03
  -1.8174223e+03
  -1.8180339e+03
  -1.8192317e+03
  -1.8206575e+03
  -1.8211400e+03
  -1.8221148e+03
  -1.8234647e+03
  -1.8240073e+03
  -1.8247432e+03
  -1.8260570e+03
  -1.8270078e+03
  -1.8276354e+03
  -1.8288581e+03
  -1.8297763e+03
  -1.8307600e+03
  -1.8319094e+03
  -1.8326338e+03
  -1.8334857e+03
  -1.8348071e+03
  -1.8359455e+03
  -1.8365259e+03
  -1.8376984e+03
  -1.8389176e+03
  -1.8397975e+03
  -1.8406343e+03
  -1.8414267e+03
  -1.8422787e+03
  -1.8434483e+03
  -1.8443856e+03
  -1.8448289e+03
  -1.8459919e+03
  -1.8471162e+03
  -1.8479408e+03
  -1.8489867e+03
