0 -1.150557 3.1415927
24000 -6.140045 2.53287331
47999.999 -19.784217 2.15565009
71999.999 -20.82536 4.8620281
95999.998 -27.5629039 3.44409294
120000 -21.093798 7.3264124
144000 -25.977182 6.36663098
168000 -23.796019 9.2413055
192000 -25.182614 8.8309779
216000 -20.73958 10.4735435
240000 -18.089274 9.954357
264000 -37.3790197 9.02862096
288000 -19.655493 11.9443003
311999.99 -22.563843 11.89355382
335999.99 -20.875412 12.577598973
359999.99 -27.1095562 10.6444121
383999.99 -10.614657 8.2658883
407999.99 -9.326818 7.7141294
431999.99 -15.237382 8.1343051
455999.99 -6.811648 8.4703622
479999.99 -14.297842 8.5175798
503999.99 -5.92530199999999 9.2989925
527999.99 -5.392507 9.2775942
551999.99 -3.04572599999999 9.8023054
575999.99 1.06012399999999 9.6464616
599999.99 0.785272999999997 9.299596
623999.99 -4.17645 9.016493
647999.99 -14.600181 9.813683
671999.99 -9.72042800000001 10.820528
695999.99 -8.055001 11.017801
719999.99 -8.366707 11.230728
743999.99 -9.517624 11.514938
767999.99 -10.792574 11.900414
791999.99 -11.618706 12.335576
815999.99 -12.140376 12.779924
839999.99 -12.334588 13.231723
863999.99 -12.104495 13.656385
887999.99 -11.83878 14.008932
911999.98 -12.147048 14.312073
935999.98 -13.31377 14.62206
959999.98 -15.516208 15.05168
983999.98 -16.655585 15.739985
1008000 -15.644115 16.293518
1032000 -15.454498 16.775338
1056000 -14.344466 17.28145
1080000 -13.824339 17.606516
1104000 -14.967747 18.112344
1128000 -13.345912 18.761477
1152000 -11.570972 19.123889
1176000 -10.979082 19.539551
1200000 -9.57878400000001 20.003587
1224000 -7.79417400000001 20.420463
1248000 -5.184781 20.779509
1272000 -2.5008 20.928784
1296000 -1.379069 20.93682
1320000 -2.037154 20.981602
1344000 -3.296773 21.158279
1368000 -4.489385 21.367106
1392000 -6.54616 21.62462
1416000 -8.291066 22.088718
1440000 -8.287298 22.497614
1464000 -9.200171 22.783138
1488000 -10.792005 23.209959
1512000 -11.331788 23.674459
1536000 -11.893367 24.105367
1560000 -12.192814 24.521895
1584000 -13.65066 24.928749
1608000 -13.984972 25.698418
1632000 -10.612897 26.105914
1656000 -10.186613 26.212411
1680000 -11.848552 26.551997
1704000 -11.669757 26.978434
1728000 -12.518627 27.302029
1752000 -12.753357 27.784153
1776000 -12.964476 28.101015
1800000 -14.222641 28.62399
1824000 -13.359624 29.129909
1848000 -12.591875 29.653532
1872000 -9.422619 29.916721
1896000 -9.869078 29.788847
1920000 -16.765338 30.20819
1944000 -12.070988 31.155362
1968000 -10.673631 31.047637
1992000 -14.017532 31.250909
2016000 -13.980747 31.678178
2040000 -16.390201 31.671127
2064000 -22.40559 32.394997
2088000 -20.80964 32.832281
2112000 -28.1551408 33.194871
2136000 -24.673951 34.304443
2160000 -28.330949 34.281907
2184000 -28.2206547 35.700439
2208000 -28.6712395 35.351208
2232000 -35.19769492 38.0931
2256000 -29.2251042 37.509198
2280000 -36.20020181 38.822241
2304000 -28.0152463 38.706877
2328000 -34.58581395 37.299421
2352000 -32.840507 41.197147
2376000 -34.758475888 39.126241
2400000 -31.4551015 37.658875
2424000 -37.212914 39.291547
2448000 -25.7252626 39.326954
2472000 -26.6972314 39.847158
2496000 -20.181497 40.529632
2520000 -17.369624 40.823384
2544000 -12.773204 41.241998
2568000 -8.838167 41.205621
2592000 -8.031461 41.098625
2616000 -8.858978 41.121589
2640000 -10.246015 41.219555
2664000 -12.538675 41.430922
2688000 -13.806385 41.726427
2712000 -16.381886 41.80487
2736000 -22.28038 42.293815
2760000 -22.378527 42.679921
2784000 -31.2860936 41.84766
2808000 -32.1072618 45.716873
2832000 -28.9588026 47.895381
2856000 -18.176553 47.535683
2880000 -17.94733 47.515393
2904000 -17.495128 48.009925
2928000 -27.3344757 48.163622
2952000 -7.956715 50.768595
2976000 1.991209 50.884086
2999999.9 9.1016399 53.497848
3023999.9 2.271734 54.465743
3047999.9 -3.172983 55.126538
3071999.9 -0.853580999999998 55.873798
3095999.9 -0.423210999999998 56.048189
3119999.9 -0.664636999999999 56.677333
3143999.9 3.480383 56.988976
3167999.9 4.556273 57.043168
3191999.9 5.633982 57.459026
3215999.9 10.840775 57.546699
3239999.9 13.474089 57.141912
3263999.9 12.651706 56.645307
3287999.9 8.534366 56.210112
3311999.9 2.69408 55.959322
3335999.9 -6.037746 55.631107
3359999.9 -24.7934026 54.672855
3383999.9 -19.161844 53.377544
3407999.9 -13.333556 53.576878
3431999.9 -12.754873 53.643451
3455999.9 -13.787243 54.065356
3479999.9 -13.26278 54.425059
3503999.9 -14.361318 54.749989
3527999.9 -15.140842 55.181181
3551999.9 -16.352219 55.592987
3575999.9 -16.870516 56.135459
3599999.9 -16.945481 56.541129
3623999.9 -17.750755 57.019786
3647999.9 -17.670984 57.482815
3671999.9 -18.188603 57.954991
3695999.9 -17.454282 58.44351
3719999.9 -17.623224 58.783539
3743999.9 -18.061417 59.358449
3767999.9 -16.063024 59.802026
3791999.9 -15.643047 60.103032
3815999.9 -14.568776 60.547168
3839999.9 -12.404347 60.711633
3863999.9 -12.567726 60.669896
3887999.9 -15.109156 60.662275
3911999.9 -19.342162 60.752486
3935999.9 -26.5246493 60.883747
3959999.9 -39.507197 63.004638
3983999.9 -29.47182252 63.661192
4007999.9 -28.1984209 64.141413
4031999.9 -26.7641994 64.461515
4055999.9 -29.43438073 64.825232
4079999.9 -28.19750469 65.718545
4103999.9 -25.9574839 65.938749
4127999.9 -27.925338881 66.220843
4151999.9 -29.2323754 66.811831
4175999.9 -31.2702791 67.361962
4199999.9 -31.5044859 68.394235
4223999.9 -28.1139447 68.968168
4247999.9 -26.66092046 69.321961
4271999.9 -26.026161936 69.621794
4295999.9 -26.298921 69.733346
4319999.9 -31.2037643 69.556223
4343999.9 -38.274007 72.250864
4367999.9 -28.609575 71.837473
4391999.9 -30.2836446 71.737993
4415999.9 -28.7704379 72.426522
4439999.9 -25.42850956 72.351995
4463999.9 -27.9685509 72.507149
4487999.9 -24.14038654 73.199656
4511999.9 -20.8025954 73.015767
4535999.9 -22.0051085 72.781953
4559999.9 -25.0354741 72.774333
4583999.9 -27.3981721 72.661643
4607999.9 -33.227225 72.117191
4631999.9 -48.98026 71.221947
4655999.9 -42.3975 72.272572
4679999.9 -35.257642 71.78071
4703999.9 -33.499671 71.99501
4727999.9 -30.1261571 72.40598
4751999.9 -27.3978167 72.86615
4775999.9 -23.867155 73.10055
4799999.9 -26.0062358 73.17619
4823999.9 -28.4778713 74.53535
4847999.9 -23.9590773 74.87983
4871999.9 -26.676249 75.77049
4895999.9 -20.55659734 76.35295
4919999.9 -22.4831534 76.35644
4943999.9 -25.954956 77.88169
4967999.9 -20.19362296 78.32161
4991999.9 -19.7892424 78.77517
5015999.9 -18.3351665 79.23064
5039999.9 -18.9928427 79.67795
5063999.9 -17.6894917 80.41291
5087999.9 -14.608858 80.89763
5111999.9 -11.246713 81.1951
5135999.9 -9.112765 81.20071
5159999.9 -10.091274 81.13643
5183999.9 -13.187378 81.25904
5207999.9 -16.9359139 81.53832
5231999.9 -22.409718 82.09259
5255999.9 -23.9535269 83.08747
5279999.9 -24.0737377 83.80414
5303999.9 -22.338891 84.52248
5327999.9 -21.2016534 84.96556
5351999.9 -20.1179525 85.47885
5375999.9 -18.8867743 85.81826
5399999.9 -18.6854366 86.22667
5423999.9 -17.3689829 86.54508
5447999.9 -19.0650595 86.73421
5471999.9 -20.832504 87.6499
5495999.9 -16.2342145 88.03541
5519999.9 -17.3288744 88.16703
5543999.9 -17.3160696 88.8534
5567999.9 -15.9290399 89.09037
5591999.9 -17.6324065 89.53294
5615999.9 -17.0745719 90.03815
5639999.9 -18.1479752 90.49894
5663999.9 -17.6039317 91.14287
5687999.9 -16.3307866 91.71233
5711999.9 -13.0486456 92.11925
5735999.9 -12.0275061 92.28533
5759999.9 -11.1263915 92.77583
5783999.9 -7.5493508 92.96359
5807999.9 -7.5825553 92.91191
5831999.9 -10.2865116 93.18529
5855999.9 -11.0924021 93.63596
5879999.9 -13.4724216 94.19279
5903999.9 -9.98740558 94.96587
5927999.9 -8.0526712 94.9726
5951999.9 -10.8405682 95.56273
5975999.9 -6.3366921 96.4903
5999999.9 0.456455 97.97445
6023999.9 -4.5780908 99.92681
6047999.9 -15.120701 101.5063
6071999.9 -11.4980361 102.11422
6095999.9 -15.4989507 101.99137
6119999.9 -19.6812434 103.05204
6143999.9 -18.7976685 103.37438
6167999.9 -18.800748 104.13963
6191999.9 -15.9529217 104.30612
6215999.9 -17.5854955 104.59954
6239999.9 -15.8572336 105.00105
6263999.9 -17.3742855 104.84677
6287999.9 -25.624627 105.18948
6311999.9 -23.803752 105.89305
6335999.9 -28.109168 105.4254
6359999.9 -35.362322 106.47864
6383999.9 -25.753173 105.82608
6407999.9 -27.452335 104.95216
6431999.9 -31.605306 107.16199
6455999.9 -20.348039 106.55313
6479999.9 -20.3262298 106.08006
6503999.9 -21.4120171 106.10984
6527999.9 -19.4140023 105.93479
6551999.9 -21.0956165 105.66795
6575999.9 -23.206369 106.1881
6599999.9 -20.0509592 106.38271
6623999.9 -21.6498941 106.50581
6647999.9 -20.6900598 106.92632
6671999.9 -20.3413523 106.71779
6695999.9 -25.922579 106.64352
6719999.9 -25.73076 107.05526
6743999.9 -25.62562 106.57881
6767999.9 -37.599009 107.20051
6791999.9 -25.707734 107.91011
6815999.9 -29.496851 107.60128
6839999.9 -27.683493 109.37688
6863999.9 -24.1968732 109.18606
6887999.9 -30.700309 109.89659
6911999.9 -25.883497 110.54964
6935999.9 -31.600463 111.12671
6959999.9 -24.3088185 112.14916
6983999.9 -23.5570278 112.15733
7007999.9 -24.3973907 112.50157
7031999.9 -26.596322 112.47939
7055999.9 -33.246244 114.08476
7079999.9 -23.2081105 114.08799
7103999.9 -25.797039 113.60588
7127999.9 -31.758644 115.07052
7151999.9 -28.072519 115.10653
7175999.9 -27.601841 116.97915
7199999.9 -19.9157258 116.86272
7223999.9 -20.89965 117.37586
7247999.9 -14.3851615 117.75749
7271999.9 -13.8925018 117.40177
7295999.9 -21.030886 117.0511
7319999.9 -28.4860299 118.91026
7343999.9 -24.672106 118.86729
7367999.9 -22.258276 119.20041
7391999.9 -17.6811975 118.90163
7415999.9 -19.4519494 118.59858
7439999.9 -22.993153 119.18096
7463999.9 -20.8328929 119.44841
7487999.9 -26.940244 119.84902
7511999.9 -20.9344179 120.85655
7535999.9 -18.8100109 120.63289
7559999.9 -24.218292 120.97578
7583999.9 -20.2227306 121.83845
7607999.9 -17.2725868 122.11219
7631999.9 -14.42693369 122.39427
7655999.9 -12.573924 122.50255
7679999.9 -12.29547261 122.64586
7703999.9 -12.02174861 122.73885
7727999.9 -14.0580818 122.59834
7751999.9 -23.831248 122.63488
7775999.9 -22.609605 124.07074
7799999.9 -25.614648 124.27946
7823999.9 -22.219124 125.27742
7847999.9 -21.08352 125.23819
7871999.9 -22.010898 125.84122
7895999.9 -18.9891416 126.00253
7919999.9 -21.1901274 126.12301
7943999.9 -21.3792647 126.48299
7967999.9 -27.945619 125.89836
7991999.9 -21.499437 129.19621
8015999.9 -17.410731 128.62181
8039999.9 -21.73608 128.29698
8063999.9 -26.833349 128.79271
8087999.9 -27.739168 128.02864
8111999.9 -26.311116 126.25316
8135999.9 -30.045924 124.74026
8159999.9 -34.711198 128.50146
8183999.9 -31.075604 132.01949
8207999.9 -21.617894 130.54077
8231999.9 -19.8541188 129.96901
8255999.9 -19.7434186 129.85264
8279999.9 -18.8171113 129.66047
8303999.9 -21.4264522 129.35806
8327999.9 -28.147055 129.92196
8351999.9 -23.976523 130.20605
8375999.9 -28.41866 129.70569
8399999.9 -45.523356 130.71644
8423999.9 -33.027696 129.37373
8447999.9 -25.037671 128.22521
8471999.9 -25.201318 127.44468
8495999.9 -38.480585 127.35806
8519999.9 -33.176762 127.9989
8543999.9 -29.417621 126.30899
8567999.9 -26.055319 125.14408
8591999.9 -27.217466 124.91887
8615999.9 -23.094495 125.03511
8639999.9 -20.9188826 124.66715
8663999.9 -22.682212 124.74417
8687999.9 -19.9021513 125.0277
8711999.9 -19.7326545 124.70071
8735999.9 -25.72335 124.61861
8759999.9 -26.272098 124.93898
8783999.9 -24.93044 124.03882
8807999.9 -27.93967 123.06174
8831999.9 -43.897021 124.56928
8855999.9 -33.851245 124.28133
8879999.9 -30.969729 127.34035
8903999.9 -24.373485 126.67364
8927999.9 -38.250716 127.49062
8951999.9 -22.426564 128.44837
8975999.9 -22.5988681 128.37932
8999999.8 -23.741345 129.12298
9023999.8 -25.3383665 129.13055
9047999.8 -25.674371 131.87789
9071999.8 -16.5466184 131.43245
9095999.8 -17.6108005 131.42468
9119999.8 -16.9096353 131.87945
9143999.8 -16.5645947 132.02517
9167999.8 -16.7209618 132.56557
9191999.8 -14.0448217 132.83169
9215999.8 -15.5359665 133.12322
9239999.8 -13.9665399 133.82482
9263999.8 -12.0836046 134.21864
9287999.8 -10.1718943 134.59806
9311999.8 -9.4386023 134.64465
9335999.8 -12.5616556 134.58865
9359999.8 -17.6252009 135.14566
9383999.8 -17.2206742 135.30062
9407999.8 -24.4823606 135.61791
9431999.8 -16.1300528 136.70959
9455999.8 -14.2234863 136.51268
9479999.8 -14.1350784 136.96414
9503999.8 -10.1218681 137.01708
9527999.8 -12.1362621 136.76884
9551999.8 -15.8356369 137.26309
9575999.8 -13.1262897 137.47922
9599999.8 -16.0966812 137.56783
9623999.8 -13.2139088 138.36262
9647999.8 -9.1490523 138.20489
9671999.8 -12.8135656 138.08449
9695999.8 -13.4101299 138.87046
9719999.8 -12.0709389 138.86385
9743999.8 -16.8920622 139.02891
9767999.8 -18.1196986 139.49495
9791999.8 -21.5990737 139.26015
9815999.8 -28.608597 139.39451
9839999.8 -22.711295 139.035
9863999.8 -18.4120327 138.20229
9887999.8 -19.6333424 137.60769
9911999.8 -21.898758 137.73633
9935999.8 -18.6392813 137.59947
9959999.8 -20.2671704 137.03447
9983999.8 -28.487304 137.13307
10008000 -25.499602 137.38878
10032000 -25.252776 136.00162
10056000 -23.919908 134.80177
10080000 -32.225811 134.93314
10104000 -22.451059 135.83253
10128000 -21.999629 135.57704
10152000 -26.381223 136.06153
10176000 -25.69309 136.40091
10200000 -30.89378 137.16928
10224000 -24.310083 137.54851
10248000 -26.810335 136.98249
10272000 -45.27165 138.32671
10296000 -31.201658 138.13376
10320000 -36.004462 136.48121
10344000 -34.565811 134.4711
10368000 -51.200384 135.51583
10392000 -28.55113 135.56998
10416000 -29.528147 135.12993
10440000 -29.771088 136.48717
10464000 -23.745837 136.26103
10488000 -27.581316 136.21134
10512000 -26.092812 137.03964
10536000 -25.039732 136.81554
10560000 -30.420686 137.23815
10584000 -25.5627297 137.62403
10608000 -27.8289398 137.36139
10632000 -32.7444993 138.14517
10656000 -38.3025187 138.50079
10680000 -25.2957785 140.48219
10704000 -20.1054609 140.0013
10728000 -24.9517505 139.31586
10752000 -37.9713684 142.82778
10776000 -29.8337227 143.65902
10800000 -18.8019827 143.69071
10824000 -17.4973437 143.65503
10848000 -15.1586708 143.97626
10872000 -13.933564 143.72063
10896000 -22.8963864 143.60549
10920000 -20.9575471 145.34709
10944000 -19.9665341 145.28648
10968000 -17.6819224 146.20141
10992000 -13.1717198 146.03043
11016000 -17.8362092 145.91945
11040000 -14.9005637 147.04789
11064000 -12.5755165 147.00816
11088000 -14.57708887 147.6991
11112000 -9.5592603 147.86127
11136000 -10.13552184 147.64301
11160000 -14.40187533 147.77071
11184000 -13.57048043 147.85578
11208000 -16.31175277 147.50262
11232000 -28.0344404 148.04277
11256000 -23.1080295 148.22595
11280000 -26.6621684 152.33787
11304000 -25.7221185 156.05171
11328000 -10.8257085 153.98149
11352000 -6.2149313 153.42527
11376000 -9.1861164 153.08736
11400000 -9.9836336 154.23359
11424000 -9.5258178 154.23682
11448000 -15.8509067 155.20906
11472000 -8.9759713 155.29787
11496000 -12.5740196 154.70648
11520000 -22.3823918 153.07148
11544000 -25.2033995 151.14388
11568000 -22.99680118 153.06286
11592000 -14.6844912 152.55581
11616000 -15.91378544 152.26704
11640000 -13.4165302 152.60159
11664000 -10.1378807477 152.24198
11688000 -12.87206515 151.74194
11712000 -15.5459809 152.12997
11736000 -10.3751981 152.15206
11760000 -10.2129751 151.61699
11784000 -13.74956478 151.84322
11808000 -13.6656929 151.94064
11832000 -25.67100949 151.99758
11856000 -25.80687746 153.7957
11880000 -18.207871713 155.72979
11904000 -9.54618023 155.28338
11928000 -11.3808994 154.87039
11952000 -16.6435659 154.89591
11976000 -17.78156766 154.70156
12000000 -17.19422667 153.44488
12024000 -14.13949506 152.31724
12048000 -17.47970632 151.43718
12072000 -21.31097787 152.03021
12096000 -15.0202898 151.9017
12120000 -23.058854 150.73907
12144000 -12.7710678 153.48506
12168000 -8.4828653 152.97146
12192000 -19.3094375 152.60573
12216000 -14.2905832 154.1508
12240000 -19.2699811 153.78149
12264000 -16.8374 156.32199
12288000 -19.2316767 155.85299
12312000 -19.094763 155.6218
12336000 -2.661598 154.86573
12360000 -0.463302000000001 154.08766
12384000 -3.189699 153.99673
12408000 -6.254397 154.43544
12432000 0.518299000000001 154.58796
12456000 -2.2021364 154.24811
12480000 -11.5519692 154.19647
12504000 -10.6663976 155.64258
12528000 -13.1020759 154.76167
12552000 -14.056644 152.97275
12576000 -19.8045976 151.63455
12600000 -15.6317594 153.7897
12624000 -12.2433864 153.37482
12648000 -18.708054 152.85897
12672000 -28.27112126 153.17536
12696000 -25.4104429181 151.72432
12720000 -29.69003551 150.29171
12744000 -19.4087622 153.37894
12768000 -14.0118415 152.8961
12792000 -15.7340378 152.77794
12816000 -14.9239755 153.12403
12840000 -14.6204453 152.86441
12864000 -22.0061243 152.77984
12888000 -19.3492141 153.67086
12912000 -18.8553992 153.43797
12936000 -22.4676132 154.10442
12960000 -17.7737956 154.26287
12984000 -19.5438088 154.08744
13008000 -21.6196921 154.51001
13032000 -19.4602105 154.23558
13056000 -20.7802217 153.55889
13080000 -26.6744233 153.02407
13104000 -29.3205386 153.59318
13128000 -30.1341218 153.3288
13152000 -58.2019292 151.67457
13176000 -40.1536294 150.08033
13200000 -28.6031957 150.64958
13224000 -25.5189512 150.18993
13248000 -30.8497862 150.28673
13272000 -26.6440509 150.83508
13296000 -27.7329693 150.32749
13320000 -36.9216984 151.9258
13344000 -26.4743899 151.60543
13368000 -31.1164325 150.55703
13392000 -36.1842951 154.41954
13416000 -38.495334 155.66691
13440000 -23.4481751 155.40831
13464000 -23.2927877 154.94568
13488000 -30.0544421 155.81142
13512000 -21.8961034 156.12106
13536000 -24.4421293 155.862
13560000 -26.7415182 156.78668
13584000 -22.3022377 156.70176
13608000 -25.234732 156.5907
13632000 -25.2363437 157.05031
13656000 -26.8158002 156.8188
13680000 -33.688235 158.79042
13704000 -23.4325438 158.66942
13728000 -24.9282013 158.46656
13752000 -26.8535691 158.71881
13776000 -26.8513839 157.9456
13800000 -24.8053388 156.57094
13824000 -27.0648464 155.97537
13848000 -31.4635496 157.01749
13872000 -25.733729 157.34502
13896000 -24.6785188 157.47474
13920000 -23.4492178 157.34608
13944000 -26.0920669 157.00345
13968000 -27.2755778 157.62545
13992000 -20.5573506 157.4719
14016000 -19.5134584 156.92307
14040000 -22.3940169 156.52633
14064000 -23.4544972 156.11875
14088000 -22.3709981 155.33142
14112000 -25.8814097 154.72034
14136000 -30.9650141 156.05707
14160000 -24.9513933 155.80112
14184000 -34.473163 154.332
14208000 -27.6297098 152.2894
14232000 -30.4631123 152.83342
14256000 -22.1827644 153.19558
14280000 -22.6513115 152.78742
14304000 -33.1835054 152.90444
14328000 -30.1566332 153.34319
14352000 -30.7290155 152.05004
14376000 -44.4803908 156.01844
14400000 -27.621124 159.46031
14424000 -25.462964 158.14545
14448000 -26.5977168 156.51955
14472000 -40.9232854 159.9332
14496000 -20.6870093 157.98662
14520000 -18.7938068 157.21469
14544000 -25.6840651 156.92687
14568000 -25.0796457 157.28201
14592000 -18.9652984 156.31
14616000 -17.7256674 155.8129
14640000 -18.1805056 156.18925
14664000 -15.5289871 156.42808
14688000 -17.0465984 156.75624
14712000 -13.9559466 157.28165
14736000 -12.8071293 157.11951
14760000 -17.6368251 157.37197
14784000 -15.1201541 157.97827
14808000 -15.2517749 157.85286
14832000 -18.9692545 158.4998
14856000 -15.2298815 159.00632
14880000 -13.8856715 159.18335
14904000 -13.7599393 159.21483
14928000 -19.1354222 158.85589
14952000 -24.9090762 162.25707
14976000 -22.7427308 161.47272
15000000 -24.54239787 163.93157
15024000 -17.24315007 163.25418
15048000 -27.70256888 163.35972
15072000 -18.417682679 164.39983
15096000 -16.2704419 163.66314
15120000 -20.51039845 163.47199
15144000 -15.84578208 163.47948
15168000 -13.8089413 162.51807
15192000 -17.75896669 161.56224
15216000 -22.5762759 162.03948
15240000 -14.5197782 162.0551
15264000 -15.9520509 161.72774
15288000 -19.0158917 162.91757
15312000 -11.78311733 162.90935
15336000 -16.6816496 162.74989
15360000 -15.98900979 164.24238
15384000 -11.59180809 163.89758
15408000 -18.63530111 163.52664
15432000 -22.63302978 164.517
15456000 -21.6366636 164.16073
15480000 -22.4730717 165.0845
15504000 -13.1522598 164.79628
15528000 -11.741126 163.88338
15552000 -20.5301075 162.90533
15576000 -30.7947484 163.73379
15600000 -18.7033801 163.13717
15624000 -29.3972821 162.76903
15648000 -12.9213594 164.61299
15672000 -6.607888 163.82332
15696000 -17.063774 162.85902
15720000 -20.642883 162.56553
15744000 3.277963 161.60664
15768000 3.447389 160.46845
15792000 5.093102 159.82624
15816000 -5.364272 158.80868
15840000 -0.821521000000001 159.44249
15864000 10.03681 159.32319
15888000 0.588211999999999 158.58929
15912000 12.175064 159.71715
15936000 -1.016991 157.29256
15960000 -1.466188 159.97258
15984000 1.075955 159.9468
16008000 -5.459757 159.75464
16032000 -7.0316572 160.00664
16056000 -7.5237496 159.74078
16080000 -8.4070758 159.60878
16104000 -7.0196897 159.58959
16128000 -7.8149197 159.36091
16152000 -17.0051495 159.78622
16176000 -15.9865359 160.78716
16200000 -16.4803239 161.43956
16224000 -14.3191533 161.60601
16248000 -20.54939163 161.38371
16272000 -25.8907994 163.74869
16296000 -22.98574786 163.56567
16320000 -21.9038638 164.34227
16344000 -17.8384764 163.98812
16368000 -21.1309412 163.46682
16392000 -22.8468111 163.96878
16416000 -18.6902759 163.87529
16440000 -21.4448715 163.57932
16464000 -25.1379203 164.23381
16488000 -24.4982649 164.18039
16512000 -51.4707143 163.36232
16536000 -27.4872773 166.19021
16560000 -30.6144258 165.92713
16584000 -29.9350128 167.24298
16608000 -27.2222223 167.45094
16632000 -23.8754746 167.92514
16656000 -22.7970331 167.58081
16680000 -36.6343807 166.06931
16704000 -24.1127606 170.09128
16728000 -26.776588 169.79222
16752000 -24.4594328 171.1013
16776000 -20.0586793 170.91632
16800000 -23.0022117 170.78675
16824000 -25.6323213 170.7827
16848000 -28.0012789 169.33796
16872000 -22.2670269 167.71029
16896000 -21.7900852 166.92898
16920000 -25.9183381 166.96503
16944000 -22.767232 167.35127
16968000 -23.7260214 167.36395
16992000 -23.197079 168.09639
17016000 -21.1327548 168.03451
17040000 -28.1651171 168.14279
17064000 -27.5559466 169.16735
17088000 -37.5210929 167.70402
17112000 -22.806004 165.52686
17136000 -21.742977 165.18896
17160000 -22.7880771 165.94065
17184000 -18.228434 165.98364
17208000 -20.1075044 165.81875
17232000 -22.1267678 166.26337
17256000 -21.4450361 166.22391
17280000 -29.4993536 166.24815
17304000 -25.8451497 167.63223
17328000 -25.7734315 167.6501
17352000 -24.7264688 168.4363
17376000 -22.0147023 168.29474
17400000 -28.3957719 168.16543
17424000 -30.6562538 169.16717
17448000 -35.26542 168.05249
17472000 -28.0088195 165.98636
17496000 -27.0668874 165.74193
17520000 -24.0165628 166.28728
17544000 -21.4919148 166.12525
17568000 -24.9424952 166.30512
17592000 -21.5146995 166.78371
17616000 -21.7238489 166.32474
17640000 -35.4757554 164.86491
17664000 -26.5030324 168.54209
17688000 -30.4914522 167.827
17712000 -40.28462 169.11395
17736000 -32.2936443 167.75205
17760000 -27.9377944 166.51844
17784000 -33.3535717 166.4933
17808000 -26.172099 167.18057
17832000 -24.7861099 166.55133
17856000 -31.9123158 165.60603
17880000 -34.7378907 166.30228
17904000 -23.8244678 165.58696
17928000 -21.2221761 164.87886
17952000 -25.6858275 164.67966
17976000 -24.2331663 165.32847
18000000 -22.0809207 165.05392
18024000 -25.569501 165.07521
18048000 -23.7298507 165.44676
18072000 -24.4072773 165.12238
18096000 -37.5769431 166.99643
18120000 -21.2250922 167.17137
18144000 -17.1764148 166.99149
18168000 -15.7193957 166.84711
18192000 -15.9101211 166.75422
18216000 -17.8192661 166.81211
18240000 -19.3170112 167.16743
18264000 -19.8748766 167.48289
18288000 -21.7149827 167.76862
18312000 -26.5940523 168.35462
18336000 -24.310961 169.35701
18360000 -23.4177151 169.35719
18384000 -30.9341502 170.02492
18408000 -21.9488267 170.50551
18432000 -18.7164798 169.7589
18456000 -21.3463101 169.03673
18480000 -30.8608665 169.58395
18504000 -25.3431199 170.37024
18528000 -30.0720558 171.39502
18552000 -20.9738499 172.0605
18576000 -20.1219779 172.29493
18600000 -18.3901067 172.71031
18624000 -20.3335795 172.59391
18648000 -30.5390933 174.30244
18672000 -19.6096365 174.14412
18696000 -23.3023272 173.11235
18720000 -25.1844604 171.12549
18744000 -23.8794202 170.06402
18768000 -21.9200871 169.72601
18792000 -16.86788029 169.2757
18816000 -17.98650055 168.63041
18840000 -41.3573256 168.56513
18864000 -19.07226054 170.78696
18888000 -19.12711799 170.66308
18912000 -19.08476498 171.20264
18936000 -19.38712072 171.33509
18960000 -20.7243558 171.97677
18984000 -15.6951115 171.90759
19008000 -14.01619517 171.55658
19032000 -14.5690652 171.53768
19056000 -12.7432787 171.75636
19080000 -12.2504447 171.72676
19104000 -15.1167799 171.8646
19128000 -17.4567062 172.00747
19152000 -25.0349937 172.23137
19176000 -17.5750082 172.91315
19200000 -16.0382183 172.34143
19224000 -22.4936957 171.78913
19248000 -19.6346347 174.61083
19272000 -16.6107684 174.89811
19296000 -9.6325524 175.24101
19320000 -10.9635091 174.8602
19344000 -18.0325585 176.37238
19368000 -9.4589836 176.36899
19392000 -41.248306 176.85305
19416000 -7.653581 177.81973
19440000 -4.624487 176.79199
19464000 -15.418707 180.00886
19488000 -14.703431 183.98192
19512000 -7.871255 181.96337
19536000 -6.932365 180.3461
19560000 -10.572021 179.81872
19584000 -4.308788 180.30876
19608000 -2.634264 179.97489
19632000 -5.233734 180.58612
19656000 2.628132 180.9968
19680000 -0.793383 180.5346
19704000 -12.895512 181.84265
19728000 -0.511887000000002 181.62089
19752000 -5.657504 182.01846
19776000 -0.61361 182.32465
19800000 -5.57879 181.29513
19824000 -8.659761 182.54822
19848000 -4.10993 181.99702
19872000 -11.2953364 181.35015
19896000 -19.9457948 183.36926
19920000 -11.6353755 183.29722
19944000 -13.2875559 183.89402
19968000 -10.1452066 184.09222
19992000 -12.4149969 184.0797
20016000 -13.3702665 184.57551
20040000 -13.9901747 184.22163
20064000 -21.9546203 183.27545
20088000 -38.6046782 183.55476
20112000 -19.9684523 182.67447
20136000 -15.0868884 181.4793
20160000 -16.68443217 180.37252
20184000 -24.9561653 179.5346
20208000 -27.11747854 180.88019
20232000 -26.09372456 179.40474
20256000 -22.12749513 177.35905
20280000 -21.285128257 176.02223
20304000 -27.35581899 179.92625
20328000 -24.5961328 178.36394
20352000 -36.723152 179.96803
20376000 -21.3260315 179.55073
20400000 -23.7896252 178.78643
20424000 -35.3177868 180.47208
20448000 -25.5405767 179.8267
20472000 -31.1114949 178.19669
20496000 -27.5047545 176.0141
20520000 -32.3384439 175.60607
20544000 -25.2275708 176.46636
20568000 -22.3569334 175.68819
20592000 -27.7888044 174.8203
20616000 -35.6051441 175.51243
20640000 -25.5549118 174.95088
20664000 -26.2655195 173.94286
20688000 -33.5868849 177.7822
20712000 -25.8866225 176.1866
20736000 -37.4903588 176.00119
20760000 -25.0998966 177.51844
20784000 -23.4191246 177.06207
20808000 -25.8339637 177.33157
20832000 -20.7206212 177.30373
20856000 -19.6413801 176.76061
20880000 -23.0779401 176.78027
20904000 -20.9539487 177.30065
20928000 -19.4864914 177.27337
20952000 -21.216776 177.33803
20976000 -26.5649158 177.32274
21000000 -28.2873312 179.45769
21024000 -21.2775871 179.02105
21048000 -22.8314373 178.48666
21072000 -25.9537686 178.73626
21096000 -20.9869758 178.72518
21120000 -22.2728916 178.48129
21144000 -23.7706992 179.60488
21168000 -18.0130621 179.64148
21192000 -19.9548705 179.706
21216000 -19.28283 180.1731
21240000 -21.0810868 179.9498
21264000 -34.4139586 180.89809
21288000 -23.2694602 181.42592
21312000 -27.0895808 181.00852
21336000 -27.3075378 182.35159
21360000 -22.322232 182.05365
21384000 -26.2942028 182.46583
21408000 -19.867997 183.02285
21432000 -19.4726511 182.73605
21456000 -25.6509285 183.31265
21480000 -22.8268425 183.73006
21504000 -32.7867401 184.01306
21528000 -22.9223433 185.25162
21552000 -22.9841187 184.8689
21576000 -27.5798057 185.61482
21600000 -22.511202 185.56045
21624000 -31.6208473 185.0366
21648000 -25.2317689 187.01203
21672000 -24.9136328 185.84823
21696000 -22.7523114 183.87974
21720000 -21.2679441 183.04774
21744000 -24.1592174 183.91694
21768000 -16.5929949 184.06725
21792000 -17.5993247 183.89875
21816000 -19.4787912 184.57329
21840000 -16.0792938 184.7261
21864000 -17.4932101 184.54927
21888000 -21.7324484 184.75025
21912000 -24.7335235 185.33336
21936000 -22.3212913 186.12278
21960000 -20.4848427 186.33627
21984000 -20.0902205 186.92085
22008000 -16.4507315 187.17275
22032000 -17.3554493 187.1529
22056000 -19.9613736 187.54558
22080000 -20.7081788 187.66557
22104000 -32.8124946 187.76313
22128000 -26.488622 189.83014
22152000 -26.5961453 190.18628
22176000 -20.4869299 190.82494
22200000 -18.3966272 190.74771
22224000 -19.5307834 191.17278
22248000 -16.4537855 191.45067
22272000 -18.5294536 191.49889
22296000 -20.21938241 192.46036
22320000 -18.9844694 192.59633
22344000 -24.7098653 193.39459
22368000 -21.4668847 193.94289
22392000 -31.7518236 195.73446
22416000 -15.98796866 196.03632
22440000 -15.135657241 195.8439
22464000 -16.17379426 196.33801
22488000 -13.89340303 196.43527
22512000 -15.97682779 196.49804
22536000 -14.0524335 197.03881
22560000 -11.68303376 196.89758
22584000 -15.48332615 196.9309
22608000 -14.21964885 197.6938
22632000 -13.02124556 197.57567
22656000 -18.5619482 197.62088
22680000 -18.4660361 197.92363
22704000 -17.9362829 197.04258
22728000 -19.7217669 196.11803
22752000 -22.8320284 196.70639
22776000 -17.4806507 196.85423
22800000 -20.0555805 196.89169
22824000 -17.3994244 197.35542
22848000 -15.6826734 196.86769
22872000 -23.220467 195.81507
22896000 -25.7990662 197.64982
22920000 -22.4551741 195.90741
22944000 -12.8131141 194.13576
22968000 -12.8082482 193.40059
22992000 -17.3827685 194.08164
23016000 -11.1929123 194.37898
23040000 -16.519127 194.74036
23064000 -8.5955264 195.4852
23088000 -9.5913577 194.87055
23112000 -29.4133859 198.76974
23136000 -15.6345514 197.52862
23160000 -18.374701 199.00037
23184000 -10.4696657 198.64797
23208000 -12.398411 198.63745
23232000 -7.590227 198.85785
23256000 -5.942147 198.21719
23280000 -11.549327 197.29002
23304000 -4.991565 198.84089
23328000 -4.511181 198.78455
23352000 -3.465469 199.18664
23376000 0.161377999999999 198.71045
23400000 -2.720983 198.34624
23424000 -9.101046 197.96098
23448000 -16.44604 198.46354
23472000 -24.867615 199.34508
23496000 -14.862591 199.69323
23520000 -14.2456959 198.62168
23544000 -15.4135901 198.03085
23568000 -15.6595118 198.11585
23592000 -13.6241982 198.15407
23616000 -12.5791428 198.56774
23640000 -6.9254029 198.63238
23664000 -7.7220156 198.46191
23688000 -11.6970503 198.81362
23712000 -10.4749501 199.26463
23736000 -13.3209859 198.99869
23760000 -23.1310696 199.54513
23784000 -18.5529931 199.55515
23808000 -21.480038 198.18614
23832000 -25.9821216 196.30871
23856000 -23.3414565 200.01027
23880000 -26.6910929 198.10473
23904000 -19.0205347 202.11956
23928000 -17.1694356 201.25049
23952000 -23.654156 201.39185
23976000 -21.443363 201.85704
24000000 -29.4522092 200.70525
24024000 -26.50025487 204.54188
24048000 -36.72045346 205.0227
24072000 -22.54815251 205.9443
24096000 -24.044995 205.4862
24120000 -29.4224985 206.95016
24144000 -20.5826323 206.67406
24168000 -21.1568916 206.04071
24192000 -25.5791972 205.52783
24216000 -36.6477259 205.28504
24240000 -30.8054007 207.59033
24264000 -23.9371256 207.06615
24288000 -24.8651574 206.52457
24312000 -26.6253561 206.80292
24336000 -20.7863495 206.63969
24360000 -20.0331459 206.05341
24384000 -27.9283329 206.2837
24408000 -19.850856 207.04206
24432000 -18.6258323 206.48247
24456000 -26.4688951 205.93442
24480000 -33.6510458 207.90445
24504000 -31.0954049 208.01074
24528000 -24.3685685 208.38628
24552000 -19.3675082 207.74172
24576000 -20.814914 207.09414
24600000 -25.2289403 207.29458
24624000 -21.7234117 207.32331
24648000 -22.5122833 206.55792
24672000 -26.9930723 205.8223
24696000 -26.2193694 205.83815
24720000 -21.4788507 205.38077
24744000 -22.5520779 204.87516
24768000 -26.9675965 205.21038
24792000 -22.5395172 205.25049
24816000 -23.1046247 204.60481
24840000 -26.9195417 203.9226
24864000 -26.184937 203.70953
24888000 -22.7468976 203.29809
24912000 -26.1298101 203.09796
24936000 -24.0266089 204.128
24960000 -21.8752123 203.89718
24984000 -36.5560501 205.24314
25008000 -21.0408399 205.52877
25032000 -26.9687195 205.00932
25056000 -25.200082 207.74868
25080000 -21.47496793 207.10676
25104000 -31.0245124 207.51758
25128000 -23.6695422 208.13094
25152000 -22.7151711 207.60739
25176000 -22.1705011 207.31842
25200000 -20.19190134 206.91385
25224000 -24.0588011 206.35021
25248000 -31.0414878 207.2689
25272000 -20.49056027 206.69876
25296000 -16.76059432 205.75368
25320000 -19.2156469 205.56972
25344000 -16.29086692 206.34239
25368000 -13.89319788 206.13403
25392000 -21.05503955 206.34499
25416000 -16.86499397 207.19913
25440000 -17.86151034 206.49387
25464000 -24.00244303 204.82674
25488000 -29.106529812 203.16747
25512000 -24.68756286 205.76841
25536000 -23.0887628 204.79315
25560000 -23.86289623 208.87006
25584000 -20.80360028 207.69731
25608000 -27.76657806 208.65286
25632000 -17.8029282 208.85122
25656000 -18.81442069 208.40989
25680000 -22.64673543 208.4917
25704000 -22.0098176 208.51564
25728000 -22.91157605 208.86188
25752000 -16.66002652 209.23733
25776000 -14.067909 208.94223
25800000 -20.5309096 208.8393
25824000 -23.34066726 210.2975
25848000 -20.6178645 210.82532
25872000 -20.250575 211.13131
25896000 -25.1712033 211.60616
25920000 -18.5171715 212.40532
25944000 -14.1646564 211.55374
25968000 -14.4668651 210.56366
25992000 -18.8598531 209.73247
26016000 -24.7584994 211.28455
26040000 -16.3549374 210.78007
26064000 -16.6146355 210.15313
26088000 -19.3107508 210.41568
26112000 -14.4919563 210.54304
26136000 -12.7805756 210.37274
26160000 -15.3267142 210.27072
26184000 -23.8698482 210.73466
26208000 -15.9986527 212.31097
26232000 -10.8836646 211.77856
26256000 -13.7128556 211.32188
26280000 -16.5049319 211.97665
26304000 -11.1358079 211.87647
26328000 -13.8482255 211.84694
26352000 -12.1256305 212.67719
26376000 -9.8894419 212.20008
26400000 -21.176403 211.31097
26424000 -17.8200029 214.36323
26448000 -19.5810754 212.37621
26472000 -14.8648215 210.45252
26496000 -14.2092264 209.29614
26520000 -19.4954911 207.25438
26544000 -31.5375125 205.88605
26568000 -20.4620574 208.33643
26592000 -24.022175 211.95316
26616000 -10.7425821 210.43501
26640000 -7.549466 210.20289
26664000 -6.990977 210.29188
26688000 -5.5144496 210.30583
26712000 -5.7589448 210.20275
26736000 -8.3792244 210.43717
26760000 -7.147606 210.96582
26784000 -6.8012944 211.36571
26808000 -5.339111 211.88799
26832000 -6.3569658 211.99074
26856000 -12.0818606 212.64858
26880000 -8.178177 213.50609
26904000 -9.110205 213.39107
26928000 -11.739781 214.49471
26952000 -4.712943 214.645
26976000 -5.4397945 214.53307
27000000 -7.3558918 215.02707
27024000 -7.198761 215.40156
27048000 -14.164996 215.91839
27072000 -13.223969 217.13163
27096000 -19.61242 217.88439
27120000 -13.9365286 219.05031
27144000 -17.1337453 219.34367
27168000 -20.0459091 220.69126
27192000 -16.6484136 221.66754
27216000 -11.919282 222.11334
27240000 -11.66856 222.14899
27264000 -16.471587 222.51051
27288000 -13.1958659 222.95646
27312000 -12.5014811 222.65123
27336000 -19.3262259 222.71538
27360000 -15.1734267 223.82979
27384000 -13.9237972 224.02141
27408000 -13.5241186 224.61357
27432000 -12.46344 224.94153
27456000 -13.1838491 225.45348
27480000 -12.4059688 225.88249
27504000 -13.5815726 226.25607
27528000 -13.5415406 226.4866
27552000 -17.6928329 226.07262
27576000 -32.6384262 228.1205
27600000 -18.9054785 227.44095
27624000 -17.5490881 226.4757
27648000 -26.4943706 225.85718
27672000 -24.5825037 227.14575
27696000 -21.2173084 226.01076
27720000 -20.6942754 224.82964
27744000 -24.1808076 224.68149
27768000 -21.7624727 225.19594
27792000 -25.86538964 224.70798
27816000 -27.01388877 227.62598
27840000 -21.2302056 226.90909
27864000 -30.50885233 226.35233
27888000 -33.04219781 227.53561
27912000 -28.40032722 225.97721
27936000 -27.25189667 224.52649
27960000 -32.79980045 222.89899
27984000 -34.0908723 224.12561
28008000 -19.80357834 223.44108
28032000 -18.66309218 222.86529
28056000 -31.38641672 223.50628
28080000 -20.14923861 224.33108
28104000 -21.71135624 224.03209
28128000 -27.46876312 224.65338
28152000 -23.6226273 224.42294
28176000 -24.63327004 223.57461
28200000 -30.7498681 223.71675
28224000 -24.8607266 224.46317
28248000 -25.2069225 224.87836
28272000 -20.9248168 225.44251
28296000 -21.67504031 225.3354
28320000 -29.45581138 225.70613
28344000 -34.0884686 226.91712
28368000 -30.08986115 228.53063
28392000 -27.9171271 228.46453
28416000 -36.4436993 230.57353
28440000 -26.12653845 230.34694
28464000 -32.62275191 229.92273
28488000 -32.1854339 233.72331
28512000 -21.4118593 233.57911
28536000 -16.70053098 233.2843
28560000 -17.7375703 232.89337
28584000 -23.04483278 233.66681
28608000 -16.8558645 233.93389
28632000 -18.5335838 233.77869
28656000 -19.030768 234.65249
28680000 -16.7427269 234.5111
28704000 -30.7018573 233.91927
28728000 -19.7200573 236.52575
28752000 -20.39331037 236.09955
28776000 -29.2173534 236.73577
28800000 -27.0424457 236.94666
28824000 -33.3194017 239.85549
28848000 -20.6893782 238.91225
28872000 -21.7318777 238.18866
28896000 -28.5543861 238.6803
28920000 -23.8358117 238.98908
28944000 -30.5609241 239.52081
28968000 -20.4651665 240.31033
28992000 -19.310582 239.72894
29016000 -46.7732909 240.01569
29040000 -24.132757 241.51765
29064000 -27.2784969 240.9896
29088000 -46.3941792 245.02071
29112000 -29.5033777 244.6473
29136000 -21.720207 244.38417
29160000 -23.1236874 243.87357
29184000 -25.7641741 244.94146
29208000 -20.0598949 244.86172
29232000 -27.211179 245.25908
29256000 -15.5947998 246.17249
29280000 -11.5052113 245.71013
29304000 -14.2868211 245.37446
29328000 -16.6129712 245.59336
29352000 -16.9822077 245.20213
29376000 -24.2567057 244.2469
29400000 -27.2000627 245.6677
29424000 -17.0519706 244.78422
29448000 -16.7676775 243.84138
29472000 -24.4406829 243.02566
29496000 -36.773653 244.86277
29520000 -41.5777143 243.77645
29544000 -35.3357293 246.26067
29568000 -28.9226354 250.00647
29592000 -20.5020247 248.38248
29616000 -20.8570332 247.22523
29640000 -24.9433776 245.16973
29664000 -20.3752253 243.35458
29688000 -24.563935 242.62287
29712000 -24.1506359 243.69252
29736000 -19.0076312 242.83591
29760000 -25.6636261 241.3614
29784000 -20.5157528 244.69701
29808000 -16.4543038 243.60607
29832000 -23.8125558 242.95889
29856000 -21.654791 244.81547
29880000 -21.6230639 244.284
29904000 -23.8442448 246.03808
29928000 -15.9933793 245.56471
29952000 -20.5236697 244.98848
29975999 -28.3453452 245.89749
29999999 -23.133828 245.27587
30023999 -23.2083072 243.86022
30047999 -37.3609981 243.66175
30071999 -18.2640487 244.78789
30095999 -16.4141593 244.01163
30119999 -21.6444746 244.61507
30143999 -11.018271 244.89851
30167999 -8.956296 244.40856
30191999 -12.595373 244.63733
30215999 -7.301668 245.0297
30239999 -8.1951051 244.72362
30263999 -12.979988 245.41962
30287999 -6.763791 245.92377
30311999 -7.424883 245.72764
30335999 -8.673473 246.12408
30359999 -3.95683 245.77604
30383999 -14.527759 245.02145
30407999 -10.991253 246.93016
30431999 -3.617178 246.16052
30455999 -13.304488 245.14453
30479999 -9.651079 244.99102
30503999 4.449224 246.16932
30527999 17.927266 243.01202
30551999 1.991447 244.5981
30575999 4.888693 245.73577
30599999 4.089761 247.43352
30623999 -2.251895 249.0479
30647999 -3.140621 249.37408
30671999 -3.569594 249.30246
30695999 -6.092474 249.15381
30719999 -8.272875 249.4371
30743999 -6.344769 249.85765
30767999 -5.946429 249.77451
30791999 -10.3803695 249.99294
30815999 -9.9136518 250.53147
30839999 -10.7356107 250.08447
30863999 -20.5277772 249.17604
30887999 -20.212456 251.83536
30911999 -13.2243489 250.8011
30935999 -12.2569473 250.73822
30959999 -9.5748439 250.85994
30983999 -10.8526285 250.82732
31007999 -13.098746 251.33515
31031999 -10.381415 251.48038
31055999 -14.5959495 251.28826
31079999 -17.2016004 251.9079
31103999 -12.8114205 251.72502
31127999 -13.8956054 250.90903
31151999 -21.7337736 250.73188
31175999 -22.330033 251.14358
31199999 -26.2951775 249.38733
31223999 -17.978294 247.73161
31247999 -15.2848076 246.71304
31271999 -24.3548834 245.4497
31295999 -30.6328299 247.59745
31319999 -21.3593546 246.85769
31343999 -22.6634368 246.06521
31367999 -30.6260701 245.74943
31391999 -36.0478352 244.19495
31415999 -49.7234664 247.65943
31439999 -21.2850147 245.58696
31463999 -16.4720238 245.1023
31487999 -21.0175475 244.97656
31511999 -18.8059932 245.93484
31535999 -17.769104 245.31824
31559999 -25.8718507 243.34711
31583999 -27.6270461 247.34092
31607999 -22.0846734 250.93425
31631999 -18.0998078 249.44253
31655999 -16.224092 247.82478
31679999 -16.6490364 246.72302
31703999 -28.2837022 248.06281
31727999 -15.429106 248.02945
31751999 -18.173203 247.11225
31775999 -23.9498237 244.91531
31799999 -25.187249 244.12286
31823999 -28.8143968 245.07871
31847999 -33.2206297 244.78935
31871999 -26.0874363 247.7309
31895999 -22.7759227 247.31954
31919999 -28.0356931 247.22825
31943999 -28.6544257 246.85658
31967999 -24.0108009 246.09897
31991999 -23.1872959 246.15585
32015999 -20.2494766 246.42972
32039999 -22.3087965 245.97167
32063999 -29.2625844 249.38033
32087999 -23.3104679 248.60222
32111999 -28.3958174 249.50019
32135999 -20.0339705 249.52217
32159999 -20.544086 248.71944
32183999 -27.28207 247.25186
32207999 -25.3078867 250.48791
32231999 -21.9147558 249.5683
32255999 -27.3468606 249.32664
32279999 -33.2732079 250.11506
32303999 -30.6942997 253.77841
32327999 -20.0717887 253.30573
32351999 -21.8485385 253.41699
32375999 -20.4437354 254.58387
32399999 -14.4070228 254.94528
32423999 -13.6664836 254.75145
32447999 -19.741684 254.61061
32471999 -26.1463188 256.47551
32495999 -18.8819266 256.1353
32519999 -25.1432123 255.60266
32543999 -26.4650007 257.49807
32567999 -19.7749588 256.85253
32591999 -24.6614467 256.58834
32615999 -33.5688704 256.91477
32639999 -21.1836124 260.61568
32663999 -13.7323572 260.05372
32687999 -15.350834 259.76821
32711999 -19.9747721 261.26974
32735999 -11.5696162 261.33634
32759999 -11.2285612 261.19021
32783999 -13.2223846 261.16537
32807999 -16.8413959 261.16599
32831999 -21.5268355 262.02522
32855999 -14.6997644 262.07914
32879999 -17.7588467 261.627
32903999 -33.9953204 264.14782
32927999 -18.5714863 263.82318
32951999 -23.2501885 264.28912
32975999 -18.5116796 265.04633
32999999 -26.8668744 265.53341
33023999 -18.0082442 266.8483
33047999 -20.1723226 267.31601
33071999 -12.3142817 268.413
33095999 -9.1094803 268.30506
33119999 -9.3589637 268.47963
33143999 -8.8061031 268.62493
33167999 -10.5943867 268.8772
33191999 -8.4018579 269.3375
33215999 -6.0618724 269.0106
33239999 -10.2275379 268.859
33263999 -12.6873022 269.276
33287999 -12.1935336 269.2623
33311999 -17.668445 269.1055
33335999 -21.0055174 269.2491
33359999 -16.8122992 268.6307
33383999 -15.5088622 268.2273
33407999 -14.7553635 268.5075
33431999 -13.3673766 268.4327
33455999 -18.4265974 268.5679
33479999 -13.6436256 269.4069
33503999 -11.2139769 268.8978
33527999 -18.1368695 268.9428
33551999 -12.685872 270.0619
33575999 -9.2622971 269.6038
33599999 -16.4241604 269.6477
33623999 -13.8376594 270.5883
33647999 -12.0075658 270.5295
33671999 -11.4803262 270.7557
33695999 -8.1308714 270.6418
33719999 -8.6846506 270.3119
33743999 -10.8095705 270.7981
33767999 -6.1013645 270.9898
33791999 -7.2352604 270.7491
33815999 -11.9540891 271.4121
33839999 -9.8969228 271.7714
33863999 -14.8028489 272.3626
33887999 -10.0606365 273.0408
33911999 -9.701451 272.8647
33935999 -13.0306374 273.2149
33959999 -12.1738837 273.1908
33983999 -18.7053291 273.0258
34007999 -13.2374675 274.4076
34031999 -12.2679022 273.9038
34055999 -27.311789 275.7502
34079999 -9.338843 275.5677
34103999 -24.045379 274.4537
34127999 -3.275541 277.8821
34151999 0.518349000000001 276.8125
34175999 -11.614047 276.9773
34199999 -5.633428 278.5864
34223999 -1.685134 278.4885
34247999 -4.887172 279.2377
34271999 -1.977688 279.4829
34295999 -5.173886 279.3687
34319999 -5.697102 280.4526
34343999 -4.635284 280.7231
34367999 -4.756423 281.2154
34391999 -5.481553 281.2399
34415999 -21.628441 280.9581
34439999 -8.053873 284.1252
34463999 -7.479563 283.3688
34487999 -15.3448419 284.5164
34511999 -9.0941091 284.9097
34535999 -9.3105011 285.1127
34559999 -8.2231882 285.5663
34583999 -8.1485743 285.9573
34607999 -6.8327019 286.5288
34631999 -5.1702739 286.8666
34655999 -3.7904719 287.1563
34679999 -2.4538213 287.2521
34703999 -2.5014035 287.277
34727999 -3.2233875 287.287
34751999 -5.47031974 287.3015
34775999 -9.055358681 287.5599
34799999 -10.70309109 288.0702
34823999 -11.86263547 288.411
34847999 -13.5165166 288.9938
34871999 -12.64622513 289.4276
34895999 -15.68227565 289.8244
34919999 -14.9616438 290.6915
34943999 -14.55679586 290.8995
34967999 -19.57527176 291.4398
34991999 -19.7269705 292.1459
35015999 -26.2710064 293.007
35039999 -17.39348282 294.1313
35063999 -15.20316426 294.1814
35087999 -14.20688496 294.5103
35111999 -12.83164143 294.5803
35135999 -14.47767111 294.7988
35159999 -12.89938362 295.2659
35183999 -11.5824122 295.3635
35207999 -12.6960069 295.7641
35231999 -10.7391518 296.2056
35255999 -11.7793738 296.3988
35279999 -13.6896269 297.2351
35303999 -11.0257642 297.5189
35327999 -16.315236 297.4504
35351999 -20.6792679 298.9461
35375999 -17.0163752 299.6191
35399999 -11.8215052 299.8119
35423999 -11.2730885 299.3668
35447999 -15.6612968 298.8689
35471999 -24.2760765 299.0981
35495999 -19.3622868 299.1709
35519999 -22.8666832 298.2943
35543999 -26.4903229 300.6256
35567999 -15.209592 299.3529
35591999 -11.8016991 298.2629
35615999 -13.1220455 297.4961
35639999 -17.0088417 297.5953
35663999 -14.5267455 298.0295
35687999 -12.8612043 297.9731
35711999 -14.3628657 298.1208
35735999 -16.1531941 298.2651
35759999 -23.0130388 297.7709
35783999 -22.2574747 295.7599
35807999 -17.4019904 295.3051
35831999 -19.7793078 294.449
35855999 -21.5194397 298.3774
35879999 -19.2090326 297.7167
35903999 -25.5697039 298.3435
35927999 -25.1497386 298.1607
35951999 -16.9377201 302.1616
35975999 -11.8395824 301.5206
35999999 -15.7965351 301.3881
36023999 -14.040066 302.2774
36047999 -10.8662107 301.8681
36071999 -15.9704417 301.5241
36095999 -16.5921395 302.0924
36119999 -11.9518467 301.7723
36143999 -15.6377764 301.8035
36167999 -11.9979386 302.4625
36191999 -11.0211902 302.3259
36215999 -16.7212775 303.2773
36239999 -10.4413303 304.0331
36263999 -9.2219257 304.2521
36287999 -10.4865126 304.5694
36311999 -13.2013889 304.936
36335999 -12.6379975 305.5446
36359999 -12.2527294 305.367
36383999 -24.2451268 304.5767
36407999 -11.557318 307.8248
36431999 -9.3915155 307.4709
36455999 -11.362209 308.0636
36479999 -7.342488 308.7152
36503999 -7.573369 308.9701
36527999 -7.32394 309.354
36551999 -9.560808 309.2866
36575999 -15.485187 310.2325
36599999 -10.914344 310.2891
36623999 -12.3745399 309.7296
36647999 -31.6924823 307.8976
36671999 -17.3981749 312.0003
36695999 -15.577551 312.1812
36719999 -12.7167168 312.367
36743999 -13.5937979 312.3721
36767999 -15.5277469 312.8619
36791999 -14.1889921 313.1416
36815999 -17.3089887 313.3455
36839999 -20.0424799 314.2239
36863999 -17.4258768 314.8234
36887999 -15.7657557 315.0513
36911999 -16.20988212 315.0841
36935999 -20.09030362 315.449
36959999 -18.913584046 316.06
36983999 -22.538419732 316.297
37007999 -20.30970216 317.8634
37031999 -17.20207815 317.9265
37055999 -20.11045415 318.7096
37079999 -16.0343823 319.1908
37103999 -19.7725711 319.529
37127999 -15.2474141 320.7614
37151999 -11.07145434 320.7785
37175999 -11.82950592 321.0431
37199999 -9.99008959 321.5251
37223999 -8.57903767 321.7606
37247999 -7.175399017 322.1187
37271999 -4.3539829 322.2677
37295999 -3.4341693 322.2291
37319999 -3.977792 322.3391
37343999 -3.9980249 322.4794
37367999 -5.5251959 322.551
37391999 -8.2974112 322.7988
37415999 -12.9361467 323.2517
37439999 -10.4280113 324.2698
37463999 -8.1720745 324.2039
37487999 -11.4627454 324.2221
37511999 -12.2045174 324.6517
37535999 -13.8942142 324.379
37559999 -24.1791425 323.9086
37583999 -25.1547035 325.1195
37607999 -17.7725978 323.2078
37631999 -11.140564 322.3425
37655999 -12.854015 322.0668
37679999 -8.029243 323.1125
37703999 -2.982245 322.9832
37727999 -8.126575 322.6834
37751999 -10.73657 324.7795
37775999 -3.38671 324.6634
37799999 -6.353864 324.7152
37823999 -4.143845 325.7713
37847999 1.990094 326.2017
37871999 -2.034101 326.2243
37895999 -6.217578 327.6839
37919999 -3.631441 327.7228
37943999 -11.584135 327.1334
37967999 -9.706401 329.3904
37991999 -7.278311 329.1317
38015999 -23.86598 329.1301
38039999 -7.635267 330.5868
38063999 -11.402429 330.1582
38087999 -13.829486 332.7996
38111999 -2.197608 332.0756
38135999 -3.655842 331.6202
38159999 -7.18126 331.7458
38183999 -9.261143 331.8923
38207999 -13.3762201 332.2911
38231999 -12.884327 332.6921
38255999 -18.700825 332.3529
38279999 -16.804555 335.0662
38303999 -12.318453 334.6101
38327999 -17.228874 334.822
38351999 -20.8119783 335.2892
38375999 -18.1533332 337.8165
38399999 -8.9396569 337.4173
38423999 -10.5209427 337.2434
38447999 -13.7696583 337.9125
38471999 -12.6522818 338.1837
38495999 -20.1611868 338.8231
38519999 -14.2242164 339.8079
38543999 -16.7147973 339.91
38567999 -15.7665285 341.2142
38591999 -13.0704644 341.4286
38615999 -11.9747488 342.0377
38639999 -9.029423 342.0227
38663999 -11.7218042 341.6899
38687999 -15.8821403 342.6098
38711999 -10.8162459 342.6496
38735999 -12.4015351 342.5723
38759999 -11.9434003 343.2208
38783999 -12.8169476 343.2501
38807999 -19.2299484 344.7405
38831999 -8.9868855 344.6347
38855999 -13.2982744 344.0694
38879999 -33.88477 347.5431
38903999 -17.3717348 346.1053
38927999 -23.5290642 345.4459
38951999 -23.9279181 343.5084
38975999 -16.0928813 342.5668
38999999 -17.9324822 341.5933
39023999 -23.6027978 340.021
39047999 -25.683201 343.3136
39071999 -16.6788027 341.9323
39095999 -15.2584929 341.5018
39119999 -15.7343172 341.7026
39143999 -14.4572393 341.5621
39167999 -20.1925679 341.0809
39191999 -18.6693645 342.8045
39215999 -11.2395203 342.1782
39239999 -10.0374133 341.6585
39263999 -12.5656786 341.3908
39287999 -15.869046 341.2252
39311999 -21.9691374 339.8452
39335999 -20.3059401 338.0953
39359999 -39.6152949 336.2906
39383999 -15.9080635 339.9828
39407999 -14.81983 339.3126
39431999 -21.313895 339.4967
39455999 -24.414777 339.3274
39479999 -16.189757 342.8003
39503999 -9.508223 341.9293
39527999 -11.275954 341.3466
39551999 -15.3299498 342.4831
39575999 -7.843507 342.598
39599999 -9.012025 342.3467
39623999 -17.373185 343.2643
39647999 -14.525612 343.9406
39671999 -14.936961 344.8065
39695999 -12.3800174 344.8906
39719999 -17.6714656 345.3479
39743999 -12.0748162 346.2763
39767999 -9.970104 345.8311
39791999 -19.2196152 345.7731
39815999 -15.542991 346.9999
39839999 -19.2125481 346.6739
39863999 -17.0273272 348.495
39887999 -10.424021 348.3673
39911999 -13.747917 348.0878
39935999 -19.5179664 349.1462
39959999 -16.2470536 349.3824
39983999 -15.8999039 348.7568
40007999 -14.2321018 348.0955
40031999 -12.3150694 347.7347
40055999 -14.478673 347.8033
40079999 -11.5866792 348.075
40103999 -10.7416303 347.7129
40127999 -14.683846 346.8218
40151999 -32.4460938 348.5553
40175999 -17.4204877 348.6951
40199999 -12.145256 348.8268
40223999 -9.924106 348.5889
40247999 -15.929029 347.9788
40271999 -14.113066 351.1292
40295999 -11.9570612 350.2886
40319999 -20.585655 349.7039
40343999 -22.213933 351.5347
40367999 -24.322228 350.5395
40391999 -33.776154 349.4667
40415999 -27.548064 350.4668
40439999 -20.101701 348.6183
40463999 -13.023268 347.8974
40487999 -11.395401 347.7276
40511999 -8.631424 348.3411
40535999 -6.04499 348.5886
40559999 -4.247683 348.9979
40583999 -3.131075 349.1032
40607999 -6.314342 349.1596
40631999 -21.245185 350.2226
40655999 -12.642211 351.1787
40679999 -11.88198 352.1814
40703999 -5.379225 352.4435
40727999 -6.72125 351.9627
40751999 -9.209408 352.9662
40775999 -2.600661 353.0289
40799999 -5.434274 352.5812
40823999 -11.212843 353.8811
40847999 -6.386234 354.5034
40871999 -6.597395 354.8144
40895999 -8.172017 355.3137
40919999 -7.097134 355.9725
40943999 -6.005773 355.844
40967999 -12.045292 355.6169
40991999 -18.877933 357.5503
41015999 -7.104688 356.159
41039999 -10.51195 355.4539
41063999 -21.175753 355.5556
41087999 -15.668813 357.0673
41111999 -23.5222159 357.7827
41135999 -11.2019193 358.9596
41159999 -8.87283 358.7798
41183999 -13.2124463 359.2937
41207999 -11.7772871 359.8688
41231999 -14.3234259 360.1582
41255999 -13.6852706 360.6782
41279999 -14.1653062 360.4853
41303999 -21.584595 360.2426
41327999 -28.8366219 360.518
41351999 -31.3696007 364.2331
41375999 -19.4802299 363.207
41399999 -17.8372978 362.7203
41423999 -18.692922 362.6543
41447999 -22.3078717 362.4472
41471999 -24.3619786 364.8201
41495999 -12.793741 364.2829
41519999 -12.9707768 363.5103
41543999 -20.8405292 363.4625
41567999 -16.016584 364.0291
41591999 -14.5021872 363.1449
41615999 -26.1643902 362.6989
41639999 -15.898933 363.989
41663999 -11.1949985 363.0635
41687999 -16.4557343 362.2987
41711999 -16.9158893 364.6125
41735999 -9.885833 363.8752
41759999 -18.8131696 363.4716
41783999 -14.028875 365.2288
41807999 -15.6093301 364.6366
41831999 -17.590867 367.3944
41855999 -8.732125 366.8394
41879999 -14.941672 366.7309
41903999 -13.674026 367.6372
41927999 -11.7389007 367.4133
41951999 -16.608505 366.7677
41975999 -23.2983187 366.9339
41999999 -23.8828993 366.8861
42023999 -35.68664 366.6468
42047999 -31.8801219 368.8686
42071999 -29.282934 369.1913
42095999 -25.7145914 367.6578
42119999 -15.4582706 366.4422
42143999 -11.46446 365.8912
42167999 -15.6372373 365.6717
42191999 -15.6755797 366.5433
42215999 -14.24369 366.5408
42239999 -19.8460547 366.7265
42263999 -18.2054676 367.2134
42287999 -22.4839054 366.8534
42311999 -22.024862 368.9612
42335999 -14.3566744 368.2667
42359999 -14.0056582 367.9032
42383999 -14.4069276 367.8797
42407999 -15.365464 367.7698
42431999 -24.035086 367.8209
42455999 -19.78348 369.7789
42479999 -16.954161 369.9166
42503999 -14.3199497 370.3098
42527999 -14.8291749 370.0072
42551999 -26.2505914 373.5686
42575999 -13.3274398 372.6851
42599999 -14.3419828 372.801
42623999 -10.8207474 373.5913
42647999 -7.8139377 373.656
42671999 -8.2316661 373.764
42695999 -8.104773 373.9193
42719999 -9.5747008 373.8903
42743999 -14.0539158 374.2117
42767999 -12.2090086 374.7574
42791999 -13.8494001 374.6955
42815999 -21.5980971 375.5018
42839999 -17.1676971 376.3896
42863999 -15.9767433 376.765
42887999 -15.0389762 376.8279
42911999 -24.684468 376.5779
42935999 -18.2759473 378.8593
42959999 -17.6445156 378.4873
42983999 -21.1112144 380.2188
43007999 -12.8474797 380.1326
43031999 -14.7554678 380.1592
43055999 -13.5137146 380.6811
43079999 -14.3825908 380.5061
43103999 -23.8503999 381.7215
43127999 -14.2905026 382.0891
43151999 -14.9718008 382.191
43175999 -13.6789921 382.5848
43199999 -17.8316709 382.3601
43223999 -15.677699 385.0484
43247999 -6.67026 384.2596
43271999 -13.97416 383.4419
43295999 -22.040277 385.8082
43319999 -13.448665 385.4227
43343999 -15.708042 385.4652
43367999 -13.9805157 385.7356
43391999 -14.123793 385.6375
43415999 -18.764263 385.6581
43439999 -20.899828 384.4148
43463999 -9.883488 383.4066
43487999 -7.692877 383.0065
43511999 -8.76592 383.2855
43535999 -5.720439 383.4432
43559999 -7.717316 383.3762
43583999 -10.337643 383.7284
43607999 -14.907892 383.8779
43631999 -15.443881 385.5575
43655999 -11.737426 385.4471
43679999 -14.55506 385.4685
43703999 -10.531692 385.9174
43727999 -9.827437 385.8093
43751999 -14.649356 386.5565
43775999 -7.656061 387.177
43799999 -10.706964 387.3019
43823999 -14.562318 388.4132
43847999 -14.428922 388.6866
43871999 -14.090718 390.2032
43895999 -8.245941 390.3428
43919999 -11.124887 390.6341
43943999 -8.288873 391.0884
43967999 -10.941423 390.7798
43991999 -21.988311 392.8566
44015999 -11.485193 392.2245
44039999 -13.996874 391.0069
44063999 -18.845203 389.1551
44087999 -25.878316 390.2251
44111999 -12.180089 390.0272
44135999 -12.2138198 389.2921
44159999 -22.12628 389.2744
44183999 -20.4700259 390.2013
44207999 -32.8478186 394.0743
44231999 -13.946709 392.4221
44255999 -11.533442 392.0438
44279999 -12.580382 392.1829
44303999 -11.5675013 392.1824
44327999 -15.9130426 391.8069
44351999 -18.367083 393.7935
44375999 -15.1793592 393.0984
44399999 -23.8047148 396.1307
44423999 -10.3227005 395.2257
44447999 -12.5599475 395.0925
44471999 -10.7447058 395.7796
44495999 -8.1796213 395.481
44519999 -15.8303836 394.8839
44543999 -15.0134799 397.5722
44567999 -9.733935 396.6401
44591999 -22.573905 395.9155
44615999 -14.062965 397.8534
44639999 -7.295057 396.7359
44663999 -11.932334 395.5678
44687999 -18.671882 395.6477
44711999 -15.054643 395.4956
44735999 -13.132475 394.284
44759999 -14.169493 392.9232
44783999 -25.537687 390.9523
44807999 -12.579863 394.6213
44831999 -10.248619 393.9813
44855999 -20.56923 393.8181
44879999 -17.123951 395.3576
44903999 -24.067984 395.2796
44927999 -18.589464 397.955
44951999 -15.381644 398.2239
44975999 -11.018669 398.76
44999999 -8.653243 399.0594
45023999 -6.966288 399.3046
45047999 -7.695617 399.28
45071999 -13.548038 398.9948
45095999 -12.677933 401.8715
45119999 -11.207068 401.2334
45143999 -12.895696 402.1427
45167999 -5.572381 402.2687
45191999 -6.783372 401.9807
45215999 -10.494942 402.6683
45239999 -3.054429 403.2462
45263999 -0.114349000000001 403.0637
45287999 1.308184 403.064
45311999 0.386174 402.7651
45335999 -5.470679 403.004
45359999 -6.192131 403.1692
45383999 -12.908865 402.5805
45407999 -18.6431056 404.2937
45431999 -15.553419 403.8654
45455999 -40.81101 406.4728
45479999 -17.303621 404.9755
45503999 -17.47289 403.3218
45527999 -14.180089 401.9414
45551999 -25.469074 402.6621
45575999 -11.376704 403.2921
45599999 -11.8386169 402.9183
45623999 -16.1291643 403.5145
45647999 -15.1417857 403.9016
45671999 -19.3244391 404.6099
45695999 -15.2611222 405.0796
45719999 -16.9366223 405.2073
45743999 -15.1993336 405.4405
45767999 -14.3627057 404.9761
45791999 -20.7715689 404.7333
45815999 -15.9338534 405.9457
45839999 -12.9084575 405.6411
45863999 -19.3094633 406.0018
45887999 -14.9173503 406.7977
45911999 -17.8931775 406.5908
45935999 -33.208107 409.8567
45959999 -17.7909171 409.8251
45983999 -12.6667249 409.7847
46007999 -14.0609172 409.4015
46031999 -38.1306102 412.1806
46055999 -14.195054 411.3474
46079999 -13.9971092 410.5919
46103999 -19.915325 410.3149
46127999 -20.4990179 410.5763
46151999 -24.82811 410.0664
46175999 -28.7738883 413.1465
46199999 -38.5893968 414.088
46223999 -16.2859006 414.7774
46247999 -17.5576124 414.4112
46271999 -17.4653858 415.9694
46295999 -11.2474655 415.6584
46319999 -19.364621 415.0438
46343999 -18.3003042 417.7712
46367999 -17.3262399 416.8878
46391999 -21.8633156 420.9043
46415999 -18.2995191 419.6237
46439999 -19.2889301 417.7605
46463999 -17.7217343 416.448
46487999 -40.8858792 417.8613
46511999 -10.595364 418.5202
46535999 -9.577832 417.9756
46559999 -21.8021897 417.6825
46583999 -12.535528 420.3639
46607999 -10.417693 419.651
46631999 -17.120139 419.0409
46655999 -18.293467 418.938
46679999 -11.259147 418.5425
46703999 -9.4257032 418.2761
46727999 -13.399683 418.3899
46751999 -12.5828182 418.9102
46775999 -15.3594134 418.9828
46799999 -18.850763 419.8768
46823999 -15.064294 419.7354
46847999 -33.560495 418.6354
46871999 -14.933204 421.273
46895999 -16.491648 419.8752
46919999 -17.984698 423.9005
46943999 -10.867124 422.557
46967999 -14.231491 420.988
46991999 -17.755315 424.9564
47015999 -22.057088 423.6447
47039999 -10.697985 425.9542
47063999 -10.166824 425.4183
47087999 -26.312392 428.3056
47111999 -5.701504 427.1357
47135999 -5.253344 426.7238
47159999 -5.218816 426.5082
47183999 -10.355156 426.5646
47207999 -6.238053 427.7222
47231999 1.61293 428.0192
47255999 4.829124 427.1499
47279999 -10.464417 426.7784
47303999 -11.761858 429.5901
47327999 -6.596047 428.8176
47351999 -24.545135 428.7274
47375999 -17.569 431.1947
47399999 -7.387501 431.2025
47423999 -5.851509 430.5883
47447999 -6.812865 430.6887
47471999 -5.755351 430.7887
47495999 -7.67678 430.7337
47519999 -11.260674 431.0688
47543999 -8.507446 431.477
47567999 -11.713646 431.2098
47591999 -20.729977 433.2168
47615999 -4.15112 433.4247
47639999 -4.74366 432.5941
47663999 -17.002472 433.1031
47687999 -12.1909 434.4982
47711999 -9.890854 434.7166
47735999 -7.089465 434.7756
47759999 -7.770841 433.9708
47783999 -12.898402 432.2336
47807999 -12.620527 431.0398
47831999 -16.844469 429.4802
47855999 -20.200796 427.2831
47879999 -16.270045 429.0393
47903999 -9.131864 429.0272
47927999 -11.510527 429.0286
47951999 -14.911441 429.651
