   5.4964823e+00
   1.0015449e+01
   1.1447168e+01
   1.1463320e+01
   1.1582488e+01
   1.1717161e+01
   1.3769108e+01
   1.5870873e+01
   1.7437544e+01
   1.6430895e+01
   1.2545235e+01
   8.4906415e+00
   1.0574957e+01
   1.7337751e+01
   2.2924069e+01
   2.4267542e+01
   2.0864272e+01
   1.3707209e+01
   1.3631313e+01
   2.5804919e+01
   3.8862005e+01
   4.6293676e+01
   4.4056116e+01
   2.9649216e+01
   1.7317193e+01
   5.4000980e+01
   1.0967316e+02
   1.7303908e+02
   2.3794110e+02
   2.9819799e+02
   3.4820810e+02
   3.8531857e+02
   4.0839276e+02
   4.1904048e+02
   4.2243470e+02
   4.2340386e+02
   4.2508331e+02
   4.2856172e+02
   4.3099036e+02
   4.2717583e+02
   4.1390958e+02
   3.9139800e+02
   3.6210466e+02
   3.3072689e+02
   3.0372456e+02
   2.8569280e+02
   2.7628392e+02
   2.7111744e+02
   2.6451152e+02
   2.5232266e+02
   2.3422332e+02
   2.1285985e+02
   1.9203173e+02
   1.7570141e+02
   1.6544029e+02
   1.5901614e+02
   1.5269956e+02
   1.4368919e+02
   1.3126276e+02
   1.1769976e+02
   1.0744080e+02
   1.0478480e+02
   1.1097792e+02
   1.2296856e+02
   1.3580412e+02
   1.4566745e+02
   1.5059766e+02
   1.4932694e+02
   1.4142829e+02
   1.2766870e+02
   1.0922112e+02
   8.7546379e+01
   6.4758467e+01
   4.3560125e+01
   2.7001393e+01
   1.8841963e+01
   1.9004766e+01
   2.0427987e+01
   1.9186442e+01
   1.4891029e+01
   8.8020529e+00
   2.8337787e+00
   4.4786740e+00
   8.1758703e+00
   9.6749170e+00
   8.9996857e+00
   6.5201103e+00
   2.8906932e+00
   8.1871193e-01
   3.6305240e+00
   5.2878977e+00
   5.5432724e+00
   4.4897284e+00
   3.1485121e+00
   2.8668025e+00
   3.6785194e+00
   4.1626550e+00
   3.1483753e+00
   1.8609144e+00
   4.0946722e+00
   8.2111855e+00
   1.2494591e+01
   1.5684437e+01
   1.7742330e+01
   1.8109010e+01
   1.6501799e+01
   1.3754907e+01
   1.0514603e+01
   7.8449708e+00
   7.0808971e+00
   7.6771269e+00
   8.0439705e+00
   7.4849846e+00
   5.6601692e+00
   2.9163013e+00
   1.7751627e-01
   2.5588840e+00
   4.3277823e+00
   4.7253890e+00
   3.8598089e+00
   2.1510994e+00
   2.8243753e+00
   5.3385598e+00
   7.5313056e+00
   8.5206124e+00
   7.7715948e+00
   6.0883105e+00
   7.8374864e+00
   1.4847380e+01
   2.4326717e+01
   3.4625319e+01
   4.4147675e+01
   5.1947932e+01
   5.7196740e+01
   5.8760773e+01
   5.6567833e+01
   5.1150747e+01
   4.2850561e+01
   3.2812056e+01
   2.2611904e+01
   1.4023350e+01
   1.0509307e+01
   1.2279406e+01
   1.4331424e+01
   1.4475091e+01
   1.2517761e+01
   8.9326640e+00
   4.4625940e+00
   1.5574259e+00
   4.3896547e+00
   6.8170034e+00
   7.7310534e+00
   6.9098312e+00
   4.8193569e+00
   2.0658719e+00
   7.8028677e-01
   3.2975703e+00
   5.0367236e+00
   5.5040172e+00
   4.8339531e+00
   3.2157319e+00
   9.3791103e-01
   1.4840650e+00
   3.7293219e+00
   5.3690215e+00
   6.0916977e+00
   6.1259063e+00
   5.2585868e+00
   3.9093128e+00
   2.6662448e+00
   1.7019071e+00
   1.5864408e+00
   1.8736571e+00
   1.8737012e+00
   1.4795423e+00
   9.6814084e-01
   8.1639236e-01
   1.2392326e+00
   1.8645955e+00
   2.2361007e+00
   2.2784954e+00
   2.1988882e+00
   1.7804602e+00
   1.4702325e+00
   1.0646665e+00
   9.4960416e-01
   1.1880967e+00
   1.3074253e+00
   1.4019053e+00
   1.3421047e+00
   1.1218500e+00
   9.7309398e-01
   9.1682939e-01
   1.2365219e+00
   1.5015960e+00
   1.5659919e+00
   1.4724598e+00
   8.8838986e-01
   2.2948853e-01
   7.5718523e-01
   1.5788289e+00
   2.2120218e+00
   2.5608956e+00
   2.3919840e+00
   1.8650781e+00
   9.8586281e-01
   3.1865937e-01
   1.1203050e+00
   2.0354574e+00
   2.5288636e+00
   2.5412446e+00
   2.1930939e+00
   1.4581998e+00
   7.7650355e-01
   1.1725361e+00
   1.9361339e+00
   2.3373858e+00
   2.4791014e+00
   1.9371749e+00
   1.0894176e+00
   1.5193912e-01
   1.2465541e+00
   2.1818696e+00
   2.7375806e+00
   2.9906284e+00
   2.5163637e+00
   1.6970079e+00
   1.0234331e+00
   1.4196041e+00
   2.4581629e+00
   3.3316825e+00
   3.8700131e+00
   3.9277256e+00
   3.5358347e+00
   3.0039188e+00
   2.5261779e+00
   2.2654981e+00
   2.3499954e+00
   2.5262042e+00
   2.3605539e+00
   1.9591712e+00
   1.3961442e+00
   5.3535391e-01
   2.5832331e-01
   8.7284955e-01
   1.3000624e+00
   1.3843770e+00
   1.3200925e+00
   9.7555160e-01
   6.0788972e-01
   6.7322166e-01
   8.7308723e-01
   1.0414051e+00
   9.7234709e-01
   8.1745675e-01
   6.6237068e-01
   6.6185212e-01
   8.3554810e-01
   9.4615023e-01
   1.0928499e+00
   1.0606994e+00
   8.3008262e-01
   8.0879360e-01
   7.9389700e-01
   8.4106443e-01
   9.4521628e-01
   9.7861274e-01
   9.5618622e-01
   9.5376761e-01
   9.0308977e-01
   9.0452389e-01
   8.4438536e-01
   7.5402263e-01
   6.4636574e-01
   5.0586661e-01
   5.6707654e-01
   7.5403896e-01
   8.8778713e-01
   8.7162518e-01
   8.3841977e-01
   8.0874664e-01
   8.3369172e-01
   9.5700633e-01
   1.1327453e+00
   1.1485463e+00
   1.0037778e+00
   7.2969190e-01
   6.2653543e-01
   5.4249882e-01
   7.0333218e-01
   9.4629310e-01
   9.2502888e-01
   9.0938138e-01
   8.7697491e-01
   6.7332290e-01
   5.7229585e-01
   8.0697172e-01
   7.2477766e-01
   6.3292025e-01
   6.5080809e-01
   4.6045906e-01
   7.5781646e-01
   1.0788196e+00
   1.3565142e+00
   1.5455715e+00
   1.4963885e+00
   1.2980408e+00
   8.4570016e-01
   3.4205801e-01
   2.0963391e-01
   6.7719219e-01
   1.0440773e+00
   1.2362040e+00
   1.3227870e+00
   1.1410098e+00
   8.1805687e-01
   5.6950573e-01
   3.7324836e-01
   3.2865507e-01
   2.6634155e-01
   4.4903561e-01
   6.2659015e-01
   6.6492423e-01
   7.9204198e-01
   9.1561080e-01
   9.9711851e-01
   8.8217401e-01
   6.2426921e-01
   4.4553200e-01
   3.9755190e-01
   5.1082410e-01
   8.6646640e-01
   9.8427377e-01
   9.5437714e-01
   8.2556521e-01
   6.0406669e-01
   4.7338777e-01
   2.7358954e-01
   4.3997810e-01
   6.0034084e-01
   7.1238558e-01
   7.3007809e-01
   7.7506005e-01
   7.1726554e-01
   7.0545863e-01
   5.8939712e-01
   6.1152859e-01
   5.9352760e-01
   4.7414020e-01
   6.9357747e-01
   6.1436865e-01
   7.5318485e-01
   7.7059682e-01
   6.1454759e-01
   5.6599272e-01
   4.4743927e-01
   5.0180315e-01
   5.9934971e-01
   6.3254410e-01
   7.0315422e-01
   7.5952846e-01
   7.5803044e-01
   7.1713451e-01
   6.3604415e-01
   5.0591606e-01
   3.6791723e-01
   3.5461828e-01
   5.2045086e-01
   6.1549388e-01
   7.3487084e-01
   8.3892687e-01
   7.4318142e-01
   6.4535291e-01
   5.4401591e-01
   4.7343550e-01
   2.9510403e-01
   5.1366796e-01
   7.5602219e-01
   7.9625278e-01
   7.8426470e-01
   7.0268447e-01
   5.0892255e-01
   4.4413996e-01
   4.8822663e-01
   6.0161392e-01
   6.9962844e-01
   7.0831763e-01
   7.4029606e-01
   5.4492686e-01
   4.1542814e-01
   3.4627085e-01
   3.0727983e-01
   2.8928600e-01
   3.7602526e-01
   3.8873073e-01
   4.9655023e-01
   5.3377700e-01
   6.0458787e-01
   6.2260056e-01
   5.7094479e-01
   5.0390807e-01
   3.6042991e-01
   3.8978358e-01
   4.0915742e-01
   7.0163428e-01
   7.2673052e-01
   7.1275794e-01
   6.2510701e-01
   4.6744072e-01
   3.4241816e-01
   1.8912734e-01
   2.8323840e-01
   4.5692848e-01
   5.7256423e-01
   5.1116905e-01
   4.6373412e-01
   4.4129083e-01
   3.5861420e-01
   4.5416409e-01
   4.3357157e-01
   3.6362493e-01
   4.1674033e-01
   3.9386671e-01
   4.3854218e-01
   3.5403882e-01
   5.6699345e-01
   5.8282362e-01
   4.2101307e-01
   3.8308153e-01
   3.9955711e-01
   5.6993132e-01
   6.0880922e-01
   5.4759463e-01
   5.9075204e-01
   4.9143665e-01
   4.2784073e-01
   4.7102572e-01
   4.2533134e-01
   5.0105346e-01
   5.0454326e-01
   4.6714645e-01
   4.6830371e-01
   4.7898003e-01
   3.7961500e-01
   2.9311948e-01
   4.4310340e-01
   6.2983014e-01
   6.5174467e-01
   5.8346921e-01
   4.9894836e-01
   3.9528380e-01
   3.4383697e-01
   3.7204574e-01
   4.7932657e-01
   5.4887174e-01
   5.2149435e-01
   4.8031762e-01
   4.2062681e-01
   2.8956754e-01
   2.3372578e-01
   2.3199652e-01
   4.0397002e-01
   5.0146480e-01
   4.9681579e-01
   5.0556898e-01
   3.6323270e-01
   3.1407204e-01
   2.9207835e-01
   3.6678353e-01
   5.1194490e-01
   5.3982285e-01
   5.3680763e-01
   5.0821584e-01
   4.6241885e-01
   4.0105739e-01
   3.8478547e-01
   4.8024558e-01
   6.0508823e-01
   5.5891516e-01
   5.3197007e-01
   4.8968596e-01
   4.3339805e-01
   4.4304285e-01
   4.5463990e-01
   3.9905696e-01
   4.4922472e-01
   4.5802565e-01
   3.9962550e-01
   4.3231746e-01
   3.1928285e-01
   3.3580389e-01
   4.9081837e-01
   4.9331657e-01
   3.8895547e-01
   3.2516646e-01
   3.1707832e-01
   4.5218668e-01
   4.4012758e-01
   5.1029058e-01
   5.6003267e-01
   5.2845350e-01
   5.6871745e-01
   4.8082863e-01
   4.2236265e-01
   3.9313625e-01
   2.7730997e-01
   2.9872008e-01
   2.9266428e-01
   2.7018492e-01
   3.6449899e-01
   3.6692306e-01
   4.0453731e-01
   4.7704602e-01
   4.7784164e-01
   4.5772872e-01
   4.9141757e-01
   5.2365589e-01
   4.5294540e-01
   4.1146206e-01
   3.0573992e-01
   3.2700951e-01
   4.0933839e-01
   3.7599693e-01
   5.3979283e-01
   5.5948409e-01
   4.9798383e-01
   4.6855438e-01
   3.7503744e-01
   4.0096729e-01
   2.9735992e-01
   3.1685080e-01
   3.7500288e-01
   2.9684580e-01
   2.8507082e-01
   2.5010993e-01
   3.6256071e-01
   3.5473688e-01
   4.5394074e-01
   4.1830847e-01
   4.1362029e-01
   3.8340606e-01
   2.7414311e-01
   3.3873974e-01
   3.3619719e-01
   4.5060085e-01
   4.7849036e-01
   4.4320717e-01
   3.8451109e-01
   3.5490412e-01
   3.1865871e-01
   3.0005101e-01
   2.6518074e-01
   3.7240859e-01
   3.2069999e-01
   3.1497001e-01
   3.5268423e-01
   3.1174452e-01
   3.0986447e-01
   3.2461899e-01
   3.5690920e-01
   3.7033976e-01
   3.4019472e-01
   3.3826329e-01
   3.9362508e-01
   4.0989863e-01
   4.0354616e-01
   4.3964227e-01
   3.8687619e-01
   2.2802493e-01
   3.9298784e-01
   3.3887353e-01
   4.8299423e-01
   5.8033810e-01
   5.1377353e-01
   4.6969051e-01
   3.3146058e-01
   1.0811158e-01
   1.4470523e-01
   2.6732213e-01
   3.3145507e-01
   4.3742199e-01
   4.2120519e-01
   3.5405985e-01
   2.9430036e-01
   3.1121131e-01
   3.6468881e-01
   3.5857520e-01
   4.4816406e-01
   4.9184661e-01
   4.3471425e-01
   3.6412077e-01
   1.8945218e-01
   2.8044489e-01
   3.1147941e-01
   3.3800314e-01
   3.7995969e-01
   3.4035536e-01
   4.0281186e-01
   3.5119794e-01
   2.7665857e-01
   2.0868029e-01
   1.7851547e-01
   2.7371588e-01
   2.6673542e-01
   3.3735167e-01
   4.0340852e-01
   5.3310669e-01
   4.9719302e-01
   3.8325813e-01
   3.6209850e-01
   2.7429775e-01
   2.6714981e-01
   3.2664703e-01
   4.1909796e-01
   4.0133599e-01
   3.2132855e-01
   2.4207315e-01
   2.3306401e-01
   2.7645224e-01
   2.5404520e-01
   3.2871282e-01
   3.7162892e-01
   3.1517254e-01
   3.1295302e-01
   2.6530205e-01
   3.4139401e-01
   3.3508512e-01
   3.7298817e-01
   3.4199703e-01
   3.6617476e-01
   2.6381733e-01
   2.4697797e-01
   3.1190029e-01
   2.9097423e-01
   4.0158847e-01
   3.0764958e-01
   3.4946694e-01
   2.6479539e-01
   2.5152472e-01
   2.5728439e-01
   3.5095922e-01
   3.6075789e-01
   3.7126151e-01
   3.8235146e-01
   2.8873279e-01
   2.0226049e-01
   2.1698589e-01
   2.6326586e-01
   3.6853709e-01
   3.9613865e-01
   4.0827290e-01
   4.3053277e-01
   2.7778275e-01
   3.0639469e-01
   2.9392351e-01
   3.3181169e-01
   2.7253680e-01
   3.7342967e-01
   3.7575048e-01
   2.7373854e-01
   1.6007638e-01
   1.4880392e-01
   2.2203130e-01
   3.1557501e-01
   4.2818356e-01
   4.5440556e-01
   5.2256922e-01
   4.5352625e-01
   3.0132409e-01
   2.2946496e-01
   2.3762572e-01
   1.4211928e-01
   2.6312992e-01
   2.9015419e-01
   3.7171761e-01
   3.6367014e-01
   3.3833782e-01
   3.0837325e-01
   2.9088854e-01
   2.2146161e-01
   1.6790452e-01
   2.1023631e-01
   2.7720684e-01
   3.6102434e-01
   2.6401673e-01
   4.0339469e-01
   3.1972506e-01
   3.2344441e-01
   2.9039387e-01
   2.8505734e-01
   3.4090184e-01
   3.4619332e-01
   3.4529375e-01
   3.3621888e-01
   3.6013215e-01
   2.2392913e-01
   2.9384224e-01
   2.3011435e-01
   2.6610629e-01
   2.5664608e-01
   2.0101708e-01
   2.1001043e-01
   2.0178465e-01
   1.8899225e-01
   3.1145420e-01
   3.1650939e-01
   3.0733040e-01
   3.6716446e-01
   2.9979768e-01
   2.5754638e-01
   2.7753157e-01
   2.9961872e-01
   3.0140907e-01
   3.3760308e-01
   3.2789845e-01
   3.6203101e-01
   3.4437771e-01
   3.0451079e-01
   2.7221106e-01
   3.0761351e-01
   3.2776420e-01
   2.4307525e-01
   2.5201911e-01
   2.6680205e-01
   2.3647855e-01
   1.9397252e-01
   1.9190257e-01
   2.1440687e-01
   1.8673249e-01
   2.6542805e-01
   1.8958727e-01
   2.2209131e-01
   2.8965543e-01
   2.8427539e-01
   2.9953444e-01
   3.5304092e-01
   3.9919665e-01
   3.6676433e-01
   3.6173594e-01
   3.7677182e-01
   3.6397666e-01
   2.4658776e-01
   3.0463060e-01
   3.7078138e-01
   3.7609706e-01
   3.1389368e-01
   2.2781398e-01
   2.0099691e-01
   1.8273602e-01
   1.8349459e-01
   3.3325425e-01
   2.8906565e-01
   3.2901736e-01
   3.5886408e-01
   2.2436187e-01
   2.4008076e-01
   2.6807850e-01
   3.4460278e-01
   3.0598726e-01
   3.6794446e-01
   3.4078141e-01
   3.2645836e-01
   3.2318003e-01
   2.4825935e-01
   2.9282488e-01
   2.6877648e-01
   3.0441568e-01
   3.8464172e-01
   3.5462213e-01
   3.3590819e-01
   2.5360476e-01
   1.5923059e-01
   5.5202535e-02
   1.5076110e-01
   1.9935654e-01
   2.4697408e-01
   2.2951465e-01
   1.9187212e-01
   2.8847165e-01
   1.5153678e-01
   3.3186708e-01
   3.0018246e-01
   2.7560276e-01
   3.4434066e-01
   2.7745019e-01
   2.6981602e-01
   2.0170138e-01
   1.7306036e-01
   1.9787980e-01
   2.8979194e-01
   3.3437447e-01
   3.0094677e-01
   2.1901556e-01
   1.8430462e-01
   1.3761957e-01
   8.4446508e-02
   1.5749631e-01
   2.0607355e-01
   2.1133162e-01
   2.4988825e-01
   2.6514537e-01
   2.3043746e-01
   2.2343485e-01
   3.0475856e-01
   3.3199324e-01
   2.8839409e-01
   2.7629837e-01
   1.6464390e-01
   1.9475779e-01
   2.8583318e-01
   2.4297305e-01
   3.0728568e-01
   2.7038022e-01
   2.3346484e-01
   2.1284872e-01
   9.5681454e-02
   1.9382070e-01
   1.6424831e-01
   2.1902384e-01
   2.4121904e-01
   1.8775772e-01
   2.6020673e-01
   2.5742945e-01
   1.4697036e-01
   2.2523396e-01
   3.4989650e-01
   3.2205824e-01
   3.1705160e-01
   2.7721388e-01
   2.0449245e-01
   2.4298545e-01
   2.6569403e-01
   3.1855038e-01
   3.5923241e-01
   3.9293801e-01
   3.0165668e-01
   2.1651066e-01
   1.4599222e-01
   9.4254430e-02
   2.2264872e-01
   2.3675161e-01
   2.9144496e-01
   2.8690050e-01
   2.4045398e-01
   2.0335609e-01
   1.5652848e-01
   2.2838664e-01
   1.6964895e-01
   2.7195995e-01
   3.8535097e-01
   3.4147088e-01
   3.2857734e-01
   2.5274221e-01
   2.1753766e-01
   2.1898258e-01
   1.9493365e-01
   2.1576290e-01
   2.3474741e-01
   2.2693952e-01
   1.9884620e-01
   1.6689993e-01
   1.8656385e-01
   2.0093393e-01
   1.1446621e-01
   1.8351275e-01
   2.0405843e-01
   2.5732114e-01
   2.2346733e-01
   2.5803080e-01
   3.0442057e-01
   2.1101417e-01
   2.3766382e-01
   2.0357220e-01
   1.4040417e-01
   1.9127783e-01
   2.9646787e-01
   3.1304414e-01
   3.6406090e-01
   3.4885491e-01
   2.4945142e-01
   2.2189108e-01
   2.0976457e-01
   2.8680617e-01
   2.7505255e-01
   3.1283914e-01
   3.2471209e-01
   2.3441331e-01
   2.0728423e-01
   1.8263008e-01
   1.1259765e-01
   2.0325319e-01
   1.9474162e-01
   2.0469194e-01
   2.1861214e-01
   1.4924508e-01
   2.2434316e-01
   2.5316786e-01
   2.8228761e-01
   2.6914310e-01
   2.7907020e-01
   2.6655589e-01
   1.8233081e-01
   2.0816197e-01
   2.1198322e-01
   2.2289004e-01
   2.0174936e-01
   1.8472499e-01
   1.8631298e-01
   2.3983479e-01
   2.1442723e-01
   1.5445958e-01
   3.4354726e-01
   3.1435501e-01
   2.5623756e-01
   2.4232642e-01
   1.9527624e-01
   1.6863149e-01
   1.6014798e-01
   2.9515825e-01
   2.8085475e-01
   3.7013608e-01
   3.8661124e-01
   2.7030313e-01
   1.8978385e-01
   1.1265975e-01
   3.0923031e-02
   2.1137105e-01
   2.8558871e-01
   3.1096597e-01
   3.3133304e-01
   2.5874493e-01
   1.9254996e-01
   1.0588274e-01
   1.8080800e-01
   1.6020142e-01
   2.8719919e-01
   3.3920126e-01
   2.3297377e-01
   2.4038903e-01
   1.8118950e-01
   1.3233666e-01
   2.5018367e-01
   2.8160629e-01
   2.6811133e-01
   2.2075693e-01
   1.8389644e-01
   1.3005099e-01
   8.5349360e-02
   1.9222419e-01
   2.6775654e-01
   3.2827556e-01
   3.1988408e-01
   3.2129888e-01
   2.7158394e-01
   2.4217254e-01
   1.8475266e-01
   1.6482457e-01
   2.0341912e-01
   2.7590878e-01
   2.7632955e-01
   2.0054421e-01
   1.6366087e-01
   7.6843656e-02
   1.5699612e-01
   1.4422050e-01
   2.7202746e-01
   3.3088730e-01
   2.1682170e-01
   1.9313904e-01
   1.7713222e-01
   9.6080220e-02
   1.7671125e-01
   1.6927171e-01
   2.6637690e-01
   2.6103104e-01
   2.7498161e-01
   2.3687149e-01
   2.2861540e-01
   2.6328572e-01
   2.2031395e-01
   2.7122094e-01
   2.2825118e-01
   1.5823059e-01
   1.3497237e-01
   1.0746187e-01
   2.1382392e-01
   2.6301525e-01
   2.0751867e-01
   2.6614985e-01
   2.0475354e-01
   1.3870925e-01
   1.1830441e-01
   1.4042175e-01
   1.4447041e-01
   1.7668889e-01
   2.1778939e-01
   2.5449857e-01
   2.5675455e-01
   2.5821825e-01
   2.5588482e-01
   1.7177322e-01
   2.2230244e-01
   1.9446592e-01
   2.0888192e-01
   1.5047970e-01
   1.6325955e-01
   1.9616628e-01
   2.0144309e-01
   2.3928242e-01
   1.9104056e-01
   2.0626625e-01
   1.8600670e-01
   1.2676223e-01
   1.2332314e-01
   1.7787472e-01
   2.2907795e-01
   3.1172961e-01
   3.0077247e-01
   3.0174532e-01
   3.2459898e-01
   2.2950877e-01
   1.3853579e-01
   4.5477477e-02
   1.4639141e-01
   1.4456409e-01
   2.4131543e-01
   2.6863185e-01
   3.0245704e-01
   2.6004363e-01
   1.7421808e-01
   2.0010974e-01
   1.5942656e-01
   1.9623530e-01
   1.5814648e-01
   2.1943485e-01
   1.5193319e-01
   2.2130912e-01
   2.0921845e-01
   1.5554187e-01
   2.6341621e-01
   1.9035449e-01
   1.4176356e-01
   1.4108352e-01
   1.8219508e-01
   2.3529077e-01
   2.1074655e-01
   2.2557882e-01
   1.6585700e-01
   1.0323032e-01
   1.5616419e-01
   2.0645381e-01
   1.7294529e-01
   2.7665194e-01
   3.1499640e-01
   2.3137796e-01
   2.8036956e-01
   2.4409336e-01
   1.8919860e-01
   6.8158254e-02
   1.7524858e-01
   1.7933673e-01
   2.1561442e-01
   2.6918725e-01
   2.0566022e-01
   1.6604843e-01
   8.5964850e-02
   1.1808762e-01
   1.3115449e-01
   2.6190895e-01
   2.9011711e-01
   2.5913048e-01
   2.8212493e-01
   2.1344476e-01
   2.1322751e-01
   1.8326255e-01
   1.6995618e-01
   1.8984555e-01
   1.8918712e-01
   2.2111954e-01
   2.0067106e-01
   1.5155469e-01
   7.4688784e-02
   1.1484884e-01
   1.4466601e-01
   2.2754159e-01
   2.1953276e-01
   2.5447597e-01
   2.7000906e-01
   2.2763602e-01
   1.7851354e-01
   8.9584523e-02
   2.7442829e-02
   1.6131716e-01
   2.7229259e-01
   3.2621557e-01
   2.9572050e-01
   2.6539837e-01
   2.4705529e-01
   1.5235773e-01
   1.0898476e-01
   1.9891258e-01
   2.3935950e-01
   1.7823698e-01
   1.9736762e-01
   1.8924847e-01
   1.8407337e-01
   1.2122947e-01
   9.5067707e-02
   1.8353801e-01
   1.8620443e-01
   2.2361184e-01
   2.3716129e-01
   1.6290654e-01
   1.8238075e-01
   2.3758436e-01
   2.1138565e-01
   2.2156457e-01
   2.0675207e-01
   1.2778605e-01
   1.8998736e-01
   9.2642176e-02
   1.7770018e-01
   2.6863216e-01
   1.9460476e-01
   1.8374294e-01
   1.4610365e-01
   1.1874404e-01
   1.1957484e-01
   1.4510438e-01
   2.5762841e-01
   2.7600322e-01
   2.1520328e-01
   2.0741736e-01
   1.0975693e-01
   1.3146993e-01
   1.5407335e-01
   1.9575365e-01
   1.7676495e-01
   2.7242475e-01
   2.1574634e-01
   1.3019366e-01
   2.1863164e-01
   1.6245080e-01
   1.5847433e-01
   1.6833794e-01
   2.0741449e-01
   1.7691259e-01
   2.1866049e-01
   1.7900073e-01
   1.8705585e-01
   1.8108359e-01
   2.1824091e-01
   2.3536730e-01
   2.1802947e-01
   1.5612646e-01
   1.7178563e-01
   1.8606723e-01
   1.4897889e-01
   1.6797371e-01
   1.5592740e-01
   1.4078454e-01
   1.7764089e-01
   2.2367679e-01
   1.3277109e-01
   1.8040438e-01
   1.6983084e-01
   1.2685892e-01
   1.3169484e-01
   1.1968169e-01
   1.3072446e-01
   1.5921128e-01
   1.7524920e-01
   1.9220456e-01
   2.0370892e-01
   1.3077531e-01
   1.0257696e-01
   1.3577901e-01
   1.2736535e-01
   1.5942382e-01
   1.5964961e-01
   1.9809113e-01
   2.2561332e-01
   2.6258217e-01
   2.2234155e-01
   2.1269936e-01
   2.1919802e-01
   1.2581565e-01
   1.7155062e-01
   1.6391984e-01
   1.3667116e-01
   1.0643962e-01
   1.6474425e-01
   1.2522214e-01
   1.0612341e-01
   1.3484637e-01
   9.3630204e-02
   1.5731970e-01
   2.2904364e-01
   2.0065701e-01
   2.3097840e-01
   2.5033881e-01
   2.4383866e-01
   2.5233788e-01
   1.6865609e-01
   1.8826212e-01
   1.0548964e-01
   9.6866705e-02
   1.8384462e-01
   2.5231411e-01
   3.1399435e-01
   2.5795587e-01
   1.7533230e-01
   1.6838567e-01
   1.1061079e-01
   4.8641583e-02
   1.6847187e-01
   1.6115790e-01
   1.7342039e-01
   1.9669812e-01
   1.1823157e-01
   9.5598066e-02
   7.4162676e-02
   1.1666157e-01
   1.8542878e-01
   2.1818702e-01
   2.2552005e-01
   1.7368457e-01
   1.9909972e-01
   1.7834352e-01
   1.2252876e-01
   1.6331873e-01
   1.7530845e-01
   2.0722110e-01
   1.8056601e-01
   1.0405290e-01
   8.5222478e-02
   1.1384723e-01
   1.5858899e-01
   1.3965073e-01
   1.6635999e-01
   1.4212223e-01
   1.6047055e-01
   1.6644807e-01
   1.2456850e-01
   1.8019428e-01
   1.2462697e-01
   1.9614783e-01
   1.9492447e-01
   1.1506086e-01
   1.2870378e-01
   2.1682002e-01
   2.0674353e-01
   2.4920520e-01
   2.9330649e-01
   1.6212822e-01
   1.2148158e-01
   1.1151645e-01
   1.1122721e-01
   1.3015628e-01
   1.6321395e-01
   2.0920730e-01
   2.0647750e-01
   1.8261692e-01
   1.7522431e-01
   5.9650498e-02
   1.2674271e-01
   1.6981132e-01
   1.7624362e-01
   2.9560321e-01
   3.0962459e-01
   2.5440764e-01
   2.3940480e-01
   1.4122815e-01
   7.3644720e-02
   5.7481861e-02
   1.4355838e-01
   2.1787945e-01
   2.0328598e-01
   2.4501516e-01
   2.1355845e-01
   1.6542053e-01
   1.0740138e-01
   1.5111775e-01
   1.1546331e-01
   1.8873932e-01
   1.9526227e-01
   1.3982689e-01
   1.0371141e-01
   4.3608072e-02
   1.3576440e-01
   1.4526319e-01
   1.9191834e-01
   1.5837584e-01
   1.5392365e-01
   1.1384274e-01
   8.6747905e-02
   1.6205004e-01
   1.8428838e-01
   1.8398960e-01
   2.2514096e-01
   1.9650280e-01
   1.3505612e-01
   1.3267709e-01
   8.2413059e-02
   1.0294745e-01
   1.4430763e-01
   2.0223446e-01
   1.9502557e-01
   1.8999462e-01
   2.2686296e-01
   1.7215908e-01
   1.4084829e-01
   2.8736616e-02
   1.3898526e-01
   1.7756830e-01
   1.6748805e-01
   1.7848021e-01
   2.1679920e-01
   1.9813029e-01
   1.6669597e-01
   1.4414814e-01
   7.2660100e-02
   1.6180015e-01
   1.3064757e-01
   1.9335205e-01
   9.0973263e-02
   1.6733069e-01
   1.3900010e-01
   1.0284691e-01
   1.9055226e-01
   1.7899462e-01
   1.5777624e-01
   1.5896599e-01
   1.6696640e-01
   1.3491400e-01
   1.6875103e-01
   1.8367374e-01
   2.1360126e-01
   1.7493892e-01
   2.4768606e-01
   2.2346182e-01
   1.9230870e-01
   1.7445351e-01
   1.0132408e-01
   5.0341811e-02
   1.4802223e-01
   1.2552133e-01
   2.1966039e-01
   2.5024287e-01
   2.0955403e-01
   2.3673837e-01
   1.6409222e-01
   1.5454707e-01
   7.0801106e-02
   1.2294710e-01
   1.1330738e-01
   1.7958763e-01
   1.6135215e-01
   2.2069200e-01
   2.4151477e-01
   1.2730891e-01
   1.4280641e-01
   1.2913876e-01
   2.2416347e-01
   2.3313626e-01
   1.8038652e-01
   1.4074214e-01
   1.3625811e-01
   1.0892410e-01
   6.5305997e-02
   9.2154544e-02
   9.6743354e-02
   8.0908599e-02
   9.9774895e-02
   1.4197433e-01
   1.3654772e-01
   1.4187145e-01
   1.6915991e-01
   1.8334309e-01
   1.6046632e-01
   1.1074761e-01
   1.6754242e-01
   1.6837103e-01
   1.5235025e-01
   1.8102558e-01
   1.7210456e-01
   1.7600165e-01
   9.0249526e-02
   5.2042865e-02
   6.9661208e-02
   1.3956815e-01
   1.8087264e-01
   1.4770128e-01
   1.5447208e-01
   1.4132215e-01
   9.1940133e-02
   7.0652182e-02
   1.0924962e-01
   1.4640959e-01
   1.5290933e-01
   1.7211549e-01
   2.0969600e-01
   1.6435659e-01
   8.0485317e-02
   1.3228385e-01
   1.2362630e-01
   9.5497421e-02
   1.3265842e-01
   8.9818731e-02
   1.5184322e-01
   1.6493017e-01
   1.4277120e-01
   1.4146713e-01
   1.4876972e-01
   1.3358177e-01
   6.2398905e-02
   1.1672809e-01
   1.3812366e-01
   2.1469935e-01
   2.4508108e-01
   2.4551847e-01
   2.4254911e-01
   1.6503565e-01
   1.5047278e-01
   1.3086114e-01
   6.0614990e-02
   8.1983675e-02
   1.2772216e-01
   1.6340178e-01
   2.5273333e-01
   2.7835008e-01
   2.6070150e-01
   2.9922910e-01
   2.1871210e-01
   1.4655441e-01
   9.6908574e-02
   4.4584153e-02
   1.3109213e-01
   1.8628362e-01
   2.0309828e-01
   1.6044352e-01
   1.4173515e-01
   8.1060489e-02
   5.3723540e-02
   1.3695075e-01
   1.8459446e-01
   2.2921088e-01
   2.1075376e-01
   1.6114887e-01
   1.1835519e-01
   1.6783515e-02
   9.3534202e-02
   1.3465903e-01
   2.4408374e-01
   2.3471326e-01
   2.5083707e-01
   2.2437424e-01
   1.0401458e-01
   8.0071367e-02
   2.0664455e-01
   2.8147392e-01
   3.2567472e-01
   3.7314781e-01
   3.2350008e-01
   3.0226377e-01
   2.1489003e-01
   7.5045743e-02
   6.7676918e-02
   1.6546940e-01
   2.1072020e-01
   2.4578821e-01
   2.7828674e-01
   2.2425731e-01
   1.8804850e-01
   1.6710716e-01
   1.4173224e-01
   4.2495386e-02
   1.7220520e-01
   2.1849349e-01
   1.6733188e-01
   1.7145674e-01
   1.4693894e-01
   1.4227444e-01
   9.3959857e-02
   1.3476923e-01
   1.2940148e-01
   1.3951823e-01
   1.4157890e-01
   9.7558693e-02
   1.5855240e-01
   1.9654111e-01
   1.9017151e-01
   1.2416609e-01
   1.2293152e-01
   1.1601244e-01
   7.8647753e-02
   7.2412521e-02
   1.4972750e-01
   1.2363185e-01
   1.2165745e-01
   1.8329005e-01
   2.0879608e-01
   1.9813700e-01
   1.5015555e-01
   8.8123654e-02
   1.1497820e-01
   1.2161086e-01
   1.5004338e-01
   1.9490821e-01
   1.4339260e-01
   1.5188780e-01
   1.3356021e-01
   3.3899100e-02
   8.3760759e-02
   1.1435174e-01
   1.2035508e-01
   1.6981181e-01
   1.7641731e-01
   1.1344816e-01
   9.1640791e-02
   1.3731640e-01
   1.0150576e-01
   1.4380307e-01
   2.0182331e-01
   1.5323212e-01
   1.3448091e-01
   1.6220186e-01
   7.4076327e-02
   6.8003464e-02
   1.7315620e-01
   2.5887512e-01
   2.9376400e-01
   3.3175889e-01
   3.6374075e-01
   2.8189296e-01
   1.9455881e-01
   1.5723442e-01
   1.7055630e-01
   2.1682678e-01
   2.9794805e-01
   3.7918266e-01
   4.0603217e-01
   3.4764235e-01
   2.0095484e-01
   7.0345745e-02
   9.5993271e-02
   2.1864801e-01
   2.6121005e-01
   3.3242512e-01
   3.4878288e-01
   2.5609391e-01
   1.9104771e-01
   9.7244769e-02
   9.2211011e-02
   1.7838775e-01
   2.4835266e-01
   2.4656369e-01
   2.1665447e-01
   1.4489278e-01
   7.3549362e-02
   4.1698891e-02
   1.2321318e-01
   2.1194212e-01
   2.3714154e-01
   2.2854429e-01
   1.7314923e-01
   1.2789716e-01
   1.0546163e-01
   1.4807353e-01
   1.9545318e-01
   2.3870340e-01
   2.5000175e-01
   2.3893157e-01
   2.2531774e-01
   1.7144680e-01
   9.7272976e-02
   8.7883332e-02
   2.6914738e-02
   1.2522663e-01
   1.5250784e-01
   1.3598662e-01
   8.9717108e-02
   1.1609917e-01
   1.0811179e-01
   7.7947005e-02
   1.3200109e-01
   1.6177914e-01
   1.4065771e-01
   1.0320602e-01
   1.4110015e-01
   1.1018086e-01
   8.5926893e-02
   1.3390697e-01
   1.1588558e-01
   1.2444442e-01
   2.0452243e-01
   1.7847616e-01
   2.0989219e-01
   1.7212288e-01
   1.6408053e-01
   1.3740364e-01
   1.3245604e-01
   1.0539313e-01
   1.6511681e-01
   2.2162320e-01
   1.5617987e-01
   1.8518826e-01
   8.5953931e-02
   9.3545272e-02
   7.1281528e-02
   1.2142119e-01
   1.2041730e-01
   1.6013437e-01
   2.1914524e-01
   1.6216427e-01
   1.8290656e-01
   1.6441936e-01
   1.0083658e-01
   1.1139406e-01
   7.1960176e-02
   1.5314070e-01
   1.1848316e-01
   9.6364569e-02
   1.4371236e-01
   6.3596831e-02
   1.1647577e-01
   8.7259005e-02
   9.6830952e-02
   1.9457165e-01
   2.1812892e-01
   1.6748949e-01
   2.0964741e-01
   1.6698534e-01
   9.6586867e-02
   1.7194638e-01
   1.1421941e-01
   4.0833750e-02
   7.5239123e-02
   1.5390420e-01
   1.8623586e-01
   2.0482770e-01
   2.0304921e-01
   1.7536300e-01
   1.7527635e-01
   1.8940284e-01
   9.5325806e-02
   9.7583951e-02
   1.0107123e-01
   8.8836902e-02
   1.8768733e-01
   9.1407231e-02
   5.5498137e-02
   6.8872105e-02
   1.0610068e-01
   1.1347808e-01
   1.9650210e-01
   2.1427933e-01
   1.9452509e-01
   1.8513834e-01
   4.9566449e-02
   1.5292189e-01
   1.3539675e-01
   1.0029465e-01
   1.3643022e-01
   1.1169861e-01
   1.1853144e-01
   1.1201862e-01
   1.1515222e-01
   1.0137805e-01
   7.3544386e-02
   1.5620724e-01
   1.4864564e-01
   1.4117087e-01
   1.3597197e-01
   1.1575453e-01
   9.7203989e-02
   8.5004095e-02
   8.9480081e-02
   9.1697173e-02
   6.4552392e-02
   1.3421511e-01
   1.5631222e-01
   9.5381942e-02
   1.3794180e-01
   1.0673274e-01
   1.1272669e-01
   1.0481472e-01
   9.5842187e-02
   1.4885476e-01
   1.5774641e-01
   1.3257754e-01
   9.3042022e-02
   1.1110627e-01
   1.2568134e-01
   5.4875866e-02
   6.1191776e-02
   7.8899007e-02
   1.6308757e-01
   1.6224483e-01
   2.1959124e-01
   2.4208073e-01
   1.6342380e-01
   1.8576276e-01
   1.3407430e-01
   7.2371655e-02
   1.0587095e-02
   9.5856577e-02
   1.1559297e-01
   1.2234232e-01
   1.5043024e-01
   1.1405823e-01
   1.3124400e-01
   1.1342378e-01
   1.1145586e-01
   1.4624870e-01
   1.2521953e-01
   1.5530234e-01
   1.3061660e-01
   8.8048149e-02
   1.1946691e-01
   7.3765050e-02
   1.7280043e-01
   1.8109945e-01
   1.4415786e-01
   2.0394820e-01
   1.8000800e-01
   1.6053880e-01
   1.1391889e-01
   1.1217555e-01
   1.3478290e-01
   1.2980257e-01
   1.4740798e-01
   1.4406725e-01
   6.6370826e-02
   9.7373335e-02
   7.4863368e-02
   8.1820903e-02
   1.4126365e-01
   6.8762257e-02
   1.8736018e-01
   1.8154358e-01
   1.2334878e-01
   1.1870848e-01
   1.5279626e-01
   1.3157804e-01
   1.5871235e-01
   1.6846496e-01
   1.1646500e-01
   9.3554697e-02
   6.2331223e-02
   9.8222788e-02
   1.1497954e-01
   1.1561257e-01
   1.1094673e-01
   8.1122243e-02
   8.3020692e-02
   1.4441563e-01
   1.7854106e-01
   1.4428366e-01
   1.0745627e-01
   1.3830882e-01
   5.6396989e-02
   5.2852929e-02
   2.0658164e-02
   1.0866774e-01
   9.4298945e-02
   1.5564475e-01
   1.9717416e-01
   2.2341562e-01
   1.9501584e-01
   1.0427461e-01
   4.8502898e-02
   1.0136063e-01
   1.8522359e-01
   1.4604547e-01
   1.7202205e-01
   1.6750536e-01
   1.2612655e-01
   7.9709994e-02
   1.6876905e-02
   1.2783746e-01
   1.9587314e-01
   2.1244811e-01
   2.3478591e-01
   2.1571858e-01
   1.5206459e-01
   5.6789097e-02
   6.7593894e-02
   1.6660421e-01
   2.1892789e-01
   2.5204866e-01
   2.8203104e-01
   2.3302032e-01
   1.2302849e-01
   5.2171146e-02
   3.8818514e-02
   1.2120824e-01
   2.0613551e-01
   2.5197544e-01
   2.5630995e-01
   2.1501975e-01
   1.5982363e-01
   1.4774614e-01
   7.2498035e-02
   1.4066960e-02
   5.1103972e-02
   1.0647158e-01
   1.4868855e-01
   1.7175388e-01
   1.2746443e-01
   7.4019916e-02
   1.1947269e-01
   1.4117869e-01
   9.2473983e-02
   1.4166177e-01
   1.5456906e-01
   1.5535949e-01
   1.0606845e-01
   4.6032574e-02
   5.4191305e-02
   7.4479776e-02
   1.2283833e-01
   1.3865726e-01
   1.7164706e-01
   1.0904142e-01
   1.6970685e-01
   1.1877522e-01
   5.9134637e-02
   1.0154362e-01
   1.3495964e-01
   1.5475935e-01
   1.4749436e-01
   1.6083249e-01
   9.6334577e-02
   5.3649124e-02
   6.9167001e-02
   1.3212572e-01
   2.0849651e-01
   2.2239887e-01
   1.9832875e-01
   1.9668073e-01
   1.2658018e-01
   5.1640379e-02
   9.4943637e-02
   1.1498417e-01
   1.4335901e-01
   1.8617458e-01
   1.6819763e-01
   1.0307908e-01
   6.1682554e-02
   7.1263491e-02
   1.3166435e-01
   1.3645138e-01
   1.5251545e-01
   1.8083665e-01
   1.8220871e-01
   1.2314190e-01
   8.1837997e-02
   8.9892934e-02
   8.0795123e-02
   1.4211729e-01
   1.9042828e-01
   1.8607141e-01
   1.0646460e-01
   7.2961296e-02
   7.5940486e-04
   9.5181212e-02
   1.4561385e-01
   2.4805212e-01
   2.2803617e-01
   1.6090505e-01
   2.0475885e-01
   1.1049569e-01
   3.3794240e-02
   5.8256270e-02
   1.7310728e-01
   1.9663701e-01
   2.4211554e-01
   2.4116148e-01
   1.3905557e-01
   1.0574925e-01
   4.3469311e-02
   5.9381980e-02
   1.3369061e-01
   1.7700242e-01
   1.5950627e-01
   1.7539304e-01
   1.6084717e-01
   3.9163817e-02
   7.5504024e-02
   7.3326665e-02
   1.2475506e-01
   1.9530886e-01
   1.4088406e-01
   1.1095874e-01
   1.0286174e-01
   3.4633158e-02
   1.1852656e-01
   1.5441892e-01
   1.6211041e-01
   1.3122213e-01
   1.7877148e-01
   1.4673616e-01
   7.4075853e-02
   5.1783829e-02
   6.3407787e-02
   1.2284070e-01
   1.2623745e-01
   1.7959656e-01
   1.6683167e-01
   1.3687851e-01
   1.2399854e-01
   1.0566058e-01
   4.7582060e-02
   1.3508567e-01
   9.6227927e-02
   1.7032640e-01
   2.1147526e-01
   1.9372491e-01
   1.6217408e-01
   7.9004499e-02
   8.5424289e-02
   7.0621270e-02
   1.5602513e-01
   1.2312545e-01
   1.4862377e-01
   1.6231572e-01
   7.8804764e-02
   6.7996774e-02
   8.6420820e-02
   8.9676181e-02
   1.6064661e-01
   1.0974510e-01
   8.6852271e-02
   1.0689423e-01
   5.7818932e-02
   5.3066326e-02
   1.1680158e-01
   1.5356373e-01
   1.6875516e-01
   2.1572648e-01
   1.9580289e-01
   9.7248636e-02
   5.0179271e-02
   3.2333979e-02
   8.1177065e-02
   1.2403470e-01
   1.4695448e-01
   1.7759044e-01
   9.9529561e-02
   9.3803344e-02
   1.0609214e-01
   1.0492675e-01
   7.6660561e-02
   8.8956212e-02
   9.5802254e-02
   1.4197934e-01
   1.4586848e-01
   1.4825929e-01
   1.0805291e-01
   1.0731930e-01
   9.3058132e-02
   1.1815121e-01
   1.2634091e-01
   1.3669728e-01
   1.6188434e-01
   1.1326678e-01
   2.0302696e-01
   8.8765658e-02
   1.0303422e-01
   1.2954949e-01
   1.3928997e-01
   1.1280380e-01
   1.1801542e-01
   1.2232155e-01
   7.4813058e-02
   1.1960580e-01
   2.2296787e-02
   8.4932289e-02
   1.2056777e-01
   1.3824786e-01
   1.3712215e-01
   1.7047240e-01
   1.2419079e-01
   9.9635149e-02
   8.9551144e-02
   1.1320299e-01
   1.3638864e-01
   9.8057774e-02
   1.2697365e-01
   1.2068480e-01
   3.8054009e-02
   7.3530957e-02
   9.1077003e-02
   1.1401663e-01
   5.7770176e-02
   1.2929905e-01
   1.1658714e-01
   3.6742963e-02
