   0.0000000e+00
  -2.6048450e+00
  -5.2361806e+00
  -7.7996379e+00
  -1.0286236e+01
  -1.2712840e+01
  -1.5087944e+01
  -1.7486691e+01
  -1.9954176e+01
  -2.2476584e+01
  -2.5032242e+01
  -2.7607846e+01
  -3.0186160e+01
  -3.2749578e+01
  -3.5283672e+01
  -3.7748779e+01
  -4.0080620e+01
  -4.2210847e+01
  -4.4264895e+01
  -4.6481565e+01
  -4.8838803e+01
  -5.1240958e+01
  -5.3635750e+01
  -5.5994987e+01
  -5.8319959e+01
  -6.0659601e+01
  -6.3054386e+01
  -6.5509260e+01
  -6.8015140e+01
  -7.0556693e+01
  -7.3121444e+01
  -7.5700499e+01
  -7.8286903e+01
  -8.0877970e+01
  -8.3469907e+01
  -8.6058433e+01
  -8.8641003e+01
  -9.1216066e+01
  -9.3783233e+01
  -9.6340568e+01
  -9.8887786e+01
  -1.0142768e+02
  -1.0396228e+02
  -1.0649568e+02
  -1.0903244e+02
  -1.1157487e+02
  -1.1412549e+02
  -1.1668472e+02
  -1.1925179e+02
  -1.2182608e+02
  -1.2440439e+02
  -1.2698465e+02
  -1.2956518e+02
  -1.3214192e+02
  -1.3471192e+02
  -1.3727178e+02
  -1.3981656e+02
  -1.4234165e+02
  -1.4484287e+02
  -1.4731896e+02
  -1.4977208e+02
  -1.5221066e+02
  -1.5464827e+02
  -1.5709363e+02
  -1.5954992e+02
  -1.6201311e+02
  -1.6447045e+02
  -1.6690726e+02
  -1.6930189e+02
  -1.7163365e+02
  -1.7391263e+02
  -1.7618773e+02
  -1.7851041e+02
  -1.8089540e+02
  -1.8332514e+02
  -1.8577398e+02
  -1.8821749e+02
  -1.9063559e+02
  -1.9301913e+02
  -1.9537530e+02
  -1.9773495e+02
  -2.0013197e+02
  -2.0257865e+02
  -2.0507145e+02
  -2.0759606e+02
  -2.1013788e+02
  -2.1268824e+02
  -2.1523385e+02
  -2.1776373e+02
  -2.2027223e+02
  -2.2274935e+02
  -2.2519722e+02
  -2.2764424e+02
  -2.3012041e+02
  -2.3264169e+02
  -2.3521164e+02
  -2.3781601e+02
  -2.4044755e+02
  -2.4309978e+02
  -2.4575068e+02
  -2.4839372e+02
  -2.5101717e+02
  -2.5360877e+02
  -2.5616790e+02
  -2.5868565e+02
  -2.6117390e+02
  -2.6365779e+02
  -2.6615670e+02
  -2.6868237e+02
  -2.7122915e+02
  -2.7379089e+02
  -2.7636332e+02
  -2.7893906e+02
  -2.8150972e+02
  -2.8406655e+02
  -2.8660791e+02
  -2.8912818e+02
  -2.9162350e+02
  -2.9410305e+02
  -2.9657637e+02
  -2.9905884e+02
  -3.0156270e+02
  -3.0408341e+02
  -3.0661593e+02
  -3.0915528e+02
  -3.1167329e+02
  -3.1405525e+02
  -3.1578571e+02
  -3.1736488e+02
  -3.1973120e+02
  -3.2228161e+02
  -3.2488375e+02
  -3.2751539e+02
  -3.3017690e+02
  -3.3284223e+02
  -3.3551636e+02
  -3.3824548e+02
  -3.4108580e+02
  -3.3883305e+02
  -3.3623854e+02
  -3.3905862e+02
  -3.4175712e+02
  -3.4441848e+02
  -3.4705109e+02
  -3.4965514e+02
  -3.5222324e+02
  -3.5472124e+02
  -3.5712302e+02
  -3.5942183e+02
  -3.6168907e+02
  -3.6403291e+02
  -3.6647217e+02
  -3.6897917e+02
  -3.7152460e+02
  -3.7408236e+02
  -3.7663698e+02
  -3.7917711e+02
  -3.8168523e+02
  -3.8414497e+02
  -3.8656134e+02
  -3.8895801e+02
  -3.9136884e+02
  -3.9382287e+02
  -3.9632548e+02
  -3.9887139e+02
  -4.0144427e+02
  -4.0402371e+02
  -4.0660814e+02
  -4.0919297e+02
  -4.1175990e+02
  -4.1428704e+02
  -4.1677092e+02
  -4.1922783e+02
  -4.2166413e+02
  -4.2411629e+02
  -4.2662441e+02
  -4.2917624e+02
  -4.3176897e+02
  -4.3439581e+02
  -4.3702929e+02
  -4.3966523e+02
  -4.4229824e+02
  -4.4491661e+02
  -4.4750412e+02
  -4.5004159e+02
  -4.5252269e+02
  -4.5495784e+02
  -4.5738326e+02
  -4.5984104e+02
  -4.6235909e+02
  -4.6493416e+02
  -4.6754064e+02
  -4.7016519e+02
  -4.7279825e+02
  -4.7543623e+02
  -4.7806936e+02
  -4.8067417e+02
  -4.8324222e+02
  -4.8575218e+02
  -4.8816584e+02
  -4.9051152e+02
  -4.9290009e+02
  -4.9538982e+02
  -4.9796874e+02
  -5.0061753e+02
  -5.0330815e+02
  -5.0603509e+02
  -5.0877761e+02
  -5.1150883e+02
  -5.1424435e+02
  -5.1696743e+02
  -5.1965083e+02
  -5.2227807e+02
  -5.2482279e+02
  -5.2726131e+02
  -5.2963720e+02
  -5.3206156e+02
  -5.3457162e+02
  -5.3713969e+02
  -5.3973784e+02
  -5.4235539e+02
  -5.4499123e+02
  -5.4762140e+02
  -5.5023898e+02
  -5.5284154e+02
  -5.5541074e+02
  -5.5794533e+02
  -5.6042788e+02
  -5.6284530e+02
  -5.6523597e+02
  -5.6765507e+02
  -5.7013235e+02
  -5.7265855e+02
  -5.7521769e+02
  -5.7780277e+02
  -5.8040392e+02
  -5.8300264e+02
  -5.8557453e+02
  -5.8811812e+02
  -5.9061102e+02
  -5.9301100e+02
  -5.9534417e+02
  -5.9768517e+02
  -6.0011045e+02
  -6.0264246e+02
  -6.0523690e+02
  -6.0788097e+02
  -6.1055670e+02
  -6.1325108e+02
  -6.1597375e+02
  -6.1870382e+02
  -6.2148216e+02
  -6.2426016e+02
  -6.2704074e+02
  -6.2989715e+02
  -6.2994647e+02
  -6.3250003e+02
  -6.3543586e+02
  -6.3838587e+02
  -6.4128168e+02
  -6.4415873e+02
  -6.4703992e+02
  -6.4986218e+02
  -6.5263690e+02
  -6.5544112e+02
  -6.5822357e+02
  -6.6097559e+02
  -6.6371392e+02
  -6.6640990e+02
  -6.6905959e+02
  -6.7149439e+02
  -6.7316178e+02
  -6.7518559e+02
  -6.7772899e+02
  -6.8038234e+02
  -6.8312169e+02
  -6.8585983e+02
  -6.8858237e+02
  -6.9133058e+02
  -6.9405874e+02
  -6.9680574e+02
  -6.9952444e+02
  -7.0216719e+02
  -7.0476265e+02
  -7.0707192e+02
  -7.0897732e+02
  -7.1119964e+02
  -7.1369588e+02
  -7.1631774e+02
  -7.1902162e+02
  -7.2170701e+02
  -7.2442464e+02
  -7.2714279e+02
  -7.2983357e+02
  -7.3254252e+02
  -7.3521174e+02
  -7.3781347e+02
  -7.4027917e+02
  -7.4243128e+02
  -7.4445795e+02
  -7.4680145e+02
  -7.4937821e+02
  -7.5203730e+02
  -7.5470337e+02
  -7.5744609e+02
  -7.6019164e+02
  -7.6292842e+02
  -7.6570564e+02
  -7.6846724e+02
  -7.7125185e+02
  -7.7399860e+02
  -7.7670901e+02
  -7.7896664e+02
  -7.7986433e+02
  -7.8251639e+02
  -7.8530940e+02
  -7.8805596e+02
  -7.9087936e+02
  -7.9366386e+02
  -7.9649540e+02
  -7.9928928e+02
  -8.0205118e+02
  -8.0485331e+02
  -8.0760860e+02
  -8.1035059e+02
  -8.1305153e+02
  -8.1571445e+02
  -8.1787443e+02
  -8.1881933e+02
  -8.2133815e+02
  -8.2403769e+02
  -8.2674358e+02
  -8.2949208e+02
  -8.3221336e+02
  -8.3496539e+02
  -8.3773064e+02
  -8.4045898e+02
  -8.4316921e+02
  -8.4586528e+02
  -8.4859656e+02
  -8.5102881e+02
  -8.5227149e+02
  -8.5441082e+02
  -8.5703127e+02
  -8.5973953e+02
  -8.6249501e+02
  -8.6526589e+02
  -8.6805378e+02
  -8.7083570e+02
  -8.7361694e+02
  -8.7636619e+02
  -8.7912096e+02
  -8.8187510e+02
  -8.8458023e+02
  -8.8715710e+02
  -8.8883311e+02
  -8.9056196e+02
  -8.9314415e+02
  -8.9584994e+02
  -8.9856044e+02
  -9.0130998e+02
  -9.0408633e+02
  -9.0683081e+02
  -9.0957758e+02
  -9.1234160e+02
  -9.1510585e+02
  -9.1786883e+02
  -9.2055052e+02
  -9.2318680e+02
  -9.2505490e+02
  -9.2638037e+02
  -9.2897623e+02
  -9.3170128e+02
  -9.3441588e+02
  -9.3722725e+02
  -9.3996949e+02
  -9.4276314e+02
  -9.4559808e+02
  -9.4836507e+02
  -9.5117735e+02
  -9.5396676e+02
  -9.5676644e+02
  -9.5954412e+02
  -9.6233422e+02
  -9.6225948e+02
  -9.6495095e+02
  -9.6769086e+02
  -9.7047591e+02
  -9.7323611e+02
  -9.7601677e+02
  -9.7878927e+02
  -9.8155977e+02
  -9.8433109e+02
  -9.8707097e+02
  -9.8979259e+02
  -9.9248061e+02
  -9.9506580e+02
  -9.9721473e+02
  -9.9867662e+02
  -1.0010716e+03
  -1.0036837e+03
  -1.0063586e+03
  -1.0090858e+03
  -1.0118329e+03
  -1.0145641e+03
  -1.0172851e+03
  -1.0200253e+03
  -1.0227550e+03
  -1.0254702e+03
  -1.0281181e+03
  -1.0306425e+03
  -1.0329445e+03
  -1.0349219e+03
  -1.0371428e+03
  -1.0396864e+03
  -1.0423758e+03
  -1.0450901e+03
  -1.0477882e+03
  -1.0505139e+03
  -1.0532565e+03
  -1.0559821e+03
  -1.0586985e+03
  -1.0613610e+03
  -1.0639687e+03
  -1.0664332e+03
  -1.0685240e+03
  -1.0705692e+03
  -1.0729835e+03
  -1.0755540e+03
  -1.0781991e+03
  -1.0808930e+03
  -1.0835981e+03
  -1.0863263e+03
  -1.0890449e+03
  -1.0917221e+03
  -1.0944110e+03
  -1.0970453e+03
  -1.0995358e+03
  -1.1018640e+03
  -1.1039371e+03
  -1.1061261e+03
  -1.1086167e+03
  -1.1112521e+03
  -1.1139149e+03
  -1.1166160e+03
  -1.1193317e+03
  -1.1220507e+03
  -1.1247867e+03
  -1.1275029e+03
  -1.1301848e+03
  -1.1328255e+03
  -1.1353429e+03
  -1.1374270e+03
  -1.1392136e+03
  -1.1415807e+03
  -1.1442127e+03
  -1.1469216e+03
  -1.1496366e+03
  -1.1523763e+03
  -1.1551325e+03
  -1.1578775e+03
  -1.1606321e+03
  -1.1634197e+03
  -1.1661877e+03
  -1.1688834e+03
  -1.1713581e+03
  -1.1725057e+03
  -1.1744872e+03
  -1.1771657e+03
  -1.1798849e+03
  -1.1826674e+03
  -1.1854113e+03
  -1.1881967e+03
  -1.1909785e+03
  -1.1937565e+03
  -1.1965985e+03
  -1.1993344e+03
  -1.2021542e+03
  -1.2050757e+03
  -1.2080236e+03
  -1.2066534e+03
  -1.2035521e+03
  -1.2064195e+03
  -1.2093013e+03
  -1.2121117e+03
  -1.2149584e+03
  -1.2177687e+03
  -1.2205913e+03
  -1.2234660e+03
  -1.2263139e+03
  -1.2292198e+03
  -1.2321320e+03
  -1.2351329e+03
  -1.2382710e+03
  -1.2353297e+03
  -1.2323544e+03
  -1.2293568e+03
  -1.2323670e+03
  -1.2353466e+03
  -1.2382512e+03
  -1.2411212e+03
  -1.2439884e+03
  -1.2469026e+03
  -1.2497920e+03
  -1.2527533e+03
  -1.2556879e+03
  -1.2586898e+03
  -1.2617358e+03
  -1.2647866e+03
  -1.2618379e+03
  -1.2649105e+03
  -1.2680042e+03
  -1.2709812e+03
  -1.2740005e+03
  -1.2769374e+03
  -1.2799234e+03
  -1.2829474e+03
  -1.2859225e+03
  -1.2889486e+03
  -1.2919421e+03
  -1.2948471e+03
  -1.2978792e+03
  -1.3007808e+03
  -1.3036958e+03
  -1.3066458e+03
  -1.3096424e+03
  -1.3126817e+03
  -1.3095882e+03
  -1.3066568e+03
  -1.3036149e+03
  -1.3004775e+03
  -1.3034488e+03
  -1.3063612e+03
  -1.3092006e+03
  -1.3120468e+03
  -1.3148117e+03
  -1.3176267e+03
  -1.3203901e+03
  -1.3231422e+03
  -1.3260064e+03
  -1.3287820e+03
  -1.3307941e+03
  -1.3314032e+03
  -1.3340357e+03
  -1.3368165e+03
  -1.3395451e+03
  -1.3422785e+03
  -1.3450367e+03
  -1.3477812e+03
  -1.3505258e+03
  -1.3532381e+03
  -1.3559367e+03
  -1.3585958e+03
  -1.3611593e+03
  -1.3634255e+03
  -1.3653565e+03
  -1.3675856e+03
  -1.3701325e+03
  -1.3727752e+03
  -1.3754459e+03
  -1.3781323e+03
  -1.3808433e+03
  -1.3835494e+03
  -1.3862476e+03
  -1.3889324e+03
  -1.3915535e+03
  -1.3940714e+03
  -1.3964268e+03
  -1.3985788e+03
  -1.4007958e+03
  -1.4032591e+03
  -1.4058740e+03
  -1.4085172e+03
  -1.4112011e+03
  -1.4139092e+03
  -1.4166122e+03
  -1.4192962e+03
  -1.4219802e+03
  -1.4246943e+03
  -1.4273075e+03
  -1.4298023e+03
  -1.4321328e+03
  -1.4342147e+03
  -1.4364784e+03
  -1.4390062e+03
  -1.4416155e+03
  -1.4442792e+03
  -1.4469595e+03
  -1.4496444e+03
  -1.4523497e+03
  -1.4550539e+03
  -1.4577308e+03
  -1.4603508e+03
  -1.4629186e+03
  -1.4653699e+03
  -1.4675573e+03
  -1.4697213e+03
  -1.4721720e+03
  -1.4747606e+03
  -1.4773793e+03
  -1.4800648e+03
  -1.4827601e+03
  -1.4854634e+03
  -1.4881701e+03
  -1.4908457e+03
  -1.4935631e+03
  -1.4962117e+03
  -1.4987067e+03
  -1.5011261e+03
  -1.5033397e+03
  -1.5054989e+03
  -1.5079218e+03
  -1.5105271e+03
  -1.5131774e+03
  -1.5158760e+03
  -1.5185837e+03
  -1.5212663e+03
  -1.5240045e+03
  -1.5267386e+03
  -1.5294150e+03
  -1.5320829e+03
  -1.5346331e+03
  -1.5369519e+03
  -1.5389444e+03
  -1.5410946e+03
  -1.5435451e+03
  -1.5461939e+03
  -1.5489134e+03
  -1.5516383e+03
  -1.5543861e+03
  -1.5570945e+03
  -1.5598218e+03
  -1.5625752e+03
  -1.5652274e+03
  -1.5679014e+03
  -1.5705154e+03
  -1.5726614e+03
  -1.5744444e+03
  -1.5767628e+03
  -1.5793659e+03
  -1.5820369e+03
  -1.5847364e+03
  -1.5874872e+03
  -1.5901897e+03
  -1.5929265e+03
  -1.5957197e+03
  -1.5984368e+03
  -1.6011655e+03
  -1.6038425e+03
  -1.6063939e+03
  -1.6083299e+03
  -1.6098412e+03
  -1.6123548e+03
  -1.6150423e+03
  -1.6177251e+03
  -1.6204832e+03
  -1.6232347e+03
  -1.6259999e+03
  -1.6288058e+03
  -1.6315504e+03
  -1.6342939e+03
  -1.6371158e+03
  -1.6400358e+03
  -1.6370626e+03
  -1.6353326e+03
  -1.6384734e+03
  -1.6413887e+03
  -1.6442237e+03
  -1.6469978e+03
  -1.6498387e+03
  -1.6526770e+03
  -1.6555117e+03
  -1.6583283e+03
  -1.6612169e+03
  -1.6642708e+03
  -1.6672747e+03
  -1.6643482e+03
  -1.6612928e+03
  -1.6644111e+03
  -1.6673825e+03
  -1.6703673e+03
  -1.6733187e+03
  -1.6762998e+03
  -1.6792304e+03
  -1.6822903e+03
  -1.6791543e+03
  -1.6821549e+03
  -1.6852173e+03
  -1.6882693e+03
  -1.6911740e+03
  -1.6940224e+03
  -1.6969145e+03
  -1.6997928e+03
  -1.7026241e+03
  -1.7054754e+03
  -1.7083097e+03
  -1.7113092e+03
  -1.7094040e+03
  -1.7066295e+03
  -1.7096156e+03
  -1.7124539e+03
  -1.7152619e+03
  -1.7180138e+03
  -1.7208070e+03
  -1.7235464e+03
  -1.7263010e+03
  -1.7290744e+03
  -1.7317905e+03
  -1.7344765e+03
  -1.7370013e+03
  -1.7389443e+03
  -1.7405567e+03
  -1.7429915e+03
  -1.7456241e+03
  -1.7483006e+03
  -1.7510329e+03
  -1.7537810e+03
  -1.7564961e+03
  -1.7592061e+03
  -1.7619101e+03
  -1.7646065e+03
  -1.7672554e+03
  -1.7697994e+03
  -1.7720831e+03
  -1.7740589e+03
  -1.7763239e+03
  -1.7788263e+03
  -1.7814487e+03
  -1.7841539e+03
  -1.7868480e+03
  -1.7895476e+03
  -1.7922742e+03
  -1.7950106e+03
  -1.7977046e+03
  -1.8003846e+03
  -1.8030303e+03
  -1.8054820e+03
  -1.8076562e+03
  -1.8097032e+03
  -1.8120407e+03
  -1.8145816e+03
  -1.8172190e+03
  -1.8199303e+03
  -1.8226564e+03
  -1.8253731e+03
  -1.8281074e+03
  -1.8308129e+03
  -1.8335189e+03
  -1.8361769e+03
  -1.8387369e+03
  -1.8411165e+03
  -1.8430856e+03
  -1.8452276e+03
  -1.8477274e+03
  -1.8503247e+03
  -1.8530001e+03
  -1.8557017e+03
  -1.8584130e+03
  -1.8611452e+03
  -1.8638551e+03
  -1.8665618e+03
  -1.8692679e+03
  -1.8718961e+03
  -1.8744055e+03
  -1.8767652e+03
  -1.8788571e+03
  -1.8810389e+03
  -1.8835144e+03
  -1.8861442e+03
  -1.8888246e+03
  -1.8915294e+03
  -1.8942316e+03
  -1.8969622e+03
  -1.8996516e+03
  -1.9023035e+03
  -1.9049925e+03
  -1.9075965e+03
  -1.9100573e+03
  -1.9123718e+03
  -1.9145301e+03
  -1.9168300e+03
  -1.9193737e+03
  -1.9220219e+03
  -1.9246792e+03
  -1.9273652e+03
  -1.9300703e+03
  -1.9327883e+03
  -1.9355014e+03
  -1.9381880e+03
  -1.9408404e+03
  -1.9434417e+03
  -1.9458603e+03
  -1.9477510e+03
  -1.9497891e+03
  -1.9522724e+03
  -1.9548698e+03
  -1.9575875e+03
  -1.9602969e+03
  -1.9629760e+03
  -1.9657202e+03
  -1.9684580e+03
  -1.9712131e+03
  -1.9739224e+03
  -1.9766047e+03
  -1.9791906e+03
  -1.9799496e+03
  -1.9820666e+03
  -1.9849034e+03
  -1.9876021e+03
  -1.9903539e+03
  -1.9931505e+03
  -1.9958853e+03
  -1.9986721e+03
  -2.0014405e+03
  -2.0042141e+03
  -2.0070261e+03
  -2.0098542e+03
  -2.0129438e+03
  -2.0107550e+03
  -2.0078882e+03
  -2.0048653e+03
  -2.0076810e+03
  -2.0105234e+03
  -2.0133608e+03
  -2.0162087e+03
  -2.0190021e+03
  -2.0218610e+03
  -2.0247441e+03
  -2.0276061e+03
  -2.0244885e+03
  -2.0275700e+03
  -2.0250564e+03
  -2.0219283e+03
  -2.0249208e+03
  -2.0278261e+03
  -2.0307021e+03
  -2.0335545e+03
  -2.0364237e+03
  -2.0393173e+03
  -2.0421864e+03
  -2.0451471e+03
  -2.0481465e+03
  -2.0451035e+03
  -2.0421791e+03
  -2.0452425e+03
  -2.0483361e+03
  -2.0512419e+03
  -2.0540805e+03
  -2.0568902e+03
  -2.0597234e+03
  -2.0626105e+03
  -2.0655038e+03
  -2.0683861e+03
  -2.0652740e+03
  -2.0632979e+03
  -2.0663871e+03
  -2.0693789e+03
  -2.0722051e+03
  -2.0750127e+03
  -2.0778052e+03
  -2.0805788e+03
  -2.0833658e+03
  -2.0861112e+03
  -2.0889417e+03
  -2.0917762e+03
  -2.0944220e+03
  -2.0969866e+03
  -2.0972274e+03
  -2.0997290e+03
  -2.1025185e+03
  -2.1053052e+03
  -2.1080264e+03
  -2.1108102e+03
  -2.1135404e+03
  -2.1162764e+03
  -2.1190382e+03
  -2.1217625e+03
  -2.1244612e+03
  -2.1271321e+03
  -2.1296426e+03
  -2.1314798e+03
  -2.1333267e+03
  -2.1358087e+03
  -2.1384302e+03
  -2.1411350e+03
  -2.1438457e+03
  -2.1465625e+03
  -2.1493058e+03
  -2.1519991e+03
  -2.1547354e+03
  -2.1574098e+03
  -2.1600093e+03
  -2.1625661e+03
  -2.1645566e+03
  -2.1663614e+03
  -2.1687880e+03
  -2.1714238e+03
  -2.1740889e+03
  -2.1767767e+03
  -2.1794913e+03
  -2.1822236e+03
  -2.1849469e+03
  -2.1876565e+03
  -2.1903436e+03
  -2.1930307e+03
  -2.1956332e+03
  -2.1979489e+03
  -2.1998997e+03
  -2.2021032e+03
  -2.2046140e+03
  -2.2071763e+03
  -2.2098489e+03
  -2.2125798e+03
  -2.2152791e+03
  -2.2180101e+03
  -2.2207221e+03
  -2.2234232e+03
  -2.2260990e+03
  -2.2287072e+03
  -2.2312310e+03
  -2.2333480e+03
  -2.2353166e+03
  -2.2377066e+03
  -2.2402489e+03
  -2.2429101e+03
  -2.2456436e+03
  -2.2483403e+03
  -2.2510465e+03
  -2.2537512e+03
  -2.2564446e+03
  -2.2591231e+03
  -2.2617600e+03
  -2.2643356e+03
  -2.2667314e+03
  -2.2688827e+03
  -2.2711157e+03
  -2.2735815e+03
  -2.2761322e+03
  -2.2787857e+03
  -2.2814866e+03
  -2.2841724e+03
  -2.2868849e+03
  -2.2895881e+03
  -2.2923241e+03
  -2.2950414e+03
  -2.2976439e+03
  -2.3002332e+03
  -2.3026037e+03
  -2.3044990e+03
  -2.3066638e+03
  -2.3092152e+03
  -2.3118480e+03
  -2.3145272e+03
  -2.3172710e+03
  -2.3200168e+03
  -2.3227323e+03
  -2.3254777e+03
  -2.3281840e+03
  -2.3308869e+03
  -2.3336276e+03
  -2.3361558e+03
  -2.3383640e+03
  -2.3401252e+03
  -2.3423952e+03
  -2.3449321e+03
  -2.3476527e+03
  -2.3503524e+03
  -2.3530906e+03
  -2.3559137e+03
  -2.3586361e+03
  -2.3614209e+03
  -2.3642688e+03
  -2.3670492e+03
  -2.3699514e+03
  -2.3729292e+03
  -2.3701224e+03
  -2.3680724e+03
  -2.3710694e+03
  -2.3739283e+03
  -2.3767482e+03
  -2.3795545e+03
  -2.3824297e+03
  -2.3852443e+03
  -2.3881624e+03
  -2.3910770e+03
  -2.3939834e+03
  -2.3908639e+03
  -2.3877878e+03
  -2.3849063e+03
  -2.3879026e+03
  -2.3908514e+03
  -2.3938829e+03
  -2.3967367e+03
  -2.3996178e+03
  -2.4026082e+03
  -2.4054879e+03
  -2.4085072e+03
  -2.4053910e+03
  -2.4022829e+03
  -2.4054161e+03
  -2.4084222e+03
  -2.4113546e+03
  -2.4142365e+03
  -2.4171556e+03
  -2.4200114e+03
  -2.4228274e+03
  -2.4258234e+03
  -2.4286898e+03
  -2.4317679e+03
  -2.4294097e+03
  -2.4264596e+03
  -2.4294781e+03
  -2.4324403e+03
  -2.4353182e+03
  -2.4381140e+03
  -2.4409282e+03
  -2.4437036e+03
  -2.4465061e+03
  -2.4493044e+03
  -2.4521053e+03
  -2.4549355e+03
  -2.4576964e+03
  -2.4548709e+03
  -2.4535507e+03
  -2.4564963e+03
  -2.4592443e+03
  -2.4620428e+03
  -2.4648548e+03
  -2.4675877e+03
  -2.4703714e+03
  -2.4731190e+03
  -2.4758503e+03
  -2.4786247e+03
  -2.4812619e+03
  -2.4838148e+03
  -2.4860380e+03
  -2.4875035e+03
  -2.4898232e+03
  -2.4924797e+03
  -2.4951781e+03
  -2.4978887e+03
  -2.5006153e+03
  -2.5033673e+03
  -2.5060665e+03
  -2.5088011e+03
  -2.5115310e+03
  -2.5141240e+03
  -2.5167593e+03
  -2.5192622e+03
  -2.5212853e+03
  -2.5233722e+03
  -2.5258264e+03
  -2.5283655e+03
  -2.5310281e+03
  -2.5337305e+03
  -2.5364219e+03
  -2.5391394e+03
  -2.5418341e+03
  -2.5445310e+03
  -2.5471989e+03
  -2.5497749e+03
  -2.5522761e+03
  -2.5545644e+03
  -2.5566999e+03
  -2.5590748e+03
  -2.5616000e+03
  -2.5641879e+03
  -2.5668398e+03
  -2.5695231e+03
  -2.5722426e+03
  -2.5749456e+03
  -2.5776221e+03
  -2.5802785e+03
  -2.5829188e+03
  -2.5855592e+03
  -2.5880204e+03
  -2.5902074e+03
  -2.5923624e+03
  -2.5947299e+03
  -2.5972732e+03
  -2.5999385e+03
  -2.6026310e+03
  -2.6052788e+03
  -2.6079732e+03
  -2.6107111e+03
  -2.6133722e+03
  -2.6160567e+03
  -2.6187012e+03
  -2.6212200e+03
  -2.6236421e+03
  -2.6257203e+03
  -2.6278343e+03
  -2.6303003e+03
  -2.6329482e+03
  -2.6356189e+03
  -2.6382855e+03
  -2.6409865e+03
  -2.6436939e+03
  -2.6464038e+03
  -2.6491514e+03
  -2.6517839e+03
  -2.6543916e+03
  -2.6568867e+03
  -2.6586583e+03
  -2.6606272e+03
  -2.6631458e+03
  -2.6658069e+03
  -2.6684855e+03
  -2.6711805e+03
  -2.6739350e+03
  -2.6766443e+03
  -2.6793744e+03
  -2.6821481e+03
  -2.6848421e+03
  -2.6876077e+03
  -2.6903746e+03
  -2.6906675e+03
  -2.6930575e+03
  -2.6957268e+03
  -2.6984646e+03
  -2.7011990e+03
  -2.7040087e+03
  -2.7068040e+03
  -2.7095249e+03
  -2.7123725e+03
  -2.7151113e+03
  -2.7179172e+03
  -2.7208491e+03
  -2.7236919e+03
  -2.7208874e+03
  -2.7189059e+03
  -2.7218993e+03
  -2.7248011e+03
  -2.7278346e+03
  -2.7306365e+03
  -2.7334308e+03
  -2.7362739e+03
  -2.7391335e+03
  -2.7419718e+03
  -2.7449686e+03
  -2.7479648e+03
  -2.7509590e+03
  -2.7540377e+03
  -2.7509443e+03
  -2.7478366e+03
  -2.7509006e+03
  -2.7537797e+03
  -2.7568837e+03
  -2.7598317e+03
  -2.7628265e+03
  -2.7658771e+03
  -2.7689279e+03
  -2.7658467e+03
  -2.7687586e+03
  -2.7718219e+03
  -2.7749250e+03
  -2.7778163e+03
  -2.7807908e+03
  -2.7837032e+03
  -2.7866175e+03
  -2.7895750e+03
  -2.7925415e+03
  -2.7956103e+03
  -2.7986556e+03
  -2.7956434e+03
  -2.7985751e+03
  -2.7954895e+03
  -2.7984858e+03
  -2.8015262e+03
  -2.8043382e+03
  -2.8072641e+03
  -2.8102842e+03
  -2.8130526e+03
  -2.8159522e+03
  -2.8188835e+03
  -2.8217498e+03
  -2.8245865e+03
  -2.8214896e+03
  -2.8188654e+03
  -2.8162700e+03
  -2.8131327e+03
  -2.8159582e+03
  -2.8188526e+03
  -2.8217020e+03
  -2.8245331e+03
  -2.8273650e+03
  -2.8300983e+03
  -2.8328928e+03
  -2.8357099e+03
  -2.8384766e+03
  -2.8412045e+03
  -2.8439024e+03
  -2.8443839e+03
  -2.8465562e+03
  -2.8491945e+03
  -2.8519950e+03
  -2.8547194e+03
  -2.8575388e+03
  -2.8602709e+03
  -2.8630070e+03
  -2.8657924e+03
  -2.8684711e+03
  -2.8712536e+03
  -2.8738553e+03
  -2.8761459e+03
  -2.8777137e+03
  -2.8797631e+03
  -2.8822785e+03
  -2.8850124e+03
  -2.8876938e+03
  -2.8904419e+03
  -2.8932250e+03
  -2.8959238e+03
  -2.8986157e+03
  -2.9013256e+03
  -2.9039695e+03
  -2.9065304e+03
  -2.9088661e+03
  -2.9107207e+03
  -2.9128613e+03
  -2.9154691e+03
  -2.9181350e+03
  -2.9207721e+03
  -2.9234743e+03
  -2.9262166e+03
  -2.9289375e+03
  -2.9316785e+03
  -2.9344146e+03
  -2.9371032e+03
  -2.9398043e+03
  -2.9423662e+03
  -2.9446348e+03
  -2.9464660e+03
  -2.9486045e+03
  -2.9511067e+03
  -2.9537954e+03
  -2.9565207e+03
  -2.9592398e+03
  -2.9619750e+03
  -2.9647446e+03
  -2.9674191e+03
  -2.9701769e+03
  -2.9728876e+03
  -2.9754428e+03
  -2.9780801e+03
  -2.9799490e+03
  -2.9817296e+03
  -2.9843186e+03
  -2.9869334e+03
  -2.9896188e+03
  -2.9924138e+03
  -2.9950913e+03
  -2.9978583e+03
  -3.0005907e+03
  -3.0033313e+03
  -3.0060498e+03
  -3.0087161e+03
  -3.0113928e+03
  -3.0137734e+03
  -3.0156730e+03
  -3.0177059e+03
  -3.0201247e+03
  -3.0227822e+03
  -3.0254724e+03
  -3.0281742e+03
  -3.0308913e+03
  -3.0336117e+03
  -3.0364224e+03
  -3.0391315e+03
  -3.0418118e+03
  -3.0445660e+03
  -3.0472465e+03
  -3.0494244e+03
  -3.0506083e+03
  -3.0529524e+03
  -3.0557452e+03
  -3.0583737e+03
  -3.0610904e+03
  -3.0638665e+03
  -3.0666360e+03
  -3.0693821e+03
  -3.0721440e+03
  -3.0749932e+03
  -3.0777238e+03
  -3.0807161e+03
  -3.0778979e+03
  -3.0757656e+03
  -3.0788693e+03
  -3.0818968e+03
  -3.0846327e+03
  -3.0874509e+03
  -3.0903299e+03
  -3.0931511e+03
  -3.0961131e+03
  -3.0989006e+03
  -3.1019236e+03
  -3.0988402e+03
  -3.1017926e+03
  -3.0988108e+03
  -3.0956755e+03
  -3.0987477e+03
  -3.1016521e+03
  -3.1045907e+03
  -3.1075295e+03
  -3.1105432e+03
  -3.1135261e+03
  -3.1164509e+03
  -3.1133381e+03
  -3.1163974e+03
  -3.1193000e+03
  -3.1224079e+03
  -3.1253969e+03
  -3.1283408e+03
  -3.1312886e+03
  -3.1341329e+03
  -3.1370712e+03
  -3.1400364e+03
  -3.1369463e+03
  -3.1399686e+03
  -3.1430521e+03
  -3.1400958e+03
  -3.1370840e+03
  -3.1400222e+03
  -3.1429794e+03
  -3.1458907e+03
  -3.1486725e+03
  -3.1516066e+03
  -3.1544084e+03
  -3.1572667e+03
  -3.1601991e+03
  -3.1630837e+03
  -3.1600345e+03
  -3.1571542e+03
  -3.1545836e+03
  -3.1576400e+03
  -3.1606515e+03
  -3.1634956e+03
  -3.1663208e+03
  -3.1691246e+03
  -3.1719277e+03
  -3.1747342e+03
  -3.1776460e+03
  -3.1804232e+03
  -3.1831637e+03
  -3.1860224e+03
  -3.1888975e+03
  -3.1875376e+03
  -3.1846241e+03
  -3.1875925e+03
  -3.1904130e+03
  -3.1931742e+03
  -3.1959175e+03
  -3.1988201e+03
  -3.2015960e+03
  -3.2044143e+03
  -3.2072075e+03
  -3.2099443e+03
  -3.2127659e+03
  -3.2155220e+03
  -3.2182121e+03
  -3.2187247e+03
  -3.2209112e+03
  -3.2237105e+03
  -3.2264205e+03
  -3.2291727e+03
  -3.2319442e+03
  -3.2346938e+03
  -3.2374116e+03
  -3.2402096e+03
  -3.2430415e+03
  -3.2457101e+03
  -3.2484437e+03
  -3.2510108e+03
  -3.2531650e+03
  -3.2547771e+03
  -3.2570314e+03
  -3.2595796e+03
  -3.2623467e+03
  -3.2649944e+03
  -3.2677076e+03
  -3.2704766e+03
  -3.2731892e+03
  -3.2759022e+03
  -3.2785637e+03
  -3.2813140e+03
  -3.2839654e+03
  -3.2862742e+03
  -3.2881221e+03
  -3.2902763e+03
  -3.2927554e+03
  -3.2953120e+03
  -3.2980936e+03
  -3.3008296e+03
  -3.3034990e+03
  -3.3062773e+03
  -3.3089927e+03
  -3.3117489e+03
  -3.3144841e+03
  -3.3171344e+03
  -3.3198399e+03
  -3.3221547e+03
  -3.3236862e+03
  -3.3258851e+03
  -3.3284660e+03
  -3.3311355e+03
  -3.3338703e+03
  -3.3366023e+03
  -3.3393902e+03
  -3.3420988e+03
  -3.3448476e+03
  -3.3476046e+03
  -3.3503018e+03
  -3.3529831e+03
  -3.3555361e+03
  -3.3576361e+03
  -3.3589004e+03
  -3.3613761e+03
  -3.3641117e+03
  -3.3668076e+03
  -3.3694620e+03
  -3.3722824e+03
  -3.3750444e+03
  -3.3778139e+03
  -3.3806359e+03
  -3.3833620e+03
  -3.3862362e+03
  -3.3892254e+03
  -3.3923104e+03
  -3.3896808e+03
  -3.3872909e+03
  -3.3843319e+03
  -3.3872183e+03
  -3.3899370e+03
  -3.3929458e+03
  -3.3957698e+03
  -3.3986144e+03
  -3.4014399e+03
  -3.4042295e+03
  -3.4071355e+03
  -3.4098759e+03
  -3.4126958e+03
  -3.4153577e+03
  -3.4178981e+03
  -3.4203825e+03
  -3.4218977e+03
  -3.4241030e+03
  -3.4267223e+03
  -3.4294353e+03
  -3.4321624e+03
  -3.4348648e+03
  -3.4376155e+03
  -3.4403409e+03
  -3.4430392e+03
  -3.4457743e+03
  -3.4484539e+03
  -3.4511356e+03
  -3.4537512e+03
  -3.4562356e+03
  -3.4584635e+03
  -3.4604573e+03
  -3.4627485e+03
  -3.4653637e+03
  -3.4680661e+03
  -3.4707799e+03
  -3.4735245e+03
  -3.4763118e+03
  -3.4791069e+03
  -3.4819187e+03
  -3.4847288e+03
  -3.4876066e+03
  -3.4905940e+03
  -3.4935706e+03
  -3.4906017e+03
  -3.4877002e+03
  -3.4845674e+03
  -3.4876894e+03
  -3.4907425e+03
  -3.4938455e+03
  -3.4969026e+03
  -3.4997567e+03
  -3.5027540e+03
  -3.5057160e+03
  -3.5085993e+03
  -3.5114802e+03
  -3.5143639e+03
  -3.5172662e+03
  -3.5202878e+03
  -3.5230936e+03
  -3.5261673e+03
  -3.5236021e+03
  -3.5206402e+03
  -3.5236822e+03
  -3.5265596e+03
  -3.5295063e+03
  -3.5324337e+03
  -3.5352382e+03
  -3.5380142e+03
  -3.5408806e+03
  -3.5436869e+03
  -3.5465196e+03
  -3.5493830e+03
  -3.5522683e+03
  -3.5495147e+03
  -3.5477785e+03
  -3.5507278e+03
  -3.5536047e+03
  -3.5564256e+03
  -3.5591440e+03
  -3.5618703e+03
  -3.5647556e+03
  -3.5675164e+03
  -3.5703376e+03
  -3.5731836e+03
  -3.5758658e+03
  -3.5786127e+03
  -3.5810337e+03
  -3.5813485e+03
  -3.5841779e+03
  -3.5868738e+03
  -3.5895606e+03
  -3.5923664e+03
  -3.5951053e+03
  -3.5978910e+03
  -3.6006473e+03
  -3.6034244e+03
  -3.6062185e+03
  -3.6089487e+03
  -3.6116781e+03
  -3.6144571e+03
  -3.6170525e+03
  -3.6191608e+03
  -3.6211414e+03
  -3.6235163e+03
  -3.6260005e+03
  -3.6287242e+03
  -3.6314755e+03
  -3.6341686e+03
  -3.6369368e+03
  -3.6396517e+03
  -3.6423484e+03
  -3.6450687e+03
  -3.6477698e+03
  -3.6504140e+03
  -3.6529905e+03
  -3.6554253e+03
  -3.6576088e+03
  -3.6598331e+03
  -3.6623031e+03
  -3.6648482e+03
  -3.6674844e+03
  -3.6701910e+03
  -3.6728736e+03
  -3.6755517e+03
  -3.6782648e+03
  -3.6810258e+03
  -3.6837446e+03
  -3.6864117e+03
  -3.6891852e+03
  -3.6911970e+03
  -3.6917875e+03
  -3.6944670e+03
  -3.6971453e+03
  -3.6998352e+03
  -3.7026351e+03
  -3.7053752e+03
  -3.7080685e+03
  -3.7108291e+03
  -3.7135061e+03
  -3.7162406e+03
  -3.7191699e+03
  -3.7190093e+03
  -3.7216343e+03
  -3.7243615e+03
  -3.7270788e+03
  -3.7298608e+03
  -3.7325809e+03
  -3.7353061e+03
  -3.7381430e+03
  -3.7409297e+03
  -3.7436968e+03
  -3.7465018e+03
  -3.7492672e+03
  -3.7523452e+03
  -3.7494666e+03
  -3.7478216e+03
  -3.7506725e+03
  -3.7535995e+03
  -3.7563929e+03
  -3.7592004e+03
  -3.7621140e+03
  -3.7648900e+03
  -3.7677250e+03
  -3.7705780e+03
  -3.7735095e+03
  -3.7764046e+03
  -3.7792316e+03
  -3.7823091e+03
  -3.7793828e+03
  -3.7824863e+03
  -3.7801948e+03
  -3.7830791e+03
  -3.7860087e+03
  -3.7889560e+03
  -3.7918290e+03
  -3.7947328e+03
  -3.7975969e+03
  -3.8004701e+03
  -3.8033672e+03
  -3.8063703e+03
  -3.8093569e+03
  -3.8123530e+03
  -3.8152188e+03
  -3.8121069e+03
  -3.8151847e+03
  -3.8121058e+03
  -3.8151312e+03
  -3.8119959e+03
  -3.8149253e+03
  -3.8118468e+03
  -3.8087109e+03
  -3.8115105e+03
  -3.8145358e+03
  -3.8173923e+03
  -3.8202945e+03
  -3.8232571e+03
  -3.8260953e+03
  -3.8290838e+03
  -3.8321012e+03
  -3.8351245e+03
  -3.8320427e+03
  -3.8351445e+03
  -3.8322058e+03
  -3.8351331e+03
  -3.8320384e+03
  -3.8349023e+03
  -3.8378312e+03
  -3.8406807e+03
  -3.8435211e+03
  -3.8464847e+03
  -3.8494203e+03
  -3.8524527e+03
  -3.8553037e+03
  -3.8582253e+03
  -3.8552483e+03
  -3.8522135e+03
  -3.8491025e+03
  -3.8461009e+03
  -3.8491312e+03
  -3.8520879e+03
  -3.8548850e+03
  -3.8578752e+03
  -3.8607715e+03
  -3.8636013e+03
  -3.8664312e+03
  -3.8692624e+03
  -3.8722337e+03
  -3.8752620e+03
  -3.8781711e+03
  -3.8758026e+03
  -3.8728745e+03
  -3.8698390e+03
  -3.8727157e+03
  -3.8755830e+03
  -3.8784222e+03
  -3.8811959e+03
  -3.8840189e+03
  -3.8867829e+03
  -3.8895492e+03
  -3.8922455e+03
  -3.8950960e+03
  -3.8979091e+03
  -3.9002450e+03
  -3.9003651e+03
  -3.9031919e+03
  -3.9059266e+03
  -3.9086530e+03
  -3.9114107e+03
  -3.9142075e+03
  -3.9169200e+03
  -3.9196786e+03
  -3.9224915e+03
  -3.9251841e+03
  -3.9279812e+03
  -3.9305882e+03
  -3.9327999e+03
  -3.9337050e+03
  -3.9362902e+03
  -3.9389317e+03
  -3.9416424e+03
  -3.9444137e+03
  -3.9472039e+03
  -3.9499104e+03
  -3.9526915e+03
  -3.9555416e+03
  -3.9582178e+03
  -3.9609951e+03
  -3.9638410e+03
  -3.9665340e+03
  -3.9693130e+03
  -3.9698818e+03
  -3.9721309e+03
  -3.9747592e+03
  -3.9774623e+03
  -3.9802040e+03
  -3.9830440e+03
  -3.9857998e+03
  -3.9886039e+03
  -3.9914417e+03
  -3.9941927e+03
  -3.9969654e+03
  -3.9997688e+03
  -4.0027860e+03
  -4.0007118e+03
  -3.9983846e+03
  -4.0012090e+03
  -4.0041188e+03
  -4.0068902e+03
  -4.0097034e+03
  -4.0124682e+03
  -4.0152536e+03
  -4.0181031e+03
  -4.0209062e+03
  -4.0237294e+03
  -4.0265750e+03
  -4.0294742e+03
  -4.0263824e+03
  -4.0246636e+03
  -4.0277242e+03
  -4.0306048e+03
  -4.0334767e+03
  -4.0363217e+03
  -4.0391852e+03
  -4.0419850e+03
  -4.0448045e+03
  -4.0476459e+03
  -4.0503901e+03
  -4.0532239e+03
  -4.0561232e+03
  -4.0530144e+03
  -4.0504899e+03
  -4.0480739e+03
  -4.0510201e+03
  -4.0539553e+03
  -4.0568057e+03
  -4.0595957e+03
  -4.0624123e+03
  -4.0652938e+03
  -4.0680623e+03
  -4.0709126e+03
  -4.0739139e+03
  -4.0768320e+03
  -4.0736960e+03
  -4.0766003e+03
  -4.0737606e+03
  -4.0707622e+03
  -4.0677244e+03
  -4.0706116e+03
  -4.0735078e+03
  -4.0764778e+03
  -4.0794312e+03
  -4.0823268e+03
  -4.0853382e+03
  -4.0883313e+03
  -4.0911464e+03
  -4.0941890e+03
  -4.0971184e+03
  -4.1000950e+03
  -4.1030317e+03
  -4.1059830e+03
  -4.1031207e+03
  -4.1000274e+03
  -4.0974103e+03
  -4.1003779e+03
  -4.1033059e+03
  -4.1060730e+03
  -4.1089233e+03
  -4.1117210e+03
  -4.1144407e+03
  -4.1172825e+03
  -4.1199856e+03
  -4.1227101e+03
  -4.1254457e+03
  -4.1279537e+03
  -4.1300461e+03
  -4.1318104e+03
  -4.1341763e+03
  -4.1368270e+03
  -4.1394849e+03
  -4.1422230e+03
  -4.1449229e+03
  -4.1477374e+03
  -4.1505469e+03
  -4.1532420e+03
  -4.1561118e+03
  -4.1588654e+03
  -4.1616432e+03
  -4.1644643e+03
  -4.1673802e+03
  -4.1650385e+03
  -4.1632601e+03
  -4.1661903e+03
  -4.1691991e+03
  -4.1718427e+03
  -4.1746777e+03
  -4.1775867e+03
  -4.1803496e+03
  -4.1832583e+03
  -4.1860416e+03
  -4.1888143e+03
  -4.1916476e+03
  -4.1944712e+03
  -4.1973607e+03
  -4.2003394e+03
  -4.2033545e+03
  -4.2021332e+03
  -4.2050315e+03
  -4.2079200e+03
  -4.2106802e+03
  -4.2135819e+03
  -4.2163366e+03
  -4.2191856e+03
  -4.2220424e+03
  -4.2247861e+03
  -4.2276698e+03
  -4.2304509e+03
  -4.2333621e+03
  -4.2364215e+03
  -4.2336586e+03
  -4.2314222e+03
  -4.2345190e+03
  -4.2374277e+03
  -4.2403858e+03
  -4.2431715e+03
  -4.2460048e+03
  -4.2488110e+03
  -4.2515946e+03
  -4.2544183e+03
  -4.2571861e+03
  -4.2599312e+03
  -4.2627728e+03
  -4.2596408e+03
  -4.2575957e+03
  -4.2550211e+03
  -4.2579432e+03
  -4.2608007e+03
  -4.2635887e+03
  -4.2664416e+03
  -4.2692188e+03
  -4.2719294e+03
  -4.2747119e+03
  -4.2775589e+03
  -4.2802559e+03
  -4.2830956e+03
  -4.2860126e+03
  -4.2877770e+03
  -4.2883286e+03
  -4.2909704e+03
  -4.2937580e+03
  -4.2965528e+03
  -4.2994115e+03
  -4.3022104e+03
  -4.3050031e+03
  -4.3077786e+03
  -4.3105512e+03
  -4.3133984e+03
  -4.3162212e+03
  -4.3190032e+03
  -4.3219486e+03
  -4.3248230e+03
  -4.3275517e+03
  -4.3273501e+03
  -4.3300768e+03
  -4.3328625e+03
  -4.3356695e+03
  -4.3384421e+03
  -4.3412878e+03
  -4.3440117e+03
  -4.3467965e+03
  -4.3496352e+03
  -4.3523729e+03
  -4.3551671e+03
  -4.3578650e+03
  -4.3605346e+03
  -4.3631336e+03
  -4.3648375e+03
  -4.3664186e+03
  -4.3689751e+03
  -4.3716269e+03
  -4.3743853e+03
  -4.3771344e+03
  -4.3799485e+03
  -4.3826235e+03
  -4.3853699e+03
  -4.3882629e+03
  -4.3910179e+03
  -4.3940540e+03
  -4.3971344e+03
  -4.3951626e+03
  -4.3982504e+03
  -4.4013047e+03
  -4.4041157e+03
  -4.4070210e+03
  -4.4097869e+03
  -4.4126015e+03
  -4.4154478e+03
  -4.4184081e+03
  -4.4213223e+03
  -4.4241724e+03
  -4.4212174e+03
  -4.4243394e+03
  -4.4213458e+03
  -4.4243569e+03
  -4.4274208e+03
  -4.4303516e+03
  -4.4332853e+03
  -4.4363106e+03
  -4.4394318e+03
  -4.4422246e+03
  -4.4450837e+03
  -4.4481661e+03
  -4.4510554e+03
  -4.4538840e+03
  -4.4568642e+03
  -4.4599878e+03
  -4.4570019e+03
  -4.4540764e+03
  -4.4570349e+03
  -4.4541333e+03
  -4.4570457e+03
  -4.4597898e+03
  -4.4628261e+03
  -4.4658021e+03
  -4.4686700e+03
  -4.4715629e+03
  -4.4744821e+03
  -4.4774217e+03
  -4.4802649e+03
  -4.4832858e+03
  -4.4802427e+03
  -4.4771134e+03
  -4.4802050e+03
  -4.4832790e+03
  -4.4801821e+03
  -4.4833107e+03
  -4.4861401e+03
  -4.4891752e+03
  -4.4922161e+03
  -4.4950990e+03
  -4.4980124e+03
  -4.5008788e+03
  -4.5037518e+03
  -4.5066201e+03
  -4.5094264e+03
  -4.5123183e+03
  -4.5092180e+03
  -4.5065859e+03
  -4.5039064e+03
  -4.5068338e+03
  -4.5098102e+03
  -4.5127412e+03
  -4.5155773e+03
  -4.5184232e+03
  -4.5212424e+03
  -4.5240274e+03
  -4.5269019e+03
  -4.5297382e+03
  -4.5325579e+03
  -4.5355849e+03
  -4.5386910e+03
  -4.5366177e+03
  -4.5334981e+03
  -4.5365750e+03
  -4.5394916e+03
  -4.5421927e+03
  -4.5450775e+03
  -4.5479419e+03
  -4.5507634e+03
  -4.5536852e+03
  -4.5565378e+03
  -4.5594577e+03
  -4.5624799e+03
  -4.5653731e+03
  -4.5623391e+03
  -4.5599458e+03
  -4.5568264e+03
  -4.5598983e+03
  -4.5628724e+03
  -4.5657242e+03
  -4.5684659e+03
  -4.5713369e+03
  -4.5741352e+03
  -4.5769251e+03
  -4.5797241e+03
  -4.5825005e+03
  -4.5854086e+03
  -4.5882976e+03
  -4.5855726e+03
  -4.5839567e+03
  -4.5867881e+03
