0 -20.403044 0
24000 -14.829638 5.4766295
47999.999 -13.182484 5.307111109
71999.999 -12.741055 4.8606257
95999.998 -11.980575 4.3647313
120000 -11.569934 3.6798376
144000 -10.664014 3.014257
168000 -10.574721 2.475221
192000 -11.192855 2.101266
216000 -13.064537 1.83571
240000 -16.432184 1.515511
264000 -20.42795 7.095695
288000 -18.699995 12.383458
311999.99 -14.070561 11.906657
335999.99 -10.744306 11.678648
359999.99 -8.761591 11.430126
383999.99 -8.087972 11.007387
407999.99 -10.374401 10.115498
431999.99 -11.380379 14.761772
455999.99 -8.07232 13.857185
479999.99 -6.549263 13.504659
503999.99 -6.54533799999999 13.326493
527999.99 -8.079021 13.227473
551999.99 -12.586162 13.282752
575999.99 -18.65162 14.470136
599999.99 -10.671707 15.201158
623999.99 -6.796738 15.259927
647999.99 -5.164043 15.28965
671999.99 -4.557261 15.353301
695999.99 -4.519285 15.457022
719999.99 -4.835511 15.595659
743999.99 -5.37262699999999 15.76684
767999.99 -6.044509 15.970902
791999.99 -6.775062 16.207545
815999.99 -7.471993 16.47409
839999.99 -8.048914 16.763948
863999.99 -8.45554199999999 17.063412
887999.99 -8.687233 17.358181
911999.98 -8.835158 17.641229
935999.98 -9.044096 17.909009
959999.98 -9.405152 18.164428
983999.98 -9.966523 18.42027
1008000 -10.735173 18.692377
1032000 -11.634866 18.99525
1056000 -12.509005 19.335088
1080000 -13.178126 19.702671
1104000 -13.578186 20.076982
1128000 -13.798927 20.439229
1152000 -13.984148 20.787152
1176000 -14.260695 21.13047
1200000 -14.654619 21.48101
1224000 -15.087015 21.85464
1248000 -15.433911 22.26119
1272000 -15.503968 22.69205
1296000 -15.159069 23.12506
1320000 -14.478282 23.53435
1344000 -13.660575 23.9062
1368000 -12.899091 24.24756
1392000 -12.320645 24.57654
1416000 -11.901824 24.91735
1440000 -11.415003 25.29176
1464000 -10.491928 25.68936
1488000 -8.996817 26.06015
1512000 -7.194474 26.36794
1536000 -5.390559 26.61558
1560000 -3.718999 26.81435
1584000 -2.168481 26.96867
1608000 -0.749798999999996 27.07775
1632000 0.412617999999995 27.12692
1656000 1.090374 27.10166
1680000 0.838752000000007 27.02123
1704000 -0.736430000000006 26.94544
1728000 -3.527828 26.94255
1752000 -7.219751 27.06704
1776000 -11.435338 27.40352
1800000 -14.341622 28.04408
1824000 -13.78089 28.64401
1848000 -12.485538 28.92635
1872000 -12.384934 29.02216
1896000 -14.239693 29.03474
1920000 -18.897092 29.06805
1944000 -29.1661625 29.6116
1968000 -25.692233 31.4336
1992000 -20.841629 31.69818
2016000 -19.544786 31.79432
2040000 -20.057681 31.85803
2064000 -22.453017 31.91741
2088000 -28.8554849 31.94753
2112000 -38.8981307 35.34261
2136000 -24.898307 35.1447
2160000 -20.615551 35.01911
2184000 -19.405917 34.85396
2208000 -20.805857 34.58124
2232000 -23.8619197 34.04399
2256000 -24.8759225 39.5175
2280000 -22.971157 38.97246
2304000 -22.107536 38.77849
2328000 -24.579531 38.62276
2352000 -29.0961168 43.94851
2376000 -22.103953 49.26061
2400000 -15.781149 49.09439
2424000 -11.791718 49.13152
2448000 -9.400844 49.18252
2472000 -7.962075 49.22379
2496000 -7.618644 49.27182
2520000 -8.512708 49.32153
2544000 -10.487077 49.41547
2568000 -13.428691 49.64388
2592000 -16.666061 50.0883
2616000 -18.211797 50.69096
2640000 -17.994405 51.18049
2664000 -17.860334 51.48465
2688000 -18.536629 51.69199
2712000 -20.804099 51.86698
2736000 -26.183776 51.99246
2760000 -49.918333 53.13575
2784000 -26.066785 55.05749
2808000 -20.783272 55.09903
2832000 -19.342414 55.0474
2856000 -20.529863 54.89065
2880000 -25.0847215 54.32658
2904000 -22.170086 59.32383
2928000 -15.91235 58.96724
2952000 -11.76895 58.89921
2976000 -8.882037 58.96716
2999999.9 -6.914717 59.15235
3023999.9 -4.606629 59.56439
3047999.9 3.117995 59.75045
3071999.9 4.325517 59.2967
3095999.9 3.954119 59.32659
3119999.9 4.250371 59.44907
3143999.9 4.800797 59.58292
3167999.9 5.594933 59.7196300000001
3191999.9 6.502452 59.87519
3215999.9 7.433348 60.0250799999999
3239999.9 8.825408 60.16659
3263999.9 10.96179 60.3477
3287999.9 14.847315 60.61974
3311999.9 20.968351 55.7549
3335999.9 8.511575 50.46494
3359999.9 -0.584141000000002 50.38475
3383999.9 -5.82004 56.10915
3407999.9 -5.96029 55.6485
3431999.9 -5.315233 55.48334
3455999.9 -5.232465 55.43579
3479999.9 -5.981642 55.42219
3503999.9 -7.976447 55.40382
3527999.9 -12.844681 55.43921
3551999.9 -21.310775 56.67674
3575999.9 -12.779938 57.34795
3599999.9 -10.285801 57.27001
3623999.9 -10.623689 57.22568
3647999.9 -12.714554 57.22606
3671999.9 -16.577789 57.23793
3695999.9 -24.2857604 57.23982
3719999.9 -32.7047531 60.42899
3743999.9 -19.818563 60.3800900000001
3767999.9 -15.553566 60.35803
3791999.9 -14.09365 60.28534
3815999.9 -14.66162 60.1429199999999
3839999.9 -18.106463 59.98129
3863999.9 -29.23023614 59.67412
3887999.9 -25.9344414 63.10279
3911999.9 -18.604307 62.955
3935999.9 -15.929992 62.96512
3959999.9 -15.127106 62.99094
3983999.9 -15.087594 63.0426
4007999.9 -16.070236 63.14404
4031999.9 -18.039743 63.24767
4055999.9 -20.5866107 63.47193
4079999.9 -23.5729398 64.04001
4103999.9 -23.1830373 64.71618
4127999.9 -21.0040906 64.9508
4151999.9 -20.8502784 64.92242
4175999.9 -23.1497264 64.70103
4199999.9 -27.3369802 64.22238
4223999.9 -29.3788914 69.51188
4247999.9 -26.1121752 75.08941
4271999.9 -22.7816545 74.80663
4295999.9 -21.2332257 74.71746
4319999.9 -20.8054577 74.5771
4343999.9 -20.591401 74.44926
4367999.9 -21.6637604 74.2468
4391999.9 -22.3809669 73.86992
4415999.9 -24.10497308 73.40782
4439999.9 -24.08199883 78.73257
4463999.9 -21.573901 78.07523
4487999.9 -20.9050703 77.51436
4511999.9 -20.9813083 77.05442
4535999.9 -22.1455722 76.70031
4559999.9 -24.41858403 76.31829
4583999.9 -26.17828928 75.80025
4607999.9 -26.91786246 81.4716
4631999.9 -24.2023687 87.2205
4655999.9 -22.0306701 87.05978
4679999.9 -20.8832167 86.90801
4703999.9 -20.2848521 86.9014
4727999.9 -23.1289561 86.99773
4751999.9 -33.168312 87.63119
4775999.9 -21.3158203 89.1723
4799999.9 -14.2477919 89.084
4823999.9 -11.7200958 88.90544
4847999.9 -11.4501154 88.83269
4871999.9 -12.9895706 88.83303
4895999.9 -15.8409857 88.85261
4919999.9 -21.78974229 88.85899
4943999.9 -31.7373941 93.59858
4967999.9 -20.87213484 99.0552
4991999.9 -15.4958927 99.06458
5015999.9 -13.1330308 99.20334
5039999.9 -12.5105967 99.27699
5063999.9 -13.0401155 99.29554
5087999.9 -15.6767405 99.14046
5111999.9 -20.2898501 104.64959
5135999.9 -16.3169166 109.61417
5159999.9 -12.3673683 109.16553
5183999.9 -11.9227399 108.88148
5207999.9 -13.0330092 108.78412
5231999.9 -16.7764665 108.81556
5255999.9 -23.09808747 108.76703
5279999.9 -41.113228 109.67712
5303999.9 -23.4092305 111.92948
5327999.9 -18.859294 112.14874
5351999.9 -16.8260116 112.20596
5375999.9 -15.6944498 112.32267
5399999.9 -16.5242999 112.47034
5423999.9 -19.0235159 112.61243
5447999.9 -22.54684008 113.19462
5471999.9 -19.1094109 114.23287
5495999.9 -14.2279828 114.51176
5519999.9 -11.984094 114.55524
5543999.9 -11.352631 114.60572
5567999.9 -11.890272 114.71966
5591999.9 -13.213251 114.88719
5615999.9 -14.6915493 115.14424
5639999.9 -15.9247785 115.56783
5663999.9 -16.3062948 116.06761
5687999.9 -15.0219407 116.43639
5711999.9 -12.9472219 116.68413
5735999.9 -11.8817147 116.7937
5759999.9 -11.9290084 116.68962
5783999.9 -14.0393954 116.54941
5807999.9 -22.7411854 116.48949
5831999.9 -29.934523 119.31267
5855999.9 -20.1740052 119.26397
5879999.9 -17.248697 119.28715
5903999.9 -16.7795294 119.28596
5927999.9 -16.9251436 119.25666
5951999.9 -18.78077205 119.2273
5975999.9 -21.694035 125.00207
5999999.9 -19.0426043 130.62369
6023999.9 -14.3479333 130.3035
6047999.9 -9.88317759 130.2465
6071999.9 -5.63482072 130.2164
6095999.9 0.7847501 130.12553
6119999.9 7.251566 127.07297
6143999.9 -4.7016643 132.59476
6167999.9 -6.3755697 132.44534
6191999.9 -8.33706012 132.42972
6215999.9 -9.35539069 132.41996
6239999.9 -11.28836786 132.53162
6263999.9 -14.8409406 132.43031
6287999.9 -16.4449049 138.39413
6311999.9 -17.1923778 138.116
6335999.9 -16.8022867 137.8094
6359999.9 -15.77377215 137.60522
6383999.9 -14.8849557 137.43819
6407999.9 -13.94326535 137.21566
6431999.9 -12.00407861 136.95157
6455999.9 -9.25601165 136.62989
6479999.9 -4.51069519 136.07492
6503999.9 -2.21544561 134.82602
6527999.9 -8.398083 133.84613
6551999.9 -13.9784615 133.40734
6575999.9 -18.6230848 139.11015
6599999.9 -19.2081584 144.78242
6623999.9 -18.0370613 144.42483
6647999.9 -17.1536581 144.27923
6671999.9 -17.4172326 144.12664
6695999.9 -17.4401068 143.87179
6719999.9 -16.8739602 143.57656
6743999.9 -15.5955582 143.21305
6767999.9 -12.41356981 142.79763
6791999.9 -8.0130128 142.51518
6815999.9 -4.4835817 142.0403
6839999.9 -4.519233042 141.14949
6863999.9 -10.8192158 140.41301
6887999.9 -15.6926542 145.98206
6911999.9 -19.0175001 151.69595
6935999.9 -18.3464592 157.3061
6959999.9 -16.78319757 157.16036
6983999.9 -17.28384219 157.04437
7007999.9 -17.56332683 156.81363
7031999.9 -17.3561007 156.63295
7055999.9 -18.6087703 156.43157
7079999.9 -18.6067361 161.9741
7103999.9 -13.3540427 161.56512
7127999.9 -11.2063154 161.24609
7151999.9 -9.4910657 166.498
7175999.9 -10.3073336 165.57132
7199999.9 -16.378417 170.90371
7223999.9 -14.3753963 176.34002
7247999.9 -13.1316277 176.14179
7271999.9 -12.0176213 175.99007
7295999.9 -11.076654 176.0363
7319999.9 -11.5021857 176.1005
7343999.9 -12.1393543 176.17619
7367999.9 -14.9029118 176.31123
7391999.9 -21.3473876 176.07191
7415999.9 -23.5172684 180.53772
7439999.9 -10.4795493 186.33008
7463999.9 -1.77680597 186.36504
7487999.9 8.813901 185.90831
7511999.9 5.5926494 184.13762
7535999.9 -1.9021814 184.14357
7559999.9 -9.2396388 184.13192
7583999.9 -14.7488483 183.90495
7607999.9 -20.0556188 189.82617
7631999.9 -22.3374344 195.52281
7655999.9 -24.771281 201.23483
7679999.9 -20.9916113 206.79432
7703999.9 -17.9611977 206.73119
7727999.9 -17.0564589 206.56882
7751999.9 -14.809466 206.34444
7775999.9 -12.01987687 206.21154
7799999.9 -8.702212568 206.1407
7823999.9 -5.0843581 206.08944
7847999.9 0.7049319 205.37184
7871999.9 -7.034397361 209.38558
7895999.9 -14.3509521 214.84908
7919999.9 -15.9355345 220.33509
7943999.9 -13.4541445 220.14709
7967999.9 -13.6853498 220.22511
7991999.9 -14.69259446 220.17292
8015999.9 -15.8913213 220.17446
8039999.9 -18.4249373 219.99385
8063999.9 -19.8369944 219.72445
8087999.9 -23.153642 225.28948
8111999.9 -16.3559738 230.71832
8135999.9 -9.8085109 230.47955
8159999.9 -2.82844103 230.03962
8183999.9 -0.0504055999999999 228.37264
8207999.9 -6.2950588 227.6064
8231999.9 -11.0224873 227.32689
8255999.9 -13.462054 227.0629
8279999.9 -16.4700208 226.87765
8303999.9 -16.9883166 232.72555
8327999.9 -17.7117706 232.7058
8351999.9 -19.7723625 238.39593
8375999.9 -16.2566105 238.20184
8399999.9 -16.640785 238.03413
8423999.9 -13.4040995 237.6987
8447999.9 -11.223766 237.73895
8471999.9 -10.0648856 237.48151
8495999.9 -5.9841856 237.04445
8519999.9 -2.6729223 235.5935
8543999.9 -7.5299812 240.29697
8567999.9 -10.6077122 239.88257
8591999.9 -13.3458134 239.59766
8615999.9 -14.3780382 239.31456
8639999.9 -14.740852 239.16822
8663999.9 -15.501123 239.06288
8687999.9 -16.3499945 238.92181
8711999.9 -17.0298317 238.77045
8735999.9 -18.2501666 238.58784
8759999.9 -19.6968464 244.46455
8783999.9 -18.2728686 250.0171
8807999.9 -12.0373669 255.80911
8831999.9 -5.20152162 255.52227
8855999.9 4.6050389 254.4129
8879999.9 -1.10950749 252.97704
8903999.9 -7.2993206 252.77847
8927999.9 -12.1037322 252.56892
8951999.9 -15.302618 252.28982
8975999.9 -17.7035466 252.09365
8999999.8 -22.691945 257.83687
9023999.8 -17.6194214 263.29521
9047999.8 -14.3689001 263.39041
9071999.8 -13.4466248 263.38878
9095999.8 -12.5104537 263.374
9119999.8 -12.0569085 263.35231
9143999.8 -12.480575 263.2074
9167999.8 -10.0800082 268.94629
9191999.8 -1.5776778 274.87049
9215999.8 10.9114215 271.68737
9239999.8 -3.37706203 271.5472
9263999.8 -8.2785382 271.38206
9287999.8 -10.8506549 271.40129
9311999.8 -15.3899136 271.39492
9335999.8 -18.8252958 277.31692
9359999.8 -21.0983244 277.00056
9383999.8 -22.25342 282.81926
9407999.8 -22.59433 288.58023
9431999.8 -19.6353776 294.42856
9455999.8 -17.9272323 294.10503
9479999.8 -13.4740885 293.70794
9503999.8 -9.0012523 293.40945
9527999.8 -1.5123154 292.56869
9551999.8 -2.6095774 291.24342
9575999.8 -9.465224 290.70033
9599999.8 -14.453638 290.48038
9623999.8 -19.5656055 296.21643
9647999.8 -20.2286362 302.07427
9671999.8 -20.7232335 307.68194
9695999.8 -16.5804161 307.53716
9719999.8 -16.170675 307.58916
9743999.8 -15.7771497 307.48955
9767999.8 -16.0014506 307.4858
9791999.8 -17.1351541 307.27029
9815999.8 -17.9550974 306.99081
9839999.8 -20.0674098 312.29579
9863999.8 -13.1757882 317.26412
9887999.8 -9.1784759 316.19924
9911999.8 -10.2771284 315.70697
9935999.8 -13.7254969 315.46183
9959999.8 -16.4969335 315.13068
9983999.8 -18.5150519 314.90391
10008000 -21.2335545 314.46491
10032000 -19.3894872 320.32321
10056000 -19.7545011 320.29521
10080000 -20.8271859 326.08169
10104000 -18.7728364 325.79903
10128000 -17.8295862 325.36117
10152000 -14.4905952 325.02919
10176000 -13.3689777 330.57931
10200000 -6.9874022 329.56707
10224000 -8.407591 329.00958
10248000 -14.5837736 328.45288
10272000 -18.0966204 334.13024
10296000 -19.4091168 339.76338
10320000 -17.4154926 339.4526
10344000 -17.4262806 339.40667
10368000 -18.4778434 339.17159
10392000 -17.7856934 338.95301
10416000 -18.7283572 338.8011
10440000 -18.6085326 344.53861
10464000 -16.2077113 344.19503
10488000 -14.4322113 343.5953
10512000 -9.6497908 342.86499
10536000 -9.1685602 342.05791
10560000 -12.5425591 341.25049
10584000 -14.9804019 340.69762
10608000 -16.8136309 340.41709
10632000 -20.1878666 340.16828
10656000 -23.116733 345.75636
10680000 -19.8297004 351.41583
10704000 -16.5457432 351.3289
10728000 -15.6249642 351.35015
10752000 -15.6145441 351.22831
10776000 -15.2674352 351.01183
10800000 -14.6086215 350.62047
10824000 -11.7616066 356.2148
10848000 -6.4482431 361.32447
10872000 -6.50576552 360.06566
10896000 -9.6117187 359.60096
10920000 -12.809689 359.40022
10944000 -15.5068336 359.18648
10968000 -17.8770791 359.04232
10992000 -21.644342 358.77096
11016000 -23.652766 364.47005
11040000 -23.412083 370.00339
11064000 -17.5987707 375.8574
11088000 -14.2908213 375.91981
11112000 -12.5495362 375.81267
11136000 -9.5339142 375.70273
11160000 -6.6941529 375.31666
11184000 -0.4786106 379.44318
11208000 -9.5521534 378.28991
11232000 -12.5468176 383.85974
11256000 -12.3047542 383.71169
11280000 -13.6144012 383.65963
11304000 -14.7881772 383.51542
11328000 -15.5303444 383.3764
11352000 -16.5448727 383.21026
11376000 -17.0517505 382.91953
11400000 -16.7157844 388.85741
11424000 -13.5482397 394.69101
11448000 -8.4332011 394.69425
11472000 -5.78212271 394.80121
11496000 0.9979214 394.76917
11520000 4.1062901 390.4818
11544000 -6.38179035 384.3113
11568000 -9.9011368 384.10036
11592000 -12.1320362 384.02291
11616000 -14.8422665 383.80791
11640000 -14.6185958 383.51965
11664000 -15.0791117 383.49943
11688000 -15.9182704 383.24292
11712000 -14.891319 383.16985
11736000 -16.7258932 383.05978
11760000 -15.0708076 388.75952
11784000 -10.2241496 388.74827
11808000 -7.9436588 389.03382
11832000 -7.5049699 389.23748
11856000 -7.8665954 383.18699
11880000 -8.2364708 383.11112
11904000 -7.3343886 377.10633
11928000 -9.7618255 377.22064
11952000 -10.0077011 377.11285
11976000 -10.51748 377.2147
12000000 -11.7064529 377.12559
12024000 -11.0993197 377.11598
12048000 -12.3590283 377.20502
12072000 -13.0617742 377.02758
12096000 -12.8283282 377.08818
12120000 -15.3011821 376.93175
12144000 -13.0976651 382.90054
12168000 -12.751877 382.98668
12192000 -11.3616752914 388.9949
12216000 -8.86840588 382.98135
12240000 -9.70007072 383.11538
12264000 -9.7798892 383.08991
12288000 -9.0698141 383.15113
12312000 -9.5707976 383.28543
12336000 -10.4239989 383.23408
12360000 -9.506247 383.19594
12384000 -9.1761764 383.37438
12408000 -10.5725068 383.46689
12432000 -11.3134828 383.50342
12456000 -14.639542 383.49185
12480000 -13.8818771 389.19349
12504000 -11.8199524 389.34906
12528000 -12.9686186 389.10916
12552000 -8.9879109 389.01917
12576000 -7.9121305 389.2707
12600000 -7.4354273 389.34559
12624000 -6.77066559 389.50727
12648000 -6.292405 383.37435
12672000 -6.2679127 377.41392
12696000 -9.6969016 371.47111
12720000 -11.8290625 371.16188
12744000 -12.2813493 371.35269
12768000 -16.1895168 371.2441
12792000 -17.5331407 371.02554
12816000 -19.5029425 376.79358
12840000 -16.4453149 376.52656
12864000 -16.0563385 376.36195
12888000 -13.2164875 376.14959
12912000 -11.6087521 376.13222
12936000 -8.65466428 375.92368
12960000 -4.7862801 375.93681
12984000 7.088377 380.95768
13008000 -5.3837666 378.45333
13032000 -11.3461826 377.94976
13056000 -12.1124845 377.73305
13080000 -13.9843151 377.67482
13104000 -15.7932873 377.55277
13128000 -17.7550219 377.34752
13152000 -18.690905 377.08116
13176000 -19.4889105 376.77038
13200000 -19.3926238 376.456
13224000 -19.1802712 382.16194
13248000 -14.3475679 381.80372
13272000 -13.102917 381.57377
13296000 -10.77904236 386.86262
13320000 -9.85480739 385.91085
13344000 -13.5593698 385.12078
13368000 -16.2856373 384.58314
13392000 -18.0098498 384.12477
13416000 -18.637402 383.80058
13440000 -19.0776051 383.5359
13464000 -20.0885646 383.2903
13488000 -20.0626706 389.10914
13512000 -18.1560929 388.81703
13536000 -16.8388547 388.5724
13560000 -15.5147725 388.2365
13584000 -12.4927274 387.7904
13608000 -10.9480661 387.4551
13632000 -14.943724 392.4532
13656000 -12.4370394 391.5499
13680000 -16.1089925 391.1023
13704000 -15.1113497 396.8064
13728000 -15.0339683 396.836
13752000 -16.8994915 396.7728
13776000 -18.1741793 396.7416
13800000 -21.3338952 396.8572
13824000 -30.742495 397.1326
13848000 -27.126464 400.178
13872000 -20.4730463 400.383
13896000 -17.0858239 400.0502
13920000 -11.9909462 399.7736
13944000 -9.7708725 399.3951
13968000 -11.2684759 398.5714
13992000 -15.0217926 397.7586
14016000 -17.0640373 403.3329
14040000 -17.7099444 402.9779
14064000 -19.1696219 402.6187
14088000 -18.1076584 402.2721
14112000 -17.5647713 402.2246
14136000 -18.4507416 402.1096
14160000 -19.495554 402.0144
14184000 -24.3255175 407.818
14208000 -19.4419187 413.1318
14232000 -16.2161876 412.861
14256000 -13.0729672 412.1872
14280000 -10.8509448 411.5479
14304000 -12.8632049 410.6931
14328000 -13.5926017 410.2017
14352000 -17.2035244 410.0469
14376000 -20.875404 409.6286
14400000 -24.264884 409.33
14424000 -26.282266 414.6106
14448000 -22.672122 414.3167
14472000 -22.76469 413.961
14496000 -19.9426968 413.5444
14520000 -17.0863694 413.2641
14544000 -13.4968349 413.1088
14568000 -11.7031532 412.9805
14592000 -10.5648292 412.4321
14616000 -9.8786872 411.6871
14640000 -14.3158823 410.8027
14664000 -16.9511718 416.2174
14688000 -17.2965738 421.9341
14712000 -16.6613811 421.7273
14736000 -17.9124793 421.6901
14760000 -20.5124248 421.5108
14784000 -22.924256 421.1069
14808000 -22.580119 426.7911
14832000 -20.5001834 426.4831
14856000 -19.9395527 426.0948
14880000 -15.6866594 431.8681
14904000 -11.8797831 431.6732
14928000 -9.30685939 431.0247
14952000 -8.1427462 430.0316
14976000 -13.2554837 435.3026
15000000 -14.0428876 434.6738
15024000 -15.9601688 434.4045
15048000 -16.4691545 434.14
15072000 -18.0891107 433.9777
15096000 -18.0268909 433.7428
15120000 -21.0144066 433.7215
15144000 -20.837162 439.0515
15168000 -18.0797107 439.05
15192000 -17.2763975 444.7121
15216000 -11.5816714 444.6165
15240000 -10.88190836 444.3425
15264000 -5.9947 443.4483
15288000 -8.5748755 442.3933
15312000 -12.94130918 447.6615
15336000 -15.9029108 447.1366
15360000 -15.4498494 446.7222
15384000 -16.4255533 446.6372
15408000 -17.0113876 446.3681
15432000 -17.190945 446.3062
15456000 -18.9815861 446.1776
15480000 -21.5446555 452.081
15504000 -19.9776443 457.6281
15528000 -16.3624103 457.2184
15552000 -10.7713225 456.8732
15576000 -5.222992 456.6752
15600000 1.9548372 455.6136
15624000 -2.4711575 454.4322
15648000 -11.33984998 453.9832
15672000 -13.93935 459.7118
15696000 -16.1644297 459.3808
15720000 -16.0396812 459.152
15744000 -18.3861003 458.8854
15768000 -15.4540211 458.5218
15792000 -15.1048943 458.7214
15816000 -17.1785369 458.6003
15840000 -19.8884375 458.4149
15864000 -17.44094577 463.4229
15888000 -9.4389926 463.3495
15912000 1.613733 463.4719
15936000 2.7216088 459.0065
15960000 -3.7270036 459.2957
15984000 -6.06391955 459.462
16008000 -9.8479173 459.6593
16032000 -14.5492194 459.5812
16056000 -17.2537217 465.391
16080000 -17.2011698 465.2648
16104000 -21.3913225 470.9672
16128000 -15.2806564 476.7491
16152000 -12.3331507 476.7304
16176000 -8.663321801 476.8355
16200000 -6.7999426 477.0992
16224000 -5.6975055 471.2002
16248000 -7.6854874 465.2573
16272000 -9.574784 465.3526
16296000 -13.057378415 465.5383
16320000 -15.93415492 471.1449
16344000 -14.31148172 471.0736
16368000 -11.92756601 476.9929
16392000 -9.45131382 477.3157
16416000 -10.93263571 477.2632
16440000 -7.830877767 471.1659
16464000 -10.3531236 471.4688
16488000 -10.46637492 477.6011
16512000 -12.5819307 477.8429
16536000 -14.0424467 483.6866
16560000 -12.7474761 483.6633
16584000 -12.4193625 483.5582
16608000 -12.2564794 483.5862
16632000 -11.7147806 483.3278
16656000 -9.43694931 483.4491
16680000 -10.8973681 483.2173
16704000 -1.3944942 489.3223
16728000 -1.185763 484.5467
16752000 -6.0291537 484.7868
16776000 -11.66400553 485.0218
16800000 -16.6664835 490.9667
16824000 -18.5290029 490.6504
16848000 -20.0151914 490.3379
16872000 -21.213075 496.0667
16896000 -17.1711531 495.74
16920000 -16.3782789 495.794
16944000 -15.8583867 495.4372
16968000 -12.8633286 495.336
16992000 -12.1969328 495.1876
17016000 -9.5035541 500.8468
17040000 -2.8919321 505.9262
17064000 -6.0711844 504.5718
17088000 -11.26346799 503.9494
17112000 -13.5397231 503.6275
17136000 -15.7349244 503.335
17160000 -15.9348243 503.0999
17184000 -17.2271143 503.0049
17208000 -18.6656195 502.7344
17232000 -19.3925706 502.3746
17256000 -17.5267986 501.9529
17280000 -15.6197867 501.8664
17304000 -16.2566816 501.5595
17328000 -13.0455709 507.1496
17352000 -9.096196 506.5334
17376000 -9.6375144 505.55
17400000 -14.83979812 504.7748
17424000 -18.2187152 510.2378
17448000 -19.2031414 509.9303
17472000 -21.8458589 515.6596
17496000 -19.8061964 515.4017
17520000 -23.0082418 515.2808
17544000 -21.4120782 520.7211
17568000 -18.656652 520.6382
17592000 -17.9650089 520.3503
17616000 -15.7842123 519.9993
17640000 -12.2241704 519.6021
17664000 -7.998939779 519.2454
17688000 -5.1218922 518.5241
17712000 -6.6283232 517.5803
17736000 -10.1560139 516.9556
17760000 -13.2405329 516.7037
17784000 -18.3206601 516.2852
17808000 -17.4929749 521.9273
17832000 -16.576545 521.807
17856000 -16.6517585 521.7221
17880000 -18.058904 521.6622
17904000 -20.2528788 521.3288
17928000 -20.1172923 527.086
17952000 -19.3022738 526.6585
17976000 -16.4854163 531.8978
18000000 -7.8246428 531.4147
18024000 -7.722994 530.6711
18048000 -9.44485813 535.8914
18072000 -12.1323278 535.7764
18096000 -18.6497992 535.3601
18120000 -19.52933 541.0346
18144000 -19.6073169 546.8295
18168000 -17.8484799 546.6756
18192000 -18.9843189 546.4657
18216000 -17.1304725 546.1606
18240000 -16.9289688 546.082
18264000 -16.1058667 545.7062
18288000 -14.5854794 545.5111
18312000 -14.1265653 544.9025
18336000 -9.5423194 544.1503
18360000 -10.203013 543.2992
18384000 -11.9085388 548.5494
18408000 -12.3017518 548.2342
18432000 -14.9277271 548.0926
18456000 -16.7447846 547.9372
18480000 -20.1256063 547.9271
18504000 -24.5646038 547.6284
18528000 -33.8009853 553.4743
18552000 -24.9761019 558.0481
18576000 -21.5008883 558.0309
18600000 -18.0689437 557.7142
18624000 -17.0096508 557.7004
18648000 -15.8514143 562.919
18672000 -9.96563741 562.5775
18696000 -16.360013973 567.8622
18720000 -11.9025169 573.2156
18744000 -14.7913147 573.2408
18768000 -17.3936973 578.8781
18792000 -16.7163234 578.8018
18816000 -19.1756673 578.613
18840000 -19.5422522 578.3636
18864000 -21.7726425 578.1371
18888000 -22.4646849 583.8321
18912000 -20.1192077 589.4819
18936000 -14.8158752 589.1477
18960000 -10.49148773 589.0339
18984000 -7.3380105 588.7456
19008000 -7.5409519 587.7469
19032000 -12.3334539 586.6906
19056000 -18.7122648 586.2348
19080000 -25.2832724 591.4487
19104000 -21.2121775 597.0159
19128000 -20.1423676 596.8789
19152000 -20.0923059 596.5762
19176000 -18.1904971 596.3158
19200000 -16.9027033 596.2199
19224000 -16.7354065 596.0339
19248000 -15.0556122 601.8018
19272000 -8.4635376 601.4646
19296000 -1.2813651 601.329
19320000 3.552712 599.2099
19344000 -5.4372098 598.4521
19368000 -14.5315389 598.4106
19392000 -16.3717057 603.547
19416000 -14.2361651 603.6071
19440000 -16.8683147 603.4487
19464000 -15.2340761 603.2058
19488000 -16.0906161 603.298
19512000 -16.8461805 602.9683
19536000 -16.2250017 603.0177
19560000 -21.04720825 608.6203
19584000 -11.5256581 614.4383
19608000 -5.9986911 614.6381
19632000 -2.178232 615.4419
19656000 -3.9655925 609.8819
19680000 -11.0882293 609.9889
19704000 -11.40826809 609.7224
19728000 -12.848432 609.8871
19752000 -18.5869424 609.6579
19776000 -15.3206901 615.069
19800000 -11.4598216 615.1902
19824000 -11.0396214 615.3236
19848000 -10.39185887 615.2516
19872000 -9.0463952 615.3276
19896000 -9.3471323 615.269
19920000 -5.2572015 621.4637
19944000 -3.5460371 615.8899
19968000 -6.2134493 609.7976
19992000 -7.3445202 609.9063
20016000 -8.33324277 610.0938
20040000 -11.5834891 610.3035
20064000 -14.9736904 610.116
20088000 -18.1926464 610.1508
20112000 -21.7278252 614.9692
20136000 -13.36917153 614.9889
20160000 -11.3169423 615.0872
20184000 -7.8497147 615.1579
20208000 -5.460635 609.3889
20232000 -8.4062199 603.5205
20256000 -11.1709163 603.6449
20280000 -15.0613263 609.6305
20304000 -13.63416814 609.4801
20328000 -17.0372646 609.3566
20352000 -13.050877 614.9472
20376000 -9.18957265 615.1936
20400000 -9.07547268 615.3442
20424000 -7.8058859 615.3676
20448000 -7.3643932 615.4172
20472000 -1.329403 615.3613
20496000 -3.8488551 610.4108
20520000 -9.8241615 610.3632
20544000 -12.40396748 610.2592
20568000 -14.2295445 610.1204
20592000 -15.8844515 610.0459
20616000 -17.9687726 609.8505
20640000 -19.6839375 609.5499
20664000 -18.5271142 615.3543
20688000 -16.9722266 615.3605
20712000 -19.9109445 621.2365
20736000 -14.3263177 626.9634
20760000 -9.9084888 626.6555
20784000 1.519643 626.2772
20808000 0.0193159999999999 623.6948
20832000 -7.6342826 629.2271
20856000 -9.74350452 629.3637
20880000 -15.9848172 629.2186
20904000 -16.5103214 635.0719
20928000 -18.8105481 635.0544
20952000 -22.7124437 640.766
20976000 -19.7418548 646.2639
21000000 -15.4149837 646.1584
21024000 -13.9492472 646.0639
21048000 -10.8194015 645.8681
21072000 -8.3288277 645.8807
21096000 -7.5793969 645.4359
21120000 -5.4689784 644.1585
21144000 -9.3839203 648.992
21168000 -10.71580955 648.4853
21192000 -13.8481926 648.2329
21216000 -14.3914236 647.9139
21240000 -15.331969 647.9244
21264000 -18.5602164 647.7885
21288000 -19.8366066 653.6473
21312000 -20.528601 653.4646
21336000 -23.6338795 659.0068
21360000 -17.2810949 664.7246
21384000 -14.79906121 664.5547
21408000 -10.7867473 670.1867
21432000 -7.5032656 669.421
21456000 -12.928894 674.2645
21480000 -12.82852138 679.7429
21504000 -14.7498995 679.4991
21528000 -15.8101431 679.2524
21552000 -17.3897415 679.0724
21576000 -17.5834369 678.7879
21600000 -18.1373743 678.7639
21624000 -21.20699 678.4078
21648000 -19.365988 684.1593
21672000 -17.8432374 683.8795
21696000 -15.345531 683.5574
21720000 -13.79360416 683.2406
21744000 -11.4271533 688.6917
21768000 -9.8269586 687.508
21792000 -10.3690121 686.6526
21816000 -14.9826321 686.5162
21840000 -20.2041184 691.6019
21864000 -14.3088745 691.4742
21888000 -16.0639856 691.6892
21912000 -18.2733118 691.353
21936000 -18.6427344 691.2198
21960000 -20.1445757 690.8215
21984000 -20.3657818 690.5566
22008000 -19.3138807 695.7573
22032000 -11.433156 695.5692
22056000 -8.5489964 695.2641
22080000 -3.6632425 694.4348
22104000 -4.8685246 693.8762
22128000 -11.62677003 693.5801
22152000 -17.5048923 693.2023
22176000 -23.5010719 693.0725
22200000 -36.0777265 696.1636
22224000 -20.3166393 696.6458
22248000 -17.9769973 696.8744
22272000 -17.1537032 696.7925
22296000 -16.0094247 696.8192
22320000 -17.1267401 696.7572
22344000 -18.0651719 696.4947
22368000 -21.0718148 701.9243
22392000 -14.05180296 707.2667
22416000 -13.6192894 706.3574
22440000 -9.7554215 711.686
22464000 -11.0578279 711.6787
22488000 -16.5068109 711.4034
22512000 -17.4739187 710.9693
22536000 -21.001032 710.9143
22560000 -24.232095 716.1414
22584000 -18.6808839 715.8288
22608000 -17.2061642 715.8234
22632000 -16.5841142 715.758
22656000 -17.3349432 715.6319
22680000 -16.9795064 715.2013
22704000 -16.6629735 714.9266
22728000 -16.9795576 719.476
22752000 -8.5620856 718.2657
22776000 -8.2919997 717.5534
22800000 -9.743382538 717.3742
22824000 -12.4036747 717.2109
22848000 -13.7113033 717.0539
22872000 -15.9325336 716.9635
22896000 -17.5958287 716.7212
22920000 -19.9740925 716.4989
22944000 -20.4964975 722.126
22968000 -17.8938788 727.973
22992000 -13.3135679 727.7455
23016000 -11.125627823 727.8762
23040000 -10.7797781 727.4994
23064000 -6.1561483 726.8195
23088000 -11.607338 731.2612
23112000 -11.6349173 736.5092
23136000 -15.89213129 735.9162
23160000 -12.5085612 735.5237
23184000 -12.4449236 735.7689
23208000 -16.3727815 735.8378
23232000 -17.8105296 741.6479
23256000 -18.6307346 741.6662
23280000 -22.6767734 747.0704
23304000 -16.417222 746.8231
23328000 -14.94299367 752.7394
23352000 -7.8986662 752.6839
23376000 -4.1552209 752.9207
23400000 3.806288 747.1536
23424000 -2.060706 742.3117
23448000 -8.1424131 748.3316
23472000 -9.5970718 748.3954
23496000 -12.8976765 748.1648
23520000 -11.54958174 748.0379
23544000 -13.27406992 748.2152
23568000 -16.21753797 747.9651
23592000 -16.46325164 753.978
23616000 -17.9181077 759.7107
23640000 -9.817011 765.6011
23664000 -6.060841 759.9307
23688000 -6.7193818 753.8756
23712000 -5.6633438 748.0814
23736000 -10.4422946 748.4632
23760000 -14.2632039 754.4648
23784000 -16.6951083 760.5879
23808000 -16.21235366 766.3561
23832000 -15.3020762 766.243
23856000 -13.3918927 772.2587
23880000 -11.0608513 772.229
23904000 -7.8631813 772.3201
23928000 -7.0449012 766.404
23952000 -7.0372857 760.2984
23976000 -8.3268442 760.7034
24000000 -13.1422512 760.5872
24024000 -11.9795659 760.4012
24048000 -13.56056609 760.3956
24072000 -12.98376898 760.2812
24096000 -16.0197592 760.2879
24120000 -13.9910545 765.8296
24144000 -10.7795496 765.9976
24168000 -9.0825935 765.7379
24192000 -1.789504 766.0181
24216000 -3.3202 760.7397
24240000 -6.5988225 754.7086
24264000 -10.8168829 754.926
24288000 -16.2800996 754.7884
24312000 -18.73559925 760.4083
24336000 -16.6861386 766.3348
24360000 -15.1062287 766.1166
24384000 -12.5238384 766.0908
24408000 -12.225392 766.189
24432000 -11.29661601 766.0114
24456000 -8.84026262 766.1453
24480000 -9.3803878 766.3094
24504000 -9.018806 766.1979
24528000 -2.169837 765.5475
24552000 -5.031636 767.2609
24576000 -12.124187 767.1476
24600000 -11.35856758 766.852
24624000 -12.14449692 766.9328
24648000 -12.8097674 766.9044
24672000 -14.9671622 767.0364
24696000 -18.5591373 772.8836
24720000 -17.4157072 772.6572
24744000 -18.3832213 778.4999
24768000 -15.4348486 778.2958
24792000 -15.51337587 777.804
24816000 -8.5804755 777.3799
24840000 -5.953925 776.7218
24864000 -3.5805835 781.1251
24888000 -9.2937314 780.9177
24912000 -15.51036868 786.3178
24936000 -13.4026378 786.26
24960000 -17.8064314 786.3667
24984000 -21.1544302 792.0285
25008000 -21.729276 797.9165
25032000 -19.5847412 803.5904
25056000 -16.5529528 803.5705
25080000 -16.9723748 803.418
25104000 -14.7985212 803.1085
25128000 -14.3397778 803.018
25152000 -15.8828003 808.2946
25176000 -10.247678 813.2129
25200000 -9.2905 812.458
25224000 -14.51439366 811.8831
25248000 -13.078756 817.5306
25272000 -13.3840559 817.672
25296000 -17.3043271 817.414
25320000 -16.2120982 817.136
25344000 -17.564619 817.1417
25368000 -19.5572916 817.0059
25392000 -27.6051856 822.7311
25416000 -18.3613484 827.8874
25440000 -16.3034016 827.7988
25464000 -12.0135905 833.3374
25488000 -7.8536597 833.0155
25512000 -10.2029459 832.3864
25536000 -14.5307624 831.8584
25560000 -23.1824179 837.4082
25584000 -22.3930242 842.7341
25608000 -22.7142197 848.2908
25632000 -17.36949 848.0218
25656000 -16.8060678 848.186
25680000 -17.9496744 847.9564
25704000 -16.8318627 847.8215
25728000 -18.3177389 847.6253
25752000 -16.5946984 847.1302
25776000 -15.8975883 846.9108
25800000 -14.80017902 852.3594
25824000 -12.3688575 851.6105
25848000 -13.0086498 850.6648
25872000 -13.73361408 850.1659
25896000 -16.3797363 849.9081
25920000 -20.2014946 849.7888
25944000 -27.7038696 855.2906
25968000 -24.6767424 860.7645
25992000 -22.4063558 866.464
26016000 -18.3214271 866.3759
26040000 -18.0396921 866.2514
26064000 -15.2508815 865.9447
26088000 -13.1764894 865.9045
26112000 -11.94683113 865.6503
26136000 -11.313414 865.3185
26160000 -17.4480061 864.631
26184000 -29.8428697 867.8423
26208000 -16.32683969 867.3249
26232000 -13.6089426 867.386
26256000 -13.5494087 867.4743
26280000 -15.1880007 867.473
26304000 -16.2112466 867.2672
26328000 -16.6076907 867.2154
26352000 -19.8110813 867.0684
26376000 -21.5720734 872.433
26400000 -14.64436729 878.1125
26424000 -9.3554816 878.102
26448000 -7.8742203 877.6901
26472000 -5.1194798 876.3343
26496000 -9.2693949 875.4403
26520000 -13.004594 875.0193
26544000 -19.19266168 874.9355
26568000 -23.0304661 879.8079
26592000 -17.9983099 879.636
26616000 -18.1501536 879.5197
26640000 -16.5364085 879.2244
26664000 -14.8786945 879.2485
26688000 -16.8722038 879.1007
26712000 -13.5824865 884.6557
26736000 -6.8812623 884.6092
26760000 -0.853624 884.5285
26784000 7.830838 881.7934
26808000 -6.2889069 881.4784
26832000 -15.3054437 887.1889
26856000 -14.410150982 886.8825
26880000 -22.1010605 886.9876
26904000 -16.9685728 891.8205
26928000 -14.3104927 892.2603
26952000 -16.7926988 892.2651
26976000 -16.5857234 892.0537
27000000 -17.9341993 891.9073
27024000 -17.0306577 897.6984
27048000 -14.8884503 903.7068
27072000 -8.7959356 909.4038
27096000 2.932249 903.7269
27120000 2.10549 899.217
27144000 -7.0897248 899.3362
27168000 -8.7655432 899.4006
27192000 -16.7547666 899.4673
27216000 -17.1248804 904.9085
27240000 -16.28829077 904.63
27264000 -14.088214648 904.5474
27288000 -14.81047564 904.3576
27312000 -9.9930282 904.2769
27336000 -10.5418589 904.8654
27360000 -14.284104 910.4416
27384000 -8.5858107 910.6542
27408000 -9.7864304 910.8587
27432000 -9.3242053 910.8857
27456000 -9.1786106 910.8464
27480000 -8.906191 911.0622
27504000 -10.3631866 910.91
27528000 -8.069902 911.0435
27552000 -10.6252578 911.1241
27576000 -9.2368135 917.2294
27600000 -9.7034453 917.2875
27624000 -7.0124512 917.2432
27648000 -7.4067109 911.3734
27672000 -8.8944317 911.4445
27696000 -11.1280398 911.571
27720000 -11.679227 917.5779
27744000 -11.8234372 917.7164
27768000 -13.789982 917.5513
27792000 -13.2777744 917.4442
27816000 -13.3108394 917.351
27840000 -13.8978877 917.2452
27864000 -10.6320826 923.196
27888000 -8.1997687 923.6574
27912000 -11.2132457 923.798
27936000 -9.3755645 923.7357
27960000 -10.2671963 924.0221
27984000 -12.8869322 924.0318
28008000 -13.9582334 923.9636
28032000 -15.9006258 930.1325
28056000 -16.4110199 936.0484
28080000 -13.6192079 935.9107
28104000 -13.9318597 936.022
28128000 -13.2498064 935.8265
28152000 -11.5303547 935.9997
28176000 -14.7224914 936.1757
28200000 -15.7862055 941.6866
28224000 -10.6042376 941.5261
28248000 -5.985715 941.5634
28272000 -2.056149 935.8911
28296000 -4.370286 930.2663
28320000 -7.9370089 924.0759
28344000 -9.5811491 923.9941
28368000 -9.6802612 924.0741
28392000 -12.62114226 924.182
28416000 -13.61847895 923.8771
28440000 -14.12080391 924.0232
28464000 -18.91034886 923.6614
28488000 -15.11392777 929.4642
28512000 -14.3826412 929.4849
28536000 -14.1012095 929.2803
28560000 -12.7224605 934.9463
28584000 -1.720846 934.6076
28608000 1.14626 932.4365
28632000 -12.3295494 937.3089
28656000 -13.7753163 937.0895
28680000 -19.4738629 942.9677
28704000 -16.44551671 948.5025
28728000 -13.958899 948.6374
28752000 -16.0165129 948.5662
28776000 -14.2405027 948.1982
28800000 -13.2336988 948.2279
28824000 -12.13671379 947.9501
28848000 -9.6132609 948.0156
28872000 -10.7412385 947.6894
28896000 -3.661412 946.9186
28920000 -6.472403 945.9319
28944000 -14.2195115 949.7155
28968000 -12.0099419 949.4558
28992000 -11.61451732 949.3116
29016000 -11.3728419 949.4048
29040000 -13.51845 949.5858
29064000 -17.5662612 949.4173
29088000 -18.1670733 949.1097
29112000 -21.0796676 949.2305
29136000 -26.99105468 953.2503
29160000 -14.4347423 953.3768
29184000 -11.8055259 953.32
29208000 -8.119712 952.5565
29232000 -7.1100407 951.7746
29256000 -14.2433443 951.1693
29280000 -18.7319907 956.6114
29304000 -23.7494406 962.4009
29328000 -21.3829843 967.5916
29352000 -17.9475264 967.5117
29376000 -16.9184457 967.4536
29400000 -16.6352495 967.47
29424000 -18.3026633 967.2764
29448000 -16.3856592 966.9294
29472000 -15.80754513 966.9183
29496000 -16.8183428 972.6224
29520000 -11.3556313 978.311
29544000 -6.2830084 977.6244
29568000 -4.99259 976.5904
29592000 -10.7536827 976.0944
29616000 -18.2259535 975.5945
29640000 -21.7549598 981.0857
29664000 -20.6064322 986.6598
29688000 -18.5938385 986.553
29712000 -19.7674758 986.3525
29736000 -18.3423855 986.0791
29760000 -19.1963702 985.9096
29784000 -16.4562454 991.686
29808000 -15.0571998 991.7194
29832000 -14.2507502 997.2183
29856000 -7.0609958 996.9747
29880000 -8.9404023 995.8329
29904000 -7.2480029 1000.677
29928000 -10.3087225 1000.7149
29952000 -18.317804 1000.2934
29975999 -18.4143041 1005.6139
29999999 -15.4588614 1005.5185
30023999 -16.6500265 1005.4561
30047999 -14.9769155 1005.1264
30071999 -13.5718066 1005.3624
30095999 -17.8875202 1005.508
30119999 -19.4932962 1010.9836
30143999 -18.05664145 1010.6403
30167999 -15.3188226 1016.199
30191999 -9.8256378 1015.4851
30215999 -3.886088 1014.2592
30239999 -6.3654146 1013.4577
30263999 -10.7077285 1013.1366
30287999 -14.18097075 1012.8689
30311999 -16.5220737 1012.8098
30335999 -26.8335522 1012.8352
30359999 -20.8429182 1017.2072
30383999 -17.9033985 1017.3843
30407999 -17.1353759 1023.2353
30431999 -12.259253 1023.1492
30455999 -9.91886148 1023.3008
30479999 -8.8803371 1023.2739
30503999 -6.1422898 1023.1881
30527999 -5.385286 1022.7703
30551999 -10.880981 1026.5238
30575999 -17.2179963 1031.8857
30599999 -13.524687 1037.0499
30623999 -12.66551108 1037.2067
30647999 -14.06835415 1037.0544
30671999 -13.08514402 1037.0147
30695999 -14.4603691 1037.0901
30719999 -16.45422357 1036.9691
30743999 -18.79723659 1042.7478
30767999 -14.4029457 1048.7076
30791999 -14.2435571 1048.4435
30815999 -4.279576 1054.4898
30839999 1.34507 1049.1985
30863999 -3.416953 1044.1565
30887999 -10.9775489 1044.6789
30911999 -22.1495678 1048.7721
30935999 -14.7443142 1049.183
30959999 -14.2411583 1049.0951
30983999 -12.45067 1049.2082
31007999 -13.5887152 1049.282
31031999 -13.5128928 1049.2177
31055999 -15.5541188 1049.2241
31079999 -14.7525174 1054.7496
31103999 -9.6401318 1048.6222
31127999 -7.3076788 1048.8226
31151999 -6.5085304 1042.8599
31175999 -5.9629269 1036.8792
31199999 -8.689287 1037.3197
31223999 -13.0096702 1037.1624
31247999 -13.2497626 1037.0775
31271999 -17.3265793 1036.9008
31295999 -14.9649132 1042.5731
31319999 -12.4206156 1042.4738
31343999 -8.6163368 1042.5471
31367999 -8.0905448 1036.7313
31391999 -9.7321018 1036.6943
31415999 -8.088121 1036.8697
31439999 -10.1677616 1037.2474
31463999 -13.0642318 1037.3706
31487999 -26.9209286 1037.5789
31511999 -13.8171763 1042.0627
31535999 -11.3213714 1042.439
31559999 -10.7400936 1042.4337
31583999 -8.6058316 1042.4118
31607999 -5.6932854 1036.4163
31631999 -6.7493443 1036.7762
31655999 -6.4490593 1036.8017
31679999 -7.4014077 1031.195
31703999 -15.526411 1030.4937
31727999 -11.002229 1030.6573
31751999 -13.626843 1030.5733
31775999 -11.9508848 1030.6871
31799999 -18.6350058 1030.7574
31823999 -13.1663849 1036.2824
31847999 -14.8735089 1036.7686
31871999 -15.7963268 1041.8472
31895999 -9.3627111 1042.1311
31919999 -7.0226383 1042.226
31943999 -5.002176 1036.2635
31967999 -1.65635 1036.4755
31991999 -4.660374 1031.0986
32015999 -9.8334364 1037.2131
32039999 -10.7784179 1037.1839
32063999 -12.2020397 1036.9651
32087999 -12.1095844 1037.0041
32111999 -14.46850828 1036.7422
32135999 -11.54164359 1036.5825
32159999 -11.7306703 1036.751
32183999 -12.3052874 1036.6648
32207999 -12.8039401 1036.6792
32231999 -14.9062701 1036.6027
32255999 -17.4125764 1041.4529
32279999 1.436761 1041.3569
32303999 -0.681148 1037.1152
32327999 -1.257663 1037.2711
32351999 -5.8644764 1037.7503
32375999 -10.2776967 1037.597
32399999 -11.4562956 1037.6077
32423999 -14.9402918 1037.5174
32447999 -15.88991774 1037.4305
32471999 -23.25689454 1037.1114
32495999 -17.98092662 1042.5725
32519999 -18.52226579 1042.3491
32543999 -13.0364748 1041.9883
32567999 -11.8197387 1042.0349
32591999 -6.1009141 1047.8977
32615999 1.021533 1048.1422
32639999 9.227382 1045.7064
32663999 -5.164088 1050.8785
32687999 -11.9042903 1056.685
32711999 -10.525678 1056.4121
32735999 -11.91387833 1056.6094
32759999 -15.42943359 1056.58
32783999 -18.3647309 1056.3181
32807999 -18.6560484 1055.9662
32831999 -19.62739059 1055.97
32855999 -23.91264643 1061.6301
32879999 -19.88625479 1067.2812
32903999 -17.079351 1067.0624
32927999 -15.8733124 1066.5192
32951999 -7.24913 1071.5203
32975999 -3.178166 1070.2633
32999999 -10.7721858 1069.6573
33023999 -13.7538944 1069.0961
33047999 -14.82849879 1068.9118
33071999 -16.1271789 1068.7295
33095999 -17.6134423 1068.6767
33119999 -21.3834534 1074.4892
33143999 -17.7946922 1080.2923
33167999 -17.2859917 1080.3025
33191999 -16.72790763 1079.8294
33215999 -12.8238878 1079.7008
33239999 -11.1852015 1079.4771
33263999 -6.3839452 1079.0759
33287999 -6.822953 1078.393
33311999 -16.0237488 1082.5878
33335999 -19.0548666 1088.088
33359999 -15.4808532 1093.6929
33383999 -14.55363394 1093.9412
33407999 -18.2665716 1093.8551
33431999 -18.3009027 1093.5276
33455999 -19.0622309 1093.544
33479999 -22.6945524 1093.3126
33503999 -23.89969298 1098.7561
33527999 -19.284068804 1104.4698
33551999 -14.402801 1104.2237
33575999 -10.9400106 1104.0599
33599999 -5.5078405 1103.344
33623999 1.10288 1102.1512
33647999 -5.7458428 1101.7802
33671999 -16.9992257 1107.357
33695999 -15.1807864 1112.9353
33719999 -17.63530779 1113.016
33743999 -20.74409533 1118.6109
33767999 -18.5967283 1118.5088
33791999 -22.2814044 1118.1076
33815999 -16.97219633 1123.8537
33839999 -15.53867646 1123.965
33863999 -15.1558228 1123.6719
33887999 -12.5350881 1123.3614
33911999 -6.9369813 1122.9037
33935999 2.461639 1122.3063
33959999 -10.553568 1126.4264
33983999 -11.6624451 1131.7242
34007999 -13.5169458 1131.3932
34031999 -12.50350997 1131.1383
34055999 -12.0761081 1131.1289
34079999 -12.150857777 1131.1256
34103999 -12.69587195 1131.1953
34127999 -15.23360782 1131.1568
34151999 -15.4272353 1137.0667
34175999 -15.0522426 1137.047
34199999 -18.5491587 1142.9559
34223999 -12.909883 1148.3539
34247999 -4.652377 1148.3747
34271999 3.050791 1142.6861
34295999 3.143105 1137.4386
34319999 -0.584972 1131.8904
34343999 -6.1954475 1131.9016
34367999 -6.1453365 1131.938
34391999 -9.6674317 1132.4205
34415999 -14.902742 1132.2664
34439999 -18.7339359 1132.649
34463999 -26.22950035 1135.6166
34487999 -16.1869396 1136.2813
34511999 -12.9873423 1136.5282
34535999 -11.7455058 1136.7077
34559999 -12.2751951 1136.7596
34583999 -11.9453149 1136.5421
34607999 -11.754284 1136.3424
34631999 -9.691936 1140.6743
34655999 -5.138236 1139.221
34679999 -8.3052474 1138.6594
34703999 -9.7724308 1138.5818
34727999 -12.9756961 1138.7193
34751999 -17.2184553 1138.6184
34775999 -21.0385076 1138.7001
34799999 -38.5320029 1143.2461
34823999 -24.1380605 1142.903
34847999 -20.6344653 1148.6386
34871999 -14.836603 1148.7851
34895999 -14.1282712 1148.9181
34919999 -11.6671909 1148.8396
34943999 -10.36105 1149.1451
34967999 -13.7562275 1149.4749
34991999 -14.3112336 1150.2805
35015999 -8.1661688 1150.4966
35039999 -7.7296187 1150.5097
35063999 -8.047676 1150.4818
35087999 -8.40292463 1150.6641
35111999 -10.55244689 1150.8117
35135999 -11.3980501 1150.9605
35159999 -14.24722471 1151.5554
35183999 -23.0251606 1152.4696
35207999 -23.14850961 1153.4695
35231999 -14.1814744 1154.0727
35255999 -9.9028006 1154.5309
35279999 -6.6608776 1154.7545
35303999 -2.9120607 1155.1411
35327999 -1.738555 1149.4876
35351999 -3.684515 1143.6374
35375999 -5.8609857 1137.5657
35399999 -7.9544286 1137.8795
35423999 -19.4420716 1143.8009
35447999 -7.5870203 1149.4213
35471999 -7.6172215 1150.0838
35495999 -10.7031973 1150.0949
35519999 -10.5145125 1150.1178
35543999 -12.7832887 1150.1453
35567999 -13.5170927 1150.0713
35591999 -17.0101452 1149.8419
35615999 -13.47369 1155.663
35639999 -12.5925932 1155.7823
35663999 -11.1901696 1161.883
35687999 -10.02345 1161.9776
35711999 -7.754273 1167.9832
35735999 -3.582479 1168.5373
35759999 -4.0848 1162.8138
35783999 -7.8338087 1163.2168
35807999 -13.0203268 1163.1942
35831999 -14.0378129 1169.1822
35855999 -15.8196694 1169.2341
35879999 -20.2963632 1169.0524
35903999 -20.6911252 1174.1567
35927999 -13.8092815 1174.2136
35951999 -14.7224062 1174.3605
35975999 -13.0052489 1180.0224
35999999 -6.9985286 1179.9877
36023999 -1.353387 1180.1383
36047999 9.373398 1174.6806
36071999 -1.930217 1170.1705
36095999 -12.3331227 1176.2227
36119999 -13.4068703 1181.8983
36143999 -15.4281398 1181.8222
36167999 -15.2583346 1187.5847
36191999 -12.8065287 1187.6732
36215999 -15.3288045 1187.7849
36239999 -14.9055991 1187.4493
36263999 -14.593669 1187.731
36287999 -25.9678486 1187.5976
36311999 -16.0717112 1192.1457
36335999 -9.5313665 1192.1739
36359999 -1.06542 1191.5064
36383999 4.893522 1188.9193
36407999 -3.595808 1189.1425
36431999 -13.4349587 1189.0769
36455999 -17.500854 1194.419
36479999 -15.753485 1194.3149
36503999 -19.52861125 1194.1333
36527999 -16.97408094 1199.7407
36551999 -14.29912159 1199.8935
36575999 -16.18814827 1200.0159
36599999 -16.88873462 1205.8293
36623999 -14.3193856 1205.8799
36647999 -19.1830421 1206.2747
36671999 -17.5472318 1209.8855
36695999 -7.5391713 1209.8825
36719999 -1.09581 1209.3618
36743999 -0.070276999999999 1208.7086
36767999 -3.4214316 1208.3467
36791999 -5.6123759 1208.3336
36815999 -9.2881896 1208.6513
36839999 -14.59726871 1208.8833
36863999 -17.447012 1209.5314
36887999 -17.3679577 1210.6725
36911999 -15.885954 1211.1807
36935999 -12.8814295 1211.3152
36959999 -10.1511549 1211.534
36983999 -8.68324108 1211.7747
37007999 -8.72844975 1212.0311
37031999 -11.5654365 1212.2154
37055999 -18.8384145 1212.3397
37079999 -15.0988616 1213.9605
37103999 -8.5345125 1214.0758
37127999 -9.1389428 1213.9917
37151999 -9.13336832 1213.8488
37175999 -9.83216554 1214.0511
37199999 -13.4617654 1214.215
37223999 -16.6149214 1214.2898
37247999 -22.2899445 1214.9851
37271999 -21.7995001 1216.8688
37295999 -14.76486158 1217.4325
37319999 -10.2360469 1217.7094
37343999 -6.7760304 1217.8536
37367999 -1.216166 1217.9816
37391999 18.279815 1217.365
37415999 -10.851094 1221.0356
37439999 -21.9658757 1226.3871
37463999 -15.7438438 1231.4869
37487999 -12.2576088 1231.6684
37511999 -11.85046433 1231.9068
37535999 -12.905068481 1232.1194
37559999 -14.70226892 1232.2902
37583999 -16.1623227 1232.6503
37607999 -15.8856396 1233.6955
37631999 -8.2941074 1234.7485
37655999 0.838642999999999 1235.3168
37679999 18.626818 1232.5879
37703999 -0.420883999999999 1232.5983
37727999 -6.4941446 1232.607
37751999 -9.7589571 1232.6097
37775999 -13.8737271 1232.7487
37799999 -20.06923404 1232.4109
37823999 -20.78479052 1232.064
37847999 -30.65269887 1237.294
37871999 -17.06378088 1243.0143
37895999 -14.0762448 1243.2592
37919999 -13.2889976 1243.3284
37943999 -13.6342417 1243.0832
37967999 -5.47833 1249.0945
37991999 -0.168080999999997 1243.5632
38015999 -6.373198 1244.6456
38039999 -8.5116419 1244.4223
38063999 -9.4561648 1244.5817
38087999 -13.1675846 1244.7052
38111999 -16.2051621 1250.5113
38135999 -14.4135753 1250.4578
38159999 -17.0372441 1250.4618
38183999 -18.6401063 1256.1303
38207999 -14.0272059 1255.8793
38231999 -14.1222887 1256.0927
38255999 -12.916029 1261.6327
38279999 -6.4526452 1261.7949
38303999 -3.786909 1262.0614
38327999 -1.079184 1256.2207
38351999 -0.441652999999999 1256.5871
38375999 -2.202441 1251.1865
38399999 -8.9724216 1251.2394
38423999 -10.323635 1257.19
38447999 -14.1388373 1257.2224
38471999 -11.007026 1262.7882
38495999 -9.1430985 1263.2637
38519999 -12.4024907 1263.2426
38543999 -10.7832555 1263.2996
38567999 -16.5145664 1263.6209
38591999 -15.0898342 1268.9577
38615999 -16.8713146 1269.0593
38639999 -12.2380798 1274.7915
38663999 -11.1046795 1274.9562
38687999 -6.7704652 1274.7632
38711999 -3.9473641 1275.3014
38735999 -6.1507352 1269.4411
38759999 -5.8776747 1269.4
38783999 -6.7944838 1263.6547
38807999 -12.0028486 1269.7114
38831999 -9.4114595 1263.5723
38855999 -16.7239509 1263.3141
38879999 -10.7758635 1263.0517
38903999 -13.3934861 1263.6631
38927999 -16.0805284 1269.037
38951999 -12.0054243 1269.4192
38975999 -19.2492484 1269.3515
38999999 -13.5118595 1275.0491
39023999 -14.3246143 1275.3627
39047999 -12.9751524 1280.7884
39071999 -4.9631661 1281.0453
39095999 -3.7994969 1275.4662
39119999 -4.740546 1275.7105
39143999 -4.5756167 1269.8561
39167999 -7.447999 1270.3632
39191999 -13.3519084 1270.062
39215999 -10.3150635 1270.335
39239999 -14.1937925 1271.3086
39263999 -24.0737293 1272.3977
39287999 -17.9126361 1273.145
39311999 -11.2275345 1273.8856
39335999 -8.6436814 1274.348
39359999 -7.588888 1274.6954
39383999 -7.2498859 1274.8614
39407999 -5.898311 1274.9532
39431999 -3.251927 1268.9857
39455999 -3.558246 1263.2937
39479999 -8.862044 1257.6309
39503999 -10.7442254 1256.8711
39527999 -12.2653827 1257.5117
39551999 -15.6198039 1262.6048
39575999 -9.7073706 1263.1618
39599999 -15.9065497 1264.0338
39623999 -21.316275 1268.7047
39647999 -19.4514157 1268.5943
39671999 -15.2874459 1274.4881
39695999 -13.2006088 1274.3031
39719999 -6.2611671 1274.3001
39743999 -4.0499338 1274.8231
39767999 -1.52233 1274.8653
39791999 2.710098 1269.9552
39815999 -13.613372 1263.8881
39839999 -6.9959819 1263.4701
39863999 -11.7019239 1263.9154
39887999 -15.7729344 1269.6432
39911999 -14.8653274 1269.6032
39935999 -17.1657688 1269.4538
39959999 -16.990243 1269.1608
39983999 -17.392465 1268.9978
40007999 -16.5104118 1268.669
40031999 -15.8982637 1268.5964
40055999 -15.2538318 1273.9835
40079999 -5.8957 1273.9144
40103999 3.94678 1273.6167
40127999 1.252961 1270.7325
40151999 -7.09579 1270.7334
40175999 -13.0760731 1270.4886
40199999 -16.9523224 1270.2404
40223999 -19.3571176 1276.0438
40247999 -19.8822948 1275.7452
40271999 -20.22152333 1275.4454
40295999 -22.4565354 1281.2401
40319999 -15.7478741 1286.9759
40343999 -13.1308266 1287.2508
40367999 -15.11514 1286.9664
40391999 -9.3819269 1286.5036
40415999 -3.128699 1285.9395
40439999 1.57872 1289.856
40463999 -8.335148 1289.6272
40487999 -14.0801773 1295.1138
40511999 -12.6215113 1294.8869
40535999 -13.529587 1294.9618
40559999 -16.2737625 1294.9634
40583999 -19.93909871 1294.6136
40607999 -17.6195008 1300.3413
40631999 -16.5854344 1300.585
40655999 -23.1138193 1300.3891
40679999 -19.5739802 1305.5879
40703999 -15.2849352 1311.1842
40727999 -4.82322 1311.0703
40751999 3.432294 1311.1358
40775999 7.878238 1308.7117
40799999 -2.25939 1308.494
40823999 -9.6788791 1308.2777
40847999 -10.8795847 1308.0513
40871999 -14.5282176 1308.2632
40895999 -20.598531 1308.0693
40919999 -37.8141543 1307.7042
40943999 -18.0662156 1312.1163
40967999 -16.2095131 1312.4744
40991999 -14.7814417 1312.1159
41015999 -10.9145053 1312.1754
41039999 -9.6576632 1312.0677
41063999 -2.648694 1311.9654
41087999 10.216866 1307.0744
41111999 -6.22326 1307.6534
41135999 -7.938993 1307.646
41159999 -12.385804 1307.5972
41183999 -12.5343055 1307.3642
41207999 -15.0790372 1307.5482
41231999 -19.2309041 1313.1623
41255999 -16.1617124 1313.0141
41279999 -19.9339479 1318.801
41303999 -11.7914223 1324.6817
41327999 -9.8256513 1325.0233
41351999 -9.5041401 1330.9737
41375999 -2.72626 1331.0063
41399999 3.756699 1325.2109
41423999 1.368267 1320.5713
41447999 -8.436803 1320.7342
41471999 -11.5894449 1326.4394
41495999 -11.9667314 1326.422
41519999 -13.5056933 1326.2565
41543999 -13.2828387 1326.1806
41567999 -14.0845959 1326.3129
41591999 -20.4440915 1326.3165
41615999 -16.956859 1331.6392
41639999 -18.176788 1332.1239
41663999 -14.9098888 1336.4949
41687999 -6.909191 1337.2554
41711999 -7.801229 1337.0617
41735999 4.980251 1331.5361
41759999 -0.821789000000001 1326.71
41783999 -8.8450038 1326.7031
41807999 -11.6748408 1332.6541
41831999 -11.6793391 1332.5519
41855999 -14.0959399 1332.482
41879999 -12.6058032 1338.4372
41903999 -12.2768303 1338.714
41927999 -15.4368221 1338.6055
41951999 -15.4114881 1338.4438
41975999 -18.021324 1344.2733
41999999 -12.2604854 1350.1976
42023999 -9.8154639 1344.1863
42047999 -8.232874 1344.1987
42071999 -5.621152 1338.4389
42095999 -10.100711 1332.5102
42119999 -12.0031931 1332.0677
42143999 -9.7168487 1332.0383
42167999 -8.1045758 1332.2972
42191999 -10.3960146 1332.7047
42215999 -13.3674163 1338.6841
42239999 -11.309728 1338.9458
42263999 -18.3686978 1339.4404
42287999 -20.0135846 1345.0572
42311999 -27.6727836 1348.0315
42335999 -12.279246 1349.6345
42359999 -13.5774397 1349.9062
42383999 -8.0554441 1356.0241
42407999 -5.5952405 1356.3611
42431999 -1.201866 1356.6509
42455999 -1.217739 1351.3678
42479999 -5.212746 1345.5774
42503999 -14.62693 1340.5379
42527999 -12.178901 1343.6885
42551999 -9.595793 1344.6225
42575999 -13.4578321 1344.7666
42599999 -12.5780801 1344.6268
42623999 -14.0251725 1344.8235
42647999 -16.1642904 1344.7503
42671999 -19.7222247 1344.8836
42695999 -32.7674259 1348.6789
42719999 -13.0496142 1348.64
42743999 -7.3418443 1348.8813
42767999 -3.356132 1348.7043
42791999 1.095138 1348.0851
42815999 -2.09714 1347.2666
42839999 -8.7858429 1347.0222
42863999 -20.4801086 1347.1489
42887999 -20.9149764 1350.454
42911999 -14.276977 1350.7032
42935999 -12.51762565 1350.7966
42959999 -10.8827929 1350.9112
42983999 -10.54446939 1351.1461
43007999 -11.3919758 1351.437
43031999 -15.6640849 1351.7754
43055999 -22.2686278 1351.8652
43079999 -22.0574525 1353.8662
43103999 -8.9806236 1354.5776
43127999 3.034181 1355.0194
43151999 13.322866 1350.1738
43175999 5.530743 1345.8258
43199999 -1.524066 1346.1686
43223999 -8.6307221 1346.3304
43247999 -12.1036903 1346.2893
43271999 -18.1576966 1346.8914
43295999 -33.9626223 1349.6812
43319999 -23.005667 1349.811
43343999 -16.7074245 1349.9418
43367999 -14.2510204 1350.045
43391999 -12.049439 1350.2382
43415999 -13.3525249 1350.479
43439999 -16.1806206 1356.2451
43463999 -8.961047 1362.0745
43487999 -3.870382 1362.4279
43511999 2.973296 1362.3953
43535999 -0.715532 1364.2212
43559999 -5.324315 1364.4427
43583999 -9.1497379 1364.5555
43607999 -14.0972575 1364.8343
43631999 -22.572773 1370.2019
43655999 -22.2545308 1370.0228
43679999 -19.0421817 1375.065
43703999 -15.3291014 1375.3484
43727999 -13.4907217 1375.0808
43751999 -10.4377423 1375.3816
43775999 -12.907332 1375.1875
43799999 -5.533535 1375.0787
43823999 -5.009187 1375.7964
43847999 -4.80572 1375.3076
43871999 -3.628691 1370.0542
43895999 -6.822875 1370.0863
43919999 -8.0376429 1370.2961
43943999 -10.9108669 1370.2979
43967999 -11.9256565 1370.3783
43991999 -17.0116693 1370.5489
44015999 -22.7988916 1376.0043
44039999 -20.3455031 1381.4377
44063999 -14.265959 1387.3345
44087999 -9.4185611 1387.4185
44111999 -6.6744265 1387.5833
44135999 -3.363036 1387.6232
44159999 2.274062 1381.7537
44183999 6.771326 1377.1285
44207999 -12.185237 1377.1601
44231999 -11.2693255 1382.9079
44255999 -12.8073319 1382.7835
44279999 -12.5104557 1382.5381
44303999 -11.3888662 1382.6415
44327999 -13.4397811 1382.8551
44351999 -17.7292462 1382.7306
44375999 -21.0690612 1388.5376
44399999 -19.0670274 1393.7363
44423999 -12.2157848 1393.5646
44447999 -7.7757247 1393.6031
44471999 -3.808074 1393.5013
44495999 9.075248 1392.4434
44519999 -1.387542 1390.3221
44543999 -9.3956552 1390.2759
44567999 -15.8187588 1395.9136
44591999 -16.4373053 1395.6417
44615999 -18.5968064 1401.3174
44639999 -14.7093949 1401.0438
44663999 -12.5447262 1401.1609
44687999 -12.7546646 1401.4529
44711999 -16.7734854 1401.5589
44735999 -18.7984902 1401.3184
44759999 -57.3150853 1405.3972
44783999 -12.8208969 1405.3714
44807999 -5.583617 1405.4998
44831999 3.226975 1405.7951
44855999 19.058258 1406.196
44879999 1.54069 1402.9708
44903999 -3.584379 1403.0823
44927999 -12.1306226 1403.638
44951999 -24.9556193 1403.3298
44975999 -21.5094007 1405.7081
44999999 -13.2503691 1406.7443
45023999 -13.0538732 1407.0528
45047999 -10.7193801 1407.1377
45071999 -10.8802497 1407.603
45095999 -15.1143817 1407.7261
45119999 -16.3959853 1407.5581
45143999 -22.6936747 1408.069
45167999 -16.6250542 1410.8029
45191999 -4.385286 1410.9743
45215999 7.250078 1410.184
45239999 -1.016333 1409.0787
45263999 -6.4347255 1408.7714
45287999 -9.9380996 1409.0265
45311999 -23.9545186 1409.4931
45335999 -19.1283546 1413.4387
45359999 -20.1015344 1413.5686
45383999 -15.8196586 1419.0244
45407999 -10.0658101 1419.3449
45431999 -11.7727346 1419.7433
45455999 -11.4449673 1425.5556
45479999 -8.247468 1425.9403
45503999 -12.159202 1431.3534
45527999 -2.03177 1432.4448
45551999 -4.120797 1432.8285
45575999 -7.3418768 1433.198
45599999 -11.150848 1433.0148
45623999 -9.7858623 1433.0079
45647999 -12.5299188 1433.3437
45671999 -18.0236082 1433.0357
45695999 -20.4983917 1432.9587
45719999 -17.4057413 1437.4454
45743999 -11.606585 1437.9032
45767999 -8.5468699 1437.7603
45791999 -3.69646 1432.0203
45815999 -3.976523 1432.5002
45839999 -6.437915 1426.6086
45863999 -8.5597943 1426.6061
45887999 -10.8156548 1426.9163
45911999 -18.7421707 1432.2251
45935999 -9.6460455 1432.2091
45959999 -12.030166 1432.4223
45983999 -8.3399876 1438.4546
46007999 -7.7583314 1438.7468
46031999 -7.1008335 1438.8607
46055999 -8.4405965 1439.3425
46079999 -15.1579536 1445.3701
46103999 -13.395778 1451.2849
46127999 -12.639226 1456.7259
46151999 -4.005132 1457.1324
46175999 -3.787447 1451.4809
46199999 -4.448162 1451.6442
46223999 -3.989068 1452.1037
46247999 -11.146468 1446.5406
46271999 -16.2586321 1451.7482
46295999 -14.4197322 1451.6687
46319999 -13.5615878 1457.4928
46343999 -9.7645517 1457.8343
46367999 -13.4195922 1458.2568
46391999 -15.3359555 1463.8391
46415999 -12.9791868 1464.0906
46439999 -18.105252 1464.0454
46463999 -17.8185103 1469.2999
46487999 -8.345373 1475.4061
46511999 -4.89866 1469.7096
46535999 -4.317939 1463.6806
46559999 -2.416884 1464.0848
46583999 -3.311052 1464.7232
46607999 -9.298064 1459.0841
46631999 -17.4472411 1464.7621
46655999 -22.2948455 1464.493
46679999 -13.7315815 1469.5326
46703999 -11.5528915 1470.0422
46727999 -10.8420862 1469.9919
46751999 -9.5857371 1470.3797
46775999 -14.8111497 1470.5948
46799999 -14.950838 1476.1816
46823999 -13.3937337 1476.1427
46847999 -12.1679194 1476.0235
46871999 -11.638792 1475.8615
46895999 -6.457257 1475.7208
46919999 -2.292728 1476.2247
46943999 -4.053792 1470.5702
46967999 -7.0858959 1470.7572
46991999 -8.5525479 1470.8752
47015999 -13.2407461 1471.0032
47039999 -14.5457312 1476.7779
47063999 -16.3521454 1476.7533
47087999 -14.7062247 1482.413
47111999 -13.6051324 1482.5357
47135999 -11.8823469 1488.3921
47159999 -9.5331423 1488.6921
47183999 -10.115215 1494.4514
47207999 -1.654224 1494.8705
47231999 -4.243895 1495.8165
47255999 -0.798334999999998 1495.4185
47279999 -5.042053 1489.8125
47303999 -6.78788 1489.9041
47327999 -12.2800002 1490.1473
47351999 -13.0940216 1495.7311
47375999 -12.6141633 1496.1332
47399999 -17.5587092 1501.7554
47423999 -12.9334974 1501.9989
47447999 -26.9683039 1502.558
47471999 -14.6478798 1506.7594
47495999 -9.7780574 1506.9804
47519999 -7.2281175 1507.2529
47543999 -5.399015 1507.1698
47567999 2.761473 1501.3824
47591999 -2.519382 1496.3373
47615999 -7.42198 1496.2401
47639999 -11.2498796 1496.2704
47663999 -11.4959076 1502.2039
47687999 -12.3407644 1502.3942
47711999 -15.9347604 1502.1759
47735999 -13.8161883 1501.9166
47759999 -14.6914247 1502.2301
47783999 -24.0459138 1501.9609
47807999 -17.46714 1507.1384
47831999 -13.4172371 1506.9601
47855999 -8.45868 1507.1475
47879999 -9.911131 1507.05
47903999 9.063826 1507.1951
47927999 -1.918958 1503.4465
47951999 -18.067722 1508.1028
